,GEO_ID,tot_vap,white_alone_vap,any_part_black_vap,any_part_aian_vap,any_part_asian_vap,any_part_nhpi_vap,hispanic_latino_vap,not_hispanic_latino_vap,white_latino_vap,poc_latino_vap,any_part_poc_vap,multiracial_vap,total_housing_units,total_occupied_housing,total_vacant_housing,tot_pop,poc_aian_vap,any_part_black_latino_vap
0,1000000US170310101001000,116,80,26,0,7,0,3,113,0,3,36,3,84,69,15,128,0,0
1,1000000US170310101001001,49,17,21,2,4,0,7,42,0,7,32,2,29,23,6,71,2,0
2,1000000US170310101001002,43,35,3,0,5,0,0,43,0,0,8,0,25,22,3,45,0,0
3,1000000US170310101001003,261,97,94,9,7,0,65,196,0,65,164,11,174,153,21,335,6,4
4,1000000US170310101002000,108,32,61,4,3,0,11,97,0,11,76,7,84,62,22,152,2,1
5,1000000US170310101002001,28,0,26,0,0,0,2,26,0,2,28,0,26,24,2,45,0,0
6,1000000US170310101002002,240,13,209,1,3,1,16,224,0,16,227,6,165,156,9,363,1,3
7,1000000US170310101002003,36,26,5,0,4,0,2,34,0,2,10,2,26,23,3,42,0,0
8,1000000US170310101002004,120,60,45,2,0,0,16,104,0,16,60,2,107,79,28,154,1,1
9,1000000US170310101002005,95,16,75,1,0,0,6,89,0,6,79,1,74,58,16,151,0,2
10,1000000US170310101002006,146,12,119,2,7,1,7,139,0,7,134,5,95,86,9,193,2,0
11,1000000US170310101002007,86,9,71,0,0,0,5,81,0,5,77,0,45,45,0,143,0,0
12,1000000US170310101002008,207,59,125,8,3,0,20,187,0,20,148,11,133,126,7,274,6,2
13,1000000US170310101002009,0,0,0,0,0,0,0,0,0,0,0,0,1,0,1,0,0,0
14,1000000US170310101002010,111,18,60,2,3,2,33,78,0,33,93,4,77,70,7,149,2,3
15,1000000US170310101002011,188,37,103,8,13,1,35,153,0,35,151,7,105,84,21,223,8,3
16,1000000US170310101002012,65,1,62,0,0,0,2,63,0,2,64,0,46,43,3,120,0,0
17,1000000US170310101002013,216,22,173,8,6,0,15,201,0,15,194,10,167,153,14,302,8,1
18,1000000US170310101003000,244,192,21,0,10,0,21,223,0,21,52,3,165,160,5,268,0,0
19,1000000US170310101003001,0,0,0,0,0,0,0,0,0,0,0,0,0,0,0,0,0,0
20,1000000US170310101003002,0,0,0,0,0,0,0,0,0,0,0,0,0,0,0,0,0,0
21,1000000US170310101003003,137,103,23,2,7,0,3,134,0,3,34,4,110,98,12,148,1,0
22,1000000US170310101003004,262,98,110,4,33,1,29,233,0,29,164,17,239,196,43,291,3,5
23,1000000US170310101003005,150,89,40,1,11,0,16,134,0,16,61,7,103,96,7,174,1,5
24,1000000US170310101003006,121,19,82,0,4,0,17,104,0,17,102,1,63,59,4,171,0,1
25,1000000US170310101003007,171,85,70,1,10,0,8,163,0,8,86,4,56,51,5,182,1,0
26,1000000US170310101003008,162,77,64,4,15,0,7,155,0,7,85,11,110,99,11,192,4,1
27,1000000US170310101003009,95,51,19,2,6,0,19,76,0,19,44,4,70,59,11,114,0,1
28,1000000US170310101003010,129,47,53,0,5,0,27,102,0,27,82,5,109,86,23,153,0,2
29,1000000US170310101003011,177,65,76,1,7,0,23,154,0,23,112,3,107,99,8,236,1,1
30,1000000US170310101003012,33,16,8,0,3,0,6,27,0,6,17,3,29,23,6,35,0,0
31,1000000US170310102011000,85,19,35,0,1,0,30,55,0,30,66,5,47,44,3,141,0,0
32,1000000US170310102011001,58,20,30,6,0,0,6,52,0,6,38,4,31,27,4,74,5,0
33,1000000US170310102011002,55,3,37,0,6,0,9,46,0,9,52,1,38,32,6,68,0,0
34,1000000US170310102011003,57,27,24,1,2,0,3,54,0,3,30,2,34,33,1,75,0,0
35,1000000US170310102011004,115,34,66,3,2,1,13,102,0,13,81,5,29,16,13,117,3,1
36,1000000US170310102011005,82,31,33,1,4,0,8,74,0,8,51,4,64,43,21,107,1,0
37,1000000US170310102011006,104,37,36,0,5,0,28,76,0,28,67,8,53,50,3,151,0,3
38,1000000US170310102011007,181,32,110,4,14,0,25,156,0,25,149,4,121,116,5,237,2,2
39,1000000US170310102011008,105,35,24,1,21,2,23,82,0,23,70,5,63,56,7,138,0,0
40,1000000US170310102011009,38,20,8,0,1,0,9,29,0,9,18,1,17,17,0,42,0,0
41,1000000US170310102011010,98,32,26,0,20,0,18,80,0,18,66,0,56,48,8,134,0,0
42,1000000US170310102011011,28,8,3,0,2,0,16,12,0,16,20,4,11,11,0,32,0,1
43,1000000US170310102011012,42,13,1,3,2,0,26,16,0,26,29,3,32,20,12,62,0,0
44,1000000US170310102011013,52,12,28,2,4,0,7,45,0,7,40,1,42,34,8,67,1,0
45,1000000US170310102012000,33,12,10,0,1,0,10,23,0,10,21,0,22,20,2,40,0,0
46,1000000US170310102012001,50,10,8,0,0,0,32,18,0,32,40,0,29,22,7,66,0,0
47,1000000US170310102012002,104,50,40,0,1,2,12,92,0,12,54,4,65,60,5,133,0,1
48,1000000US170310102012003,50,16,22,3,2,0,7,43,0,7,34,0,38,26,12,74,3,0
49,1000000US170310102012004,0,0,0,0,0,0,0,0,0,0,0,0,0,0,0,0,0,0
50,1000000US170310102012005,0,0,0,0,0,0,0,0,0,0,0,0,0,0,0,0,0,0
51,1000000US170310102012006,10,0,5,0,0,0,5,5,0,5,10,0,4,3,1,19,0,0
52,1000000US170310102012007,0,0,0,0,0,0,0,0,0,0,0,0,0,0,0,0,0,0
53,1000000US170310102012008,87,14,45,3,4,0,23,64,0,23,73,5,53,46,7,111,1,1
54,1000000US170310102012009,71,17,50,0,0,0,5,66,0,5,54,1,66,45,21,86,0,1
55,1000000US170310102012010,22,12,6,0,4,0,0,22,0,0,10,4,13,12,1,36,0,0
56,1000000US170310102012011,28,5,20,0,0,0,3,25,0,3,23,0,17,15,2,45,0,0
57,1000000US170310102012012,64,31,16,3,5,0,11,53,0,11,33,2,53,44,9,76,2,0
58,1000000US170310102012013,34,8,10,0,2,1,15,19,0,15,26,2,20,18,2,36,0,1
59,1000000US170310102012014,78,31,33,1,3,0,11,67,0,11,47,4,50,46,4,88,0,1
60,1000000US170310102012015,260,8,41,4,4,1,210,50,0,210,252,12,110,101,9,413,4,3
61,1000000US170310102012016,55,20,22,1,7,0,5,50,0,5,35,2,35,29,6,82,0,0
62,1000000US170310102012017,101,23,65,0,5,0,5,96,0,5,78,3,57,54,3,127,0,1
63,1000000US170310102012018,47,8,23,0,0,0,17,30,0,17,39,1,34,24,10,77,0,1
64,1000000US170310102012019,30,15,13,0,0,0,2,28,0,2,15,0,29,24,5,35,0,0
65,1000000US170310102012020,0,0,0,0,0,0,0,0,0,0,0,0,0,0,0,0,0,0
66,1000000US170310102012021,76,15,54,3,2,2,3,73,0,3,61,7,81,47,34,104,2,1
67,1000000US170310102012022,18,8,5,1,2,0,3,15,0,3,10,1,11,11,0,26,0,0
68,1000000US170310102012023,58,8,28,0,15,0,6,52,0,6,50,2,35,25,10,79,0,0
69,1000000US170310102012024,270,73,105,6,6,3,83,187,0,83,197,10,128,113,15,378,5,1
70,1000000US170310102012025,133,6,20,7,5,0,106,27,0,106,127,9,72,64,8,234,7,0
71,1000000US170310102012026,31,0,4,0,0,0,25,6,0,25,31,0,13,13,0,50,0,0
72,1000000US170310102012027,77,14,49,0,2,0,17,60,0,17,63,1,38,37,1,116,0,5
73,1000000US170310102012028,33,20,11,1,0,0,2,31,0,2,13,1,18,17,1,35,1,0
74,1000000US170310102012029,14,6,6,0,0,0,2,12,0,2,8,0,7,7,0,15,0,0
75,1000000US170310102012030,131,29,67,0,9,1,25,106,0,25,102,1,87,75,12,175,0,1
76,1000000US170310102012031,63,22,33,1,3,0,2,61,0,2,41,4,35,33,2,82,0,0
77,1000000US170310102012032,64,36,15,0,8,0,5,59,0,5,28,0,49,42,7,71,0,0
78,1000000US170310102012033,67,41,19,1,8,0,1,66,0,1,26,6,67,46,21,80,1,0
79,1000000US170310102012034,84,43,28,1,3,0,10,74,0,10,41,0,57,46,11,105,1,0
80,1000000US170310102012035,69,18,43,2,3,0,8,61,0,8,51,4,59,40,19,105,2,3
81,1000000US170310102012036,152,25,82,10,17,1,23,129,0,23,127,8,89,80,9,210,7,1
82,1000000US170310102012037,32,2,0,0,0,0,30,2,0,30,30,0,14,13,1,56,0,0
83,1000000US170310102012038,92,21,35,2,10,4,30,62,0,30,71,7,53,47,6,135,1,0
84,1000000US170310102012039,22,9,8,0,3,0,2,20,0,2,13,1,13,13,0,26,0,0
85,1000000US170310102012040,178,51,67,4,21,1,38,140,0,38,127,3,134,95,39,246,4,2
86,1000000US170310102013000,116,38,57,8,1,0,22,94,0,22,78,7,88,75,13,155,6,2
87,1000000US170310102013001,48,13,24,0,2,0,11,37,0,11,35,1,45,36,9,51,0,2
88,1000000US170310102013002,36,6,1,0,8,0,21,15,0,21,30,0,17,12,5,52,0,0
89,1000000US170310102013003,70,31,12,0,9,0,19,51,0,19,39,1,45,37,8,88,0,1
90,1000000US170310102013004,120,62,14,1,12,0,32,88,0,32,58,3,77,66,11,157,1,0
91,1000000US170310102013005,146,64,12,0,6,0,64,82,0,64,82,7,83,75,8,183,0,0
92,1000000US170310102013006,9,1,0,0,2,0,6,3,0,6,8,1,2,2,0,10,0,0
93,1000000US170310102013007,40,26,13,0,0,0,3,37,0,3,14,2,27,27,0,57,0,2
94,1000000US170310102013008,50,20,5,0,5,0,20,30,0,20,30,0,32,28,4,69,0,0
95,1000000US170310102013009,20,0,5,0,0,0,15,5,0,15,20,0,15,9,6,28,0,0
96,1000000US170310102013010,82,21,30,2,3,0,26,56,0,26,61,2,43,37,6,112,0,0
97,1000000US170310102013011,121,37,37,2,10,0,39,82,0,39,84,1,74,59,15,171,2,2
98,1000000US170310102021000,49,3,45,2,0,0,1,48,0,1,46,4,39,33,6,61,1,1
99,1000000US170310102021001,190,44,123,4,13,4,17,173,0,17,146,9,152,141,11,194,1,4
100,1000000US170310102021002,0,0,0,0,0,0,0,0,0,0,0,0,0,0,0,0,0,0
101,1000000US170310102021003,0,0,0,0,0,0,0,0,0,0,0,0,2,0,2,0,0,0
102,1000000US170310102021004,362,152,113,3,5,0,93,269,0,93,210,11,72,67,5,406,1,2
103,1000000US170310102021005,125,27,12,2,7,0,77,48,0,77,98,1,47,45,2,174,1,1
104,1000000US170310102021006,12,4,4,1,0,0,4,8,0,4,8,1,9,9,0,16,0,0
105,1000000US170310102021007,95,32,44,1,4,0,16,79,0,16,63,3,71,62,9,127,0,0
106,1000000US170310102021008,0,0,0,0,0,0,0,0,0,0,0,0,0,0,0,0,0,0
107,1000000US170310102021009,113,64,27,4,4,1,14,99,0,14,49,5,85,80,5,132,2,1
108,1000000US170310102021010,0,0,0,0,0,0,0,0,0,0,0,0,0,0,0,0,0,0
109,1000000US170310102021011,1,0,1,0,0,0,0,1,0,0,1,0,1,1,0,5,0,0
110,1000000US170310102021012,98,39,14,1,4,0,41,57,0,41,59,1,55,54,1,130,0,0
111,1000000US170310102021013,19,7,3,0,0,0,8,11,0,8,12,3,18,16,2,20,0,0
112,1000000US170310102022000,24,15,9,0,0,0,0,24,0,0,9,0,16,14,2,33,0,0
113,1000000US170310102022001,70,38,11,3,6,0,16,54,0,16,32,5,43,41,2,78,1,0
114,1000000US170310102022002,1,0,1,0,0,0,0,1,0,0,1,0,1,1,0,1,0,0
115,1000000US170310102022003,48,29,11,0,4,0,3,45,0,3,19,0,34,24,10,68,0,0
116,1000000US170310102022004,164,48,56,6,8,0,50,114,0,50,116,6,101,88,13,219,6,1
117,1000000US170310102022005,104,30,53,1,0,0,23,81,0,23,74,8,57,51,6,205,1,2
118,1000000US170310102022006,106,69,21,1,9,1,8,98,0,8,37,3,66,59,7,129,1,0
119,1000000US170310102022007,342,74,165,9,42,3,63,279,0,63,268,12,201,191,10,446,7,3
120,1000000US170310102022008,59,28,7,1,2,0,21,38,0,21,31,0,32,31,1,84,1,0
121,1000000US170310102022009,86,28,40,3,1,0,18,68,0,18,58,3,46,45,1,122,1,3
122,1000000US170310102022010,127,40,43,1,0,0,43,84,0,43,87,2,70,62,8,168,1,0
123,1000000US170310103001000,245,185,28,2,8,1,22,223,0,22,60,4,264,163,101,266,0,0
124,1000000US170310103001001,40,28,3,0,2,0,7,33,0,7,12,0,24,22,2,46,0,0
125,1000000US170310103001002,25,16,8,0,0,0,1,24,0,1,9,0,15,15,0,31,0,0
126,1000000US170310103001003,99,61,31,1,2,0,6,93,0,6,38,2,0,0,0,99,1,1
127,1000000US170310103001004,106,72,15,2,7,0,11,95,0,11,34,5,89,79,10,114,0,0
128,1000000US170310103001005,69,31,28,0,6,0,3,66,0,3,38,2,40,38,2,90,0,0
129,1000000US170310103001006,142,110,17,2,5,0,8,134,0,8,32,2,102,91,11,158,1,0
130,1000000US170310103001007,111,29,76,3,0,0,5,106,0,5,82,0,60,58,2,143,3,1
131,1000000US170310103002000,254,176,44,0,13,0,21,233,0,21,78,9,197,183,14,275,0,0
132,1000000US170310103002001,76,63,7,0,5,0,1,75,0,1,13,2,57,52,5,86,0,0
133,1000000US170310103002002,121,37,55,0,11,0,18,103,0,18,84,6,70,64,6,159,0,0
134,1000000US170310103002003,0,0,0,0,0,0,0,0,0,0,0,0,0,0,0,0,0,0
135,1000000US170310103002004,107,26,33,0,0,0,49,58,0,49,81,0,73,66,7,149,0,1
136,1000000US170310103002005,95,4,10,0,3,0,78,17,0,78,91,0,37,36,1,136,0,0
137,1000000US170310103002006,28,11,15,0,0,0,2,26,0,2,17,0,15,14,1,38,0,0
138,1000000US170310103002007,0,0,0,0,0,0,0,0,0,0,0,0,0,0,0,0,0,0
139,1000000US170310103002008,0,0,0,0,0,0,0,0,0,0,0,0,0,0,0,0,0,0
140,1000000US170310103002009,174,115,40,4,2,0,17,157,0,17,59,4,33,29,4,184,1,2
141,1000000US170310103002010,90,9,59,0,4,4,19,71,0,19,81,4,0,0,0,90,0,2
142,1000000US170310103002011,171,68,63,2,2,0,36,135,0,36,103,1,126,115,11,196,2,0
143,1000000US170310103002012,218,142,57,1,8,2,11,207,0,11,76,8,31,29,2,233,1,1
144,1000000US170310103002013,116,58,36,1,7,0,14,102,0,14,58,9,60,59,1,145,1,0
145,1000000US170310103002014,72,36,27,0,1,0,11,61,0,11,36,2,45,40,5,90,0,3
146,1000000US170310103002015,261,130,76,5,14,0,42,219,0,42,131,9,151,118,33,299,2,4
147,1000000US170310103002016,74,45,21,1,3,0,4,70,0,4,29,1,73,53,20,93,1,0
148,1000000US170310103002017,3,0,0,0,2,0,1,2,0,1,3,0,0,0,0,6,0,0
149,1000000US170310103003000,581,368,128,9,32,2,51,530,0,51,213,17,492,431,61,647,2,6
150,1000000US170310103003001,59,32,19,2,1,0,5,54,0,5,27,2,55,52,3,68,2,0
151,1000000US170310103003002,181,71,86,1,9,4,22,159,0,22,110,17,128,113,15,222,0,5
152,1000000US170310103003003,126,45,50,2,15,0,20,106,0,20,81,5,85,74,11,170,1,5
153,1000000US170310103003004,46,26,14,1,4,1,1,45,0,1,20,2,32,32,0,53,1,0
154,1000000US170310103003005,198,91,79,1,10,13,9,189,0,9,107,4,1,1,0,198,0,1
155,1000000US170310103003006,37,22,9,0,3,0,3,34,0,3,15,2,31,26,5,39,0,0
156,1000000US170310103003007,206,44,75,3,56,2,38,168,0,38,162,11,116,108,8,253,1,4
157,1000000US170310103004000,64,45,2,1,5,0,12,52,0,12,19,2,41,37,4,84,0,0
158,1000000US170310103004001,149,97,23,1,6,2,21,128,0,21,52,6,111,100,11,181,0,0
159,1000000US170310103004002,29,18,2,1,0,0,8,21,0,8,11,0,24,20,4,29,1,0
160,1000000US170310103004003,23,9,7,0,0,0,10,13,0,10,14,3,12,11,1,32,0,3
161,1000000US170310103004004,166,13,45,0,0,0,108,58,0,108,153,0,92,79,13,220,0,0
162,1000000US170310103004005,0,0,0,0,0,0,0,0,0,0,0,0,0,0,0,0,0,0
163,1000000US170310103004006,52,36,6,0,4,1,7,45,0,7,16,2,32,29,3,65,0,2
164,1000000US170310103004007,195,57,53,2,49,1,35,160,0,35,138,4,114,102,12,272,2,0
165,1000000US170310103004008,38,16,16,0,1,0,6,32,0,6,22,1,24,24,0,45,0,1
166,1000000US170310103004009,14,4,10,0,0,0,0,14,0,0,10,1,11,10,1,14,0,0
167,1000000US170310103004010,85,45,14,0,2,0,24,61,0,24,40,3,62,52,10,108,0,0
168,1000000US170310103004011,87,50,23,0,6,1,8,79,0,8,37,1,66,60,6,109,0,0
169,1000000US170310103004012,73,32,17,0,17,0,7,66,0,7,41,2,44,36,8,85,0,0
170,1000000US170310103004013,61,12,17,0,0,0,33,28,0,33,49,1,23,23,0,88,0,1
171,1000000US170310103004014,118,61,49,0,3,1,5,113,0,5,57,2,96,82,14,128,0,2
172,1000000US170310104001000,113,70,29,0,12,0,3,110,0,3,43,1,82,74,8,136,0,1
173,1000000US170310104001001,116,44,28,2,38,0,9,107,0,9,72,5,66,60,6,140,2,1
174,1000000US170310104001002,386,134,143,8,63,0,46,340,0,46,252,25,304,277,27,444,6,2
175,1000000US170310104001003,281,225,19,2,14,0,24,257,0,24,56,2,194,173,21,304,2,0
176,1000000US170310104001004,217,141,42,2,13,0,27,190,0,27,76,8,169,145,24,251,1,4
177,1000000US170310104001005,4,4,0,0,0,0,0,4,0,0,0,0,3,3,0,4,0,0
178,1000000US170310104001006,160,106,37,3,8,0,6,154,0,6,54,6,107,99,8,186,1,1
179,1000000US170310104002000,0,0,0,0,0,0,0,0,0,0,0,0,0,0,0,0,0,0
180,1000000US170310104002001,118,72,29,5,8,0,10,108,0,10,46,5,82,73,9,142,3,2
181,1000000US170310104002002,110,89,5,0,8,0,9,101,0,9,21,5,86,78,8,120,0,1
182,1000000US170310104002003,0,0,0,0,0,0,0,0,0,0,0,0,0,0,0,0,0,0
183,1000000US170310104002004,178,103,35,3,21,5,14,164,0,14,75,6,118,111,7,202,1,1
184,1000000US170310104002005,119,73,22,4,9,1,9,110,0,9,46,6,73,65,8,136,3,0
185,1000000US170310104002006,99,41,38,1,10,0,12,87,0,12,58,3,66,65,1,124,1,2
186,1000000US170310104002007,97,65,10,5,10,0,11,86,0,11,32,7,53,50,3,109,1,0
187,1000000US170310104003000,0,0,0,0,0,0,0,0,0,0,0,0,0,0,0,0,0,0
188,1000000US170310104003001,5,5,0,0,0,0,0,5,0,0,0,0,3,3,0,5,0,0
189,1000000US170310104003002,28,26,0,0,2,0,0,28,0,0,2,0,14,14,0,52,0,0
190,1000000US170310104003003,267,192,19,2,26,0,32,235,0,32,75,9,66,65,1,268,1,2
191,1000000US170310104003004,190,164,14,2,6,0,6,184,0,6,26,4,139,125,14,200,2,1
192,1000000US170310104003005,0,0,0,0,0,0,0,0,0,0,0,0,0,0,0,0,0,0
193,1000000US170310104003006,803,595,39,3,109,2,65,738,0,65,208,28,117,111,6,812,1,4
194,1000000US170310104003007,0,0,0,0,0,0,0,0,0,0,0,0,0,0,0,0,0,0
195,1000000US170310104003008,165,108,7,0,20,0,31,134,0,31,57,5,0,0,0,165,0,1
196,1000000US170310104003009,180,36,55,0,69,0,21,159,0,21,144,11,126,113,13,218,0,1
197,1000000US170310104003010,119,60,25,0,18,0,17,102,0,17,59,5,82,76,6,128,0,1
198,1000000US170310104003011,284,168,64,13,19,0,37,247,0,37,116,20,210,182,28,304,5,8
199,1000000US170310104003012,17,17,0,0,0,0,0,17,0,0,0,0,7,7,0,20,0,0
200,1000000US170310104003013,28,22,4,0,1,0,1,27,0,1,6,0,18,14,4,28,0,0
201,1000000US170310104003014,539,377,42,6,87,0,39,500,0,39,162,20,126,115,11,544,3,4
202,1000000US170310104003015,0,0,0,0,0,0,0,0,0,0,0,0,0,0,0,0,0,0
203,1000000US170310105011000,132,75,39,3,10,0,8,124,0,8,57,7,95,81,14,161,1,2
204,1000000US170310105011001,219,122,54,4,28,0,13,206,0,13,97,16,147,135,12,249,0,1
205,1000000US170310105011002,157,76,49,3,7,0,24,133,0,24,81,6,170,118,52,172,1,3
206,1000000US170310105011003,257,144,73,6,18,0,23,234,0,23,113,11,186,168,18,289,3,3
207,1000000US170310105012000,161,63,39,1,45,0,11,150,0,11,98,7,123,103,20,178,1,0
208,1000000US170310105012001,129,58,39,2,16,1,16,113,0,16,71,5,89,81,8,145,1,3
209,1000000US170310105012002,148,21,99,1,6,0,24,124,0,24,127,4,105,95,10,182,1,4
210,1000000US170310105012003,85,43,26,0,7,0,8,77,0,8,42,1,74,63,11,91,0,0
211,1000000US170310105012004,176,95,38,2,13,1,32,144,0,32,81,5,125,121,4,200,2,1
212,1000000US170310105012005,449,105,207,8,88,2,45,404,0,45,344,9,264,251,13,608,6,5
213,1000000US170310105012006,173,52,100,1,13,0,9,164,0,9,121,5,128,116,12,206,0,1
214,1000000US170310105012007,192,115,24,4,21,0,30,162,0,30,77,4,148,122,26,218,2,0
215,1000000US170310105012008,64,43,15,0,5,0,3,61,0,3,21,2,35,33,2,69,0,0
216,1000000US170310105013000,220,74,94,4,7,0,43,177,0,43,146,7,200,155,45,260,0,2
217,1000000US170310105013001,94,44,34,3,1,1,12,82,0,12,50,5,63,57,6,119,2,0
218,1000000US170310105013002,74,54,4,1,11,0,7,67,0,7,20,5,46,46,0,82,1,0
219,1000000US170310105013003,213,170,11,2,20,0,12,201,0,12,43,2,173,172,1,214,1,0
220,1000000US170310105013004,122,58,34,1,17,0,13,109,0,13,64,6,110,92,18,130,0,1
221,1000000US170310105013005,73,42,19,2,8,0,4,69,0,4,31,4,73,60,13,76,1,0
222,1000000US170310105013006,60,19,8,5,2,0,33,27,0,33,41,5,34,29,5,72,5,1
223,1000000US170310105013007,146,78,47,1,7,0,15,131,0,15,68,4,114,101,13,164,0,2
224,1000000US170310105013008,51,27,9,2,4,0,11,40,0,11,24,1,30,28,2,55,2,0
225,1000000US170310105013009,66,38,15,0,0,0,10,56,0,10,28,2,37,34,3,74,0,0
226,1000000US170310105013010,68,40,15,4,2,0,12,56,0,12,28,7,32,32,0,77,3,1
227,1000000US170310105021000,190,56,67,10,23,0,44,146,0,44,134,6,145,116,29,241,4,1
228,1000000US170310105021001,78,66,5,0,3,0,5,73,0,5,12,0,40,33,7,84,0,1
229,1000000US170310105021002,57,33,7,1,3,0,14,43,0,14,24,6,31,24,7,62,1,0
230,1000000US170310105021003,47,36,5,0,2,0,4,43,0,4,11,0,31,28,3,53,0,0
231,1000000US170310105021004,124,37,65,1,6,0,17,107,0,17,87,6,83,81,2,140,1,3
232,1000000US170310105021005,124,86,22,1,10,0,16,108,0,16,38,4,62,57,5,135,0,10
233,1000000US170310105021006,203,115,59,1,18,0,11,192,0,11,88,5,222,104,118,233,1,1
234,1000000US170310105021007,78,58,6,0,9,0,6,72,0,6,20,2,53,48,5,83,0,1
235,1000000US170310105021008,72,60,8,0,1,0,3,69,0,3,12,0,47,46,1,81,0,0
236,1000000US170310105021009,69,57,0,0,2,1,9,60,0,9,12,2,44,41,3,74,0,0
237,1000000US170310105021010,0,0,0,0,0,0,0,0,0,0,0,0,0,0,0,0,0,0
238,1000000US170310105021011,0,0,0,0,0,0,0,0,0,0,0,0,0,0,0,0,0,0
239,1000000US170310105021012,138,92,26,0,7,0,13,125,0,13,46,4,86,82,4,148,0,0
240,1000000US170310105022000,327,138,86,2,76,0,27,300,0,27,189,16,216,196,20,392,2,1
241,1000000US170310105022001,204,105,68,3,17,1,16,188,0,16,99,7,181,149,32,227,1,2
242,1000000US170310105022002,128,86,13,11,10,0,19,109,0,19,42,3,77,73,4,149,11,0
243,1000000US170310105022003,104,69,19,1,4,0,14,90,0,14,35,1,71,63,8,138,1,2
244,1000000US170310105022004,83,54,10,0,5,1,13,70,0,13,29,2,47,46,1,96,0,1
245,1000000US170310105022005,190,99,62,4,9,0,20,170,0,20,91,8,179,161,18,204,1,1
246,1000000US170310105022006,57,44,7,1,3,0,2,55,0,2,13,0,41,36,5,70,1,0
247,1000000US170310105022007,132,74,43,0,8,0,8,124,0,8,58,4,108,104,4,149,0,1
248,1000000US170310105022008,106,43,46,0,8,0,7,99,0,7,63,0,93,84,9,110,0,1
249,1000000US170310105022009,134,105,10,2,9,1,8,126,0,8,29,2,60,57,3,146,2,0
250,1000000US170310105022010,80,48,19,2,4,0,8,72,0,8,32,2,61,55,6,86,2,1
251,1000000US170310105031000,152,99,20,4,14,0,16,136,0,16,53,2,152,107,45,155,3,0
252,1000000US170310105031001,15,13,0,0,0,1,1,14,0,1,2,0,6,6,0,15,0,0
253,1000000US170310105031002,71,55,4,0,1,0,11,60,0,11,16,3,20,20,0,73,0,0
254,1000000US170310105031003,38,17,3,0,9,0,9,29,0,9,21,0,17,16,1,41,0,0
255,1000000US170310105031004,48,34,2,0,9,0,3,45,0,3,14,0,27,24,3,57,0,0
256,1000000US170310105031005,83,52,3,4,11,0,16,67,0,16,31,4,44,38,6,101,2,1
257,1000000US170310105031006,489,226,74,13,176,0,12,477,0,12,263,21,450,398,52,490,9,3
258,1000000US170310105031007,46,33,0,1,12,0,0,46,0,0,13,1,25,22,3,47,1,0
259,1000000US170310105031008,57,37,6,0,8,0,7,50,0,7,20,0,34,31,3,66,0,1
260,1000000US170310105031009,65,43,5,0,6,0,11,54,0,11,22,0,32,29,3,71,0,0
261,1000000US170310105031010,77,61,2,0,13,0,1,76,0,1,16,2,29,28,1,83,0,0
262,1000000US170310105031011,81,59,11,0,0,0,11,70,0,11,22,0,35,32,3,84,0,0
263,1000000US170310105031012,0,0,0,0,0,0,0,0,0,0,0,0,0,0,0,0,0,0
264,1000000US170310105031013,75,43,12,0,6,0,14,61,0,14,32,2,40,34,6,84,0,0
265,1000000US170310105031014,39,17,6,6,3,0,13,26,0,13,22,4,18,18,0,47,5,0
266,1000000US170310105031015,40,11,19,0,3,0,7,33,0,7,29,3,22,20,2,52,0,0
267,1000000US170310105031016,14,4,0,0,5,0,5,9,0,5,10,0,18,6,12,16,0,0
268,1000000US170310105032000,0,0,0,0,0,0,0,0,0,0,0,0,0,0,0,0,0,0
269,1000000US170310105032001,0,0,0,0,0,0,0,0,0,0,0,0,0,0,0,0,0,0
270,1000000US170310105032002,0,0,0,0,0,0,0,0,0,0,0,0,0,0,0,0,0,0
271,1000000US170310105032003,73,46,19,1,5,0,2,71,0,2,27,5,40,34,6,74,1,0
272,1000000US170310105032004,67,42,10,1,7,0,8,59,0,8,25,3,39,35,4,73,0,1
273,1000000US170310105032005,58,49,6,1,1,0,1,57,0,1,9,0,24,24,0,60,1,0
274,1000000US170310105032006,156,90,40,4,13,0,12,144,0,12,66,5,131,122,9,169,0,0
275,1000000US170310105032007,222,151,26,4,14,0,33,189,0,33,71,11,56,44,12,227,3,2
276,1000000US170310105032008,0,0,0,0,0,0,0,0,0,0,0,0,0,0,0,0,0,0
277,1000000US170310105032009,90,26,32,6,19,4,13,77,0,13,64,15,64,59,5,105,0,2
278,1000000US170310105032010,0,0,0,0,0,0,0,0,0,0,0,0,0,0,0,0,0,0
279,1000000US170310105032011,71,55,0,1,14,0,2,69,0,2,16,2,28,25,3,71,1,0
280,1000000US170310105032012,21,19,0,0,1,0,1,20,0,1,2,0,13,12,1,29,0,0
281,1000000US170310106001000,0,0,0,0,0,0,0,0,0,0,0,0,0,0,0,0,0,0
282,1000000US170310106001001,0,0,0,0,0,0,0,0,0,0,0,0,0,0,0,0,0,0
283,1000000US170310106001002,0,0,0,0,0,0,0,0,0,0,0,0,0,0,0,0,0,0
284,1000000US170310106001003,191,120,45,0,7,0,19,172,0,19,71,1,147,128,19,215,0,0
285,1000000US170310106001004,154,91,47,2,1,0,17,137,0,17,63,4,111,103,8,166,1,2
286,1000000US170310106001005,77,26,40,2,4,0,9,68,0,9,51,5,57,50,7,94,0,3
287,1000000US170310106001006,106,30,53,2,7,0,18,88,0,18,76,4,59,58,1,135,1,1
288,1000000US170310106001007,61,47,6,1,2,0,5,56,0,5,14,1,39,38,1,73,0,0
289,1000000US170310106001008,88,42,31,2,6,0,11,77,0,11,46,5,68,61,7,104,1,2
290,1000000US170310106001009,223,84,90,0,16,0,34,189,0,34,139,15,141,134,7,273,0,0
291,1000000US170310106001010,135,74,32,2,12,0,18,117,0,18,61,2,93,90,3,160,2,1
292,1000000US170310106001011,65,29,18,0,12,0,8,57,0,8,36,0,29,29,0,82,0,2
293,1000000US170310106001012,33,21,9,0,1,0,3,30,0,3,12,1,23,20,3,45,0,1
294,1000000US170310106001013,25,16,3,0,3,0,3,22,0,3,9,0,17,15,2,26,0,0
295,1000000US170310106001014,64,41,15,0,0,0,9,55,0,9,23,0,42,39,3,78,0,1
296,1000000US170310106001015,39,26,5,0,5,1,2,37,0,2,13,0,24,21,3,52,0,0
297,1000000US170310106001016,52,24,27,3,0,0,3,49,0,3,28,2,29,25,4,72,1,3
298,1000000US170310106001017,32,11,2,0,0,0,19,13,0,19,21,0,20,13,7,45,0,0
299,1000000US170310106001018,14,14,0,0,0,0,0,14,0,0,0,0,9,8,1,20,0,0
300,1000000US170310106001019,100,45,29,2,4,0,19,81,0,19,55,3,71,69,2,113,1,1
301,1000000US170310106001020,69,37,23,0,3,0,6,63,0,6,32,1,39,36,3,91,0,0
302,1000000US170310106001021,41,30,5,0,5,0,1,40,0,1,11,2,24,23,1,47,0,0
303,1000000US170310106001022,0,0,0,0,0,0,0,0,0,0,0,0,0,0,0,0,0,0
304,1000000US170310106002000,0,0,0,0,0,0,0,0,0,0,0,0,0,0,0,0,0,0
305,1000000US170310106002001,153,30,67,1,28,0,30,123,0,30,123,3,77,74,3,187,0,1
306,1000000US170310106002002,47,30,4,0,2,0,11,36,0,11,17,0,27,27,0,59,0,0
307,1000000US170310106002003,49,33,10,0,4,0,4,45,0,4,16,0,20,20,0,64,0,2
308,1000000US170310106002004,61,35,19,0,4,0,4,57,0,4,26,1,34,31,3,70,0,1
309,1000000US170310106002005,235,128,47,4,12,0,45,190,0,45,107,13,140,130,10,292,1,0
310,1000000US170310106002006,178,75,86,4,1,0,12,166,0,12,103,4,12,12,0,180,3,0
311,1000000US170310106002007,0,0,0,0,0,0,0,0,0,0,0,0,0,0,0,0,0,0
312,1000000US170310106002008,0,0,0,0,0,0,0,0,0,0,0,0,0,0,0,0,0,0
313,1000000US170310106003000,144,110,17,2,3,0,15,129,0,15,34,3,95,91,4,163,1,1
314,1000000US170310106003001,150,82,24,0,8,0,42,108,0,42,68,6,97,95,2,183,0,4
315,1000000US170310106003002,113,84,10,2,5,0,12,101,0,12,29,4,56,54,2,136,2,0
316,1000000US170310106003003,114,55,27,3,9,1,24,90,0,24,59,7,69,66,3,157,2,2
317,1000000US170310106003004,101,80,2,2,10,0,10,91,0,10,21,2,63,60,3,119,2,0
318,1000000US170310106003005,91,67,14,1,8,0,2,89,0,2,24,2,52,49,3,102,0,0
319,1000000US170310106003006,137,96,20,0,7,0,17,120,0,17,41,5,96,76,20,149,0,1
320,1000000US170310106003007,225,149,41,3,8,0,27,198,0,27,76,7,145,142,3,256,2,2
321,1000000US170310106003008,123,80,23,3,9,0,11,112,0,11,43,5,89,80,9,145,2,0
322,1000000US170310106003009,176,110,30,0,21,0,15,161,0,15,66,4,109,106,3,213,0,0
323,1000000US170310106003010,92,57,28,2,1,0,7,85,0,7,35,3,59,55,4,111,0,1
324,1000000US170310106003011,147,69,42,2,24,0,13,134,0,13,78,4,95,83,12,164,1,3
325,1000000US170310106003012,0,0,0,0,0,0,0,0,0,0,0,0,0,0,0,0,0,0
326,1000000US170310106004000,0,0,0,0,0,0,0,0,0,0,0,0,0,0,0,0,0,0
327,1000000US170310106004001,0,0,0,0,0,0,0,0,0,0,0,0,0,0,0,0,0,0
328,1000000US170310106004002,111,90,5,0,4,0,11,100,0,11,21,1,95,78,17,118,0,0
329,1000000US170310106004003,7,4,0,0,3,0,0,7,0,0,3,0,4,4,0,9,0,0
330,1000000US170310106004004,40,23,15,0,1,0,2,38,0,2,17,0,26,25,1,44,0,1
331,1000000US170310106004005,0,0,0,0,0,0,0,0,0,0,0,0,0,0,0,0,0,0
332,1000000US170310106004006,0,0,0,0,0,0,0,0,0,0,0,0,0,0,0,0,0,0
333,1000000US170310106004007,195,73,50,4,21,0,48,147,0,48,122,7,158,134,24,231,3,1
334,1000000US170310106004008,96,67,10,3,5,0,12,84,0,12,29,3,74,57,17,101,0,0
335,1000000US170310106004009,108,68,15,4,10,1,14,94,0,14,40,6,76,64,12,130,3,0
336,1000000US170310106004010,134,30,39,2,4,0,58,76,0,58,104,0,78,60,18,199,2,0
337,1000000US170310106004011,143,63,66,0,6,0,11,132,0,11,80,3,109,103,6,145,0,3
338,1000000US170310106004012,45,26,14,1,3,0,1,44,0,1,19,3,30,25,5,46,1,0
339,1000000US170310106004013,62,12,6,0,0,0,44,18,0,44,50,0,41,35,6,90,0,0
340,1000000US170310106004014,271,53,79,1,23,0,118,153,0,118,218,4,159,147,12,343,1,3
341,1000000US170310107011000,0,0,0,0,0,0,0,0,0,0,0,0,0,0,0,0,0,0
342,1000000US170310107011001,39,19,0,0,0,0,20,19,0,20,20,0,19,19,0,47,0,0
343,1000000US170310107011002,152,65,28,7,3,0,51,101,0,51,87,8,102,95,7,196,1,0
344,1000000US170310107011003,40,26,3,0,1,0,10,30,0,10,14,0,27,25,2,43,0,0
345,1000000US170310107011004,150,50,23,1,12,4,66,84,0,66,100,11,67,65,2,188,1,3
346,1000000US170310107011005,36,29,4,0,0,0,3,33,0,3,7,0,21,20,1,41,0,0
347,1000000US170310107011006,0,0,0,0,0,0,0,0,0,0,0,0,0,0,0,0,0,0
348,1000000US170310107011007,0,0,0,0,0,0,0,0,0,0,0,0,0,0,0,0,0,0
349,1000000US170310107011008,44,23,5,0,2,0,14,30,0,14,21,0,30,26,4,63,0,0
350,1000000US170310107011009,159,52,25,1,2,3,80,79,0,80,107,9,93,84,9,237,0,2
351,1000000US170310107011010,96,51,30,4,11,0,7,89,0,7,45,6,67,62,5,115,3,2
352,1000000US170310107011011,71,11,13,0,18,0,29,42,0,29,60,0,36,34,2,94,0,0
353,1000000US170310107011012,39,23,8,0,3,0,6,33,0,6,16,1,23,22,1,59,0,0
354,1000000US170310107011013,38,30,1,0,0,0,7,31,0,7,8,0,20,19,1,45,0,0
355,1000000US170310107011014,89,28,31,0,2,0,29,60,0,29,61,7,60,56,4,112,0,1
356,1000000US170310107011015,31,20,3,0,0,0,8,23,0,8,11,0,14,14,0,44,0,0
357,1000000US170310107011016,174,24,40,0,8,0,102,72,0,102,150,6,70,64,6,243,0,0
358,1000000US170310107011017,78,12,27,3,12,0,27,51,0,27,66,1,43,40,3,109,3,0
359,1000000US170310107012000,183,59,35,2,19,0,75,108,0,75,124,8,97,85,12,257,0,4
360,1000000US170310107012001,113,29,41,0,5,0,39,74,0,39,84,0,64,59,5,148,0,1
361,1000000US170310107012002,85,18,34,1,5,0,27,58,0,27,67,2,41,39,2,120,1,0
362,1000000US170310107012003,143,11,64,2,0,0,70,73,0,70,132,3,69,67,2,230,1,2
363,1000000US170310107012004,94,53,20,2,4,2,15,79,0,15,41,4,50,45,5,124,0,0
364,1000000US170310107012005,96,66,7,0,4,0,21,75,0,21,30,2,65,58,7,125,0,1
365,1000000US170310107012006,102,54,18,0,18,0,9,93,0,9,48,4,68,63,5,123,0,0
366,1000000US170310107012007,101,33,15,0,3,0,53,48,0,53,68,3,54,49,5,148,0,3
367,1000000US170310107012008,24,17,3,0,0,0,3,21,0,3,7,1,17,15,2,36,0,0
368,1000000US170310107012009,41,16,2,1,0,0,22,19,0,22,25,0,22,21,1,64,1,0
369,1000000US170310107012010,206,125,7,1,35,0,41,165,0,41,81,7,115,112,3,237,0,1
370,1000000US170310107012011,37,29,5,0,0,0,4,33,0,4,8,0,23,21,2,46,0,1
371,1000000US170310107012012,43,39,0,0,1,0,3,40,0,3,4,0,28,28,0,54,0,0
372,1000000US170310107012013,78,54,10,0,5,0,10,68,0,10,24,0,60,53,7,88,0,1
373,1000000US170310107012014,17,14,0,0,1,0,2,15,0,2,3,0,10,10,0,22,0,0
374,1000000US170310107012015,136,23,60,3,0,0,57,79,0,57,113,6,75,72,3,194,3,4
375,1000000US170310107012016,32,8,16,0,8,0,0,32,0,0,24,0,15,15,0,41,0,0
376,1000000US170310107012017,48,20,11,3,3,0,14,34,0,14,28,3,32,30,2,68,3,0
377,1000000US170310107012018,87,55,5,1,11,0,15,72,0,15,32,0,53,48,5,103,1,0
378,1000000US170310107021000,144,80,37,2,11,0,18,126,0,18,64,2,92,90,2,176,2,3
379,1000000US170310107021001,77,10,33,0,8,0,30,47,0,30,67,4,59,41,18,132,0,3
380,1000000US170310107021002,10,0,0,0,0,0,10,0,0,10,10,0,2,2,0,10,0,0
381,1000000US170310107021003,55,11,0,0,1,0,43,12,0,43,44,0,28,21,7,84,0,0
382,1000000US170310107021004,42,0,2,0,4,0,37,5,0,37,42,2,35,17,18,70,0,1
383,1000000US170310107021005,179,71,45,1,21,0,42,137,0,42,108,11,114,94,20,223,0,1
384,1000000US170310107021006,227,95,60,7,18,0,51,176,0,51,132,10,134,131,3,295,5,0
385,1000000US170310107021007,66,40,9,0,3,0,16,50,0,16,26,1,40,38,2,81,0,1
386,1000000US170310107021008,12,0,1,0,0,0,11,1,0,11,12,0,8,8,0,22,0,0
387,1000000US170310107021009,9,0,0,0,0,0,9,0,0,9,9,0,9,6,3,11,0,0
388,1000000US170310107021010,13,1,0,0,0,0,12,1,0,12,12,0,5,5,0,13,0,0
389,1000000US170310107021011,126,22,43,3,2,0,59,67,0,59,104,13,46,46,0,207,1,0
390,1000000US170310107021012,155,24,39,0,5,0,90,65,0,90,131,7,75,68,7,248,0,3
391,1000000US170310107022000,206,50,75,6,12,1,64,142,0,64,156,16,131,113,18,257,5,0
392,1000000US170310107022001,107,55,24,2,4,0,23,84,0,23,52,0,81,67,14,123,2,1
393,1000000US170310107022002,2,1,0,0,0,0,1,1,0,1,1,0,0,0,0,2,0,0
394,1000000US170310107022003,51,5,2,0,0,0,44,7,0,44,46,0,26,22,4,78,0,0
395,1000000US170310107022004,54,1,0,0,0,0,53,1,0,53,53,4,23,23,0,89,0,0
396,1000000US170310107022005,0,0,0,0,0,0,0,0,0,0,0,0,0,0,0,0,0,0
397,1000000US170310107022006,6,6,0,0,0,0,0,6,0,0,0,0,5,5,0,6,0,0
398,1000000US170310107022007,34,19,6,2,4,0,6,28,0,6,15,1,21,19,2,41,2,1
399,1000000US170310107022008,183,31,32,3,1,1,119,64,0,119,152,22,93,84,9,282,3,1
400,1000000US170310107022009,131,21,13,3,2,0,98,33,0,98,110,8,75,71,4,204,3,5
401,1000000US170310107023000,75,29,32,1,6,0,8,67,0,8,46,2,63,53,10,83,1,0
402,1000000US170310107023001,276,121,37,5,22,0,97,179,0,97,155,16,177,164,13,337,0,2
403,1000000US170310107023002,52,16,7,0,2,0,28,24,0,28,36,1,25,22,3,66,0,1
404,1000000US170310107023003,69,8,10,5,6,0,49,20,0,49,61,4,32,30,2,107,1,1
405,1000000US170310107023004,76,16,23,0,20,0,18,58,0,18,60,2,28,28,0,103,0,1
406,1000000US170310107023005,6,6,0,0,0,0,0,6,0,0,0,0,1,1,0,7,0,0
407,1000000US170310107023006,203,78,33,2,16,0,78,125,0,78,125,7,136,105,31,265,0,3
408,1000000US170310107023007,129,53,47,4,5,0,28,101,0,28,76,7,90,74,16,158,4,4
409,1000000US170310107023008,292,31,51,4,65,0,150,142,0,150,261,26,116,111,5,416,0,0
410,1000000US170310107023009,53,10,0,3,0,0,43,10,0,43,43,0,18,18,0,69,3,0
411,1000000US170310107024000,182,69,71,4,6,1,35,147,0,35,113,5,104,101,3,235,3,0
412,1000000US170310107024001,96,14,27,0,12,0,44,52,0,44,82,0,46,42,4,120,0,1
413,1000000US170310107024002,75,6,6,0,6,1,59,16,0,59,69,9,35,32,3,105,0,2
414,1000000US170310107024003,28,4,4,0,0,0,20,8,0,20,24,0,13,12,1,63,0,0
415,1000000US170310107024004,159,34,86,2,17,2,22,137,0,22,125,5,93,83,10,201,0,0
416,1000000US170310107024005,120,52,47,4,9,1,9,111,0,9,68,3,98,65,33,154,3,2
417,1000000US170310201001000,107,39,24,1,20,0,26,81,0,26,68,6,74,61,13,146,0,0
418,1000000US170310201001001,94,36,36,0,14,0,9,85,0,9,58,0,59,54,5,117,0,1
419,1000000US170310201001002,129,64,32,5,22,1,8,121,0,8,65,3,58,56,2,168,3,0
420,1000000US170310201001003,88,4,15,0,63,0,7,81,0,7,84,1,43,36,7,136,0,0
421,1000000US170310201001004,84,26,47,0,1,0,10,74,0,10,58,0,51,51,0,103,0,0
422,1000000US170310201001005,46,20,6,2,13,0,8,38,0,8,26,0,20,19,1,69,2,1
423,1000000US170310201001006,13,11,2,0,0,0,0,13,0,0,2,0,3,3,0,13,0,0
424,1000000US170310201001007,20,10,5,0,0,0,5,15,0,5,10,0,7,7,0,24,0,0
425,1000000US170310201001008,88,34,21,0,8,0,25,63,0,25,54,1,44,41,3,112,0,0
426,1000000US170310201001009,53,28,7,0,18,0,1,52,0,1,25,1,27,26,1,69,0,0
427,1000000US170310201001010,43,34,7,0,0,0,2,41,0,2,9,2,26,25,1,55,0,0
428,1000000US170310201001011,59,11,19,0,4,0,25,34,0,25,48,0,33,25,8,86,0,0
429,1000000US170310201001012,93,25,15,0,4,0,52,41,0,52,68,2,44,40,4,140,0,2
430,1000000US170310201001013,36,22,1,0,9,0,4,32,0,4,14,0,20,18,2,54,0,0
431,1000000US170310201001014,68,26,12,0,7,0,23,45,0,23,42,0,35,32,3,97,0,0
432,1000000US170310201001015,65,20,19,2,4,1,21,44,0,21,45,1,40,40,0,86,2,0
433,1000000US170310201001016,75,33,7,1,16,0,20,55,0,20,42,6,45,43,2,94,0,2
434,1000000US170310201001017,57,16,7,0,6,0,27,30,0,27,41,2,31,29,2,80,0,0
435,1000000US170310201001018,126,27,62,3,6,0,30,96,0,30,99,6,68,64,4,185,3,0
436,1000000US170310201001019,30,12,1,0,17,0,0,30,0,0,18,0,11,9,2,39,0,0
437,1000000US170310201001020,61,12,20,0,12,0,17,44,0,17,49,1,43,35,8,87,0,0
438,1000000US170310201001021,39,10,15,0,13,0,1,38,0,1,29,2,24,23,1,49,0,0
439,1000000US170310201001022,70,17,18,0,10,0,25,45,0,25,53,2,39,35,4,87,0,0
440,1000000US170310201001023,98,33,22,0,10,0,31,67,0,31,65,6,52,52,0,126,0,0
441,1000000US170310201001024,9,6,3,0,0,0,0,9,0,0,3,0,6,5,1,12,0,0
442,1000000US170310201001025,146,46,32,1,26,0,41,105,0,41,100,8,85,75,10,179,1,2
443,1000000US170310201002000,0,0,0,0,0,0,0,0,0,0,0,0,0,0,0,0,0,0
444,1000000US170310201002001,850,290,274,9,130,3,152,698,0,152,560,27,500,449,51,1115,7,3
445,1000000US170310201002002,0,0,0,0,0,0,0,0,0,0,0,0,0,0,0,0,0,0
446,1000000US170310201002003,11,1,8,0,1,0,1,10,0,1,10,1,6,5,1,12,0,0
447,1000000US170310201002004,6,2,4,0,0,0,0,6,0,0,4,1,6,6,0,11,0,0
448,1000000US170310201002005,0,0,0,0,0,0,0,0,0,0,0,0,1,0,1,0,0,0
449,1000000US170310201002006,103,25,51,1,21,0,4,99,0,4,78,2,60,49,11,143,1,0
450,1000000US170310201002007,99,23,21,1,27,0,28,71,0,28,76,0,50,46,4,137,1,0
451,1000000US170310201002008,99,30,47,3,3,0,23,76,0,23,69,2,54,49,5,134,3,3
452,1000000US170310202001000,0,0,0,0,0,0,0,0,0,0,0,0,0,0,0,0,0,0
453,1000000US170310202001001,26,24,0,0,1,0,1,25,0,1,2,0,11,11,0,52,0,0
454,1000000US170310202001002,39,31,0,3,3,0,5,34,0,5,8,3,18,17,1,51,0,0
455,1000000US170310202001003,39,33,6,0,0,0,0,39,0,0,6,0,16,16,0,50,0,0
456,1000000US170310202001004,34,26,2,0,1,0,4,30,0,4,8,3,16,16,0,57,0,0
457,1000000US170310202001005,26,16,6,0,4,0,0,26,0,0,10,0,13,13,0,46,0,0
458,1000000US170310202001006,27,24,0,0,1,0,2,25,0,2,3,0,13,13,0,46,0,0
459,1000000US170310202001007,34,27,2,0,2,0,3,31,0,3,7,0,18,18,0,40,0,0
460,1000000US170310202001008,33,26,0,0,7,0,0,33,0,0,7,0,15,13,2,43,0,0
461,1000000US170310202001009,39,34,0,0,5,0,0,39,0,0,5,1,17,17,0,64,0,0
462,1000000US170310202001010,186,136,6,0,42,0,4,182,0,4,50,5,89,84,5,270,0,2
463,1000000US170310202001011,35,28,4,0,0,0,3,32,0,3,7,1,14,14,0,45,0,0
464,1000000US170310202001012,318,227,17,2,49,1,28,290,0,28,91,7,160,150,10,527,0,3
465,1000000US170310202001013,23,20,0,0,0,0,3,20,0,3,3,0,13,13,0,31,0,0
466,1000000US170310202001014,15,8,2,0,4,0,1,14,0,1,7,0,8,7,1,17,0,0
467,1000000US170310202001015,23,9,5,0,5,0,4,19,0,4,14,0,8,8,0,30,0,0
468,1000000US170310202001016,10,4,3,0,3,0,0,10,0,0,6,0,4,4,0,15,0,0
469,1000000US170310202001017,34,25,3,0,6,0,0,34,0,0,9,0,17,17,0,54,0,0
470,1000000US170310202001018,36,32,1,1,2,0,0,36,0,0,4,1,19,17,2,73,0,0
471,1000000US170310202001019,33,27,0,0,1,0,5,28,0,5,6,0,15,15,0,46,0,0
472,1000000US170310202001020,26,25,0,0,1,0,0,26,0,0,1,0,15,14,1,43,0,0
473,1000000US170310202001021,56,14,5,0,16,0,21,35,0,21,42,0,22,22,0,78,0,0
474,1000000US170310202002000,46,2,19,1,13,0,12,34,0,12,44,1,25,24,1,51,1,0
475,1000000US170310202002001,79,20,23,0,14,1,24,55,0,24,59,4,53,48,5,108,0,1
476,1000000US170310202002002,55,27,6,0,0,0,23,32,0,23,28,2,24,24,0,85,0,1
477,1000000US170310202002003,13,9,2,0,1,0,0,13,0,0,4,1,6,6,0,16,0,0
478,1000000US170310202002004,13,12,1,0,0,0,0,13,0,0,1,0,7,6,1,16,0,0
479,1000000US170310202002005,20,11,2,0,1,0,7,13,0,7,9,1,8,8,0,28,0,0
480,1000000US170310202002006,13,12,0,0,1,0,0,13,0,0,1,0,5,5,0,18,0,0
481,1000000US170310202002007,433,246,36,2,109,0,43,390,0,43,187,5,155,139,16,525,2,1
482,1000000US170310202002008,32,17,0,0,8,1,9,23,0,9,15,0,15,14,1,46,0,0
483,1000000US170310202002009,71,24,3,0,31,0,13,58,0,13,47,5,26,26,0,104,0,0
484,1000000US170310202002010,64,38,1,0,7,0,20,44,0,20,26,4,34,31,3,90,0,0
485,1000000US170310202002011,38,24,2,0,8,0,4,34,0,4,14,0,20,19,1,47,0,0
486,1000000US170310202002012,27,13,2,0,10,0,4,23,0,4,14,1,15,14,1,33,0,1
487,1000000US170310202002013,95,29,6,0,29,0,33,62,0,33,66,0,45,42,3,160,0,3
488,1000000US170310202002014,50,26,11,0,0,0,13,37,0,13,24,0,20,19,1,66,0,0
489,1000000US170310202003000,40,5,10,0,18,0,8,32,0,8,35,2,21,21,0,55,0,1
490,1000000US170310202003001,49,16,0,0,30,0,3,46,0,3,33,0,17,17,0,61,0,0
491,1000000US170310202003002,52,8,10,3,14,0,22,30,0,22,44,3,18,17,1,66,0,2
492,1000000US170310202003003,37,13,7,0,8,0,9,28,0,9,24,0,16,16,0,53,0,0
493,1000000US170310202003004,39,25,2,1,9,0,3,36,0,3,14,2,16,16,0,52,1,0
494,1000000US170310202003005,47,33,3,0,6,0,5,42,0,5,14,0,18,18,0,66,0,0
495,1000000US170310202003006,39,22,0,0,15,0,2,37,0,2,17,4,19,19,0,50,0,0
496,1000000US170310202003007,63,17,1,2,28,0,18,45,0,18,46,2,18,18,0,74,2,1
497,1000000US170310202003008,40,29,0,0,11,0,0,40,0,0,11,0,18,17,1,54,0,0
498,1000000US170310202003009,41,17,6,0,16,0,2,39,0,2,24,0,17,15,2,53,0,0
499,1000000US170310202003010,23,8,0,0,9,0,6,17,0,6,15,0,11,10,1,25,0,0
500,1000000US170310202003011,16,3,4,0,4,0,5,11,0,5,13,1,7,7,0,26,0,0
501,1000000US170310202003012,26,3,3,0,14,0,6,20,0,6,23,0,8,8,0,33,0,0
502,1000000US170310202003013,37,8,1,0,11,0,17,20,0,17,29,2,14,14,0,55,0,0
503,1000000US170310202003014,26,12,0,0,12,0,2,24,0,2,14,2,10,10,0,40,0,0
504,1000000US170310202003015,32,29,1,0,2,0,0,32,0,0,3,0,14,14,0,41,0,0
505,1000000US170310202003016,46,28,0,0,15,0,3,43,0,3,18,1,19,19,0,64,0,0
506,1000000US170310202003017,27,12,6,1,5,0,4,23,0,4,15,0,11,11,0,30,1,0
507,1000000US170310202003018,29,18,0,0,6,0,5,24,0,5,11,0,11,11,0,35,0,0
508,1000000US170310202003019,33,24,0,0,9,0,0,33,0,0,9,0,15,15,0,43,0,0
509,1000000US170310202003020,29,22,1,0,5,0,1,28,0,1,7,0,15,15,0,45,0,0
510,1000000US170310202003021,23,13,0,0,7,0,3,20,0,3,10,0,10,10,0,31,0,0
511,1000000US170310202003022,19,11,0,0,8,0,0,19,0,0,8,0,7,6,1,23,0,0
512,1000000US170310202003023,37,27,1,0,5,0,5,32,0,5,10,0,17,16,1,52,0,1
513,1000000US170310202003024,43,31,0,0,10,0,2,41,0,2,12,0,17,17,0,76,0,0
514,1000000US170310202003025,17,4,0,0,10,0,3,14,0,3,13,0,9,7,2,27,0,0
515,1000000US170310202003026,19,1,5,0,0,0,13,6,0,13,18,0,5,5,0,29,0,0
516,1000000US170310202003027,13,4,7,0,2,0,0,13,0,0,9,0,4,4,0,17,0,0
517,1000000US170310202003028,22,21,0,0,0,0,1,21,0,1,1,0,12,11,1,31,0,0
518,1000000US170310202003029,20,19,0,0,1,0,0,20,0,0,1,0,10,10,0,25,0,0
519,1000000US170310202003030,36,26,0,0,8,0,2,34,0,2,10,0,15,14,1,43,0,0
520,1000000US170310202003031,45,27,1,0,12,0,5,40,0,5,18,0,19,19,0,61,0,0
521,1000000US170310202003032,35,19,0,0,6,0,10,25,0,10,16,4,11,11,0,45,0,0
522,1000000US170310202003033,8,5,0,0,0,0,3,5,0,3,3,0,4,4,0,8,0,0
523,1000000US170310202003034,13,10,0,0,0,0,3,10,0,3,3,0,4,4,0,15,0,0
524,1000000US170310202003035,20,13,2,0,0,0,5,15,0,5,7,0,10,10,0,34,0,0
525,1000000US170310202003036,37,22,2,0,8,0,4,33,0,4,15,1,15,15,0,45,0,0
526,1000000US170310202003037,33,29,2,0,2,0,0,33,0,0,4,0,16,16,0,47,0,0
527,1000000US170310202003038,17,14,0,0,3,0,0,17,0,0,3,0,10,8,2,29,0,0
528,1000000US170310202003039,14,4,0,0,10,0,0,14,0,0,10,0,4,4,0,19,0,0
529,1000000US170310202004000,76,10,35,0,25,0,6,70,0,6,66,2,67,41,26,109,0,0
530,1000000US170310202004001,183,41,44,10,74,0,23,160,0,23,142,11,82,79,3,246,6,0
531,1000000US170310202004002,58,24,13,0,18,3,4,54,0,4,34,6,24,24,0,72,0,0
532,1000000US170310202004003,61,14,10,0,22,0,15,46,0,15,47,0,24,23,1,80,0,0
533,1000000US170310202004004,16,7,7,0,0,0,2,14,0,2,9,0,6,6,0,22,0,0
534,1000000US170310202004005,10,1,0,0,5,0,4,6,0,4,9,0,4,4,0,13,0,0
535,1000000US170310202004006,43,9,0,0,26,0,8,35,0,8,34,0,17,16,1,52,0,0
536,1000000US170310202004007,0,0,0,0,0,0,0,0,0,0,0,0,0,0,0,0,0,0
537,1000000US170310202004008,33,16,8,0,4,0,5,28,0,5,17,0,16,16,0,41,0,0
538,1000000US170310202004009,22,11,3,0,8,0,0,22,0,0,11,0,10,10,0,34,0,0
539,1000000US170310202004010,36,19,0,0,6,0,11,25,0,11,17,0,12,12,0,47,0,0
540,1000000US170310202004011,22,14,3,0,2,0,3,19,0,3,8,0,12,12,0,31,0,0
541,1000000US170310202004012,24,6,0,0,16,1,1,23,0,1,18,1,6,6,0,32,0,0
542,1000000US170310202004013,16,10,0,0,6,0,0,16,0,0,6,0,11,11,0,30,0,0
543,1000000US170310202004014,21,16,0,0,5,0,0,21,0,0,5,0,12,12,0,21,0,0
544,1000000US170310202004015,24,17,1,0,5,0,1,23,0,1,7,1,13,12,1,39,0,0
545,1000000US170310202004016,21,12,0,0,4,0,4,17,0,4,9,0,11,10,1,32,0,0
546,1000000US170310202004017,112,46,6,0,58,0,2,110,0,2,66,12,42,42,0,145,0,0
547,1000000US170310202004018,15,10,1,0,3,0,1,14,0,1,5,0,8,8,0,23,0,0
548,1000000US170310202004019,19,13,5,0,0,0,2,17,0,2,6,0,8,7,1,23,0,1
549,1000000US170310202004020,13,10,0,1,1,0,1,12,0,1,3,0,8,7,1,17,1,0
550,1000000US170310202004021,57,15,14,1,2,0,28,29,0,28,42,3,34,32,2,82,1,2
551,1000000US170310202004022,69,26,19,1,0,0,23,46,0,23,43,3,36,35,1,90,0,0
552,1000000US170310202004023,0,0,0,0,0,0,0,0,0,0,0,0,0,0,0,0,0,0
553,1000000US170310202004024,13,5,4,0,3,0,1,12,0,1,8,0,5,5,0,16,0,0
554,1000000US170310202004025,14,12,0,0,1,0,1,13,0,1,2,1,7,6,1,16,0,0
555,1000000US170310202004026,15,12,1,0,0,0,2,13,0,2,3,1,7,7,0,17,0,0
556,1000000US170310202004027,17,10,7,0,0,0,0,17,0,0,7,0,7,7,0,25,0,0
557,1000000US170310202004028,23,8,3,2,9,0,6,17,0,6,15,2,7,7,0,27,2,3
558,1000000US170310202004029,20,12,5,0,3,0,0,20,0,0,8,0,8,8,0,24,0,0
559,1000000US170310202004030,13,13,0,0,0,0,0,13,0,0,0,0,6,6,0,28,0,0
560,1000000US170310202004031,22,5,0,0,17,0,0,22,0,0,17,0,7,7,0,23,0,0
561,1000000US170310202004032,17,7,1,0,9,0,0,17,0,0,10,0,8,8,0,18,0,0
562,1000000US170310202004033,38,15,11,0,10,0,3,35,0,3,23,2,17,16,1,52,0,0
563,1000000US170310202004034,16,11,0,0,5,0,0,16,0,0,5,0,8,7,1,18,0,0
564,1000000US170310202004035,16,10,0,0,3,0,3,13,0,3,6,0,6,6,0,20,0,0
565,1000000US170310202004036,22,16,3,0,0,0,3,19,0,3,6,0,15,15,0,28,0,0
566,1000000US170310202004037,23,4,2,0,17,0,0,23,0,0,19,0,8,8,0,28,0,0
567,1000000US170310202004038,18,14,0,0,4,0,0,18,0,0,4,0,9,9,0,28,0,0
568,1000000US170310202004039,19,17,0,0,0,0,2,17,0,2,2,0,10,9,1,31,0,0
569,1000000US170310202004040,21,5,0,0,16,0,0,21,0,0,16,0,7,7,0,30,0,0
570,1000000US170310202004041,34,18,1,0,12,0,4,30,0,4,16,1,14,14,0,42,0,1
571,1000000US170310202004042,25,18,0,1,4,0,3,22,0,3,7,0,12,12,0,38,1,0
572,1000000US170310202004043,18,16,0,0,0,0,2,16,0,2,2,0,8,8,0,22,0,0
573,1000000US170310202004044,35,30,0,0,5,0,0,35,0,0,5,0,14,14,0,53,0,0
574,1000000US170310202004045,22,21,1,0,0,0,0,22,0,0,1,0,10,10,0,36,0,0
575,1000000US170310202004046,16,12,0,0,3,0,1,15,0,1,4,0,11,10,1,26,0,0
576,1000000US170310203011000,0,0,0,0,0,0,0,0,0,0,0,0,0,0,0,0,0,0
577,1000000US170310203011001,125,123,1,0,0,0,1,124,0,1,2,1,99,98,1,125,0,0
578,1000000US170310203011002,282,259,6,1,12,0,4,278,0,4,23,3,219,189,30,319,0,0
579,1000000US170310203011003,323,281,4,1,25,2,12,311,0,12,42,4,251,219,32,360,0,0
580,1000000US170310203011004,0,0,0,0,0,0,0,0,0,0,0,0,0,0,0,0,0,0
581,1000000US170310203011005,0,0,0,0,0,0,0,0,0,0,0,0,0,0,0,0,0,0
582,1000000US170310203011006,361,324,2,0,27,0,8,353,0,8,37,2,251,236,15,405,0,0
583,1000000US170310203011007,0,0,0,0,0,0,0,0,0,0,0,0,0,0,0,0,0,0
584,1000000US170310203011008,294,246,4,0,36,0,8,286,0,8,48,6,194,177,17,349,0,0
585,1000000US170310203012000,187,172,3,0,7,0,9,178,0,9,15,3,220,139,81,259,0,2
586,1000000US170310203012001,313,276,3,0,28,1,6,307,0,6,37,5,218,198,20,356,0,0
587,1000000US170310203012002,77,38,6,0,28,0,3,74,0,3,39,3,32,30,2,121,0,0
588,1000000US170310203012003,60,37,7,0,14,0,4,56,0,4,23,0,21,21,0,91,0,2
589,1000000US170310203012004,22,10,0,0,8,0,4,18,0,4,12,0,7,7,0,34,0,0
590,1000000US170310203012005,34,22,0,0,5,0,7,27,0,7,12,1,17,11,6,51,0,0
591,1000000US170310203012006,39,21,7,0,8,0,0,39,0,0,18,0,17,17,0,55,0,0
592,1000000US170310203012007,41,11,6,0,21,0,3,38,0,3,30,0,17,16,1,56,0,0
593,1000000US170310203012008,41,17,0,0,21,0,3,38,0,3,24,1,16,15,1,71,0,0
594,1000000US170310203012009,47,28,0,0,19,0,0,47,0,0,19,0,17,15,2,65,0,0
595,1000000US170310203012010,65,20,3,4,38,0,0,65,0,0,45,11,20,19,1,90,4,0
596,1000000US170310203012011,71,19,1,2,36,5,8,63,0,8,52,9,29,29,0,101,0,0
597,1000000US170310203013000,5,2,1,2,0,0,0,5,0,0,3,0,2,2,0,6,2,0
598,1000000US170310203013001,0,0,0,0,0,0,0,0,0,0,0,0,0,0,0,0,0,0
599,1000000US170310203013002,2,2,0,0,0,0,0,2,0,0,0,0,5,2,3,2,0,0
600,1000000US170310203013003,38,35,0,0,0,0,3,35,0,3,3,0,16,16,0,70,0,0
601,1000000US170310203013004,41,31,0,0,4,0,6,35,0,6,10,1,18,17,1,55,0,0
602,1000000US170310203013005,38,26,0,0,2,0,10,28,0,10,12,0,18,18,0,63,0,0
603,1000000US170310203013006,35,31,0,0,1,0,4,31,0,4,4,1,16,16,0,75,0,0
604,1000000US170310203013007,39,35,3,0,0,0,1,38,0,1,4,0,15,15,0,49,0,0
605,1000000US170310203013008,42,39,0,0,0,0,3,39,0,3,3,0,17,17,0,58,0,0
606,1000000US170310203013009,36,24,0,0,5,0,7,29,0,7,12,0,17,17,0,49,0,0
607,1000000US170310203013010,37,34,0,0,2,0,1,36,0,1,3,0,17,16,1,62,0,0
608,1000000US170310203013011,40,32,0,0,4,0,4,36,0,4,8,0,15,15,0,62,0,0
609,1000000US170310203013012,36,32,1,0,0,0,3,33,0,3,4,1,17,17,0,55,0,0
610,1000000US170310203013013,30,23,1,0,4,0,2,28,0,2,7,0,15,14,1,53,0,0
611,1000000US170310203013014,36,31,0,0,0,0,5,31,0,5,5,0,16,16,0,56,0,0
612,1000000US170310203013015,26,24,1,0,0,0,1,25,0,1,2,1,13,11,2,55,0,0
613,1000000US170310203013016,77,27,9,1,12,0,29,48,0,29,50,2,42,40,2,109,0,0
614,1000000US170310203013017,93,55,13,0,4,1,20,73,0,20,38,1,65,56,9,124,0,0
615,1000000US170310203013018,34,25,0,0,4,0,5,29,0,5,9,0,14,14,0,46,0,0
616,1000000US170310203013019,31,26,0,0,5,0,0,31,0,0,5,0,13,13,0,81,0,0
617,1000000US170310203013020,38,35,0,0,2,0,1,37,0,1,3,0,14,14,0,62,0,0
618,1000000US170310203013021,31,21,1,0,10,0,0,31,0,0,10,2,14,14,0,63,0,0
619,1000000US170310203013022,26,26,0,0,0,0,0,26,0,0,0,0,13,13,0,51,0,0
620,1000000US170310203013023,24,21,1,0,0,0,2,22,0,2,3,1,10,10,0,40,0,0
621,1000000US170310203013024,36,25,0,1,4,0,10,26,0,10,11,3,16,15,1,58,1,0
622,1000000US170310203013025,177,157,3,0,12,0,5,172,0,5,20,2,101,93,8,245,0,0
623,1000000US170310203013026,48,48,0,0,0,0,0,48,0,0,0,0,21,21,0,127,0,0
624,1000000US170310203013027,44,43,0,0,0,0,1,43,0,1,1,0,22,21,1,66,0,0
625,1000000US170310203021000,104,87,9,3,1,0,4,100,0,4,17,0,0,0,0,104,3,0
626,1000000US170310203021001,18,17,0,0,1,0,0,18,0,0,1,0,10,9,1,20,0,0
627,1000000US170310203021002,52,25,5,0,15,0,7,45,0,7,27,4,26,25,1,73,0,0
628,1000000US170310203021003,113,53,12,3,14,0,33,80,0,33,60,5,59,55,4,169,0,2
629,1000000US170310203021004,128,54,33,0,18,0,24,104,0,24,74,1,74,68,6,171,0,2
630,1000000US170310203021005,28,24,0,0,4,0,0,28,0,0,4,0,14,14,0,39,0,0
631,1000000US170310203021006,67,43,6,0,6,1,9,58,0,9,24,2,44,43,1,77,0,1
632,1000000US170310203021007,68,29,11,0,20,0,8,60,0,8,39,0,31,30,1,93,0,0
633,1000000US170310203021008,81,52,5,0,9,0,16,65,0,16,29,1,38,38,0,116,0,1
634,1000000US170310203021009,70,40,2,0,16,0,13,57,0,13,30,1,47,39,8,96,0,1
635,1000000US170310203021010,55,8,4,1,1,0,42,13,0,42,47,1,16,16,0,88,1,0
636,1000000US170310203021011,98,50,9,4,5,0,34,64,0,34,48,4,49,47,2,156,0,0
637,1000000US170310203021012,78,62,0,0,7,0,9,69,0,9,16,0,38,36,2,132,0,0
638,1000000US170310203022000,68,32,5,0,18,0,13,55,0,13,36,4,33,29,4,91,0,0
639,1000000US170310203022001,71,44,9,0,5,0,12,59,0,12,27,2,48,41,7,95,0,0
640,1000000US170310203022002,62,34,0,0,9,0,19,43,0,19,28,2,30,30,0,92,0,0
641,1000000US170310203022003,61,39,0,1,9,0,12,49,0,12,22,1,47,28,19,78,0,0
642,1000000US170310203022004,82,35,8,0,8,0,32,50,0,32,47,1,46,42,4,111,0,0
643,1000000US170310203022005,44,34,2,0,7,0,1,43,0,1,10,7,26,24,2,58,0,0
644,1000000US170310203022006,50,21,2,0,19,0,8,42,0,8,29,2,20,20,0,64,0,0
645,1000000US170310203022007,35,34,0,0,0,0,1,34,0,1,1,0,16,16,0,51,0,0
646,1000000US170310203022008,30,25,1,0,3,0,1,29,0,1,5,0,17,17,0,38,0,0
647,1000000US170310203022009,40,23,0,0,6,0,11,29,0,11,17,1,15,15,0,52,0,0
648,1000000US170310203022010,25,19,0,0,2,0,4,21,0,4,6,0,14,14,0,36,0,0
649,1000000US170310203022011,45,33,5,0,2,0,5,40,0,5,12,0,17,16,1,49,0,0
650,1000000US170310203022012,27,21,0,0,6,0,0,27,0,0,6,1,15,14,1,41,0,0
651,1000000US170310203022013,31,22,3,1,3,0,3,28,0,3,9,1,16,16,0,42,0,0
652,1000000US170310203022014,52,12,18,0,14,0,8,44,0,8,40,0,31,28,3,98,0,0
653,1000000US170310203023000,344,196,82,3,19,0,45,299,0,45,148,3,56,45,11,370,1,2
654,1000000US170310203023001,0,0,0,0,0,0,0,0,0,0,0,0,0,0,0,0,0,0
655,1000000US170310203023002,53,46,0,0,1,0,6,47,0,6,7,0,60,31,29,60,0,0
656,1000000US170310203023003,42,1,8,0,5,0,28,14,0,28,41,0,26,19,7,73,0,0
657,1000000US170310203023004,285,186,21,1,45,0,32,253,0,32,99,4,178,172,6,348,0,0
658,1000000US170310203023005,82,14,13,2,6,0,49,33,0,49,68,2,120,50,70,131,2,0
659,1000000US170310203023006,119,95,10,0,2,0,12,107,0,12,24,6,85,77,8,146,0,0
660,1000000US170310203023007,0,0,0,0,0,0,0,0,0,0,0,0,0,0,0,0,0,0
661,1000000US170310203023008,20,9,7,1,2,0,1,19,0,1,11,1,20,17,3,21,0,0
662,1000000US170310203023009,56,34,10,0,4,0,9,47,0,9,22,4,37,37,0,68,0,1
663,1000000US170310203023010,10,10,0,0,0,0,0,10,0,0,0,0,6,5,1,12,0,0
664,1000000US170310203023011,51,33,7,0,6,0,3,48,0,3,18,1,28,26,2,62,0,0
665,1000000US170310203023012,105,61,12,0,10,0,23,82,0,23,44,5,57,56,1,132,0,1
666,1000000US170310203023013,0,0,0,0,0,0,0,0,0,0,0,0,1,0,1,0,0,0
667,1000000US170310203023014,36,35,0,0,1,0,0,36,0,0,1,0,19,19,0,46,0,0
668,1000000US170310203023015,25,20,0,0,2,0,3,22,0,3,5,0,13,12,1,37,0,0
669,1000000US170310203023016,24,20,1,0,3,0,0,24,0,0,4,0,10,10,0,26,0,0
670,1000000US170310203023017,69,38,5,0,8,0,18,51,0,18,31,1,35,34,1,94,0,0
671,1000000US170310203023018,35,33,1,0,0,0,1,34,0,1,2,0,18,17,1,45,0,0
672,1000000US170310203023019,31,30,0,1,0,0,0,31,0,0,1,0,17,17,0,41,1,0
673,1000000US170310203023020,32,28,0,0,1,0,3,29,0,3,4,0,15,15,0,39,0,0
674,1000000US170310203023021,27,20,0,1,2,0,4,23,0,4,7,1,13,13,0,30,0,0
675,1000000US170310203023022,7,7,0,0,0,0,0,7,0,0,0,0,3,3,0,11,0,0
676,1000000US170310203023023,0,0,0,0,0,0,0,0,0,0,0,0,0,0,0,0,0,0
677,1000000US170310203023024,32,28,0,0,1,0,3,29,0,3,4,0,14,13,1,33,0,0
678,1000000US170310203023025,37,34,0,0,3,0,0,37,0,0,3,0,16,16,0,39,0,0
679,1000000US170310203023026,25,23,0,0,1,0,1,24,0,1,2,0,16,15,1,31,0,0
680,1000000US170310203023027,37,30,0,0,3,0,6,31,0,6,7,0,18,18,0,49,0,0
681,1000000US170310203023028,32,21,4,0,3,0,4,28,0,4,11,0,16,15,1,43,0,0
682,1000000US170310203023029,30,20,0,0,8,0,2,28,0,2,10,3,13,13,0,43,0,0
683,1000000US170310203023030,25,18,5,1,0,0,2,23,0,2,7,1,15,13,2,33,0,1
684,1000000US170310203023031,47,21,5,0,10,0,11,36,0,11,26,0,17,17,0,55,0,0
685,1000000US170310203023032,26,23,1,1,0,0,1,25,0,1,3,2,16,15,1,37,0,0
686,1000000US170310203023033,60,28,9,0,16,0,7,53,0,7,32,0,24,24,0,81,0,0
687,1000000US170310203023034,50,25,0,0,19,0,6,44,0,6,25,0,22,21,1,65,0,0
688,1000000US170310203023035,10,3,0,4,3,0,4,6,0,4,7,4,5,5,0,19,0,0
689,1000000US170310203023036,0,0,0,0,0,0,0,0,0,0,0,0,0,0,0,0,0,0
690,1000000US170310204001000,10,9,0,0,1,0,0,10,0,0,1,1,5,5,0,13,0,0
691,1000000US170310204001001,69,29,3,0,11,0,24,45,0,24,40,9,30,28,2,85,0,0
692,1000000US170310204001002,114,53,14,2,22,0,29,85,0,29,61,4,72,67,5,150,0,0
693,1000000US170310204001003,102,27,24,0,25,0,27,75,0,27,75,0,60,53,7,132,0,1
694,1000000US170310204001004,58,32,13,1,1,0,12,46,0,12,26,2,32,29,3,67,1,0
695,1000000US170310204001005,24,23,0,0,1,0,0,24,0,0,1,0,17,14,3,31,0,0
696,1000000US170310204001006,52,31,1,0,6,0,14,38,0,14,21,0,25,23,2,61,0,0
697,1000000US170310204001007,36,34,0,1,0,0,1,35,0,1,2,0,20,18,2,40,1,0
698,1000000US170310204001008,35,11,2,0,6,0,19,16,0,19,24,2,15,14,1,43,0,1
699,1000000US170310204001009,28,23,0,0,0,0,5,23,0,5,5,0,15,14,1,34,0,0
700,1000000US170310204001010,31,30,0,0,1,0,0,31,0,0,1,1,18,18,0,42,0,0
701,1000000US170310204001011,24,21,0,0,2,0,1,23,0,1,3,0,14,13,1,40,0,0
702,1000000US170310204001012,28,15,5,0,7,0,1,27,0,1,13,1,15,14,1,37,0,0
703,1000000US170310204001013,5,5,0,0,0,0,0,5,0,0,0,0,3,3,0,6,0,0
704,1000000US170310204002000,80,18,37,0,4,0,21,59,0,21,62,0,53,48,5,103,0,0
705,1000000US170310204002001,10,9,1,1,0,0,0,10,0,0,1,1,5,5,0,10,1,0
706,1000000US170310204002002,20,18,2,0,0,0,0,20,0,0,2,0,11,11,0,28,0,0
707,1000000US170310204002003,22,18,0,0,1,0,3,19,0,3,4,0,12,12,0,28,0,0
708,1000000US170310204002004,50,30,15,0,5,0,0,50,0,0,20,0,24,24,0,66,0,0
709,1000000US170310204002005,35,21,1,0,1,0,12,23,0,12,14,0,15,14,1,55,0,0
710,1000000US170310204002006,25,22,0,0,0,0,3,22,0,3,3,0,14,13,1,37,0,0
711,1000000US170310204002007,21,14,1,0,5,0,1,20,0,1,7,2,10,10,0,29,0,0
712,1000000US170310204002008,38,19,1,0,0,0,18,20,0,18,19,1,13,13,0,45,0,0
713,1000000US170310204002009,22,15,7,0,0,0,0,22,0,0,7,0,11,10,1,33,0,0
714,1000000US170310204002010,91,63,15,0,2,0,11,80,0,11,28,1,53,53,0,105,0,0
715,1000000US170310204002011,40,15,12,0,0,0,13,27,0,13,25,0,16,15,1,54,0,0
716,1000000US170310204002012,55,26,6,0,11,0,12,43,0,12,29,0,28,27,1,74,0,0
717,1000000US170310204002013,34,9,4,2,16,0,4,30,0,4,25,2,18,18,0,51,1,0
718,1000000US170310204002014,74,56,3,2,7,0,8,66,0,8,18,2,57,51,6,89,2,0
719,1000000US170310204002015,23,16,1,0,6,0,0,23,0,0,7,0,14,14,0,39,0,0
720,1000000US170310204002016,29,11,14,0,2,0,2,27,0,2,18,0,14,13,1,41,0,0
721,1000000US170310204002017,16,13,1,0,2,0,0,16,0,0,3,0,9,9,0,16,0,0
722,1000000US170310204002018,139,48,30,1,19,0,40,99,0,40,91,5,82,78,4,196,0,0
723,1000000US170310204002019,69,39,11,1,2,0,16,53,0,16,30,1,39,37,2,81,0,0
724,1000000US170310204002020,34,26,2,0,5,0,1,33,0,1,8,0,18,18,0,44,0,0
725,1000000US170310204002021,129,67,13,4,5,0,43,86,0,43,62,4,91,74,17,154,3,0
726,1000000US170310204002022,68,34,14,1,9,0,12,56,0,12,34,6,34,34,0,102,1,0
727,1000000US170310204003000,95,12,17,2,47,0,17,78,0,17,83,3,36,35,1,127,2,0
728,1000000US170310204003001,220,68,81,1,18,0,54,166,0,54,152,10,124,117,7,330,0,0
729,1000000US170310204003002,34,25,6,0,0,0,3,31,0,3,9,0,20,19,1,43,0,0
730,1000000US170310204003003,108,42,16,2,15,0,36,72,0,36,66,3,63,57,6,154,0,1
731,1000000US170310204003004,48,20,1,0,3,0,24,24,0,24,28,1,25,22,3,65,0,0
732,1000000US170310204003005,8,3,4,0,0,0,2,6,0,2,5,0,7,7,0,9,0,1
733,1000000US170310204003006,51,30,4,1,10,0,8,43,0,8,21,2,34,28,6,61,0,0
734,1000000US170310204003007,134,52,27,5,21,0,35,99,0,35,82,3,92,82,10,170,4,1
735,1000000US170310204003008,73,56,6,1,2,0,8,65,0,8,17,3,49,44,5,93,1,0
736,1000000US170310204003009,111,64,20,4,11,0,18,93,0,18,47,5,80,78,2,119,0,2
737,1000000US170310204003010,119,52,12,0,40,0,18,101,0,18,67,3,69,65,4,158,0,0
738,1000000US170310204003011,157,90,27,1,23,0,17,140,0,17,67,7,104,90,14,212,1,1
739,1000000US170310204003012,66,35,6,3,7,0,15,51,0,15,31,0,49,43,6,89,3,0
740,1000000US170310204003013,91,9,20,0,32,0,31,60,0,31,82,1,47,42,5,134,0,1
741,1000000US170310204003014,54,12,32,1,8,1,4,50,0,4,42,5,35,31,4,85,0,1
742,1000000US170310204003015,21,19,0,0,0,0,2,19,0,2,2,0,6,6,0,28,0,0
743,1000000US170310204003016,22,11,0,0,0,0,11,11,0,11,11,0,9,8,1,30,0,0
744,1000000US170310205001000,596,161,164,9,189,1,77,519,0,77,435,17,275,234,41,762,8,2
745,1000000US170310205001001,218,72,50,4,58,0,37,181,0,37,146,11,146,117,29,275,3,2
746,1000000US170310205001002,71,44,6,0,16,0,5,66,0,5,27,0,43,35,8,92,0,0
747,1000000US170310205001003,88,27,24,2,13,0,23,65,0,23,61,5,51,46,5,138,2,1
748,1000000US170310205001004,85,32,26,6,1,0,23,62,0,23,53,5,45,42,3,120,3,1
749,1000000US170310205001005,82,19,8,1,27,0,28,54,0,28,63,5,35,34,1,120,1,0
750,1000000US170310205001006,40,20,14,0,3,0,4,36,0,4,20,0,31,20,11,46,0,1
751,1000000US170310205001007,124,72,17,3,10,0,28,96,0,28,52,3,67,61,6,155,2,4
752,1000000US170310205001008,0,0,0,0,0,0,0,0,0,0,0,0,0,0,0,0,0,0
753,1000000US170310205001009,83,18,15,2,46,1,6,77,0,6,65,10,56,38,18,109,2,0
754,1000000US170310205001010,67,10,7,0,8,0,42,25,0,42,57,1,31,25,6,102,0,0
755,1000000US170310205001011,39,7,2,0,16,0,14,25,0,14,32,0,20,18,2,48,0,0
756,1000000US170310205001012,134,32,26,1,48,0,27,107,0,27,102,4,63,60,3,195,1,0
757,1000000US170310205001013,61,16,12,0,20,0,13,48,0,13,45,2,28,27,1,85,0,0
758,1000000US170310205001014,34,11,2,2,15,0,4,30,0,4,23,0,14,13,1,51,2,0
759,1000000US170310205001015,39,4,17,1,17,0,1,38,0,1,35,1,22,19,3,67,1,0
760,1000000US170310205001016,94,11,34,2,22,0,27,67,0,27,83,0,45,43,2,147,2,0
761,1000000US170310205002000,50,19,15,0,6,0,8,42,0,8,31,0,37,27,10,71,0,2
762,1000000US170310205002001,39,14,4,0,11,0,11,28,0,11,25,5,23,22,1,57,0,1
763,1000000US170310205002002,57,24,5,0,13,0,15,42,0,15,33,3,32,27,5,70,0,0
764,1000000US170310205002003,117,61,15,2,12,0,28,89,0,28,56,5,61,51,10,159,2,0
765,1000000US170310205002004,0,0,0,0,0,0,0,0,0,0,0,0,0,0,0,0,0,0
766,1000000US170310205002005,30,11,5,0,10,0,4,26,0,4,19,2,19,18,1,30,0,0
767,1000000US170310205002006,30,6,11,0,8,0,6,24,0,6,24,1,19,14,5,38,0,1
768,1000000US170310205002007,73,14,10,0,13,0,37,36,0,37,59,1,28,27,1,104,0,1
769,1000000US170310205002008,80,13,30,1,14,0,23,57,0,23,67,0,34,31,3,133,1,0
770,1000000US170310205002009,75,12,9,0,27,0,24,51,0,24,63,4,49,35,14,96,0,0
771,1000000US170310205002010,30,1,0,1,24,0,3,27,0,3,29,1,11,10,1,39,1,0
772,1000000US170310205002011,81,3,26,0,36,0,21,60,0,21,78,3,31,26,5,112,0,2
773,1000000US170310205003000,0,0,0,0,0,0,0,0,0,0,0,0,0,0,0,0,0,0
774,1000000US170310205003001,271,93,83,3,52,0,44,227,0,44,178,3,87,82,5,328,2,2
775,1000000US170310205003002,165,41,18,2,71,0,36,129,0,36,124,8,79,67,12,237,2,0
776,1000000US170310205003003,59,11,2,2,41,0,4,55,0,4,48,1,24,23,1,92,2,0
777,1000000US170310205003004,154,31,20,0,77,0,26,128,0,26,123,7,72,64,8,228,0,0
778,1000000US170310205003005,154,47,22,9,64,0,22,132,0,22,107,11,92,68,24,203,9,1
779,1000000US170310205003006,363,201,34,3,62,1,67,296,0,67,162,10,269,247,22,397,1,1
780,1000000US170310205003007,105,8,4,1,66,0,29,76,0,29,97,10,34,34,0,154,1,1
781,1000000US170310205003008,71,5,5,1,42,0,22,49,0,22,66,1,26,26,0,103,1,0
782,1000000US170310205004000,112,39,10,0,6,0,56,56,0,56,73,6,55,50,5,164,0,0
783,1000000US170310205004001,81,26,24,0,16,0,15,66,0,15,55,6,42,40,2,102,0,0
784,1000000US170310205004002,91,29,17,4,21,0,23,68,0,23,62,10,43,38,5,117,1,0
785,1000000US170310205004003,60,18,8,0,19,0,15,45,0,15,42,0,28,26,2,79,0,0
786,1000000US170310205004004,46,27,5,0,13,0,1,45,0,1,19,0,33,27,6,54,0,0
787,1000000US170310205004005,72,23,15,1,9,0,26,46,0,26,49,0,36,32,4,103,1,1
788,1000000US170310205004006,49,12,18,1,8,0,10,39,0,10,37,6,22,19,3,70,0,0
789,1000000US170310205004007,80,26,17,3,24,0,13,67,0,13,54,6,47,39,8,114,1,2
790,1000000US170310205004008,83,9,13,2,44,0,15,68,0,15,74,3,37,33,4,123,2,0
791,1000000US170310205004009,34,0,1,1,22,0,10,24,0,10,34,2,14,14,0,47,1,0
792,1000000US170310205004010,55,19,21,0,8,0,8,47,0,8,36,1,32,28,4,78,0,0
793,1000000US170310206011000,0,0,0,0,0,0,0,0,0,0,0,0,0,0,0,0,0,0
794,1000000US170310206011001,25,16,1,0,6,0,2,23,0,2,9,0,13,13,0,32,0,0
795,1000000US170310206011002,23,5,0,0,14,0,4,19,0,4,18,0,13,12,1,28,0,0
796,1000000US170310206011003,10,6,0,0,0,0,4,6,0,4,4,0,4,4,0,17,0,0
797,1000000US170310206011004,24,19,5,0,0,0,0,24,0,0,5,0,7,7,0,34,0,0
798,1000000US170310206011005,17,4,0,0,6,0,7,10,0,7,13,0,6,5,1,27,0,0
799,1000000US170310206011006,9,9,0,0,0,0,0,9,0,0,0,0,5,5,0,18,0,0
800,1000000US170310206011007,93,52,6,0,24,3,5,88,0,5,41,7,47,46,1,114,0,1
801,1000000US170310206011008,92,43,0,1,36,0,13,79,0,13,49,1,47,46,1,164,1,0
802,1000000US170310206011009,160,110,6,0,19,0,26,134,0,26,50,10,101,96,5,213,0,1
803,1000000US170310206011010,25,18,0,0,7,0,0,25,0,0,7,0,14,12,2,29,0,0
804,1000000US170310206011011,60,18,10,3,22,2,9,51,0,9,42,3,23,23,0,79,2,1
805,1000000US170310206011012,43,28,2,0,2,0,10,33,0,10,15,1,18,18,0,62,0,0
806,1000000US170310206011013,68,21,5,0,22,0,20,48,0,20,47,5,29,28,1,90,0,0
807,1000000US170310206011014,31,24,0,3,0,0,5,26,0,5,7,0,14,12,2,51,3,0
808,1000000US170310206011015,24,23,0,0,0,0,1,23,0,1,1,0,11,10,1,37,0,0
809,1000000US170310206011016,26,19,0,0,5,0,2,24,0,2,7,3,11,11,0,36,0,0
810,1000000US170310206011017,21,18,0,0,0,0,3,18,0,3,3,0,9,9,0,27,0,0
811,1000000US170310206011018,32,29,0,0,3,0,0,32,0,0,3,0,12,12,0,46,0,0
812,1000000US170310206011019,25,18,1,0,0,0,4,21,0,4,7,2,10,10,0,48,0,0
813,1000000US170310206011020,34,34,0,0,0,0,0,34,0,0,0,0,15,15,0,60,0,0
814,1000000US170310206011021,40,31,0,0,9,0,0,40,0,0,9,0,16,16,0,70,0,0
815,1000000US170310206011022,42,42,0,0,0,0,0,42,0,0,0,0,15,15,0,72,0,0
816,1000000US170310206011023,48,48,0,0,0,0,0,48,0,0,0,0,16,16,0,69,0,0
817,1000000US170310206011024,29,29,0,0,0,0,0,29,0,0,0,0,13,13,0,42,0,0
818,1000000US170310206011025,43,38,1,0,4,0,0,43,0,0,5,0,16,15,1,63,0,0
819,1000000US170310206011026,48,47,0,0,0,0,0,48,0,0,1,0,17,17,0,70,0,0
820,1000000US170310206011027,31,29,0,0,2,0,0,31,0,0,2,0,18,17,1,50,0,0
821,1000000US170310206011028,65,34,0,0,27,0,4,61,0,4,31,0,18,17,1,91,0,0
822,1000000US170310206011029,48,28,0,0,13,1,7,41,0,7,20,0,18,18,0,87,0,0
823,1000000US170310206012000,113,58,2,1,31,0,21,92,0,21,55,1,60,59,1,186,1,0
824,1000000US170310206012001,139,71,7,7,33,0,21,118,0,21,68,11,74,69,5,208,7,0
825,1000000US170310206012002,103,55,5,2,18,0,21,82,0,21,48,2,51,48,3,174,2,0
826,1000000US170310206012003,162,88,6,4,40,0,26,136,0,26,74,12,76,72,4,229,4,0
827,1000000US170310206012004,113,100,9,0,3,0,3,110,0,3,13,4,69,62,7,165,0,2
828,1000000US170310206012005,128,73,5,0,32,0,20,108,0,20,55,8,61,58,3,166,0,0
829,1000000US170310206012006,94,55,12,0,12,0,15,79,0,15,39,10,41,40,1,126,0,0
830,1000000US170310206012007,54,31,4,0,8,0,11,43,0,11,23,2,18,17,1,75,0,0
831,1000000US170310206012008,41,22,0,0,18,0,1,40,0,1,19,2,17,17,0,69,0,0
832,1000000US170310206012009,69,33,6,0,23,0,11,58,0,11,36,9,31,26,5,95,0,4
833,1000000US170310206012010,108,55,14,1,28,0,10,98,0,10,53,5,61,58,3,147,0,0
834,1000000US170310206012011,137,64,0,0,52,0,19,118,0,19,73,0,65,58,7,155,0,0
835,1000000US170310206012012,125,83,11,0,17,0,14,111,0,14,42,4,68,66,2,166,0,0
836,1000000US170310206012013,101,58,4,0,23,0,17,84,0,17,43,3,50,48,2,139,0,0
837,1000000US170310206012014,109,50,15,0,36,3,10,99,0,10,59,6,46,39,7,157,0,3
838,1000000US170310206012015,111,63,8,2,19,0,21,90,0,21,48,6,57,51,6,132,0,1
839,1000000US170310206012016,35,0,2,4,33,0,0,35,0,0,35,9,16,16,0,44,4,0
840,1000000US170310206012017,6,3,0,0,0,0,3,3,0,3,3,0,3,3,0,8,0,0
841,1000000US170310206012018,57,11,3,3,17,0,25,32,0,25,46,7,25,24,1,85,3,0
842,1000000US170310206012019,34,26,0,0,4,0,4,30,0,4,8,1,24,19,5,39,0,0
843,1000000US170310206012020,32,12,0,0,20,0,0,32,0,0,20,0,12,12,0,36,0,0
844,1000000US170310206012021,104,45,6,1,46,0,7,97,0,7,59,8,57,49,8,122,0,0
845,1000000US170310206012022,94,58,2,0,32,0,3,91,0,3,36,2,41,40,1,143,0,1
846,1000000US170310206012023,45,23,1,0,17,0,4,41,0,4,22,0,21,20,1,56,0,0
847,1000000US170310206012024,20,13,1,0,4,0,2,18,0,2,7,1,14,11,3,29,0,0
848,1000000US170310206012025,36,18,0,0,13,0,3,33,0,3,18,6,20,20,0,57,0,0
849,1000000US170310206013000,139,50,26,0,33,0,28,111,0,28,89,3,65,62,3,218,0,0
850,1000000US170310206013001,92,30,4,3,36,0,21,71,0,21,62,14,43,38,5,146,1,0
851,1000000US170310206013002,93,27,5,0,33,0,28,65,0,28,66,2,38,37,1,124,0,0
852,1000000US170310206013003,109,57,0,0,43,0,9,100,0,9,52,0,49,43,6,143,0,0
853,1000000US170310206013004,55,40,0,1,8,0,6,49,0,6,15,2,24,20,4,67,0,0
854,1000000US170310206013005,136,104,7,2,13,0,8,128,0,8,32,5,86,67,19,206,0,0
855,1000000US170310206013006,42,20,0,0,17,0,5,37,0,5,22,0,14,14,0,48,0,0
856,1000000US170310206013007,0,0,0,0,0,0,0,0,0,0,0,0,0,0,0,0,0,0
857,1000000US170310206013008,78,14,8,0,22,0,34,44,0,34,64,5,34,31,3,127,0,0
858,1000000US170310206013009,81,33,11,0,15,0,21,60,0,21,48,4,49,37,12,109,0,0
859,1000000US170310206013010,52,31,3,1,8,0,10,42,0,10,21,2,27,23,4,59,1,0
860,1000000US170310206013011,146,48,11,1,52,0,36,110,0,36,98,13,64,58,6,207,1,2
861,1000000US170310206013012,4,0,0,0,0,0,4,0,0,4,4,0,2,2,0,11,0,0
862,1000000US170310206013013,44,0,0,0,28,0,12,32,0,12,44,4,18,18,0,54,0,0
863,1000000US170310206013014,0,0,0,0,0,0,0,0,0,0,0,0,0,0,0,0,0,0
864,1000000US170310206021000,0,0,0,0,0,0,0,0,0,0,0,0,0,0,0,0,0,0
865,1000000US170310206021001,131,82,5,1,23,0,23,108,0,23,49,8,78,70,8,173,1,1
866,1000000US170310206021002,83,38,6,3,24,1,14,69,0,14,45,3,40,36,4,115,3,0
867,1000000US170310206021003,70,32,10,0,16,0,12,58,0,12,38,0,29,28,1,92,0,0
868,1000000US170310206021004,77,32,9,0,13,0,26,51,0,26,45,0,42,39,3,109,0,3
869,1000000US170310206021005,92,36,12,1,15,1,28,64,0,28,56,14,47,44,3,123,1,0
870,1000000US170310206021006,78,30,2,1,14,0,32,46,0,32,48,0,34,31,3,118,1,0
871,1000000US170310206021007,89,49,10,0,10,0,20,69,0,20,40,1,45,42,3,123,0,0
872,1000000US170310206021008,83,34,8,5,14,2,28,55,0,28,49,4,46,40,6,113,2,1
873,1000000US170310206021009,82,24,19,1,19,0,20,62,0,20,58,2,43,39,4,109,0,1
874,1000000US170310206021010,77,31,8,0,11,0,27,50,0,27,46,1,37,30,7,99,0,0
875,1000000US170310206021011,0,0,0,0,0,0,0,0,0,0,0,0,0,0,0,0,0,0
876,1000000US170310206022000,0,0,0,0,0,0,0,0,0,0,0,0,0,0,0,0,0,0
877,1000000US170310206022001,106,31,5,0,34,0,37,69,0,37,75,5,39,38,1,133,0,1
878,1000000US170310206022002,41,17,6,0,14,0,4,37,0,4,24,0,17,17,0,53,0,0
879,1000000US170310206022003,83,20,0,0,38,1,24,59,0,24,63,4,40,37,3,114,0,0
880,1000000US170310206022004,50,31,0,1,18,0,0,50,0,0,19,0,19,19,0,73,1,0
881,1000000US170310206022005,41,35,0,0,2,0,4,37,0,4,6,0,18,18,0,48,0,0
882,1000000US170310206022006,102,27,2,7,42,0,31,71,0,31,75,12,38,34,4,139,0,0
883,1000000US170310206022007,52,9,8,2,19,0,16,36,0,16,43,5,26,26,0,72,2,0
884,1000000US170310206022008,77,16,6,1,15,0,43,34,0,43,61,8,33,32,1,112,1,0
885,1000000US170310206022009,70,17,1,1,15,0,37,33,0,37,53,0,33,29,4,101,1,0
886,1000000US170310206022010,110,7,5,0,44,0,55,55,0,55,103,0,38,36,2,162,0,1
887,1000000US170310206022011,3,2,0,0,0,0,1,2,0,1,1,0,7,3,4,3,0,0
888,1000000US170310206022012,66,0,1,0,57,0,8,58,0,8,66,0,30,28,2,86,0,0
889,1000000US170310206022013,0,0,0,0,0,0,0,0,0,0,0,0,0,0,0,0,0,0
890,1000000US170310206022014,20,0,1,0,14,0,0,20,0,0,20,0,14,12,2,25,0,0
891,1000000US170310206023000,36,25,3,0,5,0,3,33,0,3,11,0,17,16,1,47,0,0
892,1000000US170310206023001,39,17,3,0,0,0,19,20,0,19,22,0,17,16,1,53,0,0
893,1000000US170310206023002,55,13,15,0,15,0,13,42,0,13,42,0,27,25,2,77,0,1
894,1000000US170310206023003,37,30,1,0,6,0,0,37,0,0,7,0,19,18,1,45,0,0
895,1000000US170310206023004,37,33,0,0,4,0,0,37,0,0,4,0,20,19,1,46,0,0
896,1000000US170310206023005,85,32,8,1,16,0,29,56,0,29,53,3,34,31,3,126,0,1
897,1000000US170310206023006,110,32,12,0,42,0,24,86,0,24,78,0,51,48,3,162,0,0
898,1000000US170310206023007,70,24,1,0,17,0,29,41,0,29,46,5,27,26,1,108,0,1
899,1000000US170310206023008,45,21,4,0,20,0,2,43,0,2,24,0,14,14,0,52,0,2
900,1000000US170310206023009,97,16,7,2,64,0,12,85,0,12,81,8,43,39,4,118,2,0
901,1000000US170310206023010,48,15,1,0,27,0,5,43,0,5,33,2,24,21,3,68,0,0
902,1000000US170310206023011,73,12,8,1,48,0,6,67,0,6,61,2,28,28,0,103,0,1
903,1000000US170310206023012,11,0,0,0,10,0,1,10,0,1,11,0,3,3,0,11,0,0
904,1000000US170310206023013,41,4,0,0,37,0,0,41,0,0,37,0,21,20,1,47,0,0
905,1000000US170310206023014,30,0,0,0,29,0,1,29,0,1,30,4,15,15,0,33,0,0
906,1000000US170310206024000,33,28,3,0,2,0,0,33,0,0,5,0,24,21,3,41,0,0
907,1000000US170310206024001,42,31,1,0,6,0,4,38,0,4,11,0,20,20,0,51,0,0
908,1000000US170310206024002,23,16,0,0,7,0,0,23,0,0,7,0,12,12,0,37,0,0
909,1000000US170310206024003,19,13,1,0,5,0,0,19,0,0,6,0,10,9,1,22,0,0
910,1000000US170310206024004,30,28,0,0,2,0,0,30,0,0,2,1,13,13,0,41,0,0
911,1000000US170310206024005,72,39,3,0,12,2,18,54,0,18,33,6,35,32,3,96,0,0
912,1000000US170310206024006,92,31,1,0,31,2,27,65,0,27,61,8,37,37,0,132,0,0
913,1000000US170310206024007,88,30,2,0,23,0,33,55,0,33,58,1,41,36,5,111,0,0
914,1000000US170310206024008,88,47,12,0,29,0,2,86,0,2,41,1,39,39,0,113,0,0
915,1000000US170310206024009,45,39,4,0,0,0,2,43,0,2,6,0,24,24,0,56,0,0
916,1000000US170310206024010,52,37,8,1,5,0,1,51,0,1,15,0,27,25,2,80,1,0
917,1000000US170310206024011,36,14,1,0,13,0,8,28,0,8,22,0,14,14,0,43,0,0
918,1000000US170310206024012,69,36,3,0,30,0,0,69,0,0,33,1,32,29,3,78,0,0
919,1000000US170310206024013,37,24,0,0,9,0,4,33,0,4,13,0,20,19,1,48,0,0
920,1000000US170310207011000,0,0,0,0,0,0,0,0,0,0,0,0,1,0,1,0,0,0
921,1000000US170310207011001,2,1,0,0,0,0,1,1,0,1,1,0,1,1,0,2,0,0
922,1000000US170310207011002,11,4,0,0,6,0,1,10,0,1,7,3,6,5,1,12,0,0
923,1000000US170310207011003,0,0,0,0,0,0,0,0,0,0,0,0,0,0,0,0,0,0
924,1000000US170310207011004,115,79,0,1,24,0,12,103,0,12,36,2,66,61,5,142,0,0
925,1000000US170310207011005,55,38,0,0,14,0,5,50,0,5,17,0,36,34,2,68,0,0
926,1000000US170310207011006,11,9,0,0,0,0,2,9,0,2,2,0,8,7,1,11,0,0
927,1000000US170310207011007,14,12,0,0,2,0,0,14,0,0,2,0,8,8,0,14,0,0
928,1000000US170310207011008,37,25,0,0,4,0,8,29,0,8,12,0,19,19,0,51,0,0
929,1000000US170310207011009,5,4,0,0,1,0,0,5,0,0,1,0,3,3,0,6,0,0
930,1000000US170310207011010,44,21,5,0,16,0,3,41,0,3,23,2,30,26,4,56,0,0
931,1000000US170310207011011,0,0,0,0,0,0,0,0,0,0,0,0,0,0,0,0,0,0
932,1000000US170310207011012,31,10,0,0,18,0,3,28,0,3,21,0,9,9,0,43,0,0
933,1000000US170310207011013,20,7,0,0,8,0,5,15,0,5,13,4,12,10,2,21,0,0
934,1000000US170310207011014,21,19,0,0,0,0,2,19,0,2,2,0,13,12,1,26,0,0
935,1000000US170310207011015,49,26,3,0,8,0,12,37,0,12,23,0,24,23,1,64,0,0
936,1000000US170310207011016,29,23,0,1,1,0,4,25,0,4,6,4,26,21,5,39,0,0
937,1000000US170310207011017,16,3,0,3,7,0,3,13,0,3,13,0,6,6,0,20,3,0
938,1000000US170310207011018,0,0,0,0,0,0,0,0,0,0,0,0,0,0,0,0,0,0
939,1000000US170310207011019,0,0,0,0,0,0,0,0,0,0,0,0,0,0,0,0,0,0
940,1000000US170310207011020,0,0,0,0,0,0,0,0,0,0,0,0,0,0,0,0,0,0
941,1000000US170310207011021,0,0,0,0,0,0,0,0,0,0,0,0,12,0,12,0,0,0
942,1000000US170310207011022,27,26,0,0,1,0,0,27,0,0,1,0,17,16,1,38,0,0
943,1000000US170310207011023,4,4,0,0,0,0,0,4,0,0,0,0,3,2,1,4,0,0
944,1000000US170310207011024,23,20,1,0,0,0,2,21,0,2,3,0,13,12,1,32,0,0
945,1000000US170310207011025,11,6,1,0,1,0,3,8,0,3,5,0,6,6,0,14,0,0
946,1000000US170310207011026,31,28,0,0,2,0,1,30,0,1,3,0,14,14,0,41,0,0
947,1000000US170310207011027,24,19,0,0,5,0,0,24,0,0,5,3,11,10,1,30,0,0
948,1000000US170310207011028,17,15,0,0,2,0,0,17,0,0,2,0,10,10,0,20,0,0
949,1000000US170310207011029,6,6,0,0,0,0,0,6,0,0,0,0,3,3,0,8,0,0
950,1000000US170310207011030,15,7,0,0,7,0,1,14,0,1,8,2,5,5,0,17,0,0
951,1000000US170310207011031,18,16,0,0,0,0,2,16,0,2,2,1,9,9,0,19,0,0
952,1000000US170310207011032,19,7,1,0,9,0,2,17,0,2,12,3,13,8,5,24,0,0
953,1000000US170310207011033,0,0,0,0,0,0,0,0,0,0,0,0,0,0,0,0,0,0
954,1000000US170310207012000,5,0,0,1,4,0,0,5,0,0,5,1,4,4,0,5,0,0
955,1000000US170310207012001,32,22,5,0,5,0,0,32,0,0,10,0,18,14,4,39,0,0
956,1000000US170310207012002,77,42,3,4,23,0,6,71,0,6,35,2,44,40,4,104,4,1
957,1000000US170310207012003,58,34,0,0,12,0,12,46,0,12,24,0,35,29,6,79,0,0
958,1000000US170310207012004,38,21,3,0,2,0,12,26,0,12,17,1,17,16,1,46,0,0
959,1000000US170310207012005,31,27,0,0,4,0,0,31,0,0,4,0,13,13,0,41,0,0
960,1000000US170310207012006,52,25,2,0,22,0,3,49,0,3,27,3,32,24,8,73,0,0
961,1000000US170310207012007,45,30,2,0,3,0,10,35,0,10,15,1,26,24,2,69,0,0
962,1000000US170310207012008,39,18,1,1,19,0,2,37,0,2,21,2,17,16,1,52,0,1
963,1000000US170310207012009,0,0,0,0,0,0,0,0,0,0,0,0,0,0,0,0,0,0
964,1000000US170310207012010,53,19,3,0,21,3,8,45,0,8,34,5,25,24,1,69,0,1
965,1000000US170310207012011,14,0,0,0,12,0,2,12,0,2,14,0,8,7,1,21,0,0
966,1000000US170310207012012,16,10,0,0,0,0,5,11,0,5,6,0,10,7,3,23,0,0
967,1000000US170310207012013,9,6,0,0,1,0,3,6,0,3,3,1,4,4,0,10,0,0
968,1000000US170310207012014,69,25,0,0,38,0,6,63,0,6,44,1,28,27,1,94,0,0
969,1000000US170310207012015,38,30,0,0,2,0,6,32,0,6,8,0,27,19,8,50,0,0
970,1000000US170310207012016,25,6,0,0,19,0,0,25,0,0,19,0,7,7,0,30,0,0
971,1000000US170310207012017,17,11,0,0,6,0,0,17,0,0,6,0,7,7,0,21,0,0
972,1000000US170310207012018,9,5,0,0,2,0,2,7,0,2,4,0,6,5,1,12,0,0
973,1000000US170310207012019,37,15,3,0,9,0,10,27,0,10,22,1,24,21,3,44,0,0
974,1000000US170310207021000,0,0,0,0,0,0,0,0,0,0,0,0,0,0,0,0,0,0
975,1000000US170310207021001,0,0,0,0,0,0,0,0,0,0,0,0,0,0,0,0,0,0
976,1000000US170310207021002,20,13,4,0,1,0,2,18,0,2,7,0,12,11,1,23,0,0
977,1000000US170310207021003,85,36,5,0,26,2,16,69,0,16,49,3,49,40,9,109,0,0
978,1000000US170310207021004,0,0,0,0,0,0,0,0,0,0,0,0,0,0,0,0,0,0
979,1000000US170310207021005,135,84,0,1,46,0,4,131,0,4,51,3,70,66,4,185,1,0
980,1000000US170310207021006,49,19,2,0,22,0,6,43,0,6,30,1,24,21,3,78,0,0
981,1000000US170310207021007,26,9,5,0,8,0,4,22,0,4,17,4,17,15,2,35,0,0
982,1000000US170310207021008,0,0,0,0,0,0,0,0,0,0,0,0,0,0,0,0,0,0
983,1000000US170310207021009,27,22,1,0,0,0,4,23,0,4,5,0,18,16,2,42,0,0
984,1000000US170310207021010,16,9,0,0,4,0,3,13,0,3,7,0,13,6,7,20,0,0
985,1000000US170310207021011,123,55,16,1,35,0,16,107,0,16,68,2,63,59,4,171,1,0
986,1000000US170310207021012,83,37,13,2,16,0,17,66,0,17,46,2,32,31,1,126,2,0
987,1000000US170310207021013,128,76,4,3,32,0,13,115,0,13,52,8,68,62,6,161,1,0
988,1000000US170310207021014,42,28,10,0,3,0,1,41,0,1,14,3,20,19,1,58,0,0
989,1000000US170310207021015,108,49,8,0,42,0,9,99,0,9,59,4,51,45,6,132,0,0
990,1000000US170310207021016,99,40,11,0,30,1,19,80,0,19,59,4,43,40,3,131,0,0
991,1000000US170310207021017,85,37,0,0,46,0,2,83,0,2,48,0,33,33,0,128,0,0
992,1000000US170310207021018,35,22,2,1,11,0,0,35,0,0,13,1,16,14,2,43,1,0
993,1000000US170310207021019,39,15,4,0,19,0,8,31,0,8,24,9,20,19,1,46,0,0
994,1000000US170310207021020,47,23,0,0,23,0,1,46,0,1,24,0,18,18,0,67,0,0
995,1000000US170310207021021,60,31,3,0,15,0,11,49,0,11,29,7,28,28,0,71,0,0
996,1000000US170310207021022,40,13,10,0,16,0,2,38,0,2,27,0,23,21,2,57,0,0
997,1000000US170310207021023,113,60,7,0,32,0,17,96,0,17,53,5,49,48,1,135,0,3
998,1000000US170310207021024,0,0,0,0,0,0,0,0,0,0,0,0,0,0,0,0,0,0
999,1000000US170310207022000,0,0,0,0,0,0,0,0,0,0,0,0,0,0,0,0,0,0
1000,1000000US170310207022001,0,0,0,0,0,0,0,0,0,0,0,0,0,0,0,0,0,0
1001,1000000US170310207022002,37,4,0,0,31,0,2,35,0,2,33,2,15,15,0,46,0,0
1002,1000000US170310207022003,11,8,0,0,3,0,0,11,0,0,3,2,8,7,1,12,0,0
1003,1000000US170310207022004,88,47,9,0,21,0,10,78,0,10,41,1,51,46,5,137,0,0
1004,1000000US170310207022005,137,110,14,1,8,0,4,133,0,4,27,1,4,4,0,139,0,0
1005,1000000US170310207022006,21,0,0,0,21,0,0,21,0,0,21,0,10,10,0,26,0,0
1006,1000000US170310207022007,135,51,10,1,53,0,25,110,0,25,84,6,68,60,8,192,1,2
1007,1000000US170310207022008,226,86,17,7,93,1,30,196,0,30,140,19,111,102,9,324,5,1
1008,1000000US170310207022009,120,33,12,1,50,0,27,93,0,27,87,5,51,46,5,183,0,3
1009,1000000US170310207022010,147,47,17,0,53,1,31,116,0,31,100,9,70,68,2,201,0,2
1010,1000000US170310207022011,114,40,5,6,45,0,24,90,0,24,74,12,45,43,2,148,6,0
1011,1000000US170310207022012,67,23,7,1,28,0,11,56,0,11,44,5,33,26,7,73,0,0
1012,1000000US170310207022013,139,65,3,1,56,3,12,127,0,12,74,8,67,58,9,179,0,0
1013,1000000US170310207022014,111,54,4,0,31,0,19,92,0,19,57,7,56,47,9,146,0,0
1014,1000000US170310207022015,54,36,0,0,10,0,9,45,0,9,18,1,22,21,1,95,0,0
1015,1000000US170310207022016,138,61,10,3,55,0,11,127,0,11,77,0,64,55,9,185,3,1
1016,1000000US170310207022017,65,32,12,0,17,0,7,58,0,7,33,0,35,28,7,80,0,1
1017,1000000US170310207022018,127,62,12,0,41,0,14,113,0,14,65,5,71,61,10,175,0,0
1018,1000000US170310207022019,185,50,20,0,62,0,55,130,0,55,135,7,75,70,5,267,0,2
1019,1000000US170310207023000,148,124,11,0,7,0,6,142,0,6,24,0,99,99,0,149,0,0
1020,1000000US170310207023001,99,56,13,1,17,0,12,87,0,12,43,1,48,45,3,156,1,0
1021,1000000US170310207023002,135,48,27,0,38,0,24,111,0,24,87,0,62,54,8,169,0,1
1022,1000000US170310207023003,103,51,5,0,26,0,21,82,0,21,52,1,42,42,0,124,0,0
1023,1000000US170310207023004,106,59,6,0,17,0,24,82,0,24,47,3,54,50,4,159,0,0
1024,1000000US170310207023005,136,64,5,0,34,0,33,103,0,33,72,9,63,59,4,181,0,0
1025,1000000US170310207023006,66,16,8,0,30,0,11,55,0,11,50,4,29,29,0,94,0,0
1026,1000000US170310207023007,52,35,0,0,16,0,1,51,0,1,17,1,23,22,1,83,0,0
1027,1000000US170310207023008,34,18,1,0,15,0,0,34,0,0,16,5,14,13,1,43,0,0
1028,1000000US170310207023009,36,13,0,0,17,0,6,30,0,6,23,4,14,12,2,45,0,0
1029,1000000US170310207023010,63,17,0,0,38,0,8,55,0,8,46,0,24,23,1,74,0,0
1030,1000000US170310207023011,90,48,2,3,23,0,14,76,0,14,42,3,49,45,4,108,3,0
1031,1000000US170310207023012,128,31,10,0,66,0,21,107,0,21,97,26,41,41,0,165,0,0
1032,1000000US170310207023013,100,28,16,0,41,1,15,85,0,15,72,2,51,49,2,125,0,1
1033,1000000US170310207023014,53,26,1,0,13,0,13,40,0,13,27,2,34,31,3,70,0,0
1034,1000000US170310207023015,0,0,0,0,0,0,0,0,0,0,0,0,0,0,0,0,0,0
1035,1000000US170310207023016,0,0,0,0,0,0,0,0,0,0,0,0,0,0,0,0,0,0
1036,1000000US170310207024000,56,43,0,0,8,0,5,51,0,5,13,0,24,24,0,106,0,0
1037,1000000US170310207024001,35,11,0,0,24,0,0,35,0,0,24,0,15,11,4,43,0,0
1038,1000000US170310207024002,46,23,3,0,8,0,12,34,0,12,23,4,22,19,3,63,0,0
1039,1000000US170310207024003,104,47,2,0,40,0,16,88,0,16,57,2,54,51,3,124,0,1
1040,1000000US170310207024004,38,15,0,0,20,0,4,34,0,4,23,0,14,13,1,47,0,0
1041,1000000US170310207024005,32,14,1,0,13,0,4,28,0,4,18,0,20,18,2,46,0,0
1042,1000000US170310207024006,50,37,1,0,12,0,0,50,0,0,13,0,19,18,1,61,0,0
1043,1000000US170310207024007,53,35,1,0,16,0,1,52,0,1,18,0,21,21,0,66,0,0
1044,1000000US170310207024008,95,34,12,1,12,0,37,58,0,37,61,5,45,39,6,120,1,1
1045,1000000US170310207024009,88,32,10,1,15,0,30,58,0,30,56,4,40,39,1,119,1,0
1046,1000000US170310207024010,60,27,0,4,15,0,18,42,0,18,33,3,23,23,0,68,4,0
1047,1000000US170310207024011,53,28,0,0,21,0,4,49,0,4,25,0,23,23,0,69,0,0
1048,1000000US170310207024012,54,39,0,0,12,0,3,51,0,3,15,0,20,20,0,91,0,0
1049,1000000US170310207024013,0,0,0,0,0,0,0,0,0,0,0,0,0,0,0,0,0,0
1050,1000000US170310207024014,0,0,0,0,0,0,0,0,0,0,0,0,0,0,0,0,0,0
1051,1000000US170310207024015,0,0,0,0,0,0,0,0,0,0,0,0,0,0,0,0,0,0
1052,1000000US170310207024016,0,0,0,0,0,0,0,0,0,0,0,0,0,0,0,0,0,0
1053,1000000US170310208011000,15,11,0,0,3,0,1,14,0,1,4,0,10,9,1,17,0,0
1054,1000000US170310208011001,119,34,17,2,39,2,31,88,0,31,85,5,54,52,2,160,1,4
1055,1000000US170310208011002,111,33,12,0,22,0,45,66,0,45,78,2,54,48,6,151,0,1
1056,1000000US170310208011003,80,43,1,0,18,0,18,62,0,18,37,1,57,49,8,111,0,0
1057,1000000US170310208011004,90,40,10,1,15,0,28,62,0,28,50,2,58,49,9,116,1,2
1058,1000000US170310208011005,74,30,8,0,13,0,24,50,0,24,44,1,42,41,1,111,0,1
1059,1000000US170310208011006,108,43,12,1,13,0,39,69,0,39,65,8,61,55,6,138,0,1
1060,1000000US170310208011007,69,43,0,2,10,0,14,55,0,14,26,0,39,33,6,80,2,0
1061,1000000US170310208011008,45,28,15,0,1,0,1,44,0,1,17,0,26,21,5,57,0,0
1062,1000000US170310208011009,61,27,1,0,13,0,21,40,0,21,34,0,30,28,2,73,0,1
1063,1000000US170310208011010,48,24,1,0,10,0,13,35,0,13,24,0,22,19,3,58,0,0
1064,1000000US170310208011011,64,19,6,0,16,0,25,39,0,25,45,6,38,36,2,90,0,0
1065,1000000US170310208011012,71,23,10,3,20,0,20,51,0,20,48,3,41,37,4,103,3,2
1066,1000000US170310208011013,70,38,7,0,4,0,22,48,0,22,32,1,42,39,3,84,0,2
1067,1000000US170310208011014,100,48,3,1,22,0,24,76,0,24,52,1,47,40,7,127,1,0
1068,1000000US170310208011015,20,9,5,0,0,0,6,14,0,6,11,1,14,13,1,24,0,0
1069,1000000US170310208011016,29,9,0,0,2,0,18,11,0,18,20,1,22,14,8,37,0,0
1070,1000000US170310208011017,6,6,0,0,0,0,0,6,0,0,0,0,4,4,0,11,0,0
1071,1000000US170310208011018,0,0,0,0,0,0,0,0,0,0,0,0,0,0,0,0,0,0
1072,1000000US170310208011019,70,16,7,0,35,0,12,58,0,12,54,4,32,31,1,97,0,0
1073,1000000US170310208012000,13,7,2,0,3,0,1,12,0,1,6,1,8,7,1,15,0,0
1074,1000000US170310208012001,10,8,0,0,1,0,1,9,0,1,2,0,6,6,0,16,0,0
1075,1000000US170310208012002,9,6,0,0,0,0,2,7,0,2,3,0,6,4,2,14,0,0
1076,1000000US170310208012003,0,0,0,0,0,0,0,0,0,0,0,0,0,0,0,0,0,0
1077,1000000US170310208012004,36,30,0,0,6,0,0,36,0,0,6,0,15,15,0,41,0,0
1078,1000000US170310208012005,42,19,0,0,15,0,8,34,0,8,23,2,15,15,0,55,0,0
1079,1000000US170310208012006,87,57,1,0,11,0,18,69,0,18,30,0,42,41,1,105,0,0
1080,1000000US170310208012007,49,34,0,0,9,0,6,43,0,6,15,0,19,19,0,57,0,0
1081,1000000US170310208012008,49,30,3,0,4,0,12,37,0,12,19,0,21,21,0,55,0,0
1082,1000000US170310208012009,35,15,5,0,14,0,3,32,0,3,20,2,14,14,0,44,0,0
1083,1000000US170310208012010,56,17,4,0,30,0,5,51,0,5,39,0,24,22,2,79,0,0
1084,1000000US170310208012011,47,15,0,0,17,0,15,32,0,15,32,1,33,20,13,58,0,0
1085,1000000US170310208012012,54,28,0,0,12,0,15,39,0,15,26,1,30,27,3,68,0,0
1086,1000000US170310208012013,39,27,0,0,10,0,2,37,0,2,12,0,19,14,5,49,0,0
1087,1000000US170310208012014,38,16,0,0,17,0,5,33,0,5,22,1,13,13,0,45,0,0
1088,1000000US170310208012015,48,9,0,0,32,0,7,41,0,7,39,0,19,19,0,55,0,0
1089,1000000US170310208012016,48,18,3,0,11,0,16,32,0,16,30,0,20,20,0,67,0,0
1090,1000000US170310208012017,62,47,1,0,12,0,2,60,0,2,15,0,27,26,1,69,0,0
1091,1000000US170310208012018,41,32,2,0,6,0,1,40,0,1,9,0,20,20,0,51,0,0
1092,1000000US170310208012019,86,24,9,1,28,0,25,61,0,25,62,3,46,41,5,109,0,0
1093,1000000US170310208013000,90,45,18,0,6,0,20,70,0,20,45,5,47,42,5,124,0,0
1094,1000000US170310208013001,86,40,2,0,23,0,21,65,0,21,46,0,38,37,1,112,0,0
1095,1000000US170310208013002,72,32,9,0,11,0,20,52,0,20,40,1,42,38,4,94,0,0
1096,1000000US170310208013003,108,52,9,3,11,0,39,69,0,39,56,1,54,52,2,148,3,1
1097,1000000US170310208013004,67,48,12,0,3,0,5,62,0,5,19,2,45,36,9,89,0,1
1098,1000000US170310208013005,84,44,1,0,12,0,27,57,0,27,40,0,44,39,5,105,0,0
1099,1000000US170310208013006,33,7,0,0,22,0,4,29,0,4,26,0,13,12,1,48,0,0
1100,1000000US170310208013007,35,15,0,0,20,0,0,35,0,0,20,0,10,10,0,46,0,0
1101,1000000US170310208013008,79,31,1,1,12,0,35,44,0,35,48,0,42,35,7,104,1,0
1102,1000000US170310208013009,34,13,1,0,9,0,11,23,0,11,21,0,24,18,6,45,0,0
1103,1000000US170310208013010,47,19,2,2,6,0,16,31,0,16,28,4,25,22,3,61,0,0
1104,1000000US170310208013011,0,0,0,0,0,0,0,0,0,0,0,0,0,0,0,0,0,0
1105,1000000US170310208013012,43,17,0,0,12,0,14,29,0,14,26,2,28,25,3,58,0,0
1106,1000000US170310208013013,7,4,0,0,2,0,1,6,0,1,3,0,4,4,0,7,0,0
1107,1000000US170310208013014,0,0,0,0,0,0,0,0,0,0,0,0,0,0,0,0,0,0
1108,1000000US170310208013015,1,1,0,0,0,0,0,1,0,0,0,0,1,1,0,1,0,0
1109,1000000US170310208013016,22,14,3,0,3,0,2,20,0,2,8,0,21,15,6,28,0,0
1110,1000000US170310208013017,17,6,1,0,10,0,0,17,0,0,11,0,10,10,0,20,0,0
1111,1000000US170310208013018,2,2,0,0,0,0,0,2,0,0,0,0,0,0,0,2,0,0
1112,1000000US170310208013019,59,35,0,0,16,0,8,51,0,8,24,0,35,35,0,78,0,0
1113,1000000US170310208014000,0,0,0,0,0,0,0,0,0,0,0,0,0,0,0,0,0,0
1114,1000000US170310208014001,0,0,0,0,0,0,0,0,0,0,0,0,0,0,0,0,0,0
1115,1000000US170310208014002,29,12,2,0,0,0,15,14,0,15,17,1,15,15,0,35,0,0
1116,1000000US170310208014003,0,0,0,0,0,0,0,0,0,0,0,0,0,0,0,0,0,0
1117,1000000US170310208014004,0,0,0,0,0,0,0,0,0,0,0,0,0,0,0,0,0,0
1118,1000000US170310208014005,72,44,1,0,15,0,8,64,0,8,28,1,43,37,6,86,0,0
1119,1000000US170310208014006,69,36,9,0,7,0,16,53,0,16,33,3,38,34,4,95,0,0
1120,1000000US170310208014007,71,32,6,3,11,0,22,49,0,22,39,6,39,37,2,91,1,0
1121,1000000US170310208014008,74,29,9,0,16,0,20,54,0,20,45,2,40,38,2,92,0,0
1122,1000000US170310208014009,49,28,1,2,13,0,5,44,0,5,21,3,26,24,2,59,0,0
1123,1000000US170310208014010,71,38,0,2,19,0,13,58,0,13,33,1,43,35,8,97,2,0
1124,1000000US170310208014011,97,29,8,6,28,0,31,66,0,31,68,2,46,46,0,135,5,0
1125,1000000US170310208014012,72,37,4,0,20,0,11,61,0,11,35,1,41,37,4,85,0,0
1126,1000000US170310208014013,100,55,7,3,13,0,23,77,0,23,45,6,57,46,11,120,3,0
1127,1000000US170310208014014,80,28,14,0,21,0,18,62,0,18,52,2,52,39,13,102,0,1
1128,1000000US170310208014015,93,48,0,2,30,0,13,80,0,13,45,3,45,42,3,120,0,0
1129,1000000US170310208014016,107,38,4,4,29,0,34,73,0,34,69,4,57,54,3,155,4,0
1130,1000000US170310208014017,110,43,9,4,19,0,36,74,0,36,67,8,57,54,3,142,3,2
1131,1000000US170310208014018,123,59,16,0,37,0,11,112,0,11,64,2,60,54,6,161,0,2
1132,1000000US170310208014019,15,11,1,0,0,0,3,12,0,3,4,0,12,12,0,16,0,0
1133,1000000US170310208021000,0,0,0,0,0,0,0,0,0,0,0,0,0,0,0,0,0,0
1134,1000000US170310208021001,77,41,1,0,13,1,21,56,0,21,36,2,33,32,1,105,0,0
1135,1000000US170310208021002,99,21,10,0,26,0,42,57,0,42,78,5,48,43,5,135,0,0
1136,1000000US170310208021003,98,22,0,0,30,0,46,52,0,46,76,2,41,39,2,127,0,0
1137,1000000US170310208021004,102,30,18,0,28,0,26,76,0,26,72,0,50,38,12,137,0,0
1138,1000000US170310208021005,40,28,1,0,11,0,0,40,0,0,12,1,18,17,1,48,0,0
1139,1000000US170310208021006,33,30,1,0,2,0,0,33,0,0,3,0,18,17,1,43,0,0
1140,1000000US170310208021007,45,21,1,0,21,0,2,43,0,2,24,2,19,17,2,56,0,0
1141,1000000US170310208021008,53,27,7,0,17,0,2,51,0,2,26,0,31,26,5,62,0,0
1142,1000000US170310208021009,44,14,4,0,25,0,0,44,0,0,30,0,16,16,0,59,0,0
1143,1000000US170310208021010,37,18,2,0,12,0,6,31,0,6,19,1,14,14,0,48,0,0
1144,1000000US170310208021011,30,11,0,0,9,0,10,20,0,10,19,0,13,13,0,34,0,0
1145,1000000US170310208021012,39,7,1,0,22,0,9,30,0,9,32,1,14,14,0,54,0,0
1146,1000000US170310208021013,44,9,0,0,32,0,3,41,0,3,35,0,20,18,2,60,0,0
1147,1000000US170310208021014,39,16,0,0,18,0,5,34,0,5,23,0,21,18,3,51,0,0
1148,1000000US170310208021015,0,0,0,0,0,0,0,0,0,0,0,0,0,0,0,0,0,0
1149,1000000US170310208021016,0,0,0,0,0,0,0,0,0,0,0,0,0,0,0,0,0,0
1150,1000000US170310208021017,15,2,3,0,6,0,4,11,0,4,13,0,10,9,1,23,0,0
1151,1000000US170310208021018,0,0,0,0,0,0,0,0,0,0,0,0,0,0,0,0,0,0
1152,1000000US170310208021019,0,0,0,0,0,0,0,0,0,0,0,0,0,0,0,0,0,0
1153,1000000US170310208022000,133,40,35,0,34,1,31,102,0,31,93,4,77,62,15,175,0,8
1154,1000000US170310208022001,111,49,11,0,36,0,16,95,0,16,62,1,68,56,12,143,0,1
1155,1000000US170310208022002,141,42,21,1,48,0,32,109,0,32,99,4,74,64,10,205,1,1
1156,1000000US170310208022003,131,41,20,6,23,0,46,85,0,46,90,7,66,56,10,174,6,0
1157,1000000US170310208022004,120,52,25,0,36,1,7,113,0,7,68,2,57,50,7,165,0,0
1158,1000000US170310208022005,119,33,24,2,31,0,31,88,0,31,86,5,54,47,7,178,2,0
1159,1000000US170310208022006,0,0,0,0,0,0,0,0,0,0,0,0,0,0,0,0,0,0
1160,1000000US170310208022007,0,0,0,0,0,0,0,0,0,0,0,0,0,0,0,0,0,0
1161,1000000US170310208022008,66,20,6,0,24,0,16,50,0,16,46,1,45,35,10,85,0,0
1162,1000000US170310208022009,89,26,6,0,52,0,5,84,0,5,63,0,45,40,5,122,0,0
1163,1000000US170310208022010,2,0,0,0,0,0,2,0,0,2,2,0,2,2,0,2,0,0
1164,1000000US170310208022011,2,2,0,0,0,0,0,2,0,0,0,0,2,1,1,6,0,0
1165,1000000US170310208022012,77,22,7,0,16,3,32,45,0,32,55,8,44,35,9,127,0,0
1166,1000000US170310208022013,87,40,4,6,30,0,13,74,0,13,47,10,39,37,2,133,3,0
1167,1000000US170310208022014,77,8,5,0,27,0,37,40,0,37,69,1,34,30,4,124,0,0
1168,1000000US170310208022015,0,0,0,0,0,0,0,0,0,0,0,0,0,0,0,0,0,0
1169,1000000US170310208022016,125,47,14,1,40,1,23,102,0,23,78,7,68,57,11,157,0,0
1170,1000000US170310208023000,0,0,0,0,0,0,0,0,0,0,0,0,0,0,0,0,0,0
1171,1000000US170310208023001,59,4,1,0,45,2,4,55,0,4,55,7,22,21,1,72,0,0
1172,1000000US170310208023002,33,2,0,1,30,0,0,33,0,0,31,1,19,17,2,46,1,0
1173,1000000US170310208023003,19,0,0,0,19,0,0,19,0,0,19,3,7,6,1,28,0,0
1174,1000000US170310208023004,3,0,0,0,3,0,0,3,0,0,3,0,0,0,0,3,0,0
1175,1000000US170310208023005,124,34,9,0,52,0,27,97,0,27,90,5,65,56,9,152,0,0
1176,1000000US170310208023006,149,11,13,2,88,0,38,111,0,38,138,2,62,51,11,226,2,1
1177,1000000US170310208023007,81,18,18,0,41,0,3,78,0,3,63,2,39,32,7,107,0,0
1178,1000000US170310208023008,94,23,16,2,46,0,6,88,0,6,71,1,52,40,12,126,2,0
1179,1000000US170310208023009,122,51,18,0,24,0,28,94,0,28,71,0,66,56,10,174,0,0
1180,1000000US170310208023010,188,15,14,5,111,0,47,141,0,47,173,8,72,64,8,267,5,0
1181,1000000US170310208023011,179,59,17,2,74,0,33,146,0,33,120,14,68,62,6,242,1,4
1182,1000000US170310208023012,152,27,5,0,74,0,46,106,0,46,125,6,64,58,6,218,0,1
1183,1000000US170310208023013,151,43,13,0,57,0,40,111,0,40,108,7,61,56,5,214,0,2
1184,1000000US170310208023014,107,27,7,0,38,0,37,70,0,37,80,2,48,44,4,167,0,1
1185,1000000US170310208023015,77,7,7,0,37,0,26,51,0,26,70,0,33,27,6,113,0,0
1186,1000000US170310208023016,108,13,11,6,70,1,14,94,0,14,95,18,44,40,4,150,6,0
1187,1000000US170310208023017,23,2,1,5,7,0,8,15,0,8,21,0,8,8,0,28,5,0
1188,1000000US170310208023018,50,17,9,1,14,0,7,43,0,7,33,0,29,26,3,58,1,0
1189,1000000US170310208023019,119,28,30,4,35,0,29,90,0,29,91,5,63,52,11,168,4,0
1190,1000000US170310208024000,0,0,0,0,0,0,0,0,0,0,0,0,0,0,0,0,0,0
1191,1000000US170310208024001,0,0,0,0,0,0,0,0,0,0,0,0,0,0,0,0,0,0
1192,1000000US170310208024002,16,1,0,0,15,0,0,16,0,0,15,1,11,10,1,20,0,0
1193,1000000US170310208024003,12,0,0,0,12,0,0,12,0,0,12,0,4,4,0,13,0,0
1194,1000000US170310208024004,180,44,21,0,83,0,32,148,0,32,136,11,100,87,13,257,0,0
1195,1000000US170310208024005,135,32,16,3,83,0,3,132,0,3,103,6,72,55,17,177,2,0
1196,1000000US170310208024006,48,4,1,0,2,0,41,7,0,41,44,0,19,16,3,78,0,0
1197,1000000US170310208024007,6,0,0,3,2,0,4,2,0,4,6,0,2,2,0,6,3,0
1198,1000000US170310208024008,160,31,29,1,40,0,62,98,0,62,129,6,72,70,2,214,1,2
1199,1000000US170310208024009,111,55,14,0,9,0,33,78,0,33,56,1,55,52,3,141,0,0
1200,1000000US170310208024010,46,32,0,0,7,0,7,39,0,7,14,0,18,17,1,54,0,0
1201,1000000US170310208024011,43,7,3,0,23,0,10,33,0,10,36,4,14,14,0,56,0,0
1202,1000000US170310208024012,0,0,0,0,0,0,0,0,0,0,0,0,0,0,0,0,0,0
1203,1000000US170310208024013,46,1,2,1,36,0,6,40,0,6,45,3,13,13,0,71,1,0
1204,1000000US170310208024014,102,15,12,1,45,0,29,73,0,29,87,5,50,45,5,146,1,0
1205,1000000US170310208024015,79,15,3,7,32,0,24,55,0,24,64,3,35,33,2,96,7,0
1206,1000000US170310208024016,42,30,1,0,0,0,11,31,0,11,12,0,19,19,0,49,0,0
1207,1000000US170310208024017,45,22,2,0,16,0,7,38,0,7,23,3,19,19,0,62,0,2
1208,1000000US170310208024018,29,7,3,0,8,0,11,18,0,11,22,1,9,9,0,40,0,0
1209,1000000US170310208024019,29,5,1,0,7,0,18,11,0,18,24,2,9,9,0,38,0,0
1210,1000000US170310208024020,39,18,0,0,15,0,5,34,0,5,21,0,18,18,0,48,0,0
1211,1000000US170310209011000,604,127,158,7,257,0,66,538,0,66,477,18,343,279,64,860,6,13
1212,1000000US170310209011001,0,0,0,0,0,0,0,0,0,0,0,0,0,0,0,0,0,0
1213,1000000US170310209011002,35,7,14,0,14,0,0,35,0,0,28,0,15,13,2,37,0,0
1214,1000000US170310209011003,51,2,0,1,48,2,1,50,0,1,49,3,27,25,2,54,1,0
1215,1000000US170310209011004,33,5,0,1,22,0,5,28,0,5,28,2,21,18,3,35,1,0
1216,1000000US170310209011005,61,18,7,0,26,0,11,50,0,11,43,0,33,26,7,80,0,0
1217,1000000US170310209011006,83,42,11,0,11,0,20,63,0,20,41,1,45,45,0,109,0,0
1218,1000000US170310209011007,106,24,29,3,31,0,14,92,0,14,82,7,57,49,8,153,2,0
1219,1000000US170310209011008,108,22,23,1,20,0,45,63,0,45,86,3,50,39,11,138,0,2
1220,1000000US170310209011009,130,37,27,1,21,0,46,84,0,46,93,6,62,52,10,179,0,1
1221,1000000US170310209011010,127,39,15,0,43,0,31,96,0,31,88,3,61,56,5,165,0,0
1222,1000000US170310209011011,116,24,10,5,49,0,22,94,0,22,92,3,64,46,18,142,5,0
1223,1000000US170310209011012,0,0,0,0,0,0,0,0,0,0,0,0,0,0,0,0,0,0
1224,1000000US170310209011013,103,59,11,1,10,0,22,81,0,22,44,1,56,54,2,137,1,0
1225,1000000US170310209012000,110,55,9,0,36,0,9,101,0,9,55,1,64,61,3,144,0,0
1226,1000000US170310209012001,70,21,15,0,14,0,22,48,0,22,49,7,32,32,0,105,0,2
1227,1000000US170310209012002,22,8,2,0,9,0,3,19,0,3,14,2,11,9,2,32,0,0
1228,1000000US170310209012003,25,13,2,0,5,0,5,20,0,5,12,2,13,13,0,35,0,0
1229,1000000US170310209012004,89,30,23,1,14,0,21,68,0,21,59,2,57,50,7,114,1,0
1230,1000000US170310209012005,40,11,13,1,6,1,12,28,0,12,29,2,21,20,1,60,0,2
1231,1000000US170310209012006,34,12,11,2,7,0,7,27,0,7,22,1,25,22,3,51,2,3
1232,1000000US170310209012007,58,13,12,0,9,0,25,33,0,25,45,1,21,20,1,73,0,0
1233,1000000US170310209012008,116,43,49,1,8,0,17,99,0,17,73,5,77,69,8,143,1,2
1234,1000000US170310209012009,82,19,21,1,23,0,22,60,0,22,63,5,40,39,1,104,0,3
1235,1000000US170310209013000,45,12,13,1,2,0,18,27,0,18,33,2,26,21,5,57,0,0
1236,1000000US170310209013001,199,67,31,4,31,0,71,128,0,71,132,10,121,99,22,257,3,3
1237,1000000US170310209013002,149,40,21,2,22,0,67,82,0,67,109,7,72,61,11,197,1,1
1238,1000000US170310209013003,163,36,31,0,49,1,47,116,0,47,127,10,83,71,12,220,0,0
1239,1000000US170310209013004,151,31,56,4,8,2,54,97,0,54,120,3,90,68,22,229,3,0
1240,1000000US170310209013005,131,26,37,2,19,0,53,78,0,53,105,4,85,61,24,191,2,4
1241,1000000US170310209013006,18,2,0,0,5,1,10,8,0,10,16,0,12,10,2,33,0,0
1242,1000000US170310209013007,0,0,0,0,0,0,0,0,0,0,0,0,0,0,0,0,0,0
1243,1000000US170310209013008,86,27,24,0,14,0,22,64,0,22,59,0,40,29,11,112,0,0
1244,1000000US170310209013009,139,47,10,1,22,0,62,77,0,62,92,4,79,61,18,198,1,1
1245,1000000US170310209013010,126,42,25,0,25,1,36,90,0,36,84,2,62,57,5,180,0,2
1246,1000000US170310209013011,65,29,7,0,4,0,25,40,0,25,36,0,32,30,2,80,0,0
1247,1000000US170310209013012,67,15,10,0,16,0,26,41,0,26,52,0,35,32,3,92,0,0
1248,1000000US170310209013013,84,30,12,0,12,0,30,54,0,30,54,0,45,37,8,120,0,0
1249,1000000US170310209013014,3,3,0,0,0,0,0,3,0,0,0,0,6,3,3,3,0,0
1250,1000000US170310209013015,2,2,0,0,0,0,0,2,0,0,0,0,2,2,0,2,0,0
1251,1000000US170310209013016,5,0,5,0,0,0,0,5,0,0,5,0,2,2,0,5,0,0
1252,1000000US170310209013017,89,15,30,0,17,0,27,62,0,27,74,1,47,43,4,118,0,0
1253,1000000US170310209013018,74,19,11,2,15,0,30,44,0,30,55,5,39,33,6,116,2,0
1254,1000000US170310209013019,56,22,13,0,14,0,7,49,0,7,34,5,40,33,7,61,0,0
1255,1000000US170310209021000,0,0,0,0,0,0,0,0,0,0,0,0,0,0,0,0,0,0
1256,1000000US170310209021001,0,0,0,0,0,0,0,0,0,0,0,0,0,0,0,0,0,0
1257,1000000US170310209021002,104,38,14,2,28,0,21,83,0,21,66,4,54,52,2,137,0,0
1258,1000000US170310209021003,48,46,1,0,1,0,0,48,0,0,2,0,0,0,0,48,0,0
1259,1000000US170310209021004,44,38,3,0,1,0,2,42,0,2,6,0,0,0,0,50,0,0
1260,1000000US170310209021005,118,68,28,0,4,0,16,102,0,16,50,0,1,1,0,118,0,0
1261,1000000US170310209021006,214,191,10,0,5,0,10,204,0,10,23,2,1,1,0,223,0,1
1262,1000000US170310209021007,24,23,0,0,0,0,1,23,0,1,1,0,0,0,0,24,0,0
1263,1000000US170310209021008,113,36,15,0,40,3,20,93,0,20,77,9,56,55,1,140,0,0
1264,1000000US170310209021009,0,0,0,0,0,0,0,0,0,0,0,0,0,0,0,0,0,0
1265,1000000US170310209021010,0,0,0,0,0,0,0,0,0,0,0,0,0,0,0,0,0,0
1266,1000000US170310209021011,0,0,0,0,0,0,0,0,0,0,0,0,0,0,0,0,0,0
1267,1000000US170310209021012,0,0,0,0,0,0,0,0,0,0,0,0,0,0,0,0,0,0
1268,1000000US170310209021013,200,79,9,3,86,0,27,173,0,27,121,5,127,117,10,236,1,0
1269,1000000US170310209021014,132,48,20,2,29,0,38,94,0,38,84,9,92,79,13,169,2,0
1270,1000000US170310209021015,130,50,7,0,64,0,9,121,0,9,80,0,78,68,10,149,0,0
1271,1000000US170310209021016,187,33,21,0,99,0,34,153,0,34,154,12,66,65,1,241,0,0
1272,1000000US170310209021017,25,13,4,0,0,0,8,17,0,8,12,0,22,14,8,36,0,0
1273,1000000US170310209021018,119,62,11,3,29,0,16,103,0,16,57,2,72,66,6,135,1,1
1274,1000000US170310209021019,60,19,4,0,36,0,1,59,0,1,41,0,27,25,2,75,0,0
1275,1000000US170310209021020,43,21,7,0,1,0,15,28,0,15,22,5,27,22,5,58,0,1
1276,1000000US170310209021021,27,9,0,0,12,0,6,21,0,6,18,0,16,15,1,38,0,0
1277,1000000US170310209021022,302,124,83,4,33,0,61,241,0,61,178,4,217,213,4,333,4,0
1278,1000000US170310209021023,0,0,0,0,0,0,0,0,0,0,0,0,0,0,0,0,0,0
1279,1000000US170310209021024,0,0,0,0,0,0,0,0,0,0,0,0,0,0,0,0,0,0
1280,1000000US170310209021025,0,0,0,0,0,0,0,0,0,0,0,0,0,0,0,0,0,0
1281,1000000US170310209021026,38,18,3,0,8,0,9,29,0,9,20,0,20,20,0,53,0,0
1282,1000000US170310209021027,9,3,0,0,6,0,0,9,0,0,6,0,6,6,0,9,0,0
1283,1000000US170310209022000,66,17,18,1,17,3,16,50,0,16,49,2,33,26,7,80,1,1
1284,1000000US170310209022001,110,62,7,0,34,0,8,102,0,8,48,0,64,59,5,151,0,0
1285,1000000US170310209022002,221,93,18,3,100,0,7,214,0,7,128,8,129,119,10,302,3,0
1286,1000000US170310209022003,223,65,35,0,57,0,62,161,0,62,158,4,129,114,15,294,0,1
1287,1000000US170310209022004,159,70,16,0,41,1,32,127,0,32,89,5,82,70,12,212,0,0
1288,1000000US170310209022005,151,75,13,1,43,1,19,132,0,19,76,7,92,85,7,186,1,0
1289,1000000US170310209022006,10,4,1,0,0,0,6,4,0,6,6,0,5,5,0,14,0,1
1290,1000000US170310209022007,103,18,38,0,6,0,41,62,0,41,85,1,62,51,11,159,0,0
1291,1000000US170310209022008,123,90,5,0,17,0,11,112,0,11,33,0,60,58,2,157,0,0
1292,1000000US170310209022009,161,72,32,3,35,1,22,139,0,22,89,8,87,76,11,220,0,0
1293,1000000US170310209022010,46,9,2,0,26,0,9,37,0,9,37,0,20,18,2,78,0,0
1294,1000000US170310209022011,84,19,8,1,33,5,22,62,0,22,65,8,45,43,2,108,1,1
1295,1000000US170310209022012,46,32,6,0,4,0,4,42,0,4,14,2,21,21,0,53,0,0
1296,1000000US170310301011000,33,28,1,0,0,0,4,29,0,4,5,0,23,23,0,33,0,0
1297,1000000US170310301011001,410,153,173,4,33,0,58,352,0,58,257,15,358,293,65,465,3,3
1298,1000000US170310301011002,380,106,107,6,57,0,108,272,0,108,274,15,268,250,18,475,6,1
1299,1000000US170310301011003,8,0,0,0,0,0,7,1,0,7,8,0,3,2,1,9,0,0
1300,1000000US170310301012000,474,236,102,3,98,0,40,434,0,40,238,10,377,343,34,507,3,5
1301,1000000US170310301013000,525,239,162,3,64,0,63,462,0,63,286,25,391,366,25,619,2,7
1302,1000000US170310301013001,444,154,208,6,38,2,50,394,0,50,290,14,301,287,14,532,6,7
1303,1000000US170310301014000,0,0,0,0,0,0,0,0,0,0,0,0,0,0,0,0,0,0
1304,1000000US170310301014001,704,427,101,13,117,0,66,638,0,66,277,17,498,458,40,759,6,5
1305,1000000US170310301014002,469,337,40,5,54,1,40,429,0,40,132,9,350,312,38,494,3,5
1306,1000000US170310301021000,0,0,0,0,0,0,0,0,0,0,0,0,0,0,0,0,0,0
1307,1000000US170310301021001,377,254,44,5,50,0,32,345,0,32,123,7,269,241,28,413,4,4
1308,1000000US170310301021002,574,427,53,6,56,0,40,534,0,40,147,15,394,364,30,607,3,2
1309,1000000US170310301022000,434,230,112,8,38,6,48,386,0,48,204,23,416,351,65,440,5,3
1310,1000000US170310301022001,352,168,87,9,37,1,60,292,0,60,184,16,249,238,11,400,6,2
1311,1000000US170310301022002,4,0,0,0,0,1,3,1,0,3,4,0,11,2,9,6,0,0
1312,1000000US170310301022003,45,33,3,0,4,0,5,40,0,5,12,0,31,29,2,48,0,0
1313,1000000US170310301022004,95,60,27,0,0,0,8,87,0,8,35,0,68,62,6,113,0,0
1314,1000000US170310301023000,473,233,123,1,87,0,32,441,0,32,240,9,309,273,36,523,0,3
1315,1000000US170310301023001,217,73,97,4,25,2,22,195,0,22,144,9,166,153,13,258,2,2
1316,1000000US170310301023002,325,144,108,5,25,1,48,277,0,48,181,8,194,181,13,396,4,1
1317,1000000US170310301031000,421,233,94,7,47,0,44,377,0,44,188,7,189,170,19,433,3,1
1318,1000000US170310301031001,0,0,0,0,0,0,0,0,0,0,0,0,0,0,0,0,0,0
1319,1000000US170310301031002,201,106,32,2,46,0,16,185,0,16,95,8,156,124,32,217,0,0
1320,1000000US170310301031003,0,0,0,0,0,0,0,0,0,0,0,0,0,0,0,0,0,0
1321,1000000US170310301031004,141,87,20,3,20,0,16,125,0,16,54,4,146,82,64,154,1,0
1322,1000000US170310301032000,0,0,0,0,0,0,0,0,0,0,0,0,0,0,0,0,0,0
1323,1000000US170310301032001,71,58,4,4,4,0,4,67,0,4,13,4,50,50,0,74,2,0
1324,1000000US170310301032002,0,0,0,0,0,0,0,0,0,0,0,0,0,0,0,0,0,0
1325,1000000US170310301032003,362,184,90,3,49,0,36,326,0,36,178,10,151,135,16,371,1,1
1326,1000000US170310301032004,287,153,58,4,54,0,24,263,0,24,134,12,250,245,5,295,2,3
1327,1000000US170310301032005,361,208,48,0,74,0,29,332,0,29,153,10,311,278,33,384,0,1
1328,1000000US170310301041000,0,0,0,0,0,0,0,0,0,0,0,0,0,0,0,0,0,0
1329,1000000US170310301041001,685,409,65,4,180,0,34,651,0,34,276,16,515,453,62,730,2,0
1330,1000000US170310301041002,242,144,24,1,50,0,22,220,0,22,98,0,168,148,20,259,1,0
1331,1000000US170310301041003,225,151,17,1,45,2,10,215,0,10,74,5,59,53,6,227,1,0
1332,1000000US170310301041004,261,204,21,3,20,0,16,245,0,16,57,11,45,40,5,264,1,1
1333,1000000US170310301041005,740,531,30,4,120,1,60,680,0,60,209,19,35,30,5,750,1,2
1334,1000000US170310301041006,635,430,83,5,68,3,63,572,0,63,205,25,76,54,22,638,3,7
1335,1000000US170310301041007,0,0,0,0,0,0,0,0,0,0,0,0,0,0,0,0,0,0
1336,1000000US170310301041008,0,0,0,0,0,0,0,0,0,0,0,0,0,0,0,0,0,0
1337,1000000US170310301041009,0,0,0,0,0,0,0,0,0,0,0,0,2,0,2,0,0,0
1338,1000000US170310301042000,551,264,67,3,178,2,41,510,0,41,287,11,262,249,13,580,1,2
1339,1000000US170310301042001,213,50,107,4,35,0,21,192,0,21,163,7,195,162,33,233,1,0
1340,1000000US170310302001000,20,14,2,0,3,1,0,20,0,0,6,0,9,8,1,20,0,0
1341,1000000US170310302001001,114,60,21,2,16,0,20,94,0,20,54,3,85,70,15,125,2,3
1342,1000000US170310302001002,129,71,16,3,7,0,39,90,0,39,58,4,77,71,6,173,3,2
1343,1000000US170310302001003,144,73,26,2,31,0,14,130,0,14,71,5,83,80,3,165,1,1
1344,1000000US170310302001004,87,59,13,0,6,0,9,78,0,9,28,0,52,44,8,94,0,0
1345,1000000US170310302001005,103,77,10,0,10,0,10,93,0,10,26,5,64,57,7,121,0,2
1346,1000000US170310302001006,175,140,22,3,5,0,10,165,0,10,35,2,130,119,11,198,2,4
1347,1000000US170310302001007,46,39,7,0,0,0,0,46,0,0,7,0,29,27,2,54,0,0
1348,1000000US170310302001008,52,39,3,2,5,0,4,48,0,4,13,1,30,30,0,53,2,0
1349,1000000US170310302001009,45,38,1,2,4,0,0,45,0,0,7,3,25,23,2,53,0,0
1350,1000000US170310302001010,106,72,4,1,12,0,15,91,0,15,34,2,57,56,1,130,0,0
1351,1000000US170310302001011,81,71,2,1,4,0,3,78,0,3,10,1,50,46,4,90,0,0
1352,1000000US170310302001012,45,26,10,0,4,0,5,40,0,5,19,0,22,21,1,54,0,0
1353,1000000US170310302001013,82,28,22,2,4,0,26,56,0,26,54,0,72,56,16,87,2,0
1354,1000000US170310302001014,25,17,1,0,4,0,4,21,0,4,8,0,17,15,2,30,0,1
1355,1000000US170310302001015,59,55,2,0,1,0,2,57,0,2,4,0,40,37,3,65,0,1
1356,1000000US170310302001016,71,55,7,1,5,0,3,68,0,3,16,1,50,47,3,82,0,0
1357,1000000US170310302001017,66,54,4,0,0,0,7,59,0,7,12,1,37,35,2,74,0,0
1358,1000000US170310302001018,74,48,12,5,3,0,11,63,0,11,26,1,45,42,3,89,5,1
1359,1000000US170310302002000,0,0,0,0,0,0,0,0,0,0,0,0,0,0,0,0,0,0
1360,1000000US170310302002001,138,104,5,1,13,0,14,124,0,14,34,6,94,89,5,153,0,0
1361,1000000US170310302002002,63,56,2,0,0,0,5,58,0,5,7,0,34,34,0,76,0,0
1362,1000000US170310302002003,128,96,17,3,8,0,10,118,0,10,32,5,97,92,5,144,0,2
1363,1000000US170310302002004,59,52,4,0,1,0,3,56,0,3,7,3,44,33,11,62,0,0
1364,1000000US170310302002005,93,69,5,0,8,0,11,82,0,11,24,2,49,47,2,115,0,0
1365,1000000US170310302002006,102,87,4,1,4,0,6,96,0,6,15,2,60,58,2,122,0,0
1366,1000000US170310302002007,20,16,1,0,2,0,1,19,0,1,4,2,12,11,1,20,0,0
1367,1000000US170310302002008,12,11,0,1,0,0,0,12,0,0,1,1,12,7,5,14,0,0
1368,1000000US170310302002009,62,55,0,0,1,0,4,58,0,4,7,0,33,31,2,82,0,0
1369,1000000US170310302002010,84,65,10,0,7,0,3,81,0,3,19,5,54,50,4,104,0,0
1370,1000000US170310302002011,108,68,8,0,23,0,9,99,0,9,40,3,58,53,5,128,0,0
1371,1000000US170310302002012,5,2,0,0,0,0,3,2,0,3,3,0,3,2,1,5,0,0
1372,1000000US170310302002013,147,110,2,1,21,0,13,134,0,13,37,8,94,86,8,160,1,0
1373,1000000US170310302002014,50,39,3,0,4,0,4,46,0,4,11,1,34,31,3,51,0,0
1374,1000000US170310302002015,75,53,12,1,3,1,6,69,0,6,22,3,54,50,4,79,0,0
1375,1000000US170310302003000,41,34,0,0,2,0,5,36,0,5,7,0,19,19,0,50,0,0
1376,1000000US170310302003001,74,46,9,0,10,0,9,65,0,9,28,0,44,40,4,86,0,0
1377,1000000US170310302003002,40,31,4,0,5,0,0,40,0,0,9,1,22,22,0,64,0,0
1378,1000000US170310302003003,36,30,1,2,0,0,4,32,0,4,6,2,21,20,1,40,1,0
1379,1000000US170310302003004,35,32,0,0,2,0,2,33,0,2,3,0,20,20,0,60,0,0
1380,1000000US170310302003005,35,21,1,0,9,0,3,32,0,3,14,0,15,15,0,48,0,0
1381,1000000US170310302003006,25,19,4,0,2,0,0,25,0,0,6,0,13,13,0,40,0,0
1382,1000000US170310302003007,47,38,1,0,6,0,2,45,0,2,9,1,24,24,0,60,0,0
1383,1000000US170310302003008,36,30,0,0,6,0,0,36,0,0,6,0,18,18,0,57,0,0
1384,1000000US170310302003009,29,24,0,0,0,0,5,24,0,5,5,0,15,15,0,42,0,0
1385,1000000US170310302003010,22,21,0,0,1,0,0,22,0,0,1,0,15,12,3,30,0,0
1386,1000000US170310302003011,34,31,0,0,0,0,2,32,0,2,3,0,17,17,0,54,0,0
1387,1000000US170310302003012,34,29,2,0,2,0,2,32,0,2,5,0,17,17,0,52,0,1
1388,1000000US170310302003013,25,22,0,0,0,0,3,22,0,3,3,0,15,14,1,38,0,0
1389,1000000US170310302003014,51,33,5,1,9,0,3,48,0,3,18,3,27,25,2,62,0,0
1390,1000000US170310302003015,154,72,20,6,33,0,28,126,0,28,82,3,81,73,8,226,5,0
1391,1000000US170310302004000,8,8,0,0,0,0,0,8,0,0,0,0,5,5,0,16,0,0
1392,1000000US170310302004001,45,14,2,0,9,0,20,25,0,20,31,4,19,19,0,52,0,0
1393,1000000US170310302004002,56,20,6,0,8,3,22,34,0,22,36,0,29,24,5,77,0,0
1394,1000000US170310302004003,16,2,0,0,0,0,14,2,0,14,14,0,5,4,1,22,0,0
1395,1000000US170310302004004,49,42,3,1,2,0,1,48,0,1,7,2,32,26,6,58,0,0
1396,1000000US170310302004005,51,35,5,1,5,0,4,47,0,4,16,2,26,25,1,61,0,0
1397,1000000US170310302004006,61,42,6,0,1,0,13,48,0,13,19,0,39,39,0,71,0,1
1398,1000000US170310302004007,55,44,2,1,2,0,6,49,0,6,11,2,32,31,1,72,0,0
1399,1000000US170310302004008,70,31,11,4,0,0,29,41,0,29,39,4,35,31,4,98,3,1
1400,1000000US170310302004009,16,14,2,0,0,0,0,16,0,0,2,0,7,7,0,16,0,0
1401,1000000US170310302004010,66,32,8,1,8,0,18,48,0,18,34,0,39,37,2,88,1,0
1402,1000000US170310302004011,86,60,11,0,8,0,10,76,0,10,26,5,66,61,5,101,0,2
1403,1000000US170310302004012,84,62,12,4,0,0,10,74,0,10,22,3,45,42,3,85,2,0
1404,1000000US170310302004013,77,59,5,1,7,0,5,72,0,5,18,2,62,57,5,85,0,0
1405,1000000US170310302004014,22,19,0,0,1,1,1,21,0,1,3,0,14,14,0,28,0,0
1406,1000000US170310302004015,57,46,0,2,3,0,6,51,0,6,11,0,28,28,0,68,2,0
1407,1000000US170310302004016,104,63,16,2,11,0,14,90,0,14,41,0,56,54,2,120,2,1
1408,1000000US170310302004017,69,60,1,0,0,0,6,63,0,6,9,0,51,43,8,76,0,0
1409,1000000US170310302004018,61,29,7,0,15,0,10,51,0,10,32,1,33,30,3,73,0,0
1410,1000000US170310302004019,11,4,0,0,3,0,4,7,0,4,7,1,10,4,6,14,0,0
1411,1000000US170310302004020,7,7,0,0,0,0,0,7,0,0,0,0,4,4,0,7,0,0
1412,1000000US170310302004021,0,0,0,0,0,0,0,0,0,0,0,0,0,0,0,0,0,0
1413,1000000US170310303001000,34,14,4,1,0,0,16,18,0,16,20,1,16,15,1,40,0,0
1414,1000000US170310303001001,81,24,17,2,10,0,32,49,0,32,57,2,45,40,5,106,2,1
1415,1000000US170310303001002,0,0,0,0,0,0,0,0,0,0,0,0,0,0,0,0,0,0
1416,1000000US170310303001003,76,26,13,0,12,1,26,50,0,26,50,0,51,47,4,94,0,1
1417,1000000US170310303001004,53,16,10,0,5,0,22,31,0,22,37,1,23,22,1,76,0,0
1418,1000000US170310303001005,24,12,5,1,0,1,7,17,0,7,12,6,10,10,0,32,0,0
1419,1000000US170310303001006,0,0,0,0,0,0,0,0,0,0,0,0,0,0,0,0,0,0
1420,1000000US170310303001007,77,43,8,1,17,0,8,69,0,8,34,5,37,37,0,98,1,0
1421,1000000US170310303001008,15,8,0,0,0,0,7,8,0,7,7,0,12,9,3,18,0,0
1422,1000000US170310303001009,7,5,0,0,0,0,2,5,0,2,2,1,5,4,1,8,0,0
1423,1000000US170310303001010,42,17,6,0,1,0,18,24,0,18,25,0,20,20,0,53,0,0
1424,1000000US170310303001011,16,1,0,0,2,0,13,3,0,13,15,0,3,3,0,26,0,0
1425,1000000US170310303001012,106,29,12,7,27,0,38,68,0,38,77,3,55,51,4,144,7,0
1426,1000000US170310303001013,68,18,9,0,19,0,24,44,0,24,50,4,26,26,0,90,0,2
1427,1000000US170310303001014,111,36,28,0,25,0,22,89,0,22,75,8,62,62,0,140,0,0
1428,1000000US170310303001015,59,9,18,0,20,2,12,47,0,12,50,7,35,25,10,81,0,0
1429,1000000US170310303001016,60,6,7,0,29,0,18,42,0,18,54,0,20,19,1,74,0,0
1430,1000000US170310303001017,94,39,12,0,15,1,29,65,0,29,55,5,58,48,10,102,0,0
1431,1000000US170310303001018,174,110,19,2,17,0,24,150,0,24,64,5,134,130,4,191,1,0
1432,1000000US170310303001019,15,5,6,3,0,0,4,11,0,4,10,0,8,7,1,21,3,0
1433,1000000US170310303001020,44,9,2,0,16,0,17,27,0,17,35,0,18,18,0,54,0,0
1434,1000000US170310303001021,40,11,4,0,4,0,21,19,0,21,29,1,18,15,3,53,0,0
1435,1000000US170310303001022,117,32,16,4,5,0,64,53,0,64,85,0,60,54,6,173,4,0
1436,1000000US170310303001023,31,23,3,0,4,0,1,30,0,1,8,0,15,15,0,38,0,0
1437,1000000US170310303002000,25,20,0,0,0,0,5,20,0,5,5,0,12,11,1,31,0,0
1438,1000000US170310303002001,40,23,3,3,9,0,5,35,0,5,17,0,28,24,4,44,3,0
1439,1000000US170310303002002,33,15,9,0,1,0,8,25,0,8,18,0,20,17,3,41,0,0
1440,1000000US170310303002003,184,53,61,4,8,0,64,120,0,64,131,5,95,80,15,255,3,5
1441,1000000US170310303002004,112,20,9,13,7,0,76,36,0,76,92,12,63,58,5,166,7,1
1442,1000000US170310303002005,52,24,0,0,2,0,26,26,0,26,28,0,22,21,1,66,0,0
1443,1000000US170310303002006,0,0,0,0,0,0,0,0,0,0,0,0,0,0,0,0,0,0
1444,1000000US170310303002007,103,46,14,2,15,0,28,75,0,28,57,5,61,58,3,131,1,0
1445,1000000US170310303002008,26,23,0,0,2,0,1,25,0,1,3,0,18,15,3,29,0,0
1446,1000000US170310303002009,71,44,9,4,11,0,8,63,0,8,27,2,40,40,0,75,4,1
1447,1000000US170310303002010,95,59,3,2,4,0,30,65,0,30,36,0,48,45,3,121,2,1
1448,1000000US170310303002011,178,90,17,3,22,0,47,131,0,47,88,14,106,91,15,208,1,0
1449,1000000US170310303002012,0,0,0,0,0,0,0,0,0,0,0,0,0,0,0,0,0,0
1450,1000000US170310303002013,65,16,17,0,2,0,30,35,0,30,49,1,36,32,4,90,0,0
1451,1000000US170310303002014,67,19,5,1,4,0,40,27,0,40,48,1,36,34,2,102,1,1
1452,1000000US170310303002015,244,116,16,2,82,0,29,215,0,29,128,2,205,190,15,251,1,0
1453,1000000US170310304001000,0,0,0,0,0,0,0,0,0,0,0,0,0,0,0,0,0,0
1454,1000000US170310304001001,35,10,5,0,0,0,21,14,0,21,25,0,19,19,0,49,0,1
1455,1000000US170310304001002,276,123,54,6,10,3,92,184,0,92,153,9,189,188,1,315,6,6
1456,1000000US170310304001003,32,28,1,0,1,0,3,29,0,3,4,1,18,17,1,33,0,1
1457,1000000US170310304001004,24,19,3,0,1,0,1,23,0,1,5,0,14,13,1,32,0,0
1458,1000000US170310304001005,119,99,4,2,8,0,8,111,0,8,20,4,84,78,6,133,0,1
1459,1000000US170310304001006,144,88,26,1,9,2,19,125,0,19,56,3,111,96,15,152,0,0
1460,1000000US170310304001007,82,37,6,1,11,0,32,50,0,32,45,5,71,57,14,108,1,4
1461,1000000US170310304001008,31,19,0,0,8,0,7,24,0,7,12,3,17,16,1,39,0,0
1462,1000000US170310304001009,30,19,0,0,1,0,10,20,0,10,11,0,19,16,3,36,0,0
1463,1000000US170310304001010,39,36,0,0,1,0,2,37,0,2,3,1,32,27,5,44,0,0
1464,1000000US170310304001011,25,18,5,1,1,0,2,23,0,2,7,1,16,16,0,26,1,1
1465,1000000US170310304001012,52,40,6,0,3,0,5,47,0,5,12,2,45,41,4,53,0,1
1466,1000000US170310304001013,11,9,0,0,0,0,2,9,0,2,2,0,6,6,0,15,0,0
1467,1000000US170310304001014,28,8,6,4,16,0,4,24,0,4,20,7,12,12,0,29,0,0
1468,1000000US170310304001015,46,18,1,0,9,0,18,28,0,18,28,0,25,24,1,54,0,0
1469,1000000US170310304001016,40,28,0,0,9,0,3,37,0,3,12,2,23,21,2,43,0,0
1470,1000000US170310304001017,41,24,7,0,5,0,6,35,0,6,17,0,19,19,0,53,0,1
1471,1000000US170310304001018,45,18,7,0,8,1,12,33,0,12,27,1,33,25,8,52,0,0
1472,1000000US170310304001019,25,4,0,0,18,0,3,22,0,3,21,1,12,12,0,32,0,0
1473,1000000US170310304001020,14,6,0,0,0,0,8,6,0,8,8,0,7,7,0,26,0,0
1474,1000000US170310304001021,23,11,0,1,3,0,7,16,0,7,12,0,17,16,1,29,1,0
1475,1000000US170310304001022,17,14,0,0,2,0,1,16,0,1,3,0,10,10,0,21,0,0
1476,1000000US170310304002000,0,0,0,0,0,0,0,0,0,0,0,0,0,0,0,0,0,0
1477,1000000US170310304002001,48,33,0,1,11,0,3,45,0,3,15,1,24,24,0,59,0,0
1478,1000000US170310304002002,104,59,4,1,14,0,27,77,0,27,45,9,63,54,9,133,0,0
1479,1000000US170310304002003,87,46,4,0,26,0,16,71,0,16,41,1,45,42,3,99,0,0
1480,1000000US170310304002004,0,0,0,0,0,0,0,0,0,0,0,0,0,0,0,0,0,0
1481,1000000US170310304002005,0,0,0,0,0,0,0,0,0,0,0,0,0,0,0,0,0,0
1482,1000000US170310304002006,17,7,1,2,3,0,7,10,0,7,10,2,12,9,3,22,1,0
1483,1000000US170310304002007,126,19,4,0,5,0,100,26,0,100,107,5,76,63,13,204,0,2
1484,1000000US170310304002008,49,21,4,0,5,0,19,30,0,19,28,1,26,25,1,68,0,0
1485,1000000US170310304002009,77,46,4,2,10,0,18,59,0,18,31,5,42,41,1,96,1,0
1486,1000000US170310304002010,84,34,11,0,17,1,23,61,0,23,50,1,39,32,7,95,0,0
1487,1000000US170310304002011,32,8,0,0,7,0,16,16,0,16,24,2,18,16,2,41,0,0
1488,1000000US170310304002012,18,16,1,0,0,0,1,17,0,1,2,1,14,11,3,18,0,0
1489,1000000US170310304002013,28,19,0,0,0,0,9,19,0,9,9,0,12,12,0,41,0,0
1490,1000000US170310304002014,119,54,1,1,25,0,39,80,0,39,65,3,61,59,2,149,1,0
1491,1000000US170310304002015,81,54,4,0,10,0,13,68,0,13,27,1,50,46,4,100,0,0
1492,1000000US170310304002016,25,14,3,0,2,0,6,19,0,6,11,0,12,12,0,30,0,0
1493,1000000US170310304002017,24,16,0,0,0,0,8,16,0,8,8,0,12,12,0,28,0,0
1494,1000000US170310304002018,100,59,8,1,17,1,14,86,0,14,41,3,62,57,5,127,0,0
1495,1000000US170310305001000,36,23,5,0,6,0,3,33,0,3,13,0,19,19,0,36,0,0
1496,1000000US170310305001001,51,29,0,0,8,0,14,37,0,14,22,0,31,30,1,60,0,0
1497,1000000US170310305001002,101,71,6,2,16,0,7,94,0,7,30,3,70,64,6,109,0,0
1498,1000000US170310305001003,102,81,7,0,11,0,3,99,0,3,21,3,56,54,2,113,0,0
1499,1000000US170310305001004,187,135,18,0,7,0,26,161,0,26,52,7,119,110,9,215,0,0
1500,1000000US170310305001005,52,43,1,1,4,0,3,49,0,3,9,3,35,32,3,58,0,0
1501,1000000US170310305001006,44,22,11,3,4,1,4,40,0,4,22,3,29,27,2,55,1,0
1502,1000000US170310305001007,0,0,0,0,0,0,0,0,0,0,0,0,1,0,1,0,0,0
1503,1000000US170310305001008,89,53,4,0,13,0,19,70,0,19,36,2,64,47,17,104,0,0
1504,1000000US170310305001009,136,92,10,3,9,0,23,113,0,23,44,3,79,73,6,157,2,1
1505,1000000US170310305001010,40,24,6,0,2,0,8,32,0,8,16,1,21,20,1,43,0,0
1506,1000000US170310305001011,134,86,10,0,5,1,33,101,0,33,48,7,70,66,4,156,0,0
1507,1000000US170310305001012,58,44,1,2,7,0,4,54,0,4,14,5,36,31,5,68,0,0
1508,1000000US170310305001013,25,19,1,0,0,0,4,21,0,4,6,1,16,15,1,26,0,0
1509,1000000US170310305002000,205,142,16,4,13,1,31,174,0,31,63,9,139,134,5,231,2,1
1510,1000000US170310305002001,6,1,1,0,0,0,4,2,0,4,5,0,6,2,4,9,0,0
1511,1000000US170310305002002,15,1,6,0,0,0,8,7,0,8,14,0,10,7,3,18,0,0
1512,1000000US170310305002003,0,0,0,0,0,0,0,0,0,0,0,0,0,0,0,0,0,0
1513,1000000US170310305002004,21,21,0,0,0,0,0,21,0,0,0,0,17,17,0,28,0,0
1514,1000000US170310305002005,84,2,2,7,1,0,79,5,0,79,82,5,48,42,6,118,7,0
1515,1000000US170310305002006,180,98,25,0,24,0,35,145,0,35,82,2,128,119,9,198,0,1
1516,1000000US170310305002007,63,58,3,0,2,0,0,63,0,0,5,0,37,37,0,74,0,0
1517,1000000US170310305002008,0,0,0,0,0,0,0,0,0,0,0,0,0,0,0,0,0,0
1518,1000000US170310305002009,5,5,0,0,0,0,0,5,0,0,0,0,3,3,0,9,0,0
1519,1000000US170310305002010,31,26,2,0,0,0,3,28,0,3,5,0,23,19,4,34,0,0
1520,1000000US170310305002011,194,77,32,13,2,0,84,110,0,84,117,5,110,100,10,250,13,1
1521,1000000US170310305002012,168,98,16,1,44,0,11,157,0,11,70,3,99,90,9,190,1,1
1522,1000000US170310305002013,228,146,37,1,11,0,33,195,0,33,82,2,62,59,3,242,0,0
1523,1000000US170310305002014,15,0,15,0,0,0,0,15,0,0,15,0,6,6,0,21,0,0
1524,1000000US170310305002015,0,0,0,0,0,0,0,0,0,0,0,0,0,0,0,0,0,0
1525,1000000US170310305002016,0,0,0,0,0,0,0,0,0,0,0,0,0,0,0,0,0,0
1526,1000000US170310305002017,153,62,21,9,6,1,67,86,0,67,91,11,83,76,7,194,3,0
1527,1000000US170310305002018,71,48,6,0,9,0,12,59,0,12,23,3,39,38,1,88,0,3
1528,1000000US170310305002019,128,75,5,3,13,0,34,94,0,34,53,5,68,65,3,149,0,1
1529,1000000US170310305002020,0,0,0,0,0,0,0,0,0,0,0,0,0,0,0,0,0,0
1530,1000000US170310305002021,68,29,1,1,2,3,34,34,0,34,39,8,38,37,1,80,0,0
1531,1000000US170310305003000,61,42,10,0,9,0,0,61,0,0,19,0,35,33,2,65,0,0
1532,1000000US170310305003001,13,11,2,0,0,0,0,13,0,0,2,0,8,8,0,16,0,0
1533,1000000US170310305003002,59,28,12,0,11,0,10,49,0,10,31,1,28,28,0,71,0,0
1534,1000000US170310305003003,71,55,8,0,3,0,5,66,0,5,16,2,51,46,5,81,0,0
1535,1000000US170310305003004,15,12,0,2,0,0,1,14,0,1,3,2,11,11,0,15,0,0
1536,1000000US170310305003005,47,18,6,1,4,0,19,28,0,19,29,2,30,28,2,62,0,0
1537,1000000US170310305003006,188,99,22,6,26,0,38,150,0,38,89,11,118,104,14,245,3,0
1538,1000000US170310305003007,6,6,0,0,0,0,0,6,0,0,0,0,4,4,0,7,0,0
1539,1000000US170310305003008,514,271,30,21,30,1,179,335,0,179,243,19,308,289,19,629,18,0
1540,1000000US170310305003009,5,5,0,0,0,0,0,5,0,0,0,0,2,2,0,5,0,0
1541,1000000US170310305003010,47,31,4,1,4,0,9,38,0,9,16,3,36,35,1,62,0,0
1542,1000000US170310305003011,74,49,8,0,10,0,8,66,0,8,25,0,49,36,13,92,0,1
1543,1000000US170310305003012,139,84,17,0,7,0,32,107,0,32,55,3,94,79,15,170,0,1
1544,1000000US170310305003013,58,35,4,0,3,0,16,42,0,16,23,1,44,41,3,61,0,0
1545,1000000US170310305003014,0,0,0,0,0,0,0,0,0,0,0,0,0,0,0,0,0,0
1546,1000000US170310305003015,0,0,0,0,0,0,0,0,0,0,0,0,0,0,0,0,0,0
1547,1000000US170310305003016,2,1,1,0,0,0,0,2,0,0,1,0,2,2,0,2,0,0
1548,1000000US170310305003017,61,43,5,0,4,0,11,50,0,11,18,1,63,54,9,63,0,0
1549,1000000US170310305003018,18,12,0,0,5,0,1,17,0,1,6,0,15,10,5,19,0,0
1550,1000000US170310305004000,59,32,6,5,11,0,10,49,0,10,27,1,31,29,2,64,5,0
1551,1000000US170310305004001,151,100,11,2,10,0,30,121,0,30,51,3,83,80,3,167,1,1
1552,1000000US170310305004002,14,7,4,0,1,0,2,12,0,2,7,2,11,11,0,17,0,0
1553,1000000US170310305004003,54,35,2,3,4,0,11,43,0,11,19,7,39,30,9,61,0,0
1554,1000000US170310305004004,131,81,12,2,15,0,23,108,0,23,50,3,74,65,9,161,1,3
1555,1000000US170310305004005,68,39,2,0,8,0,19,49,0,19,29,2,36,36,0,77,0,0
1556,1000000US170310305004006,37,13,0,0,0,0,24,13,0,24,24,0,15,15,0,55,0,0
1557,1000000US170310305004007,168,82,11,1,24,0,51,117,0,51,86,2,92,89,3,205,1,0
1558,1000000US170310305004008,62,35,1,1,5,0,20,42,0,20,27,2,30,27,3,77,1,0
1559,1000000US170310305004009,67,53,3,0,0,0,12,55,0,12,14,3,38,36,2,70,0,1
1560,1000000US170310305004010,79,65,2,0,3,0,9,70,0,9,14,0,58,48,10,90,0,0
1561,1000000US170310305004011,122,73,4,0,30,0,14,108,0,14,49,3,71,66,5,139,0,0
1562,1000000US170310305004012,36,27,0,0,2,0,7,29,0,7,9,1,30,23,7,41,0,0
1563,1000000US170310305004013,159,104,8,6,28,1,18,141,0,18,55,5,81,78,3,169,6,0
1564,1000000US170310305004014,171,106,13,1,33,1,22,149,0,22,65,10,96,88,8,204,0,3
1565,1000000US170310306011000,445,137,181,5,39,0,90,355,0,90,308,17,276,256,20,558,2,3
1566,1000000US170310306011001,561,224,214,8,51,1,77,484,0,77,337,20,404,369,35,639,6,5
1567,1000000US170310306012000,368,142,122,2,40,1,68,300,0,68,226,10,216,196,20,464,2,4
1568,1000000US170310306012001,65,44,12,0,6,0,3,62,0,3,21,2,35,32,3,78,0,0
1569,1000000US170310306012002,0,0,0,0,0,0,0,0,0,0,0,0,0,0,0,0,0,0
1570,1000000US170310306012003,0,0,0,0,0,0,0,0,0,0,0,0,0,0,0,0,0,0
1571,1000000US170310306012004,254,146,37,2,47,0,24,230,0,24,108,8,220,197,23,264,2,1
1572,1000000US170310306013000,0,0,0,0,0,0,0,0,0,0,0,0,0,0,0,0,0,0
1573,1000000US170310306013001,205,152,12,0,29,0,12,193,0,12,53,0,158,134,24,216,0,0
1574,1000000US170310306013002,740,318,247,10,113,0,55,685,0,55,422,21,397,364,33,823,7,1
1575,1000000US170310306013003,668,473,79,10,68,0,45,623,0,45,195,19,499,454,45,717,1,2
1576,1000000US170310306013004,233,151,37,1,28,0,14,219,0,14,82,7,172,151,21,253,0,0
1577,1000000US170310306031000,238,135,67,1,13,0,24,214,0,24,103,3,293,156,137,268,1,0
1578,1000000US170310306031001,410,171,102,6,75,1,66,344,0,66,239,8,318,293,25,455,6,5
1579,1000000US170310306031002,146,54,24,3,27,0,42,104,0,42,92,5,90,83,7,188,3,1
1580,1000000US170310306031003,2,2,0,0,0,0,0,2,0,0,0,0,2,1,1,2,0,0
1581,1000000US170310306031004,0,0,0,0,0,0,0,0,0,0,0,0,0,0,0,0,0,0
1582,1000000US170310306032000,327,89,190,2,13,3,34,293,0,34,238,11,262,222,40,402,2,1
1583,1000000US170310306032001,247,135,57,2,22,1,39,208,0,39,112,7,217,186,31,257,2,4
1584,1000000US170310306032002,427,175,105,14,33,0,116,311,0,116,252,19,357,316,41,496,12,6
1585,1000000US170310306032003,0,0,0,0,0,0,0,0,0,0,0,0,0,0,0,0,0,0
1586,1000000US170310306032004,27,16,8,0,0,0,3,24,0,3,11,1,17,16,1,27,0,0
1587,1000000US170310306041000,99,67,12,1,13,0,6,93,0,6,32,3,84,75,9,106,0,0
1588,1000000US170310306041001,0,0,0,0,0,0,0,0,0,0,0,0,0,0,0,0,0,0
1589,1000000US170310306041002,771,292,183,5,247,0,50,721,0,50,479,32,639,548,91,827,2,6
1590,1000000US170310306041003,284,97,95,7,57,1,35,249,0,35,187,8,196,175,21,323,5,2
1591,1000000US170310306042000,0,0,0,0,0,0,0,0,0,0,0,0,0,0,0,0,0,0
1592,1000000US170310306042001,838,549,91,3,135,3,63,775,0,63,289,25,650,571,79,895,0,2
1593,1000000US170310306042002,27,19,5,0,0,0,3,24,0,3,8,0,16,14,2,29,0,0
1594,1000000US170310306043000,486,219,143,1,73,5,62,424,0,62,267,22,460,352,108,545,1,6
1595,1000000US170310306043001,0,0,0,0,0,0,0,0,0,0,0,0,0,0,0,0,0,0
1596,1000000US170310306043002,0,0,0,0,0,0,0,0,0,0,0,0,0,0,0,0,0,0
1597,1000000US170310306043003,225,108,51,0,34,1,30,195,0,30,117,9,172,149,23,251,0,0
1598,1000000US170310307011000,442,211,149,9,26,0,59,383,0,59,231,14,206,193,13,468,7,3
1599,1000000US170310307011001,430,209,130,8,31,2,59,371,0,59,221,12,380,354,26,461,5,4
1600,1000000US170310307011002,194,106,45,2,27,1,21,173,0,21,88,6,152,138,14,221,2,5
1601,1000000US170310307011003,165,74,32,3,21,0,37,128,0,37,91,4,104,98,6,207,3,0
1602,1000000US170310307011004,134,71,17,1,16,0,30,104,0,30,63,6,98,85,13,148,0,0
1603,1000000US170310307011005,37,17,3,0,9,0,8,29,0,8,20,0,27,20,7,44,0,0
1604,1000000US170310307021000,930,522,88,6,241,1,77,853,0,77,408,28,700,661,39,978,5,6
1605,1000000US170310307022000,589,348,84,4,118,0,39,550,0,39,241,18,456,426,30,652,1,0
1606,1000000US170310307022001,0,0,0,0,0,0,0,0,0,0,0,0,0,0,0,0,0,0
1607,1000000US170310307031000,262,144,66,7,14,0,39,223,0,39,118,7,187,179,8,300,6,2
1608,1000000US170310307031001,2,0,2,0,0,0,0,2,0,0,2,0,1,1,0,3,0,0
1609,1000000US170310307031002,0,0,0,0,0,0,0,0,0,0,0,0,0,0,0,0,0,0
1610,1000000US170310307031003,0,0,0,0,0,0,0,0,0,0,0,0,0,0,0,0,0,0
1611,1000000US170310307031004,205,103,75,4,8,1,16,189,0,16,102,6,168,152,16,236,3,2
1612,1000000US170310307031005,174,121,9,2,10,0,33,141,0,33,53,3,101,96,5,208,1,0
1613,1000000US170310307031006,149,118,14,0,8,2,11,138,0,11,31,5,122,100,22,161,0,3
1614,1000000US170310307031007,0,0,0,0,0,0,0,0,0,0,0,0,0,0,0,0,0,0
1615,1000000US170310307032000,437,324,71,4,28,7,12,425,0,12,113,15,332,312,20,442,1,3
1616,1000000US170310307033000,281,111,93,3,44,1,40,241,0,40,170,10,302,191,111,317,2,7
1617,1000000US170310307033001,160,85,47,4,10,0,17,143,0,17,75,4,135,117,18,177,2,1
1618,1000000US170310307033002,0,0,0,0,0,0,0,0,0,0,0,0,0,0,0,0,0,0
1619,1000000US170310307033003,15,9,0,0,6,0,0,15,0,0,6,0,9,7,2,18,0,0
1620,1000000US170310307033004,107,63,27,7,3,0,9,98,0,9,44,1,78,73,5,119,7,1
1621,1000000US170310307033005,141,97,18,2,11,1,13,128,0,13,44,6,99,93,6,171,1,2
1622,1000000US170310307033006,200,132,33,1,22,0,18,182,0,18,68,6,114,108,6,227,0,4
1623,1000000US170310307033007,423,189,92,5,101,6,48,375,0,48,234,15,313,295,18,451,3,7
1624,1000000US170310307061000,0,0,0,0,0,0,0,0,0,0,0,0,0,0,0,0,0,0
1625,1000000US170310307061001,0,0,0,0,0,0,0,0,0,0,0,0,0,0,0,0,0,0
1626,1000000US170310307061002,0,0,0,0,0,0,0,0,0,0,0,0,0,0,0,0,0,0
1627,1000000US170310307061003,0,0,0,0,0,0,0,0,0,0,0,0,0,0,0,0,0,0
1628,1000000US170310307061004,0,0,0,0,0,0,0,0,0,0,0,0,0,0,0,0,0,0
1629,1000000US170310307061005,12,12,0,0,0,0,0,12,0,0,0,0,10,10,0,12,0,0
1630,1000000US170310307061006,445,418,3,1,14,0,9,436,0,9,27,2,367,314,53,472,0,0
1631,1000000US170310307061007,550,410,27,3,74,0,37,513,0,37,140,9,464,427,37,570,0,0
1632,1000000US170310307061008,3,2,0,0,0,0,1,2,0,1,1,0,3,3,0,3,0,0
1633,1000000US170310307061009,399,345,20,5,26,0,6,393,0,6,54,6,487,358,129,403,3,0
1634,1000000US170310307061010,0,0,0,0,0,0,0,0,0,0,0,0,0,0,0,0,0,0
1635,1000000US170310307061011,699,341,147,12,148,1,59,640,0,59,358,29,560,518,42,752,1,1
1636,1000000US170310307061012,0,0,0,0,0,0,0,0,0,0,0,0,0,0,0,0,0,0
1637,1000000US170310307062000,241,117,65,1,37,0,24,217,0,24,124,4,153,148,5,277,1,2
1638,1000000US170310307062001,226,127,20,2,56,0,25,201,0,25,99,3,129,124,5,251,1,0
1639,1000000US170310307062002,434,163,84,18,52,0,133,301,0,133,271,8,316,277,39,510,16,3
1640,1000000US170310307062003,294,160,99,5,14,2,22,272,0,22,134,9,205,196,9,349,4,4
1641,1000000US170310308001000,0,0,0,0,0,0,0,0,0,0,0,0,0,0,0,0,0,0
1642,1000000US170310308001001,106,62,12,5,12,0,20,86,0,20,44,3,82,67,15,115,5,2
1643,1000000US170310308001002,76,59,7,3,5,0,3,73,0,3,17,3,51,48,3,94,3,0
1644,1000000US170310308001003,39,35,0,0,1,0,3,36,0,3,4,0,27,24,3,49,0,0
1645,1000000US170310308001004,82,68,2,1,6,0,5,77,0,5,14,0,56,55,1,93,1,0
1646,1000000US170310308001005,32,30,0,0,0,0,2,30,0,2,2,0,16,15,1,53,0,0
1647,1000000US170310308001006,56,37,9,1,3,0,7,49,0,7,19,2,31,29,2,75,1,0
1648,1000000US170310308001007,81,58,1,1,9,0,13,68,0,13,23,1,48,44,4,95,0,1
1649,1000000US170310308001008,58,49,1,1,0,0,7,51,0,7,9,0,39,39,0,63,1,0
1650,1000000US170310308001009,77,25,8,0,2,0,42,35,0,42,52,0,39,39,0,113,0,0
1651,1000000US170310308001010,6,6,0,0,0,0,0,6,0,0,0,0,7,6,1,6,0,0
1652,1000000US170310308001011,133,62,18,0,43,0,20,113,0,20,71,9,56,52,4,157,0,4
1653,1000000US170310308001012,29,22,1,0,6,0,0,29,0,0,7,0,33,16,17,34,0,0
1654,1000000US170310308001013,73,52,2,3,17,0,3,70,0,3,21,6,46,38,8,81,3,0
1655,1000000US170310308002000,187,61,80,0,11,1,34,153,0,34,126,3,20,20,0,199,0,0
1656,1000000US170310308002001,34,28,0,0,4,0,2,32,0,2,6,1,18,17,1,36,0,0
1657,1000000US170310308002002,32,27,0,0,0,0,5,27,0,5,5,0,15,15,0,46,0,0
1658,1000000US170310308002003,30,30,0,0,0,0,0,30,0,0,0,0,14,14,0,40,0,0
1659,1000000US170310308002004,27,26,0,0,1,0,0,27,0,0,1,0,16,13,3,42,0,0
1660,1000000US170310308002005,48,33,1,1,6,0,7,41,0,7,15,1,30,29,1,60,0,0
1661,1000000US170310308002006,38,30,2,0,2,0,4,34,0,4,8,1,20,20,0,47,0,0
1662,1000000US170310308002007,101,75,3,1,17,0,6,95,0,6,26,1,62,55,7,117,1,0
1663,1000000US170310308002008,53,46,4,0,2,0,1,52,0,1,7,0,33,29,4,60,0,0
1664,1000000US170310308002009,137,113,2,0,5,0,17,120,0,17,24,1,77,75,2,158,0,0
1665,1000000US170310308002010,84,64,2,0,11,0,7,77,0,7,20,0,57,50,7,94,0,0
1666,1000000US170310308002011,17,6,0,0,8,0,3,14,0,3,11,1,13,10,3,17,0,0
1667,1000000US170310308002012,91,68,4,1,7,0,11,80,0,11,23,3,54,52,2,109,0,0
1668,1000000US170310308002013,65,54,1,0,9,1,1,64,0,1,11,1,42,39,3,66,0,0
1669,1000000US170310308002014,91,74,3,3,11,0,3,88,0,3,17,3,55,52,3,107,1,0
1670,1000000US170310308002015,0,0,0,0,0,0,0,0,0,0,0,0,0,0,0,0,0,0
1671,1000000US170310308003000,20,11,0,0,0,0,9,11,0,9,9,0,15,15,0,21,0,0
1672,1000000US170310308003001,31,20,0,1,9,0,1,30,0,1,11,1,20,17,3,41,0,0
1673,1000000US170310308003002,31,27,0,0,2,0,2,29,0,2,4,0,23,17,6,41,0,0
1674,1000000US170310308003003,42,33,0,0,8,0,1,41,0,1,9,1,23,21,2,47,0,0
1675,1000000US170310308003004,29,28,0,0,0,0,1,28,0,1,1,0,14,14,0,49,0,0
1676,1000000US170310308003005,52,46,0,0,4,0,2,50,0,2,6,1,34,30,4,62,0,0
1677,1000000US170310308003006,36,33,0,0,3,0,1,35,0,1,3,1,17,17,0,41,0,0
1678,1000000US170310308003007,95,77,0,0,11,0,7,88,0,7,18,1,60,56,4,99,0,0
1679,1000000US170310308003008,56,41,1,0,9,0,4,52,0,4,15,2,42,38,4,69,0,0
1680,1000000US170310308003009,124,106,4,1,11,0,3,121,0,3,18,2,89,80,9,128,1,0
1681,1000000US170310308003010,23,18,0,1,0,0,4,19,0,4,5,1,15,14,1,28,0,0
1682,1000000US170310308003011,64,55,2,2,5,0,3,61,0,3,9,2,50,46,4,68,0,0
1683,1000000US170310308003012,114,88,6,0,11,0,9,105,0,9,26,4,72,69,3,125,0,0
1684,1000000US170310308003013,96,68,2,1,25,0,0,96,0,0,28,3,59,55,4,103,1,0
1685,1000000US170310308003014,18,15,0,0,3,0,0,18,0,0,3,0,12,11,1,18,0,0
1686,1000000US170310308003015,101,76,5,0,14,0,6,95,0,6,25,2,62,61,1,113,0,0
1687,1000000US170310308004000,0,0,0,0,0,0,0,0,0,0,0,0,13,0,13,0,0,0
1688,1000000US170310308004001,62,48,1,0,11,0,1,61,0,1,14,1,31,31,0,69,0,0
1689,1000000US170310308004002,46,36,1,0,4,0,6,40,0,6,10,4,21,21,0,60,0,1
1690,1000000US170310308004003,43,23,0,0,19,0,1,42,0,1,20,0,18,17,1,57,0,0
1691,1000000US170310308004004,19,13,0,0,2,0,4,15,0,4,6,0,12,11,1,25,0,0
1692,1000000US170310308004005,74,62,1,0,9,0,2,72,0,2,12,3,50,49,1,76,0,0
1693,1000000US170310308004006,54,46,1,0,6,0,1,53,0,1,8,0,36,32,4,70,0,0
1694,1000000US170310308004007,101,80,2,2,16,0,2,99,0,2,21,3,60,57,3,111,0,0
1695,1000000US170310308004008,69,55,5,0,4,0,5,64,0,5,14,2,60,57,3,69,0,0
1696,1000000US170310308004009,84,65,0,0,7,0,12,72,0,12,19,0,52,47,5,89,0,0
1697,1000000US170310308004010,0,0,0,0,0,0,0,0,0,0,0,0,0,0,0,0,0,0
1698,1000000US170310308004011,70,45,1,0,17,0,7,63,0,7,25,1,41,41,0,80,0,0
1699,1000000US170310308004012,88,71,2,0,7,0,8,80,0,8,17,2,52,48,4,101,0,0
1700,1000000US170310308004013,88,77,0,1,4,0,6,82,0,6,11,1,64,53,11,97,0,0
1701,1000000US170310308004014,31,25,2,0,1,0,3,28,0,3,6,0,18,18,0,32,0,0
1702,1000000US170310308004015,98,40,5,0,42,0,11,87,0,11,58,6,52,47,5,111,0,0
1703,1000000US170310309001000,0,0,0,0,0,0,0,0,0,0,0,0,0,0,0,0,0,0
1704,1000000US170310309001001,18,5,0,0,5,0,8,10,0,8,13,0,7,7,0,21,0,0
1705,1000000US170310309001002,29,20,2,0,2,0,6,23,0,6,9,0,18,14,4,35,0,0
1706,1000000US170310309001003,26,21,0,0,3,0,2,24,0,2,5,0,15,15,0,32,0,0
1707,1000000US170310309001004,71,44,0,0,5,0,24,47,0,24,27,2,48,44,4,77,0,0
1708,1000000US170310309001005,0,0,0,0,0,0,0,0,0,0,0,0,0,0,0,0,0,0
1709,1000000US170310309001006,42,14,0,0,25,0,3,39,0,3,28,0,23,22,1,45,0,0
1710,1000000US170310309001007,0,0,0,0,0,0,0,0,0,0,0,0,0,0,0,0,0,0
1711,1000000US170310309001008,27,17,0,0,2,0,8,19,0,8,10,0,14,14,0,33,0,0
1712,1000000US170310309001009,22,20,1,0,0,0,1,21,0,1,2,1,16,15,1,26,0,0
1713,1000000US170310309001010,37,29,0,0,1,0,7,30,0,7,8,0,22,20,2,50,0,0
1714,1000000US170310309001011,87,65,4,1,11,0,9,78,0,9,22,4,61,58,3,90,0,2
1715,1000000US170310309001012,58,46,0,0,8,1,3,55,0,3,12,2,41,37,4,62,0,0
1716,1000000US170310309001013,18,16,0,0,0,0,2,16,0,2,2,0,11,11,0,28,0,0
1717,1000000US170310309001014,13,10,0,1,2,0,0,13,0,0,3,1,8,8,0,18,0,0
1718,1000000US170310309001015,30,19,0,0,2,0,9,21,0,9,11,1,16,13,3,36,0,0
1719,1000000US170310309002000,74,20,0,1,4,0,48,26,0,48,54,1,32,30,2,94,0,0
1720,1000000US170310309002001,28,16,4,0,1,0,7,21,0,7,12,0,22,19,3,32,0,0
1721,1000000US170310309002002,54,40,2,0,9,0,2,52,0,2,14,0,28,27,1,58,0,0
1722,1000000US170310309002003,30,20,1,0,2,0,7,23,0,7,10,4,22,18,4,38,0,0
1723,1000000US170310309002004,44,27,2,0,6,0,9,35,0,9,17,2,31,29,2,48,0,0
1724,1000000US170310309002005,44,29,1,2,11,0,3,41,0,3,15,1,25,23,2,48,1,1
1725,1000000US170310309002006,45,35,1,0,2,0,7,38,0,7,10,0,28,25,3,53,0,0
1726,1000000US170310309002007,39,36,0,0,0,0,3,36,0,3,3,0,25,22,3,46,0,0
1727,1000000US170310309002008,28,16,0,0,7,0,5,23,0,5,12,1,12,12,0,33,0,0
1728,1000000US170310309002009,79,57,2,0,11,0,9,70,0,9,22,0,49,49,0,102,0,0
1729,1000000US170310309002010,28,23,1,0,1,0,3,25,0,3,5,1,21,20,1,30,0,0
1730,1000000US170310309002011,53,44,2,0,2,0,6,47,0,6,9,4,36,36,0,60,0,1
1731,1000000US170310309002012,34,31,2,0,1,0,0,34,0,0,3,0,23,23,0,39,0,0
1732,1000000US170310309002013,35,14,1,0,8,0,12,23,0,12,21,0,17,17,0,42,0,0
1733,1000000US170310309002014,23,12,0,0,9,0,3,20,0,3,11,1,13,13,0,28,0,0
1734,1000000US170310309002015,20,6,1,0,1,0,14,6,0,14,14,2,12,8,4,21,0,1
1735,1000000US170310309002016,45,24,1,3,10,0,7,38,0,7,21,5,28,27,1,60,1,0
1736,1000000US170310309002017,41,40,1,0,0,0,0,41,0,0,1,0,29,28,1,45,0,0
1737,1000000US170310309003000,7,5,0,0,1,0,1,6,0,1,2,0,5,5,0,9,0,0
1738,1000000US170310309003001,15,10,0,0,1,0,4,11,0,4,5,0,10,8,2,16,0,0
1739,1000000US170310309003002,45,36,2,0,4,0,3,42,0,3,9,0,31,28,3,54,0,0
1740,1000000US170310309003003,24,19,1,0,0,0,4,20,0,4,5,0,16,15,1,27,0,0
1741,1000000US170310309003004,60,42,3,1,11,1,4,56,0,4,18,3,37,37,0,77,0,1
1742,1000000US170310309003005,36,30,2,0,2,0,3,33,0,3,6,0,27,25,2,38,0,1
1743,1000000US170310309003006,50,33,10,0,3,0,6,44,0,6,17,2,37,37,0,53,0,2
1744,1000000US170310309003007,39,14,11,0,0,0,14,25,0,14,25,0,21,19,2,52,0,0
1745,1000000US170310309003008,23,20,0,0,3,0,0,23,0,0,3,1,17,14,3,28,0,0
1746,1000000US170310309003009,14,14,0,0,0,0,0,14,0,0,0,0,9,9,0,17,0,0
1747,1000000US170310309003010,69,46,1,1,12,0,11,58,0,11,23,4,46,39,7,82,0,1
1748,1000000US170310309003011,40,21,9,1,5,0,5,35,0,5,19,4,27,25,2,55,0,1
1749,1000000US170310309003012,47,33,2,0,1,0,12,35,0,12,14,0,28,28,0,55,0,1
1750,1000000US170310309003013,43,38,2,0,0,0,3,40,0,3,5,1,25,24,1,49,0,0
1751,1000000US170310309003014,50,17,2,0,3,0,28,22,0,28,33,1,29,26,3,58,0,0
1752,1000000US170310309003015,86,31,9,1,13,0,37,49,0,37,55,2,55,52,3,100,1,0
1753,1000000US170310309003016,11,3,0,1,5,0,3,8,0,3,8,1,8,7,1,13,1,0
1754,1000000US170310309003017,40,30,5,0,0,0,5,35,0,5,10,0,21,21,0,49,0,0
1755,1000000US170310309003018,11,9,0,0,1,0,1,10,0,1,2,1,7,7,0,17,0,0
1756,1000000US170310309003019,49,27,1,0,9,0,12,37,0,12,22,7,25,24,1,61,0,0
1757,1000000US170310309004000,20,17,1,0,0,0,2,18,0,2,3,0,18,14,4,20,0,0
1758,1000000US170310309004001,43,25,3,0,12,0,3,40,0,3,18,0,30,22,8,59,0,0
1759,1000000US170310309004002,75,47,5,0,7,0,18,57,0,18,28,2,40,38,2,80,0,0
1760,1000000US170310309004003,9,6,1,0,1,0,1,8,0,1,3,0,5,5,0,10,0,0
1761,1000000US170310309004004,66,38,0,1,13,0,15,51,0,15,28,3,40,36,4,73,0,0
1762,1000000US170310309004005,49,40,4,1,1,0,4,45,0,4,9,1,40,36,4,53,1,0
1763,1000000US170310309004006,54,24,1,0,9,0,20,34,0,20,30,0,25,23,2,73,0,0
1764,1000000US170310309004007,74,40,4,0,10,0,20,54,0,20,34,0,40,36,4,84,0,0
1765,1000000US170310309004008,42,38,0,0,1,0,3,39,0,3,4,2,25,23,2,53,0,0
1766,1000000US170310309004009,25,14,0,0,11,0,0,25,0,0,11,1,10,10,0,29,0,0
1767,1000000US170310309004010,0,0,0,0,0,0,0,0,0,0,0,0,0,0,0,0,0,0
1768,1000000US170310309004011,69,40,0,1,3,0,27,42,0,27,29,1,36,36,0,80,1,0
1769,1000000US170310309004012,0,0,0,0,0,0,0,0,0,0,0,0,0,0,0,0,0,0
1770,1000000US170310309004013,60,45,1,0,9,0,6,54,0,6,15,1,29,25,4,74,0,0
1771,1000000US170310310001000,127,94,3,2,12,0,20,107,0,20,33,6,102,93,9,139,0,1
1772,1000000US170310310001001,79,47,7,0,6,0,19,60,0,19,32,0,46,40,6,90,0,0
1773,1000000US170310310001002,101,46,7,1,7,0,41,60,0,41,55,0,52,51,1,111,1,0
1774,1000000US170310310001003,55,41,3,1,4,0,8,47,0,8,14,2,28,28,0,61,1,1
1775,1000000US170310310001004,63,34,2,5,3,0,20,43,0,20,29,10,32,28,4,74,1,0
1776,1000000US170310310001005,49,31,0,3,7,0,11,38,0,11,18,3,28,25,3,62,3,0
1777,1000000US170310310001006,45,38,1,1,1,0,5,40,0,5,7,1,28,27,1,47,0,0
1778,1000000US170310310001007,10,7,0,0,3,0,0,10,0,0,3,2,8,8,0,10,0,0
1779,1000000US170310310001008,136,79,9,2,22,3,25,111,0,25,57,11,65,62,3,166,1,0
1780,1000000US170310310001009,11,7,0,0,3,0,1,10,0,1,4,0,5,5,0,12,0,0
1781,1000000US170310310001010,108,85,4,3,5,1,13,95,0,13,23,5,65,60,5,120,2,0
1782,1000000US170310310001011,56,39,1,3,2,0,10,46,0,10,17,3,32,30,2,67,1,0
1783,1000000US170310310002000,21,7,3,0,3,0,8,13,0,8,14,0,8,8,0,24,0,0
1784,1000000US170310310002001,97,39,9,2,1,0,47,50,0,47,58,3,51,48,3,120,1,0
1785,1000000US170310310002002,25,12,3,0,5,0,5,20,0,5,13,0,11,10,1,33,0,0
1786,1000000US170310310002003,100,67,5,0,8,0,18,82,0,18,33,4,58,49,9,136,0,0
1787,1000000US170310310002004,112,81,9,4,8,0,18,94,0,18,31,6,69,64,5,125,4,3
1788,1000000US170310310002005,98,85,3,1,9,0,0,98,0,0,13,3,134,96,38,98,1,0
1789,1000000US170310310002006,0,0,0,0,0,0,0,0,0,0,0,0,0,0,0,0,0,0
1790,1000000US170310310002007,122,55,7,2,13,0,48,74,0,48,67,11,71,59,12,146,2,1
1791,1000000US170310310002008,0,0,0,0,0,0,0,0,0,0,0,0,0,0,0,0,0,0
1792,1000000US170310310002009,7,5,0,0,2,0,0,7,0,0,2,1,4,4,0,9,0,0
1793,1000000US170310310002010,2,1,0,0,1,0,0,2,0,0,1,0,1,1,0,2,0,0
1794,1000000US170310310002011,31,30,1,0,0,0,0,31,0,0,1,0,14,14,0,32,0,0
1795,1000000US170310310002012,196,90,11,8,35,0,63,133,0,63,106,7,117,107,10,225,6,4
1796,1000000US170310310002013,98,71,9,1,4,0,13,85,0,13,27,0,119,64,55,109,1,0
1797,1000000US170310310002014,0,0,0,0,0,0,0,0,0,0,0,0,0,0,0,0,0,0
1798,1000000US170310310002015,30,2,3,0,19,0,6,24,0,6,28,0,21,18,3,38,0,0
1799,1000000US170310310003000,0,0,0,0,0,0,0,0,0,0,0,0,0,0,0,0,0,0
1800,1000000US170310310003001,56,41,7,0,2,0,7,49,0,7,15,4,38,36,2,57,0,0
1801,1000000US170310310003002,101,80,2,1,12,0,10,91,0,10,21,0,67,62,5,104,1,0
1802,1000000US170310310003003,38,30,0,0,3,0,5,33,0,5,8,1,21,21,0,46,0,0
1803,1000000US170310310003004,33,29,2,0,0,1,0,33,0,0,4,2,17,17,0,40,0,0
1804,1000000US170310310003005,45,40,1,0,4,0,0,45,0,0,5,3,29,28,1,58,0,0
1805,1000000US170310310003006,70,59,5,1,3,0,2,68,0,2,11,3,54,50,4,75,0,0
1806,1000000US170310310003007,29,24,0,0,0,0,5,24,0,5,5,0,15,14,1,30,0,0
1807,1000000US170310310003008,150,111,7,0,7,0,26,124,0,26,39,5,123,101,22,170,0,1
1808,1000000US170310310003009,157,110,8,1,10,0,29,128,0,29,47,0,116,106,10,191,1,0
1809,1000000US170310310003010,216,138,23,0,12,0,45,171,0,45,78,3,140,132,8,241,0,3
1810,1000000US170310310003011,0,0,0,0,0,0,0,0,0,0,0,0,0,0,0,0,0,0
1811,1000000US170310310003012,9,9,0,0,0,0,0,9,0,0,0,0,5,5,0,13,0,0
1812,1000000US170310310003013,40,33,1,1,5,0,0,40,0,0,7,0,27,26,1,54,1,0
1813,1000000US170310310003014,257,159,9,0,23,1,66,191,0,66,98,8,166,165,1,289,0,0
1814,1000000US170310310003015,202,149,11,4,13,1,33,169,0,33,53,8,146,139,7,232,0,4
1815,1000000US170310311001000,0,0,0,0,0,0,0,0,0,0,0,0,0,0,0,0,0,0
1816,1000000US170310311001001,191,135,15,0,34,0,8,183,0,8,56,3,107,101,6,236,0,0
1817,1000000US170310311001002,206,156,5,2,30,2,20,186,0,20,50,3,132,125,7,227,0,2
1818,1000000US170310311001003,327,222,12,1,49,0,44,283,0,44,105,6,214,195,19,371,1,1
1819,1000000US170310311001004,238,126,7,1,71,0,32,206,0,32,112,8,140,122,18,275,0,0
1820,1000000US170310311001005,224,132,12,1,45,0,32,192,0,32,92,3,143,134,9,259,0,1
1821,1000000US170310311001006,190,74,9,0,75,0,36,154,0,36,116,6,119,105,14,217,0,1
1822,1000000US170310311001007,312,168,14,1,89,0,39,273,0,39,144,6,199,181,18,336,1,1
1823,1000000US170310311001008,25,10,3,0,10,0,2,23,0,2,15,0,9,9,0,33,0,0
1824,1000000US170310311001009,0,0,0,0,0,0,0,0,0,0,0,0,0,0,0,0,0,0
1825,1000000US170310311002000,261,198,13,1,29,1,19,242,0,19,63,8,171,162,9,280,1,0
1826,1000000US170310311002001,84,64,3,4,13,0,5,79,0,5,20,5,62,57,5,87,2,2
1827,1000000US170310311002002,269,157,42,2,30,0,40,229,0,40,112,6,215,190,25,294,0,1
1828,1000000US170310311002003,60,39,5,0,13,1,4,56,0,4,21,3,33,32,1,65,0,0
1829,1000000US170310311002004,0,0,0,0,0,0,0,0,0,0,0,0,0,0,0,0,0,0
1830,1000000US170310311002005,186,51,38,2,36,0,60,126,0,60,135,3,149,121,28,213,2,1
1831,1000000US170310311003000,66,39,7,0,17,0,9,57,0,9,27,2,41,36,5,76,0,5
1832,1000000US170310311003001,8,8,0,0,0,0,0,8,0,0,0,0,4,4,0,8,0,0
1833,1000000US170310311003002,47,42,2,0,0,0,3,44,0,3,5,0,33,31,2,51,0,0
1834,1000000US170310311003003,158,104,3,12,17,0,24,134,0,24,54,4,79,79,0,173,11,0
1835,1000000US170310311003004,199,138,9,7,24,0,24,175,0,24,61,2,77,75,2,212,5,1
1836,1000000US170310311003005,231,163,4,1,25,0,41,190,0,41,68,4,134,130,4,261,0,1
1837,1000000US170310311003006,207,159,4,1,30,0,15,192,0,15,48,3,148,131,17,216,0,0
1838,1000000US170310311003007,130,96,4,1,13,0,17,113,0,17,34,2,77,74,3,147,0,0
1839,1000000US170310311003008,299,215,14,4,30,0,44,255,0,44,84,5,192,180,12,324,2,2
1840,1000000US170310311003009,40,34,2,1,1,0,2,38,0,2,6,1,24,22,2,41,0,0
1841,1000000US170310312001000,219,70,5,8,40,0,99,120,0,99,149,4,147,124,23,263,7,0
1842,1000000US170310312001001,823,421,278,19,67,4,45,778,0,45,402,22,443,383,60,856,9,1
1843,1000000US170310312001002,124,95,10,0,8,0,11,113,0,11,29,2,73,71,2,142,0,0
1844,1000000US170310312001003,246,99,27,1,89,1,30,216,0,30,147,5,120,113,7,288,0,0
1845,1000000US170310312002000,315,124,114,5,57,0,17,298,0,17,191,2,17,16,1,328,5,0
1846,1000000US170310312002001,204,71,32,0,62,0,39,165,0,39,133,6,124,122,2,241,0,0
1847,1000000US170310312002002,183,87,19,4,62,0,14,169,0,14,96,9,108,106,2,216,3,1
1848,1000000US170310312002003,0,0,0,0,0,0,0,0,0,0,0,0,0,0,0,0,0,0
1849,1000000US170310312002004,11,2,0,0,8,0,1,10,0,1,9,0,12,5,7,11,0,0
1850,1000000US170310312002005,12,7,1,0,0,0,4,8,0,4,5,0,4,4,0,13,0,0
1851,1000000US170310312002006,0,0,0,0,0,0,0,0,0,0,0,0,0,0,0,0,0,0
1852,1000000US170310312002007,515,117,243,3,144,8,9,506,0,9,398,15,293,291,2,783,1,2
1853,1000000US170310312003000,84,47,29,3,4,0,4,80,0,4,37,6,39,38,1,101,0,0
1854,1000000US170310312003001,56,32,11,1,5,0,8,48,0,8,24,1,34,34,0,59,0,0
1855,1000000US170310312003002,0,0,0,0,0,0,0,0,0,0,0,0,0,0,0,0,0,0
1856,1000000US170310312003003,6,0,0,0,6,0,0,6,0,0,6,0,2,2,0,8,0,0
1857,1000000US170310312003004,2,0,0,0,2,0,0,2,0,0,2,0,3,2,1,2,0,0
1858,1000000US170310312003005,10,0,1,0,2,0,7,3,0,7,10,0,5,5,0,23,0,0
1859,1000000US170310312003006,0,0,0,0,0,0,0,0,0,0,0,0,0,0,0,0,0,0
1860,1000000US170310312003007,402,92,223,12,26,1,54,348,0,54,310,20,435,357,78,445,6,3
1861,1000000US170310312003008,93,0,24,4,30,0,39,54,0,39,93,4,39,37,2,157,2,0
1862,1000000US170310312003009,179,49,27,6,62,0,42,137,0,42,130,5,124,113,11,209,6,3
1863,1000000US170310312004000,68,13,28,0,25,0,3,65,0,3,55,0,41,39,2,88,0,1
1864,1000000US170310312004001,133,103,14,3,5,0,8,125,0,8,30,1,89,84,5,152,2,0
1865,1000000US170310312004002,217,41,42,0,49,0,90,127,0,90,176,11,97,93,4,314,0,1
1866,1000000US170310312004003,267,113,60,6,38,0,59,208,0,59,154,17,251,194,57,305,2,4
1867,1000000US170310312004004,237,98,91,0,42,0,8,229,0,8,139,4,194,177,17,279,0,2
1868,1000000US170310312004005,327,92,138,5,60,0,35,292,0,35,235,12,340,272,68,365,2,2
1869,1000000US170310313001000,0,0,0,0,0,0,0,0,0,0,0,0,0,0,0,0,0,0
1870,1000000US170310313001001,0,0,0,0,0,0,0,0,0,0,0,0,0,0,0,0,0,0
1871,1000000US170310313001002,0,0,0,0,0,0,0,0,0,0,0,0,0,0,0,0,0,0
1872,1000000US170310313001003,0,0,0,0,0,0,0,0,0,0,0,0,0,0,0,0,0,0
1873,1000000US170310313001004,0,0,0,0,0,0,0,0,0,0,0,0,0,0,0,0,0,0
1874,1000000US170310313001005,0,0,0,0,0,0,0,0,0,0,0,0,0,0,0,0,0,0
1875,1000000US170310313001006,1,0,1,0,0,0,0,1,0,0,1,0,0,0,0,1,0,0
1876,1000000US170310313001007,610,452,100,3,22,0,27,583,0,27,158,11,392,373,19,723,2,1
1877,1000000US170310313001008,104,54,37,0,10,0,3,101,0,3,50,0,87,80,7,111,0,0
1878,1000000US170310313001009,520,242,82,1,87,0,109,411,0,109,278,5,263,260,3,599,0,0
1879,1000000US170310313001010,0,0,0,0,0,0,0,0,0,0,0,0,0,0,0,0,0,0
1880,1000000US170310313002000,606,320,94,8,131,2,64,542,0,64,286,30,518,451,67,644,4,8
1881,1000000US170310313002001,219,109,80,1,13,0,16,203,0,16,110,9,172,166,6,236,0,0
1882,1000000US170310313002002,95,65,21,4,4,0,5,90,0,5,30,5,49,48,1,123,0,2
1883,1000000US170310313002003,78,63,5,1,2,1,6,72,0,6,15,0,45,45,0,84,1,0
1884,1000000US170310313002004,162,109,19,5,17,0,16,146,0,16,53,5,139,122,17,177,4,0
1885,1000000US170310313003000,412,16,27,0,330,1,37,375,0,37,396,10,213,199,14,593,0,0
1886,1000000US170310313003001,48,37,1,0,1,1,8,40,0,8,11,2,27,27,0,53,0,0
1887,1000000US170310313003002,9,8,0,0,1,0,0,9,0,0,1,0,45,6,39,10,0,0
1888,1000000US170310313004000,198,27,28,2,127,0,16,182,0,16,171,3,201,167,34,198,2,1
1889,1000000US170310313004001,208,157,20,2,15,0,18,190,0,18,51,7,169,149,20,225,1,2
1890,1000000US170310313004002,256,187,33,4,23,0,13,243,0,13,69,11,203,174,29,272,0,0
1891,1000000US170310313004003,210,140,32,2,25,1,11,199,0,11,70,4,110,102,8,228,2,0
1892,1000000US170310313004004,274,152,93,2,9,1,20,254,0,20,122,8,166,154,12,439,1,2
1893,1000000US170310313004005,374,151,157,3,32,0,34,340,0,34,223,6,102,97,5,389,3,2
1894,1000000US170310313004006,512,23,218,1,265,0,7,505,0,7,489,4,392,373,19,629,1,1
1895,1000000US170310313005000,0,0,0,0,0,0,0,0,0,0,0,0,0,0,0,0,0,0
1896,1000000US170310313005001,641,340,114,5,124,1,61,580,0,61,301,21,525,472,53,721,2,4
1897,1000000US170310313005002,351,235,49,4,31,1,35,316,0,35,116,7,263,244,19,366,3,1
1898,1000000US170310313005003,231,143,24,2,30,1,36,195,0,36,88,10,204,178,26,255,1,1
1899,1000000US170310314001000,132,115,3,0,11,1,3,129,0,3,17,0,90,83,7,138,0,0
1900,1000000US170310314001001,1151,865,109,7,88,1,87,1064,0,87,286,28,947,871,76,1194,4,2
1901,1000000US170310314002000,465,372,30,3,40,0,23,442,0,23,93,4,350,325,25,495,2,2
1902,1000000US170310314002001,139,92,22,2,16,0,7,132,0,7,47,3,125,117,8,140,2,0
1903,1000000US170310314002002,0,0,0,0,0,0,0,0,0,0,0,0,0,0,0,0,0,0
1904,1000000US170310314002003,0,0,0,0,0,0,0,0,0,0,0,0,0,0,0,0,0,0
1905,1000000US170310314002004,2,0,0,0,2,0,0,2,0,0,2,2,1,1,0,2,0,0
1906,1000000US170310314003000,0,0,0,0,0,0,0,0,0,0,0,0,0,0,0,0,0,0
1907,1000000US170310314003001,3,3,0,0,0,0,0,3,0,0,0,0,0,0,0,3,0,0
1908,1000000US170310314003002,0,0,0,0,0,0,0,0,0,0,0,0,0,0,0,0,0,0
1909,1000000US170310314003003,739,569,65,9,48,1,52,687,0,52,170,16,614,540,74,770,3,0
1910,1000000US170310314003004,264,206,20,1,23,1,15,249,0,15,58,4,189,174,15,300,0,0
1911,1000000US170310314004000,0,0,0,0,0,0,0,0,0,0,0,0,0,0,0,0,0,0
1912,1000000US170310314004001,0,0,0,0,0,0,0,0,0,0,0,0,0,0,0,0,0,0
1913,1000000US170310314004002,0,0,0,0,0,0,0,0,0,0,0,0,0,0,0,0,0,0
1914,1000000US170310314004003,0,0,0,0,0,0,0,0,0,0,0,0,0,0,0,0,0,0
1915,1000000US170310314004004,0,0,0,0,0,0,0,0,0,0,0,0,0,0,0,0,0,0
1916,1000000US170310314004005,0,0,0,0,0,0,0,0,0,0,0,0,0,0,0,0,0,0
1917,1000000US170310314004006,0,0,0,0,0,0,0,0,0,0,0,0,0,0,0,0,0,0
1918,1000000US170310314004007,1,1,0,0,0,0,0,1,0,0,0,0,0,0,0,1,0,0
1919,1000000US170310314004008,4,2,1,0,1,0,0,4,0,0,2,0,4,2,2,4,0,0
1920,1000000US170310314004009,0,0,0,0,0,0,0,0,0,0,0,0,0,0,0,0,0,0
1921,1000000US170310314004010,111,65,27,2,6,0,12,99,0,12,46,2,0,0,0,111,2,0
1922,1000000US170310314005000,1,0,1,0,0,0,0,1,0,0,1,0,0,0,0,1,0,0
1923,1000000US170310314005001,0,0,0,0,0,0,0,0,0,0,0,0,0,0,0,0,0,0
1924,1000000US170310314005002,311,268,13,1,17,0,14,297,0,14,43,5,209,198,11,349,0,1
1925,1000000US170310314005003,189,160,5,1,11,0,12,177,0,12,29,4,146,128,18,198,0,0
1926,1000000US170310314005004,161,114,26,1,6,0,15,146,0,15,47,2,132,120,12,174,0,1
1927,1000000US170310314005005,317,257,24,2,20,0,16,301,0,16,60,11,189,180,9,326,0,0
1928,1000000US170310314005006,43,35,3,0,2,0,5,38,0,5,8,0,35,34,1,43,0,2
1929,1000000US170310314006000,0,0,0,0,0,0,0,0,0,0,0,0,0,0,0,0,0,0
1930,1000000US170310314006001,0,0,0,0,0,0,0,0,0,0,0,0,0,0,0,0,0,0
1931,1000000US170310314006002,0,0,0,0,0,0,0,0,0,0,0,0,0,0,0,0,0,0
1932,1000000US170310314006003,1,0,0,1,1,0,0,1,0,0,1,1,0,0,0,2,1,0
1933,1000000US170310314006004,0,0,0,0,0,0,0,0,0,0,0,0,0,0,0,0,0,0
1934,1000000US170310314006005,858,542,116,14,117,0,75,783,0,75,316,19,482,455,27,899,6,4
1935,1000000US170310315011000,61,41,12,0,3,1,4,57,0,4,20,4,45,41,4,66,0,0
1936,1000000US170310315011001,10,0,2,0,0,0,8,2,0,8,10,0,4,4,0,14,0,0
1937,1000000US170310315011002,255,30,48,2,167,0,11,244,0,11,225,6,233,214,19,255,2,0
1938,1000000US170310315011003,159,25,103,0,13,0,18,141,0,18,134,0,132,110,22,188,0,1
1939,1000000US170310315011004,212,88,108,0,9,0,10,202,0,10,124,1,0,0,0,212,0,1
1940,1000000US170310315011005,153,45,43,0,35,2,29,124,0,29,108,5,139,98,41,191,0,1
1941,1000000US170310315012000,331,168,66,12,55,0,38,293,0,38,163,7,175,164,11,374,9,0
1942,1000000US170310315012001,33,7,0,0,6,0,20,13,0,20,26,0,9,9,0,50,0,0
1943,1000000US170310315012002,767,282,212,5,238,0,39,728,0,39,485,19,434,425,9,1003,0,2
1944,1000000US170310315012003,343,126,40,5,39,0,135,208,0,135,217,7,209,192,17,422,5,2
1945,1000000US170310315012004,122,84,15,1,7,0,16,106,0,16,38,2,103,73,30,137,0,0
1946,1000000US170310315013000,0,0,0,0,0,0,0,0,0,0,0,0,0,0,0,0,0,0
1947,1000000US170310315013001,49,19,16,0,13,0,4,45,0,4,30,1,24,24,0,51,0,2
1948,1000000US170310315013002,403,10,206,5,156,0,34,369,0,34,393,9,220,214,6,561,4,3
1949,1000000US170310315013003,214,166,28,1,5,0,15,199,0,15,48,3,33,33,0,251,0,1
1950,1000000US170310315013004,0,0,0,0,0,0,0,0,0,0,0,0,0,0,0,0,0,0
1951,1000000US170310315013005,77,53,4,0,15,0,5,72,0,5,24,2,59,49,10,83,0,0
1952,1000000US170310315013006,213,115,32,7,48,0,15,198,0,15,98,13,167,157,10,225,4,0
1953,1000000US170310315021000,34,11,21,0,1,0,3,31,0,3,23,0,32,26,6,37,0,2
1954,1000000US170310315021001,127,26,90,2,7,0,6,121,0,6,101,8,77,74,3,190,2,3
1955,1000000US170310315021002,173,103,49,2,8,0,13,160,0,13,70,3,115,106,9,195,1,1
1956,1000000US170310315021003,7,2,4,0,0,0,1,6,0,1,5,0,6,5,1,7,0,0
1957,1000000US170310315021004,70,48,6,1,7,0,9,61,0,9,22,2,56,52,4,71,1,0
1958,1000000US170310315021005,130,99,10,0,7,0,14,116,0,14,31,2,75,69,6,146,0,0
1959,1000000US170310315021006,119,106,2,1,4,0,7,112,0,7,13,1,68,67,1,130,1,1
1960,1000000US170310315021007,383,146,75,18,14,3,148,235,0,148,237,30,263,233,30,435,9,5
1961,1000000US170310315021008,88,65,15,1,1,0,7,81,0,7,23,2,58,50,8,100,1,0
1962,1000000US170310315021009,136,89,28,3,9,1,8,128,0,8,47,6,125,112,13,144,2,1
1963,1000000US170310315022000,332,172,59,6,73,1,28,304,0,28,160,15,251,246,5,361,5,3
1964,1000000US170310315022001,60,28,14,1,9,0,12,48,0,12,32,3,44,38,6,75,0,1
1965,1000000US170310315022002,30,23,2,0,2,0,3,27,0,3,7,0,23,21,2,30,0,0
1966,1000000US170310315022003,0,0,0,0,0,0,0,0,0,0,0,0,0,0,0,0,0,0
1967,1000000US170310315022004,167,94,51,2,5,0,22,145,0,22,73,15,102,101,1,188,1,6
1968,1000000US170310315022005,350,52,150,0,78,1,73,277,0,73,298,7,212,206,6,464,0,2
1969,1000000US170310315023000,837,97,628,3,89,6,24,813,0,24,740,23,524,517,7,1181,3,1
1970,1000000US170310315023001,507,111,302,13,20,2,79,428,0,79,396,23,428,402,26,600,7,10
1971,1000000US170310317001000,197,64,17,0,3,0,113,84,0,113,133,1,118,114,4,233,0,0
1972,1000000US170310317001001,131,75,7,0,21,0,27,104,0,27,56,0,76,70,6,135,0,0
1973,1000000US170310317001002,109,64,26,3,5,0,14,95,0,14,45,0,71,66,5,142,3,0
1974,1000000US170310317001003,355,170,108,12,21,0,47,308,0,47,185,13,291,272,19,372,6,2
1975,1000000US170310317001004,261,126,61,2,16,1,56,205,0,56,135,7,192,184,8,292,0,0
1976,1000000US170310317001005,176,101,21,1,7,0,45,131,0,45,75,2,107,99,8,205,1,0
1977,1000000US170310317001006,219,123,35,2,17,0,46,173,0,46,96,11,152,137,15,254,0,3
1978,1000000US170310317001007,112,73,13,0,7,0,20,92,0,20,39,1,57,54,3,130,0,1
1979,1000000US170310317001008,94,55,15,6,3,0,15,79,0,15,39,4,52,49,3,114,5,0
1980,1000000US170310317001009,105,71,7,1,9,0,21,84,0,21,34,5,68,59,9,130,0,3
1981,1000000US170310317002000,224,97,83,4,14,1,28,196,0,28,127,8,181,168,13,246,2,1
1982,1000000US170310317002001,100,77,6,1,4,0,12,88,0,12,23,3,63,60,3,108,1,0
1983,1000000US170310317002002,164,88,44,1,11,0,20,144,0,20,76,4,145,133,12,172,0,0
1984,1000000US170310317002003,202,91,38,4,5,1,68,134,0,68,111,11,136,125,11,235,1,2
1985,1000000US170310317002004,73,30,34,3,2,0,9,64,0,9,43,5,42,42,0,133,1,2
1986,1000000US170310317002005,113,76,24,5,8,0,3,110,0,3,37,5,68,67,1,157,1,0
1987,1000000US170310317002006,258,149,48,1,18,0,46,212,0,46,109,4,208,190,18,290,0,4
1988,1000000US170310317002007,139,116,7,2,8,0,10,129,0,10,23,7,96,93,3,155,1,1
1989,1000000US170310317002008,100,69,13,1,2,0,16,84,0,16,31,1,69,62,7,116,1,0
1990,1000000US170310317002009,56,8,0,0,19,4,30,26,0,30,48,0,22,19,3,67,0,0
1991,1000000US170310317003000,185,119,16,0,23,0,27,158,0,27,66,5,104,100,4,228,0,0
1992,1000000US170310317003001,202,58,109,7,11,1,16,186,0,16,144,10,151,137,14,247,3,0
1993,1000000US170310317003002,207,101,58,3,12,0,34,173,0,34,106,14,197,162,35,228,2,0
1994,1000000US170310317003003,190,105,62,5,10,0,10,180,0,10,85,9,166,149,17,220,2,0
1995,1000000US170310317003004,248,108,104,5,14,0,20,228,0,20,140,6,245,208,37,271,4,2
1996,1000000US170310317003005,162,89,56,0,3,0,13,149,0,13,73,2,25,21,4,167,0,1
1997,1000000US170310317003006,131,81,23,1,19,0,12,119,0,12,50,6,102,95,7,148,1,0
1998,1000000US170310317003007,77,55,8,0,6,0,8,69,0,8,22,0,56,52,4,79,0,0
1999,1000000US170310317003008,14,1,0,0,0,0,13,1,0,13,13,0,12,5,7,26,0,0
2000,1000000US170310317004000,139,82,38,4,8,0,11,128,0,11,57,8,78,75,3,171,3,2
2001,1000000US170310317004001,71,58,7,0,1,0,5,66,0,5,13,2,43,43,0,77,0,0
2002,1000000US170310317004002,139,50,54,0,13,0,23,116,0,23,89,2,100,83,17,198,0,0
2003,1000000US170310317004003,284,193,49,1,21,1,21,263,0,21,91,10,165,161,4,338,0,1
2004,1000000US170310317004004,152,127,10,0,7,0,8,144,0,8,25,4,88,86,2,181,0,0
2005,1000000US170310317004005,66,52,1,1,3,0,10,56,0,10,14,0,45,41,4,74,1,0
2006,1000000US170310317004006,22,16,0,0,1,0,5,17,0,5,6,1,18,16,2,26,0,0
2007,1000000US170310317004007,101,73,4,3,8,0,17,84,0,17,28,4,61,57,4,132,3,0
2008,1000000US170310317004008,57,20,8,6,0,0,27,30,0,27,37,2,38,26,12,73,4,0
2009,1000000US170310318001000,20,0,0,0,0,0,20,0,0,20,20,0,7,7,0,27,0,0
2010,1000000US170310318001001,0,0,0,0,0,0,0,0,0,0,0,0,0,0,0,0,0,0
2011,1000000US170310318001002,0,0,0,0,0,0,0,0,0,0,0,0,0,0,0,0,0,0
2012,1000000US170310318001003,95,56,7,2,8,0,23,72,0,23,39,2,61,53,8,115,1,0
2013,1000000US170310318001004,106,88,5,3,8,0,6,100,0,6,18,3,72,68,4,123,1,2
2014,1000000US170310318001005,95,59,4,2,6,0,27,68,0,27,36,4,56,54,2,119,2,0
2015,1000000US170310318001006,147,102,8,2,10,0,23,124,0,23,45,4,95,91,4,165,0,0
2016,1000000US170310318001007,56,39,4,0,3,0,10,46,0,10,17,0,33,32,1,75,0,0
2017,1000000US170310318001008,61,55,0,0,2,0,4,57,0,4,6,0,43,42,1,63,0,0
2018,1000000US170310318001009,0,0,0,0,0,0,0,0,0,0,0,0,0,0,0,0,0,0
2019,1000000US170310318001010,105,69,9,2,10,0,17,88,0,17,36,3,88,83,5,116,1,3
2020,1000000US170310318001011,111,69,2,3,9,0,30,81,0,30,42,3,65,62,3,127,3,1
2021,1000000US170310318001012,120,87,9,2,11,1,11,109,0,11,33,4,89,78,11,134,0,1
2022,1000000US170310318001013,203,138,7,1,25,0,32,171,0,32,65,8,160,155,5,213,0,0
2023,1000000US170310318001014,91,48,5,4,14,1,23,68,0,23,43,6,61,57,4,105,3,0
2024,1000000US170310318001015,287,163,13,4,13,2,100,187,0,100,124,6,150,137,13,366,3,2
2025,1000000US170310318001016,64,54,2,0,7,0,1,63,0,1,10,0,36,34,2,72,0,0
2026,1000000US170310319001000,47,14,7,2,2,0,23,24,0,23,33,1,45,35,10,50,2,0
2027,1000000US170310319001001,102,85,5,1,1,0,11,91,0,11,17,2,79,75,4,112,0,1
2028,1000000US170310319001002,101,76,8,0,10,0,8,93,0,8,25,2,56,55,1,117,0,1
2029,1000000US170310319001003,135,100,10,1,12,0,12,123,0,12,35,3,88,84,4,143,1,0
2030,1000000US170310319001004,162,110,17,1,9,1,26,136,0,26,52,5,116,111,5,184,1,0
2031,1000000US170310319001005,147,130,5,1,4,0,7,140,0,7,17,4,118,109,9,150,0,0
2032,1000000US170310319001006,153,123,4,2,15,0,9,144,0,9,30,3,102,99,3,170,1,0
2033,1000000US170310319001007,38,32,0,0,1,0,5,33,0,5,6,1,19,19,0,51,0,0
2034,1000000US170310319001008,83,63,2,1,4,0,14,69,0,14,20,0,53,48,5,104,1,0
2035,1000000US170310319001009,11,10,0,0,1,0,0,11,0,0,1,0,8,8,0,13,0,0
2036,1000000US170310319002000,89,61,0,0,7,0,21,68,0,21,28,0,50,48,2,107,0,0
2037,1000000US170310319002001,151,128,8,1,6,0,11,140,0,11,23,8,117,113,4,168,0,0
2038,1000000US170310319002002,99,65,5,1,10,0,23,76,0,23,34,10,56,54,2,117,1,1
2039,1000000US170310319002003,88,61,9,2,4,0,18,70,0,18,27,3,59,56,3,106,0,4
2040,1000000US170310319002004,143,64,42,5,6,0,37,106,0,37,79,10,99,96,3,202,3,8
2041,1000000US170310319002005,122,119,0,0,1,0,2,120,0,2,3,0,65,64,1,142,0,0
2042,1000000US170310319002006,53,46,0,0,4,1,2,51,0,2,7,2,30,30,0,70,0,0
2043,1000000US170310319002007,50,34,0,0,13,0,3,47,0,3,16,0,29,28,1,60,0,0
2044,1000000US170310319002008,72,51,3,0,8,0,11,61,0,11,21,2,46,41,5,96,0,0
2045,1000000US170310319002009,9,8,0,1,0,0,0,9,0,0,1,0,6,5,1,11,1,0
2046,1000000US170310319002010,117,65,14,0,16,0,23,94,0,23,52,4,78,77,1,131,0,1
2047,1000000US170310321001000,530,332,112,12,33,0,50,480,0,50,198,17,408,371,37,586,10,6
2048,1000000US170310321001001,325,228,51,4,27,0,24,301,0,24,97,12,264,237,27,349,0,5
2049,1000000US170310321001002,116,55,46,0,6,0,9,107,0,9,61,0,15,10,5,116,0,0
2050,1000000US170310321001003,418,294,72,5,24,0,30,388,0,30,124,11,340,315,25,463,1,2
2051,1000000US170310321001004,143,121,7,3,5,0,9,134,0,9,22,3,113,106,7,158,1,0
2052,1000000US170310321001005,12,10,0,0,2,0,0,12,0,0,2,1,7,6,1,15,0,0
2053,1000000US170310321002000,0,0,0,0,0,0,0,0,0,0,0,0,0,0,0,0,0,0
2054,1000000US170310321002001,400,308,27,5,28,0,33,367,0,33,92,7,298,273,25,413,1,1
2055,1000000US170310321002002,316,205,49,11,22,1,39,277,0,39,111,10,215,193,22,356,9,1
2056,1000000US170310321002003,0,0,0,0,0,0,0,0,0,0,0,0,0,0,0,0,0,0
2057,1000000US170310321002004,395,277,24,1,37,0,62,333,0,62,118,15,300,280,20,409,1,2
2058,1000000US170310321003000,251,164,62,0,7,0,17,234,0,17,87,2,199,189,10,255,0,0
2059,1000000US170310321003001,89,75,3,0,7,0,4,85,0,4,14,0,53,53,0,110,0,0
2060,1000000US170310321003002,93,81,2,0,6,1,4,89,0,4,12,0,69,65,4,98,0,0
2061,1000000US170310321003003,228,179,10,2,19,0,20,208,0,20,49,7,131,126,5,247,1,0
2062,1000000US170310321003004,405,266,14,4,14,1,114,291,0,114,139,8,263,241,22,467,4,5
2063,1000000US170310321003005,535,411,50,4,21,0,49,486,0,49,124,4,411,363,48,545,3,1
2064,1000000US170310321004000,1279,633,415,5,127,4,117,1162,0,117,646,26,847,800,47,1496,0,4
2065,1000000US170310321005000,288,179,38,2,7,0,64,224,0,64,109,4,267,199,68,346,1,2
2066,1000000US170310321005001,366,289,31,0,21,1,26,340,0,26,77,8,237,216,21,387,0,0
2067,1000000US170310321005002,0,0,0,0,0,0,0,0,0,0,0,0,0,0,0,0,0,0
2068,1000000US170310321005003,13,11,0,0,0,0,2,11,0,2,2,0,8,8,0,14,0,0
2069,1000000US170310321005004,0,0,0,0,0,0,0,0,0,0,0,0,0,0,0,0,0,0
2070,1000000US170310321005005,0,0,0,0,0,0,0,0,0,0,0,0,0,0,0,0,0,0
2071,1000000US170310321005006,178,109,10,0,2,0,59,119,0,59,69,1,94,90,4,222,0,2
2072,1000000US170310401001000,0,0,0,0,0,0,0,0,0,0,0,0,0,0,0,0,0,0
2073,1000000US170310401001001,22,19,0,0,0,0,3,19,0,3,3,0,15,13,2,30,0,0
2074,1000000US170310401001002,71,47,5,0,11,0,8,63,0,8,24,1,38,38,0,93,0,0
2075,1000000US170310401001003,0,0,0,0,0,0,0,0,0,0,0,0,2,0,2,0,0,0
2076,1000000US170310401001004,0,0,0,0,0,0,0,0,0,0,0,0,0,0,0,0,0,0
2077,1000000US170310401001005,0,0,0,0,0,0,0,0,0,0,0,0,0,0,0,0,0,0
2078,1000000US170310401001006,0,0,0,0,0,0,0,0,0,0,0,0,0,0,0,0,0,0
2079,1000000US170310401001007,0,0,0,0,0,0,0,0,0,0,0,0,0,0,0,0,0,0
2080,1000000US170310401001008,0,0,0,0,0,0,0,0,0,0,0,0,0,0,0,0,0,0
2081,1000000US170310401001009,0,0,0,0,0,0,0,0,0,0,0,0,0,0,0,0,0,0
2082,1000000US170310401001010,0,0,0,0,0,0,0,0,0,0,0,0,0,0,0,0,0,0
2083,1000000US170310401001011,0,0,0,0,0,0,0,0,0,0,0,0,0,0,0,0,0,0
2084,1000000US170310401001012,0,0,0,0,0,0,0,0,0,0,0,0,0,0,0,0,0,0
2085,1000000US170310401001013,22,17,1,0,1,0,3,19,0,3,5,0,14,14,0,23,0,0
2086,1000000US170310401001014,82,47,4,3,12,0,20,62,0,20,35,3,45,43,2,103,1,1
2087,1000000US170310401001015,64,19,9,0,8,0,26,38,0,26,45,1,35,31,4,74,0,0
2088,1000000US170310401001016,66,28,3,0,19,0,16,50,0,16,38,0,64,35,29,83,0,0
2089,1000000US170310401001017,0,0,0,0,0,0,0,0,0,0,0,0,0,0,0,0,0,0
2090,1000000US170310401001018,0,0,0,0,0,0,0,0,0,0,0,0,0,0,0,0,0,0
2091,1000000US170310401001019,0,0,0,0,0,0,0,0,0,0,0,0,0,0,0,0,0,0
2092,1000000US170310401001020,228,129,68,2,1,0,33,195,0,33,99,7,13,13,0,236,1,4
2093,1000000US170310401001021,0,0,0,0,0,0,0,0,0,0,0,0,0,0,0,0,0,0
2094,1000000US170310401001022,21,17,0,0,3,0,1,20,0,1,4,1,14,14,0,26,0,0
2095,1000000US170310401001023,15,7,0,0,0,0,8,7,0,8,8,0,9,9,0,20,0,0
2096,1000000US170310401001024,36,33,0,0,0,0,3,33,0,3,3,0,25,24,1,41,0,0
2097,1000000US170310401001025,44,23,10,0,6,0,5,39,0,5,21,1,28,27,1,57,0,0
2098,1000000US170310401001026,35,26,0,0,1,0,8,27,0,8,9,0,24,23,1,35,0,0
2099,1000000US170310401001027,46,32,2,0,0,0,12,34,0,12,14,0,32,26,6,51,0,0
2100,1000000US170310401001028,68,55,4,1,7,0,1,67,0,1,13,1,43,41,2,75,0,0
2101,1000000US170310401001029,31,22,1,0,3,0,5,26,0,5,9,0,20,18,2,37,0,0
2102,1000000US170310401001030,31,22,1,0,6,0,2,29,0,2,9,1,18,18,0,41,0,0
2103,1000000US170310401001031,34,26,1,0,2,0,5,29,0,5,8,0,25,21,4,43,0,0
2104,1000000US170310401001032,99,26,2,0,26,0,47,52,0,47,73,7,76,54,22,140,0,0
2105,1000000US170310401001033,69,35,1,0,19,0,15,54,0,15,34,3,40,35,5,83,0,1
2106,1000000US170310401001034,56,32,1,0,12,0,11,45,0,11,24,0,38,32,6,62,0,0
2107,1000000US170310401001035,52,35,1,0,5,0,12,40,0,12,17,2,46,31,15,57,0,1
2108,1000000US170310401002000,43,24,2,0,2,0,15,28,0,15,19,1,24,24,0,52,0,0
2109,1000000US170310401002001,28,17,1,0,3,0,7,21,0,7,11,0,23,16,7,39,0,0
2110,1000000US170310401002002,37,23,2,0,1,0,11,26,0,11,14,0,19,19,0,52,0,0
2111,1000000US170310401002003,44,19,3,2,2,0,18,26,0,18,25,6,29,27,2,56,2,0
2112,1000000US170310401002004,80,67,2,0,5,0,7,73,0,7,13,2,66,57,9,90,0,0
2113,1000000US170310401002005,78,31,9,6,11,0,26,52,0,26,47,4,80,48,32,87,4,1
2114,1000000US170310401002006,30,21,0,0,5,0,4,26,0,4,9,0,14,13,1,37,0,0
2115,1000000US170310401002007,28,18,1,0,1,0,8,20,0,8,10,0,13,12,1,36,0,0
2116,1000000US170310401002008,31,10,2,1,0,0,19,12,0,19,21,0,11,11,0,43,1,0
2117,1000000US170310401002009,115,59,6,0,21,0,29,86,0,29,56,1,80,74,6,142,0,0
2118,1000000US170310401002010,90,70,3,1,4,0,13,77,0,13,20,3,64,57,7,104,0,1
2119,1000000US170310401002011,101,83,4,2,9,0,3,98,0,3,18,3,67,62,5,118,0,0
2120,1000000US170310401002012,125,79,5,3,3,0,35,90,0,35,46,6,82,80,2,149,2,0
2121,1000000US170310401002013,61,28,1,0,3,0,29,32,0,29,33,3,43,33,10,76,0,0
2122,1000000US170310401002014,41,29,0,2,2,0,10,31,0,10,12,2,30,27,3,53,2,0
2123,1000000US170310401002015,49,33,0,0,2,0,14,35,0,14,16,0,26,26,0,64,0,0
2124,1000000US170310401002016,36,19,2,10,0,0,6,30,0,6,17,1,19,18,1,53,9,0
2125,1000000US170310401002017,39,24,1,0,1,0,13,26,0,13,15,1,24,22,2,57,0,0
2126,1000000US170310401002018,31,28,1,0,1,0,1,30,0,1,3,0,16,13,3,33,0,0
2127,1000000US170310401002019,48,35,4,1,6,0,1,47,0,1,13,0,25,25,0,59,1,0
2128,1000000US170310401002020,50,19,0,0,1,0,30,20,0,30,31,0,27,25,2,61,0,0
2129,1000000US170310401002021,68,23,6,2,5,0,35,33,0,35,45,2,46,40,6,94,2,1
2130,1000000US170310401003000,37,17,0,0,10,0,10,27,0,10,20,0,20,18,2,51,0,0
2131,1000000US170310401003001,37,24,1,0,0,0,13,24,0,13,13,0,25,19,6,48,0,1
2132,1000000US170310401003002,27,20,0,0,0,0,7,20,0,7,7,0,16,14,2,31,0,0
2133,1000000US170310401003003,0,0,0,0,0,0,0,0,0,0,0,0,0,0,0,0,0,0
2134,1000000US170310401003004,27,15,0,0,0,0,12,15,0,12,12,0,13,11,2,34,0,0
2135,1000000US170310401003005,40,36,0,2,1,0,1,39,0,1,4,3,23,22,1,55,0,0
2136,1000000US170310401003006,38,38,0,0,0,0,0,38,0,0,0,0,22,22,0,49,0,0
2137,1000000US170310401003007,59,47,0,2,4,0,8,51,0,8,12,1,30,23,7,72,1,0
2138,1000000US170310401003008,24,15,0,1,0,0,9,15,0,9,9,1,14,12,2,31,1,0
2139,1000000US170310401003009,23,20,1,0,0,0,3,20,0,3,3,1,12,12,0,37,0,1
2140,1000000US170310401003010,14,11,0,0,0,0,3,11,0,3,3,0,12,8,4,18,0,0
2141,1000000US170310401003011,28,27,0,1,0,0,0,28,0,0,1,1,16,13,3,35,0,0
2142,1000000US170310401003012,0,0,0,0,0,0,0,0,0,0,0,0,0,0,0,0,0,0
2143,1000000US170310401003013,33,27,0,0,6,0,0,33,0,0,6,0,16,16,0,41,0,0
2144,1000000US170310401003014,64,51,1,0,2,0,10,54,0,10,13,1,35,31,4,92,0,0
2145,1000000US170310401003015,74,37,4,0,8,0,28,46,0,28,37,0,39,33,6,89,0,3
2146,1000000US170310401003016,47,28,8,0,7,0,4,43,0,4,19,4,20,20,0,56,0,0
2147,1000000US170310401003017,53,33,0,0,0,0,20,33,0,20,20,0,32,29,3,74,0,0
2148,1000000US170310401003018,122,63,5,1,20,0,35,87,0,35,59,7,64,60,4,161,1,0
2149,1000000US170310401003019,35,6,0,4,13,0,16,19,0,16,29,7,12,12,0,46,4,0
2150,1000000US170310402011000,47,19,3,1,7,0,19,28,0,19,28,1,25,21,4,55,0,0
2151,1000000US170310402011001,31,24,0,2,0,0,7,24,0,7,7,0,15,15,0,42,2,0
2152,1000000US170310402011002,146,93,16,3,7,0,33,113,0,33,53,1,98,85,13,162,3,3
2153,1000000US170310402011003,12,5,0,0,0,0,7,5,0,7,7,0,9,6,3,12,0,0
2154,1000000US170310402011004,36,24,2,0,0,0,12,24,0,12,12,0,25,19,6,46,0,2
2155,1000000US170310402011005,34,31,0,0,1,0,2,32,0,2,3,0,22,19,3,48,0,0
2156,1000000US170310402011006,7,4,0,0,3,0,0,7,0,0,3,0,7,4,3,9,0,0
2157,1000000US170310402011007,50,21,4,4,7,0,17,33,0,17,29,1,24,22,2,58,3,0
2158,1000000US170310402011008,36,22,0,0,4,0,10,26,0,10,14,0,16,15,1,42,0,0
2159,1000000US170310402011009,54,30,1,1,1,0,18,36,0,18,24,7,32,26,6,82,0,0
2160,1000000US170310402011010,56,42,2,0,4,1,8,48,0,8,14,5,31,30,1,60,0,0
2161,1000000US170310402011011,26,25,0,0,1,0,1,25,0,1,1,0,18,17,1,33,0,0
2162,1000000US170310402011012,41,36,0,0,3,0,1,40,0,1,5,0,16,16,0,53,0,0
2163,1000000US170310402011013,52,45,0,0,6,0,2,50,0,2,7,1,31,28,3,76,0,0
2164,1000000US170310402011014,0,0,0,0,0,0,0,0,0,0,0,0,0,0,0,0,0,0
2165,1000000US170310402011015,143,102,1,0,18,0,22,121,0,22,41,3,95,84,11,160,0,0
2166,1000000US170310402011016,5,4,0,0,0,0,1,4,0,1,1,0,2,2,0,6,0,0
2167,1000000US170310402011017,29,25,1,0,1,0,2,27,0,2,4,1,16,15,1,36,0,0
2168,1000000US170310402011018,0,0,0,0,0,0,0,0,0,0,0,0,0,0,0,0,0,0
2169,1000000US170310402011019,0,0,0,0,0,0,0,0,0,0,0,0,0,0,0,0,0,0
2170,1000000US170310402011020,0,0,0,0,0,0,0,0,0,0,0,0,0,0,0,0,0,0
2171,1000000US170310402011021,206,155,3,1,12,1,34,172,0,34,51,4,111,110,1,223,0,0
2172,1000000US170310402011022,29,19,1,0,1,2,8,21,0,8,10,2,34,15,19,30,0,0
2173,1000000US170310402011023,15,4,0,0,6,0,5,10,0,5,11,3,6,6,0,18,0,0
2174,1000000US170310402012000,0,0,0,0,0,0,0,0,0,0,0,0,0,0,0,0,0,0
2175,1000000US170310402012001,44,22,0,1,17,0,5,39,0,5,22,1,23,21,2,60,1,0
2176,1000000US170310402012002,140,75,0,0,36,0,28,112,0,28,65,7,65,61,4,175,0,0
2177,1000000US170310402012003,31,21,0,1,9,0,0,31,0,0,10,0,15,14,1,34,1,0
2178,1000000US170310402012004,3,3,0,0,0,0,0,3,0,0,0,0,2,1,1,3,0,0
2179,1000000US170310402012005,226,111,16,2,49,0,48,178,0,48,115,4,120,109,11,281,2,0
2180,1000000US170310402012006,58,27,4,1,4,2,21,37,0,21,31,3,44,38,6,65,1,0
2181,1000000US170310402012007,129,35,2,1,60,0,31,98,0,31,94,5,91,80,11,174,1,0
2182,1000000US170310402012008,34,31,0,0,2,0,0,34,0,0,3,0,49,33,16,34,0,0
2183,1000000US170310402012009,108,40,8,0,25,0,40,68,0,40,68,3,54,48,6,139,0,3
2184,1000000US170310402012010,29,23,1,0,4,0,1,28,0,1,6,0,17,16,1,31,0,0
2185,1000000US170310402012011,2,0,0,0,2,0,0,2,0,0,2,0,2,2,0,2,0,0
2186,1000000US170310402012012,9,5,0,0,4,0,0,9,0,0,4,0,6,4,2,10,0,0
2187,1000000US170310402012013,39,31,0,1,0,0,7,32,0,7,8,0,21,21,0,48,1,0
2188,1000000US170310402012014,113,66,7,0,11,0,29,84,0,29,47,0,57,53,4,133,0,0
2189,1000000US170310402012015,102,70,1,1,7,0,21,81,0,21,32,7,52,51,1,130,0,0
2190,1000000US170310402012016,61,53,1,0,4,0,3,58,0,3,8,1,41,40,1,72,0,0
2191,1000000US170310402012017,99,49,1,0,32,0,18,81,0,18,50,8,51,47,4,116,0,0
2192,1000000US170310402012018,130,82,3,0,13,0,31,99,0,31,48,2,73,63,10,153,0,0
2193,1000000US170310402012019,70,51,0,0,11,0,8,62,0,8,19,0,38,35,3,89,0,0
2194,1000000US170310402013000,0,0,0,0,0,0,0,0,0,0,0,0,0,0,0,0,0,0
2195,1000000US170310402013001,115,87,4,0,14,0,10,105,0,10,28,8,71,62,9,155,0,0
2196,1000000US170310402013002,78,66,1,0,0,0,11,67,0,11,12,1,49,46,3,93,0,0
2197,1000000US170310402013003,55,48,0,0,5,0,2,53,0,2,7,2,76,36,40,63,0,0
2198,1000000US170310402013004,97,65,12,0,8,0,13,84,0,13,32,1,58,53,5,107,0,1
2199,1000000US170310402013005,85,70,3,0,5,0,8,77,0,8,15,0,47,44,3,98,0,1
2200,1000000US170310402013006,91,60,4,3,8,0,18,73,0,18,31,3,54,52,2,115,1,1
2201,1000000US170310402013007,85,54,3,0,6,0,23,62,0,23,31,6,49,46,3,104,0,0
2202,1000000US170310402013008,23,22,0,0,0,0,1,22,0,1,1,0,13,13,0,29,0,0
2203,1000000US170310402013009,10,10,0,0,0,0,0,10,0,0,0,0,8,5,3,16,0,0
2204,1000000US170310402013010,37,31,1,0,0,0,5,32,0,5,6,1,22,21,1,47,0,0
2205,1000000US170310402013011,97,35,7,4,9,1,46,51,0,46,62,8,45,45,0,138,4,3
2206,1000000US170310402013012,93,76,4,0,4,0,11,82,0,11,17,3,77,76,1,98,0,1
2207,1000000US170310402013013,55,43,2,0,0,0,10,45,0,10,12,1,31,28,3,64,0,0
2208,1000000US170310402013014,14,8,0,0,0,0,6,8,0,6,6,0,7,6,1,14,0,0
2209,1000000US170310402013015,0,0,0,0,0,0,0,0,0,0,0,0,0,0,0,0,0,0
2210,1000000US170310402013016,96,61,2,0,4,0,29,67,0,29,35,2,67,55,12,111,0,0
2211,1000000US170310402013017,19,17,0,0,2,0,0,19,0,0,2,0,10,10,0,28,0,0
2212,1000000US170310402013018,18,5,0,0,2,0,11,7,0,11,13,0,6,6,0,20,0,0
2213,1000000US170310402013019,13,12,0,0,0,0,1,12,0,1,1,0,6,5,1,16,0,0
2214,1000000US170310402013020,11,11,0,0,0,0,0,11,0,0,0,0,8,8,0,12,0,0
2215,1000000US170310402013021,126,92,1,0,19,0,14,112,0,14,34,1,65,63,2,140,0,0
2216,1000000US170310402014000,208,149,13,4,5,0,39,169,0,39,59,5,165,145,20,217,1,2
2217,1000000US170310402014001,79,56,0,2,7,1,15,64,0,15,23,4,49,43,6,89,2,0
2218,1000000US170310402014002,102,63,1,0,6,2,32,70,0,32,39,3,46,43,3,126,0,0
2219,1000000US170310402014003,58,35,0,1,10,0,12,46,0,12,23,1,28,26,2,78,0,0
2220,1000000US170310402014004,88,57,5,0,17,0,8,80,0,8,31,4,54,50,4,98,0,0
2221,1000000US170310402014005,72,42,1,1,13,0,15,57,0,15,30,1,46,37,9,83,0,0
2222,1000000US170310402014006,98,69,9,1,9,0,11,87,0,11,29,5,65,62,3,117,0,0
2223,1000000US170310402014007,42,34,1,0,2,0,5,37,0,5,8,1,19,19,0,54,0,0
2224,1000000US170310402014008,21,19,0,0,2,0,0,21,0,0,2,0,10,10,0,24,0,0
2225,1000000US170310402014009,24,16,0,1,5,0,2,22,0,2,8,0,13,13,0,26,1,0
2226,1000000US170310402014010,76,56,0,0,8,0,12,64,0,12,20,1,33,31,2,91,0,0
2227,1000000US170310402014011,84,40,2,2,17,0,23,61,0,23,44,1,39,37,2,91,1,0
2228,1000000US170310402014012,115,76,4,3,13,1,22,93,0,22,39,6,65,60,5,139,3,0
2229,1000000US170310402014013,91,67,2,2,9,0,13,78,0,13,24,2,58,55,3,107,2,0
2230,1000000US170310402014014,22,20,0,0,0,0,2,20,0,2,2,0,13,12,1,28,0,0
2231,1000000US170310402014015,116,74,1,0,3,0,38,78,0,38,42,4,54,52,2,145,0,0
2232,1000000US170310402014016,111,73,8,0,15,0,15,96,0,15,38,3,64,58,6,129,0,2
2233,1000000US170310402014017,100,79,4,1,3,0,14,86,0,14,21,1,53,46,7,108,0,0
2234,1000000US170310402021000,14,12,0,0,1,0,1,13,0,1,2,1,8,7,1,16,0,0
2235,1000000US170310402021001,45,15,0,0,26,2,2,43,0,2,30,1,26,24,2,52,0,0
2236,1000000US170310402021002,0,0,0,0,0,0,0,0,0,0,0,0,0,0,0,0,0,0
2237,1000000US170310402021003,122,67,7,0,42,1,5,117,0,5,55,9,76,71,5,159,0,0
2238,1000000US170310402021004,43,15,0,0,19,0,9,34,0,9,28,2,24,20,4,59,0,0
2239,1000000US170310402021005,42,9,2,0,18,0,13,29,0,13,33,2,22,19,3,48,0,0
2240,1000000US170310402021006,76,30,2,0,35,0,10,66,0,10,46,0,29,28,1,100,0,1
2241,1000000US170310402021007,84,23,25,0,23,0,16,68,0,16,61,2,42,39,3,116,0,3
2242,1000000US170310402021008,64,38,0,0,19,0,7,57,0,7,26,3,31,29,2,85,0,0
2243,1000000US170310402021009,2,0,1,0,1,0,0,2,0,0,2,2,3,1,2,2,0,0
2244,1000000US170310402021010,41,33,0,0,1,0,7,34,0,7,8,0,26,25,1,43,0,0
2245,1000000US170310402021011,92,56,1,0,27,0,8,84,0,8,36,2,63,58,5,107,0,0
2246,1000000US170310402021012,71,22,2,0,43,0,5,66,0,5,49,1,29,28,1,98,0,1
2247,1000000US170310402021013,39,22,0,0,17,0,0,39,0,0,17,2,18,18,0,45,0,0
2248,1000000US170310402021014,44,19,0,0,22,1,3,41,0,3,25,3,18,18,0,56,0,0
2249,1000000US170310402022000,221,97,33,5,39,1,52,169,0,52,124,6,120,113,7,292,2,1
2250,1000000US170310402022001,234,115,44,0,26,0,48,186,0,48,119,5,129,119,10,299,0,0
2251,1000000US170310402022002,78,57,2,1,10,0,9,69,0,9,21,1,48,44,4,88,0,1
2252,1000000US170310402022003,23,16,2,0,1,0,4,19,0,4,7,0,14,14,0,25,0,0
2253,1000000US170310402022004,33,20,0,1,10,0,2,31,0,2,13,4,30,19,11,36,0,0
2254,1000000US170310402022005,23,20,2,0,1,0,0,23,0,0,3,0,12,11,1,28,0,0
2255,1000000US170310402022006,73,39,7,0,21,0,10,63,0,10,34,3,32,30,2,85,0,2
2256,1000000US170310402022007,85,65,0,0,6,0,14,71,0,14,20,2,49,44,5,98,0,0
2257,1000000US170310402022008,62,34,0,0,22,0,6,56,0,6,28,0,30,29,1,72,0,0
2258,1000000US170310402022009,73,37,1,0,8,7,24,49,0,24,36,3,35,34,1,90,0,0
2259,1000000US170310402022010,88,20,9,1,45,0,15,73,0,15,68,2,50,40,10,129,0,0
2260,1000000US170310402022011,32,15,3,0,5,0,8,24,0,8,17,1,33,17,16,43,0,0
2261,1000000US170310402022012,243,157,6,2,58,0,19,224,0,19,86,9,142,122,20,301,2,0
2262,1000000US170310402022013,60,31,0,0,20,1,8,52,0,8,29,2,32,28,4,79,0,0
2263,1000000US170310402022014,132,72,3,0,35,3,18,114,0,18,60,6,67,64,3,164,0,0
2264,1000000US170310402022015,78,30,5,0,37,0,6,72,0,6,48,1,39,34,5,90,0,0
2265,1000000US170310402022016,54,22,3,0,19,0,10,44,0,10,32,0,27,26,1,71,0,1
2266,1000000US170310402022017,78,56,1,0,9,0,12,66,0,12,22,0,43,41,2,103,0,0
2267,1000000US170310402022018,119,59,13,0,15,2,32,87,0,32,60,11,60,57,3,141,0,0
2268,1000000US170310402022019,73,20,24,2,12,1,16,57,0,16,53,3,52,38,14,108,0,1
2269,1000000US170310402022020,22,17,0,0,4,0,1,21,0,1,5,0,13,12,1,26,0,0
2270,1000000US170310402022021,32,20,0,0,12,0,0,32,0,0,12,0,14,14,0,37,0,0
2271,1000000US170310402022022,92,39,6,3,22,0,27,65,0,27,53,0,45,42,3,122,3,0
2272,1000000US170310402022023,113,55,5,0,35,0,23,90,0,23,58,3,53,53,0,155,0,2
2273,1000000US170310402023000,0,0,0,0,0,0,0,0,0,0,0,0,0,0,0,0,0,0
2274,1000000US170310402023001,54,36,0,0,11,2,7,47,0,7,18,2,32,30,2,68,0,0
2275,1000000US170310402023002,119,45,3,2,36,0,35,84,0,35,74,4,84,71,13,159,2,0
2276,1000000US170310402023003,67,38,1,0,20,0,9,58,0,9,29,0,27,27,0,94,0,1
2277,1000000US170310402023004,53,31,0,0,19,0,3,50,0,3,22,0,26,25,1,65,0,0
2278,1000000US170310402023005,64,42,0,0,19,1,3,61,0,3,22,4,24,24,0,87,0,0
2279,1000000US170310402023006,156,74,5,0,53,4,25,131,0,25,82,10,99,94,5,176,0,1
2280,1000000US170310402023007,33,10,1,1,13,0,8,25,0,8,23,1,18,17,1,38,0,0
2281,1000000US170310402023008,61,42,4,0,12,0,3,58,0,3,19,2,29,29,0,85,0,0
2282,1000000US170310402023009,103,57,5,0,25,0,16,87,0,16,46,0,42,41,1,136,0,0
2283,1000000US170310402023010,67,38,1,0,18,0,10,57,0,10,29,0,30,27,3,92,0,0
2284,1000000US170310402023011,27,16,2,0,5,0,6,21,0,6,11,0,12,12,0,32,0,2
2285,1000000US170310402023012,82,46,4,1,5,0,27,55,0,27,36,2,34,33,1,100,1,0
2286,1000000US170310402023013,140,73,5,6,33,1,31,109,0,31,67,4,87,82,5,167,6,0
2287,1000000US170310402023014,19,6,0,0,8,0,6,13,0,6,13,0,12,9,3,28,0,0
2288,1000000US170310402023015,0,0,0,0,0,0,0,0,0,0,0,0,0,0,0,0,0,0
2289,1000000US170310402023016,0,0,0,0,0,0,0,0,0,0,0,0,0,0,0,0,0,0
2290,1000000US170310402023017,25,23,0,0,1,0,1,24,0,1,2,0,13,12,1,27,0,0
2291,1000000US170310402023018,46,19,3,1,16,0,8,38,0,8,27,1,24,23,1,52,1,0
2292,1000000US170310402024000,37,3,5,2,26,0,4,33,0,4,34,0,18,18,0,46,2,0
2293,1000000US170310402024001,71,19,11,2,26,0,15,56,0,15,52,7,44,36,8,94,1,0
2294,1000000US170310402024002,83,52,7,1,19,0,4,79,0,4,31,2,59,50,9,98,0,0
2295,1000000US170310402024003,90,73,7,0,2,1,7,83,0,7,17,0,84,83,1,90,0,0
2296,1000000US170310402024004,100,62,6,0,11,0,21,79,0,21,38,0,68,50,18,134,0,0
2297,1000000US170310402024005,118,59,13,2,32,2,16,102,0,16,59,8,70,63,7,139,2,0
2298,1000000US170310402024006,118,70,11,0,25,0,16,102,0,16,48,7,64,61,3,143,0,3
2299,1000000US170310402024007,86,39,13,2,3,0,29,57,0,29,47,6,48,42,6,121,2,1
2300,1000000US170310402024008,7,7,0,0,0,0,0,7,0,0,0,0,4,4,0,7,0,0
2301,1000000US170310402024009,110,57,13,0,23,0,20,90,0,20,53,4,70,64,6,134,0,3
2302,1000000US170310402024010,112,53,4,0,25,1,29,83,0,29,59,2,63,59,4,145,0,0
2303,1000000US170310402024011,97,48,7,0,20,1,21,76,0,21,49,6,49,46,3,113,0,0
2304,1000000US170310402024012,131,71,16,1,16,0,33,98,0,33,60,8,77,70,7,156,1,6
2305,1000000US170310402024013,134,77,8,0,12,0,38,96,0,38,57,3,95,73,22,160,0,1
2306,1000000US170310402024014,20,10,0,0,0,0,10,10,0,10,10,0,14,10,4,24,0,0
2307,1000000US170310402024015,76,42,3,0,9,0,24,52,0,24,34,4,41,36,5,90,0,2
2308,1000000US170310402024016,93,49,0,0,35,0,11,82,0,11,44,2,38,38,0,124,0,0
2309,1000000US170310402024017,276,125,75,7,28,0,49,227,0,49,151,11,104,78,26,306,3,2
2310,1000000US170310402024018,43,22,0,0,18,0,2,41,0,2,21,1,20,19,1,51,0,0
2311,1000000US170310403001000,25,7,0,0,14,0,4,21,0,4,18,0,9,9,0,31,0,0
2312,1000000US170310403001001,43,34,0,0,9,0,0,43,0,0,9,0,20,20,0,46,0,0
2313,1000000US170310403001002,55,43,0,0,6,0,6,49,0,6,12,0,19,18,1,64,0,0
2314,1000000US170310403001003,26,25,0,0,1,0,0,26,0,0,1,1,12,12,0,46,0,0
2315,1000000US170310403001004,28,22,0,1,4,0,1,27,0,1,6,0,14,14,0,33,1,0
2316,1000000US170310403001005,59,53,1,0,0,0,5,54,0,5,6,4,28,27,1,86,0,0
2317,1000000US170310403001006,51,35,1,0,8,0,7,44,0,7,16,0,24,23,1,70,0,0
2318,1000000US170310403001007,51,34,0,0,11,0,6,45,0,6,17,0,23,22,1,69,0,0
2319,1000000US170310403001008,42,38,0,0,0,0,4,38,0,4,4,0,22,22,0,50,0,0
2320,1000000US170310403001009,26,22,0,0,4,0,0,26,0,0,4,0,14,14,0,33,0,0
2321,1000000US170310403001010,55,36,0,0,16,0,3,52,0,3,19,0,26,24,2,71,0,0
2322,1000000US170310403001011,50,40,0,0,10,0,0,50,0,0,10,0,23,23,0,62,0,0
2323,1000000US170310403001012,84,61,0,0,16,0,7,77,0,7,23,2,46,41,5,105,0,0
2324,1000000US170310403001013,33,23,3,0,7,0,0,33,0,0,10,0,15,13,2,37,0,0
2325,1000000US170310403001014,37,25,0,0,12,0,0,37,0,0,12,0,16,15,1,47,0,0
2326,1000000US170310403001015,61,24,0,0,21,0,15,46,0,15,37,0,24,23,1,72,0,0
2327,1000000US170310403001016,81,39,8,0,20,0,11,70,0,11,42,19,34,32,2,96,0,0
2328,1000000US170310403002000,0,0,0,0,0,0,0,0,0,0,0,0,0,0,0,0,0,0
2329,1000000US170310403002001,35,25,1,0,5,1,3,32,0,3,10,1,19,18,1,39,0,0
2330,1000000US170310403002002,194,133,9,1,33,1,20,174,0,20,61,5,122,111,11,249,1,0
2331,1000000US170310403002003,105,52,0,1,37,0,16,89,0,16,53,5,44,41,3,126,0,0
2332,1000000US170310403002004,33,23,0,0,10,0,0,33,0,0,10,0,20,19,1,43,0,0
2333,1000000US170310403002005,47,17,7,0,10,0,13,34,0,13,30,0,22,22,0,76,0,0
2334,1000000US170310403002006,22,16,0,0,6,0,0,22,0,0,6,0,9,9,0,33,0,0
2335,1000000US170310403002007,104,63,8,0,20,0,15,89,0,15,41,4,48,47,1,128,0,0
2336,1000000US170310403002008,45,12,2,0,31,0,0,45,0,0,33,0,20,19,1,56,0,0
2337,1000000US170310403002009,22,12,0,0,10,0,0,22,0,0,10,0,9,8,1,36,0,0
2338,1000000US170310403002010,65,37,8,0,14,0,6,59,0,6,28,0,8,8,0,74,0,0
2339,1000000US170310403002011,80,16,1,0,47,0,16,64,0,16,64,3,35,33,2,94,0,0
2340,1000000US170310403002012,93,36,2,2,23,4,30,63,0,30,57,4,37,36,1,116,2,0
2341,1000000US170310403002013,48,29,1,0,11,0,7,41,0,7,19,1,27,24,3,54,0,0
2342,1000000US170310403002014,57,25,0,1,19,0,12,45,0,12,32,0,29,25,4,83,1,0
2343,1000000US170310403002015,45,29,0,0,14,0,2,43,0,2,16,1,21,20,1,55,0,0
2344,1000000US170310403002016,0,0,0,0,0,0,0,0,0,0,0,0,0,0,0,0,0,0
2345,1000000US170310403002017,20,5,0,0,13,0,2,18,0,2,15,0,8,7,1,24,0,0
2346,1000000US170310403003000,0,0,0,0,0,0,0,0,0,0,0,0,0,0,0,0,0,0
2347,1000000US170310403003001,0,0,0,0,0,0,0,0,0,0,0,0,0,0,0,0,0,0
2348,1000000US170310403003002,0,0,0,0,0,0,0,0,0,0,0,0,0,0,0,0,0,0
2349,1000000US170310403003003,51,32,1,0,5,0,13,38,0,13,19,0,32,28,4,60,0,0
2350,1000000US170310403003004,58,38,0,0,8,0,12,46,0,12,20,4,32,28,4,71,0,0
2351,1000000US170310403003005,55,37,6,0,3,0,10,45,0,10,18,0,32,29,3,73,0,1
2352,1000000US170310403003006,48,33,0,0,6,1,9,39,0,9,15,1,23,23,0,60,0,0
2353,1000000US170310403003007,59,15,9,0,2,0,33,26,0,33,44,0,26,25,1,77,0,0
2354,1000000US170310403003008,55,25,3,3,12,1,15,40,0,15,30,4,24,22,2,57,0,0
2355,1000000US170310403003009,39,24,0,0,9,0,6,33,0,6,15,1,24,20,4,45,0,0
2356,1000000US170310403003010,18,15,0,0,3,0,0,18,0,0,3,0,10,9,1,21,0,0
2357,1000000US170310403003011,57,30,3,0,18,0,6,51,0,6,27,1,30,29,1,67,0,0
2358,1000000US170310403003012,22,19,0,0,3,0,0,22,0,0,3,0,16,16,0,25,0,0
2359,1000000US170310403003013,11,4,7,0,0,0,0,11,0,0,7,0,0,0,0,47,0,0
2360,1000000US170310403003014,7,4,0,0,3,0,0,7,0,0,3,0,4,4,0,7,0,0
2361,1000000US170310403003015,52,23,7,1,13,3,6,46,0,6,29,4,23,22,1,58,0,0
2362,1000000US170310403003016,85,48,2,2,25,0,10,75,0,10,37,0,47,43,4,97,2,0
2363,1000000US170310404011000,16,9,0,0,0,0,7,9,0,7,7,0,11,8,3,18,0,0
2364,1000000US170310404011001,27,14,2,0,1,0,10,17,0,10,13,0,15,14,1,38,0,0
2365,1000000US170310404011002,10,7,0,0,3,0,0,10,0,0,3,0,9,6,3,12,0,0
2366,1000000US170310404011003,68,29,2,1,22,0,15,53,0,15,39,0,38,30,8,90,1,0
2367,1000000US170310404011004,87,55,1,0,5,0,26,61,0,26,32,0,49,47,2,107,0,0
2368,1000000US170310404011005,45,35,0,1,2,0,8,37,0,8,10,0,29,26,3,65,1,0
2369,1000000US170310404011006,26,23,2,1,0,0,1,25,0,1,3,1,15,15,0,26,1,0
2370,1000000US170310404011007,20,7,0,0,2,0,11,9,0,11,13,0,9,9,0,28,0,0
2371,1000000US170310404011008,42,29,1,1,0,0,11,31,0,11,13,4,27,23,4,55,0,0
2372,1000000US170310404011009,57,35,6,0,1,0,17,40,0,17,22,3,34,31,3,69,0,2
2373,1000000US170310404011010,53,42,0,0,0,0,11,42,0,11,11,3,27,25,2,64,0,0
2374,1000000US170310404011011,67,37,0,0,13,0,17,50,0,17,30,1,37,33,4,75,0,0
2375,1000000US170310404011012,16,13,1,0,2,0,0,16,0,0,3,1,13,11,2,18,0,0
2376,1000000US170310404011013,79,56,2,0,2,0,20,59,0,20,23,1,44,43,1,96,0,0
2377,1000000US170310404011014,57,46,1,0,2,0,9,48,0,9,11,0,35,33,2,64,0,1
2378,1000000US170310404011015,35,19,0,1,2,0,13,22,0,13,16,1,18,17,1,46,1,0
2379,1000000US170310404012000,62,48,1,1,8,0,4,58,0,4,14,0,37,36,1,67,1,0
2380,1000000US170310404012001,56,38,0,0,5,0,13,43,0,13,18,1,28,27,1,67,0,0
2381,1000000US170310404012002,43,30,0,0,5,0,8,35,0,8,13,0,24,23,1,55,0,0
2382,1000000US170310404012003,24,18,0,0,5,0,1,23,0,1,6,0,15,15,0,27,0,0
2383,1000000US170310404012004,68,36,1,1,14,0,18,50,0,18,32,1,44,38,6,84,1,0
2384,1000000US170310404012005,58,37,0,0,5,2,14,44,0,14,21,1,39,37,2,77,0,0
2385,1000000US170310404012006,69,50,0,0,2,0,17,52,0,17,19,0,43,41,2,84,0,0
2386,1000000US170310404012007,72,64,2,1,4,0,1,71,0,1,8,3,53,50,3,79,0,0
2387,1000000US170310404012008,0,0,0,0,0,0,0,0,0,0,0,0,0,0,0,0,0,0
2388,1000000US170310404012009,2,0,0,2,0,0,0,2,0,0,2,2,3,1,2,2,0,0
2389,1000000US170310404012010,0,0,0,0,0,0,0,0,0,0,0,0,0,0,0,0,0,0
2390,1000000US170310404012011,42,31,1,1,1,0,8,34,0,8,11,1,25,25,0,50,0,0
2391,1000000US170310404013000,0,0,0,0,0,0,0,0,0,0,0,0,0,0,0,0,0,0
2392,1000000US170310404013001,158,77,2,2,50,0,29,129,0,29,81,7,82,77,5,214,1,0
2393,1000000US170310404013002,62,43,2,0,5,0,12,50,0,12,19,2,39,36,3,67,0,0
2394,1000000US170310404013003,27,18,3,0,0,0,6,21,0,6,9,1,14,13,1,34,0,0
2395,1000000US170310404013004,26,18,0,0,0,0,8,18,0,8,8,0,15,12,3,35,0,0
2396,1000000US170310404013005,24,8,3,0,2,0,11,13,0,11,16,3,10,10,0,35,0,0
2397,1000000US170310404013006,33,19,0,0,1,0,13,20,0,13,14,0,15,15,0,47,0,0
2398,1000000US170310404013007,10,7,0,0,0,0,3,7,0,3,3,0,7,5,2,12,0,0
2399,1000000US170310404013008,18,18,0,0,0,0,0,18,0,0,0,0,9,9,0,27,0,0
2400,1000000US170310404013009,31,29,0,0,2,0,0,31,0,0,2,0,15,15,0,34,0,0
2401,1000000US170310404013010,69,41,2,0,12,0,14,55,0,14,28,2,49,44,5,75,0,0
2402,1000000US170310404013011,60,35,10,0,9,1,6,54,0,6,25,7,29,28,1,73,0,0
2403,1000000US170310404014000,43,38,1,0,0,0,5,38,0,5,5,0,28,24,4,56,0,1
2404,1000000US170310404014001,48,40,0,0,0,0,8,40,0,8,8,0,27,25,2,63,0,0
2405,1000000US170310404014002,87,82,0,0,3,0,2,85,0,2,5,0,51,50,1,105,0,0
2406,1000000US170310404014003,43,30,0,0,3,0,10,33,0,10,13,3,24,22,2,58,0,0
2407,1000000US170310404014004,78,49,1,3,2,0,25,53,0,25,29,8,54,50,4,87,3,0
2408,1000000US170310404014005,33,21,1,0,1,0,10,23,0,10,12,0,18,17,1,42,0,0
2409,1000000US170310404014006,50,36,0,0,11,0,3,47,0,3,14,0,23,21,2,59,0,0
2410,1000000US170310404014007,44,36,0,0,4,0,4,40,0,4,8,2,21,20,1,64,0,0
2411,1000000US170310404014008,41,41,0,0,0,0,0,41,0,0,0,0,22,22,0,54,0,0
2412,1000000US170310404014009,49,27,0,1,12,0,11,38,0,11,22,2,24,23,1,55,1,0
2413,1000000US170310404014010,58,40,2,0,9,0,7,51,0,7,18,0,34,33,1,66,0,0
2414,1000000US170310404014011,77,61,1,1,8,0,7,70,0,7,16,2,43,43,0,96,1,0
2415,1000000US170310404014012,70,53,1,1,4,0,12,58,0,12,17,2,40,37,3,80,1,0
2416,1000000US170310404014013,25,23,2,0,0,0,0,25,0,0,2,0,11,7,4,25,0,0
2417,1000000US170310404014014,50,47,0,0,2,0,1,49,0,1,3,1,39,39,0,52,0,0
2418,1000000US170310404014015,10,6,3,0,0,0,1,9,0,1,4,0,6,6,0,14,0,0
2419,1000000US170310404021000,0,0,0,0,0,0,0,0,0,0,0,0,0,0,0,0,0,0
2420,1000000US170310404021001,0,0,0,0,0,0,0,0,0,0,0,0,0,0,0,0,0,0
2421,1000000US170310404021002,0,0,0,0,0,0,0,0,0,0,0,0,0,0,0,0,0,0
2422,1000000US170310404021003,81,48,7,0,13,0,14,67,0,14,33,0,52,51,1,104,0,1
2423,1000000US170310404021004,66,47,2,0,2,0,16,50,0,16,19,0,37,35,2,76,0,1
2424,1000000US170310404021005,94,76,6,0,4,0,10,84,0,10,18,2,59,58,1,101,0,2
2425,1000000US170310404021006,89,60,1,0,5,0,24,65,0,24,29,1,49,48,1,99,0,1
2426,1000000US170310404021007,179,141,17,0,7,0,15,164,0,15,38,4,127,123,4,195,0,1
2427,1000000US170310404021008,69,54,5,1,4,1,3,66,0,3,15,2,44,41,3,79,0,0
2428,1000000US170310404021009,30,29,0,0,1,0,0,30,0,0,1,0,17,17,0,41,0,0
2429,1000000US170310404021010,0,0,0,0,0,0,0,0,0,0,0,0,0,0,0,0,0,0
2430,1000000US170310404022000,116,96,5,0,0,0,15,101,0,15,20,1,75,74,1,134,0,0
2431,1000000US170310404022001,94,73,6,0,10,0,5,89,0,5,21,2,52,50,2,111,0,0
2432,1000000US170310404022002,0,0,0,0,0,0,0,0,0,0,0,0,0,0,0,0,0,0
2433,1000000US170310404022003,160,111,7,3,13,0,25,135,0,25,49,8,100,99,1,183,1,0
2434,1000000US170310404022004,135,108,11,2,3,0,14,121,0,14,27,3,131,105,26,149,2,2
2435,1000000US170310404023000,90,68,1,0,7,0,15,75,0,15,22,1,60,58,2,105,0,1
2436,1000000US170310404023001,98,40,7,3,12,0,37,61,0,37,58,2,70,64,6,111,3,0
2437,1000000US170310404023002,170,89,10,0,13,1,60,110,0,60,81,7,107,100,7,207,0,2
2438,1000000US170310404023003,81,65,1,0,13,0,3,78,0,3,16,5,50,48,2,96,0,0
2439,1000000US170310404023004,54,42,0,0,7,0,5,49,0,5,12,0,35,29,6,63,0,0
2440,1000000US170310404023005,158,81,8,1,4,0,64,94,0,64,77,6,119,103,16,177,0,1
2441,1000000US170310404023006,169,128,1,2,23,0,15,154,0,15,41,7,101,97,4,202,0,1
2442,1000000US170310404023007,48,37,0,1,4,0,7,41,0,7,11,2,36,30,6,50,0,0
2443,1000000US170310404023008,82,65,0,0,7,0,10,72,0,10,17,2,58,53,5,98,0,0
2444,1000000US170310404023009,83,60,1,0,3,0,19,64,0,19,23,1,49,46,3,104,0,0
2445,1000000US170310404023010,63,52,2,0,2,0,8,55,0,8,11,2,39,36,3,67,0,1
2446,1000000US170310404024000,0,0,0,0,0,0,0,0,0,0,0,0,0,0,0,0,0,0
2447,1000000US170310404024001,80,44,3,1,11,0,23,57,0,23,36,2,45,36,9,97,0,1
2448,1000000US170310404024002,71,53,1,0,9,0,8,63,0,8,18,0,44,40,4,90,0,0
2449,1000000US170310404024003,123,103,4,4,9,0,4,119,0,4,20,1,88,80,8,135,3,0
2450,1000000US170310404024004,57,45,0,5,5,0,4,53,0,4,12,3,48,34,14,66,2,0
2451,1000000US170310404024005,95,68,0,2,13,0,12,83,0,12,27,3,64,56,8,121,0,0
2452,1000000US170310404024006,63,45,0,0,0,0,18,45,0,18,18,0,35,32,3,88,0,0
2453,1000000US170310404025000,70,61,2,0,6,0,2,68,0,2,9,1,40,40,0,96,0,1
2454,1000000US170310404025001,75,58,0,0,12,0,5,70,0,5,17,1,66,62,4,77,0,0
2455,1000000US170310404025002,70,52,5,1,6,0,7,63,0,7,18,2,52,46,6,80,1,1
2456,1000000US170310404025003,73,35,1,0,1,1,36,37,0,36,38,1,55,39,16,102,0,0
2457,1000000US170310404025004,76,67,4,1,2,0,2,74,0,2,9,3,58,52,6,83,0,0
2458,1000000US170310404025005,141,93,5,1,11,0,31,110,0,31,48,5,92,87,5,171,0,0
2459,1000000US170310404025006,199,166,5,3,14,0,14,185,0,14,33,2,147,142,5,209,2,1
2460,1000000US170310404025007,252,198,12,1,15,0,26,226,0,26,54,1,162,155,7,261,1,1
2461,1000000US170310404025008,114,67,2,1,7,0,35,79,0,35,47,0,70,66,4,136,1,0
2462,1000000US170310404025009,81,62,0,2,1,0,17,64,0,17,19,0,45,44,1,104,2,0
2463,1000000US170310404025010,0,0,0,0,0,0,0,0,0,0,0,0,0,0,0,0,0,0
2464,1000000US170310406001000,0,0,0,0,0,0,0,0,0,0,0,0,0,0,0,0,0,0
2465,1000000US170310406001001,58,24,0,1,6,0,28,30,0,28,34,0,53,38,15,65,1,0
2466,1000000US170310406001002,41,38,2,0,1,0,0,41,0,0,3,0,28,28,0,54,0,0
2467,1000000US170310406001003,32,23,3,0,0,0,8,24,0,8,9,0,19,18,1,41,0,2
2468,1000000US170310406001004,43,32,5,0,3,0,6,37,0,6,11,2,34,30,4,53,0,3
2469,1000000US170310406001005,16,13,0,0,1,0,2,14,0,2,3,0,9,8,1,20,0,0
2470,1000000US170310406001006,39,31,5,2,1,0,2,37,0,2,8,3,28,25,3,47,0,0
2471,1000000US170310406001007,27,20,3,0,0,0,5,22,0,5,7,0,21,21,0,29,0,1
2472,1000000US170310406001008,13,12,0,0,1,0,0,13,0,0,1,0,9,8,1,20,0,0
2473,1000000US170310406001009,20,17,1,0,2,0,0,20,0,0,3,1,11,10,1,29,0,0
2474,1000000US170310406001010,33,24,3,0,4,0,2,31,0,2,9,2,16,16,0,40,0,0
2475,1000000US170310406001011,45,38,2,2,1,0,4,41,0,4,7,2,28,26,2,51,2,0
2476,1000000US170310406001012,29,19,0,0,0,0,10,19,0,10,10,0,13,12,1,38,0,0
2477,1000000US170310406001013,31,24,2,0,3,1,2,29,0,2,7,5,16,16,0,40,0,2
2478,1000000US170310406001014,22,21,0,0,1,0,0,22,0,0,1,0,12,12,0,25,0,0
2479,1000000US170310406001015,24,20,0,0,3,0,1,23,0,1,4,1,11,10,1,27,0,0
2480,1000000US170310406001016,16,13,0,0,0,0,3,13,0,3,3,0,11,10,1,24,0,0
2481,1000000US170310406002000,38,26,0,0,2,0,10,28,0,10,12,1,23,22,1,46,0,0
2482,1000000US170310406002001,83,64,1,0,9,1,9,74,0,9,19,2,45,43,2,107,0,0
2483,1000000US170310406002002,14,10,1,0,0,0,3,11,0,3,4,0,6,6,0,14,0,0
2484,1000000US170310406002003,51,40,1,0,3,1,7,44,0,7,11,9,25,25,0,56,0,0
2485,1000000US170310406002004,0,0,0,0,0,0,0,0,0,0,0,0,0,0,0,0,0,0
2486,1000000US170310406002005,46,20,7,0,3,1,16,30,0,16,26,2,24,22,2,54,0,0
2487,1000000US170310406002006,0,0,0,0,0,0,0,0,0,0,0,0,0,0,0,0,0,0
2488,1000000US170310406002007,103,88,1,2,4,0,8,95,0,8,15,5,84,80,4,106,0,0
2489,1000000US170310406002008,42,34,0,1,2,0,5,37,0,5,8,1,25,25,0,48,0,0
2490,1000000US170310406002009,64,51,2,0,5,0,6,58,0,6,13,1,38,38,0,72,0,0
2491,1000000US170310406002010,48,36,0,3,1,0,11,37,0,11,12,2,25,25,0,59,3,0
2492,1000000US170310406002011,25,25,0,0,0,0,0,25,0,0,0,0,14,13,1,39,0,0
2493,1000000US170310406002012,74,65,1,0,1,0,7,67,0,7,9,1,52,49,3,88,0,0
2494,1000000US170310406002013,77,63,1,0,2,0,11,66,0,11,14,0,71,63,8,77,0,0
2495,1000000US170310406002014,60,50,0,1,1,0,8,52,0,8,10,3,49,48,1,63,0,0
2496,1000000US170310406002015,70,54,2,2,4,0,9,61,0,9,16,3,56,56,0,73,0,0
2497,1000000US170310406002016,65,53,2,2,3,0,7,58,0,7,12,4,43,43,0,70,0,0
2498,1000000US170310406002017,34,26,1,0,7,0,0,34,0,0,8,0,23,23,0,37,0,0
2499,1000000US170310406003000,22,3,0,0,15,0,4,18,0,4,19,3,9,9,0,25,0,0
2500,1000000US170310406003001,79,57,2,0,4,0,17,62,0,17,22,4,37,35,2,94,0,0
2501,1000000US170310406003002,42,26,0,0,1,0,15,27,0,15,16,0,19,18,1,55,0,0
2502,1000000US170310406003003,7,5,0,0,0,0,2,5,0,2,2,0,12,4,8,10,0,0
2503,1000000US170310406003004,28,19,0,0,8,0,1,27,0,1,9,0,18,16,2,37,0,0
2504,1000000US170310406003005,0,0,0,0,0,0,0,0,0,0,0,0,0,0,0,0,0,0
2505,1000000US170310406003006,53,47,2,0,2,0,3,50,0,3,6,0,35,33,2,64,0,1
2506,1000000US170310406003007,78,69,2,0,3,0,4,74,0,4,9,1,51,49,2,84,0,0
2507,1000000US170310406003008,149,122,2,4,11,1,12,137,0,12,27,5,84,76,8,171,0,0
2508,1000000US170310406003009,44,38,1,0,1,0,4,40,0,4,6,0,39,28,11,52,0,0
2509,1000000US170310406003010,0,0,0,0,0,0,0,0,0,0,0,0,0,0,0,0,0,0
2510,1000000US170310406003011,33,29,0,0,2,0,2,31,0,2,4,0,20,19,1,35,0,0
2511,1000000US170310406003012,93,82,2,0,4,0,6,87,0,6,11,1,62,53,9,109,0,1
2512,1000000US170310406003013,43,38,0,0,0,0,5,38,0,5,5,0,26,26,0,55,0,0
2513,1000000US170310406003014,28,13,1,1,1,0,12,16,0,12,15,0,16,15,1,31,1,0
2514,1000000US170310406003015,0,0,0,0,0,0,0,0,0,0,0,0,0,0,0,0,0,0
2515,1000000US170310406003016,0,0,0,0,0,0,0,0,0,0,0,0,0,0,0,0,0,0
2516,1000000US170310407001000,34,28,1,0,2,0,3,31,0,3,6,1,24,23,1,40,0,0
2517,1000000US170310407001001,60,50,2,1,3,0,4,56,0,4,10,1,34,33,1,67,1,0
2518,1000000US170310407001002,2,2,0,0,0,0,0,2,0,0,0,0,1,1,0,2,0,0
2519,1000000US170310407001003,8,4,0,0,4,0,0,8,0,0,4,0,4,4,0,8,0,0
2520,1000000US170310407001004,85,71,0,0,6,0,8,77,0,8,14,3,46,46,0,102,0,0
2521,1000000US170310407001005,66,51,1,0,1,0,13,53,0,13,15,0,36,35,1,75,0,0
2522,1000000US170310407001006,81,66,1,0,7,0,7,74,0,7,15,0,43,43,0,92,0,0
2523,1000000US170310407001007,86,65,5,0,7,0,10,76,0,10,21,2,54,50,4,94,0,1
2524,1000000US170310407001008,16,7,4,0,2,0,3,13,0,3,9,0,6,6,0,16,0,0
2525,1000000US170310407001009,58,46,1,1,2,0,8,50,0,8,12,1,34,34,0,68,0,0
2526,1000000US170310407001010,72,49,1,0,4,0,17,55,0,17,23,4,45,42,3,88,0,0
2527,1000000US170310407001011,57,35,1,1,11,0,9,48,0,9,22,1,48,44,4,58,1,0
2528,1000000US170310407001012,86,62,3,0,6,0,15,71,0,15,24,2,57,53,4,94,0,0
2529,1000000US170310407002000,0,0,0,0,0,0,0,0,0,0,0,0,0,0,0,0,0,0
2530,1000000US170310407002001,51,25,5,0,4,0,18,33,0,18,26,0,44,42,2,51,0,1
2531,1000000US170310407002002,64,49,0,0,7,0,8,56,0,8,15,2,40,38,2,73,0,0
2532,1000000US170310407002003,122,96,6,0,9,1,10,112,0,10,26,3,109,84,25,126,0,0
2533,1000000US170310407002004,69,56,0,0,5,1,8,61,0,8,13,2,36,36,0,85,0,0
2534,1000000US170310407002005,66,54,0,0,9,0,3,63,0,3,12,2,41,40,1,78,0,0
2535,1000000US170310407002006,3,2,0,0,0,0,1,2,0,1,1,0,2,2,0,5,0,0
2536,1000000US170310407002007,61,47,2,0,9,0,3,58,0,3,14,0,42,30,12,67,0,0
2537,1000000US170310407002008,16,14,0,0,1,0,1,15,0,1,2,1,13,10,3,22,0,0
2538,1000000US170310407002009,92,73,5,0,11,0,4,88,0,4,19,0,55,50,5,117,0,1
2539,1000000US170310407002010,84,69,0,0,7,0,8,76,0,8,15,1,54,51,3,103,0,0
2540,1000000US170310407002011,89,73,0,0,9,0,7,82,0,7,16,4,52,51,1,104,0,0
2541,1000000US170310407003000,40,27,1,0,0,1,12,28,0,12,13,2,26,21,5,50,0,0
2542,1000000US170310407003001,49,41,1,0,1,0,6,43,0,6,8,0,42,29,13,53,0,0
2543,1000000US170310407003002,85,47,1,0,4,0,33,52,0,33,38,6,47,43,4,108,0,0
2544,1000000US170310407003003,84,61,3,2,7,0,11,73,0,11,23,3,52,48,4,95,0,0
2545,1000000US170310407003004,63,50,0,0,6,0,7,56,0,7,13,0,43,37,6,73,0,0
2546,1000000US170310407003005,76,30,19,0,1,0,27,49,0,27,46,2,40,34,6,92,0,1
2547,1000000US170310407003006,142,87,6,0,18,0,31,111,0,31,55,1,83,78,5,167,0,0
2548,1000000US170310407003007,12,12,0,0,0,0,0,12,0,0,0,0,8,8,0,14,0,0
2549,1000000US170310407003008,15,15,0,0,0,0,0,15,0,0,0,0,10,10,0,15,0,0
2550,1000000US170310407003009,32,30,0,0,1,0,1,31,0,1,2,0,18,18,0,48,0,0
2551,1000000US170310407003010,43,37,0,1,2,0,4,39,0,4,6,1,23,23,0,61,0,0
2552,1000000US170310407003011,34,28,0,0,5,1,1,33,0,1,6,1,17,17,0,52,0,0
2553,1000000US170310407004000,83,43,12,0,4,0,24,59,0,24,40,5,54,52,2,95,0,2
2554,1000000US170310407004001,148,117,8,2,6,1,16,132,0,16,31,5,108,102,6,167,1,0
2555,1000000US170310407004002,125,105,1,1,10,0,9,116,0,9,20,2,73,69,4,152,0,0
2556,1000000US170310407004003,101,51,8,1,9,0,33,68,0,33,50,6,64,58,6,127,0,0
2557,1000000US170310407004004,87,69,4,0,10,0,4,83,0,4,18,4,54,49,5,102,0,0
2558,1000000US170310407004005,15,14,0,0,0,0,1,14,0,1,1,0,10,9,1,17,0,0
2559,1000000US170310408001000,29,16,4,0,0,0,9,20,0,9,13,0,21,18,3,32,0,0
2560,1000000US170310408001001,12,12,0,0,0,0,0,12,0,0,0,0,6,6,0,14,0,0
2561,1000000US170310408001002,39,27,4,0,3,0,5,34,0,5,12,0,24,23,1,47,0,0
2562,1000000US170310408001003,0,0,0,0,0,0,0,0,0,0,0,0,0,0,0,0,0,0
2563,1000000US170310408001004,60,52,0,0,4,0,4,56,0,4,8,0,37,35,2,64,0,0
2564,1000000US170310408001005,50,38,1,1,2,0,9,41,0,9,12,2,34,30,4,57,0,1
2565,1000000US170310408001006,37,33,2,1,0,0,1,36,0,1,4,0,26,21,5,42,1,0
2566,1000000US170310408001007,73,48,7,1,4,0,15,58,0,15,25,2,49,47,2,82,1,1
2567,1000000US170310408001008,79,67,2,0,9,0,2,77,0,2,12,2,46,45,1,88,0,0
2568,1000000US170310408001009,75,59,2,0,10,0,4,71,0,4,16,0,43,41,2,86,0,0
2569,1000000US170310408001010,68,51,2,1,4,0,10,58,0,10,17,0,42,40,2,78,1,1
2570,1000000US170310408001011,55,43,0,1,7,0,4,51,0,4,12,0,38,36,2,62,1,0
2571,1000000US170310408001012,4,4,0,0,0,0,0,4,0,0,0,0,3,3,0,4,0,0
2572,1000000US170310408001013,19,17,0,0,2,0,0,19,0,0,2,1,13,12,1,21,0,0
2573,1000000US170310408001014,0,0,0,0,0,0,0,0,0,0,0,0,0,0,0,0,0,0
2574,1000000US170310408001015,45,23,6,0,4,0,12,33,0,12,22,0,34,26,8,49,0,0
2575,1000000US170310408002000,69,58,2,0,3,0,6,63,0,6,11,0,51,50,1,75,0,0
2576,1000000US170310408002001,220,190,2,2,24,0,2,218,0,2,30,7,144,138,6,252,0,0
2577,1000000US170310408002002,11,9,0,0,1,0,1,10,0,1,2,0,6,6,0,16,0,0
2578,1000000US170310408002003,12,12,0,0,0,0,0,12,0,0,0,0,7,7,0,15,0,0
2579,1000000US170310408002004,20,20,0,0,0,0,0,20,0,0,0,0,11,11,0,30,0,0
2580,1000000US170310408002005,100,74,1,1,6,0,19,81,0,19,26,1,65,63,2,121,0,0
2581,1000000US170310408002006,66,44,0,0,7,0,15,51,0,15,22,0,39,36,3,72,0,0
2582,1000000US170310408002007,58,44,0,0,4,0,10,48,0,10,14,0,34,32,2,69,0,0
2583,1000000US170310408002008,70,46,2,2,7,0,15,55,0,15,24,2,46,44,2,82,2,0
2584,1000000US170310408002009,56,12,41,1,0,0,3,53,0,3,44,1,0,0,0,56,1,0
2585,1000000US170310409001000,149,116,3,1,11,0,15,134,0,15,33,2,129,126,3,166,0,0
2586,1000000US170310409001001,48,44,1,0,1,0,1,47,0,1,4,0,27,26,1,62,0,0
2587,1000000US170310409001002,63,55,2,0,3,0,3,60,0,3,8,1,53,41,12,72,0,0
2588,1000000US170310409001003,89,76,2,0,6,0,5,84,0,5,13,3,66,60,6,108,0,0
2589,1000000US170310409001004,42,37,1,0,2,0,2,40,0,2,5,1,31,29,2,54,0,0
2590,1000000US170310409001005,25,21,0,0,1,0,3,22,0,3,4,0,15,14,1,42,0,0
2591,1000000US170310409001006,39,22,3,0,3,0,11,28,0,11,17,2,21,21,0,49,0,0
2592,1000000US170310409001007,27,23,0,0,2,0,2,25,0,2,4,0,22,21,1,27,0,0
2593,1000000US170310409001008,0,0,0,0,0,0,0,0,0,0,0,0,0,0,0,0,0,0
2594,1000000US170310409001009,44,35,1,0,4,1,3,41,0,3,9,1,29,27,2,50,0,0
2595,1000000US170310409001010,53,43,0,2,4,0,4,49,0,4,10,1,32,32,0,62,1,0
2596,1000000US170310409001011,73,53,1,1,1,0,18,55,0,18,20,0,46,43,3,87,1,0
2597,1000000US170310409001012,47,42,0,0,3,0,2,45,0,2,5,2,25,25,0,55,0,0
2598,1000000US170310409001013,114,71,1,0,3,0,39,75,0,39,43,1,67,65,2,133,0,0
2599,1000000US170310409001014,9,9,0,0,0,0,0,9,0,0,0,0,4,4,0,13,0,0
2600,1000000US170310409001015,30,26,1,0,3,0,0,30,0,0,4,0,16,16,0,34,0,0
2601,1000000US170310409001016,46,43,0,0,0,0,3,43,0,3,3,1,31,31,0,57,0,0
2602,1000000US170310409001017,50,46,1,0,0,0,3,47,0,3,4,1,29,28,1,53,0,0
2603,1000000US170310409001018,75,68,0,1,4,0,2,73,0,2,7,1,56,55,1,78,0,0
2604,1000000US170310409001019,15,11,1,0,0,0,3,12,0,3,4,1,17,13,4,16,0,0
2605,1000000US170310409001020,12,10,0,0,1,0,0,12,0,0,2,0,6,6,0,18,0,0
2606,1000000US170310409002000,116,93,9,0,10,0,6,110,0,6,23,0,71,66,5,121,0,2
2607,1000000US170310409002001,138,78,4,0,9,0,47,91,0,47,60,5,88,83,5,176,0,0
2608,1000000US170310409002002,16,12,0,0,0,0,4,12,0,4,4,0,7,7,0,18,0,0
2609,1000000US170310409002003,28,22,0,0,5,0,1,27,0,1,6,1,19,17,2,29,0,0
2610,1000000US170310409002004,51,45,1,0,1,0,4,47,0,4,6,1,29,28,1,69,0,0
2611,1000000US170310409002005,30,19,3,0,1,0,8,22,0,8,11,0,23,21,2,34,0,1
2612,1000000US170310409002006,23,20,1,0,0,0,2,21,0,2,3,0,18,14,4,26,0,0
2613,1000000US170310409002007,37,31,1,0,1,0,4,33,0,4,6,3,19,19,0,42,0,0
2614,1000000US170310409002008,0,0,0,0,0,0,0,0,0,0,0,0,0,0,0,0,0,0
2615,1000000US170310409002009,105,83,3,0,8,0,11,94,0,11,22,3,78,75,3,112,0,0
2616,1000000US170310409002010,78,71,0,0,2,0,5,73,0,5,7,0,66,58,8,87,0,0
2617,1000000US170310501001000,0,0,0,0,0,0,0,0,0,0,0,0,0,0,0,0,0,0
2618,1000000US170310501001001,0,0,0,0,0,0,0,0,0,0,0,0,0,0,0,0,0,0
2619,1000000US170310501001002,0,0,0,0,0,0,0,0,0,0,0,0,0,0,0,0,0,0
2620,1000000US170310501001003,0,0,0,0,0,0,0,0,0,0,0,0,0,0,0,0,0,0
2621,1000000US170310501001004,151,117,4,1,6,0,23,128,0,23,34,2,90,86,4,175,1,0
2622,1000000US170310501001005,117,90,5,1,8,0,14,103,0,14,27,4,85,82,3,127,0,1
2623,1000000US170310501001006,129,95,2,1,5,0,26,103,0,26,34,1,80,76,4,145,1,0
2624,1000000US170310501001007,99,82,2,1,7,0,8,91,0,8,17,3,63,59,4,108,1,0
2625,1000000US170310501001008,112,88,4,1,10,0,10,102,0,10,24,1,72,68,4,138,1,0
2626,1000000US170310501001009,35,25,1,1,4,0,4,31,0,4,10,0,23,21,2,38,1,0
2627,1000000US170310501001010,0,0,0,0,0,0,0,0,0,0,0,0,0,0,0,0,0,0
2628,1000000US170310501001011,35,28,0,0,2,0,5,30,0,5,7,0,21,18,3,52,0,0
2629,1000000US170310501002000,105,87,2,1,6,0,8,97,0,8,18,1,70,61,9,122,1,0
2630,1000000US170310501002001,102,93,1,2,6,0,1,101,0,1,9,3,65,60,5,115,1,0
2631,1000000US170310501002002,109,91,5,0,8,0,5,104,0,5,18,2,62,60,2,120,0,0
2632,1000000US170310501002003,69,57,1,1,7,0,3,66,0,3,12,0,45,44,1,84,1,0
2633,1000000US170310501002004,66,63,1,0,1,0,1,65,0,1,3,2,48,42,6,74,0,0
2634,1000000US170310501002005,45,35,0,0,3,0,7,38,0,7,10,2,24,24,0,52,0,0
2635,1000000US170310501002006,62,39,2,1,4,0,16,46,0,16,23,5,46,42,4,64,0,1
2636,1000000US170310501002007,51,46,1,1,1,1,2,49,0,2,5,3,31,28,3,70,0,0
2637,1000000US170310501002008,45,37,0,0,0,0,8,37,0,8,8,0,36,32,4,51,0,0
2638,1000000US170310501002009,0,0,0,0,0,0,0,0,0,0,0,0,0,0,0,0,0,0
2639,1000000US170310501002010,0,0,0,0,0,0,0,0,0,0,0,0,0,0,0,0,0,0
2640,1000000US170310501002011,50,43,0,1,0,0,6,44,0,6,7,1,25,25,0,57,1,0
2641,1000000US170310501002012,59,50,0,0,2,0,7,52,0,7,9,0,38,34,4,77,0,0
2642,1000000US170310501002013,69,51,4,0,2,0,12,57,0,12,18,1,45,40,5,87,0,0
2643,1000000US170310501002014,29,19,0,0,10,0,0,29,0,0,10,0,13,13,0,39,0,0
2644,1000000US170310501002015,0,0,0,0,0,0,0,0,0,0,0,0,0,0,0,0,0,0
2645,1000000US170310501002016,53,39,1,0,3,2,11,42,0,11,14,4,34,30,4,59,0,1
2646,1000000US170310501002017,29,26,0,0,1,0,2,27,0,2,3,0,16,13,3,33,0,0
2647,1000000US170310501002018,56,49,0,0,4,0,3,53,0,3,7,1,34,33,1,69,0,0
2648,1000000US170310501002019,56,38,2,0,1,0,13,43,0,13,18,2,29,27,2,69,0,0
2649,1000000US170310501002020,43,32,3,3,4,0,2,41,0,2,11,0,26,26,0,56,3,0
2650,1000000US170310501002021,21,19,0,0,1,0,1,20,0,1,2,1,9,9,0,24,0,0
2651,1000000US170310501002022,0,0,0,0,0,0,0,0,0,0,0,0,0,0,0,0,0,0
2652,1000000US170310501002023,0,0,0,0,0,0,0,0,0,0,0,0,0,0,0,0,0,0
2653,1000000US170310501002024,36,34,0,1,1,0,0,36,0,0,2,1,24,20,4,43,0,0
2654,1000000US170310501002025,56,44,1,0,0,0,11,45,0,11,12,0,33,31,2,65,0,0
2655,1000000US170310501002026,14,9,0,0,2,0,3,11,0,3,5,0,8,7,1,14,0,0
2656,1000000US170310501002027,54,43,1,1,6,0,3,51,0,3,11,3,27,26,1,63,0,0
2657,1000000US170310502001000,41,34,1,0,2,0,4,37,0,4,7,1,31,26,5,58,0,0
2658,1000000US170310502001001,23,21,0,0,0,0,2,21,0,2,2,0,19,18,1,23,0,0
2659,1000000US170310502001002,77,56,0,1,4,1,16,61,0,16,21,1,65,56,9,83,1,0
2660,1000000US170310502001003,36,29,3,0,4,0,0,36,0,0,7,0,18,18,0,47,0,0
2661,1000000US170310502001004,18,12,0,0,4,0,2,16,0,2,6,0,13,11,2,22,0,0
2662,1000000US170310502001005,50,39,3,1,4,0,3,47,0,3,11,0,40,28,12,57,1,0
2663,1000000US170310502001006,21,15,0,0,5,0,4,17,0,4,6,0,12,10,2,29,0,0
2664,1000000US170310502001007,32,15,1,0,5,0,11,21,0,11,17,0,14,14,0,41,0,0
2665,1000000US170310502001008,22,19,0,0,0,0,3,19,0,3,3,0,11,11,0,26,0,0
2666,1000000US170310502001009,30,24,0,0,5,0,1,29,0,1,6,0,17,16,1,38,0,0
2667,1000000US170310502001010,23,21,0,0,1,0,1,22,0,1,2,0,12,12,0,29,0,0
2668,1000000US170310502001011,13,12,0,0,1,0,0,13,0,0,1,0,10,9,1,17,0,0
2669,1000000US170310502001012,36,30,0,0,0,0,6,30,0,6,6,0,18,18,0,55,0,0
2670,1000000US170310502001013,23,11,0,0,7,0,5,18,0,5,12,0,10,10,0,37,0,0
2671,1000000US170310502001014,34,31,0,0,0,0,3,31,0,3,3,0,22,20,2,45,0,0
2672,1000000US170310502001015,14,11,0,1,3,0,0,14,0,0,3,1,8,8,0,18,0,0
2673,1000000US170310502001016,34,17,0,0,10,0,8,26,0,8,17,0,16,16,0,43,0,0
2674,1000000US170310502001017,21,21,0,0,0,0,0,21,0,0,0,0,11,11,0,31,0,0
2675,1000000US170310502001018,44,33,0,0,2,0,9,35,0,9,11,0,29,26,3,57,0,0
2676,1000000US170310502001019,75,55,4,1,8,0,10,65,0,10,20,1,41,40,1,81,1,1
2677,1000000US170310502001020,58,46,5,0,1,0,6,52,0,6,12,0,39,33,6,66,0,0
2678,1000000US170310502001021,46,44,1,0,0,0,1,45,0,1,2,0,27,26,1,53,0,0
2679,1000000US170310502002000,27,14,0,0,2,0,12,15,0,12,13,0,16,13,3,35,0,0
2680,1000000US170310502002001,39,21,4,0,1,0,13,26,0,13,18,1,23,21,2,45,0,0
2681,1000000US170310502002002,41,29,1,0,3,0,9,32,0,9,12,3,24,22,2,52,0,1
2682,1000000US170310502002003,39,31,0,2,3,0,4,35,0,4,8,3,23,21,2,45,0,0
2683,1000000US170310502002004,46,33,4,0,4,0,6,40,0,6,13,1,26,26,0,54,0,0
2684,1000000US170310502002005,18,18,0,0,0,0,0,18,0,0,0,0,8,8,0,25,0,0
2685,1000000US170310502002006,28,14,0,3,2,1,13,15,0,13,14,1,14,12,2,30,3,0
2686,1000000US170310502002007,48,45,1,0,2,0,0,48,0,0,3,2,28,26,2,56,0,0
2687,1000000US170310502002008,28,26,0,0,1,0,1,27,0,1,2,0,17,16,1,34,0,0
2688,1000000US170310502002009,7,7,0,0,0,0,0,7,0,0,0,0,5,5,0,7,0,0
2689,1000000US170310502002010,0,0,0,0,0,0,0,0,0,0,0,0,0,0,0,0,0,0
2690,1000000US170310502002011,27,19,2,2,2,0,2,25,0,2,8,2,20,18,2,28,0,0
2691,1000000US170310502002012,27,20,1,0,1,0,5,22,0,5,7,0,21,21,0,29,0,0
2692,1000000US170310502002013,22,18,0,0,1,0,3,19,0,3,4,1,17,16,1,29,0,0
2693,1000000US170310502002014,43,32,2,0,6,0,6,37,0,6,11,2,26,22,4,55,0,2
2694,1000000US170310502002015,37,29,0,1,2,0,6,31,0,6,8,3,22,20,2,39,0,0
2695,1000000US170310502002016,66,51,1,0,0,0,14,52,0,14,15,0,34,34,0,78,0,0
2696,1000000US170310502002017,44,41,0,0,0,0,3,41,0,3,3,0,28,23,5,57,0,0
2697,1000000US170310502002018,22,17,0,0,0,0,5,17,0,5,5,0,14,13,1,24,0,0
2698,1000000US170310502002019,45,40,0,1,4,0,0,45,0,0,5,0,28,26,2,52,1,0
2699,1000000US170310502002020,39,33,1,0,3,0,1,38,0,1,6,1,28,25,3,50,0,0
2700,1000000US170310502002021,46,28,5,1,6,0,6,40,0,6,18,4,24,24,0,51,0,0
2701,1000000US170310502002022,109,74,3,1,8,0,24,85,0,24,35,2,58,55,3,120,0,0
2702,1000000US170310502002023,0,0,0,0,0,0,0,0,0,0,0,0,0,0,0,0,0,0
2703,1000000US170310502002024,29,26,0,0,0,0,3,26,0,3,3,0,18,17,1,35,0,0
2704,1000000US170310502002025,40,32,4,0,0,0,4,36,0,4,8,0,25,23,2,51,0,0
2705,1000000US170310502002026,17,16,0,0,1,0,0,17,0,0,1,0,16,10,6,20,0,0
2706,1000000US170310502002027,25,16,0,0,1,0,8,17,0,8,9,0,10,10,0,34,0,0
2707,1000000US170310502002028,115,97,1,1,3,0,13,102,0,13,18,1,94,83,11,121,1,0
2708,1000000US170310502002029,68,35,0,0,9,0,24,44,0,24,33,0,36,36,0,88,0,0
2709,1000000US170310502002030,46,38,1,0,5,0,2,44,0,2,8,0,25,24,1,53,0,0
2710,1000000US170310502002031,73,53,0,1,5,0,15,58,0,15,20,2,39,34,5,93,0,0
2711,1000000US170310502002032,76,65,5,0,2,0,4,72,0,4,11,1,38,37,1,93,0,0
2712,1000000US170310502002033,11,11,0,0,0,0,0,11,0,0,0,0,6,5,1,15,0,0
2713,1000000US170310502002034,75,69,3,0,0,0,3,72,0,3,6,0,53,47,6,87,0,0
2714,1000000US170310502002035,89,73,0,1,5,0,11,78,0,11,16,0,45,45,0,126,1,0
2715,1000000US170310502002036,55,47,5,2,1,0,0,55,0,0,8,0,33,30,3,70,2,0
2716,1000000US170310502002037,37,34,0,0,3,0,0,37,0,0,3,1,30,25,5,39,0,0
2717,1000000US170310502002038,27,20,0,0,2,0,5,22,0,5,7,1,18,17,1,34,0,0
2718,1000000US170310502002039,34,30,1,0,3,0,0,34,0,0,4,0,21,20,1,42,0,0
2719,1000000US170310502002040,33,32,1,0,0,0,0,33,0,0,1,0,23,23,0,41,0,0
2720,1000000US170310502002041,16,15,0,0,1,0,0,16,0,0,1,1,14,12,2,16,0,0
2721,1000000US170310502002042,41,35,0,0,6,0,0,41,0,0,6,3,33,29,4,47,0,0
2722,1000000US170310502002043,10,10,0,0,0,0,0,10,0,0,0,0,4,4,0,10,0,0
2723,1000000US170310502003000,22,18,0,0,1,0,3,19,0,3,4,0,13,11,2,37,0,0
2724,1000000US170310502003001,11,8,0,0,0,0,3,8,0,3,3,0,6,6,0,14,0,0
2725,1000000US170310502003002,76,32,13,0,24,0,6,70,0,6,44,0,32,27,5,100,0,0
2726,1000000US170310502003003,35,28,0,0,4,0,3,32,0,3,7,0,17,17,0,53,0,0
2727,1000000US170310502003004,61,52,1,0,0,0,8,53,0,8,9,0,34,32,2,87,0,0
2728,1000000US170310502003005,65,51,0,0,11,0,3,62,0,3,14,0,38,37,1,81,0,0
2729,1000000US170310502003006,66,49,1,0,0,0,16,50,0,16,17,0,39,38,1,90,0,0
2730,1000000US170310502003007,63,40,5,1,1,0,14,49,0,14,23,6,31,29,2,95,1,1
2731,1000000US170310502003008,68,51,3,0,3,0,11,57,0,11,17,0,42,36,6,90,0,0
2732,1000000US170310502003009,0,0,0,0,0,0,0,0,0,0,0,0,0,0,0,0,0,0
2733,1000000US170310502003010,69,47,1,0,6,0,15,54,0,15,22,4,39,32,7,88,0,0
2734,1000000US170310502003011,76,62,3,2,2,1,7,69,0,7,14,3,46,42,4,97,1,0
2735,1000000US170310502003012,66,56,2,0,2,0,6,60,0,6,10,0,41,39,2,82,0,0
2736,1000000US170310502003013,56,45,2,0,5,0,4,52,0,4,11,2,36,33,3,73,0,0
2737,1000000US170310502003014,41,21,2,0,4,0,15,26,0,15,20,1,21,19,2,47,0,1
2738,1000000US170310502003015,66,46,3,0,9,0,11,55,0,11,20,0,34,32,2,75,0,3
2739,1000000US170310502003016,315,180,15,2,46,0,73,242,0,73,135,4,281,261,20,315,2,0
2740,1000000US170310502003017,55,33,0,0,2,0,20,35,0,20,22,0,38,30,8,68,0,0
2741,1000000US170310502003018,70,40,2,0,13,0,14,56,0,14,30,2,36,34,2,94,0,0
2742,1000000US170310502003019,53,45,0,0,3,0,5,48,0,5,8,0,30,29,1,78,0,0
2743,1000000US170310502003020,25,21,0,0,1,0,3,22,0,3,4,0,17,15,2,34,0,0
2744,1000000US170310502003021,58,39,1,0,6,0,11,47,0,11,19,3,29,28,1,73,0,0
2745,1000000US170310503001000,33,6,4,0,3,0,20,13,0,20,27,0,23,18,5,44,0,0
2746,1000000US170310503001001,51,35,3,0,2,0,11,40,0,11,16,0,31,30,1,65,0,0
2747,1000000US170310503001002,81,64,2,1,2,0,12,69,0,12,17,2,48,46,2,100,0,0
2748,1000000US170310503001003,71,62,1,0,1,0,7,64,0,7,9,0,47,45,2,84,0,0
2749,1000000US170310503001004,9,3,0,0,0,0,6,3,0,6,6,0,6,5,1,10,0,0
2750,1000000US170310503001005,67,52,0,0,4,0,11,56,0,11,15,1,54,46,8,82,0,0
2751,1000000US170310503001006,83,55,5,0,9,0,14,69,0,14,28,0,45,44,1,97,0,0
2752,1000000US170310503001007,8,2,2,0,0,0,6,2,0,6,6,3,5,5,0,15,0,2
2753,1000000US170310503001008,60,48,1,0,1,0,10,50,0,10,12,1,34,32,2,85,0,0
2754,1000000US170310503001009,73,65,1,2,0,0,6,67,0,6,8,2,40,39,1,85,2,0
2755,1000000US170310503001010,7,6,0,0,1,0,0,7,0,0,1,1,2,2,0,7,0,0
2756,1000000US170310503001011,65,45,2,1,7,0,10,55,0,10,20,1,37,34,3,80,0,0
2757,1000000US170310503001012,45,31,1,0,2,0,11,34,0,11,14,0,26,26,0,62,0,0
2758,1000000US170310503001013,16,14,0,0,0,0,2,14,0,2,2,0,10,9,1,21,0,0
2759,1000000US170310503001014,53,44,2,1,2,0,4,49,0,4,9,0,32,29,3,65,1,0
2760,1000000US170310503002000,60,41,0,1,7,0,11,49,0,11,19,6,34,33,1,73,0,0
2761,1000000US170310503002001,64,46,2,0,2,0,14,50,0,14,18,0,40,35,5,84,0,0
2762,1000000US170310503002002,56,38,0,1,9,2,8,48,0,8,18,5,33,30,3,72,1,0
2763,1000000US170310503002003,67,40,2,0,3,0,22,45,0,22,27,0,39,36,3,80,0,0
2764,1000000US170310503002004,38,36,0,0,0,0,2,36,0,2,2,0,19,18,1,54,0,0
2765,1000000US170310503002005,46,39,1,0,1,0,5,41,0,5,7,0,27,24,3,54,0,0
2766,1000000US170310503002006,41,31,0,0,6,0,4,37,0,4,10,1,27,23,4,55,0,0
2767,1000000US170310503002007,45,38,2,0,3,0,1,44,0,1,7,0,28,26,2,53,0,1
2768,1000000US170310503002008,46,40,0,0,4,0,2,44,0,2,6,0,30,30,0,47,0,0
2769,1000000US170310503002009,21,10,0,3,0,0,11,10,0,11,11,0,9,7,2,23,3,0
2770,1000000US170310503002010,9,5,0,0,2,0,2,7,0,2,4,0,6,4,2,9,0,0
2771,1000000US170310503002011,23,3,0,1,7,0,12,11,0,12,20,1,12,12,0,25,0,0
2772,1000000US170310503002012,49,41,1,0,4,0,3,46,0,3,8,0,31,29,2,59,0,0
2773,1000000US170310503002013,43,34,0,0,9,0,0,43,0,0,9,0,19,19,0,53,0,0
2774,1000000US170310503003000,301,230,3,3,29,3,32,269,0,32,71,10,188,174,14,373,0,1
2775,1000000US170310503003001,57,51,1,0,1,0,4,53,0,4,6,0,34,31,3,68,0,0
2776,1000000US170310503003002,0,0,0,0,0,0,0,0,0,0,0,0,0,0,0,0,0,0
2777,1000000US170310503003003,51,39,0,1,10,0,4,47,0,4,12,3,32,28,4,60,0,0
2778,1000000US170310503003004,5,3,0,0,0,0,2,3,0,2,2,0,2,2,0,7,0,0
2779,1000000US170310503003005,65,55,0,0,2,0,8,57,0,8,10,3,42,39,3,85,0,0
2780,1000000US170310503003006,62,45,0,0,1,0,16,46,0,16,17,1,37,34,3,77,0,0
2781,1000000US170310503003007,0,0,0,0,0,0,0,0,0,0,0,0,0,0,0,0,0,0
2782,1000000US170310503003008,43,34,0,1,1,0,8,35,0,8,9,0,23,21,2,52,1,0
2783,1000000US170310505001000,32,26,0,0,6,0,0,32,0,0,6,1,19,18,1,39,0,0
2784,1000000US170310505001001,0,0,0,0,0,0,0,0,0,0,0,0,0,0,0,0,0,0
2785,1000000US170310505001002,23,3,2,1,2,0,16,7,0,16,20,0,12,11,1,26,1,0
2786,1000000US170310505001003,20,19,0,0,0,0,1,19,0,1,1,0,31,9,22,25,0,0
2787,1000000US170310505001004,46,39,1,0,0,0,5,41,0,5,7,0,30,27,3,55,0,0
2788,1000000US170310505001005,37,32,0,1,0,0,5,32,0,5,5,1,26,21,5,57,0,0
2789,1000000US170310505001006,44,38,0,1,1,0,4,40,0,4,6,0,30,25,5,56,1,0
2790,1000000US170310505001007,85,74,5,0,1,0,5,80,0,5,11,0,62,56,6,95,0,0
2791,1000000US170310505001008,68,60,0,0,4,0,4,64,0,4,8,2,37,36,1,98,0,0
2792,1000000US170310505001009,61,48,5,0,2,0,8,53,0,8,13,4,34,32,2,81,0,2
2793,1000000US170310505001010,68,54,0,3,9,0,2,66,0,2,14,5,42,39,3,95,0,0
2794,1000000US170310505001011,66,56,1,1,5,0,3,63,0,3,10,0,45,43,2,87,1,0
2795,1000000US170310505001012,62,53,3,0,1,0,5,57,0,5,9,2,43,40,3,77,0,0
2796,1000000US170310505001013,91,71,1,0,8,0,11,80,0,11,20,2,66,59,7,113,0,0
2797,1000000US170310505001014,22,17,2,0,2,0,2,20,0,2,5,1,17,14,3,26,0,0
2798,1000000US170310505002000,47,38,3,0,1,0,5,42,0,5,9,0,34,34,0,47,0,0
2799,1000000US170310505002001,2,0,0,2,0,0,2,0,0,2,2,2,1,1,0,2,0,0
2800,1000000US170310505002002,32,29,3,0,0,0,0,32,0,0,3,0,24,22,2,33,0,0
2801,1000000US170310505002003,23,22,0,0,0,0,1,22,0,1,1,0,17,15,2,23,0,0
2802,1000000US170310505002004,11,11,0,0,0,0,0,11,0,0,0,0,6,5,1,11,0,0
2803,1000000US170310505002005,3,2,0,0,1,0,0,3,0,0,1,0,0,0,0,3,0,0
2804,1000000US170310505002006,38,34,0,0,3,0,1,37,0,1,4,1,24,20,4,58,0,0
2805,1000000US170310505002007,56,38,3,3,2,0,12,44,0,12,18,6,32,32,0,69,0,0
2806,1000000US170310505002008,39,30,2,0,4,0,3,36,0,3,9,1,24,22,2,61,0,0
2807,1000000US170310505002009,35,29,2,0,0,0,4,31,0,4,6,1,24,21,3,45,0,0
2808,1000000US170310505002010,39,34,1,0,1,0,3,36,0,3,5,1,22,21,1,47,0,0
2809,1000000US170310505002011,58,53,2,0,1,0,2,56,0,2,5,1,26,25,1,71,0,0
2810,1000000US170310505002012,60,49,1,0,2,0,8,52,0,8,11,0,36,35,1,73,0,0
2811,1000000US170310505002013,47,34,1,0,5,0,7,40,0,7,13,1,29,26,3,71,0,0
2812,1000000US170310505002014,48,42,2,0,2,0,2,46,0,2,6,0,28,26,2,60,0,0
2813,1000000US170310505002015,33,30,0,0,3,0,0,33,0,0,3,1,19,18,1,57,0,0
2814,1000000US170310505002016,40,36,1,0,2,0,1,39,0,1,4,0,26,24,2,59,0,0
2815,1000000US170310505002017,35,35,0,0,0,0,0,35,0,0,0,0,20,19,1,47,0,0
2816,1000000US170310505002018,44,35,0,0,3,0,6,38,0,6,9,0,26,22,4,59,0,0
2817,1000000US170310505002019,34,31,0,0,0,0,3,31,0,3,3,0,23,19,4,52,0,0
2818,1000000US170310505002020,86,75,1,1,6,0,4,82,0,4,11,0,49,46,3,117,1,0
2819,1000000US170310505002021,55,48,1,0,3,0,4,51,0,4,7,0,38,35,3,73,0,1
2820,1000000US170310505002022,135,117,2,0,3,0,14,121,0,14,18,4,77,75,2,144,0,1
2821,1000000US170310505002023,33,32,0,0,1,0,0,33,0,0,1,0,23,21,2,36,0,0
2822,1000000US170310505002024,22,20,0,1,2,0,0,22,0,0,2,2,13,13,0,26,0,0
2823,1000000US170310505002025,48,45,0,0,1,0,2,46,0,2,3,0,31,31,0,60,0,0
2824,1000000US170310505003000,13,13,0,0,0,0,0,13,0,0,0,0,8,8,0,18,0,0
2825,1000000US170310505003001,36,31,0,0,4,0,1,35,0,1,5,0,21,20,1,46,0,0
2826,1000000US170310505003002,66,59,0,0,3,0,4,62,0,4,7,0,38,32,6,81,0,0
2827,1000000US170310505003003,57,47,0,0,9,0,1,56,0,1,10,1,35,34,1,78,0,0
2828,1000000US170310505003004,57,48,4,0,3,0,6,51,0,6,9,2,38,31,7,79,0,3
2829,1000000US170310505003005,57,52,0,0,2,0,3,54,0,3,5,0,34,32,2,77,0,0
2830,1000000US170310505003006,60,49,0,0,7,0,4,56,0,4,11,0,38,35,3,72,0,0
2831,1000000US170310505003007,16,16,0,0,0,0,0,16,0,0,0,0,10,10,0,19,0,0
2832,1000000US170310505003008,34,32,0,0,0,0,2,32,0,2,2,1,17,15,2,56,0,0
2833,1000000US170310505003009,42,38,0,0,3,0,1,41,0,1,4,3,23,22,1,57,0,0
2834,1000000US170310505003010,66,56,1,0,8,0,1,65,0,1,10,3,36,34,2,88,0,0
2835,1000000US170310505003011,69,63,0,2,2,0,2,67,0,2,6,1,50,47,3,91,1,0
2836,1000000US170310505004000,97,85,0,1,8,0,4,93,0,4,12,1,52,51,1,115,1,0
2837,1000000US170310505004001,10,7,0,0,0,0,3,7,0,3,3,0,6,5,1,16,0,0
2838,1000000US170310505004002,38,29,0,1,0,0,9,29,0,9,9,1,19,19,0,45,1,0
2839,1000000US170310505004003,48,39,0,0,2,0,7,41,0,7,9,2,24,23,1,55,0,0
2840,1000000US170310505004004,35,32,0,0,3,0,0,35,0,0,3,0,23,20,3,42,0,0
2841,1000000US170310505004005,44,31,0,1,3,0,9,35,0,9,13,1,25,22,3,55,0,0
2842,1000000US170310505004006,49,41,2,0,1,0,5,44,0,5,8,0,33,29,4,59,0,0
2843,1000000US170310505004007,45,38,1,0,4,0,2,43,0,2,7,1,33,29,4,58,0,0
2844,1000000US170310505004008,46,40,0,0,3,0,3,43,0,3,6,0,26,26,0,55,0,0
2845,1000000US170310505004009,36,35,0,0,1,0,0,36,0,0,1,0,20,19,1,41,0,0
2846,1000000US170310505004010,62,55,2,0,0,0,5,57,0,5,7,0,34,33,1,77,0,0
2847,1000000US170310505004011,16,16,0,0,0,0,0,16,0,0,0,0,10,9,1,24,0,0
2848,1000000US170310505004012,28,26,0,0,0,0,2,26,0,2,2,0,18,16,2,43,0,0
2849,1000000US170310505004013,18,16,0,0,1,0,1,17,0,1,2,0,12,10,2,25,0,0
2850,1000000US170310505004014,23,22,0,1,0,0,0,23,0,0,1,0,13,11,2,26,1,0
2851,1000000US170310505004015,48,44,1,0,2,1,0,48,0,0,4,1,29,27,2,50,0,0
2852,1000000US170310505004016,53,49,2,1,1,0,1,52,0,1,4,1,35,32,3,66,0,0
2853,1000000US170310505004017,30,27,0,0,2,0,1,29,0,1,3,1,15,15,0,38,0,0
2854,1000000US170310505005000,62,54,0,0,7,0,1,61,0,1,8,0,39,39,0,84,0,0
2855,1000000US170310505005001,67,50,0,1,8,0,9,58,0,9,17,2,41,39,2,89,1,0
2856,1000000US170310505005002,0,0,0,0,0,0,0,0,0,0,0,0,0,0,0,0,0,0
2857,1000000US170310505005003,65,45,2,1,9,0,8,57,0,8,20,6,47,46,1,75,0,0
2858,1000000US170310505005004,15,9,1,0,0,0,5,10,0,5,6,0,9,9,0,17,0,0
2859,1000000US170310505005005,116,88,5,1,9,1,12,104,0,12,28,2,71,66,5,137,0,0
2860,1000000US170310505005006,45,38,0,0,4,0,3,42,0,3,7,0,34,29,5,64,0,0
2861,1000000US170310505005007,46,39,0,0,3,0,4,42,0,4,7,0,29,27,2,67,0,0
2862,1000000US170310505005008,41,38,1,0,0,1,1,40,0,1,3,0,30,28,2,52,0,0
2863,1000000US170310505005009,46,37,2,1,4,0,4,42,0,4,9,2,28,27,1,66,0,0
2864,1000000US170310505005010,41,29,3,0,6,0,3,38,0,3,12,0,26,24,2,51,0,0
2865,1000000US170310505005011,55,39,3,0,5,0,9,46,0,9,16,4,31,30,1,66,0,1
2866,1000000US170310506001000,0,0,0,0,0,0,0,0,0,0,0,0,0,0,0,0,0,0
2867,1000000US170310506001001,0,0,0,0,0,0,0,0,0,0,0,0,0,0,0,0,0,0
2868,1000000US170310506001002,86,63,0,1,9,0,13,73,0,13,23,1,51,49,2,94,0,0
2869,1000000US170310506001003,53,39,0,0,4,0,10,43,0,10,14,2,30,26,4,58,0,0
2870,1000000US170310506001004,6,1,1,0,4,0,0,6,0,0,5,0,5,5,0,7,0,0
2871,1000000US170310506001005,21,19,0,0,0,0,1,20,0,1,2,0,9,9,0,22,0,0
2872,1000000US170310506001006,42,33,6,0,1,0,2,40,0,2,9,1,24,22,2,45,0,0
2873,1000000US170310506001007,28,22,5,0,0,0,1,27,0,1,6,0,18,15,3,35,0,0
2874,1000000US170310506001008,22,21,0,0,0,0,1,21,0,1,1,0,10,10,0,35,0,0
2875,1000000US170310506001009,25,22,1,0,0,0,2,23,0,2,3,0,16,15,1,25,0,0
2876,1000000US170310506001010,41,39,1,0,0,0,1,40,0,1,2,1,30,27,3,43,0,0
2877,1000000US170310506001011,33,30,0,0,1,0,2,31,0,2,3,1,27,24,3,33,0,0
2878,1000000US170310506001012,25,19,0,0,2,0,4,21,0,4,6,0,15,11,4,37,0,0
2879,1000000US170310506001013,87,81,0,0,6,0,0,87,0,0,6,1,62,60,2,92,0,0
2880,1000000US170310506001014,57,52,2,0,1,0,3,54,0,3,5,2,36,36,0,61,0,0
2881,1000000US170310506001015,31,30,0,0,0,0,1,30,0,1,1,0,17,16,1,47,0,0
2882,1000000US170310506001016,36,29,3,0,4,0,2,34,0,2,7,3,20,19,1,42,0,0
2883,1000000US170310506001017,48,43,2,0,0,1,2,46,0,2,5,1,30,28,2,60,0,0
2884,1000000US170310506001018,33,29,2,0,0,0,2,31,0,2,4,1,21,19,2,39,0,0
2885,1000000US170310506001019,30,27,0,0,1,0,2,28,0,2,3,0,91,24,67,30,0,0
2886,1000000US170310506001020,30,28,0,0,1,0,1,29,0,1,2,0,14,14,0,30,0,0
2887,1000000US170310506001021,41,27,3,0,3,0,11,30,0,11,14,3,31,24,7,52,0,1
2888,1000000US170310506001022,15,13,0,0,1,0,1,14,0,1,2,1,10,10,0,15,0,0
2889,1000000US170310506001023,18,14,0,0,0,0,4,14,0,4,4,2,12,7,5,20,0,0
2890,1000000US170310506001024,42,33,0,0,0,0,9,33,0,9,9,0,23,19,4,55,0,0
2891,1000000US170310506001025,6,6,0,0,0,0,0,6,0,0,0,0,4,4,0,10,0,0
2892,1000000US170310506001026,23,21,0,1,1,0,1,22,0,1,2,0,11,11,0,32,1,0
2893,1000000US170310506002000,0,0,0,0,0,0,0,0,0,0,0,0,0,0,0,0,0,0
2894,1000000US170310506002001,0,0,0,0,0,0,0,0,0,0,0,0,0,0,0,0,0,0
2895,1000000US170310506002002,0,0,0,0,0,0,0,0,0,0,0,0,0,0,0,0,0,0
2896,1000000US170310506002003,60,50,3,0,3,0,4,56,0,4,10,2,36,35,1,79,0,0
2897,1000000US170310506002004,16,15,1,0,0,0,0,16,0,0,1,0,7,7,0,16,0,0
2898,1000000US170310506002005,26,24,0,0,1,0,1,25,0,1,2,0,15,15,0,33,0,0
2899,1000000US170310506002006,9,9,0,0,0,0,0,9,0,0,0,0,6,5,1,14,0,0
2900,1000000US170310506002007,45,41,1,0,1,0,2,43,0,2,4,0,33,30,3,54,0,0
2901,1000000US170310506002008,46,38,0,0,4,0,4,42,0,4,8,1,27,25,2,58,0,0
2902,1000000US170310506002009,44,37,0,1,0,0,7,37,0,7,7,1,24,23,1,55,1,0
2903,1000000US170310506002010,21,17,0,1,3,0,0,21,0,0,4,0,10,10,0,24,1,0
2904,1000000US170310506002011,41,29,1,0,0,0,11,30,0,11,12,2,22,21,1,54,0,0
2905,1000000US170310506002012,67,47,0,1,9,0,10,57,0,10,20,5,33,33,0,74,0,0
2906,1000000US170310506002013,60,43,1,0,5,0,11,49,0,11,17,0,35,32,3,71,0,0
2907,1000000US170310506002014,55,54,0,0,0,0,0,55,0,0,1,0,40,39,1,60,0,0
2908,1000000US170310506002015,68,57,0,1,6,0,5,63,0,5,11,2,41,39,2,78,0,0
2909,1000000US170310506002016,26,26,0,0,0,0,0,26,0,0,0,0,17,15,2,34,0,0
2910,1000000US170310506002017,45,39,1,0,0,0,6,39,0,6,6,0,23,23,0,53,0,1
2911,1000000US170310506002018,71,62,0,0,4,0,5,66,0,5,9,0,54,51,3,74,0,0
2912,1000000US170310506002019,0,0,0,0,0,0,0,0,0,0,0,0,3,0,3,0,0,0
2913,1000000US170310506002020,24,21,0,0,0,0,3,21,0,3,3,0,15,12,3,26,0,0
2914,1000000US170310506002021,75,59,3,0,5,0,8,67,0,8,16,1,42,41,1,84,0,0
2915,1000000US170310506002022,36,34,1,0,1,0,0,36,0,0,2,0,22,20,2,47,0,0
2916,1000000US170310506002023,59,47,0,0,7,0,4,55,0,4,12,0,35,34,1,64,0,0
2917,1000000US170310507001000,0,0,0,0,0,0,0,0,0,0,0,0,0,0,0,0,0,0
2918,1000000US170310507001001,136,123,3,1,5,0,4,132,0,4,13,3,79,72,7,157,0,0
2919,1000000US170310507001002,94,73,3,0,6,0,10,84,0,10,21,0,49,45,4,105,0,1
2920,1000000US170310507001003,20,14,0,0,0,0,6,14,0,6,6,0,11,11,0,22,0,0
2921,1000000US170310507001004,62,46,1,1,2,0,13,49,0,13,16,3,33,31,2,78,0,0
2922,1000000US170310507001005,58,52,4,0,1,0,1,57,0,1,6,2,34,34,0,65,0,1
2923,1000000US170310507001006,49,43,3,0,0,2,1,48,0,1,6,1,27,25,2,70,0,0
2924,1000000US170310507001007,43,38,1,1,2,0,3,40,0,3,5,3,29,29,0,61,0,1
2925,1000000US170310507001008,49,43,0,0,4,0,2,47,0,2,6,1,32,32,0,70,0,0
2926,1000000US170310507001009,28,23,0,0,0,0,5,23,0,5,5,0,18,18,0,30,0,0
2927,1000000US170310507001010,52,47,0,0,5,0,2,50,0,2,5,3,30,28,2,61,0,0
2928,1000000US170310507001011,27,23,1,0,1,0,2,25,0,2,4,1,15,15,0,36,0,0
2929,1000000US170310507001012,54,48,0,0,4,0,2,52,0,2,6,0,32,32,0,64,0,0
2930,1000000US170310507001013,211,187,3,0,12,0,9,202,0,9,24,1,138,134,4,228,0,0
2931,1000000US170310507001014,38,33,3,0,0,0,3,35,0,3,5,0,24,21,3,45,0,1
2932,1000000US170310507001015,40,38,0,1,1,0,0,40,0,0,2,0,23,23,0,55,1,0
2933,1000000US170310507001016,61,52,3,0,2,0,4,57,0,4,9,1,42,39,3,72,0,0
2934,1000000US170310507001017,55,41,0,0,8,0,6,49,0,6,14,0,35,32,3,63,0,0
2935,1000000US170310507001018,2,2,0,0,0,0,0,2,0,0,0,0,2,2,0,2,0,0
2936,1000000US170310507001019,94,86,2,0,2,0,4,90,0,4,8,1,56,53,3,117,0,0
2937,1000000US170310507001020,11,2,0,0,4,0,5,6,0,5,9,0,5,4,1,17,0,0
2938,1000000US170310508001000,45,41,0,0,1,0,3,42,0,3,4,0,25,25,0,57,0,0
2939,1000000US170310508001001,27,25,0,0,0,0,2,25,0,2,2,0,22,17,5,32,0,0
2940,1000000US170310508001002,43,39,1,2,1,0,1,42,0,1,4,2,24,24,0,48,0,0
2941,1000000US170310508001003,32,28,0,0,1,0,3,29,0,3,4,0,24,16,8,36,0,0
2942,1000000US170310508001004,2,1,0,0,1,0,0,2,0,0,1,0,1,1,0,4,0,0
2943,1000000US170310508001005,10,4,0,0,6,0,0,10,0,0,6,0,4,4,0,12,0,0
2944,1000000US170310508001006,42,40,0,0,2,0,0,42,0,0,2,0,26,23,3,55,0,0
2945,1000000US170310508001007,41,31,1,1,0,0,9,32,0,9,10,1,27,26,1,50,1,0
2946,1000000US170310508001008,54,40,0,0,8,0,6,48,0,6,14,1,29,29,0,67,0,0
2947,1000000US170310508001009,51,34,0,0,5,0,15,36,0,15,17,4,27,25,2,84,0,0
2948,1000000US170310508001010,46,43,0,0,3,0,0,46,0,0,3,0,22,22,0,65,0,0
2949,1000000US170310508001011,18,16,0,0,1,0,1,17,0,1,2,0,11,11,0,20,0,0
2950,1000000US170310508001012,60,35,1,0,7,0,16,44,0,16,25,4,27,25,2,76,0,0
2951,1000000US170310508001013,38,34,0,0,3,0,1,37,0,1,4,1,23,21,2,52,0,0
2952,1000000US170310508001014,44,41,0,0,1,0,2,42,0,2,3,1,23,23,0,60,0,0
2953,1000000US170310508001015,59,51,4,0,0,0,4,55,0,4,8,0,35,31,4,65,0,0
2954,1000000US170310508001016,67,50,1,0,2,0,14,53,0,14,17,4,46,40,6,84,0,0
2955,1000000US170310508001017,61,50,0,0,8,0,3,58,0,3,11,2,38,36,2,81,0,0
2956,1000000US170310508001018,55,45,1,0,1,0,8,47,0,8,10,1,29,28,1,71,0,0
2957,1000000US170310508001019,39,36,1,0,0,0,2,37,0,2,3,0,28,26,2,54,0,0
2958,1000000US170310508001020,55,54,0,0,1,0,0,55,0,0,1,0,32,30,2,72,0,0
2959,1000000US170310508001021,27,20,1,0,3,0,3,24,0,3,7,0,20,18,2,29,0,0
2960,1000000US170310508001022,31,20,1,0,1,0,9,22,0,9,11,5,19,16,3,38,0,0
2961,1000000US170310508001023,38,33,1,1,2,0,1,37,0,1,5,1,25,23,2,45,0,0
2962,1000000US170310508001024,29,21,0,0,6,0,2,27,0,2,8,0,22,19,3,32,0,0
2963,1000000US170310509001000,56,33,4,0,5,0,14,42,0,14,23,0,30,28,2,71,0,0
2964,1000000US170310509001001,45,34,3,2,3,0,4,41,0,4,11,2,31,28,3,54,0,0
2965,1000000US170310509001002,45,37,1,0,0,0,6,39,0,6,8,1,31,29,2,49,0,0
2966,1000000US170310509001003,53,47,3,0,0,0,3,50,0,3,6,0,36,36,0,56,0,0
2967,1000000US170310509001004,0,0,0,0,0,0,0,0,0,0,0,0,0,0,0,0,0,0
2968,1000000US170310509001005,32,5,0,0,1,0,26,6,0,26,27,0,15,13,2,43,0,0
2969,1000000US170310509001006,58,46,0,0,7,0,5,53,0,5,12,0,33,31,2,66,0,0
2970,1000000US170310509001007,54,48,1,2,3,0,0,54,0,0,6,2,38,33,5,70,0,0
2971,1000000US170310509001008,54,39,2,0,10,0,3,51,0,3,15,1,32,32,0,60,0,0
2972,1000000US170310509001009,50,28,1,1,9,0,12,38,0,12,22,2,30,28,2,67,0,0
2973,1000000US170310509001010,39,32,2,0,2,0,4,35,0,4,7,0,25,24,1,51,0,1
2974,1000000US170310509001011,42,34,0,0,4,0,4,38,0,4,8,0,27,24,3,51,0,0
2975,1000000US170310509001012,48,40,1,0,5,0,2,46,0,2,8,1,32,30,2,51,0,0
2976,1000000US170310509001013,50,40,0,0,4,0,6,44,0,6,10,0,35,30,5,68,0,0
2977,1000000US170310509001014,67,50,0,0,5,0,12,55,0,12,17,3,39,38,1,78,0,0
2978,1000000US170310509001015,83,67,1,0,3,0,12,71,0,12,16,0,60,50,10,98,0,0
2979,1000000US170310509001016,72,55,1,1,9,0,7,65,0,7,17,1,46,42,4,83,0,0
2980,1000000US170310509001017,59,40,1,0,0,0,18,41,0,18,19,0,33,32,1,77,0,0
2981,1000000US170310509001018,44,40,0,0,1,0,4,40,0,4,4,1,30,25,5,60,0,0
2982,1000000US170310509001019,51,41,1,0,1,0,8,43,0,8,10,0,29,28,1,62,0,0
2983,1000000US170310509001020,6,5,1,0,0,0,0,6,0,0,1,0,3,3,0,6,0,0
2984,1000000US170310509001021,40,38,0,1,0,0,1,39,0,1,2,1,25,24,1,48,0,0
2985,1000000US170310509001022,21,12,1,0,0,0,8,13,0,8,9,9,15,9,6,26,0,0
2986,1000000US170310509001023,42,41,0,0,1,0,0,42,0,0,1,0,26,24,2,49,0,0
2987,1000000US170310509001024,38,30,1,1,0,0,7,31,0,7,8,3,23,21,2,47,0,1
2988,1000000US170310510001000,37,32,0,1,4,0,0,37,0,0,5,0,24,20,4,40,1,0
2989,1000000US170310510001001,33,31,0,0,1,0,1,32,0,1,2,0,17,17,0,40,0,0
2990,1000000US170310510001002,45,41,1,0,2,0,1,44,0,1,4,2,26,26,0,54,0,0
2991,1000000US170310510001003,17,13,0,0,2,0,2,15,0,2,4,0,16,14,2,17,0,0
2992,1000000US170310510001004,7,5,0,0,0,0,2,5,0,2,2,0,4,4,0,9,0,0
2993,1000000US170310510001005,0,0,0,0,0,0,0,0,0,0,0,0,0,0,0,0,0,0
2994,1000000US170310510001006,0,0,0,0,0,0,0,0,0,0,0,0,0,0,0,0,0,0
2995,1000000US170310510001007,5,4,0,0,0,0,1,4,0,1,1,0,2,2,0,5,0,0
2996,1000000US170310510001008,0,0,0,0,0,0,0,0,0,0,0,0,0,0,0,0,0,0
2997,1000000US170310510001009,19,16,1,0,2,0,1,18,0,1,3,0,10,10,0,25,0,1
2998,1000000US170310510001010,78,52,4,0,4,0,18,60,0,18,26,0,52,50,2,90,0,0
2999,1000000US170310510001011,43,27,0,0,5,0,14,29,0,14,16,1,26,21,5,57,0,0
3000,1000000US170310510001012,46,45,0,0,0,0,1,45,0,1,1,0,32,26,6,59,0,0
3001,1000000US170310510001013,113,87,3,1,6,0,13,100,0,13,26,2,85,64,21,129,1,0
3002,1000000US170310510001014,62,49,0,1,2,0,10,52,0,10,13,6,38,34,4,74,0,0
3003,1000000US170310510001015,61,53,0,1,1,0,6,55,0,6,8,0,35,34,1,77,1,0
3004,1000000US170310510001016,59,54,1,0,1,0,4,55,0,4,5,1,41,36,5,71,0,0
3005,1000000US170310510001017,49,35,4,0,0,0,12,37,0,12,14,0,30,29,1,59,0,2
3006,1000000US170310510001018,40,32,1,1,1,1,6,34,0,6,8,1,21,21,0,57,1,0
3007,1000000US170310510001019,48,37,1,0,0,0,10,38,0,10,11,0,25,25,0,55,0,0
3008,1000000US170310510001020,52,41,0,0,3,0,8,44,0,8,11,0,39,29,10,60,0,0
3009,1000000US170310510001021,39,28,4,0,3,0,4,35,0,4,11,3,24,18,6,44,0,0
3010,1000000US170310510001022,38,23,2,0,3,0,10,28,0,10,15,0,18,18,0,52,0,0
3011,1000000US170310510001023,110,67,2,3,5,0,37,73,0,37,43,5,64,62,2,137,3,0
3012,1000000US170310510001024,46,43,0,0,0,0,2,44,0,2,3,1,28,28,0,62,0,0
3013,1000000US170310510001025,31,22,0,0,3,0,6,25,0,6,9,0,20,19,1,36,0,0
3014,1000000US170310510001026,139,100,0,1,19,0,19,120,0,19,39,3,77,76,1,157,0,0
3015,1000000US170310510001027,34,25,4,0,0,0,5,29,0,5,9,0,25,21,4,37,0,0
3016,1000000US170310510001028,0,0,0,0,0,0,0,0,0,0,0,0,0,0,0,0,0,0
3017,1000000US170310510001029,0,0,0,0,0,0,0,0,0,0,0,0,0,0,0,0,0,0
3018,1000000US170310511001000,45,37,2,0,4,0,2,43,0,2,8,1,24,24,0,47,0,0
3019,1000000US170310511001001,25,20,2,0,3,1,0,25,0,0,5,1,14,12,2,31,0,0
3020,1000000US170310511001002,17,13,2,0,0,1,3,14,0,3,4,2,14,10,4,20,0,2
3021,1000000US170310511001003,39,32,1,0,3,0,4,35,0,4,7,1,22,21,1,53,0,1
3022,1000000US170310511001004,72,60,4,0,6,0,2,70,0,2,12,8,33,32,1,90,0,0
3023,1000000US170310511001005,45,38,2,0,3,0,2,43,0,2,7,0,30,27,3,59,0,0
3024,1000000US170310511001006,50,47,2,0,0,0,1,49,0,1,3,2,34,29,5,63,0,0
3025,1000000US170310511001007,55,51,0,0,0,0,4,51,0,4,4,0,35,32,3,74,0,0
3026,1000000US170310511001008,57,45,0,0,8,0,2,55,0,2,12,0,36,32,4,66,0,0
3027,1000000US170310511001009,105,91,1,0,8,0,6,99,0,6,14,3,55,51,4,120,0,0
3028,1000000US170310511001010,52,41,1,1,1,0,9,43,0,9,11,2,36,33,3,58,0,0
3029,1000000US170310511001011,23,23,0,0,0,0,0,23,0,0,0,0,12,12,0,29,0,0
3030,1000000US170310511001012,39,36,0,0,0,0,3,36,0,3,3,0,24,24,0,48,0,0
3031,1000000US170310511001013,25,14,1,0,3,0,8,17,0,8,11,0,17,13,4,33,0,0
3032,1000000US170310511001014,28,13,1,1,0,0,14,14,0,14,15,1,17,14,3,35,1,0
3033,1000000US170310511001015,63,55,2,0,3,0,3,60,0,3,8,0,35,35,0,81,0,0
3034,1000000US170310511001016,68,44,1,0,0,0,23,45,0,23,24,0,35,32,3,82,0,0
3035,1000000US170310511001017,36,30,3,0,1,1,3,33,0,3,6,2,20,19,1,48,0,1
3036,1000000US170310511001018,49,30,1,1,4,1,13,36,0,13,19,4,28,27,1,68,0,0
3037,1000000US170310511001019,67,57,0,0,1,1,9,58,0,9,10,2,41,39,2,79,0,0
3038,1000000US170310511001020,17,17,0,0,0,0,0,17,0,0,0,0,13,12,1,21,0,0
3039,1000000US170310511001021,19,13,3,0,2,0,1,18,0,1,6,0,10,10,0,24,0,0
3040,1000000US170310511001022,48,37,0,0,5,0,6,42,0,6,11,1,26,25,1,62,0,0
3041,1000000US170310511001023,104,94,2,0,4,0,4,100,0,4,10,2,58,57,1,127,0,0
3042,1000000US170310511001024,84,67,5,0,6,1,6,78,0,6,17,2,54,50,4,104,0,0
3043,1000000US170310511001025,32,30,2,0,0,0,0,32,0,0,2,0,20,19,1,34,0,0
3044,1000000US170310512001000,1,1,0,0,0,0,0,1,0,0,0,0,1,1,0,1,0,0
3045,1000000US170310512001001,30,26,3,0,0,0,2,28,0,2,4,0,15,15,0,37,0,1
3046,1000000US170310512001002,50,45,1,1,3,0,1,49,0,1,5,2,34,31,3,55,1,0
3047,1000000US170310512001003,78,66,0,0,4,0,8,70,0,8,12,2,42,42,0,101,0,0
3048,1000000US170310512001004,85,73,1,0,2,1,8,77,0,8,12,2,61,58,3,98,0,0
3049,1000000US170310512001005,45,36,3,1,3,0,2,43,0,2,9,3,32,25,7,47,1,0
3050,1000000US170310512001006,53,46,0,0,7,4,0,53,0,0,7,4,38,35,3,64,0,0
3051,1000000US170310512001007,13,10,2,0,0,0,1,12,0,1,3,2,9,9,0,13,0,0
3052,1000000US170310512001008,55,45,3,0,3,0,3,52,0,3,10,2,34,34,0,67,0,0
3053,1000000US170310512001009,77,61,1,0,3,0,12,65,0,12,16,1,44,43,1,100,0,0
3054,1000000US170310512001010,85,75,2,0,0,0,8,77,0,8,10,0,45,44,1,108,0,0
3055,1000000US170310512002000,3,3,0,0,0,0,0,3,0,0,0,0,2,2,0,5,0,0
3056,1000000US170310512002001,33,33,0,0,0,0,0,33,0,0,0,0,18,18,0,36,0,0
3057,1000000US170310512002002,50,47,0,0,0,0,3,47,0,3,3,0,26,26,0,69,0,0
3058,1000000US170310512002003,25,21,0,0,0,0,4,21,0,4,4,0,17,14,3,37,0,0
3059,1000000US170310512002004,36,35,0,0,0,0,1,35,0,1,1,0,20,20,0,48,0,0
3060,1000000US170310512002005,68,59,4,0,3,0,3,65,0,3,9,2,43,41,2,70,0,0
3061,1000000US170310512002006,77,70,3,0,3,0,2,75,0,2,7,1,41,39,2,101,0,0
3062,1000000US170310512002007,53,38,1,1,2,0,12,41,0,12,15,1,31,27,4,61,1,0
3063,1000000US170310512002008,23,22,0,0,0,0,1,22,0,1,1,0,13,12,1,31,0,0
3064,1000000US170310512002009,67,48,0,1,0,0,18,49,0,18,19,1,34,33,1,82,0,0
3065,1000000US170310512002010,41,27,0,0,0,0,14,27,0,14,14,0,22,19,3,55,0,0
3066,1000000US170310512002011,0,0,0,0,0,0,0,0,0,0,0,0,0,0,0,0,0,0
3067,1000000US170310512002012,84,68,1,0,5,0,10,74,0,10,16,1,50,43,7,93,0,0
3068,1000000US170310512002013,122,96,9,0,3,0,14,108,0,14,26,2,39,39,0,137,0,0
3069,1000000US170310513001000,51,43,0,0,7,0,1,50,0,1,8,0,29,29,0,77,0,0
3070,1000000US170310513001001,19,17,0,1,1,0,0,19,0,0,2,1,13,11,2,19,0,0
3071,1000000US170310513001002,0,0,0,0,0,0,0,0,0,0,0,0,0,0,0,0,0,0
3072,1000000US170310513001003,97,43,0,0,2,0,53,44,0,53,54,2,41,39,2,119,0,0
3073,1000000US170310513001004,75,66,2,3,0,0,6,69,0,6,9,4,40,40,0,82,0,1
3074,1000000US170310513001005,15,13,0,0,0,0,2,13,0,2,2,0,11,9,2,21,0,0
3075,1000000US170310513001006,35,31,0,0,4,0,0,35,0,0,4,1,18,16,2,39,0,0
3076,1000000US170310513001007,45,31,2,0,5,0,6,39,0,6,14,0,21,19,2,63,0,0
3077,1000000US170310513001008,40,33,0,0,1,0,7,33,0,7,7,2,21,20,1,49,0,0
3078,1000000US170310513001009,60,52,0,0,0,0,7,53,0,7,8,0,32,31,1,74,0,0
3079,1000000US170310513001010,36,31,0,0,0,0,5,31,0,5,5,0,20,18,2,44,0,0
3080,1000000US170310513001011,37,32,0,0,1,0,4,33,0,4,5,0,23,20,3,53,0,0
3081,1000000US170310513001012,39,29,0,0,3,0,7,32,0,7,10,1,23,20,3,51,0,0
3082,1000000US170310513001013,59,41,5,4,4,0,11,48,0,11,18,4,30,26,4,69,2,2
3083,1000000US170310513001014,41,40,1,0,0,0,0,41,0,0,1,0,26,24,2,60,0,0
3084,1000000US170310513001015,39,29,0,0,1,0,9,30,0,9,10,0,20,20,0,53,0,0
3085,1000000US170310513001016,27,21,0,1,0,0,5,22,0,5,6,0,15,12,3,32,1,0
3086,1000000US170310513001017,16,14,0,0,0,0,2,14,0,2,2,0,12,11,1,22,0,0
3087,1000000US170310513001018,38,35,0,0,0,0,3,35,0,3,3,0,20,19,1,52,0,0
3088,1000000US170310513001019,39,27,0,0,11,0,1,38,0,1,12,0,20,19,1,62,0,0
3089,1000000US170310513001020,46,38,3,0,3,0,2,44,0,2,8,0,30,29,1,55,0,0
3090,1000000US170310513001021,41,29,0,3,1,0,8,33,0,8,12,0,21,20,1,56,3,0
3091,1000000US170310513001022,39,39,0,0,0,0,0,39,0,0,0,0,23,22,1,51,0,0
3092,1000000US170310513002000,132,107,4,0,9,1,11,121,0,11,25,1,76,71,5,179,0,0
3093,1000000US170310513002001,28,23,0,0,1,0,4,24,0,4,5,0,19,16,3,38,0,0
3094,1000000US170310513002002,40,36,2,0,0,0,1,39,0,1,4,1,27,24,3,52,0,0
3095,1000000US170310513002003,81,63,1,0,2,0,15,66,0,15,18,2,55,55,0,92,0,0
3096,1000000US170310513002004,53,38,0,5,2,0,12,41,0,12,15,0,30,28,2,80,5,0
3097,1000000US170310513002005,31,29,1,0,1,0,0,31,0,0,2,0,17,17,0,52,0,0
3098,1000000US170310513002006,247,215,4,1,14,0,16,231,0,16,32,5,153,145,8,342,0,0
3099,1000000US170310513002007,35,31,0,0,0,0,4,31,0,4,4,0,19,19,0,45,0,0
3100,1000000US170310513002008,54,44,0,1,6,0,4,50,0,4,10,3,34,32,2,61,0,0
3101,1000000US170310513002009,36,26,0,0,5,0,5,31,0,5,10,0,21,20,1,40,0,0
3102,1000000US170310513002010,48,29,7,0,3,0,9,39,0,9,19,3,28,25,3,63,0,0
3103,1000000US170310513002011,50,42,5,6,1,0,6,44,0,6,8,6,26,25,1,67,0,5
3104,1000000US170310513002012,52,36,1,2,0,0,15,37,0,15,16,0,28,26,2,70,2,0
3105,1000000US170310513002013,116,88,4,0,10,2,13,103,0,13,28,1,55,51,4,122,0,0
3106,1000000US170310513002014,26,19,2,0,0,0,5,21,0,5,7,0,14,13,1,27,0,0
3107,1000000US170310513002015,37,34,0,0,2,0,1,36,0,1,3,0,27,22,5,41,0,0
3108,1000000US170310513002016,84,72,0,1,6,0,5,79,0,5,12,0,49,48,1,109,1,0
3109,1000000US170310514001000,122,107,1,0,6,0,9,113,0,9,15,1,77,75,2,147,0,1
3110,1000000US170310514001001,98,75,1,0,13,1,10,88,0,10,23,1,64,55,9,110,0,0
3111,1000000US170310514001002,84,74,4,0,2,0,4,80,0,4,10,0,48,46,2,112,0,0
3112,1000000US170310514001003,70,45,2,2,4,1,18,52,0,18,25,4,33,30,3,88,1,0
3113,1000000US170310514001004,27,27,0,0,0,0,0,27,0,0,0,0,16,13,3,42,0,0
3114,1000000US170310514001005,13,11,0,0,0,0,2,11,0,2,2,1,8,8,0,13,0,0
3115,1000000US170310514001006,25,11,2,0,0,0,12,13,0,12,14,2,19,15,4,27,0,0
3116,1000000US170310514001007,20,16,3,0,1,0,1,19,0,1,4,0,12,10,2,31,0,1
3117,1000000US170310514001008,26,21,1,0,3,0,1,25,0,1,5,0,15,13,2,41,0,0
3118,1000000US170310514001009,0,0,0,0,0,0,0,0,0,0,0,0,0,0,0,0,0,0
3119,1000000US170310514001010,75,61,7,0,1,0,6,69,0,6,14,0,45,41,4,92,0,0
3120,1000000US170310514001011,72,51,1,6,0,0,14,58,0,14,21,0,41,38,3,94,6,0
3121,1000000US170310514001012,89,62,0,0,3,0,25,64,0,25,27,1,48,47,1,116,0,0
3122,1000000US170310514001013,14,11,0,0,3,0,0,14,0,0,3,1,12,8,4,14,0,0
3123,1000000US170310514001014,7,6,0,0,0,0,1,6,0,1,1,0,4,4,0,10,0,0
3124,1000000US170310514001015,33,21,0,0,0,0,12,21,0,12,12,0,16,14,2,42,0,0
3125,1000000US170310514001016,28,20,0,2,3,0,3,25,0,3,8,0,15,15,0,37,2,0
3126,1000000US170310514001017,47,41,0,0,0,0,6,41,0,6,6,1,29,26,3,55,0,0
3127,1000000US170310514001018,20,12,1,0,3,0,4,16,0,4,8,0,10,10,0,21,0,0
3128,1000000US170310514001019,10,6,0,0,0,0,4,6,0,4,4,0,5,5,0,16,0,0
3129,1000000US170310514002000,88,69,6,0,3,0,11,77,0,11,19,0,53,49,4,107,0,1
3130,1000000US170310514002001,8,6,0,0,1,0,1,7,0,1,2,0,4,4,0,11,0,0
3131,1000000US170310514002002,37,27,2,0,3,0,4,33,0,4,10,1,29,26,3,46,0,0
3132,1000000US170310514002003,34,8,6,0,1,0,21,13,0,21,26,1,15,14,1,49,0,1
3133,1000000US170310514002004,28,9,2,0,10,0,7,21,0,7,19,0,18,15,3,33,0,0
3134,1000000US170310514002005,20,15,3,0,0,0,2,18,0,2,5,1,20,14,6,21,0,0
3135,1000000US170310514002006,221,161,6,3,27,0,27,194,0,27,60,8,144,140,4,244,2,0
3136,1000000US170310514002007,138,17,74,4,1,0,57,81,0,57,121,5,382,88,294,181,3,14
3137,1000000US170310514002008,27,14,9,0,3,0,1,26,0,1,13,1,28,15,13,29,0,0
3138,1000000US170310514002009,39,7,15,0,0,0,19,20,0,19,32,0,102,22,80,51,0,2
3139,1000000US170310514002010,60,45,0,1,8,0,6,54,0,6,15,1,34,33,1,71,0,0
3140,1000000US170310514002011,0,0,0,0,0,0,0,0,0,0,0,0,0,0,0,0,0,0
3141,1000000US170310514002012,52,29,0,2,0,0,21,31,0,21,23,6,27,25,2,69,0,0
3142,1000000US170310514002013,48,35,0,0,3,0,10,38,0,10,13,0,33,30,3,57,0,0
3143,1000000US170310601001000,0,0,0,0,0,0,0,0,0,0,0,0,0,0,0,0,0,0
3144,1000000US170310601001001,33,21,5,0,0,0,7,26,0,7,12,0,19,16,3,40,0,0
3145,1000000US170310601001002,50,43,3,0,0,0,4,46,0,4,7,0,37,35,2,57,0,0
3146,1000000US170310601001003,16,16,0,0,0,0,0,16,0,0,0,0,9,9,0,27,0,0
3147,1000000US170310601001004,21,15,0,0,0,0,6,15,0,6,6,0,9,9,0,27,0,0
3148,1000000US170310601001005,51,47,1,0,0,0,3,48,0,3,4,0,41,39,2,66,0,0
3149,1000000US170310601001006,36,31,4,1,0,0,4,32,0,4,5,1,37,24,13,46,1,3
3150,1000000US170310601001007,14,12,0,0,0,0,2,12,0,2,2,0,7,7,0,25,0,0
3151,1000000US170310601001008,68,60,2,0,4,0,3,65,0,3,8,1,45,44,1,84,0,0
3152,1000000US170310601001009,54,53,0,0,0,0,1,53,0,1,1,0,40,34,6,66,0,0
3153,1000000US170310601001010,61,53,0,0,3,0,5,56,0,5,8,0,37,35,2,71,0,0
3154,1000000US170310601001011,74,63,1,0,6,0,4,70,0,4,11,0,44,44,0,93,0,0
3155,1000000US170310601001012,40,36,0,0,1,2,1,39,0,1,4,0,29,23,6,47,0,0
3156,1000000US170310601001013,76,68,4,0,4,0,3,73,0,3,8,2,50,45,5,85,0,2
3157,1000000US170310601002000,10,10,0,0,0,0,0,10,0,0,0,0,7,7,0,11,0,0
3158,1000000US170310601002001,82,61,2,0,4,0,17,65,0,17,21,0,51,46,5,101,0,2
3159,1000000US170310601002002,25,25,0,0,0,0,0,25,0,0,0,0,17,16,1,33,0,0
3160,1000000US170310601002003,76,66,2,0,4,0,4,72,0,4,10,0,48,46,2,83,0,0
3161,1000000US170310601002004,113,99,1,1,6,0,7,106,0,7,14,2,60,54,6,130,0,0
3162,1000000US170310601002005,86,81,2,0,1,0,2,84,0,2,5,0,53,48,5,102,0,0
3163,1000000US170310601002006,125,97,2,1,6,1,17,108,0,17,28,7,80,71,9,153,0,0
3164,1000000US170310601002007,111,98,2,0,9,0,2,109,0,2,13,1,67,65,2,157,0,0
3165,1000000US170310601002008,55,50,0,0,0,0,5,50,0,5,5,0,37,36,1,59,0,0
3166,1000000US170310601002009,100,85,0,0,0,0,15,85,0,15,15,0,60,58,2,118,0,0
3167,1000000US170310601002010,100,78,3,1,7,0,12,88,0,12,22,3,67,58,9,124,0,0
3168,1000000US170310601002011,38,34,1,0,1,0,2,36,0,2,4,0,34,31,3,39,0,0
3169,1000000US170310601003000,64,57,0,0,4,0,3,61,0,3,7,0,40,40,0,91,0,0
3170,1000000US170310601003001,138,57,23,5,5,0,52,86,0,52,81,9,73,69,4,173,4,2
3171,1000000US170310601003002,174,137,4,2,5,0,28,146,0,28,37,3,100,99,1,187,0,1
3172,1000000US170310601003003,56,46,0,0,5,0,5,51,0,5,10,0,34,34,0,85,0,0
3173,1000000US170310601003004,46,34,1,0,2,0,9,37,0,9,12,0,27,24,3,58,0,0
3174,1000000US170310601003005,117,94,3,0,5,0,14,103,0,14,23,2,87,72,15,131,0,0
3175,1000000US170310601003006,0,0,0,0,0,0,0,0,0,0,0,0,0,0,0,0,0,0
3176,1000000US170310602001000,157,102,13,3,9,0,32,125,0,32,55,6,115,102,13,174,2,0
3177,1000000US170310602001001,111,75,2,0,7,0,27,84,0,27,36,8,71,65,6,134,0,0
3178,1000000US170310602001002,0,0,0,0,0,0,0,0,0,0,0,0,0,0,0,0,0,0
3179,1000000US170310602001003,85,73,4,0,2,0,6,79,0,6,12,1,60,58,2,101,0,0
3180,1000000US170310602001004,69,58,2,1,3,0,6,63,0,6,11,2,48,46,2,79,0,0
3181,1000000US170310602001005,8,7,1,0,0,0,0,8,0,0,1,0,7,5,2,8,0,0
3182,1000000US170310602001006,12,8,0,0,4,0,0,12,0,0,4,0,6,6,0,13,0,0
3183,1000000US170310602001007,55,42,4,2,0,0,7,48,0,7,13,3,29,29,0,70,1,0
3184,1000000US170310602001008,110,92,7,1,3,0,8,102,0,8,18,2,84,82,2,125,1,0
3185,1000000US170310602001009,16,15,0,0,0,0,1,15,0,1,1,0,7,7,0,22,0,0
3186,1000000US170310602001010,135,114,4,0,7,0,10,125,0,10,21,1,98,94,4,151,0,0
3187,1000000US170310602001011,172,134,6,1,11,0,22,150,0,22,38,2,121,115,6,191,1,1
3188,1000000US170310602002000,143,89,20,2,8,0,28,115,0,28,54,5,81,77,4,176,0,1
3189,1000000US170310602002001,56,51,1,1,3,0,1,55,0,1,5,2,27,27,0,71,0,0
3190,1000000US170310602002002,51,40,2,0,3,0,6,45,0,6,11,0,32,30,2,61,0,0
3191,1000000US170310602002003,48,36,0,0,5,0,7,41,0,7,12,0,27,26,1,73,0,0
3192,1000000US170310602002004,64,50,0,0,7,0,8,56,0,8,14,2,58,42,16,74,0,0
3193,1000000US170310602002005,0,0,0,0,0,0,0,0,0,0,0,0,0,0,0,0,0,0
3194,1000000US170310602002006,0,0,0,0,0,0,0,0,0,0,0,0,0,0,0,0,0,0
3195,1000000US170310602002007,79,63,2,0,9,0,6,73,0,6,16,4,40,37,3,94,0,0
3196,1000000US170310602002008,50,46,1,0,2,0,1,49,0,1,4,1,30,26,4,61,0,0
3197,1000000US170310602002009,80,67,3,0,5,0,5,75,0,5,13,1,55,51,4,85,0,0
3198,1000000US170310602002010,39,33,0,0,0,0,6,33,0,6,6,0,22,20,2,53,0,0
3199,1000000US170310602002011,229,110,10,6,8,0,99,130,0,99,119,9,157,147,10,295,5,1
3200,1000000US170310603001000,89,66,3,2,9,0,9,80,0,9,23,2,56,49,7,105,0,0
3201,1000000US170310603001001,0,0,0,0,0,0,0,0,0,0,0,0,0,0,0,0,0,0
3202,1000000US170310603001002,43,38,3,1,0,0,1,42,0,1,5,0,30,27,3,54,1,0
3203,1000000US170310603001003,39,38,0,0,0,0,1,38,0,1,1,0,24,19,5,45,0,0
3204,1000000US170310603001004,87,72,2,2,8,0,6,81,0,6,15,1,67,64,3,91,1,1
3205,1000000US170310603001005,38,35,1,0,0,0,0,38,0,0,3,0,24,22,2,51,0,0
3206,1000000US170310603001006,30,24,2,0,2,0,2,28,0,2,6,0,19,16,3,44,0,0
3207,1000000US170310603001007,37,36,0,0,0,0,1,36,0,1,1,0,22,20,2,46,0,0
3208,1000000US170310603001008,32,20,4,0,2,0,7,25,0,7,12,0,20,19,1,43,0,1
3209,1000000US170310603001009,27,23,0,0,1,0,3,24,0,3,4,0,15,15,0,32,0,0
3210,1000000US170310603001010,39,36,0,0,2,0,2,37,0,2,3,2,22,22,0,47,0,0
3211,1000000US170310603001011,28,26,0,0,1,0,1,27,0,1,2,0,17,16,1,38,0,0
3212,1000000US170310603001012,19,14,0,0,2,0,3,16,0,3,5,0,9,9,0,24,0,0
3213,1000000US170310603001013,32,28,0,0,2,0,2,30,0,2,4,0,18,18,0,41,0,0
3214,1000000US170310603001014,44,31,0,0,10,0,3,41,0,3,13,5,25,23,2,57,0,0
3215,1000000US170310603001015,15,13,0,0,0,0,2,13,0,2,2,0,6,6,0,17,0,0
3216,1000000US170310603001016,28,26,1,0,0,0,1,27,0,1,2,0,12,12,0,30,0,0
3217,1000000US170310603001017,29,22,0,0,0,0,7,22,0,7,7,0,16,16,0,43,0,0
3218,1000000US170310603001018,88,78,0,0,4,0,6,82,0,6,10,1,50,47,3,101,0,0
3219,1000000US170310603001019,59,53,2,0,0,0,4,55,0,4,6,0,29,29,0,81,0,0
3220,1000000US170310603001020,79,70,0,0,4,0,5,74,0,5,9,0,47,45,2,95,0,0
3221,1000000US170310603001021,40,32,0,0,0,0,8,32,0,8,8,0,20,19,1,48,0,0
3222,1000000US170310603001022,20,19,0,0,0,0,1,19,0,1,1,0,12,12,0,20,0,0
3223,1000000US170310603001023,32,27,0,1,3,0,1,31,0,1,5,1,15,15,0,45,1,0
3224,1000000US170310603001024,30,29,0,0,0,0,1,29,0,1,1,0,19,18,1,45,0,0
3225,1000000US170310603001025,106,80,5,0,15,1,6,100,0,6,26,3,68,56,12,116,0,0
3226,1000000US170310603001026,22,20,0,0,2,0,0,22,0,0,2,0,18,17,1,24,0,0
3227,1000000US170310603001027,51,48,0,0,0,0,3,48,0,3,3,0,30,30,0,59,0,0
3228,1000000US170310603001028,41,36,3,0,0,0,2,39,0,2,5,0,19,19,0,55,0,0
3229,1000000US170310603002000,66,51,0,0,1,0,14,52,0,14,15,0,55,39,16,74,0,0
3230,1000000US170310603002001,25,25,0,0,0,0,0,25,0,0,0,0,18,15,3,25,0,0
3231,1000000US170310603002002,26,23,1,0,0,0,2,24,0,2,3,0,13,13,0,40,0,0
3232,1000000US170310603002003,96,81,2,0,3,0,10,86,0,10,15,0,50,49,1,117,0,0
3233,1000000US170310603002004,75,55,1,0,6,0,13,62,0,13,20,1,35,33,2,95,0,0
3234,1000000US170310603002005,78,54,1,1,10,1,13,65,0,13,24,3,49,45,4,97,1,0
3235,1000000US170310603002006,0,0,0,0,0,0,0,0,0,0,0,0,0,0,0,0,0,0
3236,1000000US170310603002007,50,41,0,0,6,0,3,47,0,3,9,0,25,24,1,67,0,0
3237,1000000US170310603002008,98,80,1,0,7,0,10,88,0,10,18,1,50,47,3,109,0,0
3238,1000000US170310603002009,59,48,1,0,5,1,4,55,0,4,11,1,31,28,3,67,0,0
3239,1000000US170310603002010,55,46,1,0,3,0,4,51,0,4,9,0,35,33,2,65,0,0
3240,1000000US170310603002011,68,57,0,0,9,0,2,66,0,2,11,1,41,37,4,75,0,0
3241,1000000US170310603002012,45,42,0,0,3,0,0,45,0,0,3,0,26,25,1,65,0,0
3242,1000000US170310603002013,63,54,0,0,1,0,8,55,0,8,9,1,44,43,1,72,0,0
3243,1000000US170310603002014,58,46,5,2,3,0,3,55,0,3,12,0,37,33,4,75,2,0
3244,1000000US170310603002015,60,48,0,1,9,0,2,58,0,2,12,1,41,34,7,69,0,0
3245,1000000US170310603002016,80,69,0,0,2,1,8,72,0,8,11,0,56,51,5,93,0,0
3246,1000000US170310603002017,27,24,0,0,1,0,2,25,0,2,3,0,22,20,2,27,0,0
3247,1000000US170310603002018,0,0,0,0,0,0,0,0,0,0,0,0,0,0,0,0,0,0
3248,1000000US170310603002019,29,28,0,0,0,0,1,28,0,1,1,0,15,12,3,29,0,0
3249,1000000US170310603002020,24,19,0,0,2,0,3,21,0,3,5,1,10,10,0,25,0,0
3250,1000000US170310603002021,54,45,0,0,0,0,9,45,0,9,9,0,26,24,2,56,0,0
3251,1000000US170310604001000,58,34,3,1,4,0,15,43,0,15,24,1,37,32,5,60,1,0
3252,1000000US170310604001001,77,71,2,0,1,0,3,74,0,3,6,0,50,46,4,92,0,0
3253,1000000US170310604001002,83,65,2,1,6,0,8,75,0,8,18,3,78,60,18,91,0,0
3254,1000000US170310604001003,86,76,0,0,6,0,4,82,0,4,10,0,43,40,3,96,0,0
3255,1000000US170310604001004,51,50,0,0,1,0,0,51,0,0,1,0,32,31,1,76,0,0
3256,1000000US170310604001005,121,107,5,1,4,0,5,116,0,5,14,4,73,68,5,139,0,1
3257,1000000US170310604001006,67,62,0,0,1,0,4,63,0,4,5,1,34,34,0,88,0,0
3258,1000000US170310604001007,24,17,0,0,7,0,0,24,0,0,7,2,13,13,0,37,0,0
3259,1000000US170310604001008,117,101,2,0,2,0,12,105,0,12,16,1,74,69,5,157,0,0
3260,1000000US170310604001009,71,63,0,0,7,0,1,70,0,1,8,2,47,43,4,85,0,0
3261,1000000US170310604001010,112,97,3,1,5,0,6,106,0,6,15,2,84,82,2,130,0,0
3262,1000000US170310604001011,58,55,0,0,0,0,3,55,0,3,3,0,37,35,2,85,0,0
3263,1000000US170310604001012,37,33,0,0,1,0,3,34,0,3,4,0,28,27,1,43,0,0
3264,1000000US170310604001013,0,0,0,0,0,0,0,0,0,0,0,0,0,0,0,0,0,0
3265,1000000US170310604001014,48,40,0,0,4,0,5,43,0,5,8,1,29,28,1,63,0,0
3266,1000000US170310604001015,105,91,1,1,6,1,5,100,0,5,14,1,53,50,3,131,1,0
3267,1000000US170310604001016,81,65,0,0,9,0,7,74,0,7,16,0,50,45,5,85,0,0
3268,1000000US170310604002000,101,93,0,0,2,0,6,95,0,6,8,0,49,46,3,126,0,0
3269,1000000US170310604002001,91,77,2,0,4,0,7,84,0,7,14,1,48,45,3,110,0,0
3270,1000000US170310604002002,42,33,1,0,0,0,8,34,0,8,9,0,19,18,1,52,0,0
3271,1000000US170310604002003,61,54,4,0,3,0,0,61,0,0,7,0,33,32,1,75,0,0
3272,1000000US170310604002004,51,46,1,0,2,0,2,49,0,2,5,1,36,30,6,60,0,0
3273,1000000US170310604002005,38,31,1,0,3,0,3,35,0,3,7,0,31,25,6,49,0,0
3274,1000000US170310604002006,0,0,0,0,0,0,0,0,0,0,0,0,0,0,0,0,0,0
3275,1000000US170310604002007,30,24,2,0,3,0,2,28,0,2,6,1,18,16,2,30,0,1
3276,1000000US170310604002008,36,34,0,0,1,0,1,35,0,1,2,0,24,22,2,44,0,0
3277,1000000US170310604002009,94,85,3,1,1,0,4,90,0,4,9,2,50,49,1,99,1,0
3278,1000000US170310604002010,58,51,2,0,2,0,3,55,0,3,7,2,33,32,1,75,0,0
3279,1000000US170310604002011,74,69,0,0,3,0,2,72,0,2,5,0,41,39,2,91,0,0
3280,1000000US170310604002012,63,58,1,0,1,0,3,60,0,3,5,0,35,33,2,80,0,0
3281,1000000US170310604002013,41,35,1,0,1,0,3,38,0,3,6,0,25,24,1,47,0,0
3282,1000000US170310604003000,87,51,6,2,1,0,27,60,0,27,36,1,44,39,5,101,2,0
3283,1000000US170310604003001,8,6,0,0,1,1,0,8,0,0,2,0,4,4,0,11,0,0
3284,1000000US170310604003002,20,17,0,1,0,1,1,19,0,1,3,2,11,11,0,32,0,0
3285,1000000US170310604003003,105,96,1,1,3,0,6,99,0,6,9,0,74,62,12,118,1,0
3286,1000000US170310604003004,22,21,0,0,0,0,1,21,0,1,1,0,12,12,0,30,0,0
3287,1000000US170310604003005,18,17,0,0,0,0,1,17,0,1,1,0,13,10,3,31,0,0
3288,1000000US170310604003006,34,27,1,0,2,0,4,30,0,4,7,0,22,17,5,44,0,0
3289,1000000US170310604003007,0,0,0,0,0,0,0,0,0,0,0,0,0,0,0,0,0,0
3290,1000000US170310604003008,151,116,0,0,7,0,28,123,0,28,35,1,78,73,5,215,0,0
3291,1000000US170310604003009,59,50,0,0,6,0,3,56,0,3,9,0,48,33,15,66,0,0
3292,1000000US170310604003010,17,13,2,0,0,0,2,15,0,2,4,0,10,10,0,25,0,0
3293,1000000US170310604003011,62,57,1,0,1,0,3,59,0,3,5,1,40,39,1,80,0,0
3294,1000000US170310604003012,64,51,2,0,6,0,6,58,0,6,13,2,42,36,6,84,0,1
3295,1000000US170310604003013,97,70,0,0,1,2,23,74,0,23,27,0,53,45,8,105,0,0
3296,1000000US170310604003014,31,30,0,0,1,0,0,31,0,0,1,0,20,18,2,32,0,0
3297,1000000US170310605001000,0,0,0,0,0,0,0,0,0,0,0,0,0,0,0,0,0,0
3298,1000000US170310605001001,67,47,6,1,3,0,9,58,0,9,20,1,27,24,3,113,1,0
3299,1000000US170310605001002,484,277,24,3,107,0,70,414,0,70,207,8,436,390,46,491,2,0
3300,1000000US170310605001003,62,46,1,0,6,0,9,53,0,9,16,0,33,33,0,96,0,0
3301,1000000US170310605001004,76,62,0,0,5,1,8,68,0,8,14,4,43,38,5,97,0,0
3302,1000000US170310605001005,71,53,2,0,2,0,14,57,0,14,18,0,41,38,3,81,0,0
3303,1000000US170310605001006,107,89,6,2,4,0,7,100,0,7,18,2,70,67,3,116,1,1
3304,1000000US170310605001007,46,34,0,1,8,0,4,42,0,4,12,3,25,23,2,52,0,0
3305,1000000US170310605001008,88,79,3,0,3,0,3,85,0,3,9,0,56,51,5,97,0,0
3306,1000000US170310605001009,54,49,0,0,3,0,2,52,0,2,5,0,29,27,2,74,0,0
3307,1000000US170310605001010,68,61,0,0,3,0,4,64,0,4,7,1,39,37,2,92,0,0
3308,1000000US170310608001000,801,660,44,5,61,1,37,764,0,37,141,16,637,594,43,831,2,4
3309,1000000US170310608001001,184,127,21,2,6,2,28,156,0,28,57,4,130,117,13,191,0,0
3310,1000000US170310608001002,403,305,24,0,42,1,31,372,0,31,98,10,308,284,24,418,0,0
3311,1000000US170310608002000,0,0,0,0,0,0,0,0,0,0,0,0,0,0,0,0,0,0
3312,1000000US170310608002001,0,0,0,0,0,0,0,0,0,0,0,0,0,0,0,0,0,0
3313,1000000US170310608002002,0,0,0,0,0,0,0,0,0,0,0,0,0,0,0,0,0,0
3314,1000000US170310608002003,0,0,0,0,0,0,0,0,0,0,0,0,0,0,0,0,0,0
3315,1000000US170310608002004,0,0,0,0,0,0,0,0,0,0,0,0,0,0,0,0,0,0
3316,1000000US170310608003000,1016,612,117,9,197,5,102,914,0,102,404,37,701,640,61,1086,7,11
3317,1000000US170310608003001,1261,934,80,9,164,2,80,1181,0,80,327,26,1060,945,115,1316,4,9
3318,1000000US170310608003002,0,0,0,0,0,0,0,0,0,0,0,0,0,0,0,0,0,0
3319,1000000US170310608003003,405,323,20,2,34,1,28,377,0,28,82,6,343,315,28,434,2,2
3320,1000000US170310608003004,524,421,42,3,26,0,35,489,0,35,103,8,410,367,43,561,2,3
3321,1000000US170310609001000,410,331,19,10,16,1,40,370,0,40,79,13,325,309,16,421,5,1
3322,1000000US170310609001001,40,30,2,0,1,0,7,33,0,7,10,0,28,27,1,40,0,0
3323,1000000US170310609001002,0,0,0,0,0,0,0,0,0,0,0,0,0,0,0,0,0,0
3324,1000000US170310609001003,0,0,0,0,0,0,0,0,0,0,0,0,0,0,0,0,0,0
3325,1000000US170310609001004,0,0,0,0,0,0,0,0,0,0,0,0,0,0,0,0,0,0
3326,1000000US170310609001005,495,369,37,6,36,3,51,444,0,51,126,10,433,406,27,508,4,2
3327,1000000US170310609001006,161,142,2,0,12,0,5,156,0,5,19,2,110,108,2,165,0,0
3328,1000000US170310609002000,0,0,0,0,0,0,0,0,0,0,0,0,0,0,0,0,0,0
3329,1000000US170310609002001,0,0,0,0,0,0,0,0,0,0,0,0,0,0,0,0,0,0
3330,1000000US170310609002002,0,0,0,0,0,0,0,0,0,0,0,0,0,0,0,0,0,0
3331,1000000US170310609002003,0,0,0,0,0,0,0,0,0,0,0,0,0,0,0,0,0,0
3332,1000000US170310609002004,0,0,0,0,0,0,0,0,0,0,0,0,0,0,0,0,0,0
3333,1000000US170310609002005,0,0,0,0,0,0,0,0,0,0,0,0,0,0,0,0,0,0
3334,1000000US170310609002006,0,0,0,0,0,0,0,0,0,0,0,0,0,0,0,0,0,0
3335,1000000US170310609002007,0,0,0,0,0,0,0,0,0,0,0,0,0,0,0,0,0,0
3336,1000000US170310609003000,620,503,45,4,38,0,28,592,0,28,117,9,471,436,35,688,1,0
3337,1000000US170310609003001,192,118,37,1,27,0,11,181,0,11,74,6,178,168,10,192,1,0
3338,1000000US170310609003002,422,362,13,2,14,0,33,389,0,33,60,8,286,274,12,467,1,3
3339,1000000US170310609004000,904,712,33,3,105,3,49,855,0,49,192,14,768,684,84,931,1,0
3340,1000000US170310609004001,901,686,38,2,119,0,58,843,0,58,215,14,824,731,93,924,1,2
3341,1000000US170310609004002,803,630,33,6,73,0,70,733,0,70,173,17,729,667,62,819,3,3
3342,1000000US170310609004003,90,82,3,0,5,0,1,89,0,1,8,1,67,65,2,96,0,0
3343,1000000US170310609004004,75,65,1,0,5,0,4,71,0,4,10,0,57,53,4,79,0,0
3344,1000000US170310609004005,617,530,20,4,25,0,46,571,0,46,87,12,471,445,26,654,2,2
3345,1000000US170310609005000,751,295,241,5,45,1,172,579,0,172,456,16,472,464,8,883,1,10
3346,1000000US170310610001000,161,140,7,1,6,0,6,155,0,6,21,3,84,77,7,166,1,0
3347,1000000US170310610001001,182,166,2,1,5,0,8,174,0,8,16,1,91,88,3,206,1,0
3348,1000000US170310610001002,176,165,0,1,7,0,3,173,0,3,11,2,114,102,12,190,1,0
3349,1000000US170310610001003,117,93,5,0,3,0,17,100,0,17,24,2,69,59,10,122,0,1
3350,1000000US170310610001004,106,94,0,1,4,1,7,99,0,7,12,3,59,55,4,107,0,0
3351,1000000US170310610001005,48,47,0,1,0,0,0,48,0,0,1,0,29,23,6,49,1,0
3352,1000000US170310610001006,36,30,0,0,3,0,3,33,0,3,6,0,27,25,2,39,0,0
3353,1000000US170310610001007,111,98,5,2,6,0,1,110,0,1,13,3,61,60,1,121,1,0
3354,1000000US170310610001008,102,82,0,1,8,0,12,90,0,12,20,1,56,53,3,118,1,0
3355,1000000US170310610001009,91,71,4,0,3,0,14,77,0,14,20,4,62,61,1,93,0,1
3356,1000000US170310610001010,86,66,5,1,8,0,7,79,0,7,20,1,68,61,7,91,1,1
3357,1000000US170310610001011,206,179,6,2,10,0,10,196,0,10,27,4,144,138,6,208,2,0
3358,1000000US170310610001012,40,36,2,0,2,0,0,40,0,0,4,0,21,20,1,43,0,0
3359,1000000US170310610001013,83,74,3,1,3,1,3,80,0,3,9,5,54,42,12,85,1,0
3360,1000000US170310610001014,9,6,0,0,0,0,3,6,0,3,3,0,9,5,4,9,0,0
3361,1000000US170310611001000,201,183,0,2,9,0,7,194,0,7,18,4,117,114,3,208,1,0
3362,1000000US170310611001001,129,117,1,0,5,0,6,123,0,6,12,3,77,67,10,135,0,0
3363,1000000US170310611001002,59,54,0,0,1,0,4,55,0,4,5,0,38,31,7,67,0,0
3364,1000000US170310611001003,0,0,0,0,0,0,0,0,0,0,0,0,0,0,0,0,0,0
3365,1000000US170310611001004,123,117,2,0,1,0,3,120,0,3,6,1,69,63,6,127,0,0
3366,1000000US170310611001005,203,182,4,1,9,0,7,196,0,7,21,4,138,128,10,223,0,0
3367,1000000US170310611001006,0,0,0,0,0,0,0,0,0,0,0,0,0,0,0,0,0,0
3368,1000000US170310611001007,28,24,1,0,0,0,3,25,0,3,4,0,18,14,4,31,0,0
3369,1000000US170310611001008,164,146,2,1,6,0,9,155,0,9,18,3,97,86,11,178,0,0
3370,1000000US170310611001009,34,30,0,0,0,0,4,30,0,4,4,0,22,21,1,37,0,0
3371,1000000US170310611001010,15,13,0,0,1,0,1,14,0,1,2,1,11,10,1,16,0,0
3372,1000000US170310611001011,0,0,0,0,0,0,0,0,0,0,0,0,0,0,0,0,0,0
3373,1000000US170310611001012,65,54,7,0,1,0,2,63,0,2,11,1,42,37,5,65,0,0
3374,1000000US170310611001013,50,36,2,1,8,0,4,46,0,4,14,0,23,22,1,50,1,0
3375,1000000US170310611001014,0,0,0,0,0,0,0,0,0,0,0,0,0,0,0,0,0,0
3376,1000000US170310611001015,0,0,0,0,0,0,0,0,0,0,0,0,0,0,0,0,0,0
3377,1000000US170310611001016,88,83,0,0,3,0,2,86,0,2,5,0,41,36,5,99,0,0
3378,1000000US170310611001017,49,40,1,1,2,0,5,44,0,5,9,0,22,22,0,57,1,0
3379,1000000US170310611001018,77,70,0,0,2,0,5,72,0,5,7,0,38,32,6,86,0,0
3380,1000000US170310612001000,0,0,0,0,0,0,0,0,0,0,0,0,0,0,0,0,0,0
3381,1000000US170310612001001,128,98,6,1,11,2,12,116,0,12,30,5,70,66,4,133,0,0
3382,1000000US170310612001002,135,122,2,0,5,0,7,128,0,7,13,2,74,71,3,148,0,0
3383,1000000US170310612001003,155,136,3,4,6,0,9,146,0,9,19,7,73,70,3,173,2,0
3384,1000000US170310612001004,116,111,1,1,0,0,3,113,0,3,5,0,61,56,5,127,1,0
3385,1000000US170310612001005,100,90,0,0,5,0,5,95,0,5,10,1,60,56,4,117,0,0
3386,1000000US170310612001006,117,104,4,0,4,0,5,112,0,5,13,1,76,72,4,130,0,0
3387,1000000US170310612001007,145,129,3,0,7,0,6,139,0,6,16,1,74,72,2,155,0,0
3388,1000000US170310612001008,103,80,3,1,11,0,9,94,0,9,23,1,66,62,4,106,1,0
3389,1000000US170310612001009,19,10,0,0,9,0,0,19,0,0,9,0,8,8,0,19,0,0
3390,1000000US170310612001010,49,47,0,0,1,0,1,48,0,1,2,0,29,27,2,65,0,0
3391,1000000US170310612001011,51,48,0,0,1,0,2,49,0,2,3,0,32,28,4,62,0,0
3392,1000000US170310612001012,69,54,3,1,4,0,7,62,0,7,15,2,37,35,2,80,0,0
3393,1000000US170310612001013,65,59,2,0,2,0,2,63,0,2,6,0,39,36,3,72,0,0
3394,1000000US170310612001014,67,59,1,1,2,0,5,62,0,5,8,2,37,34,3,76,1,0
3395,1000000US170310612001015,93,83,1,0,3,0,6,87,0,6,10,0,48,42,6,94,0,0
3396,1000000US170310612001016,88,79,3,0,3,0,3,85,0,3,9,0,47,42,5,98,0,0
3397,1000000US170310612001017,53,46,1,1,2,0,4,49,0,4,7,0,31,27,4,53,1,0
3398,1000000US170310612001018,56,55,0,0,0,0,1,55,0,1,1,0,43,39,4,57,0,0
3399,1000000US170310612001019,65,50,1,0,1,0,13,52,0,13,15,0,29,28,1,72,0,0
3400,1000000US170310612001020,49,48,0,0,0,0,1,48,0,1,1,0,26,26,0,52,0,0
3401,1000000US170310615001000,98,83,3,0,10,0,2,96,0,2,15,2,57,55,2,101,0,0
3402,1000000US170310615001001,163,145,2,0,6,0,11,152,0,11,18,3,125,116,9,163,0,0
3403,1000000US170310615001002,67,61,0,0,4,0,2,65,0,2,6,0,40,38,2,72,0,0
3404,1000000US170310615001003,104,89,1,0,9,0,5,99,0,5,15,2,63,59,4,111,0,0
3405,1000000US170310615001004,97,89,1,0,0,0,7,90,0,7,8,0,48,46,2,109,0,0
3406,1000000US170310615001005,103,92,3,1,3,0,5,98,0,5,11,1,52,49,3,105,0,0
3407,1000000US170310615001006,84,75,0,0,5,0,4,80,0,4,9,0,48,45,3,97,0,0
3408,1000000US170310615001007,93,78,0,2,11,0,4,89,0,4,15,0,54,50,4,106,2,0
3409,1000000US170310615001008,87,79,2,0,4,0,2,85,0,2,8,0,45,43,2,98,0,0
3410,1000000US170310615001009,41,38,2,0,0,0,1,40,0,1,3,1,30,30,0,42,0,0
3411,1000000US170310615001010,6,4,1,0,1,0,0,6,0,0,2,0,4,4,0,6,0,0
3412,1000000US170310615001011,67,61,0,0,2,0,4,63,0,4,6,0,42,39,3,70,0,0
3413,1000000US170310615001012,66,63,0,0,0,0,3,63,0,3,3,1,41,37,4,80,0,0
3414,1000000US170310615001013,116,99,1,0,5,1,12,104,0,12,17,2,62,59,3,124,0,0
3415,1000000US170310615001014,51,43,0,0,6,1,2,49,0,2,8,3,25,25,0,66,0,0
3416,1000000US170310615001015,73,68,0,0,2,0,3,70,0,3,5,0,40,36,4,75,0,0
3417,1000000US170310615001016,90,79,4,0,3,0,4,86,0,4,11,2,55,47,8,93,0,0
3418,1000000US170310615001017,112,98,2,0,5,0,7,105,0,7,14,0,64,61,3,113,0,0
3419,1000000US170310615001018,64,61,0,0,0,0,3,61,0,3,3,0,27,27,0,70,0,0
3420,1000000US170310615001019,6,6,0,0,0,0,0,6,0,0,0,0,3,3,0,6,0,0
3421,1000000US170310618001000,585,418,49,6,64,2,50,535,0,50,167,14,467,443,24,607,2,1
3422,1000000US170310618001001,88,68,10,2,1,0,8,80,0,8,20,3,0,0,0,100,0,1
3423,1000000US170310618001002,392,324,22,4,15,0,26,366,0,26,68,8,287,260,27,405,3,0
3424,1000000US170310619011000,0,0,0,0,0,0,0,0,0,0,0,0,0,0,0,0,0,0
3425,1000000US170310619011001,0,0,0,0,0,0,0,0,0,0,0,0,0,0,0,0,0,0
3426,1000000US170310619011002,348,271,14,1,38,0,27,321,0,27,77,6,281,265,16,367,0,1
3427,1000000US170310619011003,264,227,9,2,14,0,14,250,0,14,37,2,223,203,20,274,0,1
3428,1000000US170310619011004,107,103,2,0,1,0,1,106,0,1,4,0,75,74,1,112,0,0
3429,1000000US170310619012000,65,48,2,0,5,0,10,55,0,10,17,2,58,53,5,69,0,0
3430,1000000US170310619012001,340,281,6,2,37,0,15,325,0,15,59,6,241,222,19,376,1,1
3431,1000000US170310619012002,366,295,18,3,28,0,23,343,0,23,71,5,299,276,23,387,1,1
3432,1000000US170310619013000,416,329,17,3,41,0,31,385,0,31,87,9,336,294,42,442,3,2
3433,1000000US170310619013001,35,32,0,0,2,0,1,34,0,1,3,1,14,14,0,40,0,0
3434,1000000US170310619013002,267,210,9,3,24,0,26,241,0,26,57,5,201,186,15,290,1,2
3435,1000000US170310619013003,0,0,0,0,0,0,0,0,0,0,0,0,0,0,0,0,0,0
3436,1000000US170310619013004,0,0,0,0,0,0,0,0,0,0,0,0,0,0,0,0,0,0
3437,1000000US170310619014000,109,76,5,1,21,0,7,102,0,7,33,2,91,86,5,112,1,0
3438,1000000US170310619014001,72,56,1,0,5,1,9,63,0,9,16,1,49,44,5,73,0,0
3439,1000000US170310619014002,790,546,85,7,87,0,83,707,0,83,244,21,613,578,35,888,1,7
3440,1000000US170310619014003,3,1,0,0,2,0,0,3,0,0,2,1,3,2,1,3,0,0
3441,1000000US170310619021000,403,310,23,1,37,0,35,368,0,35,93,10,315,294,21,437,1,2
3442,1000000US170310619021001,672,535,37,5,60,1,39,633,0,39,137,16,580,506,74,706,2,0
3443,1000000US170310619022000,341,285,29,1,13,1,16,325,0,16,56,5,277,264,13,361,1,2
3444,1000000US170310619022001,313,249,12,3,23,0,25,288,0,25,64,8,256,235,21,323,1,1
3445,1000000US170310619022002,172,161,5,0,2,0,4,168,0,4,11,0,154,116,38,187,0,0
3446,1000000US170310619022003,92,85,1,0,4,0,3,89,0,3,7,3,63,59,4,101,0,1
3447,1000000US170310619022004,608,452,33,12,71,1,50,558,0,50,156,19,565,461,104,650,7,2
3448,1000000US170310619023000,0,0,0,0,0,0,0,0,0,0,0,0,0,0,0,0,0,0
3449,1000000US170310619023001,0,0,0,0,0,0,0,0,0,0,0,0,0,0,0,0,0,0
3450,1000000US170310619023002,0,0,0,0,0,0,0,0,0,0,0,0,0,0,0,0,0,0
3451,1000000US170310619023003,0,0,0,0,0,0,0,0,0,0,0,0,0,0,0,0,0,0
3452,1000000US170310619023004,1,0,0,0,0,1,0,1,0,0,1,0,1,1,0,1,0,0
3453,1000000US170310619023005,0,0,0,0,0,0,0,0,0,0,0,0,0,0,0,0,0,0
3454,1000000US170310619023006,0,0,0,0,0,0,0,0,0,0,0,0,0,0,0,0,0,0
3455,1000000US170310619023007,195,169,4,3,17,0,3,192,0,3,26,8,188,135,53,199,1,0
3456,1000000US170310619023008,627,552,12,0,31,0,32,595,0,32,75,4,516,477,39,643,0,0
3457,1000000US170310619023009,0,0,0,0,0,0,0,0,0,0,0,0,0,0,0,0,0,0
3458,1000000US170310619023010,0,0,0,0,0,0,0,0,0,0,0,0,0,0,0,0,0,0
3459,1000000US170310619023011,0,0,0,0,0,0,0,0,0,0,0,0,0,0,0,0,0,0
3460,1000000US170310619023012,588,475,26,4,47,2,40,548,0,40,113,13,446,408,38,632,1,1
3461,1000000US170310619023013,0,0,0,0,0,0,0,0,0,0,0,0,0,0,0,0,0,0
3462,1000000US170310619024000,0,0,0,0,0,0,0,0,0,0,0,0,0,0,0,0,0,0
3463,1000000US170310619024001,0,0,0,0,0,0,0,0,0,0,0,0,0,0,0,0,0,0
3464,1000000US170310619024002,0,0,0,0,0,0,0,0,0,0,0,0,0,0,0,0,0,0
3465,1000000US170310619024003,0,0,0,0,0,0,0,0,0,0,0,0,0,0,0,0,0,0
3466,1000000US170310619024004,0,0,0,0,0,0,0,0,0,0,0,0,0,0,0,0,0,0
3467,1000000US170310620001000,476,414,15,1,25,0,22,454,0,22,62,8,307,278,29,505,1,0
3468,1000000US170310620001001,18,18,0,0,0,0,0,18,0,0,0,0,10,6,4,18,0,0
3469,1000000US170310620001002,19,16,1,0,0,0,2,17,0,2,3,0,14,13,1,19,0,0
3470,1000000US170310620001003,194,162,7,0,16,0,9,185,0,9,32,3,124,119,5,219,0,0
3471,1000000US170310620001004,22,19,3,0,0,0,0,22,0,0,3,0,12,12,0,26,0,0
3472,1000000US170310620001005,8,7,0,0,1,0,0,8,0,0,1,0,4,4,0,8,0,0
3473,1000000US170310620001006,212,181,3,0,14,0,14,198,0,14,31,3,148,140,8,241,0,0
3474,1000000US170310620001007,292,228,14,1,16,2,29,263,0,29,64,3,225,208,17,328,1,0
3475,1000000US170310620001008,225,193,5,4,11,0,13,212,0,13,32,7,172,162,10,240,0,0
3476,1000000US170310620001009,38,33,2,0,2,0,1,37,0,1,5,0,20,20,0,43,0,0
3477,1000000US170310620001010,105,74,7,0,15,1,10,95,0,10,31,2,83,80,3,109,0,1
3478,1000000US170310620002000,411,341,12,1,29,0,33,378,0,33,70,7,291,282,9,422,1,0
3479,1000000US170310620002001,299,243,15,0,22,1,19,280,0,19,56,9,197,190,7,305,0,0
3480,1000000US170310620002002,82,72,1,0,4,0,5,77,0,5,10,0,58,57,1,86,0,0
3481,1000000US170310621001000,72,65,1,0,3,0,3,69,0,3,7,1,44,40,4,75,0,0
3482,1000000US170310621001001,206,172,8,2,14,0,13,193,0,13,34,3,114,104,10,230,2,2
3483,1000000US170310621001002,26,23,1,0,0,0,2,24,0,2,3,1,10,10,0,26,0,0
3484,1000000US170310621001003,0,0,0,0,0,0,0,0,0,0,0,0,0,0,0,0,0,0
3485,1000000US170310621001004,75,63,0,0,5,0,7,68,0,7,12,2,40,35,5,79,0,0
3486,1000000US170310621001005,161,142,2,3,6,0,7,154,0,7,19,3,102,93,9,174,1,0
3487,1000000US170310621001006,54,49,0,0,4,0,1,53,0,1,5,1,30,26,4,59,0,0
3488,1000000US170310621001007,150,124,2,0,13,0,11,139,0,11,26,1,93,82,11,168,0,0
3489,1000000US170310621002000,68,58,4,0,4,0,2,66,0,2,10,2,48,45,3,69,0,0
3490,1000000US170310621002001,209,171,7,1,13,0,18,191,0,18,38,3,169,149,20,211,0,0
3491,1000000US170310621002002,217,189,7,0,10,0,12,205,0,12,28,4,154,142,12,223,0,0
3492,1000000US170310621002003,90,76,6,0,4,0,4,86,0,4,14,2,71,59,12,94,0,0
3493,1000000US170310621002004,126,111,5,0,4,0,6,120,0,6,15,2,67,62,5,127,0,0
3494,1000000US170310621002005,129,110,2,1,8,1,8,121,0,8,19,3,77,64,13,134,1,0
3495,1000000US170310621002006,218,200,1,1,9,0,7,211,0,7,18,4,117,98,19,227,0,0
3496,1000000US170310621003000,33,28,0,0,1,0,4,29,0,4,5,0,24,18,6,34,0,0
3497,1000000US170310621003001,120,94,0,0,19,0,7,113,0,7,26,0,72,69,3,133,0,0
3498,1000000US170310621003002,102,74,2,0,18,0,10,92,0,10,28,1,49,49,0,103,0,1
3499,1000000US170310621003003,41,37,1,0,1,0,2,39,0,2,4,0,23,19,4,41,0,0
3500,1000000US170310621003004,118,109,0,0,6,1,3,115,0,3,9,2,63,58,5,120,0,0
3501,1000000US170310621003005,40,31,3,0,3,0,3,37,0,3,9,0,25,20,5,42,0,0
3502,1000000US170310621003006,28,27,0,0,0,0,1,27,0,1,1,0,25,18,7,34,0,0
3503,1000000US170310621003007,161,130,5,1,22,0,6,155,0,6,31,4,103,98,5,170,0,2
3504,1000000US170310621003008,93,77,4,0,6,1,5,88,0,5,16,2,55,52,3,97,0,0
3505,1000000US170310621003009,284,169,30,4,48,1,41,243,0,41,115,10,233,224,9,285,2,3
3506,1000000US170310621003010,83,75,1,0,5,0,3,80,0,3,8,0,47,45,2,93,0,1
3507,1000000US170310621003011,95,57,3,19,6,0,23,72,0,23,38,19,54,53,1,102,2,0
3508,1000000US170310621003012,241,200,8,0,18,1,14,227,0,14,41,1,179,161,18,254,0,0
3509,1000000US170310621003013,28,18,3,1,2,0,4,24,0,4,10,3,17,15,2,32,0,0
3510,1000000US170310622001000,27,24,0,0,3,0,0,27,0,0,3,0,26,18,8,28,0,0
3511,1000000US170310622001001,51,48,0,1,0,0,2,49,0,2,3,0,29,27,2,54,1,0
3512,1000000US170310622001002,49,41,0,0,6,0,2,47,0,2,8,1,26,23,3,51,0,0
3513,1000000US170310622001003,63,53,3,2,3,0,5,58,0,5,10,2,33,32,1,70,2,1
3514,1000000US170310622001004,35,31,0,0,3,0,1,34,0,1,4,0,21,19,2,45,0,0
3515,1000000US170310622001005,2,1,0,0,1,0,0,2,0,0,1,0,1,1,0,2,0,0
3516,1000000US170310622001006,66,61,1,0,1,0,3,63,0,3,5,0,33,32,1,70,0,0
3517,1000000US170310622001007,71,62,3,0,2,0,4,67,0,4,9,1,39,35,4,73,0,0
3518,1000000US170310622001008,92,80,0,0,7,1,5,87,0,5,12,1,44,43,1,100,0,0
3519,1000000US170310622001009,139,118,7,0,11,0,4,135,0,4,21,2,80,77,3,146,0,1
3520,1000000US170310622001010,140,123,5,1,7,0,5,135,0,5,17,5,87,77,10,148,0,0
3521,1000000US170310622001011,118,110,1,0,5,0,2,116,0,2,8,0,77,64,13,129,0,0
3522,1000000US170310622001012,118,101,2,1,12,0,2,116,0,2,17,3,74,70,4,129,0,0
3523,1000000US170310622001013,107,89,0,0,9,0,9,98,0,9,18,4,63,60,3,133,0,0
3524,1000000US170310622001014,113,96,5,0,9,1,2,111,0,2,17,1,57,56,1,129,0,0
3525,1000000US170310622001015,98,77,3,0,9,0,9,89,0,9,21,0,75,50,25,104,0,0
3526,1000000US170310622001016,21,16,1,1,1,0,2,19,0,2,5,0,9,9,0,21,1,0
3527,1000000US170310622001017,13,6,0,0,3,0,4,9,0,4,7,0,6,6,0,18,0,0
3528,1000000US170310622002000,92,80,3,0,6,0,4,88,0,4,12,0,60,54,6,101,0,1
3529,1000000US170310622002001,6,6,0,0,0,0,0,6,0,0,0,0,4,4,0,6,0,0
3530,1000000US170310622002002,47,46,0,0,0,0,1,46,0,1,1,0,25,25,0,49,0,0
3531,1000000US170310622002003,86,78,2,0,4,0,2,84,0,2,8,3,65,62,3,89,0,0
3532,1000000US170310622002004,70,57,2,0,7,1,3,67,0,3,13,2,41,41,0,81,0,0
3533,1000000US170310622002005,30,26,0,0,1,0,3,27,0,3,4,0,17,17,0,32,0,0
3534,1000000US170310622002006,7,6,0,0,1,0,0,7,0,0,1,0,4,4,0,7,0,0
3535,1000000US170310622002007,96,88,3,0,2,0,3,93,0,3,8,0,52,50,2,103,0,0
3536,1000000US170310622002008,77,63,4,0,6,0,4,73,0,4,14,4,57,53,4,83,0,0
3537,1000000US170310622002009,31,27,0,0,4,0,0,31,0,0,4,0,17,16,1,32,0,0
3538,1000000US170310622002010,26,23,2,0,0,0,1,25,0,1,3,0,18,18,0,27,0,0
3539,1000000US170310622002011,41,35,1,0,3,0,2,39,0,2,6,0,21,21,0,53,0,0
3540,1000000US170310622002012,103,95,2,1,5,0,2,101,0,2,8,4,59,58,1,131,0,1
3541,1000000US170310622002013,90,73,2,0,2,0,13,77,0,13,17,0,50,48,2,96,0,0
3542,1000000US170310622002014,129,114,3,0,7,0,5,124,0,5,15,2,79,74,5,136,0,0
3543,1000000US170310622002015,119,112,1,0,3,0,3,116,0,3,7,0,66,64,2,129,0,0
3544,1000000US170310622002016,125,104,1,1,6,0,14,111,0,14,21,3,70,68,2,139,0,1
3545,1000000US170310622002017,110,104,1,0,4,0,1,109,0,1,6,0,63,62,1,126,0,0
3546,1000000US170310623001000,69,51,1,0,13,0,4,65,0,4,18,0,37,35,2,76,0,0
3547,1000000US170310623001001,64,59,0,0,3,0,2,62,0,2,5,0,41,39,2,75,0,0
3548,1000000US170310623001002,72,69,2,0,1,0,0,72,0,0,3,0,41,38,3,82,0,0
3549,1000000US170310623001003,33,30,0,0,1,0,2,31,0,2,3,0,19,19,0,38,0,0
3550,1000000US170310623001004,57,50,0,0,5,0,2,55,0,2,7,0,30,25,5,62,0,0
3551,1000000US170310623001005,89,80,1,1,4,0,3,86,0,3,9,3,57,53,4,120,0,0
3552,1000000US170310623001006,77,75,0,0,2,0,0,77,0,0,2,0,35,34,1,90,0,0
3553,1000000US170310623001007,51,36,0,0,2,0,13,38,0,13,15,0,26,26,0,58,0,0
3554,1000000US170310623001008,22,21,0,0,0,0,1,21,0,1,1,0,17,14,3,32,0,0
3555,1000000US170310623001009,27,25,0,0,1,0,1,26,0,1,2,0,19,16,3,41,0,0
3556,1000000US170310623001010,51,46,0,1,0,0,4,47,0,4,5,1,31,30,1,58,0,0
3557,1000000US170310623001011,56,52,2,0,1,0,1,55,0,1,4,0,38,35,3,65,0,0
3558,1000000US170310623001012,21,20,0,0,0,0,1,20,0,1,1,1,15,11,4,26,0,0
3559,1000000US170310623001013,50,46,1,0,3,0,0,50,0,0,4,1,31,30,1,63,0,0
3560,1000000US170310623001014,38,33,1,0,2,0,2,36,0,2,5,0,25,22,3,43,0,0
3561,1000000US170310623001015,43,39,2,0,1,0,1,42,0,1,4,0,20,20,0,43,0,0
3562,1000000US170310623001016,41,40,0,0,1,0,0,41,0,0,1,0,23,21,2,53,0,0
3563,1000000US170310623001017,45,45,0,0,0,0,0,45,0,0,0,0,28,26,2,55,0,0
3564,1000000US170310623001018,6,5,0,0,1,0,0,6,0,0,1,0,3,3,0,9,0,0
3565,1000000US170310623001019,69,51,6,0,1,0,11,58,0,11,18,2,39,35,4,84,0,0
3566,1000000US170310623001020,22,19,0,0,3,0,0,22,0,0,3,0,11,10,1,34,0,0
3567,1000000US170310623001021,33,29,2,0,0,0,2,31,0,2,4,0,21,20,1,40,0,0
3568,1000000US170310623001022,66,56,0,1,9,0,0,66,0,0,10,4,45,37,8,74,0,0
3569,1000000US170310623001023,49,41,0,0,3,0,5,44,0,5,8,0,41,30,11,54,0,0
3570,1000000US170310623001024,44,41,1,0,0,0,2,42,0,2,3,0,27,23,4,53,0,0
3571,1000000US170310623001025,52,42,3,0,1,0,6,46,0,6,10,1,26,25,1,68,0,0
3572,1000000US170310623001026,17,15,0,0,2,0,0,17,0,0,2,2,10,10,0,17,0,0
3573,1000000US170310624001000,54,49,1,0,2,0,2,52,0,2,5,0,32,31,1,56,0,0
3574,1000000US170310624001001,60,55,0,0,3,0,2,58,0,2,5,0,38,33,5,65,0,0
3575,1000000US170310624001002,63,51,1,0,3,0,7,56,0,7,12,2,35,33,2,78,0,0
3576,1000000US170310624001003,0,0,0,0,0,0,0,0,0,0,0,0,0,0,0,0,0,0
3577,1000000US170310624001004,81,69,1,1,6,0,4,77,0,4,12,0,52,48,4,93,1,0
3578,1000000US170310624001005,75,72,0,0,1,1,2,73,0,2,3,1,40,35,5,83,0,0
3579,1000000US170310624001006,114,100,3,1,8,0,4,110,0,4,14,3,66,62,4,141,1,1
3580,1000000US170310624001007,78,73,1,1,1,0,2,76,0,2,5,1,45,41,4,83,1,0
3581,1000000US170310624001008,50,44,4,1,1,0,1,49,0,1,6,1,29,27,2,52,0,0
3582,1000000US170310624001009,53,45,0,0,1,0,7,46,0,7,8,1,30,29,1,57,0,0
3583,1000000US170310624001010,33,31,0,0,1,0,1,32,0,1,2,0,21,17,4,44,0,0
3584,1000000US170310624001011,94,90,0,0,2,0,2,92,0,2,4,0,49,46,3,98,0,0
3585,1000000US170310624001012,53,48,0,0,0,0,3,50,0,3,5,0,34,32,2,61,0,0
3586,1000000US170310624001013,42,39,2,0,0,0,0,42,0,0,3,0,27,27,0,46,0,0
3587,1000000US170310624001014,79,54,4,0,11,1,10,69,0,10,25,2,41,39,2,97,0,0
3588,1000000US170310624001015,54,49,0,0,4,0,1,53,0,1,5,0,36,32,4,60,0,0
3589,1000000US170310624001016,44,29,6,0,4,0,4,40,0,4,15,1,107,43,64,44,0,0
3590,1000000US170310624001017,59,58,0,0,0,0,1,58,0,1,1,0,34,32,2,79,0,0
3591,1000000US170310624001018,9,7,2,0,0,0,0,9,0,0,2,1,9,5,4,9,0,0
3592,1000000US170310624001019,80,68,1,0,6,0,5,75,0,5,12,2,43,41,2,90,0,0
3593,1000000US170310624001020,68,67,0,0,0,0,1,67,0,1,1,0,37,35,2,85,0,0
3594,1000000US170310625001000,172,112,34,4,7,1,16,156,0,16,60,2,147,146,1,183,3,1
3595,1000000US170310625001001,62,54,0,0,3,0,5,57,0,5,8,0,34,30,4,69,0,0
3596,1000000US170310625001002,81,71,0,0,7,0,3,78,0,3,10,1,57,53,4,87,0,0
3597,1000000US170310625001003,101,86,3,0,3,0,9,92,0,9,15,2,60,55,5,111,0,0
3598,1000000US170310625001004,69,61,1,0,5,0,3,66,0,3,8,0,43,40,3,78,0,0
3599,1000000US170310625001005,61,52,0,0,3,0,6,55,0,6,9,2,34,32,2,74,0,0
3600,1000000US170310625001006,87,74,0,3,6,2,5,82,0,5,13,6,47,44,3,101,3,0
3601,1000000US170310625001007,7,3,0,0,0,0,4,3,0,4,4,0,3,3,0,7,0,0
3602,1000000US170310625001008,123,107,0,1,6,0,9,114,0,9,16,1,87,82,5,134,0,0
3603,1000000US170310625001009,56,47,0,0,0,0,9,47,0,9,9,0,36,31,5,70,0,0
3604,1000000US170310625001010,91,63,7,0,4,0,17,74,0,17,28,1,49,47,2,119,0,0
3605,1000000US170310625001011,48,42,1,0,3,0,2,46,0,2,6,0,32,30,2,51,0,0
3606,1000000US170310625001012,13,11,0,0,0,0,2,11,0,2,2,0,7,7,0,14,0,0
3607,1000000US170310625001013,5,4,0,0,0,0,1,4,0,1,1,0,4,3,1,5,0,0
3608,1000000US170310625001014,122,113,4,0,2,0,3,119,0,3,9,1,83,79,4,128,0,0
3609,1000000US170310625001015,47,35,6,0,3,0,3,44,0,3,12,0,28,27,1,50,0,0
3610,1000000US170310625001016,86,73,1,0,8,0,4,82,0,4,13,0,51,44,7,103,0,0
3611,1000000US170310625001017,38,35,1,0,1,0,1,37,0,1,3,1,40,23,17,42,0,0
3612,1000000US170310625001018,58,46,0,0,8,0,4,54,0,4,12,4,30,29,1,71,0,0
3613,1000000US170310626001000,250,225,3,0,14,0,8,242,0,8,25,1,184,179,5,263,0,0
3614,1000000US170310626001001,29,22,0,0,2,1,5,24,0,5,7,2,18,15,3,31,0,0
3615,1000000US170310626001002,64,52,0,0,8,0,4,60,0,4,12,1,33,33,0,94,0,0
3616,1000000US170310626001003,65,54,1,0,3,0,7,58,0,7,11,2,42,41,1,84,0,0
3617,1000000US170310626001004,59,50,0,0,6,0,3,56,0,3,9,0,34,30,4,89,0,0
3618,1000000US170310626001005,32,25,0,0,3,0,4,28,0,4,7,0,19,17,2,37,0,0
3619,1000000US170310626001006,23,23,0,0,0,0,0,23,0,0,0,0,16,15,1,28,0,0
3620,1000000US170310626001007,65,56,4,0,3,0,2,63,0,2,9,3,36,35,1,69,0,0
3621,1000000US170310626001008,96,83,0,2,5,0,5,91,0,5,13,2,57,56,1,108,0,0
3622,1000000US170310626001009,70,64,2,0,3,0,2,68,0,2,6,1,37,35,2,82,0,0
3623,1000000US170310626001010,79,49,4,0,3,0,23,56,0,23,30,0,43,41,2,87,0,0
3624,1000000US170310626001011,71,58,1,2,6,0,3,68,0,3,13,4,46,43,3,95,0,0
3625,1000000US170310626001012,66,61,1,0,1,0,3,63,0,3,5,0,38,34,4,81,0,0
3626,1000000US170310626001013,0,0,0,0,0,0,0,0,0,0,0,0,0,0,0,0,0,0
3627,1000000US170310626001014,75,56,1,1,4,1,14,61,0,14,19,3,41,40,1,90,1,0
3628,1000000US170310626001015,59,45,1,0,2,0,11,48,0,11,14,0,33,31,2,78,0,0
3629,1000000US170310626001016,70,54,1,0,12,0,3,67,0,3,16,0,36,36,0,115,0,0
3630,1000000US170310626001017,77,61,2,0,12,0,2,75,0,2,16,0,42,42,0,100,0,0
3631,1000000US170310626001018,26,22,0,0,1,0,3,23,0,3,4,0,16,16,0,34,0,0
3632,1000000US170310626001019,25,21,0,0,4,0,0,25,0,0,4,0,13,13,0,43,0,0
3633,1000000US170310626001020,13,12,0,0,1,0,0,13,0,0,1,0,7,7,0,25,0,0
3634,1000000US170310626001021,121,96,4,0,19,3,4,117,0,4,25,7,65,62,3,198,0,0
3635,1000000US170310626001022,34,34,0,0,0,0,0,34,0,0,0,0,17,17,0,48,0,0
3636,1000000US170310626001023,26,17,4,0,0,0,5,21,0,5,9,0,11,10,1,47,0,0
3637,1000000US170310626001024,12,7,0,0,0,0,5,7,0,5,5,0,7,7,0,12,0,0
3638,1000000US170310626001025,48,30,2,1,5,0,11,37,0,11,18,0,29,26,3,66,1,0
3639,1000000US170310626001026,14,11,0,0,2,0,1,13,0,1,3,0,8,8,0,25,0,0
3640,1000000US170310626001027,109,88,1,1,13,0,8,101,0,8,21,1,61,57,4,131,1,1
3641,1000000US170310626001028,56,43,0,1,8,1,4,52,0,4,13,3,32,31,1,66,0,0
3642,1000000US170310627001000,89,75,0,0,7,0,7,82,0,7,14,2,53,48,5,90,0,0
3643,1000000US170310627001001,57,49,0,0,1,0,7,50,0,7,8,3,23,23,0,66,0,0
3644,1000000US170310627001002,70,63,1,0,3,0,3,67,0,3,7,0,49,46,3,79,0,0
3645,1000000US170310627001003,86,72,6,0,5,0,5,81,0,5,14,0,43,41,2,93,0,1
3646,1000000US170310627001004,43,41,0,1,1,0,0,43,0,0,2,0,34,28,6,49,1,0
3647,1000000US170310627001005,85,79,0,0,3,0,3,82,0,3,6,0,44,41,3,94,0,0
3648,1000000US170310627001006,6,3,0,0,0,0,3,3,0,3,3,0,4,4,0,8,0,0
3649,1000000US170310627001007,56,52,2,0,1,0,1,55,0,1,4,0,29,28,1,59,0,0
3650,1000000US170310627001008,61,56,0,0,2,1,3,58,0,3,5,0,36,35,1,68,0,0
3651,1000000US170310627001009,87,80,1,0,3,0,2,85,0,2,7,0,39,38,1,90,0,0
3652,1000000US170310627001010,24,20,0,0,2,0,2,22,0,2,4,0,15,15,0,29,0,0
3653,1000000US170310627001011,36,13,20,0,0,1,2,34,0,2,23,3,1,1,0,36,0,0
3654,1000000US170310627001012,27,24,0,0,1,1,2,25,0,2,3,1,17,17,0,38,0,0
3655,1000000US170310627002000,64,59,1,0,2,0,1,63,0,1,5,2,43,37,6,80,0,0
3656,1000000US170310627002001,68,59,1,0,4,0,4,64,0,4,9,1,43,38,5,88,0,0
3657,1000000US170310627002002,56,49,0,0,3,0,4,52,0,4,7,1,31,29,2,60,0,0
3658,1000000US170310627002003,49,38,0,0,3,0,8,41,0,8,11,0,30,26,4,60,0,0
3659,1000000US170310627002004,47,41,1,0,3,0,1,46,0,1,6,2,28,26,2,58,0,0
3660,1000000US170310627002005,39,35,0,1,0,0,3,36,0,3,4,0,24,20,4,40,1,0
3661,1000000US170310627002006,43,41,0,0,2,0,0,43,0,0,2,0,26,25,1,58,0,0
3662,1000000US170310627002007,34,30,0,0,3,0,1,33,0,1,4,2,23,20,3,50,0,0
3663,1000000US170310627002008,15,7,0,0,0,0,8,7,0,8,8,0,7,7,0,19,0,0
3664,1000000US170310627002009,74,54,2,3,5,0,10,64,0,10,20,1,37,34,3,79,2,0
3665,1000000US170310627002010,87,70,9,0,4,0,5,82,0,5,17,2,48,45,3,97,0,0
3666,1000000US170310627002011,62,60,0,1,0,0,1,61,0,1,2,1,37,35,2,80,0,0
3667,1000000US170310627002012,50,46,0,1,0,0,3,47,0,3,4,1,28,25,3,63,0,0
3668,1000000US170310627003000,97,72,9,0,2,0,15,82,0,15,25,0,90,89,1,98,0,1
3669,1000000US170310627003001,108,96,1,1,5,0,5,103,0,5,12,2,72,71,1,114,1,0
3670,1000000US170310627003002,88,73,2,2,6,0,7,81,0,7,15,2,54,51,3,99,0,0
3671,1000000US170310627003003,3,3,0,0,0,0,0,3,0,0,0,0,2,2,0,3,0,0
3672,1000000US170310627003004,0,0,0,0,0,0,0,0,0,0,0,0,0,0,0,0,0,0
3673,1000000US170310627003005,57,52,0,0,3,0,2,55,0,2,5,2,29,25,4,64,0,0
3674,1000000US170310627003006,50,45,0,0,3,0,2,48,0,2,5,0,28,26,2,59,0,0
3675,1000000US170310627003007,16,11,0,3,2,0,0,16,0,0,5,0,8,7,1,18,3,0
3676,1000000US170310627003008,80,71,0,0,4,0,3,77,0,3,9,2,43,40,3,99,0,0
3677,1000000US170310627003009,32,31,0,0,1,0,0,32,0,0,1,1,20,17,3,41,0,0
3678,1000000US170310627003010,67,61,2,1,2,0,3,64,0,3,6,3,31,31,0,72,0,1
3679,1000000US170310627003011,60,50,2,2,3,1,6,54,0,6,10,5,33,30,3,73,0,1
3680,1000000US170310627003012,69,38,0,1,14,0,16,53,0,16,31,3,37,34,3,80,0,0
3681,1000000US170310627003013,48,26,0,0,4,0,18,30,0,18,22,0,21,20,1,56,0,0
3682,1000000US170310627003014,45,40,0,1,1,0,4,41,0,4,5,2,29,25,4,64,0,0
3683,1000000US170310627003015,59,50,0,0,5,0,4,55,0,4,9,2,35,32,3,72,0,0
3684,1000000US170310627003016,14,5,0,0,0,0,9,5,0,9,9,0,7,6,1,18,0,0
3685,1000000US170310627003017,52,46,0,0,0,0,6,46,0,6,6,0,30,24,6,63,0,0
3686,1000000US170310628001000,53,44,4,1,1,0,5,48,0,5,9,0,35,34,1,62,1,1
3687,1000000US170310628001001,94,80,8,0,4,0,2,92,0,2,14,0,55,51,4,109,0,0
3688,1000000US170310628001002,64,45,5,0,6,0,8,56,0,8,19,0,29,27,2,70,0,0
3689,1000000US170310628001003,73,67,0,0,3,0,3,70,0,3,6,0,40,38,2,97,0,0
3690,1000000US170310628001004,56,42,0,1,5,0,8,48,0,8,14,3,32,32,0,69,0,0
3691,1000000US170310628001005,78,62,1,0,4,0,11,67,0,11,16,0,40,38,2,93,0,0
3692,1000000US170310628001006,51,45,0,0,0,0,6,45,0,6,6,0,28,27,1,52,0,0
3693,1000000US170310628001007,35,32,1,0,0,0,2,33,0,2,3,1,12,12,0,36,0,0
3694,1000000US170310628001008,53,51,0,0,1,0,1,52,0,1,2,0,28,26,2,60,0,0
3695,1000000US170310628001009,65,59,1,0,0,0,5,60,0,5,6,0,36,35,1,74,0,0
3696,1000000US170310628001010,88,81,1,1,2,0,3,85,0,3,7,2,55,53,2,98,1,0
3697,1000000US170310628001011,69,62,0,1,1,0,5,64,0,5,7,1,36,34,2,86,0,0
3698,1000000US170310628001012,65,48,4,0,6,0,8,57,0,8,17,0,41,39,2,70,0,1
3699,1000000US170310628001013,69,61,1,0,3,0,4,65,0,4,8,0,41,39,2,85,0,0
3700,1000000US170310628002000,64,58,1,0,1,0,4,60,0,4,6,0,27,25,2,75,0,0
3701,1000000US170310628002001,48,42,3,0,0,0,3,45,0,3,6,0,30,26,4,66,0,0
3702,1000000US170310628002002,43,42,1,0,0,0,0,43,0,0,1,0,22,22,0,65,0,0
3703,1000000US170310628002003,22,18,0,0,0,0,4,18,0,4,4,3,10,10,0,22,0,0
3704,1000000US170310628002004,112,97,1,0,8,0,6,106,0,6,15,1,64,59,5,131,0,0
3705,1000000US170310628002005,102,86,5,1,6,0,4,98,0,4,16,0,59,56,3,129,1,0
3706,1000000US170310628002006,24,24,0,0,0,0,0,24,0,0,0,0,11,11,0,26,0,0
3707,1000000US170310628002007,121,109,1,2,5,0,5,116,0,5,12,3,69,65,4,147,1,0
3708,1000000US170310628002008,57,53,0,0,2,0,2,55,0,2,4,0,29,29,0,60,0,0
3709,1000000US170310628002009,67,59,3,0,4,0,1,66,0,1,8,1,36,33,3,77,0,0
3710,1000000US170310628002010,72,62,5,1,5,0,4,68,0,4,10,2,35,32,3,74,0,2
3711,1000000US170310628002011,108,100,2,0,5,0,1,107,0,1,8,0,64,63,1,114,0,0
3712,1000000US170310628002012,74,63,4,0,3,0,5,69,0,5,11,0,40,36,4,86,0,1
3713,1000000US170310628003000,48,40,0,0,6,0,2,46,0,2,8,0,26,25,1,61,0,0
3714,1000000US170310628003001,50,47,0,0,3,0,0,50,0,0,3,1,28,27,1,54,0,0
3715,1000000US170310628003002,85,75,1,0,8,0,3,82,0,3,10,3,46,44,2,103,0,0
3716,1000000US170310628003003,142,129,1,0,6,0,6,136,0,6,13,2,94,93,1,147,0,0
3717,1000000US170310628003004,60,52,0,0,1,0,7,53,0,7,8,0,35,32,3,65,0,0
3718,1000000US170310628003005,86,71,5,0,5,0,5,81,0,5,15,1,52,47,5,97,0,0
3719,1000000US170310628003006,89,72,2,0,6,0,8,81,0,8,17,2,51,50,1,99,0,0
3720,1000000US170310628003007,55,40,1,1,11,0,3,52,0,3,15,1,31,29,2,64,0,0
3721,1000000US170310628003008,78,69,1,0,4,0,4,74,0,4,9,0,47,44,3,81,0,0
3722,1000000US170310628003009,76,66,1,1,5,0,5,71,0,5,10,1,43,38,5,92,0,0
3723,1000000US170310628003010,69,65,0,0,0,0,4,65,0,4,4,0,37,36,1,77,0,0
3724,1000000US170310628003011,54,51,1,0,2,0,0,54,0,0,3,0,31,26,5,60,0,0
3725,1000000US170310628003012,85,78,0,0,5,0,1,84,0,1,7,0,51,50,1,89,0,0
3726,1000000US170310628003013,138,115,2,0,4,0,17,121,0,17,23,3,74,74,0,144,0,1
3727,1000000US170310628003014,40,38,1,0,1,0,0,40,0,0,2,1,19,19,0,44,0,0
3728,1000000US170310628003015,63,56,0,0,1,1,5,58,0,5,7,2,36,36,0,69,0,0
3729,1000000US170310628003016,22,22,0,0,0,0,0,22,0,0,0,0,14,14,0,27,0,0
3730,1000000US170310629001000,219,191,1,2,20,0,5,214,0,5,28,4,139,130,9,235,1,0
3731,1000000US170310629001001,1,1,0,0,0,0,0,1,0,0,0,0,1,1,0,1,0,0
3732,1000000US170310629001002,50,46,1,0,1,0,2,48,0,2,4,0,32,31,1,54,0,0
3733,1000000US170310629001003,81,73,1,0,3,0,4,77,0,4,8,1,53,48,5,94,0,0
3734,1000000US170310629001004,107,95,3,3,1,0,7,100,0,7,12,3,68,62,6,111,1,0
3735,1000000US170310629001005,82,75,1,0,2,0,5,77,0,5,7,0,50,45,5,88,0,1
3736,1000000US170310629001006,91,80,1,0,4,0,6,85,0,6,11,0,49,47,2,102,0,0
3737,1000000US170310629001007,99,90,5,1,3,0,1,98,0,1,9,2,58,50,8,106,0,0
3738,1000000US170310629001008,102,88,6,0,4,0,5,97,0,5,14,1,48,48,0,109,0,1
3739,1000000US170310629001009,130,116,3,0,8,0,5,125,0,5,14,1,73,72,1,143,0,1
3740,1000000US170310629001010,31,29,0,0,1,0,1,30,0,1,2,0,15,14,1,34,0,0
3741,1000000US170310629001011,28,24,0,0,3,0,1,27,0,1,4,0,14,13,1,36,0,0
3742,1000000US170310629001012,79,67,2,0,5,0,5,74,0,5,12,1,45,44,1,88,0,0
3743,1000000US170310629001013,38,36,0,0,0,0,2,36,0,2,2,0,22,22,0,46,0,0
3744,1000000US170310629001014,50,47,0,0,1,0,2,48,0,2,3,0,30,25,5,54,0,0
3745,1000000US170310629002000,69,63,0,0,5,0,1,68,0,1,6,0,43,41,2,73,0,0
3746,1000000US170310629002001,111,95,4,1,3,0,7,104,0,7,16,1,93,83,10,124,1,0
3747,1000000US170310629002002,0,0,0,0,0,0,0,0,0,0,0,0,0,0,0,0,0,0
3748,1000000US170310629002003,77,66,4,0,4,0,3,74,0,3,11,2,47,41,6,85,0,0
3749,1000000US170310629002004,56,48,2,0,5,0,1,55,0,1,8,3,28,26,2,66,0,0
3750,1000000US170310629002005,76,71,0,0,3,0,2,74,0,2,5,0,41,38,3,88,0,0
3751,1000000US170310629002006,23,22,0,0,0,0,1,22,0,1,1,0,16,14,2,25,0,0
3752,1000000US170310629002007,68,51,2,0,6,0,9,59,0,9,17,0,41,33,8,72,0,0
3753,1000000US170310629002008,22,19,0,0,3,0,0,22,0,0,3,0,13,12,1,29,0,0
3754,1000000US170310629002009,109,93,1,0,9,0,6,103,0,6,16,3,86,78,8,115,0,0
3755,1000000US170310629002010,17,14,0,0,1,0,2,15,0,2,3,1,10,9,1,19,0,0
3756,1000000US170310629002011,70,60,0,0,6,0,4,66,0,4,10,0,36,33,3,77,0,0
3757,1000000US170310629002012,67,57,4,2,3,0,2,65,0,2,10,2,39,35,4,88,0,0
3758,1000000US170310629002013,112,107,0,0,3,0,2,110,0,2,5,0,59,57,2,127,0,0
3759,1000000US170310629002014,106,90,3,0,9,0,4,102,0,4,16,2,56,54,2,116,0,0
3760,1000000US170310629002015,39,37,0,1,0,0,1,38,0,1,2,1,23,21,2,45,0,0
3761,1000000US170310629003000,45,39,0,0,3,0,3,42,0,3,6,0,28,24,4,50,0,0
3762,1000000US170310629003001,24,15,3,0,4,0,2,22,0,2,9,0,14,13,1,25,0,0
3763,1000000US170310629003002,118,98,6,0,8,0,8,110,0,8,20,4,62,61,1,136,0,0
3764,1000000US170310629003003,61,58,1,1,0,0,2,59,0,2,3,1,41,39,2,66,0,0
3765,1000000US170310629003004,75,63,3,0,0,0,9,66,0,9,12,0,38,38,0,82,0,0
3766,1000000US170310629003005,76,66,6,0,5,1,1,75,0,1,10,4,47,44,3,81,0,1
3767,1000000US170310629003006,46,31,8,1,3,1,3,43,0,3,15,3,28,26,2,60,0,0
3768,1000000US170310629003007,71,65,0,0,2,0,4,67,0,4,6,0,41,39,2,77,0,0
3769,1000000US170310629003008,70,58,2,0,2,0,8,62,0,8,12,0,44,37,7,75,0,0
3770,1000000US170310629003009,78,65,0,0,0,0,13,65,0,13,13,0,42,40,2,85,0,0
3771,1000000US170310629003010,95,80,1,1,5,0,9,86,0,9,15,1,51,49,2,108,1,0
3772,1000000US170310629003011,59,57,0,0,0,0,2,57,0,2,2,0,37,32,5,62,0,0
3773,1000000US170310629003012,37,35,1,0,1,0,0,37,0,0,2,0,16,16,0,37,0,0
3774,1000000US170310629003013,129,116,2,0,7,0,3,126,0,3,13,2,66,64,2,146,0,0
3775,1000000US170310629003014,57,42,0,1,4,1,11,46,0,11,15,1,28,27,1,64,1,0
3776,1000000US170310629003015,63,54,1,1,3,0,5,58,0,5,9,5,35,34,1,69,0,0
3777,1000000US170310629003016,97,84,4,0,8,1,2,95,0,2,13,4,58,55,3,106,0,1
3778,1000000US170310629003017,76,72,0,1,2,1,2,74,0,2,4,1,47,40,7,82,1,0
3779,1000000US170310629003018,26,26,0,0,0,0,0,26,0,0,0,0,12,11,1,33,0,0
3780,1000000US170310629003019,72,63,1,0,4,0,4,68,0,4,9,1,54,45,9,82,0,0
3781,1000000US170310630001000,0,0,0,0,0,0,0,0,0,0,0,0,0,0,0,0,0,0
3782,1000000US170310630001001,151,128,2,2,11,0,8,143,0,8,23,2,93,84,9,151,0,0
3783,1000000US170310630001002,14,11,0,0,2,0,1,13,0,1,3,0,7,7,0,14,0,0
3784,1000000US170310630001003,80,70,0,0,10,0,0,80,0,0,10,1,49,47,2,90,0,0
3785,1000000US170310630001004,180,158,1,0,11,1,9,171,0,9,22,1,102,95,7,197,0,0
3786,1000000US170310630001005,0,0,0,0,0,0,0,0,0,0,0,0,0,0,0,0,0,0
3787,1000000US170310630001006,290,141,12,1,97,0,40,250,0,40,149,8,227,191,36,325,0,2
3788,1000000US170310630001007,175,142,3,1,14,1,15,160,0,15,33,7,113,96,17,181,0,0
3789,1000000US170310630001008,42,26,0,0,3,0,12,30,0,12,16,1,21,20,1,44,0,0
3790,1000000US170310630001009,85,70,1,0,8,0,6,79,0,6,15,1,98,67,31,85,0,1
3791,1000000US170310630001010,0,0,0,0,0,0,0,0,0,0,0,0,0,0,0,0,0,0
3792,1000000US170310630001011,9,6,0,0,1,0,2,7,0,2,3,0,6,6,0,9,0,0
3793,1000000US170310630002000,109,96,1,1,8,0,3,106,0,3,13,2,81,72,9,112,1,0
3794,1000000US170310630002001,73,61,2,0,6,2,4,69,0,4,12,3,49,43,6,80,0,0
3795,1000000US170310630002002,160,139,8,2,7,0,5,155,0,5,21,4,141,132,9,164,0,0
3796,1000000US170310630002003,30,24,2,0,0,0,4,26,0,4,6,1,20,18,2,30,0,0
3797,1000000US170310630002004,73,65,1,1,3,0,4,69,0,4,8,2,50,49,1,83,1,0
3798,1000000US170310630002005,58,55,1,1,0,0,2,56,0,2,3,0,43,42,1,61,1,0
3799,1000000US170310630002006,71,65,1,0,2,0,3,68,0,3,6,0,41,38,3,83,0,0
3800,1000000US170310630002007,60,53,0,0,5,0,2,58,0,2,7,1,31,31,0,68,0,0
3801,1000000US170310630002008,15,11,0,0,2,0,2,13,0,2,4,0,8,8,0,17,0,0
3802,1000000US170310630002009,115,94,4,0,10,0,7,108,0,7,21,1,91,83,8,121,0,0
3803,1000000US170310630002010,45,38,1,0,1,0,6,39,0,6,7,1,28,26,2,61,0,1
3804,1000000US170310630002011,44,41,0,0,2,0,2,42,0,2,3,2,29,27,2,49,0,0
3805,1000000US170310630002012,95,84,0,0,8,0,3,92,0,3,11,2,63,60,3,104,0,0
3806,1000000US170310630002013,52,49,1,0,1,0,2,50,0,2,3,0,31,30,1,61,0,1
3807,1000000US170310630002014,32,26,2,0,2,0,3,29,0,3,6,0,30,25,5,32,0,1
3808,1000000US170310630002015,100,93,0,1,2,0,5,95,0,5,7,0,73,63,10,103,1,0
3809,1000000US170310630003000,22,19,0,0,1,0,2,20,0,2,3,0,15,13,2,22,0,0
3810,1000000US170310630003001,124,81,28,1,5,2,8,116,0,8,43,1,41,38,3,128,1,0
3811,1000000US170310630003002,0,0,0,0,0,0,0,0,0,0,0,0,0,0,0,0,0,0
3812,1000000US170310630003003,43,36,1,0,4,0,2,41,0,2,7,1,30,27,3,46,0,0
3813,1000000US170310630003004,131,119,2,0,3,0,8,123,0,8,12,0,98,93,5,136,0,1
3814,1000000US170310630003005,93,86,0,0,3,0,4,89,0,4,7,1,59,54,5,104,0,0
3815,1000000US170310630003006,73,61,1,0,5,0,6,67,0,6,12,3,42,40,2,84,0,0
3816,1000000US170310630003007,127,95,12,2,7,0,10,117,0,10,32,2,103,99,4,128,0,0
3817,1000000US170310631001000,446,383,6,3,30,1,19,427,0,19,63,11,350,297,53,478,2,1
3818,1000000US170310631001001,550,476,6,4,40,1,25,525,0,25,74,9,376,361,15,610,1,0
3819,1000000US170310631001002,38,34,0,0,2,0,2,36,0,2,4,0,22,21,1,38,0,0
3820,1000000US170310631001003,26,23,0,0,3,0,0,26,0,0,3,1,21,20,1,26,0,0
3821,1000000US170310631002000,33,32,0,0,1,0,0,33,0,0,1,1,18,18,0,36,0,0
3822,1000000US170310631002001,81,67,2,0,9,0,3,78,0,3,14,3,48,47,1,90,0,0
3823,1000000US170310631002002,208,143,16,1,22,0,26,182,0,26,65,9,185,177,8,212,1,0
3824,1000000US170310631002003,68,42,14,4,3,1,6,62,0,6,26,4,47,47,0,69,2,1
3825,1000000US170310631002004,204,175,3,1,13,2,11,193,0,11,29,4,132,125,7,229,0,1
3826,1000000US170310631002005,88,81,1,0,3,0,3,85,0,3,7,1,58,50,8,101,0,0
3827,1000000US170310631002006,129,101,5,4,11,1,9,120,0,9,28,6,102,97,5,138,1,0
3828,1000000US170310631002007,131,111,4,0,6,0,10,121,0,10,20,2,94,87,7,146,0,0
3829,1000000US170310632001000,263,230,9,0,14,1,9,254,0,9,33,6,190,176,14,295,0,0
3830,1000000US170310632001001,413,295,33,3,58,0,27,386,0,27,118,9,357,329,28,421,1,0
3831,1000000US170310632001002,136,118,6,0,7,1,5,131,0,5,18,2,103,65,38,153,0,0
3832,1000000US170310632001003,174,137,5,0,25,1,6,168,0,6,37,4,141,125,16,203,0,0
3833,1000000US170310632002000,516,448,7,1,38,0,25,491,0,25,68,4,442,374,68,540,1,0
3834,1000000US170310632003000,319,276,14,4,11,0,17,302,0,17,43,6,270,237,33,337,4,0
3835,1000000US170310632003001,0,0,0,0,0,0,0,0,0,0,0,0,1,0,1,0,0,0
3836,1000000US170310632003002,115,97,6,0,5,1,6,109,0,6,18,3,64,57,7,119,0,0
3837,1000000US170310632003003,214,160,12,3,14,0,27,187,0,27,54,4,170,164,6,235,2,0
3838,1000000US170310632003004,65,46,6,3,11,0,2,63,0,2,19,7,41,41,0,72,3,0
3839,1000000US170310632003005,67,41,5,0,16,0,5,62,0,5,26,1,65,54,11,68,0,0
3840,1000000US170310632003006,21,21,0,0,0,0,0,21,0,0,0,0,11,11,0,26,0,0
3841,1000000US170310632003007,5,2,0,0,2,0,1,4,0,1,3,0,2,2,0,5,0,0
3842,1000000US170310632003008,10,8,0,0,1,0,1,9,0,1,2,0,5,5,0,14,0,0
3843,1000000US170310632003009,53,45,0,2,3,0,5,48,0,5,8,1,38,36,2,53,2,0
3844,1000000US170310632003010,3,3,0,0,0,0,0,3,0,0,0,0,1,1,0,3,0,0
3845,1000000US170310632003011,51,40,3,0,5,0,4,47,0,4,11,1,40,40,0,52,0,2
3846,1000000US170310632004000,0,0,0,0,0,0,0,0,0,0,0,0,0,0,0,0,0,0
3847,1000000US170310632004001,0,0,0,0,0,0,0,0,0,0,0,0,0,0,0,0,0,0
3848,1000000US170310632004002,0,0,0,0,0,0,0,0,0,0,0,0,0,0,0,0,0,0
3849,1000000US170310632004003,0,0,0,0,0,0,0,0,0,0,0,0,0,0,0,0,0,0
3850,1000000US170310632004004,523,446,15,3,36,1,26,497,0,26,77,8,371,343,28,580,0,0
3851,1000000US170310632004005,757,608,40,1,65,1,38,719,0,38,149,18,523,454,69,772,1,0
3852,1000000US170310632004006,0,0,0,0,0,0,0,0,0,0,0,0,0,0,0,0,0,0
3853,1000000US170310632005000,158,140,3,1,10,0,5,153,0,5,18,3,119,112,7,167,0,0
3854,1000000US170310632005001,88,68,6,1,8,0,5,83,0,5,20,3,68,63,5,97,1,0
3855,1000000US170310632005002,347,264,10,3,40,0,32,315,0,32,83,6,279,258,21,371,1,0
3856,1000000US170310632005003,198,147,13,2,19,2,24,174,0,24,51,3,178,171,7,199,2,5
3857,1000000US170310632006000,739,588,35,8,65,1,53,686,0,53,151,21,612,562,50,773,4,0
3858,1000000US170310632006001,241,177,16,1,32,0,16,225,0,16,64,3,162,154,8,264,0,1
3859,1000000US170310632006002,150,104,10,1,23,0,16,134,0,16,46,10,118,106,12,163,1,2
3860,1000000US170310632006003,357,264,39,4,25,1,30,327,0,30,93,9,230,213,17,363,2,2
3861,1000000US170310633011000,250,192,10,0,30,0,18,232,0,18,58,6,210,191,19,269,0,0
3862,1000000US170310633011001,496,350,62,8,41,1,37,459,0,37,146,15,361,348,13,509,4,1
3863,1000000US170310633011002,247,208,5,0,19,0,17,230,0,17,39,5,192,182,10,264,0,0
3864,1000000US170310633012000,141,122,3,1,12,0,4,137,0,4,19,4,116,92,24,145,0,0
3865,1000000US170310633012001,153,109,9,1,27,1,7,146,0,7,44,8,115,102,13,179,0,1
3866,1000000US170310633012002,458,356,30,3,52,0,21,437,0,21,102,8,392,364,28,477,0,2
3867,1000000US170310633013000,207,137,4,2,43,2,18,189,0,18,70,3,157,148,9,220,0,0
3868,1000000US170310633013001,346,279,33,1,18,0,17,329,0,17,67,5,251,246,5,356,0,1
3869,1000000US170310633013002,215,170,19,0,15,0,11,204,0,11,45,2,192,179,13,222,0,0
3870,1000000US170310633021000,170,124,11,1,19,0,17,153,0,17,46,5,156,141,15,177,0,0
3871,1000000US170310633021001,103,93,0,1,5,0,4,99,0,4,10,0,58,55,3,119,1,0
3872,1000000US170310633021002,394,318,11,0,36,0,29,365,0,29,76,6,296,265,31,418,0,0
3873,1000000US170310633021003,312,245,5,0,39,3,19,293,0,19,67,4,257,245,12,328,0,0
3874,1000000US170310633021004,491,417,13,3,38,2,23,468,0,23,74,12,337,307,30,561,3,0
3875,1000000US170310633022000,817,664,24,6,81,2,43,774,0,43,153,17,697,599,98,845,3,1
3876,1000000US170310633023000,338,284,13,2,23,1,19,319,0,19,54,7,224,221,3,342,1,1
3877,1000000US170310633023001,156,136,1,0,10,0,9,147,0,9,20,1,144,130,14,156,0,0
3878,1000000US170310633023002,59,55,1,0,2,0,1,58,0,1,4,0,49,43,6,64,0,0
3879,1000000US170310633023003,134,88,24,1,12,3,10,124,0,10,46,6,114,104,10,139,1,1
3880,1000000US170310633024000,681,528,36,2,81,5,37,644,0,37,153,16,759,588,171,715,1,1
3881,1000000US170310633024001,121,105,4,1,7,0,4,117,0,4,16,1,100,86,14,132,1,0
3882,1000000US170310633031000,0,0,0,0,0,0,0,0,0,0,0,0,0,0,0,0,0,0
3883,1000000US170310633031001,0,0,0,0,0,0,0,0,0,0,0,0,0,0,0,0,0,0
3884,1000000US170310633031002,416,386,5,1,17,0,8,408,0,8,30,4,448,345,103,428,1,1
3885,1000000US170310633031003,0,0,0,0,0,0,0,0,0,0,0,0,0,0,0,0,0,0
3886,1000000US170310633032000,0,0,0,0,0,0,0,0,0,0,0,0,0,0,0,0,0,0
3887,1000000US170310633032001,0,0,0,0,0,0,0,0,0,0,0,0,0,0,0,0,0,0
3888,1000000US170310633032002,0,0,0,0,0,0,0,0,0,0,0,0,0,0,0,0,0,0
3889,1000000US170310633032003,0,0,0,0,0,0,0,0,0,0,0,0,0,0,0,0,0,0
3890,1000000US170310633032004,751,645,10,3,76,0,17,734,0,17,106,11,647,590,57,773,2,0
3891,1000000US170310634001000,47,45,1,0,1,0,0,47,0,0,2,1,31,29,2,51,0,0
3892,1000000US170310634001001,70,54,2,0,6,2,6,64,0,6,16,1,42,36,6,75,0,0
3893,1000000US170310634001002,571,427,54,3,37,2,51,520,0,51,144,14,431,398,33,611,0,0
3894,1000000US170310634001003,195,164,12,2,10,2,7,188,0,7,31,4,136,122,14,224,0,1
3895,1000000US170310634001004,106,87,0,0,14,1,4,102,0,4,19,4,62,55,7,112,0,0
3896,1000000US170310634001005,0,0,0,0,0,0,0,0,0,0,0,0,0,0,0,0,0,0
3897,1000000US170310634001006,92,82,3,0,0,0,6,86,0,6,10,0,48,44,4,96,0,0
3898,1000000US170310634001007,0,0,0,0,0,0,0,0,0,0,0,0,0,0,0,0,0,0
3899,1000000US170310634002000,368,318,11,2,17,0,24,344,0,24,50,9,218,201,17,398,2,3
3900,1000000US170310634002001,169,144,2,3,11,0,10,159,0,10,25,7,94,93,1,175,1,0
3901,1000000US170310634002002,31,22,1,1,4,0,3,28,0,3,9,1,21,16,5,32,0,0
3902,1000000US170310634002003,388,318,21,5,25,1,21,367,0,21,70,8,274,256,18,406,1,0
3903,1000000US170310701011000,454,400,6,3,35,2,11,443,0,11,54,10,387,346,41,480,1,0
3904,1000000US170310701011001,833,721,12,0,74,0,26,807,0,26,112,9,679,609,70,881,0,0
3905,1000000US170310701011002,6,6,0,0,0,0,0,6,0,0,0,0,4,4,0,6,0,0
3906,1000000US170310701012000,357,311,7,1,22,0,17,340,0,17,46,3,255,227,28,388,0,0
3907,1000000US170310701012001,128,121,0,0,3,0,3,125,0,3,7,1,78,69,9,153,0,0
3908,1000000US170310701012002,289,247,6,0,30,0,9,280,0,9,42,7,222,209,13,316,0,0
3909,1000000US170310701012003,331,291,3,1,28,0,8,323,0,8,40,7,269,240,29,378,0,0
3910,1000000US170310701013000,0,0,0,0,0,0,0,0,0,0,0,0,0,0,0,0,0,0
3911,1000000US170310701013001,0,0,0,0,0,0,0,0,0,0,0,0,0,0,0,0,0,0
3912,1000000US170310701013002,0,0,0,0,0,0,0,0,0,0,0,0,0,0,0,0,0,0
3913,1000000US170310701013003,0,0,0,0,0,0,0,0,0,0,0,0,0,0,0,0,0,0
3914,1000000US170310701013004,0,0,0,0,0,0,0,0,0,0,0,0,0,0,0,0,0,0
3915,1000000US170310701013005,0,0,0,0,0,0,0,0,0,0,0,0,0,0,0,0,0,0
3916,1000000US170310701013006,0,0,0,0,0,0,0,0,0,0,0,0,0,0,0,0,0,0
3917,1000000US170310701013007,0,0,0,0,0,0,0,0,0,0,0,0,0,0,0,0,0,0
3918,1000000US170310701013008,0,0,0,0,0,0,0,0,0,0,0,0,0,0,0,0,0,0
3919,1000000US170310701013009,0,0,0,0,0,0,0,0,0,0,0,0,0,0,0,0,0,0
3920,1000000US170310701013010,0,0,0,0,0,0,0,0,0,0,0,0,0,0,0,0,0,0
3921,1000000US170310701013011,360,270,27,5,36,0,24,336,0,24,90,15,344,323,21,365,2,2
3922,1000000US170310701013012,440,364,18,1,31,0,31,409,0,31,76,8,381,363,18,444,1,1
3923,1000000US170310701013013,383,318,12,1,33,0,21,362,0,21,65,8,348,335,13,385,0,0
3924,1000000US170310701013014,0,0,0,0,0,0,0,0,0,0,0,0,0,0,0,0,0,0
3925,1000000US170310701021000,196,159,9,0,15,0,13,183,0,13,37,4,215,150,65,202,0,0
3926,1000000US170310701021001,469,377,15,1,55,0,25,444,0,25,92,10,394,347,47,497,0,0
3927,1000000US170310701021002,96,81,1,1,6,0,7,89,0,7,15,2,86,78,8,99,0,0
3928,1000000US170310701021003,241,185,12,1,21,1,23,218,0,23,56,7,230,215,15,245,0,0
3929,1000000US170310701022000,163,141,2,1,6,0,13,150,0,13,22,3,129,113,16,166,1,0
3930,1000000US170310701022001,4,3,0,0,0,0,1,3,0,1,1,0,3,2,1,4,0,0
3931,1000000US170310701022002,109,94,2,0,7,0,6,103,0,6,15,3,96,70,26,121,0,0
3932,1000000US170310701022003,147,110,2,1,27,1,9,138,0,9,37,0,127,113,14,154,1,1
3933,1000000US170310701022004,132,120,3,0,7,0,2,130,0,2,12,1,96,85,11,151,0,0
3934,1000000US170310701023000,748,616,26,2,59,7,42,706,0,42,132,14,587,533,54,774,0,0
3935,1000000US170310701031000,540,414,23,6,65,0,37,503,0,37,126,7,444,416,28,578,5,0
3936,1000000US170310701031001,238,180,15,2,26,3,14,224,0,14,58,12,216,183,33,247,2,0
3937,1000000US170310701032000,226,195,6,1,18,1,6,220,0,6,31,4,206,177,29,231,0,0
3938,1000000US170310701032001,343,266,13,2,46,0,18,325,0,18,77,9,291,286,5,357,1,0
3939,1000000US170310701032002,282,232,8,1,29,0,12,270,0,12,50,7,260,243,17,296,0,0
3940,1000000US170310702001000,0,0,0,0,0,0,0,0,0,0,0,0,0,0,0,0,0,0
3941,1000000US170310702001001,81,64,0,0,14,0,4,77,0,4,17,1,49,42,7,98,0,0
3942,1000000US170310702001002,192,116,41,3,13,1,18,174,0,18,76,4,44,41,3,195,3,0
3943,1000000US170310702001003,129,110,7,0,5,0,7,122,0,7,19,3,62,57,5,130,0,0
3944,1000000US170310702001004,186,163,4,1,12,0,6,180,0,6,23,3,140,130,10,209,1,0
3945,1000000US170310702001005,64,49,4,0,8,0,3,61,0,3,15,4,41,38,3,73,0,0
3946,1000000US170310702001006,183,160,2,0,15,0,6,177,0,6,23,1,109,100,9,211,0,0
3947,1000000US170310702001007,74,68,0,0,6,0,0,74,0,0,6,1,43,39,4,85,0,0
3948,1000000US170310702001008,118,103,2,4,3,0,10,108,0,10,15,1,82,74,8,144,4,0
3949,1000000US170310702001009,75,70,0,0,4,0,1,74,0,1,5,0,35,33,2,76,0,0
3950,1000000US170310702001010,118,104,1,0,11,0,2,116,0,2,14,0,65,53,12,138,0,0
3951,1000000US170310702001011,408,312,19,3,49,1,27,381,0,27,96,10,328,311,17,426,2,0
3952,1000000US170310702002000,110,96,0,0,6,0,9,101,0,9,14,1,65,57,8,127,0,0
3953,1000000US170310702002001,105,96,0,0,5,0,1,104,0,1,9,0,60,53,7,143,0,0
3954,1000000US170310702002002,129,114,1,0,10,0,5,124,0,5,15,2,63,61,2,164,0,0
3955,1000000US170310702002003,169,117,16,0,31,0,6,163,0,6,52,4,96,88,8,183,0,0
3956,1000000US170310702002004,97,73,19,0,2,0,3,94,0,3,24,0,36,35,1,117,0,0
3957,1000000US170310702002005,152,137,2,0,11,0,3,149,0,3,15,4,100,86,14,172,0,0
3958,1000000US170310702002006,182,155,4,1,16,0,6,176,0,6,27,3,146,134,12,191,0,0
3959,1000000US170310702003000,185,160,4,0,13,0,9,176,0,9,25,1,159,135,24,185,0,1
3960,1000000US170310702003001,221,186,5,0,20,0,11,210,0,11,35,12,171,156,15,225,0,0
3961,1000000US170310702003002,92,79,2,0,5,0,6,86,0,6,13,0,86,71,15,96,0,0
3962,1000000US170310702003003,54,47,4,0,2,0,1,53,0,1,7,1,31,30,1,58,0,0
3963,1000000US170310702003004,33,26,1,0,4,0,2,31,0,2,7,0,21,17,4,36,0,0
3964,1000000US170310702003005,23,21,0,0,1,0,1,22,0,1,2,1,9,9,0,26,0,0
3965,1000000US170310702003006,82,64,1,0,11,0,6,76,0,6,18,0,60,54,6,93,0,0
3966,1000000US170310702003007,289,238,3,2,28,0,18,271,0,18,51,7,237,228,9,299,0,0
3967,1000000US170310703001000,106,92,3,0,9,0,2,104,0,2,14,5,72,66,6,110,0,0
3968,1000000US170310703001001,104,82,8,0,5,1,9,95,0,9,22,2,95,67,28,112,0,0
3969,1000000US170310703001002,74,67,1,1,2,0,3,71,0,3,7,1,43,42,1,78,1,0
3970,1000000US170310703001003,0,0,0,0,0,0,0,0,0,0,0,0,0,0,0,0,0,0
3971,1000000US170310703001004,0,0,0,0,0,0,0,0,0,0,0,0,0,0,0,0,0,0
3972,1000000US170310703001005,21,16,0,5,0,0,0,21,0,0,5,5,20,11,9,24,0,0
3973,1000000US170310703001006,54,48,0,2,2,0,2,52,0,2,6,3,29,25,4,60,1,0
3974,1000000US170310703001007,94,83,1,1,6,0,3,91,0,3,11,2,56,53,3,106,0,0
3975,1000000US170310703001008,62,58,1,0,2,0,1,61,0,1,4,1,43,33,10,72,0,0
3976,1000000US170310703001009,48,45,1,0,0,0,3,45,0,3,3,1,24,23,1,57,0,1
3977,1000000US170310703001010,36,33,0,0,0,0,3,33,0,3,3,0,20,20,0,41,0,0
3978,1000000US170310703001011,89,83,0,0,5,0,1,88,0,1,6,1,50,46,4,124,0,0
3979,1000000US170310703001012,96,80,1,1,7,0,6,90,0,6,16,3,63,58,5,102,0,0
3980,1000000US170310703001013,172,158,1,1,10,0,3,169,0,3,14,2,103,91,12,178,1,0
3981,1000000US170310703001014,46,42,0,0,2,0,2,44,0,2,4,2,31,29,2,59,0,0
3982,1000000US170310703001015,81,73,0,0,6,1,1,80,0,1,8,1,43,39,4,88,0,0
3983,1000000US170310703001016,59,50,1,0,5,0,3,56,0,3,9,0,38,38,0,74,0,0
3984,1000000US170310703001017,98,74,1,0,12,0,10,88,0,10,24,2,66,59,7,104,0,0
3985,1000000US170310703001018,89,73,2,0,4,0,10,79,0,10,16,1,43,38,5,92,0,0
3986,1000000US170310703001019,57,53,1,1,1,0,1,56,0,1,4,2,35,32,3,67,0,0
3987,1000000US170310703001020,14,13,0,0,1,0,1,13,0,1,1,0,14,11,3,14,0,0
3988,1000000US170310703001021,56,50,0,0,3,0,3,53,0,3,6,0,35,30,5,60,0,0
3989,1000000US170310703001022,0,0,0,0,0,0,0,0,0,0,0,0,0,0,0,0,0,0
3990,1000000US170310703001023,35,28,2,0,2,0,3,32,0,3,7,0,22,19,3,35,0,0
3991,1000000US170310703001024,91,78,0,1,9,1,3,88,0,3,13,2,55,52,3,93,0,0
3992,1000000US170310703001025,0,0,0,0,0,0,0,0,0,0,0,0,0,0,0,0,0,0
3993,1000000US170310703001026,15,15,0,0,0,0,0,15,0,0,0,0,12,11,1,17,0,0
3994,1000000US170310703001027,1,0,1,0,0,0,0,1,0,0,1,1,1,1,0,1,0,0
3995,1000000US170310703001028,0,0,0,0,0,0,0,0,0,0,0,0,0,0,0,0,0,0
3996,1000000US170310703001029,69,66,2,0,1,0,0,69,0,0,3,0,36,36,0,87,0,0
3997,1000000US170310703002000,49,40,2,0,0,0,7,42,0,7,9,4,43,38,5,52,0,0
3998,1000000US170310703002001,183,160,0,0,19,1,4,179,0,4,23,4,97,92,5,200,0,0
3999,1000000US170310703002002,128,109,1,0,12,0,5,123,0,5,19,3,82,75,7,145,0,0
4000,1000000US170310703002003,72,64,4,0,2,0,2,70,0,2,8,0,39,39,0,78,0,0
4001,1000000US170310703002004,196,178,3,1,11,0,3,193,0,3,18,3,100,93,7,208,1,0
4002,1000000US170310703002005,40,39,0,0,0,0,1,39,0,1,1,0,25,23,2,46,0,0
4003,1000000US170310703002006,99,83,5,1,6,0,5,94,0,5,16,3,66,55,11,108,1,0
4004,1000000US170310703002007,63,59,2,0,2,0,0,63,0,0,4,0,41,36,5,69,0,0
4005,1000000US170310703002008,72,52,1,0,6,0,15,57,0,15,20,0,37,34,3,72,0,1
4006,1000000US170310703002009,62,52,0,0,0,0,10,52,0,10,10,0,36,33,3,66,0,0
4007,1000000US170310703002010,51,44,3,1,2,0,3,48,0,3,7,0,26,24,2,65,1,1
4008,1000000US170310703002011,104,92,0,1,10,0,1,103,0,1,12,4,66,62,4,115,0,0
4009,1000000US170310703002012,42,37,0,0,5,0,0,42,0,0,5,3,22,22,0,46,0,0
4010,1000000US170310703002013,0,0,0,0,0,0,0,0,0,0,0,0,0,0,0,0,0,0
4011,1000000US170310703002014,0,0,0,0,0,0,0,0,0,0,0,0,0,0,0,0,0,0
4012,1000000US170310703002015,233,177,10,2,28,0,21,212,0,21,56,8,174,164,10,242,1,0
4013,1000000US170310704001000,22,19,0,0,0,0,3,19,0,3,3,0,14,14,0,24,0,0
4014,1000000US170310704001001,26,18,3,0,2,0,5,21,0,5,8,3,15,14,1,27,0,0
4015,1000000US170310704001002,0,0,0,0,0,0,0,0,0,0,0,0,0,0,0,0,0,0
4016,1000000US170310704001003,164,145,0,2,10,0,9,155,0,9,19,3,105,103,2,180,2,0
4017,1000000US170310704001004,55,47,0,1,5,0,2,53,0,2,8,2,34,30,4,59,0,0
4018,1000000US170310704001005,0,0,0,0,0,0,0,0,0,0,0,0,0,0,0,0,0,0
4019,1000000US170310704001006,134,112,3,4,10,0,12,122,0,12,22,4,72,65,7,145,3,0
4020,1000000US170310704001007,97,87,5,0,1,0,8,89,0,8,10,2,54,46,8,104,0,4
4021,1000000US170310704001008,39,35,1,0,2,0,1,38,0,1,4,0,24,24,0,48,0,0
4022,1000000US170310704001009,0,0,0,0,0,0,0,0,0,0,0,0,0,0,0,0,0,0
4023,1000000US170310704001010,13,12,0,0,1,0,0,13,0,0,1,1,6,6,0,13,0,0
4024,1000000US170310704001011,66,60,0,0,3,0,3,63,0,3,6,1,29,28,1,67,0,0
4025,1000000US170310704001012,344,162,83,5,19,2,81,263,0,81,182,10,387,319,68,344,3,4
4026,1000000US170310704001013,0,0,0,0,0,0,0,0,0,0,0,0,1,0,1,0,0,0
4027,1000000US170310704001014,67,63,1,0,2,0,1,66,0,1,4,2,33,32,1,87,0,0
4028,1000000US170310704001015,12,11,0,0,1,0,0,12,0,0,1,0,7,7,0,13,0,0
4029,1000000US170310704001016,0,0,0,0,0,0,0,0,0,0,0,0,0,0,0,0,0,0
4030,1000000US170310704001017,50,46,0,0,3,0,1,49,0,1,4,1,28,28,0,51,0,0
4031,1000000US170310704002000,61,54,0,0,2,1,4,57,0,4,7,1,36,34,2,92,0,0
4032,1000000US170310704002001,51,50,0,0,1,0,0,51,0,0,1,0,28,27,1,73,0,0
4033,1000000US170310704002002,55,52,2,0,1,0,0,55,0,0,3,1,32,31,1,67,0,0
4034,1000000US170310704002003,48,45,0,0,3,0,0,48,0,0,3,0,27,24,3,58,0,0
4035,1000000US170310704002004,28,24,0,0,4,0,0,28,0,0,4,0,17,14,3,30,0,0
4036,1000000US170310704002005,49,43,1,0,2,0,3,46,0,3,6,0,26,25,1,58,0,0
4037,1000000US170310704002006,76,70,0,0,4,0,2,74,0,2,6,1,48,47,1,89,0,0
4038,1000000US170310704002007,24,23,1,0,0,0,0,24,0,0,1,0,12,12,0,25,0,0
4039,1000000US170310704002008,37,33,1,0,1,0,2,35,0,2,4,0,26,20,6,39,0,0
4040,1000000US170310704002009,37,33,1,0,0,0,2,35,0,2,4,1,25,24,1,47,0,0
4041,1000000US170310704002010,18,18,0,0,0,0,0,18,0,0,0,0,9,9,0,25,0,0
4042,1000000US170310704002011,47,42,0,0,3,0,2,45,0,2,5,0,26,25,1,49,0,0
4043,1000000US170310704002012,26,26,0,0,0,0,0,26,0,0,0,0,14,14,0,29,0,0
4044,1000000US170310704002013,32,29,1,0,1,1,0,32,0,0,3,0,16,16,0,34,0,0
4045,1000000US170310704002014,3,2,0,0,1,0,0,3,0,0,1,0,2,2,0,3,0,0
4046,1000000US170310704002015,57,51,1,0,2,0,3,54,0,3,6,0,29,25,4,63,0,0
4047,1000000US170310704002016,47,36,0,0,3,0,8,39,0,8,11,0,21,21,0,53,0,0
4048,1000000US170310704002017,23,20,0,0,0,0,3,20,0,3,3,0,16,15,1,23,0,0
4049,1000000US170310704003000,115,102,0,0,9,0,4,111,0,4,13,0,61,58,3,125,0,0
4050,1000000US170310704003001,41,36,0,0,1,0,4,37,0,4,5,0,21,21,0,49,0,0
4051,1000000US170310704003002,11,11,0,0,0,0,0,11,0,0,0,0,7,6,1,12,0,0
4052,1000000US170310704003003,13,9,2,1,2,0,1,12,0,1,4,2,7,7,0,13,1,0
4053,1000000US170310704003004,65,59,2,0,1,0,3,62,0,3,6,0,38,38,0,77,0,0
4054,1000000US170310704003005,29,17,1,0,11,0,0,29,0,0,12,0,12,12,0,36,0,0
4055,1000000US170310704003006,34,31,0,0,2,0,0,34,0,0,3,0,22,19,3,37,0,0
4056,1000000US170310704003007,78,74,0,1,3,0,0,78,0,0,4,1,49,46,3,92,0,0
4057,1000000US170310704003008,91,79,3,0,5,0,4,87,0,4,12,1,42,40,2,104,0,1
4058,1000000US170310704003009,103,101,0,0,2,0,0,103,0,0,2,0,68,60,8,114,0,0
4059,1000000US170310704003010,88,80,0,0,3,0,5,83,0,5,8,1,54,48,6,106,0,0
4060,1000000US170310704003011,75,69,2,0,3,0,1,74,0,1,6,4,44,42,2,82,0,0
4061,1000000US170310704003012,16,13,0,0,2,0,1,15,0,1,3,0,8,8,0,26,0,0
4062,1000000US170310704003013,82,72,0,1,4,0,4,78,0,4,10,2,48,46,2,92,0,0
4063,1000000US170310705001000,95,90,0,0,3,0,2,93,0,2,5,0,52,51,1,116,0,0
4064,1000000US170310705001001,125,113,3,0,4,0,5,120,0,5,12,2,90,86,4,139,0,0
4065,1000000US170310705001002,54,53,0,0,0,0,1,53,0,1,1,0,38,31,7,60,0,0
4066,1000000US170310705001003,0,0,0,0,0,0,0,0,0,0,0,0,0,0,0,0,0,0
4067,1000000US170310705001004,39,37,2,0,0,0,0,39,0,0,2,0,19,19,0,59,0,0
4068,1000000US170310705001005,56,52,0,0,3,0,1,55,0,1,4,1,35,32,3,64,0,0
4069,1000000US170310705001006,63,54,2,3,2,0,6,57,0,6,9,4,42,36,6,81,2,2
4070,1000000US170310705001007,114,102,1,0,4,0,7,107,0,7,12,0,71,67,4,134,0,0
4071,1000000US170310705001008,142,130,2,0,7,0,4,138,0,4,12,2,83,78,5,165,0,0
4072,1000000US170310705001009,113,108,1,0,4,0,0,113,0,0,5,0,76,73,3,125,0,0
4073,1000000US170310705002000,115,99,0,0,9,0,7,108,0,7,16,3,70,66,4,143,0,0
4074,1000000US170310705002001,3,3,0,0,0,0,0,3,0,0,0,0,3,2,1,7,0,0
4075,1000000US170310705002002,4,4,0,0,0,0,0,4,0,0,0,0,4,3,1,4,0,0
4076,1000000US170310705002003,2,2,0,0,0,0,0,2,0,0,0,0,1,1,0,3,0,0
4077,1000000US170310705002004,108,103,0,0,2,0,4,104,0,4,5,1,58,55,3,119,0,0
4078,1000000US170310705002005,23,20,0,0,1,0,2,21,0,2,3,2,11,11,0,23,0,0
4079,1000000US170310705002006,38,38,0,0,0,0,0,38,0,0,0,0,19,17,2,45,0,0
4080,1000000US170310705002007,8,7,0,0,0,0,1,7,0,1,1,0,4,4,0,16,0,0
4081,1000000US170310705002008,33,32,0,0,1,0,0,33,0,0,1,0,18,18,0,45,0,0
4082,1000000US170310705002009,40,35,3,0,0,0,2,38,0,2,5,0,29,28,1,43,0,0
4083,1000000US170310705002010,518,370,76,3,24,0,46,472,0,46,148,8,227,217,10,556,2,0
4084,1000000US170310705002011,37,35,1,0,0,0,0,37,0,0,2,0,22,22,0,44,0,0
4085,1000000US170310705003000,21,17,0,0,3,0,0,21,0,0,4,0,12,12,0,24,0,0
4086,1000000US170310705003001,18,18,0,0,0,0,0,18,0,0,0,0,14,13,1,21,0,0
4087,1000000US170310705003002,73,72,1,0,0,0,0,73,0,0,1,1,35,33,2,85,0,0
4088,1000000US170310705003003,53,41,1,0,6,0,6,47,0,6,12,2,22,22,0,61,0,0
4089,1000000US170310705003004,105,96,0,0,2,2,7,98,0,7,9,0,49,46,3,120,0,0
4090,1000000US170310705003005,80,68,1,1,2,0,8,72,0,8,12,0,46,43,3,90,1,0
4091,1000000US170310705003006,130,113,6,0,8,0,3,127,0,3,17,2,70,66,4,155,0,0
4092,1000000US170310705003007,71,65,0,0,5,0,1,70,0,1,6,1,45,40,5,76,0,0
4093,1000000US170310705003008,79,66,1,0,8,0,4,75,0,4,13,2,44,43,1,92,0,0
4094,1000000US170310705003009,44,41,0,0,3,0,0,44,0,0,3,0,28,25,3,62,0,0
4095,1000000US170310705003010,108,97,1,0,6,0,4,104,0,4,11,1,82,60,22,130,0,0
4096,1000000US170310705003011,16,9,0,0,2,0,5,11,0,5,7,0,10,9,1,21,0,0
4097,1000000US170310706001000,24,15,4,0,1,0,5,19,0,5,9,1,19,19,0,24,0,1
4098,1000000US170310706001001,34,25,0,0,4,0,5,29,0,5,9,0,21,18,3,50,0,0
4099,1000000US170310706001002,31,31,0,0,0,0,0,31,0,0,0,0,16,16,0,38,0,0
4100,1000000US170310706001003,47,23,0,0,1,0,23,24,0,23,24,0,24,24,0,54,0,0
4101,1000000US170310706001004,113,88,0,1,14,0,11,102,0,11,25,4,66,63,3,139,1,0
4102,1000000US170310706001005,102,85,2,0,3,0,12,90,0,12,17,0,50,49,1,139,0,0
4103,1000000US170310706001006,127,112,2,0,8,0,5,122,0,5,15,3,78,74,4,174,0,0
4104,1000000US170310706001007,551,501,6,1,26,2,17,534,0,17,50,3,354,331,23,731,0,0
4105,1000000US170310706001008,4,4,0,0,0,0,0,4,0,0,0,0,3,3,0,5,0,0
4106,1000000US170310706001009,32,32,0,0,0,0,0,32,0,0,0,0,19,19,0,44,0,0
4107,1000000US170310706001010,26,20,0,0,3,0,3,23,0,3,6,0,9,9,0,37,0,0
4108,1000000US170310706001011,45,40,0,0,0,0,5,40,0,5,5,0,28,27,1,63,0,0
4109,1000000US170310706001012,20,10,1,0,1,0,9,11,0,9,10,0,12,10,2,29,0,1
4110,1000000US170310706001013,114,105,1,0,2,0,4,110,0,4,9,0,66,66,0,145,0,0
4111,1000000US170310706001014,58,44,3,0,1,0,11,47,0,11,14,2,34,31,3,63,0,1
4112,1000000US170310706002000,25,18,2,0,4,0,1,24,0,1,7,2,15,13,2,26,0,0
4113,1000000US170310706002001,101,84,5,1,9,0,3,98,0,3,17,8,63,53,10,106,1,0
4114,1000000US170310706002002,48,43,3,1,1,0,3,45,0,3,5,2,32,32,0,52,0,2
4115,1000000US170310706002003,32,29,0,0,3,0,0,32,0,0,3,0,17,17,0,50,0,0
4116,1000000US170310706002004,43,37,0,0,5,0,1,42,0,1,6,0,24,23,1,56,0,0
4117,1000000US170310706002005,73,64,0,0,6,0,3,70,0,3,9,1,52,50,2,81,0,0
4118,1000000US170310706002006,7,7,0,0,0,0,0,7,0,0,0,0,4,4,0,16,0,0
4119,1000000US170310706002007,25,24,0,0,1,0,0,25,0,0,1,0,13,12,1,42,0,0
4120,1000000US170310706002008,23,23,0,0,0,0,0,23,0,0,0,0,13,12,1,31,0,0
4121,1000000US170310706002009,56,49,1,0,5,0,1,55,0,1,7,0,33,31,2,60,0,0
4122,1000000US170310706002010,121,112,1,0,5,0,4,117,0,4,9,3,64,62,2,128,0,0
4123,1000000US170310706002011,50,46,0,1,2,0,1,49,0,1,4,1,29,29,0,69,0,0
4124,1000000US170310706002012,24,23,0,1,0,0,1,23,0,1,1,1,13,13,0,33,0,0
4125,1000000US170310706002013,67,59,2,0,3,0,3,64,0,3,8,1,37,35,2,76,0,0
4126,1000000US170310706002014,20,19,1,0,0,0,0,20,0,0,1,1,9,9,0,31,0,0
4127,1000000US170310706002015,17,14,0,1,1,0,1,16,0,1,3,2,11,10,1,32,0,0
4128,1000000US170310706002016,40,17,1,5,7,0,16,24,0,16,23,2,26,16,10,56,4,0
4129,1000000US170310706002017,0,0,0,0,0,0,0,0,0,0,0,0,0,0,0,0,0,0
4130,1000000US170310706002018,58,50,1,0,5,1,0,58,0,0,8,1,37,35,2,69,0,0
4131,1000000US170310706002019,21,19,0,0,0,0,2,19,0,2,2,0,13,10,3,21,0,0
4132,1000000US170310706002020,24,18,0,0,4,0,2,22,0,2,6,0,13,13,0,26,0,0
4133,1000000US170310706002021,10,9,0,0,1,0,0,10,0,0,1,1,6,6,0,11,0,0
4134,1000000US170310706002022,39,37,0,0,2,0,0,39,0,0,2,0,23,21,2,42,0,0
4135,1000000US170310706002023,49,34,0,0,4,0,11,38,0,11,15,0,31,28,3,56,0,0
4136,1000000US170310706002024,62,55,1,0,1,0,4,58,0,4,7,1,37,34,3,76,0,0
4137,1000000US170310707001000,151,123,3,1,8,0,17,134,0,17,28,1,93,88,5,179,0,0
4138,1000000US170310707001001,0,0,0,0,0,0,0,0,0,0,0,0,0,0,0,0,0,0
4139,1000000US170310707001002,89,57,4,1,12,0,15,74,0,15,32,1,54,47,7,104,1,0
4140,1000000US170310707001003,75,64,6,0,3,0,3,72,0,3,11,1,41,38,3,86,0,1
4141,1000000US170310707001004,199,160,6,1,24,0,9,190,0,9,39,2,102,98,4,331,0,0
4142,1000000US170310707001005,522,460,3,1,43,0,16,506,0,16,62,5,332,320,12,646,1,0
4143,1000000US170310707001006,48,42,2,0,4,0,1,47,0,1,6,0,25,25,0,78,0,1
4144,1000000US170310707001007,144,123,1,1,3,0,17,127,0,17,21,1,89,77,12,182,0,0
4145,1000000US170310707001008,110,84,8,0,2,0,16,94,0,16,26,0,60,55,5,133,0,0
4146,1000000US170310707001009,39,30,1,2,3,0,5,34,0,5,9,2,23,21,2,48,1,1
4147,1000000US170310707001010,2,2,0,0,0,0,0,2,0,0,0,0,1,1,0,2,0,0
4148,1000000US170310707001011,55,47,0,0,5,0,3,52,0,3,8,0,33,31,2,74,0,0
4149,1000000US170310707001012,22,21,0,0,1,0,0,22,0,0,1,0,13,13,0,31,0,0
4150,1000000US170310707001013,85,55,1,0,2,0,27,58,0,27,30,3,52,43,9,110,0,0
4151,1000000US170310707001014,104,78,7,1,19,0,1,103,0,1,26,1,56,55,1,145,1,1
4152,1000000US170310707001015,136,112,2,0,15,0,6,130,0,6,24,2,73,71,2,159,0,0
4153,1000000US170310707001016,75,61,3,0,8,0,3,72,0,3,14,0,38,37,1,84,0,0
4154,1000000US170310707001017,0,0,0,0,0,0,0,0,0,0,0,0,0,0,0,0,0,0
4155,1000000US170310707001018,3,3,0,0,0,0,0,3,0,0,0,0,3,1,2,3,0,0
4156,1000000US170310707002000,0,0,0,0,0,0,0,0,0,0,0,0,0,0,0,0,0,0
4157,1000000US170310707002001,70,4,40,0,0,0,27,43,0,27,66,1,96,35,61,117,0,1
4158,1000000US170310707002002,179,23,64,4,3,0,94,85,0,94,156,4,429,154,275,197,3,5
4159,1000000US170310707002003,0,0,0,0,0,0,0,0,0,0,0,0,0,0,0,0,0,0
4160,1000000US170310707002004,0,0,0,0,0,0,0,0,0,0,0,0,0,0,0,0,0,0
4161,1000000US170310707002005,83,71,2,1,2,0,8,75,0,8,12,3,61,60,1,85,0,0
4162,1000000US170310707002006,0,0,0,0,0,0,0,0,0,0,0,0,0,0,0,0,0,0
4163,1000000US170310707002007,111,93,0,1,11,0,6,105,0,6,18,1,72,69,3,134,1,0
4164,1000000US170310707002008,14,13,0,0,1,0,0,14,0,0,1,0,10,9,1,14,0,0
4165,1000000US170310707002009,158,112,16,4,17,0,13,145,0,13,46,6,92,86,6,174,4,1
4166,1000000US170310707002010,27,22,1,0,3,0,1,26,0,1,5,1,20,15,5,36,0,0
4167,1000000US170310707002011,54,46,0,0,4,0,4,50,0,4,8,0,35,34,1,76,0,0
4168,1000000US170310707002012,99,87,2,0,5,0,5,94,0,5,12,0,88,62,26,111,0,0
4169,1000000US170310707002013,83,70,0,2,5,0,6,77,0,6,13,0,47,40,7,86,2,0
4170,1000000US170310707002014,54,38,4,0,4,0,8,46,0,8,16,1,39,30,9,56,0,0
4171,1000000US170310707002015,0,0,0,0,0,0,0,0,0,0,0,0,0,0,0,0,0,0
4172,1000000US170310710001000,397,295,44,3,29,2,31,366,0,31,102,19,15,15,0,397,3,3
4173,1000000US170310710001001,14,10,2,0,1,0,1,13,0,1,4,0,0,0,0,14,0,0
4174,1000000US170310710001002,316,251,22,2,18,1,24,292,0,24,65,8,3,3,0,316,1,0
4175,1000000US170310710001003,933,716,81,6,45,1,90,843,0,90,217,27,2,2,0,938,2,5
4176,1000000US170310710001004,0,0,0,0,0,0,0,0,0,0,0,0,0,0,0,0,0,0
4177,1000000US170310710001005,2,2,0,0,0,0,0,2,0,0,0,0,1,1,0,2,0,0
4178,1000000US170310710001006,109,77,13,0,6,0,13,96,0,13,32,2,0,0,0,109,0,1
4179,1000000US170310710001007,173,122,13,0,25,0,15,158,0,15,51,12,70,69,1,175,0,1
4180,1000000US170310710001008,91,67,4,0,13,1,6,85,0,6,24,2,19,18,1,91,0,0
4181,1000000US170310710001009,81,33,26,3,6,1,15,66,0,15,48,3,1,1,0,82,2,0
4182,1000000US170310710001010,64,57,5,0,1,0,1,63,0,1,7,0,33,31,2,77,0,0
4183,1000000US170310710001011,44,42,0,0,0,0,2,42,0,2,2,2,28,24,4,52,0,0
4184,1000000US170310710001012,100,92,0,1,3,0,2,98,0,2,8,1,60,59,1,109,0,0
4185,1000000US170310710001013,0,0,0,0,0,0,0,0,0,0,0,0,0,0,0,0,0,0
4186,1000000US170310710001014,39,37,0,0,2,0,0,39,0,0,2,0,19,18,1,51,0,0
4187,1000000US170310710001015,47,46,0,0,0,0,1,46,0,1,1,0,26,26,0,63,0,0
4188,1000000US170310710001016,86,76,0,0,8,0,2,84,0,2,10,0,36,31,5,89,0,0
4189,1000000US170310710001017,65,60,0,0,4,0,1,64,0,1,5,0,29,29,0,75,0,0
4190,1000000US170310710002000,56,46,0,0,6,0,4,52,0,4,10,1,28,26,2,60,0,0
4191,1000000US170310710002001,66,62,1,0,0,0,3,63,0,3,4,0,33,32,1,68,0,0
4192,1000000US170310710002002,50,43,0,0,6,0,1,49,0,1,7,0,28,28,0,54,0,0
4193,1000000US170310710002003,81,58,8,1,10,0,5,76,0,5,23,3,47,38,9,83,0,2
4194,1000000US170310710002004,39,36,1,0,2,0,0,39,0,0,3,0,26,21,5,48,0,0
4195,1000000US170310710002005,90,82,1,0,5,0,2,88,0,2,8,1,63,58,5,99,0,0
4196,1000000US170310710002006,80,75,0,0,3,0,2,78,0,2,5,1,51,47,4,95,0,0
4197,1000000US170310710002007,54,52,0,0,1,0,1,53,0,1,2,0,30,28,2,68,0,0
4198,1000000US170310710002008,49,38,0,0,5,0,6,43,0,6,11,1,34,29,5,62,0,0
4199,1000000US170310710002009,135,113,0,1,7,0,14,121,0,14,22,2,64,61,3,143,0,0
4200,1000000US170310710002010,79,70,2,0,1,0,5,74,0,5,9,2,44,40,4,82,0,0
4201,1000000US170310710002011,52,51,0,0,1,0,0,52,0,0,1,0,29,28,1,69,0,0
4202,1000000US170310710002012,66,64,0,0,0,0,2,64,0,2,2,0,37,36,1,81,0,0
4203,1000000US170310710002013,43,38,2,0,1,0,3,40,0,3,5,0,23,23,0,52,0,1
4204,1000000US170310710002014,43,40,1,0,0,0,2,41,0,2,3,0,30,23,7,54,0,0
4205,1000000US170310710002015,83,70,1,0,6,0,6,77,0,6,13,2,42,42,0,88,0,0
4206,1000000US170310710002016,75,71,0,0,1,0,3,72,0,3,4,0,37,37,0,84,0,0
4207,1000000US170310710002017,48,36,3,0,5,0,3,45,0,3,12,0,26,25,1,58,0,0
4208,1000000US170310710002018,48,42,0,0,4,0,2,46,0,2,6,0,28,28,0,55,0,0
4209,1000000US170310710002019,76,68,1,0,3,0,5,71,0,5,8,1,54,45,9,89,0,0
4210,1000000US170310710002020,68,63,1,0,1,0,3,65,0,3,5,0,42,41,1,73,0,0
4211,1000000US170310710002021,72,64,2,1,4,0,2,70,0,2,8,2,51,38,13,77,0,1
4212,1000000US170310710002022,62,61,0,0,0,0,1,61,0,1,1,0,37,35,2,77,0,0
4213,1000000US170310710002023,75,69,1,0,1,0,4,71,0,4,6,0,40,37,3,83,0,0
4214,1000000US170310711001000,22,18,4,0,0,0,0,22,0,0,4,1,10,10,0,22,0,0
4215,1000000US170310711001001,19,18,0,0,0,0,1,18,0,1,1,0,10,10,0,22,0,0
4216,1000000US170310711001002,21,20,0,0,1,0,0,21,0,0,1,0,11,10,1,29,0,0
4217,1000000US170310711001003,404,282,40,5,35,0,45,359,0,45,122,4,18,18,0,408,5,2
4218,1000000US170310711001004,23,22,1,0,0,0,0,23,0,0,1,0,12,12,0,29,0,0
4219,1000000US170310711001005,0,0,0,0,0,0,0,0,0,0,0,0,0,0,0,0,0,0
4220,1000000US170310711001006,96,78,4,1,5,0,8,88,0,8,18,2,48,43,5,105,1,0
4221,1000000US170310711001007,10,10,0,0,0,0,0,10,0,0,0,0,5,5,0,13,0,0
4222,1000000US170310711001008,34,32,0,0,1,0,1,33,0,1,2,0,22,20,2,39,0,0
4223,1000000US170310711001009,21,18,1,0,1,0,1,20,0,1,3,1,13,13,0,27,0,0
4224,1000000US170310711001010,32,31,0,0,1,0,0,32,0,0,1,0,20,18,2,37,0,0
4225,1000000US170310711001011,24,21,0,0,2,0,1,23,0,1,3,0,16,15,1,32,0,0
4226,1000000US170310711001012,24,23,0,0,0,0,1,23,0,1,1,0,14,14,0,29,0,0
4227,1000000US170310711001013,44,41,1,0,0,0,2,42,0,2,3,1,20,20,0,48,0,0
4228,1000000US170310711001014,59,49,1,0,6,0,4,55,0,4,10,0,51,49,2,63,0,0
4229,1000000US170310711001015,30,19,0,0,10,0,1,29,0,1,11,1,17,16,1,31,0,0
4230,1000000US170310711001016,132,112,7,0,6,1,6,126,0,6,20,1,66,62,4,136,0,0
4231,1000000US170310711001017,79,70,1,0,7,0,1,78,0,1,9,0,52,51,1,94,0,0
4232,1000000US170310711001018,39,36,0,0,0,0,3,36,0,3,3,0,21,20,1,53,0,0
4233,1000000US170310711001019,46,43,0,0,1,0,2,44,0,2,3,0,23,21,2,59,0,0
4234,1000000US170310711001020,70,64,1,0,5,0,0,70,0,0,6,0,34,33,1,79,0,0
4235,1000000US170310711001021,67,63,0,0,2,0,2,65,0,2,4,0,40,36,4,83,0,0
4236,1000000US170310711001022,69,62,1,1,1,0,4,65,0,4,7,0,45,40,5,83,1,0
4237,1000000US170310711001023,68,61,0,0,4,0,3,65,0,3,7,0,43,41,2,68,0,0
4238,1000000US170310711001024,7,7,0,0,0,0,0,7,0,0,0,0,4,4,0,7,0,0
4239,1000000US170310711001025,47,42,0,0,2,0,2,45,0,2,5,1,27,25,2,47,0,0
4240,1000000US170310711002000,111,68,22,1,6,0,15,96,0,15,43,8,2,2,0,111,1,0
4241,1000000US170310711002001,42,31,3,0,0,0,9,33,0,9,11,1,27,24,3,46,0,1
4242,1000000US170310711002002,40,37,1,0,2,0,0,40,0,0,3,0,21,19,2,40,0,0
4243,1000000US170310711002003,0,0,0,0,0,0,0,0,0,0,0,0,0,0,0,0,0,0
4244,1000000US170310711002004,67,57,0,1,2,0,7,60,0,7,10,2,30,28,2,67,0,0
4245,1000000US170310711002005,90,76,0,0,5,0,6,84,0,6,14,1,64,64,0,94,0,0
4246,1000000US170310711002006,32,32,0,0,0,0,0,32,0,0,0,0,19,19,0,35,0,0
4247,1000000US170310711002007,55,45,6,0,1,0,4,51,0,4,10,3,25,25,0,61,0,1
4248,1000000US170310711002008,15,9,1,0,3,0,2,13,0,2,6,0,13,11,2,15,0,0
4249,1000000US170310711002009,31,28,0,0,3,0,0,31,0,0,3,0,27,23,4,32,0,0
4250,1000000US170310711002010,38,29,1,1,4,0,4,34,0,4,9,0,22,20,2,43,1,0
4251,1000000US170310711002011,56,49,0,0,2,0,3,53,0,3,7,0,33,29,4,64,0,0
4252,1000000US170310711002012,129,116,1,1,2,0,10,119,0,10,13,2,66,64,2,142,0,0
4253,1000000US170310711002013,134,115,4,1,9,0,6,128,0,6,19,6,71,61,10,135,1,0
4254,1000000US170310711002014,87,79,3,0,2,0,3,84,0,3,8,0,48,41,7,89,0,0
4255,1000000US170310711002015,53,50,0,1,2,0,0,53,0,0,3,0,32,30,2,73,1,0
4256,1000000US170310711002016,70,61,3,0,4,0,2,68,0,2,9,2,43,34,9,88,0,0
4257,1000000US170310711002017,36,35,0,0,0,0,0,36,0,0,1,0,22,19,3,41,0,0
4258,1000000US170310711002018,48,46,0,0,1,0,1,47,0,1,2,0,25,25,0,51,0,0
4259,1000000US170310711002019,35,33,0,0,2,0,0,35,0,0,2,1,24,22,2,37,0,0
4260,1000000US170310711002020,37,32,0,0,1,0,4,33,0,4,5,0,18,17,1,37,0,0
4261,1000000US170310712001000,83,75,2,0,3,0,3,80,0,3,8,1,45,42,3,100,0,0
4262,1000000US170310712001001,15,13,0,0,1,0,1,14,0,1,2,0,8,8,0,23,0,0
4263,1000000US170310712001002,0,0,0,0,0,0,0,0,0,0,0,0,0,0,0,0,0,0
4264,1000000US170310712001003,0,0,0,0,0,0,0,0,0,0,0,0,0,0,0,0,0,0
4265,1000000US170310712001004,39,36,1,0,1,0,1,38,0,1,3,1,29,21,8,40,0,0
4266,1000000US170310712001005,68,61,3,0,2,0,2,66,0,2,7,0,32,32,0,73,0,0
4267,1000000US170310712001006,0,0,0,0,0,0,0,0,0,0,0,0,0,0,0,0,0,0
4268,1000000US170310712001007,77,65,0,0,5,0,7,70,0,7,12,1,49,47,2,90,0,0
4269,1000000US170310712001008,0,0,0,0,0,0,0,0,0,0,0,0,0,0,0,0,0,0
4270,1000000US170310712001009,16,14,0,0,2,0,0,16,0,0,2,0,9,8,1,23,0,0
4271,1000000US170310712001010,24,21,0,0,0,0,3,21,0,3,3,0,11,11,0,26,0,0
4272,1000000US170310712001011,115,100,0,0,9,0,5,110,0,5,15,2,65,61,4,136,0,0
4273,1000000US170310712001012,28,27,0,0,1,0,0,28,0,0,1,0,18,15,3,37,0,0
4274,1000000US170310712001013,95,88,0,0,1,0,6,89,0,6,7,0,60,58,2,100,0,0
4275,1000000US170310712001014,154,139,0,0,6,0,9,145,0,9,15,0,107,98,9,171,0,0
4276,1000000US170310712001015,25,21,2,0,2,0,0,25,0,0,4,0,14,14,0,30,0,0
4277,1000000US170310712001016,51,49,0,0,0,0,2,49,0,2,2,0,34,30,4,55,0,0
4278,1000000US170310712002000,94,74,0,0,13,0,7,87,0,7,20,2,68,62,6,112,0,0
4279,1000000US170310712002001,78,73,1,0,2,0,2,76,0,2,5,1,49,48,1,91,0,0
4280,1000000US170310712002002,91,78,0,0,8,0,6,85,0,6,13,2,59,55,4,117,0,0
4281,1000000US170310712002003,93,86,1,0,3,1,3,90,0,3,7,2,62,59,3,95,0,0
4282,1000000US170310712002004,131,61,47,0,9,0,18,113,0,18,70,7,130,123,7,131,0,1
4283,1000000US170310712002005,68,55,0,0,5,0,8,60,0,8,13,1,45,44,1,70,0,0
4284,1000000US170310712002006,96,84,1,1,3,1,6,90,0,6,12,1,60,56,4,118,1,0
4285,1000000US170310712002007,0,0,0,0,0,0,0,0,0,0,0,0,0,0,0,0,0,0
4286,1000000US170310712002008,60,51,5,0,2,0,2,58,0,2,9,0,34,32,2,74,0,0
4287,1000000US170310712002009,0,0,0,0,0,0,0,0,0,0,0,0,0,0,0,0,0,0
4288,1000000US170310712002010,87,78,0,0,4,0,5,82,0,5,9,0,61,59,2,100,0,0
4289,1000000US170310712002011,71,62,0,1,7,0,1,70,0,1,9,2,42,42,0,94,0,0
4290,1000000US170310713001000,314,277,2,2,17,0,17,297,0,17,37,8,203,191,12,345,1,0
4291,1000000US170310713001001,139,107,8,0,12,0,9,130,0,9,32,0,107,103,4,145,0,0
4292,1000000US170310713001002,43,36,0,0,7,0,1,42,0,1,7,0,22,18,4,43,0,0
4293,1000000US170310713001003,74,68,3,0,2,0,1,73,0,1,6,0,50,47,3,79,0,0
4294,1000000US170310713001004,97,73,0,0,19,0,5,92,0,5,24,1,50,50,0,134,0,0
4295,1000000US170310713001005,49,43,1,0,3,0,2,47,0,2,6,0,26,25,1,61,0,0
4296,1000000US170310713001006,72,58,0,0,8,0,6,66,0,6,14,0,52,48,4,74,0,0
4297,1000000US170310713001007,42,37,0,0,3,0,2,40,0,2,5,0,22,20,2,66,0,0
4298,1000000US170310713001008,71,65,0,0,4,0,2,69,0,2,6,0,41,39,2,88,0,0
4299,1000000US170310713001009,13,13,0,0,0,0,0,13,0,0,0,0,11,7,4,18,0,0
4300,1000000US170310713001010,59,54,2,0,1,0,2,57,0,2,5,1,38,32,6,86,0,0
4301,1000000US170310713001011,86,79,0,0,4,0,3,83,0,3,7,2,61,55,6,99,0,0
4302,1000000US170310713001012,147,142,0,2,1,0,1,146,0,1,5,2,94,87,7,192,0,0
4303,1000000US170310713001013,80,69,2,1,4,0,2,78,0,2,11,1,58,53,5,93,1,0
4304,1000000US170310713001014,175,157,6,0,9,0,4,171,0,4,18,3,109,103,6,207,0,0
4305,1000000US170310713002000,533,461,11,1,40,0,20,513,0,20,72,9,390,371,19,580,0,0
4306,1000000US170310713002001,67,61,2,0,3,0,1,66,0,1,6,1,43,41,2,77,0,0
4307,1000000US170310713002002,171,140,5,1,16,0,9,162,0,9,31,2,140,139,1,173,0,0
4308,1000000US170310713002003,71,62,2,0,5,0,1,70,0,1,9,0,59,53,6,82,0,0
4309,1000000US170310713002004,38,36,0,0,0,0,2,36,0,2,2,0,23,23,0,54,0,0
4310,1000000US170310713002005,4,3,0,0,1,0,0,4,0,0,1,0,2,2,0,5,0,0
4311,1000000US170310713002006,36,33,0,0,3,0,0,36,0,0,3,0,21,20,1,51,0,0
4312,1000000US170310713002007,37,34,1,0,2,0,0,37,0,0,3,1,29,26,3,40,0,0
4313,1000000US170310713002008,0,0,0,0,0,0,0,0,0,0,0,0,0,0,0,0,0,0
4314,1000000US170310713002009,121,102,3,0,8,0,7,114,0,7,19,2,79,78,1,125,0,1
4315,1000000US170310713002010,25,24,0,0,1,0,0,25,0,0,1,0,18,15,3,35,0,0
4316,1000000US170310713002011,54,43,0,3,4,0,7,47,0,7,11,5,33,29,4,78,0,0
4317,1000000US170310713002012,72,70,0,0,2,0,0,72,0,0,2,0,42,40,2,88,0,0
4318,1000000US170310713002013,79,69,3,0,4,0,3,76,0,3,10,0,46,42,4,95,0,0
4319,1000000US170310713002014,99,93,0,2,4,0,0,99,0,0,6,2,67,64,3,110,0,0
4320,1000000US170310713002015,160,152,2,0,5,0,1,159,0,1,8,0,109,104,5,190,0,0
4321,1000000US170310714001000,91,81,0,0,7,0,3,88,0,3,10,0,60,58,2,109,0,0
4322,1000000US170310714001001,187,115,37,1,14,1,20,167,0,20,72,9,144,136,8,197,0,1
4323,1000000US170310714001002,82,66,3,0,7,0,5,77,0,5,16,1,67,65,2,89,0,0
4324,1000000US170310714001003,63,52,4,1,2,0,3,60,0,3,11,1,43,42,1,70,1,0
4325,1000000US170310714001004,320,270,7,1,20,0,22,298,0,22,50,1,246,228,18,344,1,0
4326,1000000US170310714001005,0,0,0,0,0,0,0,0,0,0,0,0,0,0,0,0,0,0
4327,1000000US170310714002000,0,0,0,0,0,0,0,0,0,0,0,0,0,0,0,0,0,0
4328,1000000US170310714002001,0,0,0,0,0,0,0,0,0,0,0,0,0,0,0,0,0,0
4329,1000000US170310714002002,0,0,0,0,0,0,0,0,0,0,0,0,0,0,0,0,0,0
4330,1000000US170310714002003,0,0,0,0,0,0,0,0,0,0,0,0,0,0,0,0,0,0
4331,1000000US170310714002004,202,182,5,2,9,3,6,196,0,6,20,4,194,156,38,215,0,0
4332,1000000US170310714002005,682,539,63,5,42,2,34,648,0,34,143,16,539,491,48,751,2,3
4333,1000000US170310714002006,0,0,0,0,0,0,0,0,0,0,0,0,0,0,0,0,0,0
4334,1000000US170310714002007,0,0,0,0,0,0,0,0,0,0,0,0,0,0,0,0,0,0
4335,1000000US170310714002008,0,0,0,0,0,0,0,0,0,0,0,0,0,0,0,0,0,0
4336,1000000US170310714002009,0,0,0,0,0,0,0,0,0,0,0,0,1,0,1,0,0,0
4337,1000000US170310714002010,706,562,80,2,37,1,24,682,0,24,144,8,423,374,49,733,1,0
4338,1000000US170310714002011,0,0,0,0,0,0,0,0,0,0,0,0,0,0,0,0,0,0
4339,1000000US170310714003000,390,333,18,1,15,0,25,365,0,25,57,3,353,300,53,418,0,2
4340,1000000US170310714003001,217,198,4,1,12,1,5,212,0,5,19,3,172,157,15,244,0,1
4341,1000000US170310714003002,764,656,15,3,58,2,31,733,0,31,108,10,625,558,67,805,0,0
4342,1000000US170310714003003,0,0,0,0,0,0,0,0,0,0,0,0,0,0,0,0,0,0
4343,1000000US170310714004000,0,0,0,0,0,0,0,0,0,0,0,0,0,0,0,0,0,0
4344,1000000US170310714004001,52,52,0,0,0,0,0,52,0,0,0,0,26,26,0,74,0,0
4345,1000000US170310714004002,77,69,2,0,5,1,1,76,0,1,8,2,51,44,7,91,0,0
4346,1000000US170310714004003,373,295,19,2,51,0,4,369,0,4,78,11,307,263,44,397,1,0
4347,1000000US170310714004004,31,22,2,0,5,0,2,29,0,2,9,1,28,26,2,33,0,0
4348,1000000US170310715001000,58,54,0,0,1,0,3,55,0,3,4,0,44,41,3,59,0,0
4349,1000000US170310715001001,69,61,0,0,3,1,3,66,0,3,8,0,49,45,4,78,0,0
4350,1000000US170310715001002,96,89,1,2,4,0,1,95,0,1,7,2,72,57,15,112,0,0
4351,1000000US170310715001003,48,44,1,0,1,0,2,46,0,2,4,0,30,30,0,59,0,0
4352,1000000US170310715001004,20,16,0,1,2,0,1,19,0,1,4,1,12,12,0,24,0,0
4353,1000000US170310715001005,93,87,0,0,6,0,0,93,0,0,6,2,65,61,4,110,0,0
4354,1000000US170310715001006,44,31,0,0,8,0,5,39,0,5,13,0,25,25,0,46,0,0
4355,1000000US170310715001007,560,506,12,0,23,1,18,542,0,18,54,3,493,452,41,583,0,0
4356,1000000US170310715001008,22,19,1,0,1,0,1,21,0,1,3,0,12,12,0,29,0,0
4357,1000000US170310715001009,0,0,0,0,0,0,0,0,0,0,0,0,0,0,0,0,0,0
4358,1000000US170310715001010,0,0,0,0,0,0,0,0,0,0,0,0,0,0,0,0,0,0
4359,1000000US170310715002000,1028,930,17,3,52,0,27,1001,0,27,98,12,915,796,119,1088,2,0
4360,1000000US170310715002001,0,0,0,0,0,0,0,0,0,0,0,0,0,0,0,0,0,0
4361,1000000US170310715003000,0,0,0,0,0,0,0,0,0,0,0,0,0,0,0,0,0,0
4362,1000000US170310715003001,0,0,0,0,0,0,0,0,0,0,0,0,0,0,0,0,0,0
4363,1000000US170310715003002,0,0,0,0,0,0,0,0,0,0,0,0,0,0,0,0,0,0
4364,1000000US170310715003003,0,0,0,0,0,0,0,0,0,0,0,0,0,0,0,0,0,0
4365,1000000US170310715003004,0,0,0,0,0,0,0,0,0,0,0,0,0,0,0,0,0,0
4366,1000000US170310715003005,0,0,0,0,0,0,0,0,0,0,0,0,0,0,0,0,0,0
4367,1000000US170310715003006,0,0,0,0,0,0,0,0,0,0,0,0,0,0,0,0,0,0
4368,1000000US170310715003007,0,0,0,0,0,0,0,0,0,0,0,0,0,0,0,0,0,0
4369,1000000US170310715003008,0,0,0,0,0,0,0,0,0,0,0,0,0,0,0,0,0,0
4370,1000000US170310715003009,0,0,0,0,0,0,0,0,0,0,0,0,0,0,0,0,0,0
4371,1000000US170310715003010,0,0,0,0,0,0,0,0,0,0,0,0,0,0,0,0,0,0
4372,1000000US170310715003011,784,678,20,8,39,6,38,746,0,38,106,16,629,585,44,838,2,3
4373,1000000US170310715003012,2,2,0,0,0,0,0,2,0,0,0,0,3,2,1,2,0,0
4374,1000000US170310715003013,0,0,0,0,0,0,0,0,0,0,0,0,0,0,0,0,0,0
4375,1000000US170310715003014,11,7,0,0,2,0,2,9,0,2,4,0,6,6,0,11,0,0
4376,1000000US170310715003015,15,12,0,0,2,0,1,14,0,1,3,0,10,10,0,16,0,0
4377,1000000US170310715003016,130,104,8,1,12,1,9,121,0,9,26,5,109,99,10,140,0,1
4378,1000000US170310715003017,141,109,6,0,18,0,8,133,0,8,32,4,117,102,15,144,0,0
4379,1000000US170310715003018,0,0,0,0,0,0,0,0,0,0,0,0,0,0,0,0,0,0
4380,1000000US170310715003019,0,0,0,0,0,0,0,0,0,0,0,0,0,0,0,0,0,0
4381,1000000US170310715003020,0,0,0,0,0,0,0,0,0,0,0,0,0,0,0,0,0,0
4382,1000000US170310715003021,0,0,0,0,0,0,0,0,0,0,0,0,0,0,0,0,0,0
4383,1000000US170310715003022,0,0,0,0,0,0,0,0,0,0,0,0,0,0,0,0,0,0
4384,1000000US170310715003023,75,63,3,2,1,0,7,68,0,7,12,2,48,45,3,88,0,0
4385,1000000US170310715003024,44,38,1,0,4,0,1,43,0,1,6,2,37,36,1,47,0,0
4386,1000000US170310715004000,40,40,0,0,0,0,0,40,0,0,0,0,23,21,2,46,0,0
4387,1000000US170310715004001,36,33,0,0,3,0,0,36,0,0,3,0,20,19,1,44,0,0
4388,1000000US170310715004002,84,76,0,1,3,0,4,80,0,4,8,2,63,55,8,99,0,0
4389,1000000US170310715004003,33,33,0,0,0,0,0,33,0,0,0,0,17,16,1,40,0,0
4390,1000000US170310715004004,74,70,0,0,2,0,2,72,0,2,4,2,68,57,11,85,0,0
4391,1000000US170310715004005,34,32,1,0,0,0,1,33,0,1,2,0,22,19,3,40,0,0
4392,1000000US170310715004006,85,80,1,0,4,0,0,85,0,0,5,0,51,48,3,109,0,0
4393,1000000US170310715004007,108,97,1,1,2,0,8,100,0,8,11,1,90,73,17,115,1,0
4394,1000000US170310715004008,5,4,0,0,1,0,0,5,0,0,1,0,6,4,2,5,0,0
4395,1000000US170310715004009,78,68,7,0,0,0,3,75,0,3,10,0,57,53,4,93,0,0
4396,1000000US170310715004010,36,35,0,0,0,0,1,35,0,1,1,0,30,27,3,38,0,0
4397,1000000US170310715004011,65,60,2,1,2,0,0,65,0,0,5,1,47,42,5,80,1,0
4398,1000000US170310715004012,5,5,0,0,0,0,0,5,0,0,0,0,3,3,0,8,0,0
4399,1000000US170310715004013,171,13,153,1,2,0,9,162,0,9,158,5,124,119,5,221,1,6
4400,1000000US170310715004014,0,0,0,0,0,0,0,0,0,0,0,0,0,0,0,0,0,0
4401,1000000US170310715005000,0,0,0,0,0,0,0,0,0,0,0,0,0,0,0,0,0,0
4402,1000000US170310715005001,5,4,0,0,0,0,1,4,0,1,1,0,4,4,0,5,0,0
4403,1000000US170310715005002,553,504,2,0,35,0,12,541,0,12,49,2,485,447,38,569,0,0
4404,1000000US170310715005003,54,49,0,0,3,0,2,52,0,2,5,1,39,34,5,55,0,0
4405,1000000US170310715005004,0,0,0,0,0,0,0,0,0,0,0,0,0,0,0,0,0,0
4406,1000000US170310715005005,0,0,0,0,0,0,0,0,0,0,0,0,0,0,0,0,0,0
4407,1000000US170310715006000,347,308,2,0,24,0,14,333,0,14,39,3,290,271,19,370,0,0
4408,1000000US170310715006001,27,27,0,0,0,0,0,27,0,0,0,0,20,17,3,30,0,0
4409,1000000US170310715006002,95,83,4,0,1,1,7,88,0,7,12,2,71,61,10,105,0,0
4410,1000000US170310715006003,7,7,0,0,0,0,0,7,0,0,0,0,4,4,0,9,0,0
4411,1000000US170310715006004,76,63,2,0,5,1,7,69,0,7,13,1,73,60,13,86,0,1
4412,1000000US170310715006005,36,34,1,0,0,1,0,36,0,0,2,0,26,26,0,42,0,0
4413,1000000US170310716001000,52,47,1,0,1,0,4,48,0,4,5,1,30,29,1,64,0,1
4414,1000000US170310716001001,129,119,4,0,4,0,2,127,0,2,10,1,74,70,4,174,0,0
4415,1000000US170310716001002,83,70,2,0,7,1,4,79,0,4,13,0,51,44,7,112,0,0
4416,1000000US170310716001003,89,77,2,1,6,0,3,86,0,3,12,1,56,52,4,103,0,0
4417,1000000US170310716001004,128,119,3,3,4,0,2,126,0,2,9,3,77,75,2,148,3,0
4418,1000000US170310716001005,36,36,0,0,0,0,0,36,0,0,0,0,15,14,1,45,0,0
4419,1000000US170310716001006,60,54,0,0,0,0,6,54,0,6,6,0,38,35,3,79,0,0
4420,1000000US170310716001007,63,56,0,1,4,1,2,61,0,2,7,2,31,30,1,98,0,0
4421,1000000US170310716001008,101,87,0,1,11,0,0,101,0,0,14,2,58,56,2,128,0,0
4422,1000000US170310716001009,68,39,21,0,2,0,6,62,0,6,29,0,36,34,2,81,0,0
4423,1000000US170310716001010,121,58,53,2,3,0,9,112,0,9,63,2,103,96,7,126,1,3
4424,1000000US170310716001011,59,50,1,4,5,0,0,59,0,0,9,5,31,30,1,85,1,0
4425,1000000US170310716001012,66,62,0,0,2,0,2,64,0,2,4,0,35,32,3,85,0,0
4426,1000000US170310716001013,71,65,0,0,2,0,3,68,0,3,6,1,40,39,1,98,0,0
4427,1000000US170310716001014,65,64,0,0,1,0,0,65,0,0,1,0,37,35,2,81,0,0
4428,1000000US170310716001015,95,79,3,1,3,0,10,85,0,10,16,1,57,54,3,129,1,0
4429,1000000US170310716001016,116,107,2,0,3,0,4,112,0,4,9,0,65,63,2,147,0,0
4430,1000000US170310717001000,87,81,1,0,2,0,3,84,0,3,6,0,59,51,8,116,0,0
4431,1000000US170310717001001,47,42,0,0,4,0,1,46,0,1,5,1,27,26,1,57,0,0
4432,1000000US170310717001002,44,41,0,0,3,0,0,44,0,0,3,2,32,32,0,51,0,0
4433,1000000US170310717001003,30,29,1,0,0,0,0,30,0,0,1,0,17,16,1,33,0,0
4434,1000000US170310717001004,59,55,0,0,2,0,1,58,0,1,4,0,35,34,1,70,0,0
4435,1000000US170310717001005,56,47,2,0,4,1,2,54,0,2,9,1,36,33,3,73,0,0
4436,1000000US170310717001006,123,111,4,1,8,0,1,122,0,1,12,1,77,74,3,144,0,0
4437,1000000US170310717001007,109,52,46,2,2,0,9,100,0,9,57,6,51,49,2,147,2,0
4438,1000000US170310717001008,42,41,0,0,0,0,1,41,0,1,1,0,28,27,1,53,0,0
4439,1000000US170310717002000,32,28,0,1,2,0,2,30,0,2,4,1,23,17,6,41,1,0
4440,1000000US170310717002001,187,164,6,0,13,0,4,183,0,4,23,1,103,103,0,238,0,0
4441,1000000US170310717002002,193,102,80,6,4,2,10,183,0,10,91,8,115,108,7,217,4,3
4442,1000000US170310717002003,166,149,1,0,10,0,6,160,0,6,17,1,98,96,2,221,0,0
4443,1000000US170310717002004,6,6,0,0,0,0,0,6,0,0,0,0,2,2,0,6,0,0
4444,1000000US170310717002005,0,0,0,0,0,0,0,0,0,0,0,0,0,0,0,0,0,0
4445,1000000US170310717002006,0,0,0,0,0,0,0,0,0,0,0,0,0,0,0,0,0,0
4446,1000000US170310717002007,11,0,7,0,0,0,5,6,0,5,11,0,6,6,0,25,0,1
4447,1000000US170310717002008,81,63,11,0,5,0,3,78,0,3,18,2,49,43,6,98,0,1
4448,1000000US170310717002009,50,45,1,0,3,0,1,49,0,1,5,2,25,24,1,62,0,0
4449,1000000US170310718001000,133,120,3,0,9,0,1,132,0,1,13,0,75,75,0,183,0,0
4450,1000000US170310718001001,177,161,4,0,4,0,9,168,0,9,16,1,112,104,8,221,0,1
4451,1000000US170310718001002,47,43,0,0,3,0,1,46,0,1,4,2,29,28,1,55,0,0
4452,1000000US170310718001003,19,19,0,0,0,0,0,19,0,0,0,0,10,10,0,24,0,0
4453,1000000US170310718001004,16,13,0,0,2,0,1,15,0,1,3,0,8,8,0,27,0,0
4454,1000000US170310718001005,180,165,4,1,8,0,2,178,0,2,15,2,102,95,7,247,0,0
4455,1000000US170310718001006,120,109,0,0,8,0,3,117,0,3,11,1,73,69,4,167,0,0
4456,1000000US170310718001007,93,87,2,0,2,0,2,91,0,2,6,0,61,55,6,123,0,0
4457,1000000US170310718001008,382,99,269,2,7,2,6,376,0,6,283,3,226,226,0,543,2,1
4458,1000000US170310718001009,115,101,5,0,9,0,2,113,0,2,14,2,77,67,10,136,0,0
4459,1000000US170310718001010,104,88,5,0,4,0,7,97,0,7,16,0,61,59,2,126,0,0
4460,1000000US170310718001011,43,12,21,0,0,0,11,32,0,11,31,0,40,39,1,45,0,1
4461,1000000US170310718001012,159,136,4,1,8,0,8,151,0,8,23,5,88,86,2,213,0,0
4462,1000000US170310718002000,274,252,1,0,14,0,7,267,0,7,22,2,183,158,25,328,0,0
4463,1000000US170310718002001,94,83,2,2,4,1,3,91,0,3,11,2,55,50,5,107,1,0
4464,1000000US170310718002002,75,64,4,0,4,0,3,72,0,3,11,0,43,43,0,98,0,0
4465,1000000US170310718002003,3,3,0,0,0,0,0,3,0,0,0,0,1,1,0,3,0,0
4466,1000000US170310801001000,45,44,0,0,1,0,0,45,0,0,1,0,24,20,4,53,0,0
4467,1000000US170310801001001,120,109,0,0,7,0,5,115,0,5,11,4,101,80,21,134,0,0
4468,1000000US170310801001002,52,43,3,1,5,0,2,50,0,2,9,2,43,38,5,56,0,1
4469,1000000US170310801001003,21,16,0,1,3,0,1,20,0,1,5,1,18,15,3,25,0,0
4470,1000000US170310801001004,228,197,6,3,14,2,9,219,0,9,31,5,248,209,39,236,1,0
4471,1000000US170310801002000,134,120,5,0,5,0,3,131,0,3,14,1,97,84,13,152,0,0
4472,1000000US170310801002001,26,26,0,0,0,0,0,26,0,0,0,0,16,14,2,30,0,0
4473,1000000US170310801002002,104,97,3,1,2,0,1,103,0,1,7,1,80,70,10,126,0,0
4474,1000000US170310801002003,250,237,1,0,7,0,5,245,0,5,13,0,213,160,53,259,0,0
4475,1000000US170310801002004,251,216,11,0,12,0,11,240,0,11,35,3,230,208,22,259,0,0
4476,1000000US170310801002005,58,57,0,0,1,0,0,58,0,0,1,0,40,35,5,76,0,0
4477,1000000US170310801002006,132,117,3,1,10,1,4,128,0,4,15,2,97,92,5,151,0,0
4478,1000000US170310801003000,812,651,35,0,79,0,46,766,0,46,161,13,732,658,74,829,0,1
4479,1000000US170310801003001,104,98,0,0,5,0,1,103,0,1,6,0,64,59,5,116,0,0
4480,1000000US170310801004000,0,0,0,0,0,0,0,0,0,0,0,0,0,0,0,0,0,0
4481,1000000US170310801004001,0,0,0,0,0,0,0,0,0,0,0,0,0,0,0,0,0,0
4482,1000000US170310801004002,0,0,0,0,0,0,0,0,0,0,0,0,0,0,0,0,0,0
4483,1000000US170310801004003,343,309,3,0,19,0,8,335,0,8,34,7,276,225,51,376,0,0
4484,1000000US170310801004004,144,134,1,0,5,0,4,140,0,4,10,0,112,90,22,158,0,0
4485,1000000US170310801004005,20,20,0,0,0,0,0,20,0,0,0,0,11,9,2,24,0,0
4486,1000000US170310801004006,316,288,7,1,13,0,7,309,0,7,28,3,273,210,63,344,1,0
4487,1000000US170310801004007,98,93,5,0,0,0,0,98,0,0,5,0,61,53,8,101,0,0
4488,1000000US170310801004008,5,5,0,0,0,0,0,5,0,0,0,0,3,3,0,9,0,0
4489,1000000US170310801004009,82,75,3,0,0,0,4,78,0,4,7,1,57,51,6,90,0,0
4490,1000000US170310801005000,0,0,0,0,0,0,0,0,0,0,0,0,0,0,0,0,0,0
4491,1000000US170310801005001,0,0,0,0,0,0,0,0,0,0,0,0,0,0,0,0,0,0
4492,1000000US170310801005002,0,0,0,0,0,0,0,0,0,0,0,0,0,0,0,0,0,0
4493,1000000US170310801005003,0,0,0,0,0,0,0,0,0,0,0,0,0,0,0,0,0,0
4494,1000000US170310801005004,21,21,0,0,0,0,0,21,0,0,0,0,23,11,12,35,0,0
4495,1000000US170310801005005,155,140,6,0,6,0,3,152,0,3,15,3,122,106,16,166,0,0
4496,1000000US170310801005006,238,214,8,0,10,0,7,231,0,7,24,3,209,169,40,264,0,1
4497,1000000US170310801005007,570,464,36,1,33,0,38,532,0,38,106,9,474,404,70,609,0,1
4498,1000000US170310801005008,0,0,0,0,0,0,0,0,0,0,0,0,0,0,0,0,0,0
4499,1000000US170310801005009,0,0,0,0,0,0,0,0,0,0,0,0,0,0,0,0,0,0
4500,1000000US170310801005010,0,0,0,0,0,0,0,0,0,0,0,0,0,0,0,0,0,0
4501,1000000US170310801005011,0,0,0,0,0,0,0,0,0,0,0,0,0,0,0,0,0,0
4502,1000000US170310801005012,0,0,0,0,0,0,0,0,0,0,0,0,0,0,0,0,0,0
4503,1000000US170310801005013,0,0,0,0,0,0,0,0,0,0,0,0,0,0,0,0,0,0
4504,1000000US170310801005014,0,0,0,0,0,0,0,0,0,0,0,0,0,0,0,0,0,0
4505,1000000US170310801005015,0,0,0,0,0,0,0,0,0,0,0,0,0,0,0,0,0,0
4506,1000000US170310801005016,0,0,0,0,0,0,0,0,0,0,0,0,0,0,0,0,0,0
4507,1000000US170310801006000,475,434,6,1,18,0,18,457,0,18,41,3,372,331,41,498,1,1
4508,1000000US170310801006001,154,143,1,2,6,0,2,152,0,2,11,1,124,109,15,166,2,0
4509,1000000US170310801006002,120,98,10,1,7,0,6,114,0,6,22,2,108,89,19,125,1,1
4510,1000000US170310801007000,317,289,4,0,7,0,17,300,0,17,28,4,289,224,65,338,0,0
4511,1000000US170310801007001,197,181,2,1,10,0,3,194,0,3,16,2,135,120,15,208,1,0
4512,1000000US170310802011000,57,37,6,0,2,0,13,44,0,13,20,1,55,50,5,63,0,1
4513,1000000US170310802011001,6,4,0,1,1,0,0,6,0,0,2,1,3,3,0,6,1,0
4514,1000000US170310802011002,793,702,24,4,41,0,18,775,0,18,91,14,691,637,54,831,1,1
4515,1000000US170310802011003,0,0,0,0,0,0,0,0,0,0,0,0,0,0,0,0,0,0
4516,1000000US170310802011004,265,236,5,1,17,4,9,256,0,9,29,6,245,224,21,269,0,0
4517,1000000US170310802011005,39,34,4,0,0,0,1,38,0,1,5,0,29,25,4,46,0,0
4518,1000000US170310802011006,153,117,11,0,10,0,9,144,0,9,36,2,131,120,11,164,0,0
4519,1000000US170310802011007,0,0,0,0,0,0,0,0,0,0,0,0,0,0,0,0,0,0
4520,1000000US170310802012000,212,194,4,0,11,0,4,208,0,4,18,2,179,143,36,227,0,1
4521,1000000US170310802012001,105,102,0,0,1,0,2,103,0,2,3,0,110,84,26,110,0,0
4522,1000000US170310802012002,178,154,14,1,5,0,5,173,0,5,24,2,128,118,10,183,0,0
4523,1000000US170310802012003,229,192,9,2,17,0,10,219,0,10,37,7,222,199,23,232,0,0
4524,1000000US170310802012004,0,0,0,0,0,0,0,0,0,0,0,0,0,0,0,0,0,0
4525,1000000US170310802012005,606,533,15,1,34,1,21,585,0,21,73,4,515,484,31,634,0,0
4526,1000000US170310802012006,0,0,0,0,0,0,0,0,0,0,0,0,0,0,0,0,0,0
4527,1000000US170310802013000,296,280,6,0,7,0,3,293,0,3,16,0,225,195,30,310,0,0
4528,1000000US170310802013001,194,163,7,0,13,0,9,185,0,9,31,4,161,136,25,212,0,1
4529,1000000US170310802021000,75,73,0,0,0,0,2,73,0,2,2,0,42,41,1,87,0,0
4530,1000000US170310802021001,435,357,12,3,40,0,22,413,0,22,78,11,392,341,51,446,0,2
4531,1000000US170310802021002,0,0,0,0,0,0,0,0,0,0,0,0,0,0,0,0,0,0
4532,1000000US170310802022000,357,302,8,1,29,0,16,341,0,16,55,3,305,277,28,375,0,0
4533,1000000US170310802022001,114,110,1,0,1,0,3,111,0,3,4,0,58,57,1,149,0,1
4534,1000000US170310802022002,685,609,15,3,47,0,14,671,0,14,76,5,589,549,40,712,2,0
4535,1000000US170310802022003,0,0,0,0,0,0,0,0,0,0,0,0,0,0,0,0,0,0
4536,1000000US170310802023000,143,139,0,1,1,0,2,141,0,2,4,0,99,87,12,166,1,0
4537,1000000US170310802023001,271,208,12,1,22,0,27,244,0,27,63,7,211,195,16,285,0,0
4538,1000000US170310802023002,140,138,0,0,0,0,2,138,0,2,2,0,84,82,2,148,0,0
4539,1000000US170310802023003,431,355,9,0,42,0,24,407,0,24,76,8,370,324,46,457,0,0
4540,1000000US170310802023004,250,209,9,1,18,0,16,234,0,16,41,3,271,161,110,264,0,1
4541,1000000US170310802023005,397,327,17,1,36,0,18,379,0,18,70,6,343,318,25,409,1,1
4542,1000000US170310803001000,92,89,0,0,2,0,1,91,0,1,3,0,60,54,6,105,0,0
4543,1000000US170310803001001,148,123,4,1,10,0,10,138,0,10,25,1,129,97,32,159,1,0
4544,1000000US170310803001002,306,264,10,1,14,1,16,290,0,16,42,4,290,258,32,311,1,1
4545,1000000US170310803001003,0,0,0,0,0,0,0,0,0,0,0,0,0,0,0,0,0,0
4546,1000000US170310803001004,37,27,9,0,1,0,0,37,0,0,10,0,24,21,3,40,0,0
4547,1000000US170310803001005,45,39,4,0,0,0,2,43,0,2,6,0,25,24,1,50,0,0
4548,1000000US170310803001006,29,25,0,0,2,1,1,28,0,1,4,0,21,20,1,38,0,0
4549,1000000US170310803001007,0,0,0,0,0,0,0,0,0,0,0,0,0,0,0,0,0,0
4550,1000000US170310803002000,657,495,44,2,90,0,28,629,0,28,162,12,552,511,41,665,2,0
4551,1000000US170310803002001,41,34,2,0,1,0,4,37,0,4,7,0,24,22,2,44,0,0
4552,1000000US170310803002002,514,423,36,0,42,0,13,501,0,13,91,1,342,331,11,583,0,0
4553,1000000US170310803002003,20,15,0,0,2,0,3,17,0,3,5,0,11,11,0,26,0,0
4554,1000000US170310803002004,45,37,5,0,1,0,3,42,0,3,8,0,24,23,1,73,0,1
4555,1000000US170310803002005,18,9,0,0,9,0,0,18,0,0,9,0,8,8,0,27,0,0
4556,1000000US170310803002006,36,27,7,0,2,0,0,36,0,0,9,1,22,20,2,48,0,0
4557,1000000US170310803002007,193,96,69,6,22,0,14,179,0,14,97,12,113,110,3,221,6,6
4558,1000000US170310803003000,17,15,0,0,0,0,2,15,0,2,2,0,24,14,10,17,0,0
4559,1000000US170310803003001,2,0,2,0,0,0,0,2,0,0,2,0,2,1,1,2,0,0
4560,1000000US170310803003002,0,0,0,0,0,0,0,0,0,0,0,0,0,0,0,0,0,0
4561,1000000US170310803003003,96,85,2,0,6,0,3,93,0,3,11,1,64,63,1,101,0,0
4562,1000000US170310803003004,125,101,7,0,12,0,6,119,0,6,24,2,72,69,3,145,0,0
4563,1000000US170310803003005,0,0,0,0,0,0,0,0,0,0,0,0,0,0,0,0,0,0
4564,1000000US170310803003006,231,190,16,1,16,0,6,225,0,6,41,4,141,126,15,270,0,0
4565,1000000US170310803003007,14,14,0,0,0,0,0,14,0,0,0,0,7,7,0,14,0,0
4566,1000000US170310803003008,27,13,1,0,6,0,4,23,0,4,14,4,13,13,0,32,0,0
4567,1000000US170310803003009,14,14,0,0,0,0,0,14,0,0,0,0,8,8,0,14,0,0
4568,1000000US170310803003010,228,194,6,0,19,0,9,219,0,9,34,4,152,138,14,252,0,0
4569,1000000US170310803004000,715,614,20,3,49,1,32,683,0,32,101,10,540,490,50,774,1,1
4570,1000000US170310803004001,42,39,0,1,2,0,1,41,0,1,3,0,30,26,4,45,1,0
4571,1000000US170310803004002,2,0,0,0,2,0,0,2,0,0,2,0,1,1,0,3,0,0
4572,1000000US170310803004003,0,0,0,0,0,0,0,0,0,0,0,0,0,0,0,0,0,0
4573,1000000US170310803004004,0,0,0,0,0,0,0,0,0,0,0,0,0,0,0,0,0,0
4574,1000000US170310803004005,226,194,6,2,22,0,6,220,0,6,32,7,155,141,14,256,0,0
4575,1000000US170310804001000,9,9,0,0,0,0,0,9,0,0,0,0,3,3,0,9,0,0
4576,1000000US170310804001001,4,0,4,0,0,0,0,4,0,0,4,0,4,1,3,4,0,0
4577,1000000US170310804001002,45,42,1,0,1,0,1,44,0,1,3,1,28,28,0,47,0,0
4578,1000000US170310804001003,33,30,0,0,2,0,1,32,0,1,3,0,18,18,0,36,0,0
4579,1000000US170310804001004,78,63,8,0,5,0,2,76,0,2,15,1,52,50,2,95,0,0
4580,1000000US170310804001005,109,98,4,0,3,0,4,105,0,4,11,0,58,53,5,126,0,0
4581,1000000US170310804001006,149,109,28,3,5,0,7,142,0,7,40,3,84,80,4,163,2,2
4582,1000000US170310804001007,106,89,9,0,8,0,0,106,0,0,17,0,57,55,2,122,0,0
4583,1000000US170310804001008,421,0,415,0,0,0,6,415,0,6,421,2,315,309,6,761,0,0
4584,1000000US170310804001009,334,98,226,5,3,0,11,323,0,11,236,8,258,255,3,371,3,6
4585,1000000US170310804001010,441,4,428,3,1,1,12,429,0,12,437,9,319,314,5,831,1,6
4586,1000000US170310804002000,116,3,112,0,0,0,1,115,0,1,113,0,64,63,1,192,0,0
4587,1000000US170310804002001,46,0,46,0,0,0,3,43,0,3,46,0,24,24,0,68,0,3
4588,1000000US170310804002002,117,7,110,0,0,0,0,117,0,0,110,0,72,63,9,172,0,0
4589,1000000US170310804002003,27,0,24,1,0,0,2,25,0,2,27,1,16,14,2,34,1,0
4590,1000000US170310804002004,118,24,83,2,6,1,6,112,0,6,94,5,111,108,3,118,1,1
4591,1000000US170310804002005,0,0,0,0,0,0,0,0,0,0,0,0,0,0,0,0,0,0
4592,1000000US170310804003000,15,4,9,0,2,0,0,15,0,0,11,0,15,15,0,16,0,0
4593,1000000US170310804003001,6,5,1,0,0,0,0,6,0,0,1,0,3,3,0,7,0,0
4594,1000000US170310804003002,96,50,34,0,8,0,3,93,0,3,46,0,59,59,0,109,0,0
4595,1000000US170310804003003,21,15,4,0,1,0,1,20,0,1,6,1,15,15,0,21,0,0
4596,1000000US170310804003004,39,35,0,0,4,0,0,39,0,0,4,0,20,20,0,58,0,0
4597,1000000US170310804003005,61,50,6,0,3,0,2,59,0,2,11,0,41,39,2,75,0,0
4598,1000000US170310804003006,108,56,42,1,9,0,0,108,0,0,52,1,71,63,8,124,1,0
4599,1000000US170310804003007,114,97,12,1,3,0,2,112,0,2,17,2,62,59,3,137,1,0
4600,1000000US170310804003008,66,50,6,0,5,0,4,62,0,4,16,0,41,37,4,88,0,0
4601,1000000US170310804003009,62,52,2,0,6,0,2,60,0,2,10,1,45,43,2,74,0,0
4602,1000000US170310804003010,373,293,51,0,16,1,13,360,0,13,80,7,231,216,15,451,0,0
4603,1000000US170310804003011,4,3,0,0,1,0,0,4,0,0,1,0,3,2,1,8,0,0
4604,1000000US170310810001000,0,0,0,0,0,0,0,0,0,0,0,0,0,0,0,0,0,0
4605,1000000US170310810001001,355,282,9,1,48,1,18,337,0,18,73,9,304,263,41,372,0,0
4606,1000000US170310810001002,5,5,0,0,0,0,0,5,0,0,0,0,3,2,1,5,0,0
4607,1000000US170310810001003,0,0,0,0,0,0,0,0,0,0,0,0,0,0,0,0,0,0
4608,1000000US170310810002000,0,0,0,0,0,0,0,0,0,0,0,0,0,0,0,0,0,0
4609,1000000US170310810002001,88,78,2,0,7,0,1,87,0,1,10,0,56,52,4,100,0,0
4610,1000000US170310810002002,21,14,0,0,1,0,6,15,0,6,7,0,17,15,2,28,0,0
4611,1000000US170310810002003,28,23,3,0,0,0,2,26,0,2,5,0,16,15,1,42,0,0
4612,1000000US170310810002004,8,8,0,0,0,0,0,8,0,0,0,0,8,4,4,9,0,0
4613,1000000US170310810002005,446,321,63,2,37,1,26,420,0,26,125,7,296,286,10,478,1,2
4614,1000000US170310810002006,0,0,0,0,0,0,0,0,0,0,0,0,0,0,0,0,0,0
4615,1000000US170310810002007,260,228,8,0,17,0,7,253,0,7,32,0,179,163,16,278,0,0
4616,1000000US170310810002008,7,3,0,0,2,0,2,5,0,2,4,0,7,4,3,8,0,0
4617,1000000US170310810002009,277,180,24,1,55,0,18,259,0,18,97,0,241,218,23,283,1,1
4618,1000000US170310810002010,70,60,0,0,6,0,1,69,0,1,10,3,44,41,3,75,0,0
4619,1000000US170310810003000,326,197,37,3,67,1,23,303,0,23,129,11,350,313,37,335,1,0
4620,1000000US170310810003001,244,140,76,1,12,0,15,229,0,15,104,4,77,72,5,249,1,1
4621,1000000US170310810003002,374,292,9,0,57,1,18,356,0,18,82,3,353,288,65,388,0,0
4622,1000000US170310810003003,39,31,1,0,2,0,5,34,0,5,8,1,25,25,0,40,0,0
4623,1000000US170310810003004,7,6,0,0,0,0,1,6,0,1,1,0,6,6,0,7,0,0
4624,1000000US170310810003005,35,32,1,0,2,0,0,35,0,0,3,1,30,24,6,38,0,0
4625,1000000US170310810004000,56,38,8,1,8,0,2,54,0,2,18,2,43,41,2,63,1,0
4626,1000000US170310810004001,37,25,8,1,4,1,0,37,0,0,12,2,28,25,3,37,0,0
4627,1000000US170310810004002,1250,757,255,12,152,1,88,1162,0,88,493,40,1165,1034,131,1276,1,10
4628,1000000US170310810005000,2,0,2,0,0,0,0,2,0,0,2,0,1,1,0,2,0,0
4629,1000000US170310810005001,512,390,54,3,34,0,34,478,0,34,122,13,406,388,18,522,1,1
4630,1000000US170310810005002,6,6,0,0,0,0,0,6,0,0,0,0,3,3,0,8,0,0
4631,1000000US170310810005003,1277,1125,65,5,33,2,50,1227,0,50,152,9,204,196,8,1285,2,1
4632,1000000US170310810005004,2,2,0,0,0,0,0,2,0,0,0,0,1,1,0,2,0,0
4633,1000000US170310810005005,293,244,8,1,27,0,15,278,0,15,49,5,238,209,29,299,0,1
4634,1000000US170310810005006,7,3,0,0,3,0,1,6,0,1,4,0,4,2,2,7,0,0
4635,1000000US170310810006000,64,41,9,0,10,0,5,59,0,5,23,1,81,58,23,65,0,0
4636,1000000US170310810006001,0,0,0,0,0,0,0,0,0,0,0,0,0,0,0,0,0,0
4637,1000000US170310810006002,325,82,214,4,12,0,14,311,0,14,243,4,331,298,33,333,3,0
4638,1000000US170310810006003,6,6,0,0,0,0,0,6,0,0,0,0,3,3,0,8,0,0
4639,1000000US170310810006004,866,637,76,5,106,0,43,823,0,43,229,18,748,673,75,904,4,1
4640,1000000US170310811001000,636,541,15,3,48,2,26,610,0,26,95,5,574,490,84,672,2,0
4641,1000000US170310811001001,136,120,1,1,5,1,9,127,0,9,16,1,92,74,18,161,1,0
4642,1000000US170310811001002,0,0,0,0,0,0,0,0,0,0,0,0,0,0,0,0,0,0
4643,1000000US170310811001003,0,0,0,0,0,0,0,0,0,0,0,0,1,0,1,0,0,0
4644,1000000US170310811001004,8,7,0,0,1,0,0,8,0,0,1,0,6,5,1,8,0,0
4645,1000000US170310811001005,205,172,14,0,10,0,7,198,0,7,33,2,188,153,35,210,0,0
4646,1000000US170310811002000,400,286,18,1,79,0,16,384,0,16,114,4,322,283,39,424,0,0
4647,1000000US170310811002001,196,176,3,0,12,0,5,191,0,5,20,0,152,134,18,204,0,0
4648,1000000US170310811002002,528,162,324,8,18,2,24,504,0,24,366,15,573,499,74,530,4,9
4649,1000000US170310811003000,87,58,8,0,16,0,5,82,0,5,29,0,108,84,24,87,0,0
4650,1000000US170310811003001,51,42,3,0,4,0,2,49,0,2,9,1,36,33,3,56,0,0
4651,1000000US170310811003002,895,659,60,4,114,1,63,832,0,63,236,23,701,639,62,925,2,2
4652,1000000US170310811003003,363,265,34,1,33,1,29,334,0,29,98,10,300,281,19,363,0,1
4653,1000000US170310812011000,429,372,9,3,33,0,12,417,0,12,57,7,431,311,120,456,0,0
4654,1000000US170310812011001,0,0,0,0,0,0,0,0,0,0,0,0,0,0,0,0,0,0
4655,1000000US170310812011002,3,3,0,0,0,0,0,3,0,0,0,0,6,3,3,3,0,0
4656,1000000US170310812011003,0,0,0,0,0,0,0,0,0,0,0,0,0,0,0,0,0,0
4657,1000000US170310812011004,210,175,10,0,19,0,6,204,0,6,35,5,216,140,76,233,0,0
4658,1000000US170310812011005,0,0,0,0,0,0,0,0,0,0,0,0,0,0,0,0,0,0
4659,1000000US170310812011006,81,66,2,0,8,0,5,76,0,5,15,0,75,59,16,83,0,0
4660,1000000US170310812011007,35,31,0,0,2,0,2,33,0,2,4,0,178,20,158,41,0,0
4661,1000000US170310812011008,0,0,0,0,0,0,0,0,0,0,0,0,0,0,0,0,0,0
4662,1000000US170310812012000,0,0,0,0,0,0,0,0,0,0,0,0,0,0,0,0,0,0
4663,1000000US170310812012001,224,193,4,0,17,1,9,215,0,9,31,2,203,144,59,244,0,0
4664,1000000US170310812012002,2,0,0,0,0,0,2,0,0,2,2,2,1,1,0,2,0,0
4665,1000000US170310812012003,525,394,29,2,68,0,35,490,0,35,131,11,451,408,43,533,1,1
4666,1000000US170310812012004,684,490,55,4,83,6,55,629,0,55,194,28,183,162,21,684,0,2
4667,1000000US170310812012005,0,0,0,0,0,0,0,0,0,0,0,0,0,0,0,0,0,0
4668,1000000US170310812012006,384,311,25,1,29,0,18,366,0,18,73,5,422,297,125,395,0,0
4669,1000000US170310812012007,2,2,0,0,0,0,0,2,0,0,0,0,1,1,0,2,0,0
4670,1000000US170310812012008,122,111,1,0,6,0,4,118,0,4,11,0,115,71,44,139,0,0
4671,1000000US170310812012009,142,128,6,0,4,0,3,139,0,3,14,2,290,100,190,142,0,0
4672,1000000US170310812012010,7,1,6,0,0,0,0,7,0,0,6,0,1,1,0,8,0,0
4673,1000000US170310812013000,690,590,28,1,40,0,29,661,0,29,100,7,572,499,73,724,1,0
4674,1000000US170310812013001,70,67,0,0,3,0,0,70,0,0,3,0,53,42,11,77,0,0
4675,1000000US170310812013002,288,231,12,0,31,0,13,275,0,13,57,6,298,243,55,293,0,1
4676,1000000US170310812013003,0,0,0,0,0,0,0,0,0,0,0,0,0,0,0,0,0,0
4677,1000000US170310812021000,0,0,0,0,0,0,0,0,0,0,0,0,0,0,0,0,0,0
4678,1000000US170310812021001,0,0,0,0,0,0,0,0,0,0,0,0,0,0,0,0,0,0
4679,1000000US170310812021002,0,0,0,0,0,0,0,0,0,0,0,0,0,0,0,0,0,0
4680,1000000US170310812021003,0,0,0,0,0,0,0,0,0,0,0,0,0,0,0,0,0,0
4681,1000000US170310812021004,0,0,0,0,0,0,0,0,0,0,0,0,0,0,0,0,0,0
4682,1000000US170310812021005,0,0,0,0,0,0,0,0,0,0,0,0,0,0,0,0,0,0
4683,1000000US170310812021006,0,0,0,0,0,0,0,0,0,0,0,0,0,0,0,0,0,0
4684,1000000US170310812021007,0,0,0,0,0,0,0,0,0,0,0,0,0,0,0,0,0,0
4685,1000000US170310812021008,0,0,0,0,0,0,0,0,0,0,0,0,0,0,0,0,0,0
4686,1000000US170310812021009,2,2,0,0,0,0,0,2,0,0,0,0,0,0,0,2,0,0
4687,1000000US170310812021010,518,488,14,0,6,0,10,508,0,10,30,2,381,314,67,556,0,0
4688,1000000US170310812022000,608,560,9,0,18,0,22,586,0,22,48,4,476,403,73,645,0,1
4689,1000000US170310812022001,170,147,6,2,7,0,8,162,0,8,23,4,173,135,38,175,1,0
4690,1000000US170310812022002,0,0,0,0,0,0,0,0,0,0,0,0,0,0,0,0,0,0
4691,1000000US170310812022003,0,0,0,0,0,0,0,0,0,0,0,0,0,0,0,0,0,0
4692,1000000US170310812022004,0,0,0,0,0,0,0,0,0,0,0,0,0,0,0,0,0,0
4693,1000000US170310812023000,609,467,35,4,72,0,34,575,0,34,142,11,565,483,82,632,0,0
4694,1000000US170310812023001,210,181,7,2,12,0,9,201,0,9,29,4,196,141,55,226,2,1
4695,1000000US170310812024000,682,627,8,1,24,0,22,660,0,22,55,2,494,417,77,759,1,0
4696,1000000US170310813001000,244,202,13,1,23,0,5,239,0,5,42,3,219,187,32,251,0,0
4697,1000000US170310813001001,488,392,15,3,63,2,17,471,0,17,96,10,419,338,81,521,3,0
4698,1000000US170310813002000,0,0,0,0,0,0,0,0,0,0,0,0,0,0,0,0,0,0
4699,1000000US170310813002001,0,0,0,0,0,0,0,0,0,0,0,0,0,0,0,0,0,0
4700,1000000US170310813002002,0,0,0,0,0,0,0,0,0,0,0,0,0,0,0,0,0,0
4701,1000000US170310813002003,507,428,10,0,42,0,26,481,0,26,79,6,439,373,66,544,0,0
4702,1000000US170310813002004,0,0,0,0,0,0,0,0,0,0,0,0,0,0,0,0,0,0
4703,1000000US170310813002005,0,0,0,0,0,0,0,0,0,0,0,0,0,0,0,0,0,0
4704,1000000US170310813002006,0,0,0,0,0,0,0,0,0,0,0,0,0,0,0,0,0,0
4705,1000000US170310813003000,112,104,2,0,2,0,4,108,0,4,8,0,103,67,36,117,0,0
4706,1000000US170310813003001,631,492,27,0,83,0,35,596,0,35,139,11,637,432,205,664,0,2
4707,1000000US170310813004000,321,262,15,1,30,1,14,307,0,14,59,2,333,255,78,337,1,0
4708,1000000US170310813004001,493,424,11,1,45,0,14,479,0,14,69,7,489,378,111,507,0,2
4709,1000000US170310813004002,0,0,0,0,0,0,0,0,0,0,0,0,0,0,0,0,0,0
4710,1000000US170310813004003,670,466,44,0,142,0,19,651,0,19,204,11,600,484,116,709,0,0
4711,1000000US170310813004004,0,0,0,0,0,0,0,0,0,0,0,0,0,0,0,0,0,0
4712,1000000US170310813004005,0,0,0,0,0,0,0,0,0,0,0,0,0,0,0,0,0,0
4713,1000000US170310813004006,0,0,0,0,0,0,0,0,0,0,0,0,0,0,0,0,0,0
4714,1000000US170310813004007,3,3,0,0,0,0,0,3,0,0,0,0,2,2,0,3,0,0
4715,1000000US170310813004008,0,0,0,0,0,0,0,0,0,0,0,0,0,0,0,0,0,0
4716,1000000US170310813005000,352,325,5,0,17,0,5,347,0,5,27,2,269,231,38,369,0,0
4717,1000000US170310813005001,231,190,17,1,16,0,7,224,0,7,41,3,192,182,10,238,1,0
4718,1000000US170310813006000,325,255,8,0,46,0,17,308,0,17,70,3,284,220,64,347,0,0
4719,1000000US170310813006001,270,261,4,0,3,0,2,268,0,2,9,0,243,173,70,273,0,0
4720,1000000US170310813006002,4,3,1,0,0,0,0,4,0,0,1,0,0,0,0,4,0,0
4721,1000000US170310814011000,596,488,14,2,77,0,16,580,0,16,108,5,575,435,140,622,0,0
4722,1000000US170310814011001,0,0,0,0,0,0,0,0,0,0,0,0,0,0,0,0,0,0
4723,1000000US170310814011002,0,0,0,0,0,0,0,0,0,0,0,0,0,0,0,0,0,0
4724,1000000US170310814011003,0,0,0,0,0,0,0,0,0,0,0,0,0,0,0,0,0,0
4725,1000000US170310814011004,0,0,0,0,0,0,0,0,0,0,0,0,0,0,0,0,0,0
4726,1000000US170310814011005,350,238,14,2,71,0,25,325,0,25,112,4,303,277,26,361,1,0
4727,1000000US170310814011006,0,0,0,0,0,0,0,0,0,0,0,0,0,0,0,0,0,0
4728,1000000US170310814011007,0,0,0,0,0,0,0,0,0,0,0,0,0,0,0,0,0,0
4729,1000000US170310814011008,0,0,0,0,0,0,0,0,0,0,0,0,0,0,0,0,0,0
4730,1000000US170310814012000,0,0,0,0,0,0,0,0,0,0,0,0,0,0,0,0,0,0
4731,1000000US170310814012001,0,0,0,0,0,0,0,0,0,0,0,0,0,0,0,0,0,0
4732,1000000US170310814012002,0,0,0,0,0,0,0,0,0,0,0,0,0,0,0,0,0,0
4733,1000000US170310814012003,0,0,0,0,0,0,0,0,0,0,0,0,0,0,0,0,0,0
4734,1000000US170310814012004,0,0,0,0,0,0,0,0,0,0,0,0,0,0,0,0,0,0
4735,1000000US170310814012005,0,0,0,0,0,0,0,0,0,0,0,0,0,0,0,0,0,0
4736,1000000US170310814012006,39,29,7,1,0,0,4,35,0,4,10,1,1,0,1,39,1,1
4737,1000000US170310814012007,0,0,0,0,0,0,0,0,0,0,0,0,0,0,0,0,0,0
4738,1000000US170310814012008,0,0,0,0,0,0,0,0,0,0,0,0,0,0,0,0,0,0
4739,1000000US170310814012009,0,0,0,0,0,0,0,0,0,0,0,0,0,0,0,0,0,0
4740,1000000US170310814012010,0,0,0,0,0,0,0,0,0,0,0,0,0,0,0,0,0,0
4741,1000000US170310814012011,502,444,20,0,19,0,19,483,0,19,58,5,385,331,54,546,0,3
4742,1000000US170310814012012,0,0,0,0,0,0,0,0,0,0,0,0,0,0,0,0,0,0
4743,1000000US170310814012013,0,0,0,0,0,0,0,0,0,0,0,0,0,0,0,0,0,0
4744,1000000US170310814012014,666,374,74,6,174,0,44,622,0,44,292,18,583,508,75,711,6,2
4745,1000000US170310814012015,0,0,0,0,0,0,0,0,0,0,0,0,0,0,0,0,0,0
4746,1000000US170310814012016,0,0,0,0,0,0,0,0,0,0,0,0,0,0,0,0,0,0
4747,1000000US170310814021000,0,0,0,0,0,0,0,0,0,0,0,0,0,0,0,0,0,0
4748,1000000US170310814021001,0,0,0,0,0,0,0,0,0,0,0,0,0,0,0,0,0,0
4749,1000000US170310814021002,0,0,0,0,0,0,0,0,0,0,0,0,0,0,0,0,0,0
4750,1000000US170310814021003,0,0,0,0,0,0,0,0,0,0,0,0,0,0,0,0,0,0
4751,1000000US170310814021004,0,0,0,0,0,0,0,0,0,0,0,0,0,0,0,0,0,0
4752,1000000US170310814021005,0,0,0,0,0,0,0,0,0,0,0,0,0,0,0,0,0,0
4753,1000000US170310814021006,0,0,0,0,0,0,0,0,0,0,0,0,0,0,0,0,0,0
4754,1000000US170310814021007,0,0,0,0,0,0,0,0,0,0,0,0,0,0,0,0,0,0
4755,1000000US170310814021008,397,304,10,2,61,0,19,378,0,19,93,8,324,262,62,428,2,0
4756,1000000US170310814021009,677,399,111,8,118,0,47,630,0,47,278,19,562,535,27,726,8,2
4757,1000000US170310814021010,707,529,51,2,96,1,32,675,0,32,178,7,626,465,161,774,1,1
4758,1000000US170310814021011,0,0,0,0,0,0,0,0,0,0,0,0,0,0,0,0,0,0
4759,1000000US170310814021012,0,0,0,0,0,0,0,0,0,0,0,0,0,0,0,0,0,0
4760,1000000US170310814021013,0,0,0,0,0,0,0,0,0,0,0,0,0,0,0,0,0,0
4761,1000000US170310814021014,0,0,0,0,0,0,0,0,0,0,0,0,0,0,0,0,0,0
4762,1000000US170310814021015,0,0,0,0,0,0,0,0,0,0,0,0,0,0,0,0,0,0
4763,1000000US170310814022000,0,0,0,0,0,0,0,0,0,0,0,0,0,0,0,0,0,0
4764,1000000US170310814022001,1376,970,39,2,313,1,53,1323,0,53,406,29,1236,911,325,1477,1,1
4765,1000000US170310814023000,276,197,13,0,53,1,12,264,0,12,79,4,265,181,84,299,0,0
4766,1000000US170310814023001,494,299,25,1,144,1,25,469,0,25,195,10,491,354,137,539,1,1
4767,1000000US170310814031000,0,0,0,0,0,0,0,0,0,0,0,0,0,0,0,0,0,0
4768,1000000US170310814031001,0,0,0,0,0,0,0,0,0,0,0,0,0,0,0,0,0,0
4769,1000000US170310814031002,0,0,0,0,0,0,0,0,0,0,0,0,0,0,0,0,0,0
4770,1000000US170310814031003,0,0,0,0,0,0,0,0,0,0,0,0,0,0,0,0,0,0
4771,1000000US170310814031004,0,0,0,0,0,0,0,0,0,0,0,0,0,0,0,0,0,0
4772,1000000US170310814031005,0,0,0,0,0,0,0,0,0,0,0,0,0,0,0,0,0,0
4773,1000000US170310814031006,0,0,0,0,0,0,0,0,0,0,0,0,0,0,0,0,0,0
4774,1000000US170310814031007,0,0,0,0,0,0,0,0,0,0,0,0,0,0,0,0,0,0
4775,1000000US170310814031008,0,0,0,0,0,0,0,0,0,0,0,0,0,0,0,0,0,0
4776,1000000US170310814031009,586,366,13,0,183,0,22,564,0,22,220,11,609,436,173,620,0,0
4777,1000000US170310814031010,342,276,4,0,44,0,11,331,0,11,66,4,281,224,57,370,0,0
4778,1000000US170310814031011,0,0,0,0,0,0,0,0,0,0,0,0,0,0,0,0,0,0
4779,1000000US170310814031012,0,0,0,0,0,0,0,0,0,0,0,0,0,0,0,0,0,0
4780,1000000US170310814031013,142,116,2,0,18,0,6,136,0,6,26,1,133,92,41,151,0,0
4781,1000000US170310814031014,0,0,0,0,0,0,0,0,0,0,0,0,0,0,0,0,0,0
4782,1000000US170310814031015,0,0,0,0,0,0,0,0,0,0,0,0,0,0,0,0,0,0
4783,1000000US170310814031016,0,0,0,0,0,0,0,0,0,0,0,0,0,0,0,0,0,0
4784,1000000US170310814031017,0,0,0,0,0,0,0,0,0,0,0,0,0,0,0,0,0,0
4785,1000000US170310814031018,0,0,0,0,0,0,0,0,0,0,0,0,0,0,0,0,0,0
4786,1000000US170310814031019,0,0,0,0,0,0,0,0,0,0,0,0,0,0,0,0,0,0
4787,1000000US170310814031020,0,0,0,0,0,0,0,0,0,0,0,0,0,0,0,0,0,0
4788,1000000US170310814031021,455,302,33,0,89,0,35,420,0,35,153,8,406,338,68,485,0,0
4789,1000000US170310814031022,0,0,0,0,0,0,0,0,0,0,0,0,0,0,0,0,0,0
4790,1000000US170310814031023,0,0,0,0,0,0,0,0,0,0,0,0,0,0,0,0,0,0
4791,1000000US170310814031024,0,0,0,0,0,0,0,0,0,0,0,0,0,0,0,0,0,0
4792,1000000US170310814031025,0,0,0,0,0,0,0,0,0,0,0,0,0,0,0,0,0,0
4793,1000000US170310814031026,0,0,0,0,0,0,0,0,0,0,0,0,0,0,0,0,0,0
4794,1000000US170310814031027,540,343,39,3,101,1,52,488,0,52,197,7,473,414,59,562,0,1
4795,1000000US170310814031028,91,68,2,0,15,0,7,84,0,7,23,0,53,51,2,101,0,1
4796,1000000US170310814031029,0,0,0,0,0,0,0,0,0,0,0,0,0,0,0,0,0,0
4797,1000000US170310814031030,80,66,1,0,13,0,0,80,0,0,14,1,52,42,10,97,0,0
4798,1000000US170310814031031,4,3,0,0,0,0,1,3,0,1,1,0,3,2,1,4,0,0
4799,1000000US170310814031032,0,0,0,0,0,0,0,0,0,0,0,0,0,0,0,0,0,0
4800,1000000US170310814031033,0,0,0,0,0,0,0,0,0,0,0,0,0,0,0,0,0,0
4801,1000000US170310814031034,317,265,11,0,35,0,7,310,0,7,52,1,249,183,66,345,0,1
4802,1000000US170310814031035,18,14,0,0,4,0,0,18,0,0,4,0,15,10,5,22,0,0
4803,1000000US170310814031036,0,0,0,0,0,0,0,0,0,0,0,0,0,0,0,0,0,0
4804,1000000US170310814031037,0,0,0,0,0,0,0,0,0,0,0,0,0,0,0,0,0,0
4805,1000000US170310814031038,0,0,0,0,0,0,0,0,0,0,0,0,0,0,0,0,0,0
4806,1000000US170310814031039,0,0,0,0,0,0,0,0,0,0,0,0,0,0,0,0,0,0
4807,1000000US170310814031040,0,0,0,0,0,0,0,0,0,0,0,0,0,0,0,0,0,0
4808,1000000US170310814032000,1232,700,76,6,383,1,78,1154,0,78,532,40,1032,954,78,1259,0,2
4809,1000000US170310814032001,243,193,9,0,36,0,5,238,0,5,50,6,212,166,46,255,0,0
4810,1000000US170310814032002,0,0,0,0,0,0,0,0,0,0,0,0,0,0,0,0,0,0
4811,1000000US170310814032003,0,0,0,0,0,0,0,0,0,0,0,0,0,0,0,0,0,0
4812,1000000US170310814032004,0,0,0,0,0,0,0,0,0,0,0,0,0,0,0,0,0,0
4813,1000000US170310814032005,0,0,0,0,0,0,0,0,0,0,0,0,0,0,0,0,0,0
4814,1000000US170310814032006,0,0,0,0,0,0,0,0,0,0,0,0,0,0,0,0,0,0
4815,1000000US170310814033000,616,427,30,4,117,0,45,571,0,45,189,19,610,425,185,648,3,5
4816,1000000US170310814033001,0,0,0,0,0,0,0,0,0,0,0,0,1,0,1,0,0,0
4817,1000000US170310814033002,674,407,23,3,201,2,42,632,0,42,267,21,589,496,93,708,3,0
4818,1000000US170310814033003,131,87,2,0,34,0,8,123,0,8,44,1,119,89,30,140,0,0
4819,1000000US170310814033004,0,0,0,0,0,0,0,0,0,0,0,0,1,0,1,0,0,0
4820,1000000US170310814033005,454,313,24,0,103,4,13,441,0,13,141,14,446,356,90,462,0,1
4821,1000000US170310815001000,11,1,0,0,0,0,10,1,0,10,10,0,0,0,0,11,0,0
4822,1000000US170310815001001,252,212,1,0,29,0,10,242,0,10,40,4,227,169,58,273,0,0
4823,1000000US170310815001002,0,0,0,0,0,0,0,0,0,0,0,0,0,0,0,0,0,0
4824,1000000US170310815001003,584,452,22,3,102,1,7,577,0,7,132,13,470,387,83,617,2,0
4825,1000000US170310815001004,456,311,19,2,102,4,23,433,0,23,145,18,466,345,121,466,1,1
4826,1000000US170310815001005,0,0,0,0,0,0,0,0,0,0,0,0,0,0,0,0,0,0
4827,1000000US170310815002000,0,0,0,0,0,0,0,0,0,0,0,0,0,0,0,0,0,0
4828,1000000US170310815002001,283,232,10,1,26,0,14,269,0,14,51,3,218,194,24,307,1,0
4829,1000000US170310815002002,209,185,0,0,11,0,13,196,0,13,24,1,169,153,16,218,0,0
4830,1000000US170310815002003,3,3,0,0,0,0,0,3,0,0,0,0,2,2,0,3,0,0
4831,1000000US170310815002004,425,318,13,1,71,4,18,407,0,18,107,5,456,329,127,440,1,0
4832,1000000US170310815002005,202,170,5,2,15,0,9,193,0,9,32,4,202,129,73,213,0,0
4833,1000000US170310815002006,0,0,0,0,0,0,0,0,0,0,0,0,0,0,0,0,0,0
4834,1000000US170310815002007,0,0,0,0,0,0,0,0,0,0,0,0,0,0,0,0,0,0
4835,1000000US170310815002008,247,210,3,1,25,0,8,239,0,8,37,3,194,153,41,277,0,0
4836,1000000US170310815002009,0,0,0,0,0,0,0,0,0,0,0,0,0,0,0,0,0,0
4837,1000000US170310815002010,0,0,0,0,0,0,0,0,0,0,0,0,0,0,0,0,0,0
4838,1000000US170310815002011,0,0,0,0,0,0,0,0,0,0,0,0,0,0,0,0,0,0
4839,1000000US170310815002012,0,0,0,0,0,0,0,0,0,0,0,0,0,0,0,0,0,0
4840,1000000US170310815002013,29,18,4,0,1,0,6,23,0,6,11,0,26,26,0,29,0,0
4841,1000000US170310815002014,0,0,0,0,0,0,0,0,0,0,0,0,0,0,0,0,0,0
4842,1000000US170310815002015,0,0,0,0,0,0,0,0,0,0,0,0,0,0,0,0,0,0
4843,1000000US170310815003000,0,0,0,0,0,0,0,0,0,0,0,0,0,0,0,0,0,0
4844,1000000US170310815003001,0,0,0,0,0,0,0,0,0,0,0,0,0,0,0,0,0,0
4845,1000000US170310815003002,0,0,0,0,0,0,0,0,0,0,0,0,0,0,0,0,0,0
4846,1000000US170310815003003,550,354,28,0,138,0,32,518,0,32,196,7,450,383,67,570,0,2
4847,1000000US170310815003004,0,0,0,0,0,0,0,0,0,0,0,0,0,0,0,0,0,0
4848,1000000US170310815003005,0,0,0,0,0,0,0,0,0,0,0,0,0,0,0,0,0,0
4849,1000000US170310815003006,0,0,0,0,0,0,0,0,0,0,0,0,0,0,0,0,0,0
4850,1000000US170310815003007,716,493,41,10,144,0,37,679,0,37,223,15,676,550,126,752,8,2
4851,1000000US170310815003008,0,0,0,0,0,0,0,0,0,0,0,0,0,0,0,0,0,0
4852,1000000US170310815003009,0,0,0,0,0,0,0,0,0,0,0,0,0,0,0,0,0,0
4853,1000000US170310815003010,0,0,0,0,0,0,0,0,0,0,0,0,0,0,0,0,0,0
4854,1000000US170310815003011,0,0,0,0,0,0,0,0,0,0,0,0,0,0,0,0,0,0
4855,1000000US170310815003012,187,136,7,0,37,0,7,180,0,7,51,3,459,121,338,203,0,0
4856,1000000US170310815003013,0,0,0,0,0,0,0,0,0,0,0,0,0,0,0,0,0,0
4857,1000000US170310815003014,0,0,0,0,0,0,0,0,0,0,0,0,0,0,0,0,0,0
4858,1000000US170310816001000,379,274,12,0,86,2,7,372,0,7,105,9,292,251,41,396,0,0
4859,1000000US170310816001001,0,0,0,0,0,0,0,0,0,0,0,0,0,0,0,0,0,0
4860,1000000US170310816001002,473,357,7,3,89,0,17,456,0,17,116,7,364,308,56,511,3,0
4861,1000000US170310816001003,758,583,27,2,107,3,41,717,0,41,175,14,760,552,208,787,0,0
4862,1000000US170310816001004,0,0,0,0,0,0,0,0,0,0,0,0,0,0,0,0,0,0
4863,1000000US170310816001005,0,0,0,0,0,0,0,0,0,0,0,0,0,0,0,0,0,0
4864,1000000US170310816001006,18,14,3,0,0,0,1,17,0,1,4,0,11,9,2,18,0,0
4865,1000000US170310816001007,0,0,0,0,0,0,0,0,0,0,0,0,0,0,0,0,0,0
4866,1000000US170310816001008,0,0,0,0,0,0,0,0,0,0,0,0,0,0,0,0,0,0
4867,1000000US170310816001009,0,0,0,0,0,0,0,0,0,0,0,0,0,0,0,0,0,0
4868,1000000US170310816001010,0,0,0,0,0,0,0,0,0,0,0,0,0,0,0,0,0,0
4869,1000000US170310816001011,903,680,67,8,97,0,57,846,0,57,223,14,879,739,140,929,4,2
4870,1000000US170310816002000,0,0,0,0,0,0,0,0,0,0,0,0,0,0,0,0,0,0
4871,1000000US170310816002001,4,2,0,0,1,1,0,4,0,0,2,0,4,2,2,4,0,0
4872,1000000US170310816002002,730,587,12,0,95,0,36,694,0,36,143,4,716,613,103,748,0,0
4873,1000000US170310816002003,140,117,4,0,13,0,6,134,0,6,23,0,89,82,7,152,0,0
4874,1000000US170310817001000,456,244,93,6,84,0,35,421,0,35,212,21,384,357,27,503,3,3
4875,1000000US170310817001001,0,0,0,0,0,0,0,0,0,0,0,0,0,0,0,0,0,0
4876,1000000US170310817001002,61,44,4,0,10,1,3,58,0,3,17,1,40,39,1,65,0,0
4877,1000000US170310817001003,51,38,6,0,3,0,4,47,0,4,13,4,70,34,36,56,0,0
4878,1000000US170310817001004,0,0,0,0,0,0,0,0,0,0,0,0,0,0,0,0,0,0
4879,1000000US170310817001005,6,5,0,0,0,0,1,5,0,1,1,0,6,5,1,10,0,0
4880,1000000US170310817001006,14,12,1,0,0,0,1,13,0,1,2,0,7,6,1,15,0,0
4881,1000000US170310817001007,108,28,69,3,6,2,6,102,0,6,80,5,0,0,0,115,1,3
4882,1000000US170310817001008,0,0,0,0,0,0,0,0,0,0,0,0,0,0,0,0,0,0
4883,1000000US170310817001009,72,60,0,0,7,0,5,67,0,5,12,0,67,49,18,75,0,0
4884,1000000US170310817001010,44,37,1,1,2,0,3,41,0,3,7,3,29,25,4,48,0,1
4885,1000000US170310817001011,0,0,0,0,0,0,0,0,0,0,0,0,1,0,1,0,0,0
4886,1000000US170310817001012,289,215,13,0,45,0,17,272,0,17,74,6,240,227,13,295,0,1
4887,1000000US170310817001013,66,54,2,0,8,0,2,64,0,2,12,0,47,47,0,72,0,0
4888,1000000US170310817001014,1,1,0,0,0,0,0,1,0,0,0,0,1,1,0,1,0,0
4889,1000000US170310817002000,363,246,19,2,69,0,24,339,0,24,117,11,412,268,144,387,1,0
4890,1000000US170310817002001,0,0,0,0,0,0,0,0,0,0,0,0,0,0,0,0,0,0
4891,1000000US170310817002002,0,0,0,0,0,0,0,0,0,0,0,0,0,0,0,0,0,0
4892,1000000US170310817002003,0,0,0,0,0,0,0,0,0,0,0,0,0,0,0,0,0,0
4893,1000000US170310817002004,3,2,0,0,1,0,0,3,0,0,1,0,3,3,0,3,0,0
4894,1000000US170310817002005,0,0,0,0,0,0,0,0,0,0,0,0,0,0,0,0,0,0
4895,1000000US170310817002006,17,12,2,0,3,0,0,17,0,0,5,0,11,11,0,22,0,0
4896,1000000US170310817002007,5,3,0,0,0,0,2,3,0,2,2,0,4,3,1,5,0,0
4897,1000000US170310817002008,0,0,0,0,0,0,0,0,0,0,0,0,0,0,0,0,0,0
4898,1000000US170310817002009,0,0,0,0,0,0,0,0,0,0,0,0,0,0,0,0,0,0
4899,1000000US170310817002010,2,2,0,0,0,0,0,2,0,0,0,0,2,2,0,2,0,0
4900,1000000US170310817002011,0,0,0,0,0,0,0,0,0,0,0,0,0,0,0,0,0,0
4901,1000000US170310817002012,0,0,0,0,0,0,0,0,0,0,0,0,0,0,0,0,0,0
4902,1000000US170310817002013,0,0,0,0,0,0,0,0,0,0,0,0,0,0,0,0,0,0
4903,1000000US170310817002014,0,0,0,0,0,0,0,0,0,0,0,0,0,0,0,0,0,0
4904,1000000US170310817002015,84,31,37,1,5,2,12,72,0,12,53,4,90,81,9,84,0,1
4905,1000000US170310817002016,0,0,0,0,0,0,0,0,0,0,0,0,0,0,0,0,0,0
4906,1000000US170310817002017,0,0,0,0,0,0,0,0,0,0,0,0,0,0,0,0,0,0
4907,1000000US170310817002018,0,0,0,0,0,0,0,0,0,0,0,0,0,0,0,0,0,0
4908,1000000US170310817002019,195,133,7,0,44,1,11,184,0,11,62,3,159,142,17,199,0,0
4909,1000000US170310817002020,0,0,0,0,0,0,0,0,0,0,0,0,0,0,0,0,0,0
4910,1000000US170310817002021,0,0,0,0,0,0,0,0,0,0,0,0,0,0,0,0,0,0
4911,1000000US170310817002022,0,0,0,0,0,0,0,0,0,0,0,0,0,0,0,0,0,0
4912,1000000US170310817002023,14,11,0,0,3,0,0,14,0,0,3,0,9,9,0,14,0,0
4913,1000000US170310817002024,3,0,0,0,3,0,0,3,0,0,3,3,1,1,0,3,0,0
4914,1000000US170310817002025,0,0,0,0,0,0,0,0,0,0,0,0,0,0,0,0,0,0
4915,1000000US170310817002026,0,0,0,0,0,0,0,0,0,0,0,0,0,0,0,0,0,0
4916,1000000US170310817002027,23,19,2,0,0,0,2,21,0,2,4,1,16,15,1,27,0,0
4917,1000000US170310817002028,133,17,3,3,1,0,113,20,0,113,116,6,40,36,4,158,3,1
4918,1000000US170310817002029,0,0,0,0,0,0,0,0,0,0,0,0,0,0,0,0,0,0
4919,1000000US170310817002030,0,0,0,0,0,0,0,0,0,0,0,0,0,0,0,0,0,0
4920,1000000US170310817002031,20,15,0,0,1,0,3,17,0,3,5,1,13,13,0,20,0,0
4921,1000000US170310817002032,0,0,0,0,0,0,0,0,0,0,0,0,0,0,0,0,0,0
4922,1000000US170310817002033,0,0,0,0,0,0,0,0,0,0,0,0,0,0,0,0,0,0
4923,1000000US170310817002034,0,0,0,0,0,0,0,0,0,0,0,0,0,0,0,0,0,0
4924,1000000US170310817002035,3,3,0,0,0,0,0,3,0,0,0,0,1,1,0,3,0,0
4925,1000000US170310817002036,0,0,0,0,0,0,0,0,0,0,0,0,0,0,0,0,0,0
4926,1000000US170310817002037,0,0,0,0,0,0,0,0,0,0,0,0,0,0,0,0,0,0
4927,1000000US170310817002038,21,20,0,0,1,0,0,21,0,0,1,1,10,10,0,21,0,0
4928,1000000US170310817002039,0,0,0,0,0,0,0,0,0,0,0,0,0,0,0,0,0,0
4929,1000000US170310817002040,0,0,0,0,0,0,0,0,0,0,0,0,0,0,0,0,0,0
4930,1000000US170310817002041,2,2,0,0,0,0,0,2,0,0,0,0,2,2,0,2,0,0
4931,1000000US170310817002042,0,0,0,0,0,0,0,0,0,0,0,0,0,0,0,0,0,0
4932,1000000US170310817002043,0,0,0,0,0,0,0,0,0,0,0,0,0,0,0,0,0,0
4933,1000000US170310817002044,0,0,0,0,0,0,0,0,0,0,0,0,0,0,0,0,0,0
4934,1000000US170310817002045,0,0,0,0,0,0,0,0,0,0,0,0,0,0,0,0,0,0
4935,1000000US170310817002046,0,0,0,0,0,0,0,0,0,0,0,0,0,0,0,0,0,0
4936,1000000US170310817002047,321,222,28,0,61,0,13,308,0,13,99,8,234,221,13,335,0,0
4937,1000000US170310817002048,0,0,0,0,0,0,0,0,0,0,0,0,0,0,0,0,0,0
4938,1000000US170310817002049,517,394,10,7,78,0,29,488,0,29,123,11,460,388,72,527,5,0
4939,1000000US170310817002050,28,26,1,0,0,0,1,27,0,1,2,0,18,18,0,35,0,0
4940,1000000US170310817002051,0,0,0,0,0,0,0,0,0,0,0,0,0,0,0,0,0,0
4941,1000000US170310818001000,104,91,2,0,6,0,5,99,0,5,13,0,57,57,0,127,0,0
4942,1000000US170310818001001,14,13,0,0,1,0,0,14,0,0,1,0,9,7,2,19,0,0
4943,1000000US170310818001002,29,18,6,0,4,0,1,28,0,1,11,1,14,13,1,38,0,0
4944,1000000US170310818001003,271,240,5,0,22,1,3,268,0,3,31,4,198,189,9,287,0,0
4945,1000000US170310818001004,240,197,6,0,24,1,13,227,0,13,43,4,168,161,7,265,0,0
4946,1000000US170310818001005,336,272,12,1,38,0,12,324,0,12,64,7,241,230,11,351,0,0
4947,1000000US170310818001006,0,0,0,0,0,0,0,0,0,0,0,0,0,0,0,0,0,0
4948,1000000US170310818001007,2,2,0,0,0,0,0,2,0,0,0,0,3,2,1,2,0,0
4949,1000000US170310818001008,511,402,15,2,65,1,28,483,0,28,109,11,383,346,37,536,2,0
4950,1000000US170310818001009,162,133,0,2,22,1,6,156,0,6,29,4,125,110,15,177,0,0
4951,1000000US170310818001010,311,252,7,0,42,0,11,300,0,11,59,7,241,220,21,332,0,1
4952,1000000US170310818001011,0,0,0,0,0,0,0,0,0,0,0,0,0,0,0,0,0,0
4953,1000000US170310818001012,0,0,0,0,0,0,0,0,0,0,0,0,0,0,0,0,0,0
4954,1000000US170310818001013,126,98,5,0,17,0,6,120,0,6,28,2,99,92,7,138,0,0
4955,1000000US170310818001014,7,6,0,0,0,0,1,6,0,1,1,0,5,4,1,13,0,0
4956,1000000US170310818001015,134,111,3,1,15,0,4,130,0,4,23,2,111,106,5,145,0,0
4957,1000000US170310818001016,422,346,6,1,59,0,13,409,0,13,76,8,323,298,25,444,1,1
4958,1000000US170310818001017,214,172,6,0,27,0,10,204,0,10,42,4,158,147,11,231,0,0
4959,1000000US170310818001018,0,0,0,0,0,0,0,0,0,0,0,0,0,0,0,0,0,0
4960,1000000US170310818001019,0,0,0,0,0,0,0,0,0,0,0,0,0,0,0,0,0,0
4961,1000000US170310818001020,176,142,2,3,22,0,10,166,0,10,34,6,133,128,5,180,2,0
4962,1000000US170310818002000,0,0,0,0,0,0,0,0,0,0,0,0,0,0,0,0,0,0
4963,1000000US170310818002001,8,8,0,0,0,0,0,8,0,0,0,0,4,4,0,8,0,0
4964,1000000US170310818002002,0,0,0,0,0,0,0,0,0,0,0,0,0,0,0,0,0,0
4965,1000000US170310818002003,0,0,0,0,0,0,0,0,0,0,0,0,0,0,0,0,0,0
4966,1000000US170310818002004,13,10,1,0,2,1,0,13,0,0,3,1,6,6,0,13,0,0
4967,1000000US170310818002005,0,0,0,0,0,0,0,0,0,0,0,0,1,0,1,0,0,0
4968,1000000US170310818002006,0,0,0,0,0,0,0,0,0,0,0,0,0,0,0,0,0,0
4969,1000000US170310818002007,26,23,1,0,2,0,0,26,0,0,3,0,19,18,1,27,0,0
4970,1000000US170310818002008,0,0,0,0,0,0,0,0,0,0,0,0,0,0,0,0,0,0
4971,1000000US170310818002009,0,0,0,0,0,0,0,0,0,0,0,0,0,0,0,0,0,0
4972,1000000US170310818002010,3,0,3,0,0,0,0,3,0,0,3,0,0,0,0,3,0,0
4973,1000000US170310818002011,0,0,0,0,0,0,0,0,0,0,0,0,0,0,0,0,0,0
4974,1000000US170310818002012,0,0,0,0,0,0,0,0,0,0,0,0,0,0,0,0,0,0
4975,1000000US170310818002013,0,0,0,0,0,0,0,0,0,0,0,0,0,0,0,0,0,0
4976,1000000US170310818002014,0,0,0,0,0,0,0,0,0,0,0,0,0,0,0,0,0,0
4977,1000000US170310818002015,349,280,11,0,49,0,9,340,0,9,69,1,260,229,31,364,0,0
4978,1000000US170310818002016,154,126,3,0,18,0,6,148,0,6,28,2,200,108,92,157,0,0
4979,1000000US170310818002017,33,28,0,0,4,0,0,33,0,0,5,0,19,19,0,34,0,0
4980,1000000US170310818002018,150,126,3,1,14,1,9,141,0,9,24,1,119,110,9,158,1,0
4981,1000000US170310818002019,1,1,0,0,0,0,0,1,0,0,0,0,1,1,0,1,0,0
4982,1000000US170310818002020,0,0,0,0,0,0,0,0,0,0,0,0,0,0,0,0,0,0
4983,1000000US170310818002021,0,0,0,0,0,0,0,0,0,0,0,0,0,0,0,0,0,0
4984,1000000US170310818002022,4,4,0,0,0,0,0,4,0,0,0,0,2,2,0,4,0,0
4985,1000000US170310818002023,0,0,0,0,0,0,0,0,0,0,0,0,0,0,0,0,0,0
4986,1000000US170310818002024,5,0,5,0,0,0,0,5,0,0,5,0,2,2,0,5,0,0
4987,1000000US170310818002025,0,0,0,0,0,0,0,0,0,0,0,0,0,0,0,0,0,0
4988,1000000US170310818002026,0,0,0,0,0,0,0,0,0,0,0,0,0,0,0,0,0,0
4989,1000000US170310818002027,0,0,0,0,0,0,0,0,0,0,0,0,0,0,0,0,0,0
4990,1000000US170310818002028,0,0,0,0,0,0,0,0,0,0,0,0,0,0,0,0,0,0
4991,1000000US170310818002029,8,7,0,0,1,0,0,8,0,0,1,0,4,4,0,8,0,0
4992,1000000US170310818002030,0,0,0,0,0,0,0,0,0,0,0,0,0,0,0,0,0,0
4993,1000000US170310818002031,0,0,0,0,0,0,0,0,0,0,0,0,0,0,0,0,0,0
4994,1000000US170310818002032,0,0,0,0,0,0,0,0,0,0,0,0,0,0,0,0,0,0
4995,1000000US170310818002033,0,0,0,0,0,0,0,0,0,0,0,0,0,0,0,0,0,0
4996,1000000US170310818002034,118,103,3,1,4,0,7,111,0,7,15,1,104,91,13,120,1,0
4997,1000000US170310818002035,0,0,0,0,0,0,0,0,0,0,0,0,0,0,0,0,0,0
4998,1000000US170310818002036,0,0,0,0,0,0,0,0,0,0,0,0,0,0,0,0,0,0
4999,1000000US170310818002037,0,0,0,0,0,0,0,0,0,0,0,0,0,0,0,0,0,0
5000,1000000US170310818002038,28,28,0,0,0,0,0,28,0,0,0,0,198,22,176,29,0,0
5001,1000000US170310818002039,0,0,0,0,0,0,0,0,0,0,0,0,0,0,0,0,0,0
5002,1000000US170310818002040,0,0,0,0,0,0,0,0,0,0,0,0,0,0,0,0,0,0
5003,1000000US170310818002041,0,0,0,0,0,0,0,0,0,0,0,0,0,0,0,0,0,0
5004,1000000US170310818002042,0,0,0,0,0,0,0,0,0,0,0,0,0,0,0,0,0,0
5005,1000000US170310818002043,220,169,4,2,28,0,15,205,0,15,51,6,165,164,1,225,1,0
5006,1000000US170310818002044,0,0,0,0,0,0,0,0,0,0,0,0,0,0,0,0,0,0
5007,1000000US170310818002045,13,9,0,0,0,0,4,9,0,4,4,0,8,8,0,14,0,0
5008,1000000US170310818002046,158,114,1,2,31,0,10,148,0,10,44,1,109,100,9,169,1,0
5009,1000000US170310818002047,0,0,0,0,0,0,0,0,0,0,0,0,0,0,0,0,0,0
5010,1000000US170310818002048,0,0,0,0,0,0,0,0,0,0,0,0,0,0,0,0,0,0
5011,1000000US170310818002049,0,0,0,0,0,0,0,0,0,0,0,0,0,0,0,0,0,0
5012,1000000US170310818002050,0,0,0,0,0,0,0,0,0,0,0,0,0,0,0,0,0,0
5013,1000000US170310818002051,0,0,0,0,0,0,0,0,0,0,0,0,0,0,0,0,0,0
5014,1000000US170310818002052,202,163,2,0,27,0,6,196,0,6,39,5,145,137,8,215,0,0
5015,1000000US170310818002053,102,83,4,0,11,0,3,99,0,3,19,1,227,75,152,105,0,0
5016,1000000US170310818002054,46,41,1,0,3,0,1,45,0,1,5,1,27,26,1,54,0,0
5017,1000000US170310818002055,0,0,0,0,0,0,0,0,0,0,0,0,0,0,0,0,0,0
5018,1000000US170310818002056,434,291,39,1,75,0,24,410,0,24,143,8,371,342,29,437,0,0
5019,1000000US170310818002057,0,0,0,0,0,0,0,0,0,0,0,0,0,0,0,0,0,0
5020,1000000US170310818003000,0,0,0,0,0,0,0,0,0,0,0,0,0,0,0,0,0,0
5021,1000000US170310818003001,0,0,0,0,0,0,0,0,0,0,0,0,0,0,0,0,0,0
5022,1000000US170310818003002,0,0,0,0,0,0,0,0,0,0,0,0,0,0,0,0,0,0
5023,1000000US170310818003003,0,0,0,0,0,0,0,0,0,0,0,0,0,0,0,0,0,0
5024,1000000US170310818003004,55,53,1,0,1,0,0,55,0,0,2,0,41,38,3,58,0,0
5025,1000000US170310818003005,0,0,0,0,0,0,0,0,0,0,0,0,0,0,0,0,0,0
5026,1000000US170310818003006,187,168,2,0,11,0,6,181,0,6,19,2,127,123,4,195,0,0
5027,1000000US170310818003007,483,413,19,1,35,0,16,467,0,16,70,9,451,398,53,487,1,0
5028,1000000US170310818003008,344,303,10,1,22,0,11,333,0,11,41,6,259,240,19,372,0,1
5029,1000000US170310818003009,0,0,0,0,0,0,0,0,0,0,0,0,0,0,0,0,0,0
5030,1000000US170310818003010,0,0,0,0,0,0,0,0,0,0,0,0,0,0,0,0,0,0
5031,1000000US170310818003011,19,19,0,0,0,0,0,19,0,0,0,0,15,14,1,19,0,0
5032,1000000US170310818003012,0,0,0,0,0,0,0,0,0,0,0,0,0,0,0,0,0,0
5033,1000000US170310818003013,0,0,0,0,0,0,0,0,0,0,0,0,0,0,0,0,0,0
5034,1000000US170310818003014,8,8,0,0,0,0,0,8,0,0,0,0,5,5,0,9,0,0
5035,1000000US170310818003015,0,0,0,0,0,0,0,0,0,0,0,0,0,0,0,0,0,0
5036,1000000US170310818003016,0,0,0,0,0,0,0,0,0,0,0,0,0,0,0,0,0,0
5037,1000000US170310818003017,0,0,0,0,0,0,0,0,0,0,0,0,0,0,0,0,0,0
5038,1000000US170310818003018,3,2,0,0,0,0,1,2,0,1,1,0,2,2,0,5,0,0
5039,1000000US170310818003019,273,240,5,0,16,0,11,262,0,11,33,0,210,194,16,286,0,0
5040,1000000US170310818003020,0,0,0,0,0,0,0,0,0,0,0,0,0,0,0,0,0,0
5041,1000000US170310818003021,0,0,0,0,0,0,0,0,0,0,0,0,0,0,0,0,0,0
5042,1000000US170310818003022,0,0,0,0,0,0,0,0,0,0,0,0,0,0,0,0,0,0
5043,1000000US170310818003023,0,0,0,0,0,0,0,0,0,0,0,0,0,0,0,0,0,0
5044,1000000US170310818003024,0,0,0,0,0,0,0,0,0,0,0,0,0,0,0,0,0,0
5045,1000000US170310818003025,0,0,0,0,0,0,0,0,0,0,0,0,0,0,0,0,0,0
5046,1000000US170310818003026,0,0,0,0,0,0,0,0,0,0,0,0,0,0,0,0,0,0
5047,1000000US170310819001000,16,0,16,0,0,0,0,16,0,0,16,0,154,6,148,18,0,0
5048,1000000US170310819001001,18,0,17,0,0,0,1,17,0,1,18,1,16,8,8,23,0,0
5049,1000000US170310819001002,50,0,50,1,0,0,0,50,0,0,50,1,52,22,30,72,1,0
5050,1000000US170310819001003,125,88,13,0,19,0,7,118,0,7,37,4,78,72,6,134,0,0
5051,1000000US170310819001004,320,264,10,0,31,0,15,305,0,15,56,2,243,210,33,343,0,0
5052,1000000US170310819001005,122,4,118,1,0,0,0,122,0,0,118,1,164,58,106,185,0,0
5053,1000000US170310819001006,33,0,33,0,0,0,0,33,0,0,33,0,40,17,23,53,0,0
5054,1000000US170310819001007,32,0,32,2,0,0,0,32,0,0,32,2,41,18,23,59,2,0
5055,1000000US170310819001008,36,4,32,0,0,0,0,36,0,0,32,0,54,16,38,51,0,0
5056,1000000US170310819001009,31,0,31,1,0,0,0,31,0,0,31,1,36,19,17,40,0,0
5057,1000000US170310819001010,23,0,23,0,2,0,0,23,0,0,23,2,16,10,6,33,0,0
5058,1000000US170310819001011,39,33,2,0,4,0,0,39,0,0,6,0,26,25,1,42,0,0
5059,1000000US170310901001000,0,0,0,0,0,0,0,0,0,0,0,0,0,0,0,0,0,0
5060,1000000US170310901001001,4,4,0,0,0,0,0,4,0,0,0,0,6,4,2,4,0,0
5061,1000000US170310901001002,34,27,1,0,4,0,2,32,0,2,7,0,27,25,2,41,0,0
5062,1000000US170310901001003,19,19,0,0,0,0,0,19,0,0,0,0,8,8,0,21,0,0
5063,1000000US170310901001004,18,12,2,0,0,0,5,13,0,5,6,0,7,7,0,24,0,1
5064,1000000US170310901001005,16,14,0,0,1,0,1,15,0,1,2,0,9,8,1,16,0,0
5065,1000000US170310901001006,8,8,0,0,0,0,0,8,0,0,0,0,6,5,1,8,0,0
5066,1000000US170310901001007,29,28,0,0,0,0,1,28,0,1,1,0,15,14,1,38,0,0
5067,1000000US170310901001008,28,24,1,0,3,0,1,27,0,1,4,0,15,14,1,35,0,1
5068,1000000US170310901001009,25,21,0,0,0,0,4,21,0,4,4,0,14,11,3,29,0,0
5069,1000000US170310901001010,19,17,0,0,1,0,2,17,0,2,2,1,11,11,0,27,0,0
5070,1000000US170310901001011,21,20,1,0,0,0,0,21,0,0,1,0,11,11,0,23,0,0
5071,1000000US170310901001012,31,31,0,0,0,0,0,31,0,0,0,0,12,12,0,43,0,0
5072,1000000US170310901001013,25,22,0,2,0,0,3,22,0,3,3,0,15,14,1,34,2,0
5073,1000000US170310901001014,22,17,0,0,0,0,5,17,0,5,5,0,13,12,1,29,0,0
5074,1000000US170310901001015,25,24,0,0,0,0,1,24,0,1,1,0,13,13,0,33,0,0
5075,1000000US170310901001016,22,21,0,0,0,0,1,21,0,1,1,0,12,12,0,33,0,0
5076,1000000US170310901001017,29,29,0,0,0,0,0,29,0,0,0,0,15,15,0,39,0,0
5077,1000000US170310901001018,36,35,0,0,0,0,1,35,0,1,1,0,16,16,0,53,0,0
5078,1000000US170310901001019,32,30,0,0,0,0,2,30,0,2,2,0,17,17,0,37,0,0
5079,1000000US170310901001020,33,33,0,0,0,0,0,33,0,0,0,0,15,15,0,47,0,0
5080,1000000US170310901001021,30,28,0,0,0,0,2,28,0,2,2,0,15,15,0,39,0,0
5081,1000000US170310901001022,24,24,0,0,0,0,0,24,0,0,0,0,15,14,1,33,0,0
5082,1000000US170310901001023,29,28,0,0,0,0,1,28,0,1,1,0,14,14,0,42,0,0
5083,1000000US170310901001024,35,27,1,0,0,0,7,28,0,7,8,1,16,16,0,39,0,0
5084,1000000US170310901001025,30,26,0,0,2,0,2,28,0,2,4,0,17,15,2,37,0,0
5085,1000000US170310901001026,30,30,0,0,0,0,0,30,0,0,0,0,19,17,2,34,0,0
5086,1000000US170310901001027,34,27,0,0,6,0,1,33,0,1,7,0,19,18,1,38,0,0
5087,1000000US170310901001028,13,11,0,0,0,0,2,11,0,2,2,0,8,8,0,16,0,0
5088,1000000US170310901001029,83,68,0,0,1,0,14,69,0,14,15,0,48,45,3,92,0,0
5089,1000000US170310901002000,122,93,1,0,15,0,12,110,0,12,29,2,85,81,4,141,0,0
5090,1000000US170310901002001,28,27,0,0,0,0,1,27,0,1,1,0,18,15,3,36,0,0
5091,1000000US170310901002002,32,28,0,0,0,0,4,28,0,4,4,0,18,18,0,39,0,0
5092,1000000US170310901002003,35,34,0,0,0,0,1,34,0,1,1,0,16,16,0,50,0,0
5093,1000000US170310901002004,25,22,0,0,0,0,0,25,0,0,3,2,14,14,0,30,0,0
5094,1000000US170310901002005,27,26,0,0,0,0,1,26,0,1,1,0,15,15,0,39,0,0
5095,1000000US170310901002006,24,21,0,0,0,0,3,21,0,3,3,0,12,12,0,34,0,0
5096,1000000US170310901002007,28,25,0,0,2,0,1,27,0,1,3,0,14,13,1,47,0,0
5097,1000000US170310901002008,26,21,0,0,0,0,5,21,0,5,5,0,15,15,0,38,0,0
5098,1000000US170310901002009,26,26,0,0,0,0,0,26,0,0,0,0,15,14,1,34,0,0
5099,1000000US170310901002010,33,31,1,0,0,0,1,32,0,1,2,0,15,15,0,46,0,0
5100,1000000US170310901002011,25,25,0,0,0,0,0,25,0,0,0,0,14,14,0,31,0,0
5101,1000000US170310901002012,24,18,0,1,0,1,6,18,0,6,6,5,10,10,0,26,0,0
5102,1000000US170310901002013,24,22,0,0,0,0,2,22,0,2,2,0,13,13,0,28,0,0
5103,1000000US170310901002014,24,24,0,0,0,0,0,24,0,0,0,0,10,10,0,25,0,0
5104,1000000US170310901002015,12,11,0,0,0,0,1,11,0,1,1,0,5,5,0,15,0,0
5105,1000000US170310901002016,26,24,0,0,1,0,2,24,0,2,2,0,10,10,0,27,0,0
5106,1000000US170310901002017,23,21,0,0,2,0,0,23,0,0,2,0,11,11,0,33,0,0
5107,1000000US170310901002018,28,28,0,0,0,0,0,28,0,0,0,0,12,12,0,37,0,0
5108,1000000US170310901002019,24,23,0,0,0,0,1,23,0,1,1,0,12,12,0,34,0,0
5109,1000000US170310901002020,17,15,0,0,2,0,0,17,0,0,2,0,12,11,1,20,0,0
5110,1000000US170310901002021,22,21,0,0,1,0,0,22,0,0,1,0,12,12,0,29,0,0
5111,1000000US170310901002022,24,24,0,0,0,0,0,24,0,0,0,0,13,13,0,32,0,0
5112,1000000US170310901002023,0,0,0,0,0,0,0,0,0,0,0,0,0,0,0,0,0,0
5113,1000000US170310901002024,5,5,0,0,0,0,0,5,0,0,0,0,4,4,0,6,0,0
5114,1000000US170310901002025,0,0,0,0,0,0,0,0,0,0,0,0,0,0,0,0,0,0
5115,1000000US170310901002026,18,14,0,0,0,0,4,14,0,4,4,0,9,9,0,22,0,0
5116,1000000US170310901002027,0,0,0,0,0,0,0,0,0,0,0,0,0,0,0,0,0,0
5117,1000000US170310901002028,8,7,0,0,0,0,1,7,0,1,1,0,5,5,0,12,0,0
5118,1000000US170310901003000,24,24,0,0,0,0,0,24,0,0,0,0,13,12,1,34,0,0
5119,1000000US170310901003001,34,28,0,0,3,0,3,31,0,3,6,0,15,15,0,46,0,0
5120,1000000US170310901003002,27,25,0,0,0,0,2,25,0,2,2,0,15,14,1,35,0,0
5121,1000000US170310901003003,32,31,0,0,0,0,1,31,0,1,1,0,18,18,0,39,0,0
5122,1000000US170310901003004,30,30,0,0,0,0,0,30,0,0,0,0,17,16,1,44,0,0
5123,1000000US170310901003005,31,26,0,0,1,0,4,27,0,4,5,1,17,15,2,37,0,0
5124,1000000US170310901003006,3,3,0,0,0,0,0,3,0,0,0,0,3,2,1,3,0,0
5125,1000000US170310901003007,95,77,0,0,7,0,11,84,0,11,18,0,47,47,0,122,0,0
5126,1000000US170310901003008,25,24,0,0,0,0,1,24,0,1,1,0,14,14,0,30,0,0
5127,1000000US170310901003009,6,6,0,0,0,0,0,6,0,0,0,0,6,5,1,6,0,0
5128,1000000US170310901003010,13,11,0,0,0,0,2,11,0,2,2,0,7,7,0,18,0,0
5129,1000000US170310901003011,16,10,1,0,0,0,5,11,0,5,6,0,5,5,0,20,0,0
5130,1000000US170310901003012,8,4,0,0,4,0,2,6,0,2,4,0,4,4,0,9,0,0
5131,1000000US170310901003013,7,5,0,0,0,0,2,5,0,2,2,0,4,4,0,7,0,0
5132,1000000US170310901003014,8,7,0,0,0,0,1,7,0,1,1,0,4,4,0,14,0,0
5133,1000000US170310901003015,7,4,0,0,0,0,3,4,0,3,3,0,3,3,0,12,0,0
5134,1000000US170310901003016,4,4,0,0,0,0,0,4,0,0,0,0,3,3,0,4,0,0
5135,1000000US170310901003017,55,50,0,0,4,0,1,54,0,1,5,2,28,28,0,64,0,0
5136,1000000US170310901003018,21,20,0,0,1,0,0,21,0,0,1,0,10,9,1,29,0,0
5137,1000000US170310901003019,39,31,0,0,2,0,6,33,0,6,8,0,21,18,3,47,0,0
5138,1000000US170310901003020,29,28,0,0,0,0,1,28,0,1,1,0,15,15,0,34,0,0
5139,1000000US170310901003021,24,22,0,0,2,0,0,24,0,0,2,2,13,11,2,26,0,0
5140,1000000US170310901003022,0,0,0,0,0,0,0,0,0,0,0,0,0,0,0,0,0,0
5141,1000000US170310901003023,5,4,0,1,0,0,1,4,0,1,1,1,5,3,2,5,0,0
5142,1000000US170310901004000,10,9,0,0,1,0,0,10,0,0,1,0,7,7,0,13,0,0
5143,1000000US170310901004001,9,9,0,0,0,0,0,9,0,0,0,0,6,6,0,10,0,0
5144,1000000US170310901004002,12,12,0,0,0,0,0,12,0,0,0,0,6,6,0,16,0,0
5145,1000000US170310901004003,31,27,0,0,3,0,1,30,0,1,4,0,17,16,1,36,0,0
5146,1000000US170310901004004,22,22,0,0,0,0,0,22,0,0,0,0,12,11,1,36,0,0
5147,1000000US170310901004005,36,33,0,0,1,0,2,34,0,2,3,0,19,16,3,52,0,0
5148,1000000US170310901004006,14,10,0,0,0,0,4,10,0,4,4,0,9,8,1,14,0,0
5149,1000000US170310901004007,16,16,0,0,0,0,0,16,0,0,0,0,8,8,0,16,0,0
5150,1000000US170310901004008,14,14,0,0,0,0,0,14,0,0,0,0,7,7,0,22,0,0
5151,1000000US170310901004009,13,12,0,0,0,0,1,12,0,1,1,0,7,7,0,14,0,0
5152,1000000US170310901004010,10,8,0,0,1,0,1,9,0,1,2,1,6,6,0,15,0,0
5153,1000000US170310901004011,19,19,0,0,0,0,0,19,0,0,0,0,9,9,0,25,0,0
5154,1000000US170310901004012,22,20,0,0,0,0,2,20,0,2,2,2,11,11,0,32,0,0
5155,1000000US170310901004013,27,26,0,0,0,0,1,26,0,1,1,0,13,13,0,30,0,0
5156,1000000US170310901004014,26,24,0,0,0,0,2,24,0,2,2,0,13,13,0,32,0,0
5157,1000000US170310901004015,34,29,0,0,0,0,5,29,0,5,5,0,17,17,0,45,0,0
5158,1000000US170310901004016,25,24,0,0,1,0,0,25,0,0,1,0,11,10,1,31,0,0
5159,1000000US170310901004017,21,21,0,0,0,0,0,21,0,0,0,0,11,11,0,24,0,0
5160,1000000US170310901004018,22,17,0,0,2,0,3,19,0,3,5,0,14,14,0,26,0,0
5161,1000000US170310901004019,18,15,0,1,1,0,0,18,0,0,3,0,12,11,1,20,1,0
5162,1000000US170310901004020,33,22,0,0,9,0,2,31,0,2,11,0,14,14,0,39,0,0
5163,1000000US170310901004021,21,19,0,0,0,0,2,19,0,2,2,0,14,12,2,25,0,0
5164,1000000US170310901004022,25,21,1,1,1,0,1,24,0,1,4,2,11,11,0,35,0,0
5165,1000000US170310901004023,18,18,0,0,0,0,0,18,0,0,0,0,10,10,0,26,0,0
5166,1000000US170310901004024,28,25,0,0,1,0,2,26,0,2,3,0,15,15,0,43,0,0
5167,1000000US170310901004025,36,27,0,0,7,0,2,34,0,2,9,0,18,17,1,50,0,0
5168,1000000US170310901004026,30,30,0,0,0,0,0,30,0,0,0,0,18,17,1,35,0,0
5169,1000000US170310901004027,8,8,0,0,0,0,0,8,0,0,0,0,3,3,0,12,0,0
5170,1000000US170310901004028,19,18,0,0,0,0,1,18,0,1,1,0,10,10,0,23,0,0
5171,1000000US170310901004029,15,15,0,0,0,0,0,15,0,0,0,0,7,7,0,15,0,0
5172,1000000US170310901004030,8,8,0,0,0,0,0,8,0,0,0,0,5,5,0,13,0,0
5173,1000000US170310902001000,5,2,0,0,2,0,1,4,0,1,3,2,4,4,0,6,0,0
5174,1000000US170310902001001,6,6,0,0,0,0,0,6,0,0,0,0,3,2,1,6,0,0
5175,1000000US170310902001002,28,18,0,0,3,0,7,21,0,7,10,0,12,11,1,34,0,0
5176,1000000US170310902001003,23,22,0,0,0,0,1,22,0,1,1,0,14,12,2,34,0,0
5177,1000000US170310902001004,31,26,0,0,0,0,5,26,0,5,5,0,16,15,1,41,0,0
5178,1000000US170310902001005,36,33,0,0,0,0,3,33,0,3,3,0,14,14,0,48,0,0
5179,1000000US170310902001006,14,12,0,0,0,0,2,12,0,2,2,0,6,6,0,19,0,0
5180,1000000US170310902001007,0,0,0,0,0,0,0,0,0,0,0,0,0,0,0,0,0,0
5181,1000000US170310902001008,18,17,0,0,1,0,0,18,0,0,1,0,11,10,1,25,0,0
5182,1000000US170310902001009,38,36,1,0,0,0,1,37,0,1,2,1,15,14,1,45,0,0
5183,1000000US170310902001010,23,23,0,0,0,0,0,23,0,0,0,0,12,11,1,32,0,0
5184,1000000US170310902001011,24,24,0,0,0,0,0,24,0,0,0,0,13,12,1,34,0,0
5185,1000000US170310902001012,32,30,0,0,0,0,2,30,0,2,2,0,15,15,0,49,0,0
5186,1000000US170310902001013,19,19,0,0,0,0,0,19,0,0,0,0,11,10,1,31,0,0
5187,1000000US170310902001014,11,10,0,0,0,0,1,10,0,1,1,0,6,6,0,19,0,0
5188,1000000US170310902001015,34,23,0,2,0,0,11,23,0,11,11,2,11,11,0,42,0,0
5189,1000000US170310902001016,26,25,0,0,0,0,1,25,0,1,1,1,15,14,1,37,0,0
5190,1000000US170310902001017,32,32,0,0,0,0,0,32,0,0,0,0,15,15,0,47,0,0
5191,1000000US170310902001018,25,25,0,0,0,0,0,25,0,0,0,0,11,11,0,39,0,0
5192,1000000US170310902001019,31,31,0,0,0,0,0,31,0,0,0,0,14,14,0,41,0,0
5193,1000000US170310902001020,28,28,0,0,0,0,0,28,0,0,0,0,13,12,1,34,0,0
5194,1000000US170310902001021,31,19,0,0,6,0,6,25,0,6,12,0,15,15,0,37,0,0
5195,1000000US170310902001022,22,20,0,1,1,0,0,22,0,0,2,2,11,11,0,29,0,0
5196,1000000US170310902001023,33,30,0,0,2,0,2,31,0,2,3,2,16,16,0,45,0,0
5197,1000000US170310902001024,21,21,0,0,0,0,0,21,0,0,0,0,11,10,1,25,0,0
5198,1000000US170310902001025,23,19,0,0,2,0,2,21,0,2,4,0,11,11,0,28,0,0
5199,1000000US170310902001026,36,32,0,0,4,0,0,36,0,0,4,0,15,15,0,45,0,0
5200,1000000US170310902001027,30,29,0,0,0,0,1,29,0,1,1,0,15,15,0,38,0,0
5201,1000000US170310902001028,20,19,0,0,1,0,0,20,0,0,1,0,11,11,0,25,0,0
5202,1000000US170310902002000,33,30,0,1,0,0,3,30,0,3,3,1,16,16,0,53,1,0
5203,1000000US170310902002001,30,26,0,0,2,0,1,29,0,1,4,0,14,14,0,48,0,0
5204,1000000US170310902002002,36,36,0,0,0,0,0,36,0,0,0,0,17,16,1,59,0,0
5205,1000000US170310902002003,28,27,0,0,0,0,1,27,0,1,1,0,15,15,0,38,0,0
5206,1000000US170310902002004,33,32,0,0,0,0,1,32,0,1,1,0,16,16,0,46,0,0
5207,1000000US170310902002005,27,27,0,0,0,0,0,27,0,0,0,0,18,18,0,27,0,0
5208,1000000US170310902002006,24,20,0,0,0,0,4,20,0,4,4,0,13,12,1,34,0,0
5209,1000000US170310902002007,1,1,0,0,0,0,0,1,0,0,0,0,1,1,0,1,0,0
5210,1000000US170310902002008,38,38,0,0,0,0,0,38,0,0,0,0,16,16,0,48,0,0
5211,1000000US170310902002009,31,27,0,0,0,0,4,27,0,4,4,0,16,15,1,46,0,0
5212,1000000US170310902002010,35,32,0,0,2,0,1,34,0,1,3,0,14,14,0,45,0,0
5213,1000000US170310902002011,37,34,0,0,0,0,3,34,0,3,3,0,18,18,0,47,0,0
5214,1000000US170310902002012,40,35,0,0,4,0,1,39,0,1,5,2,18,17,1,52,0,0
5215,1000000US170310902002013,32,23,0,0,0,0,9,23,0,9,9,0,16,15,1,42,0,0
5216,1000000US170310902002014,89,66,3,0,3,0,19,70,0,19,23,2,57,54,3,110,0,2
5217,1000000US170310902002015,31,28,0,0,0,0,3,28,0,3,3,0,18,17,1,50,0,0
5218,1000000US170310902002016,55,44,0,0,6,0,5,50,0,5,11,0,27,27,0,76,0,0
5219,1000000US170310902002017,36,34,0,0,0,0,2,34,0,2,2,0,17,16,1,56,0,0
5220,1000000US170310902002018,30,29,0,0,1,0,0,30,0,0,1,0,16,16,0,37,0,0
5221,1000000US170310902002019,18,18,0,0,0,0,0,18,0,0,0,0,11,11,0,23,0,0
5222,1000000US170310902002020,38,36,0,0,0,0,2,36,0,2,2,0,18,17,1,61,0,0
5223,1000000US170310902002021,25,24,0,0,0,0,1,24,0,1,1,0,14,14,0,32,0,0
5224,1000000US170310902002022,29,23,0,0,3,1,3,26,0,3,6,0,15,15,0,40,0,0
5225,1000000US170310902002023,0,0,0,0,0,0,0,0,0,0,0,0,0,0,0,0,0,0
5226,1000000US170310902002024,15,13,0,0,0,0,2,13,0,2,2,0,7,7,0,24,0,0
5227,1000000US170310902002025,15,15,0,0,0,0,0,15,0,0,0,0,7,7,0,26,0,0
5228,1000000US170310902002026,18,15,0,0,3,0,0,18,0,0,3,0,9,9,0,21,0,0
5229,1000000US170310902002027,22,22,0,0,0,0,0,22,0,0,0,0,9,9,0,28,0,0
5230,1000000US170310902002028,30,28,0,1,1,0,0,30,0,0,2,1,16,16,0,35,0,0
5231,1000000US170310902002029,15,10,0,0,4,0,1,14,0,1,5,1,8,8,0,18,0,0
5232,1000000US170310902002030,53,40,0,0,3,1,10,43,0,10,13,1,34,28,6,65,0,0
5233,1000000US170310902003000,19,19,0,0,0,0,0,19,0,0,0,0,11,10,1,24,0,0
5234,1000000US170310902003001,22,22,0,0,0,0,0,22,0,0,0,0,13,13,0,33,0,0
5235,1000000US170310902003002,16,14,0,0,0,0,2,14,0,2,2,0,7,7,0,20,0,0
5236,1000000US170310902003003,12,12,0,0,0,0,0,12,0,0,0,0,4,3,1,13,0,0
5237,1000000US170310902003004,24,21,0,0,0,0,3,21,0,3,3,0,13,11,2,29,0,0
5238,1000000US170310902003005,20,20,0,0,0,0,0,20,0,0,0,0,15,15,0,22,0,0
5239,1000000US170310902003006,27,27,0,0,0,0,0,27,0,0,0,0,14,13,1,35,0,0
5240,1000000US170310902003007,21,17,1,0,1,0,2,19,0,2,4,0,15,12,3,21,0,0
5241,1000000US170310902003008,21,21,0,0,0,0,0,21,0,0,0,0,18,15,3,27,0,0
5242,1000000US170310902003009,24,21,0,2,0,0,2,22,0,2,3,2,11,11,0,30,0,0
5243,1000000US170310902003010,12,12,0,0,0,0,0,12,0,0,0,0,5,5,0,22,0,0
5244,1000000US170310902003011,14,12,0,0,0,0,2,12,0,2,2,0,6,6,0,16,0,0
5245,1000000US170310902003012,24,22,0,0,1,1,0,24,0,0,2,0,12,12,0,32,0,0
5246,1000000US170310902003013,44,42,0,1,0,0,1,43,0,1,2,1,38,37,1,49,0,0
5247,1000000US170310902003014,45,37,1,1,3,0,4,41,0,4,8,1,35,32,3,55,0,0
5248,1000000US170310902003015,0,0,0,0,0,0,0,0,0,0,0,0,0,0,0,0,0,0
5249,1000000US170310902003016,18,16,0,0,1,0,1,17,0,1,2,2,14,13,1,22,0,0
5250,1000000US170310902003017,27,25,0,0,1,0,0,27,0,0,2,1,15,15,0,28,0,0
5251,1000000US170310902003018,33,29,0,0,1,0,3,30,0,3,4,0,25,20,5,36,0,0
5252,1000000US170310902003019,0,0,0,0,0,0,0,0,0,0,0,0,0,0,0,0,0,0
5253,1000000US170310902003020,27,19,1,0,1,0,6,21,0,6,8,0,19,17,2,32,0,0
5254,1000000US170310902003021,0,0,0,0,0,0,0,0,0,0,0,0,0,0,0,0,0,0
5255,1000000US170310902003022,39,31,0,0,1,0,7,32,0,7,8,2,23,20,3,46,0,0
5256,1000000US170310902003023,41,41,0,0,0,0,0,41,0,0,0,0,30,27,3,42,0,0
5257,1000000US170310902003024,22,22,0,0,0,0,0,22,0,0,0,0,7,7,0,30,0,0
5258,1000000US170310902003025,435,383,2,3,13,1,35,400,0,35,52,8,306,288,18,500,0,0
5259,1000000US170310902003026,236,209,0,1,10,0,16,220,0,16,27,3,184,168,16,250,0,0
5260,1000000US170310902003027,65,50,0,0,7,0,8,57,0,8,15,0,47,44,3,76,0,0
5261,1000000US170310902003028,0,0,0,0,0,0,0,0,0,0,0,0,0,0,0,0,0,0
5262,1000000US170310902003029,14,7,1,0,1,0,5,9,0,5,7,0,9,8,1,18,0,0
5263,1000000US170310902004000,187,176,0,1,3,0,8,179,0,8,11,1,89,89,0,241,0,0
5264,1000000US170310902004001,166,154,0,0,7,0,6,160,0,6,12,1,82,82,0,224,0,0
5265,1000000US170310902004002,52,46,0,0,6,0,0,52,0,0,6,0,26,25,1,60,0,0
5266,1000000US170310902004003,24,23,0,0,0,0,1,23,0,1,1,0,8,8,0,33,0,0
5267,1000000US170310902004004,54,52,2,0,0,0,0,54,0,0,2,0,25,25,0,60,0,0
5268,1000000US170310902004005,24,24,0,0,0,0,0,24,0,0,0,0,14,14,0,37,0,0
5269,1000000US170310902004006,18,17,0,0,0,0,1,17,0,1,1,0,11,10,1,24,0,0
5270,1000000US170310902004007,66,61,1,0,1,0,3,63,0,3,5,0,56,49,7,73,0,0
5271,1000000US170310902004008,34,34,0,0,0,0,0,34,0,0,0,0,15,15,0,41,0,0
5272,1000000US170310902004009,23,23,0,0,0,0,0,23,0,0,0,0,12,12,0,30,0,0
5273,1000000US170310902004010,21,20,0,0,0,0,1,20,0,1,1,0,11,11,0,36,0,0
5274,1000000US170310902004011,37,35,0,0,0,0,2,35,0,2,2,0,13,13,0,50,0,0
5275,1000000US170310902004012,28,27,0,0,0,0,1,27,0,1,1,0,11,11,0,43,0,0
5276,1000000US170310902004013,11,7,0,0,2,0,2,9,0,2,4,0,6,6,0,15,0,0
5277,1000000US170310902004014,161,154,0,0,1,0,6,155,0,6,7,0,120,113,7,179,0,0
5278,1000000US170310902004015,54,46,1,1,0,0,7,47,0,7,8,1,46,42,4,57,0,1
5279,1000000US170310902004016,9,9,0,0,0,0,0,9,0,0,0,0,7,6,1,10,0,0
5280,1000000US170310902004017,2,1,1,0,0,0,0,2,0,0,1,1,1,1,0,3,0,0
5281,1000000US170310902004018,6,6,0,0,0,0,0,6,0,0,0,0,4,3,1,9,0,0
5282,1000000US170310902004019,14,11,0,0,0,0,3,11,0,3,3,1,7,7,0,20,0,0
5283,1000000US170310902004020,19,19,0,0,0,0,0,19,0,0,0,0,10,10,0,30,0,0
5284,1000000US170310902004021,63,56,0,0,7,1,1,62,0,1,7,1,37,36,1,74,0,0
5285,1000000US170310902004022,0,0,0,0,0,0,0,0,0,0,0,0,0,0,0,0,0,0
5286,1000000US170310902004023,34,32,0,0,0,0,2,32,0,2,2,0,17,17,0,46,0,0
5287,1000000US170310902004024,28,26,1,0,0,0,1,27,0,1,2,2,17,16,1,31,0,0
5288,1000000US170310902004025,9,3,0,0,0,0,6,3,0,6,6,0,5,4,1,9,0,0
5289,1000000US170310902004026,16,15,0,0,1,0,0,16,0,0,1,1,14,11,3,16,0,0
5290,1000000US170310902004027,39,32,1,0,1,0,5,34,0,5,7,1,27,25,2,47,0,0
5291,1000000US170310902004028,15,12,0,0,2,0,1,14,0,1,3,2,13,12,1,15,0,0
5292,1000000US170310902004029,93,85,0,0,0,0,8,85,0,8,8,0,64,63,1,99,0,0
5293,1000000US170310902004030,74,66,0,0,0,0,8,66,0,8,8,0,59,56,3,81,0,0
5294,1000000US170310902004031,30,23,0,0,0,0,7,23,0,7,7,1,27,24,3,34,0,0
5295,1000000US170310902004032,59,55,0,0,2,0,2,57,0,2,4,0,44,40,4,74,0,0
5296,1000000US170310902004033,0,0,0,0,0,0,0,0,0,0,0,0,0,0,0,0,0,0
5297,1000000US170310902004034,0,0,0,0,0,0,0,0,0,0,0,0,0,0,0,0,0,0
5298,1000000US170310902004035,0,0,0,0,0,0,0,0,0,0,0,0,0,0,0,0,0,0
5299,1000000US170310902004036,94,85,0,0,1,0,8,86,0,8,9,1,81,67,14,102,0,0
5300,1000000US170310902004037,2,2,0,0,0,0,0,2,0,0,0,0,2,2,0,2,0,0
5301,1000000US170310902005000,36,30,0,0,0,0,6,30,0,6,6,0,14,14,0,49,0,0
5302,1000000US170310902005001,30,30,0,0,0,0,0,30,0,0,0,0,15,15,0,42,0,0
5303,1000000US170310902005002,29,25,4,0,0,0,0,29,0,0,4,0,12,12,0,38,0,0
5304,1000000US170310902005003,32,32,0,0,0,0,0,32,0,0,0,0,13,13,0,49,0,0
5305,1000000US170310902005004,33,28,0,0,0,0,5,28,0,5,5,0,14,14,0,39,0,0
5306,1000000US170310902005005,29,25,1,0,0,0,3,26,0,3,4,0,13,13,0,38,0,0
5307,1000000US170310902005006,31,29,0,0,0,0,2,29,0,2,2,0,13,13,0,49,0,0
5308,1000000US170310902005007,27,26,0,0,0,0,1,26,0,1,1,0,12,12,0,35,0,0
5309,1000000US170310902005008,25,24,0,0,0,0,1,24,0,1,1,0,12,12,0,35,0,0
5310,1000000US170310902005009,25,24,0,0,0,0,1,24,0,1,1,0,12,12,0,38,0,0
5311,1000000US170310902005010,19,18,0,0,0,0,1,18,0,1,1,0,12,11,1,21,0,0
5312,1000000US170310902005011,34,33,0,0,0,0,1,33,0,1,1,0,14,13,1,45,0,0
5313,1000000US170310902005012,34,34,0,0,0,0,0,34,0,0,0,0,15,15,0,40,0,0
5314,1000000US170310902005013,27,26,0,0,0,0,1,26,0,1,1,0,12,12,0,33,0,0
5315,1000000US170310902005014,23,23,0,0,0,0,0,23,0,0,0,0,12,12,0,33,0,0
5316,1000000US170310902005015,24,23,0,0,1,0,0,24,0,0,1,0,12,12,0,27,0,0
5317,1000000US170310902005016,31,29,0,0,0,0,2,29,0,2,2,0,13,13,0,41,0,0
5318,1000000US170310902005017,21,18,0,0,1,0,2,19,0,2,3,0,12,12,0,29,0,0
5319,1000000US170310902005018,29,26,0,0,2,0,1,28,0,1,3,2,13,13,0,47,0,0
5320,1000000US170310902005019,31,29,0,0,0,0,2,29,0,2,2,0,14,14,0,48,0,0
5321,1000000US170310902005020,34,30,0,0,0,0,4,30,0,4,4,0,14,14,0,40,0,0
5322,1000000US170310902005021,29,29,0,0,0,0,0,29,0,0,0,0,14,13,1,42,0,0
5323,1000000US170310902005022,23,23,0,0,0,0,0,23,0,0,0,0,15,14,1,40,0,0
5324,1000000US170310902005023,26,26,0,0,0,0,0,26,0,0,0,0,14,14,0,30,0,0
5325,1000000US170310903001000,34,29,0,0,0,0,5,29,0,5,5,0,19,19,0,46,0,0
5326,1000000US170310903001001,36,30,0,1,0,0,5,31,0,5,6,1,21,20,1,39,0,0
5327,1000000US170310903001002,25,25,0,0,0,0,0,25,0,0,0,0,14,12,2,34,0,0
5328,1000000US170310903001003,28,28,0,0,0,0,0,28,0,0,0,0,12,12,0,41,0,0
5329,1000000US170310903001004,22,22,0,0,0,0,0,22,0,0,0,0,12,12,0,26,0,0
5330,1000000US170310903001005,13,12,0,0,0,0,1,12,0,1,1,0,7,7,0,21,0,0
5331,1000000US170310903001006,23,23,0,0,0,0,0,23,0,0,0,0,11,11,0,40,0,0
5332,1000000US170310903001007,27,27,0,0,0,0,0,27,0,0,0,0,14,13,1,33,0,0
5333,1000000US170310903001008,27,25,0,0,1,0,1,26,0,1,2,0,15,14,1,35,0,0
5334,1000000US170310903001009,18,16,0,0,0,0,2,16,0,2,2,0,10,9,1,25,0,0
5335,1000000US170310903001010,33,30,0,0,3,0,0,33,0,0,3,0,17,17,0,51,0,0
5336,1000000US170310903001011,0,0,0,0,0,0,0,0,0,0,0,0,1,0,1,0,0,0
5337,1000000US170310903001012,0,0,0,0,0,0,0,0,0,0,0,0,0,0,0,0,0,0
5338,1000000US170310903001013,37,37,0,0,0,0,0,37,0,0,0,0,18,17,1,48,0,0
5339,1000000US170310903001014,31,31,0,0,0,0,0,31,0,0,0,0,17,17,0,48,0,0
5340,1000000US170310903001015,33,32,0,0,0,0,1,32,0,1,1,0,16,15,1,50,0,0
5341,1000000US170310903001016,30,27,0,1,1,0,1,29,0,1,3,0,16,16,0,35,1,0
5342,1000000US170310903001017,41,35,0,0,0,0,6,35,0,6,6,0,21,19,2,52,0,0
5343,1000000US170310903001018,27,27,0,0,0,0,0,27,0,0,0,0,17,16,1,34,0,0
5344,1000000US170310903001019,17,16,0,0,0,0,1,16,0,1,1,0,11,11,0,30,0,0
5345,1000000US170310903001020,9,9,0,0,0,0,0,9,0,0,0,0,4,4,0,10,0,0
5346,1000000US170310903001021,0,0,0,0,0,0,0,0,0,0,0,0,0,0,0,0,0,0
5347,1000000US170310903001022,34,31,0,0,1,0,2,32,0,2,3,0,17,16,1,51,0,0
5348,1000000US170310903001023,0,0,0,0,0,0,0,0,0,0,0,0,0,0,0,0,0,0
5349,1000000US170310903001024,49,37,1,0,9,0,2,47,0,2,12,2,30,29,1,60,0,0
5350,1000000US170310903001025,14,10,0,0,4,0,0,14,0,0,4,0,10,8,2,15,0,0
5351,1000000US170310903001026,82,72,0,1,0,0,9,73,0,9,10,1,51,46,5,106,0,0
5352,1000000US170310903001027,111,99,0,0,2,0,10,101,0,10,12,0,67,67,0,139,0,0
5353,1000000US170310903001028,24,22,0,0,1,0,1,23,0,1,2,1,16,15,1,32,0,0
5354,1000000US170310903001029,34,33,0,0,1,0,0,34,0,0,1,0,15,15,0,46,0,0
5355,1000000US170310903001030,40,37,0,0,0,0,3,37,0,3,3,1,19,19,0,51,0,0
5356,1000000US170310903001031,11,11,0,0,0,0,0,11,0,0,0,0,5,5,0,17,0,0
5357,1000000US170310903001032,24,20,0,0,0,0,4,20,0,4,4,0,12,12,0,30,0,0
5358,1000000US170310903001033,11,11,0,0,0,0,0,11,0,0,0,0,9,5,4,15,0,0
5359,1000000US170310903001034,0,0,0,0,0,0,0,0,0,0,0,0,0,0,0,0,0,0
5360,1000000US170310903001035,0,0,0,0,0,0,0,0,0,0,0,0,0,0,0,0,0,0
5361,1000000US170310903001036,0,0,0,0,0,0,0,0,0,0,0,0,0,0,0,0,0,0
5362,1000000US170310903001037,9,6,0,0,2,0,1,8,0,1,3,0,5,5,0,11,0,0
5363,1000000US170310903001038,43,40,0,0,0,0,3,40,0,3,3,0,24,23,1,53,0,0
5364,1000000US170310903001039,0,0,0,0,0,0,0,0,0,0,0,0,0,0,0,0,0,0
5365,1000000US170310903001040,5,4,0,1,0,0,0,5,0,0,1,0,3,3,0,11,1,0
5366,1000000US170310903001041,34,29,1,0,3,0,1,33,0,1,5,2,20,20,0,37,0,0
5367,1000000US170311001001000,30,30,0,0,0,0,0,30,0,0,0,0,10,10,0,33,0,0
5368,1000000US170311001001001,24,19,0,0,0,0,5,19,0,5,5,0,14,12,2,31,0,0
5369,1000000US170311001001002,31,14,0,0,0,0,17,14,0,17,17,1,18,15,3,45,0,0
5370,1000000US170311001001003,0,0,0,0,0,0,0,0,0,0,0,0,0,0,0,0,0,0
5371,1000000US170311001001004,26,22,0,0,2,0,2,24,0,2,4,0,16,15,1,32,0,0
5372,1000000US170311001001005,31,29,0,0,0,0,2,29,0,2,2,0,19,17,2,44,0,0
5373,1000000US170311001001006,45,37,0,0,3,0,5,40,0,5,8,0,25,22,3,65,0,0
5374,1000000US170311001001007,55,46,0,0,0,0,7,48,0,7,9,0,30,28,2,67,0,0
5375,1000000US170311001001008,28,28,0,0,0,0,0,28,0,0,0,0,18,18,0,29,0,0
5376,1000000US170311001001009,24,20,0,0,0,0,4,20,0,4,4,0,18,14,4,33,0,0
5377,1000000US170311001001010,17,17,0,0,0,0,0,17,0,0,0,0,9,9,0,22,0,0
5378,1000000US170311001001011,20,20,0,0,0,0,0,20,0,0,0,0,10,9,1,25,0,0
5379,1000000US170311001001012,56,34,7,0,6,0,9,47,0,9,22,2,37,34,3,73,0,0
5380,1000000US170311001001013,0,0,0,0,0,0,0,0,0,0,0,0,0,0,0,0,0,0
5381,1000000US170311001001014,29,27,0,0,0,0,1,28,0,1,2,0,17,17,0,32,0,0
5382,1000000US170311001001015,8,8,0,0,0,0,0,8,0,0,0,0,5,4,1,10,0,0
5383,1000000US170311001001016,2,2,0,0,0,0,0,2,0,0,0,0,2,1,1,2,0,0
5384,1000000US170311001001017,4,4,0,0,0,0,0,4,0,0,0,0,3,2,1,6,0,0
5385,1000000US170311001001018,8,8,0,0,0,0,0,8,0,0,0,0,7,7,0,8,0,0
5386,1000000US170311001001019,14,10,0,0,2,0,2,12,0,2,4,0,8,7,1,21,0,0
5387,1000000US170311001001020,18,13,0,0,0,0,5,13,0,5,5,0,10,10,0,28,0,0
5388,1000000US170311001001021,20,11,0,0,0,0,9,11,0,9,9,0,8,8,0,27,0,0
5389,1000000US170311001001022,8,6,0,0,1,0,1,7,0,1,2,0,9,7,2,10,0,0
5390,1000000US170311001001023,3,3,0,0,0,0,0,3,0,0,0,0,1,1,0,3,0,0
5391,1000000US170311001001024,0,0,0,0,0,0,0,0,0,0,0,0,0,0,0,0,0,0
5392,1000000US170311001001025,0,0,0,0,0,0,0,0,0,0,0,0,0,0,0,0,0,0
5393,1000000US170311001001026,6,5,0,0,0,0,1,5,0,1,1,0,3,3,0,8,0,0
5394,1000000US170311001001027,0,0,0,0,0,0,0,0,0,0,0,0,0,0,0,0,0,0
5395,1000000US170311001001028,32,24,2,3,0,0,4,28,0,4,8,0,26,21,5,36,3,0
5396,1000000US170311001001029,45,36,3,1,2,0,3,42,0,3,9,0,33,33,0,53,1,0
5397,1000000US170311001001030,26,17,0,1,8,0,0,26,0,0,9,2,10,10,0,41,0,0
5398,1000000US170311001001031,36,32,0,0,0,0,4,32,0,4,4,0,18,18,0,49,0,0
5399,1000000US170311001001032,32,25,0,0,0,0,7,25,0,7,7,0,16,16,0,42,0,0
5400,1000000US170311001001033,37,30,0,0,2,0,5,32,0,5,7,0,15,15,0,49,0,0
5401,1000000US170311001001034,40,35,0,0,0,0,4,36,0,4,5,0,19,19,0,58,0,0
5402,1000000US170311001001035,28,21,0,0,1,0,6,22,0,6,7,0,16,15,1,37,0,0
5403,1000000US170311001001036,40,34,0,0,3,0,3,37,0,3,6,0,22,22,0,59,0,0
5404,1000000US170311001001037,24,23,0,1,0,0,0,24,0,0,1,0,12,11,1,35,1,0
5405,1000000US170311001001038,24,21,0,0,1,0,3,21,0,3,3,0,12,11,1,38,0,0
5406,1000000US170311001001039,13,10,0,0,3,0,0,13,0,0,3,0,5,5,0,13,0,0
5407,1000000US170311001001040,21,12,0,1,2,0,8,13,0,8,9,1,9,9,0,26,0,0
5408,1000000US170311001001041,28,22,0,0,1,0,5,23,0,5,6,0,13,12,1,28,0,0
5409,1000000US170311001001042,13,12,0,0,0,0,1,12,0,1,1,0,6,6,0,16,0,0
5410,1000000US170311001002000,14,14,0,0,0,0,0,14,0,0,0,0,8,8,0,16,0,0
5411,1000000US170311001002001,3,3,0,0,0,0,0,3,0,0,0,0,2,2,0,3,0,0
5412,1000000US170311001002002,15,14,0,0,1,0,0,15,0,0,1,0,7,7,0,15,0,0
5413,1000000US170311001002003,21,19,0,0,0,0,2,19,0,2,2,0,10,10,0,34,0,0
5414,1000000US170311001002004,24,24,0,0,0,0,0,24,0,0,0,0,12,12,0,33,0,0
5415,1000000US170311001002005,25,18,0,0,0,0,7,18,0,7,7,0,13,13,0,31,0,0
5416,1000000US170311001002006,52,47,0,1,3,0,1,51,0,1,5,2,29,27,2,64,1,0
5417,1000000US170311001002007,60,49,0,0,6,1,4,56,0,4,11,4,35,33,2,79,0,0
5418,1000000US170311001002008,72,66,0,0,2,0,4,68,0,4,6,0,46,41,5,89,0,0
5419,1000000US170311001002009,7,7,0,0,0,0,0,7,0,0,0,0,4,4,0,9,0,0
5420,1000000US170311001002010,81,66,0,1,6,0,9,72,0,9,15,1,49,45,4,112,1,0
5421,1000000US170311001002011,13,11,0,1,0,0,1,12,0,1,2,0,8,7,1,17,1,0
5422,1000000US170311001002012,30,10,0,0,9,0,11,19,0,11,20,0,15,14,1,47,0,0
5423,1000000US170311001002013,33,32,0,0,1,0,0,33,0,0,1,0,21,18,3,50,0,0
5424,1000000US170311001002014,0,0,0,0,0,0,0,0,0,0,0,0,0,0,0,0,0,0
5425,1000000US170311001002015,46,45,0,0,0,0,1,45,0,1,1,0,23,21,2,56,0,0
5426,1000000US170311001002016,24,13,2,0,8,0,2,22,0,2,11,3,17,15,2,32,0,1
5427,1000000US170311001002017,19,16,0,0,0,0,3,16,0,3,3,0,13,12,1,20,0,0
5428,1000000US170311001002018,4,1,0,0,0,0,3,1,0,3,3,0,2,2,0,4,0,0
5429,1000000US170311001002019,0,0,0,0,0,0,0,0,0,0,0,0,0,0,0,0,0,0
5430,1000000US170311001002020,0,0,0,0,0,0,0,0,0,0,0,0,0,0,0,0,0,0
5431,1000000US170311001002021,17,12,0,0,2,0,2,15,0,2,5,0,9,9,0,22,0,0
5432,1000000US170311001002022,25,21,0,0,4,0,0,25,0,0,4,0,14,14,0,34,0,0
5433,1000000US170311001002023,80,65,0,0,0,0,15,65,0,15,15,0,54,44,10,95,0,0
5434,1000000US170311001002024,7,5,0,0,0,0,2,5,0,2,2,0,4,4,0,11,0,0
5435,1000000US170311001002025,59,29,0,0,5,0,24,35,0,24,30,2,40,36,4,80,0,0
5436,1000000US170311001002026,6,1,0,0,0,0,5,1,0,5,5,1,3,3,0,11,0,0
5437,1000000US170311001002027,21,20,0,0,0,0,1,20,0,1,1,0,14,12,2,23,0,0
5438,1000000US170311001002028,19,15,0,0,4,0,0,19,0,0,4,0,12,12,0,20,0,0
5439,1000000US170311001002029,8,4,0,0,0,0,4,4,0,4,4,0,3,3,0,12,0,0
5440,1000000US170311001002030,5,3,0,0,0,0,2,3,0,2,2,0,3,3,0,7,0,0
5441,1000000US170311001002031,14,12,1,0,0,0,1,13,0,1,2,0,11,10,1,16,0,0
5442,1000000US170311001002032,2,2,0,0,0,0,0,2,0,0,0,0,2,2,0,2,0,0
5443,1000000US170311001002033,18,18,0,0,0,0,0,18,0,0,0,0,9,9,0,19,0,0
5444,1000000US170311001002034,5,5,0,0,0,0,0,5,0,0,0,0,3,3,0,6,0,0
5445,1000000US170311001002035,19,14,0,0,0,0,5,14,0,5,5,0,8,8,0,23,0,0
5446,1000000US170311001002036,17,14,0,0,3,0,0,17,0,0,3,0,8,8,0,26,0,0
5447,1000000US170311001002037,30,23,0,0,1,0,6,24,0,6,7,0,20,20,0,36,0,0
5448,1000000US170311001002038,9,9,0,0,0,0,0,9,0,0,0,0,5,3,2,9,0,0
5449,1000000US170311001002039,12,8,0,0,4,0,0,12,0,0,4,0,7,7,0,16,0,0
5450,1000000US170311001002040,31,28,0,0,0,0,3,28,0,3,3,0,24,23,1,35,0,0
5451,1000000US170311001002041,59,41,0,5,0,0,16,43,0,16,18,1,38,37,1,76,5,0
5452,1000000US170311001002042,17,11,0,0,1,0,5,12,0,5,6,0,13,10,3,26,0,0
5453,1000000US170311001002043,13,13,0,0,0,0,0,13,0,0,0,0,7,7,0,16,0,0
5454,1000000US170311001002044,44,38,0,0,0,0,6,38,0,6,6,0,24,22,2,50,0,0
5455,1000000US170311001002045,55,38,2,3,3,0,9,46,0,9,17,4,29,28,1,77,0,0
5456,1000000US170311001002046,24,15,0,0,3,0,6,18,0,6,9,0,17,16,1,27,0,0
5457,1000000US170311001002047,0,0,0,0,0,0,0,0,0,0,0,0,0,0,0,0,0,0
5458,1000000US170311001002048,17,15,1,0,0,0,1,16,0,1,2,1,12,12,0,18,0,0
5459,1000000US170311001002049,64,55,1,0,2,0,7,57,0,7,9,1,39,37,2,78,0,1
5460,1000000US170311001002050,16,16,0,0,0,0,0,16,0,0,0,0,6,6,0,22,0,0
5461,1000000US170311001003000,40,27,0,3,4,0,6,34,0,6,13,3,30,30,0,48,1,0
5462,1000000US170311001003001,12,12,0,0,0,0,0,12,0,0,0,0,11,8,3,12,0,0
5463,1000000US170311001003002,61,46,0,0,9,0,6,55,0,6,15,0,41,35,6,77,0,0
5464,1000000US170311001003003,36,32,1,0,1,0,2,34,0,2,4,0,20,19,1,47,0,0
5465,1000000US170311001003004,42,39,0,0,0,0,3,39,0,3,3,0,22,21,1,62,0,0
5466,1000000US170311001003005,41,35,0,0,0,0,5,36,0,5,6,1,20,19,1,56,0,0
5467,1000000US170311001003006,27,20,0,0,7,0,0,27,0,0,7,0,15,13,2,31,0,0
5468,1000000US170311001003007,40,35,3,0,0,0,2,38,0,2,5,0,17,17,0,47,0,0
5469,1000000US170311001003008,34,30,3,0,0,0,1,33,0,1,4,0,17,16,1,40,0,0
5470,1000000US170311001003009,57,43,3,2,3,0,8,49,0,8,14,4,30,30,0,71,1,0
5471,1000000US170311001003010,41,39,1,0,1,0,0,41,0,0,2,1,28,24,4,53,0,0
5472,1000000US170311001003011,39,34,1,0,4,0,1,38,0,1,5,3,29,26,3,45,0,0
5473,1000000US170311001003012,61,55,0,1,2,0,3,58,0,3,6,0,36,33,3,74,1,0
5474,1000000US170311001003013,51,46,1,0,1,0,3,48,0,3,5,1,32,28,4,58,0,0
5475,1000000US170311001003014,39,29,0,0,2,0,8,31,0,8,10,1,22,18,4,46,0,0
5476,1000000US170311001003015,0,0,0,0,0,0,0,0,0,0,0,0,0,0,0,0,0,0
5477,1000000US170311001003016,31,25,0,0,3,0,3,28,0,3,6,0,18,17,1,41,0,0
5478,1000000US170311001003017,16,16,0,0,0,0,0,16,0,0,0,0,12,10,2,19,0,0
5479,1000000US170311001003018,18,17,0,0,0,0,1,17,0,1,1,0,8,8,0,18,0,0
5480,1000000US170311001004000,49,42,0,0,0,0,6,43,0,6,7,0,23,21,2,58,0,0
5481,1000000US170311001004001,42,28,0,0,9,0,5,37,0,5,14,0,20,20,0,48,0,0
5482,1000000US170311001004002,38,32,0,0,0,0,5,33,0,5,6,0,23,21,2,55,0,0
5483,1000000US170311001004003,41,26,1,2,0,0,12,29,0,12,15,2,20,19,1,57,0,0
5484,1000000US170311001004004,29,29,0,0,0,0,0,29,0,0,0,0,13,13,0,33,0,0
5485,1000000US170311001004005,38,37,1,0,0,0,0,38,0,0,1,0,20,20,0,42,0,0
5486,1000000US170311001004006,9,9,0,0,0,0,0,9,0,0,0,0,4,4,0,12,0,0
5487,1000000US170311001004007,7,5,0,0,0,0,2,5,0,2,2,0,6,6,0,9,0,0
5488,1000000US170311001004008,0,0,0,0,0,0,0,0,0,0,0,0,0,0,0,0,0,0
5489,1000000US170311001004009,10,8,0,0,0,0,2,8,0,2,2,0,4,4,0,11,0,0
5490,1000000US170311001004010,5,5,0,0,0,0,0,5,0,0,0,0,3,3,0,5,0,0
5491,1000000US170311001004011,0,0,0,0,0,0,0,0,0,0,0,0,0,0,0,0,0,0
5492,1000000US170311001004012,4,3,0,0,0,0,1,3,0,1,1,0,4,4,0,4,0,0
5493,1000000US170311001004013,18,11,0,0,0,0,7,11,0,7,7,0,7,7,0,20,0,0
5494,1000000US170311001004014,20,16,0,0,0,0,4,16,0,4,4,0,13,11,2,24,0,0
5495,1000000US170311001004015,45,24,0,1,15,0,5,40,0,5,21,3,21,20,1,53,1,0
5496,1000000US170311001004016,11,3,0,0,0,0,8,3,0,8,8,0,4,4,0,15,0,0
5497,1000000US170311001004017,42,25,0,0,5,0,12,30,0,12,17,0,16,16,0,48,0,0
5498,1000000US170311001004018,18,12,0,0,4,0,2,16,0,2,6,0,9,8,1,22,0,0
5499,1000000US170311001005000,50,48,0,0,1,0,1,49,0,1,2,0,35,34,1,58,0,0
5500,1000000US170311001005001,47,39,0,0,6,0,3,44,0,3,8,0,27,26,1,53,0,0
5501,1000000US170311001005002,26,24,0,0,2,0,0,26,0,0,2,1,13,13,0,30,0,0
5502,1000000US170311001005003,36,28,0,0,0,0,8,28,0,8,8,0,16,16,0,46,0,0
5503,1000000US170311001005004,43,34,0,1,2,0,6,37,0,6,9,2,22,22,0,57,0,0
5504,1000000US170311001005005,16,14,0,0,0,0,2,14,0,2,2,0,9,9,0,18,0,0
5505,1000000US170311001005006,2,1,0,1,0,0,0,2,0,0,1,1,1,1,0,2,0,0
5506,1000000US170311001005007,19,17,0,0,0,0,2,17,0,2,2,0,10,10,0,22,0,0
5507,1000000US170311001005008,10,4,0,0,6,0,0,10,0,0,6,0,4,4,0,13,0,0
5508,1000000US170311001005009,17,15,0,0,0,0,2,15,0,2,2,0,10,10,0,21,0,0
5509,1000000US170311001005010,17,15,0,0,0,0,2,15,0,2,2,0,9,9,0,23,0,0
5510,1000000US170311001005011,17,17,0,0,0,0,0,17,0,0,0,0,8,8,0,20,0,0
5511,1000000US170311001005012,41,35,0,0,0,0,6,35,0,6,6,0,23,21,2,51,0,0
5512,1000000US170311001005013,51,46,0,0,1,0,4,47,0,4,5,0,24,24,0,56,0,0
5513,1000000US170311001005014,36,34,2,0,0,0,0,36,0,0,2,1,22,18,4,45,0,0
5514,1000000US170311001005015,32,22,0,0,9,0,1,31,0,1,10,0,13,12,1,41,0,0
5515,1000000US170311001005016,0,0,0,0,0,0,0,0,0,0,0,0,0,0,0,0,0,0
5516,1000000US170311001005017,44,33,0,0,4,0,7,37,0,7,11,0,26,23,3,56,0,0
5517,1000000US170311001005018,31,20,0,0,7,0,4,27,0,4,11,0,14,14,0,37,0,0
5518,1000000US170311001005019,39,31,2,0,0,0,7,32,0,7,8,2,29,27,2,48,0,1
5519,1000000US170311001005020,72,50,0,0,5,0,17,55,0,17,22,0,45,40,5,90,0,0
5520,1000000US170311001005021,41,39,0,0,0,0,2,39,0,2,2,0,17,17,0,57,0,0
5521,1000000US170311001005022,34,24,2,1,4,0,3,31,0,3,10,3,18,18,0,43,0,0
5522,1000000US170311001005023,38,35,0,0,1,0,2,36,0,2,3,0,20,20,0,50,0,0
5523,1000000US170311001005024,47,43,0,1,0,0,4,43,0,4,4,2,28,26,2,65,0,0
5524,1000000US170311001005025,52,49,0,0,2,0,1,51,0,1,3,0,30,30,0,59,0,0
5525,1000000US170311001005026,42,37,0,0,4,0,1,41,0,1,5,0,24,23,1,53,0,0
5526,1000000US170311002001000,0,0,0,0,0,0,0,0,0,0,0,0,0,0,0,0,0,0
5527,1000000US170311002001001,0,0,0,0,0,0,0,0,0,0,0,0,0,0,0,0,0,0
5528,1000000US170311002001002,0,0,0,0,0,0,0,0,0,0,0,0,0,0,0,0,0,0
5529,1000000US170311002001003,0,0,0,0,0,0,0,0,0,0,0,0,0,0,0,0,0,0
5530,1000000US170311002001004,78,68,0,0,3,0,7,71,0,7,10,0,39,36,3,79,0,0
5531,1000000US170311002001005,41,37,0,0,2,0,2,39,0,2,4,2,20,18,2,53,0,0
5532,1000000US170311002001006,17,8,1,0,0,0,8,9,0,8,9,1,8,7,1,28,0,0
5533,1000000US170311002001007,23,23,0,0,0,0,0,23,0,0,0,0,16,15,1,29,0,0
5534,1000000US170311002001008,24,17,0,0,0,0,6,18,0,6,7,1,15,13,2,45,0,0
5535,1000000US170311002001009,48,29,2,0,1,0,16,32,0,16,19,1,20,19,1,72,0,0
5536,1000000US170311002001010,29,27,0,0,0,0,2,27,0,2,2,0,14,14,0,39,0,0
5537,1000000US170311002001011,19,19,0,0,0,0,0,19,0,0,0,0,13,13,0,24,0,0
5538,1000000US170311002001012,28,20,0,0,0,0,7,21,0,7,8,1,18,17,1,38,0,0
5539,1000000US170311002001013,23,19,0,0,0,0,4,19,0,4,4,0,13,12,1,26,0,0
5540,1000000US170311002001014,33,28,0,0,2,0,3,30,0,3,5,2,19,18,1,51,0,0
5541,1000000US170311002001015,38,37,0,0,0,0,1,37,0,1,1,0,28,25,3,47,0,0
5542,1000000US170311002001016,128,116,1,1,7,0,3,125,0,3,12,2,87,83,4,149,0,0
5543,1000000US170311002001017,0,0,0,0,0,0,0,0,0,0,0,0,0,0,0,0,0,0
5544,1000000US170311002001018,36,36,0,0,0,0,0,36,0,0,0,0,19,19,0,41,0,0
5545,1000000US170311002001019,49,48,0,0,0,0,1,48,0,1,1,0,43,33,10,57,0,0
5546,1000000US170311002001020,0,0,0,0,0,0,0,0,0,0,0,0,0,0,0,0,0,0
5547,1000000US170311002001021,0,0,0,0,0,0,0,0,0,0,0,0,0,0,0,0,0,0
5548,1000000US170311002001022,29,27,0,0,0,0,2,27,0,2,2,0,19,16,3,33,0,0
5549,1000000US170311002001023,28,23,0,0,0,0,5,23,0,5,5,0,20,16,4,38,0,0
5550,1000000US170311002001024,18,18,0,0,0,0,0,18,0,0,0,0,11,11,0,22,0,0
5551,1000000US170311002001025,17,17,0,0,0,0,0,17,0,0,0,0,11,10,1,20,0,0
5552,1000000US170311002001026,63,42,1,0,2,0,18,45,0,18,21,0,43,40,3,83,0,0
5553,1000000US170311002001027,45,31,1,5,5,0,8,37,0,8,14,0,29,25,4,54,5,0
5554,1000000US170311002001028,31,30,0,0,0,0,1,30,0,1,1,0,16,15,1,35,0,0
5555,1000000US170311002001029,41,31,1,1,3,0,6,35,0,6,10,1,26,25,1,47,0,1
5556,1000000US170311002002000,0,0,0,0,0,0,0,0,0,0,0,0,0,0,0,0,0,0
5557,1000000US170311002002001,6,5,0,0,0,0,1,5,0,1,1,0,4,4,0,7,0,0
5558,1000000US170311002002002,58,50,0,0,3,0,5,53,0,5,8,0,24,23,1,68,0,0
5559,1000000US170311002002003,25,23,0,0,2,0,0,25,0,0,2,0,12,11,1,30,0,0
5560,1000000US170311002002004,8,8,0,0,0,0,0,8,0,0,0,0,4,4,0,10,0,0
5561,1000000US170311002002005,0,0,0,0,0,0,0,0,0,0,0,0,0,0,0,0,0,0
5562,1000000US170311002002006,45,44,0,0,1,0,0,45,0,0,1,0,24,23,1,65,0,0
5563,1000000US170311002002007,48,41,0,0,0,0,7,41,0,7,7,1,30,28,2,50,0,0
5564,1000000US170311002002008,28,25,0,0,0,0,3,25,0,3,3,0,14,13,1,36,0,0
5565,1000000US170311002002009,24,22,0,0,0,0,2,22,0,2,2,0,14,13,1,39,0,0
5566,1000000US170311002002010,51,46,0,0,2,0,3,48,0,3,5,1,23,21,2,71,0,0
5567,1000000US170311002002011,0,0,0,0,0,0,0,0,0,0,0,0,0,0,0,0,0,0
5568,1000000US170311002002012,95,87,0,1,5,0,2,93,0,2,8,0,47,46,1,143,1,0
5569,1000000US170311002002013,27,24,0,0,0,0,3,24,0,3,3,0,13,13,0,36,0,0
5570,1000000US170311002002014,24,21,0,0,0,0,3,21,0,3,3,0,14,12,2,33,0,0
5571,1000000US170311002002015,28,23,0,0,5,0,0,28,0,0,5,0,12,11,1,41,0,0
5572,1000000US170311002002016,25,25,0,0,0,0,0,25,0,0,0,0,13,12,1,26,0,0
5573,1000000US170311002002017,36,14,0,2,11,0,10,26,0,10,22,0,15,15,0,48,2,0
5574,1000000US170311002002018,19,15,0,0,0,0,4,15,0,4,4,2,10,10,0,22,0,0
5575,1000000US170311002002019,43,33,0,0,0,0,10,33,0,10,10,0,27,27,0,50,0,0
5576,1000000US170311002002020,30,26,0,0,0,0,4,26,0,4,4,0,14,14,0,42,0,0
5577,1000000US170311002003000,42,29,0,3,4,0,9,33,0,9,13,0,21,20,1,47,3,0
5578,1000000US170311002003001,15,12,0,0,0,0,3,12,0,3,3,0,7,7,0,21,0,0
5579,1000000US170311002003002,24,24,0,0,0,0,0,24,0,0,0,0,14,13,1,35,0,0
5580,1000000US170311002003003,64,58,1,0,3,0,2,62,0,2,6,1,31,29,2,82,0,0
5581,1000000US170311002003004,20,19,0,0,1,0,0,20,0,0,1,0,9,9,0,33,0,0
5582,1000000US170311002003005,62,50,0,0,6,0,6,56,0,6,12,6,24,24,0,83,0,0
5583,1000000US170311002003006,52,49,0,0,2,0,1,51,0,1,3,0,29,26,3,62,0,0
5584,1000000US170311002003007,18,15,0,0,0,0,1,17,0,1,3,0,8,8,0,23,0,0
5585,1000000US170311002003008,8,7,0,0,0,0,1,7,0,1,1,0,4,4,0,9,0,0
5586,1000000US170311002003009,57,47,0,0,0,0,10,47,0,10,10,0,26,25,1,79,0,0
5587,1000000US170311002003010,55,46,0,0,0,0,9,46,0,9,9,0,23,23,0,68,0,0
5588,1000000US170311002003011,9,6,0,0,0,0,3,6,0,3,3,0,5,5,0,12,0,0
5589,1000000US170311002003012,9,9,0,0,0,0,0,9,0,0,0,0,6,6,0,12,0,0
5590,1000000US170311002003013,45,39,0,0,0,0,6,39,0,6,6,0,19,19,0,74,0,0
5591,1000000US170311002003014,40,34,0,0,0,0,5,35,0,5,6,0,22,21,1,49,0,0
5592,1000000US170311002003015,24,20,1,1,0,0,4,20,0,4,4,1,13,13,0,30,0,1
5593,1000000US170311002003016,31,30,0,0,0,0,1,30,0,1,1,0,17,17,0,48,0,0
5594,1000000US170311002003017,15,9,0,0,0,0,6,9,0,6,6,0,5,5,0,20,0,0
5595,1000000US170311002003018,35,30,0,0,0,0,5,30,0,5,5,0,17,17,0,45,0,0
5596,1000000US170311002003019,38,37,0,0,0,0,1,37,0,1,1,0,18,17,1,44,0,0
5597,1000000US170311002003020,36,34,0,0,1,0,1,35,0,1,2,1,16,16,0,40,0,0
5598,1000000US170311002003021,185,149,5,2,4,0,25,160,0,25,36,0,16,16,0,190,2,0
5599,1000000US170311002003022,57,49,0,0,0,0,8,49,0,8,8,0,41,36,5,68,0,0
5600,1000000US170311002004000,14,13,0,0,1,0,0,14,0,0,1,0,7,7,0,18,0,0
5601,1000000US170311002004001,2,2,0,0,0,0,0,2,0,0,0,0,1,1,0,2,0,0
5602,1000000US170311002004002,23,21,0,0,0,0,2,21,0,2,2,0,13,13,0,32,0,0
5603,1000000US170311002004003,48,41,0,1,5,0,1,47,0,1,7,0,37,33,4,57,1,0
5604,1000000US170311002004004,8,7,0,0,0,0,1,7,0,1,1,0,4,4,0,14,0,0
5605,1000000US170311002004005,34,34,0,0,0,0,0,34,0,0,0,0,15,15,0,51,0,0
5606,1000000US170311002004006,32,28,0,0,1,0,3,29,0,3,4,0,15,15,0,47,0,0
5607,1000000US170311002004007,38,34,0,0,0,0,4,34,0,4,4,0,16,16,0,59,0,0
5608,1000000US170311002004008,39,38,0,0,0,0,1,38,0,1,1,0,16,16,0,51,0,0
5609,1000000US170311002004009,155,141,0,0,2,0,12,143,0,12,14,1,113,110,3,180,0,0
5610,1000000US170311002004010,59,53,0,0,0,0,6,53,0,6,6,0,35,35,0,71,0,0
5611,1000000US170311002004011,2,2,0,0,0,0,0,2,0,0,0,0,1,1,0,4,0,0
5612,1000000US170311002004012,0,0,0,0,0,0,0,0,0,0,0,0,0,0,0,0,0,0
5613,1000000US170311002004013,0,0,0,0,0,0,0,0,0,0,0,0,0,0,0,0,0,0
5614,1000000US170311002004014,52,47,0,1,0,0,5,47,0,5,5,0,22,22,0,76,1,0
5615,1000000US170311002004015,30,30,0,0,0,0,0,30,0,0,0,0,19,17,2,41,0,0
5616,1000000US170311002004016,0,0,0,0,0,0,0,0,0,0,0,0,0,0,0,0,0,0
5617,1000000US170311002004017,33,20,0,0,0,0,13,20,0,13,13,0,19,18,1,38,0,0
5618,1000000US170311002004018,83,64,1,1,1,0,16,67,0,16,19,1,72,59,13,102,0,0
5619,1000000US170311002004019,0,0,0,0,0,0,0,0,0,0,0,0,0,0,0,0,0,0
5620,1000000US170311002004020,31,25,0,1,0,0,5,26,0,5,6,0,18,18,0,44,1,0
5621,1000000US170311002005000,47,38,0,1,4,0,4,43,0,4,9,2,22,21,1,60,0,0
5622,1000000US170311002005001,11,11,0,0,0,0,0,11,0,0,0,0,6,6,0,15,0,0
5623,1000000US170311002005002,1,1,0,0,0,0,0,1,0,0,0,0,1,1,0,1,0,0
5624,1000000US170311002005003,45,35,0,0,7,0,3,42,0,3,10,0,23,21,2,71,0,0
5625,1000000US170311002005004,0,0,0,0,0,0,0,0,0,0,0,0,0,0,0,0,0,0
5626,1000000US170311002005005,21,18,0,0,3,0,0,21,0,0,3,1,10,9,1,26,0,0
5627,1000000US170311002005006,5,5,0,0,0,0,0,5,0,0,0,0,5,3,2,6,0,0
5628,1000000US170311002005007,49,31,0,0,1,0,17,32,0,17,18,0,25,22,3,80,0,0
5629,1000000US170311002005008,31,28,1,0,1,1,1,30,0,1,3,1,18,17,1,43,0,0
5630,1000000US170311002005009,8,6,0,0,1,0,1,7,0,1,2,0,4,4,0,10,0,0
5631,1000000US170311002005010,206,184,3,0,11,0,9,197,0,9,22,2,146,141,5,228,0,1
5632,1000000US170311002005011,5,4,0,0,0,1,0,5,0,0,1,0,5,5,0,5,0,0
5633,1000000US170311002005012,5,2,0,0,2,0,1,4,0,1,3,0,3,3,0,5,0,0
5634,1000000US170311002005013,0,0,0,0,0,0,0,0,0,0,0,0,0,0,0,0,0,0
5635,1000000US170311002005014,0,0,0,0,0,0,0,0,0,0,0,0,0,0,0,0,0,0
5636,1000000US170311002005015,0,0,0,0,0,0,0,0,0,0,0,0,0,0,0,0,0,0
5637,1000000US170311002005016,102,93,0,0,1,0,8,94,0,8,9,1,56,55,1,129,0,0
5638,1000000US170311002005017,42,38,0,0,0,0,4,38,0,4,4,0,21,20,1,56,0,0
5639,1000000US170311002005018,49,46,2,0,0,0,1,48,0,1,3,2,24,23,1,61,0,0
5640,1000000US170311002005019,12,12,0,0,0,0,0,12,0,0,0,0,4,4,0,13,0,0
5641,1000000US170311002005020,48,42,2,0,0,0,4,44,0,4,6,0,37,34,3,48,0,0
5642,1000000US170311002005021,194,172,1,0,3,0,18,176,0,18,22,3,143,132,11,218,0,0
5643,1000000US170311002005022,18,11,0,0,0,0,6,12,0,6,7,0,20,14,6,19,0,0
5644,1000000US170311002006000,25,24,0,0,1,0,0,25,0,0,1,0,12,12,0,35,0,0
5645,1000000US170311002006001,20,16,0,0,0,0,4,16,0,4,4,0,13,11,2,24,0,0
5646,1000000US170311002006002,28,26,0,0,1,0,1,27,0,1,2,1,14,13,1,35,0,0
5647,1000000US170311002006003,28,26,0,0,2,0,0,28,0,0,2,0,14,14,0,37,0,0
5648,1000000US170311002006004,29,29,0,0,0,0,0,29,0,0,0,0,15,15,0,35,0,0
5649,1000000US170311002006005,59,55,0,1,2,0,1,58,0,1,4,1,29,29,0,80,0,0
5650,1000000US170311002006006,116,103,3,0,2,0,8,108,0,8,13,2,82,75,7,130,0,0
5651,1000000US170311002006007,21,12,0,2,1,0,6,15,0,6,9,2,10,10,0,27,0,0
5652,1000000US170311002006008,31,27,0,1,0,0,3,28,0,3,4,1,14,14,0,38,0,0
5653,1000000US170311002006009,39,38,0,0,0,0,0,39,0,0,1,0,20,19,1,49,0,0
5654,1000000US170311002006010,36,35,0,0,0,0,1,35,0,1,1,0,18,18,0,51,0,0
5655,1000000US170311002006011,27,26,0,0,0,0,1,26,0,1,1,0,14,13,1,38,0,0
5656,1000000US170311002006012,33,31,0,0,0,0,2,31,0,2,2,0,17,17,0,47,0,0
5657,1000000US170311002006013,33,30,0,0,0,0,3,30,0,3,3,0,15,15,0,46,0,0
5658,1000000US170311002006014,29,29,0,0,0,0,0,29,0,0,0,0,14,13,1,37,0,0
5659,1000000US170311002006015,24,22,0,0,0,0,2,22,0,2,2,0,13,13,0,34,0,0
5660,1000000US170311002006016,43,34,0,0,2,0,7,36,0,7,9,0,26,25,1,55,0,0
5661,1000000US170311002006017,46,38,0,0,2,0,6,40,0,6,8,0,24,24,0,55,0,0
5662,1000000US170311002006018,11,9,0,0,2,0,0,11,0,0,2,0,6,6,0,11,0,0
5663,1000000US170311002006019,28,25,0,0,0,0,3,25,0,3,3,0,12,12,0,35,0,0
5664,1000000US170311002007000,39,32,0,0,1,0,6,33,0,6,7,0,20,19,1,52,0,0
5665,1000000US170311002007001,45,39,0,0,4,0,2,43,0,2,6,0,24,23,1,59,0,0
5666,1000000US170311002007002,27,23,0,0,0,0,4,23,0,4,4,0,12,12,0,36,0,0
5667,1000000US170311002007003,24,24,0,0,0,0,0,24,0,0,0,0,13,13,0,32,0,0
5668,1000000US170311002007004,21,21,0,0,0,0,0,21,0,0,0,0,11,10,1,27,0,0
5669,1000000US170311002007005,44,43,0,0,0,0,1,43,0,1,1,0,19,19,0,56,0,0
5670,1000000US170311002007006,56,45,1,1,1,0,9,47,0,9,11,1,41,34,7,73,1,0
5671,1000000US170311002007007,29,26,0,0,0,0,3,26,0,3,3,0,19,17,2,34,0,0
5672,1000000US170311002007008,21,21,0,0,0,0,0,21,0,0,0,0,11,11,0,34,0,0
5673,1000000US170311002007009,20,19,0,0,0,0,1,19,0,1,1,0,11,11,0,22,0,0
5674,1000000US170311002007010,36,29,1,0,0,0,6,30,0,6,7,1,23,19,4,49,0,0
5675,1000000US170311002007011,2,2,0,0,0,0,0,2,0,0,0,0,0,0,0,2,0,0
5676,1000000US170311002007012,51,38,1,3,4,0,7,44,0,7,13,2,26,26,0,63,1,1
5677,1000000US170311002007013,24,23,0,0,1,0,0,24,0,0,1,0,13,13,0,28,0,0
5678,1000000US170311002007014,23,22,0,0,0,0,1,22,0,1,1,0,12,11,1,30,0,0
5679,1000000US170311002007015,25,24,0,0,0,0,1,24,0,1,1,0,12,12,0,30,0,0
5680,1000000US170311002007016,66,65,0,0,0,0,1,65,0,1,1,0,44,39,5,84,0,0
5681,1000000US170311002007017,48,48,0,0,0,0,0,48,0,0,0,0,24,24,0,57,0,0
5682,1000000US170311003001000,29,24,1,0,3,3,1,28,0,1,5,3,14,14,0,36,0,0
5683,1000000US170311003001001,9,9,0,0,0,0,0,9,0,0,0,0,4,4,0,10,0,0
5684,1000000US170311003001002,17,16,0,0,0,0,1,16,0,1,1,0,7,7,0,22,0,0
5685,1000000US170311003001003,0,0,0,0,0,0,0,0,0,0,0,0,0,0,0,0,0,0
5686,1000000US170311003001004,30,27,0,0,0,0,3,27,0,3,3,0,16,16,0,47,0,0
5687,1000000US170311003001005,20,19,0,0,0,0,1,19,0,1,1,0,10,10,0,28,0,0
5688,1000000US170311003001006,25,18,0,0,0,0,7,18,0,7,7,0,8,8,0,35,0,0
5689,1000000US170311003001007,19,17,0,0,1,0,1,18,0,1,2,0,10,10,0,25,0,0
5690,1000000US170311003001008,30,29,0,0,1,0,0,30,0,0,1,0,14,14,0,33,0,0
5691,1000000US170311003001009,0,0,0,0,0,0,0,0,0,0,0,0,0,0,0,0,0,0
5692,1000000US170311003001010,16,16,0,0,0,0,0,16,0,0,0,0,10,9,1,25,0,0
5693,1000000US170311003001011,18,15,0,0,3,0,0,18,0,0,3,0,9,8,1,24,0,0
5694,1000000US170311003001012,43,32,0,0,0,0,11,32,0,11,11,0,17,17,0,49,0,0
5695,1000000US170311003001013,34,28,0,0,0,0,6,28,0,6,6,0,18,17,1,44,0,0
5696,1000000US170311003001014,33,18,0,1,5,0,11,22,0,11,15,3,15,15,0,44,0,0
5697,1000000US170311003001015,34,30,0,0,0,0,4,30,0,4,4,0,16,16,0,45,0,0
5698,1000000US170311003001016,27,26,0,0,0,0,1,26,0,1,1,0,14,13,1,31,0,0
5699,1000000US170311003001017,26,24,0,0,2,0,0,26,0,0,2,0,35,25,10,28,0,0
5700,1000000US170311003001018,17,17,0,0,0,0,0,17,0,0,0,0,8,8,0,23,0,0
5701,1000000US170311003001019,16,12,0,0,0,0,4,12,0,4,4,0,8,7,1,19,0,0
5702,1000000US170311003001020,14,13,0,0,1,0,0,14,0,0,1,0,8,8,0,18,0,0
5703,1000000US170311003001021,17,16,0,0,1,0,0,17,0,0,1,0,8,8,0,25,0,0
5704,1000000US170311003001022,57,45,2,0,3,0,7,50,0,7,12,0,28,25,3,72,0,0
5705,1000000US170311003001023,23,8,3,0,1,0,14,9,0,14,15,2,9,8,1,30,0,3
5706,1000000US170311003001024,35,32,0,0,3,0,0,35,0,0,3,0,19,18,1,46,0,0
5707,1000000US170311003001025,30,26,0,0,0,0,4,26,0,4,4,0,14,14,0,36,0,0
5708,1000000US170311003001026,22,21,0,0,0,0,1,21,0,1,1,0,13,12,1,31,0,0
5709,1000000US170311003001027,33,31,0,0,0,0,2,31,0,2,2,0,18,17,1,42,0,0
5710,1000000US170311003001028,23,17,0,1,5,0,0,23,0,0,6,0,10,9,1,26,1,0
5711,1000000US170311003001029,15,12,0,0,1,0,2,13,0,2,3,0,9,8,1,23,0,0
5712,1000000US170311003001030,37,29,0,0,0,0,8,29,0,8,8,0,18,18,0,56,0,0
5713,1000000US170311003001031,11,6,0,0,2,0,3,8,0,3,5,0,7,7,0,13,0,0
5714,1000000US170311003001032,4,4,0,0,0,0,0,4,0,0,0,0,3,3,0,4,0,0
5715,1000000US170311003001033,62,57,0,0,2,0,3,59,0,3,5,1,26,26,0,86,0,0
5716,1000000US170311003001034,30,26,0,0,0,0,4,26,0,4,4,0,14,14,0,43,0,0
5717,1000000US170311003001035,0,0,0,0,0,0,0,0,0,0,0,0,0,0,0,0,0,0
5718,1000000US170311003002000,172,108,1,0,5,0,60,112,0,60,64,0,66,65,1,220,0,1
5719,1000000US170311003002001,408,361,6,0,20,0,24,384,0,24,47,3,226,192,34,436,0,4
5720,1000000US170311003002002,12,10,0,0,1,0,1,11,0,1,2,0,7,6,1,13,0,0
5721,1000000US170311003002003,26,26,0,0,0,0,0,26,0,0,0,0,13,13,0,36,0,0
5722,1000000US170311003002004,53,48,0,0,4,0,1,52,0,1,5,0,23,23,0,68,0,0
5723,1000000US170311003002005,43,38,0,0,4,0,1,42,0,1,5,0,24,23,1,51,0,0
5724,1000000US170311003002006,38,31,0,0,3,0,4,34,0,4,7,0,17,17,0,48,0,0
5725,1000000US170311003002007,83,68,0,1,4,0,10,73,0,10,15,1,40,40,0,99,0,0
5726,1000000US170311003002008,119,92,2,0,21,0,6,113,0,6,27,5,44,44,0,143,0,0
5727,1000000US170311003002009,76,51,2,1,19,0,3,73,0,3,25,1,52,47,5,83,0,0
5728,1000000US170311003002010,76,72,0,0,2,0,2,74,0,2,4,0,42,42,0,92,0,0
5729,1000000US170311003002011,22,14,0,0,0,0,8,14,0,8,8,1,7,7,0,31,0,0
5730,1000000US170311003003000,0,0,0,0,0,0,0,0,0,0,0,0,0,0,0,0,0,0
5731,1000000US170311003003001,110,100,1,3,3,0,4,106,0,4,10,4,64,60,4,129,0,1
5732,1000000US170311003003002,46,44,0,0,1,0,2,44,0,2,2,1,28,27,1,57,0,0
5733,1000000US170311003003003,73,61,0,0,1,0,11,62,0,11,12,2,37,34,3,113,0,0
5734,1000000US170311003003004,17,15,0,0,1,1,1,16,0,1,2,1,9,9,0,26,0,0
5735,1000000US170311003003005,15,15,0,0,0,0,0,15,0,0,0,0,7,7,0,24,0,0
5736,1000000US170311003003006,0,0,0,0,0,0,0,0,0,0,0,0,0,0,0,0,0,0
5737,1000000US170311003003007,17,16,0,0,0,0,1,16,0,1,1,0,8,8,0,27,0,0
5738,1000000US170311003003008,9,8,0,0,0,0,1,8,0,1,1,0,9,5,4,19,0,0
5739,1000000US170311003003009,38,33,0,0,1,0,4,34,0,4,5,1,17,15,2,43,0,0
5740,1000000US170311003003010,21,21,0,0,0,0,0,21,0,0,0,0,8,8,0,27,0,0
5741,1000000US170311003003011,23,21,1,0,0,0,1,22,0,1,2,1,10,9,1,27,0,0
5742,1000000US170311003003012,13,13,0,0,0,0,0,13,0,0,0,0,6,6,0,20,0,0
5743,1000000US170311003003013,18,17,0,0,0,0,1,17,0,1,1,0,8,7,1,22,0,0
5744,1000000US170311003003014,6,6,0,0,0,0,0,6,0,0,0,0,4,4,0,11,0,0
5745,1000000US170311003003015,22,20,0,0,0,0,2,20,0,2,2,0,11,10,1,28,0,0
5746,1000000US170311003003016,21,19,0,0,0,0,2,19,0,2,2,0,10,10,0,31,0,0
5747,1000000US170311003003017,17,17,0,0,0,0,0,17,0,0,0,0,9,7,2,18,0,0
5748,1000000US170311003003018,18,18,0,0,0,0,0,18,0,0,0,0,9,7,2,21,0,0
5749,1000000US170311003003019,18,18,0,0,0,0,0,18,0,0,0,0,10,10,0,22,0,0
5750,1000000US170311003003020,14,13,1,0,0,0,0,14,0,0,1,0,8,7,1,19,0,0
5751,1000000US170311003003021,17,16,0,0,0,0,1,16,0,1,1,0,9,9,0,26,0,0
5752,1000000US170311003004000,0,0,0,0,0,0,0,0,0,0,0,0,0,0,0,0,0,0
5753,1000000US170311003004001,30,25,0,0,1,0,4,26,0,4,5,0,16,16,0,42,0,0
5754,1000000US170311003004002,33,27,0,0,0,0,6,27,0,6,6,0,14,14,0,45,0,0
5755,1000000US170311003004003,42,35,2,2,0,0,3,39,0,3,7,4,22,22,0,51,0,0
5756,1000000US170311003004004,22,22,0,0,0,0,0,22,0,0,0,0,12,12,0,33,0,0
5757,1000000US170311003004005,0,0,0,0,0,0,0,0,0,0,0,0,0,0,0,0,0,0
5758,1000000US170311003004006,15,9,0,1,0,0,5,10,0,5,6,1,8,8,0,24,0,0
5759,1000000US170311003004007,21,19,0,2,0,0,2,19,0,2,2,2,9,9,0,21,0,0
5760,1000000US170311003004008,48,36,0,0,4,0,8,40,0,8,12,0,22,22,0,62,0,0
5761,1000000US170311003004009,47,46,0,0,0,0,1,46,0,1,1,0,28,26,2,52,0,0
5762,1000000US170311003004010,30,30,0,0,0,0,0,30,0,0,0,0,16,15,1,41,0,0
5763,1000000US170311003004011,46,45,0,0,1,0,0,46,0,0,1,1,16,16,0,65,0,0
5764,1000000US170311003004012,44,39,0,1,4,0,0,44,0,0,5,2,22,22,0,60,1,0
5765,1000000US170311003004013,13,12,0,0,0,0,1,12,0,1,1,0,6,6,0,22,0,0
5766,1000000US170311003004014,36,36,0,0,0,0,0,36,0,0,0,0,14,14,0,49,0,0
5767,1000000US170311003004015,243,238,2,0,2,0,1,242,0,1,5,1,175,74,101,243,0,0
5768,1000000US170311003004016,0,0,0,0,0,0,0,0,0,0,0,0,0,0,0,0,0,0
5769,1000000US170311003004017,54,49,0,0,1,0,4,50,0,4,5,0,25,24,1,67,0,0
5770,1000000US170311003004018,19,16,0,0,1,0,2,17,0,2,3,0,7,7,0,23,0,0
5771,1000000US170311003004019,0,0,0,0,0,0,0,0,0,0,0,0,0,0,0,0,0,0
5772,1000000US170311003004020,20,20,0,0,0,0,0,20,0,0,0,0,8,8,0,27,0,0
5773,1000000US170311003004021,72,54,1,1,3,0,14,58,0,14,18,1,34,34,0,83,0,1
5774,1000000US170311003004022,24,19,0,0,1,0,4,20,0,4,5,0,14,11,3,30,0,0
5775,1000000US170311003004023,31,31,0,0,0,0,0,31,0,0,0,0,13,13,0,38,0,0
5776,1000000US170311003004024,12,12,0,0,0,0,0,12,0,0,0,0,5,5,0,15,0,0
5777,1000000US170311003005000,26,24,0,0,0,0,2,24,0,2,2,0,13,13,0,34,0,0
5778,1000000US170311003005001,23,18,0,0,2,0,3,20,0,3,5,0,13,13,0,32,0,0
5779,1000000US170311003005002,23,17,0,0,3,0,3,20,0,3,6,0,13,12,1,28,0,0
5780,1000000US170311003005003,7,7,0,0,0,0,0,7,0,0,0,0,4,4,0,10,0,0
5781,1000000US170311003005004,8,6,0,2,0,0,0,8,0,0,2,2,3,3,0,9,0,0
5782,1000000US170311003005005,43,38,0,0,0,0,5,38,0,5,5,0,22,22,0,53,0,0
5783,1000000US170311003005006,22,22,0,0,0,0,0,22,0,0,0,0,13,13,0,26,0,0
5784,1000000US170311003005007,7,6,0,0,0,0,1,6,0,1,1,0,5,4,1,9,0,0
5785,1000000US170311003005008,8,8,0,0,0,0,0,8,0,0,0,0,4,4,0,15,0,0
5786,1000000US170311003005009,12,12,0,0,0,0,0,12,0,0,0,0,6,6,0,15,0,0
5787,1000000US170311003005010,35,33,0,0,0,0,2,33,0,2,2,0,16,16,0,37,0,0
5788,1000000US170311003005011,30,29,0,0,0,0,1,29,0,1,1,0,15,14,1,34,0,0
5789,1000000US170311003005012,23,20,0,0,0,0,3,20,0,3,3,0,15,14,1,26,0,0
5790,1000000US170311003005013,11,11,0,0,0,0,0,11,0,0,0,0,6,6,0,13,0,0
5791,1000000US170311003005014,46,39,0,1,5,0,1,45,0,1,7,1,25,23,2,58,0,0
5792,1000000US170311003005015,53,45,0,2,2,0,4,49,0,4,8,2,31,30,1,70,0,0
5793,1000000US170311003005016,19,13,0,0,3,0,3,16,0,3,6,0,20,15,5,25,0,0
5794,1000000US170311003005017,20,17,0,0,3,0,0,20,0,0,3,0,9,9,0,21,0,0
5795,1000000US170311003005018,43,39,0,0,0,0,4,39,0,4,4,2,22,22,0,47,0,0
5796,1000000US170311003005019,42,38,0,1,0,0,4,38,0,4,4,1,23,23,0,51,0,0
5797,1000000US170311003005020,36,31,0,0,5,0,0,36,0,0,5,0,20,20,0,43,0,0
5798,1000000US170311003005021,4,4,0,0,0,0,0,4,0,0,0,0,3,3,0,6,0,0
5799,1000000US170311003005022,21,19,0,0,0,0,2,19,0,2,2,0,7,7,0,23,0,0
5800,1000000US170311003005023,44,37,4,0,3,0,0,44,0,0,7,0,25,24,1,59,0,0
5801,1000000US170311003005024,40,32,0,0,0,0,8,32,0,8,8,2,19,18,1,46,0,0
5802,1000000US170311003005025,53,42,0,0,0,0,11,42,0,11,11,0,25,25,0,66,0,0
5803,1000000US170311003005026,0,0,0,0,0,0,0,0,0,0,0,0,0,0,0,0,0,0
5804,1000000US170311003005027,39,31,0,0,5,0,3,36,0,3,8,0,17,17,0,51,0,0
5805,1000000US170311003006000,41,38,0,0,2,0,1,40,0,1,3,0,23,21,2,54,0,0
5806,1000000US170311003006001,32,31,0,0,1,0,0,32,0,0,1,0,14,14,0,44,0,0
5807,1000000US170311003006002,21,16,1,0,0,0,4,17,0,4,5,0,8,8,0,29,0,0
5808,1000000US170311003006003,18,15,0,0,0,0,3,15,0,3,3,0,8,8,0,22,0,0
5809,1000000US170311003006004,18,14,2,2,1,0,1,17,0,1,4,2,9,8,1,22,0,0
5810,1000000US170311003006005,26,25,0,0,0,0,1,25,0,1,1,0,12,11,1,34,0,0
5811,1000000US170311003006006,36,32,0,0,0,0,4,32,0,4,4,0,21,19,2,48,0,0
5812,1000000US170311003006007,32,32,0,0,0,0,0,32,0,0,0,0,0,0,0,32,0,0
5813,1000000US170311003006008,31,28,0,0,0,0,3,28,0,3,3,0,16,14,2,43,0,0
5814,1000000US170311003006009,68,57,0,0,5,0,6,62,0,6,11,0,30,30,0,84,0,0
5815,1000000US170311003006010,54,45,0,0,5,0,4,50,0,4,9,1,30,28,2,65,0,0
5816,1000000US170311003006011,58,53,1,0,0,0,4,54,0,4,5,0,27,26,1,79,0,0
5817,1000000US170311003006012,472,463,0,0,4,0,5,467,0,5,9,0,468,433,35,472,0,0
5818,1000000US170311004001000,36,32,0,0,1,0,3,33,0,3,4,0,17,17,0,40,0,0
5819,1000000US170311004001001,53,49,0,0,1,0,3,50,0,3,4,0,26,23,3,62,0,0
5820,1000000US170311004001002,69,66,0,0,2,0,1,68,0,1,3,0,37,36,1,86,0,0
5821,1000000US170311004001003,25,24,0,0,0,0,1,24,0,1,1,0,15,15,0,31,0,0
5822,1000000US170311004001004,29,29,0,0,0,0,0,29,0,0,0,0,14,14,0,42,0,0
5823,1000000US170311004001005,138,127,0,0,6,0,5,133,0,5,11,2,72,71,1,180,0,0
5824,1000000US170311004001006,32,31,0,0,0,0,1,31,0,1,1,0,15,15,0,37,0,0
5825,1000000US170311004001007,25,20,1,0,3,0,1,24,0,1,5,2,14,14,0,37,0,0
5826,1000000US170311004001008,29,23,0,0,0,0,6,23,0,6,6,1,16,16,0,44,0,0
5827,1000000US170311004001009,27,25,0,0,1,0,1,26,0,1,2,0,15,15,0,40,0,0
5828,1000000US170311004001010,23,22,0,0,0,0,1,22,0,1,1,0,14,14,0,30,0,0
5829,1000000US170311004001011,44,39,0,0,0,0,5,39,0,5,5,2,26,25,1,55,0,0
5830,1000000US170311004001012,2,1,0,0,1,0,0,2,0,0,1,1,1,1,0,2,0,0
5831,1000000US170311004001013,25,19,0,0,1,0,5,20,0,5,6,0,14,13,1,36,0,0
5832,1000000US170311004001014,88,80,0,0,3,0,5,83,0,5,8,2,50,49,1,115,0,0
5833,1000000US170311004002000,22,20,0,0,2,0,0,22,0,0,2,0,12,12,0,27,0,0
5834,1000000US170311004002001,74,65,0,0,3,0,6,68,0,6,9,1,40,37,3,112,0,0
5835,1000000US170311004002002,60,52,0,0,1,3,4,56,0,4,8,5,31,28,3,72,0,0
5836,1000000US170311004002003,73,66,0,1,2,0,5,68,0,5,7,0,37,36,1,107,1,0
5837,1000000US170311004002004,67,49,0,0,5,0,18,49,0,18,18,8,29,28,1,91,0,0
5838,1000000US170311004002005,130,115,0,0,4,0,12,118,0,12,15,0,71,69,2,186,0,0
5839,1000000US170311004002006,43,41,0,0,0,0,2,41,0,2,2,0,20,20,0,56,0,0
5840,1000000US170311004002007,42,40,0,0,0,0,2,40,0,2,2,0,18,18,0,56,0,0
5841,1000000US170311004002008,83,76,0,1,5,0,1,82,0,1,7,1,44,42,2,114,0,0
5842,1000000US170311004002009,55,51,2,0,0,0,4,51,0,4,4,0,29,28,1,72,0,2
5843,1000000US170311004003000,8,8,0,0,0,0,0,8,0,0,0,0,1,1,0,10,0,0
5844,1000000US170311004003001,0,0,0,0,0,0,0,0,0,0,0,0,0,0,0,0,0,0
5845,1000000US170311004003002,44,36,0,0,4,0,4,40,0,4,8,0,24,23,1,60,0,0
5846,1000000US170311004003003,27,22,0,0,5,0,0,27,0,0,5,0,13,13,0,36,0,0
5847,1000000US170311004003004,98,88,0,0,2,0,8,90,0,8,10,0,55,53,2,126,0,0
5848,1000000US170311004003005,28,28,0,0,0,0,0,28,0,0,0,0,16,15,1,33,0,0
5849,1000000US170311004003006,33,25,0,0,3,0,5,28,0,5,8,0,16,15,1,43,0,0
5850,1000000US170311004003007,32,30,0,0,2,0,0,32,0,0,2,0,18,17,1,50,0,0
5851,1000000US170311004003008,13,8,0,0,2,0,2,11,0,2,5,3,8,8,0,16,0,0
5852,1000000US170311004003009,69,62,1,1,0,0,5,64,0,5,7,0,45,38,7,88,1,0
5853,1000000US170311004003010,42,29,0,0,2,1,10,32,0,10,13,3,20,20,0,56,0,0
5854,1000000US170311004003011,64,51,0,0,5,0,8,56,0,8,13,0,35,33,2,84,0,0
5855,1000000US170311004003012,111,81,3,1,3,0,24,87,0,24,30,1,62,60,2,134,1,0
5856,1000000US170311004003013,45,26,1,0,5,0,12,33,0,12,19,0,32,30,2,48,0,0
5857,1000000US170311004003014,19,16,0,0,0,0,3,16,0,3,3,0,10,10,0,20,0,0
5858,1000000US170311004003015,22,22,0,0,0,0,0,22,0,0,0,0,14,12,2,24,0,0
5859,1000000US170311004003016,53,47,0,0,5,0,1,52,0,1,6,0,31,29,2,64,0,0
5860,1000000US170311004003017,75,63,0,0,3,0,9,66,0,9,12,0,36,35,1,93,0,0
5861,1000000US170311004003018,58,54,0,0,2,0,2,56,0,2,4,0,31,30,1,72,0,0
5862,1000000US170311004003019,56,52,0,0,0,0,4,52,0,4,4,0,31,30,1,64,0,0
5863,1000000US170311004003020,82,64,0,0,6,0,12,70,0,12,18,0,42,41,1,116,0,0
5864,1000000US170311004003021,44,33,0,0,4,0,7,37,0,7,11,0,21,21,0,52,0,0
5865,1000000US170311004003022,36,33,0,0,0,0,3,33,0,3,3,2,20,20,0,47,0,0
5866,1000000US170311005001000,0,0,0,0,0,0,0,0,0,0,0,0,0,0,0,0,0,0
5867,1000000US170311005001001,0,0,0,0,0,0,0,0,0,0,0,0,0,0,0,0,0,0
5868,1000000US170311005001002,0,0,0,0,0,0,0,0,0,0,0,0,0,0,0,0,0,0
5869,1000000US170311005001003,0,0,0,0,0,0,0,0,0,0,0,0,0,0,0,0,0,0
5870,1000000US170311005001004,0,0,0,0,0,0,0,0,0,0,0,0,0,0,0,0,0,0
5871,1000000US170311005001005,0,0,0,0,0,0,0,0,0,0,0,0,0,0,0,0,0,0
5872,1000000US170311005001006,6,6,0,0,0,0,0,6,0,0,0,0,3,3,0,6,0,0
5873,1000000US170311005001007,72,55,0,0,6,0,11,61,0,11,17,3,45,39,6,91,0,0
5874,1000000US170311005001008,106,85,3,2,4,4,12,94,0,12,21,6,55,51,4,138,0,0
5875,1000000US170311005001009,0,0,0,0,0,0,0,0,0,0,0,0,0,0,0,0,0,0
5876,1000000US170311005001010,0,0,0,0,0,0,0,0,0,0,0,0,0,0,0,0,0,0
5877,1000000US170311005001011,199,176,0,0,11,0,11,188,0,11,23,0,133,121,12,241,0,0
5878,1000000US170311005001012,46,38,0,1,3,0,4,42,0,4,8,0,27,26,1,54,1,0
5879,1000000US170311005001013,105,75,1,1,14,1,16,89,0,16,30,3,50,50,0,147,0,0
5880,1000000US170311005001014,56,44,0,0,7,0,5,51,0,5,12,0,30,28,2,76,0,0
5881,1000000US170311005001015,55,48,0,0,7,0,0,55,0,0,7,0,30,30,0,76,0,0
5882,1000000US170311005001016,78,60,0,1,7,0,10,68,0,10,18,1,36,36,0,104,0,0
5883,1000000US170311005001017,45,44,0,0,1,0,0,45,0,0,1,0,26,25,1,61,0,0
5884,1000000US170311005002000,39,35,0,0,1,0,3,36,0,3,4,0,28,26,2,45,0,0
5885,1000000US170311005002001,38,22,4,3,2,0,10,28,0,10,16,0,22,20,2,53,3,0
5886,1000000US170311005002002,69,64,0,0,0,0,5,64,0,5,5,0,37,36,1,102,0,0
5887,1000000US170311005002003,70,45,0,0,14,0,11,59,0,11,25,0,34,33,1,94,0,0
5888,1000000US170311005002004,41,40,0,0,1,0,0,41,0,0,1,0,20,20,0,54,0,0
5889,1000000US170311005002005,40,34,0,0,1,0,5,35,0,5,6,0,22,21,1,53,0,0
5890,1000000US170311005002006,31,27,0,0,1,0,3,28,0,3,4,0,24,22,2,38,0,0
5891,1000000US170311005002007,10,9,0,0,0,0,1,9,0,1,1,0,8,6,2,14,0,0
5892,1000000US170311005002008,24,15,0,1,5,0,3,21,0,3,9,1,15,12,3,29,0,0
5893,1000000US170311005002009,38,27,0,0,3,0,7,31,0,7,11,0,15,15,0,43,0,0
5894,1000000US170311005002010,30,30,0,0,0,0,0,30,0,0,0,0,15,15,0,37,0,0
5895,1000000US170311005002011,22,20,0,0,1,0,1,21,0,1,2,0,12,11,1,30,0,0
5896,1000000US170311005002012,25,25,0,0,0,0,0,25,0,0,0,0,13,13,0,31,0,0
5897,1000000US170311005002013,23,18,0,0,0,0,5,18,0,5,5,2,11,11,0,29,0,0
5898,1000000US170311005002014,22,19,0,1,0,0,2,20,0,2,3,1,11,10,1,29,0,0
5899,1000000US170311005002015,16,9,0,0,7,0,0,16,0,0,7,0,7,7,0,18,0,0
5900,1000000US170311005002016,18,10,0,0,8,0,0,18,0,0,8,0,7,7,0,19,0,0
5901,1000000US170311005003000,137,111,0,0,19,1,7,130,0,7,26,6,67,65,2,192,0,0
5902,1000000US170311005003001,33,23,0,0,0,0,10,23,0,10,10,3,15,15,0,45,0,0
5903,1000000US170311005003002,30,22,0,0,4,0,4,26,0,4,8,0,15,14,1,40,0,0
5904,1000000US170311005003003,27,26,0,0,0,0,1,26,0,1,1,0,15,14,1,38,0,0
5905,1000000US170311005003004,41,41,0,0,0,0,0,41,0,0,0,0,15,15,0,46,0,0
5906,1000000US170311005003005,32,31,0,0,1,0,0,32,0,0,1,0,15,15,0,42,0,0
5907,1000000US170311005003006,14,11,0,0,2,0,1,13,0,1,3,0,7,7,0,20,0,0
5908,1000000US170311005003007,6,6,0,0,0,0,0,6,0,0,0,0,3,3,0,9,0,0
5909,1000000US170311005003008,26,25,0,0,1,0,0,26,0,0,1,1,12,12,0,37,0,0
5910,1000000US170311005003009,26,19,1,0,1,0,5,21,0,5,7,0,12,12,0,40,0,0
5911,1000000US170311005003010,24,24,0,0,0,0,0,24,0,0,0,0,12,12,0,38,0,0
5912,1000000US170311005003011,29,24,0,0,5,0,0,29,0,0,5,0,12,12,0,37,0,0
5913,1000000US170311005003012,16,16,0,0,0,0,0,16,0,0,0,0,6,6,0,26,0,0
5914,1000000US170311005003013,28,26,0,0,0,0,2,26,0,2,2,0,14,14,0,34,0,0
5915,1000000US170311005003014,30,26,0,0,0,0,4,26,0,4,4,0,15,15,0,32,0,0
5916,1000000US170311005003015,14,14,0,0,0,0,0,14,0,0,0,0,7,7,0,17,0,0
5917,1000000US170311005003016,10,8,0,0,2,0,0,10,0,0,2,0,6,5,1,13,0,0
5918,1000000US170311005003017,26,20,0,0,3,0,4,22,0,4,6,1,12,12,0,32,0,0
5919,1000000US170311005003018,23,22,0,0,0,0,1,22,0,1,1,0,13,13,0,30,0,0
5920,1000000US170311005003019,20,16,0,1,0,0,3,17,0,3,4,1,12,11,1,28,0,0
5921,1000000US170311005003020,19,19,0,0,0,0,0,19,0,0,0,0,12,12,0,21,0,0
5922,1000000US170311005003021,28,20,0,0,7,0,3,25,0,3,8,1,13,13,0,37,0,0
5923,1000000US170311005003022,13,11,0,0,2,0,0,13,0,0,2,0,7,7,0,18,0,0
5924,1000000US170311005003023,22,19,0,3,0,0,0,22,0,0,3,0,12,12,0,28,3,0
5925,1000000US170311005003024,19,18,0,0,1,0,0,19,0,0,1,0,10,10,0,27,0,0
5926,1000000US170311005004000,0,0,0,0,0,0,0,0,0,0,0,0,0,0,0,0,0,0
5927,1000000US170311005004001,0,0,0,0,0,0,0,0,0,0,0,0,0,0,0,0,0,0
5928,1000000US170311005004002,0,0,0,0,0,0,0,0,0,0,0,0,0,0,0,0,0,0
5929,1000000US170311005004003,0,0,0,0,0,0,0,0,0,0,0,0,0,0,0,0,0,0
5930,1000000US170311005004004,0,0,0,0,0,0,0,0,0,0,0,0,0,0,0,0,0,0
5931,1000000US170311005004005,0,0,0,0,0,0,0,0,0,0,0,0,0,0,0,0,0,0
5932,1000000US170311005004006,9,9,0,0,0,0,0,9,0,0,0,0,3,2,1,11,0,0
5933,1000000US170311005004007,12,11,0,0,0,0,1,11,0,1,1,0,7,7,0,18,0,0
5934,1000000US170311005004008,13,13,0,0,0,0,0,13,0,0,0,0,7,7,0,15,0,0
5935,1000000US170311005004009,15,15,0,0,0,0,0,15,0,0,0,0,6,6,0,17,0,0
5936,1000000US170311005004010,20,15,0,0,0,0,5,15,0,5,5,0,7,7,0,26,0,0
5937,1000000US170311005004011,14,7,0,0,0,0,7,7,0,7,7,0,7,7,0,18,0,0
5938,1000000US170311005004012,7,2,0,0,0,0,5,2,0,5,5,0,3,3,0,9,0,0
5939,1000000US170311005004013,38,38,0,0,0,0,0,38,0,0,0,0,15,15,0,48,0,0
5940,1000000US170311005004014,0,0,0,0,0,0,0,0,0,0,0,0,0,0,0,0,0,0
5941,1000000US170311005004015,20,17,0,0,3,0,0,20,0,0,3,0,12,12,0,22,0,0
5942,1000000US170311005004016,26,21,1,0,3,0,1,25,0,1,5,0,12,11,1,32,0,0
5943,1000000US170311005004017,33,30,0,0,2,0,1,32,0,1,3,0,14,14,0,42,0,0
5944,1000000US170311005004018,31,29,0,0,0,0,2,29,0,2,2,0,14,13,1,39,0,0
5945,1000000US170311005004019,36,35,0,0,0,0,1,35,0,1,1,0,15,15,0,47,0,0
5946,1000000US170311005004020,5,5,0,0,0,0,0,5,0,0,0,0,3,3,0,5,0,0
5947,1000000US170311005004021,10,10,0,0,0,0,0,10,0,0,0,0,7,7,0,11,0,0
5948,1000000US170311005004022,10,8,0,0,0,0,2,8,0,2,2,1,4,4,0,13,0,0
5949,1000000US170311005004023,11,11,0,0,0,0,0,11,0,0,0,0,6,6,0,16,0,0
5950,1000000US170311005004024,14,12,0,0,0,0,2,12,0,2,2,0,7,7,0,22,0,0
5951,1000000US170311005004025,13,12,0,0,0,0,1,12,0,1,1,0,7,7,0,19,0,0
5952,1000000US170311005004026,29,25,0,0,2,0,2,27,0,2,4,1,16,15,1,40,0,0
5953,1000000US170311005004027,34,27,0,0,6,0,1,33,0,1,7,0,15,15,0,43,0,0
5954,1000000US170311005004028,18,14,0,0,4,0,0,18,0,0,4,0,10,9,1,31,0,0
5955,1000000US170311005004029,14,12,0,0,0,0,0,14,0,0,2,0,7,7,0,17,0,0
5956,1000000US170311005004030,24,20,0,0,0,0,4,20,0,4,4,0,11,10,1,29,0,0
5957,1000000US170311005004031,9,7,0,0,2,0,0,9,0,0,2,0,5,5,0,16,0,0
5958,1000000US170311005004032,5,5,0,0,0,0,0,5,0,0,0,0,3,3,0,5,0,0
5959,1000000US170311005004033,11,10,0,0,1,0,0,11,0,0,1,0,6,6,0,17,0,0
5960,1000000US170311005004034,21,16,0,0,5,0,0,21,0,0,5,0,9,9,0,30,0,0
5961,1000000US170311005004035,33,31,0,0,0,0,2,31,0,2,2,0,15,14,1,38,0,0
5962,1000000US170311005004036,37,31,0,0,1,0,5,32,0,5,6,0,16,16,0,53,0,0
5963,1000000US170311005004037,18,15,0,0,2,0,1,17,0,1,3,0,9,9,0,23,0,0
5964,1000000US170311005004038,10,8,0,0,2,0,0,10,0,0,2,0,6,5,1,16,0,0
5965,1000000US170311005004039,19,18,0,0,0,0,1,18,0,1,1,0,11,11,0,23,0,0
5966,1000000US170311005004040,30,27,0,1,0,0,2,28,0,2,3,0,15,15,0,35,1,0
5967,1000000US170311005004041,28,18,0,1,2,0,5,23,0,5,10,2,15,15,0,41,0,0
5968,1000000US170311005004042,18,15,0,0,0,0,3,15,0,3,3,0,10,9,1,25,0,0
5969,1000000US170311005004043,18,14,0,0,1,0,3,15,0,3,4,0,6,6,0,22,0,0
5970,1000000US170311005004044,23,23,0,0,0,0,0,23,0,0,0,0,14,14,0,29,0,0
5971,1000000US170311005004045,29,28,0,0,0,0,1,28,0,1,1,0,16,15,1,40,0,0
5972,1000000US170311005004046,30,28,0,0,0,0,2,28,0,2,2,1,14,14,0,35,0,0
5973,1000000US170311005004047,24,21,0,0,1,0,2,22,0,2,3,1,14,14,0,31,0,0
5974,1000000US170311005004048,23,20,0,0,0,0,3,20,0,3,3,0,14,12,2,25,0,0
5975,1000000US170311005004049,31,26,0,0,4,0,1,30,0,1,5,2,16,16,0,43,0,0
5976,1000000US170311005004050,27,21,0,0,2,0,4,23,0,4,6,0,16,14,2,33,0,0
5977,1000000US170311005004051,31,28,2,0,1,0,0,31,0,0,3,0,15,15,0,45,0,0
5978,1000000US170311005004052,31,30,0,0,0,0,1,30,0,1,1,0,17,17,0,46,0,0
5979,1000000US170311005004053,30,30,0,0,0,0,0,30,0,0,0,0,13,13,0,34,0,0
5980,1000000US170311005004054,8,6,0,0,2,0,0,8,0,0,2,0,5,5,0,13,0,0
5981,1000000US170311005005000,14,13,0,0,0,0,1,13,0,1,1,0,6,6,0,18,0,0
5982,1000000US170311005005001,29,21,0,0,6,0,2,27,0,2,8,0,12,12,0,38,0,0
5983,1000000US170311005005002,24,24,0,0,0,0,0,24,0,0,0,0,15,14,1,28,0,0
5984,1000000US170311005005003,22,21,0,0,0,0,1,21,0,1,1,1,12,12,0,35,0,0
5985,1000000US170311005005004,7,7,0,0,0,0,0,7,0,0,0,0,6,5,1,7,0,0
5986,1000000US170311005005005,9,9,0,0,0,0,0,9,0,0,0,0,8,4,4,12,0,0
5987,1000000US170311005005006,38,35,0,0,3,0,0,38,0,0,3,0,21,19,2,52,0,0
5988,1000000US170311005005007,92,78,1,0,1,0,12,80,0,12,14,1,54,48,6,110,0,0
5989,1000000US170311005005008,110,75,7,2,8,0,22,88,0,22,35,9,72,64,8,134,0,0
5990,1000000US170311005005009,117,103,1,0,7,0,6,111,0,6,14,5,64,58,6,132,0,0
5991,1000000US170311005005010,124,118,0,0,3,0,3,121,0,3,6,0,61,60,1,153,0,0
5992,1000000US170311005005011,40,36,0,0,2,0,2,38,0,2,4,0,16,16,0,50,0,0
5993,1000000US170311005005012,26,26,0,0,0,0,0,26,0,0,0,0,14,13,1,36,0,0
5994,1000000US170311005005013,27,24,1,0,0,0,2,25,0,2,3,0,13,13,0,36,0,0
5995,1000000US170311005005014,2,1,0,0,0,0,1,1,0,1,1,0,1,1,0,2,0,0
5996,1000000US170311005005015,14,11,0,0,3,0,0,14,0,0,3,0,9,7,2,16,0,0
5997,1000000US170311005005016,4,4,0,0,0,0,0,4,0,0,0,0,2,2,0,5,0,0
5998,1000000US170311005005017,78,71,0,0,2,0,5,73,0,5,7,0,39,39,0,94,0,0
5999,1000000US170311005005018,57,50,0,0,0,0,5,52,0,5,7,0,30,30,0,68,0,0
6000,1000000US170311005005019,0,0,0,0,0,0,0,0,0,0,0,0,0,0,0,0,0,0
6001,1000000US170311005005020,21,16,0,0,3,0,2,19,0,2,5,0,12,11,1,27,0,0
6002,1000000US170311005005021,62,59,0,0,3,0,0,62,0,0,3,0,32,29,3,85,0,0
6003,1000000US170311005005022,0,0,0,0,0,0,0,0,0,0,0,0,0,0,0,0,0,0
6004,1000000US170311005005023,25,19,0,0,1,0,5,20,0,5,6,0,8,8,0,26,0,0
6005,1000000US170311005005024,10,10,0,0,0,0,0,10,0,0,0,0,6,5,1,14,0,0
6006,1000000US170311005005025,28,25,0,0,0,0,3,25,0,3,3,0,13,13,0,44,0,0
6007,1000000US170311005005026,41,28,0,0,7,0,6,35,0,6,13,3,15,15,0,51,0,0
6008,1000000US170311005005027,34,24,0,0,9,0,1,33,0,1,10,0,13,13,0,46,0,0
6009,1000000US170311005005028,4,4,0,0,0,0,0,4,0,0,0,0,3,3,0,8,0,0
6010,1000000US170311005005029,29,24,0,0,1,0,4,25,0,4,5,0,18,16,2,38,0,0
6011,1000000US170311005005030,34,23,0,0,8,0,3,31,0,3,11,1,16,16,0,40,0,0
6012,1000000US170311005005031,25,13,0,0,4,0,9,16,0,9,12,0,13,11,2,33,0,0
6013,1000000US170311005005032,29,23,0,0,4,0,2,27,0,2,6,0,15,14,1,35,0,0
6014,1000000US170311005005033,26,16,0,1,3,3,6,20,0,6,10,4,12,12,0,34,0,0
6015,1000000US170311005005034,12,11,1,0,0,0,0,12,0,0,1,0,6,5,1,15,0,0
6016,1000000US170311005005035,15,11,0,0,0,0,4,11,0,4,4,0,8,7,1,22,0,0
6017,1000000US170311005005036,49,33,0,0,1,0,15,34,0,15,16,2,19,19,0,57,0,0
6018,1000000US170311005005037,51,45,0,0,1,0,5,46,0,5,6,0,24,23,1,64,0,0
6019,1000000US170311005005038,20,17,0,0,0,0,3,17,0,3,3,0,13,12,1,27,0,0
6020,1000000US170311005005039,32,27,0,0,3,0,2,30,0,2,5,0,17,16,1,38,0,0
6021,1000000US170311005005040,16,12,3,0,0,0,3,13,0,3,4,2,8,7,1,23,0,2
6022,1000000US170311005005041,31,27,0,0,0,0,4,27,0,4,4,0,16,16,0,36,0,0
6023,1000000US170311005005042,11,11,0,0,0,0,0,11,0,0,0,0,6,6,0,11,0,0
6024,1000000US170311005005043,26,18,0,0,6,0,2,24,0,2,8,0,13,13,0,32,0,0
6025,1000000US170311006001000,1,1,0,0,0,0,0,1,0,0,0,0,1,1,0,1,0,0
6026,1000000US170311006001001,0,0,0,0,0,0,0,0,0,0,0,0,0,0,0,0,0,0
6027,1000000US170311006001002,0,0,0,0,0,0,0,0,0,0,0,0,0,0,0,0,0,0
6028,1000000US170311006001003,0,0,0,0,0,0,0,0,0,0,0,0,0,0,0,0,0,0
6029,1000000US170311006001004,0,0,0,0,0,0,0,0,0,0,0,0,0,0,0,0,0,0
6030,1000000US170311006001005,11,9,0,0,0,0,2,9,0,2,2,0,8,8,0,14,0,0
6031,1000000US170311006001006,19,18,0,1,0,0,1,18,0,1,1,0,9,9,0,23,1,0
6032,1000000US170311006001007,17,15,0,0,0,0,2,15,0,2,2,0,10,9,1,20,0,0
6033,1000000US170311006001008,0,0,0,0,0,0,0,0,0,0,0,0,0,0,0,0,0,0
6034,1000000US170311006001009,17,15,2,0,0,0,0,17,0,0,2,0,10,10,0,30,0,0
6035,1000000US170311006001010,16,14,0,0,1,0,1,15,0,1,2,0,9,8,1,20,0,0
6036,1000000US170311006001011,20,13,0,0,2,0,5,15,0,5,7,0,10,10,0,24,0,0
6037,1000000US170311006001012,38,21,0,2,6,0,9,29,0,9,17,2,18,17,1,49,0,0
6038,1000000US170311006001013,26,23,0,0,3,0,0,26,0,0,3,0,16,16,0,28,0,0
6039,1000000US170311006001014,40,24,0,0,5,0,13,27,0,13,16,0,19,19,0,45,0,0
6040,1000000US170311006001015,50,44,0,0,3,0,3,47,0,3,6,0,21,20,1,63,0,0
6041,1000000US170311006001016,19,16,0,0,0,0,3,16,0,3,3,0,10,9,1,25,0,0
6042,1000000US170311006001017,27,21,0,0,0,0,6,21,0,6,6,0,10,10,0,27,0,0
6043,1000000US170311006001018,29,25,1,0,0,0,3,26,0,3,4,0,18,17,1,38,0,0
6044,1000000US170311006001019,37,30,1,0,0,0,6,31,0,6,7,0,18,17,1,42,0,0
6045,1000000US170311006001020,37,33,0,0,1,0,3,34,0,3,4,1,18,18,0,50,0,0
6046,1000000US170311006001021,32,25,0,0,2,0,5,27,0,5,7,0,17,17,0,38,0,0
6047,1000000US170311006001022,23,19,0,0,0,0,4,19,0,4,4,0,11,11,0,32,0,0
6048,1000000US170311006001023,28,28,0,0,0,0,0,28,0,0,0,0,19,16,3,35,0,0
6049,1000000US170311006001024,27,27,0,0,0,0,0,27,0,0,0,0,14,13,1,39,0,0
6050,1000000US170311006001025,33,29,0,0,2,0,2,31,0,2,4,0,18,18,0,40,0,0
6051,1000000US170311006001026,45,36,0,1,6,0,2,43,0,2,9,1,20,19,1,50,0,0
6052,1000000US170311006001027,41,32,5,0,1,0,3,38,0,3,9,0,22,20,2,50,0,0
6053,1000000US170311006001028,51,43,1,0,6,0,1,50,0,1,8,0,24,24,0,61,0,0
6054,1000000US170311006001029,58,29,0,0,16,0,13,45,0,13,29,0,24,23,1,73,0,0
6055,1000000US170311006001030,2,2,0,0,0,0,0,2,0,0,0,0,1,1,0,2,0,0
6056,1000000US170311006001031,38,29,0,0,7,0,2,36,0,2,9,0,21,21,0,42,0,0
6057,1000000US170311006001032,45,37,0,0,4,0,4,41,0,4,8,0,24,23,1,53,0,0
6058,1000000US170311006001033,15,13,1,0,0,0,1,14,0,1,2,0,9,9,0,17,0,0
6059,1000000US170311006002000,0,0,0,0,0,0,0,0,0,0,0,0,0,0,0,0,0,0
6060,1000000US170311006002001,26,19,1,2,0,0,6,20,0,6,7,2,15,15,0,42,0,0
6061,1000000US170311006002002,13,9,0,0,2,0,2,11,0,2,4,0,9,9,0,13,0,0
6062,1000000US170311006002003,47,38,2,1,2,0,3,44,0,3,9,1,30,26,4,55,1,0
6063,1000000US170311006002004,48,30,0,0,10,0,8,40,0,8,18,0,28,23,5,62,0,0
6064,1000000US170311006002005,35,30,0,0,0,0,5,30,0,5,5,1,18,18,0,49,0,0
6065,1000000US170311006002006,28,20,0,0,5,0,3,25,0,3,8,0,13,13,0,35,0,0
6066,1000000US170311006002007,17,14,2,0,0,0,1,16,0,1,3,0,7,7,0,19,0,0
6067,1000000US170311006002008,12,12,0,0,0,0,0,12,0,0,0,0,8,8,0,13,0,0
6068,1000000US170311006002009,18,15,0,0,2,0,1,17,0,1,3,0,13,12,1,19,0,0
6069,1000000US170311006002010,35,31,0,0,0,0,4,31,0,4,4,0,15,15,0,43,0,0
6070,1000000US170311006002011,28,27,0,0,0,0,1,27,0,1,1,0,16,15,1,36,0,0
6071,1000000US170311006002012,31,30,0,0,0,0,1,30,0,1,1,0,16,16,0,44,0,0
6072,1000000US170311006002013,24,23,0,0,0,0,1,23,0,1,1,0,11,11,0,35,0,0
6073,1000000US170311006002014,21,18,1,0,0,0,2,19,0,2,3,0,10,9,1,31,0,0
6074,1000000US170311006002015,20,19,0,1,0,0,0,20,0,0,1,1,10,10,0,30,1,0
6075,1000000US170311006002016,25,18,0,0,3,0,4,21,0,4,7,0,10,10,0,28,0,0
6076,1000000US170311006002017,27,25,0,0,1,0,1,26,0,1,2,0,17,15,2,36,0,0
6077,1000000US170311006002018,20,14,0,0,4,0,2,18,0,2,6,0,12,10,2,28,0,0
6078,1000000US170311006002019,24,19,0,0,2,0,3,21,0,3,5,0,11,11,0,27,0,0
6079,1000000US170311006002020,13,13,0,0,0,0,0,13,0,0,0,0,7,7,0,20,0,0
6080,1000000US170311006002021,24,16,0,0,2,0,8,16,0,8,8,0,13,12,1,31,0,0
6081,1000000US170311006002022,57,57,0,0,0,0,0,57,0,0,0,0,22,22,0,61,0,0
6082,1000000US170311006002023,21,16,2,0,0,0,3,18,0,3,5,0,11,11,0,37,0,0
6083,1000000US170311006002024,6,6,0,0,0,0,0,6,0,0,0,0,3,3,0,6,0,0
6084,1000000US170311006002025,4,4,0,0,0,0,0,4,0,0,0,0,2,2,0,4,0,0
6085,1000000US170311006002026,24,17,0,0,6,0,1,23,0,1,7,0,11,11,0,24,0,0
6086,1000000US170311006002027,30,19,1,0,7,0,4,26,0,4,11,5,14,14,0,34,0,0
6087,1000000US170311006002028,22,16,0,0,0,0,6,16,0,6,6,0,10,9,1,28,0,0
6088,1000000US170311006002029,13,7,0,0,4,0,2,11,0,2,6,0,7,7,0,14,0,0
6089,1000000US170311006002030,12,12,0,0,0,0,0,12,0,0,0,0,5,5,0,15,0,0
6090,1000000US170311006002031,17,11,0,0,0,0,6,11,0,6,6,0,9,9,0,22,0,0
6091,1000000US170311006002032,18,17,0,0,1,0,0,18,0,0,1,0,8,8,0,19,0,0
6092,1000000US170311006002033,17,11,0,1,0,0,5,12,0,5,6,1,9,9,0,20,0,0
6093,1000000US170311006002034,15,7,0,0,0,0,8,7,0,8,8,2,8,8,0,22,0,0
6094,1000000US170311006002035,6,5,0,0,1,0,0,6,0,0,1,0,3,3,0,9,0,0
6095,1000000US170311006002036,14,9,0,0,0,0,5,9,0,5,5,0,7,7,0,18,0,0
6096,1000000US170311006002037,16,16,0,0,0,0,0,16,0,0,0,0,8,6,2,18,0,0
6097,1000000US170311006002038,0,0,0,0,0,0,0,0,0,0,0,0,0,0,0,0,0,0
6098,1000000US170311006003000,36,24,0,0,9,0,3,33,0,3,12,0,15,15,0,46,0,0
6099,1000000US170311006003001,17,16,0,0,1,0,0,17,0,0,1,0,9,9,0,18,0,0
6100,1000000US170311006003002,36,29,0,0,2,0,5,31,0,5,7,0,18,16,2,47,0,0
6101,1000000US170311006003003,17,13,0,0,0,0,4,13,0,4,4,0,10,10,0,25,0,0
6102,1000000US170311006003004,17,17,0,0,0,0,0,17,0,0,0,0,10,8,2,25,0,0
6103,1000000US170311006003005,20,20,0,0,0,0,0,20,0,0,0,0,9,9,0,23,0,0
6104,1000000US170311006003006,14,13,0,0,0,0,1,13,0,1,1,1,9,8,1,22,0,0
6105,1000000US170311006003007,18,18,0,0,0,0,0,18,0,0,0,0,9,8,1,23,0,0
6106,1000000US170311006003008,18,17,0,0,0,0,1,17,0,1,1,0,9,8,1,24,0,0
6107,1000000US170311006003009,17,16,1,0,0,0,0,17,0,0,1,0,8,7,1,24,0,0
6108,1000000US170311006003010,0,0,0,0,0,0,0,0,0,0,0,0,0,0,0,0,0,0
6109,1000000US170311006003011,15,10,0,0,0,0,5,10,0,5,5,0,8,6,2,16,0,0
6110,1000000US170311006003012,17,15,0,0,2,0,0,17,0,0,2,0,7,7,0,25,0,0
6111,1000000US170311006003013,15,15,0,0,0,0,0,15,0,0,0,0,8,7,1,20,0,0
6112,1000000US170311006003014,35,32,0,0,3,0,0,35,0,0,3,0,17,17,0,39,0,0
6113,1000000US170311006003015,35,28,0,0,1,0,6,29,0,6,7,0,18,18,0,38,0,0
6114,1000000US170311006003016,29,26,0,0,0,0,3,26,0,3,3,0,16,14,2,41,0,0
6115,1000000US170311006003017,28,18,0,0,0,0,10,18,0,10,10,0,13,12,1,35,0,0
6116,1000000US170311006003018,8,6,0,0,0,0,2,6,0,2,2,0,4,4,0,9,0,0
6117,1000000US170311006003019,37,33,0,0,0,0,4,33,0,4,4,0,20,19,1,42,0,0
6118,1000000US170311006003020,35,26,0,0,0,0,9,26,0,9,9,0,17,17,0,47,0,0
6119,1000000US170311006003021,20,12,0,0,7,0,1,19,0,1,8,0,12,11,1,23,0,0
6120,1000000US170311006003022,1,0,0,0,0,0,1,0,0,1,1,1,1,1,0,1,0,0
6121,1000000US170311006003023,0,0,0,0,0,0,0,0,0,0,0,0,0,0,0,0,0,0
6122,1000000US170311006003024,16,11,1,1,1,0,2,14,0,2,5,1,11,10,1,26,0,0
6123,1000000US170311006003025,27,19,0,0,4,0,5,22,0,5,8,2,14,13,1,37,0,0
6124,1000000US170311006003026,33,31,0,0,0,0,2,31,0,2,2,0,20,19,1,39,0,0
6125,1000000US170311006003027,15,8,0,0,7,0,0,15,0,0,7,0,7,7,0,18,0,0
6126,1000000US170311006003028,15,12,0,0,0,0,3,12,0,3,3,0,10,9,1,17,0,0
6127,1000000US170311006003029,19,5,0,0,5,0,9,10,0,9,14,0,7,7,0,20,0,0
6128,1000000US170311006003030,41,26,0,0,3,0,12,29,0,12,15,0,19,18,1,55,0,0
6129,1000000US170311006003031,39,31,0,0,2,0,6,33,0,6,8,2,17,17,0,42,0,0
6130,1000000US170311006003032,19,19,0,0,0,0,0,19,0,0,0,0,13,12,1,19,0,0
6131,1000000US170311006003033,0,0,0,0,0,0,0,0,0,0,0,0,0,0,0,0,0,0
6132,1000000US170311006003034,23,17,0,0,2,0,4,19,0,4,6,0,13,11,2,34,0,0
6133,1000000US170311006003035,34,24,0,0,7,0,3,31,0,3,10,0,17,16,1,50,0,0
6134,1000000US170311006003036,42,31,0,0,3,0,8,34,0,8,11,0,19,19,0,52,0,0
6135,1000000US170311006003037,33,33,0,0,0,0,0,33,0,0,0,0,16,16,0,42,0,0
6136,1000000US170311006003038,36,30,0,0,2,0,4,32,0,4,6,0,16,16,0,36,0,0
6137,1000000US170311006003039,27,15,0,0,7,0,5,22,0,5,12,0,14,13,1,36,0,0
6138,1000000US170311006004000,0,0,0,0,0,0,0,0,0,0,0,0,0,0,0,0,0,0
6139,1000000US170311006004001,0,0,0,0,0,0,0,0,0,0,0,0,0,0,0,0,0,0
6140,1000000US170311006004002,0,0,0,0,0,0,0,0,0,0,0,0,0,0,0,0,0,0
6141,1000000US170311006004003,0,0,0,0,0,0,0,0,0,0,0,0,0,0,0,0,0,0
6142,1000000US170311006004004,0,0,0,0,0,0,0,0,0,0,0,0,0,0,0,0,0,0
6143,1000000US170311006004005,0,0,0,0,0,0,0,0,0,0,0,0,0,0,0,0,0,0
6144,1000000US170311006004006,0,0,0,0,0,0,0,0,0,0,0,0,0,0,0,0,0,0
6145,1000000US170311006004007,0,0,0,0,0,0,0,0,0,0,0,0,0,0,0,0,0,0
6146,1000000US170311006004008,0,0,0,0,0,0,0,0,0,0,0,0,0,0,0,0,0,0
6147,1000000US170311006004009,0,0,0,0,0,0,0,0,0,0,0,0,0,0,0,0,0,0
6148,1000000US170311006004010,0,0,0,0,0,0,0,0,0,0,0,0,0,0,0,0,0,0
6149,1000000US170311006004011,9,5,0,0,1,0,4,5,0,4,4,0,3,3,0,12,0,0
6150,1000000US170311006004012,0,0,0,0,0,0,0,0,0,0,0,0,0,0,0,0,0,0
6151,1000000US170311006004013,39,29,0,0,1,0,9,30,0,9,10,0,16,16,0,45,0,0
6152,1000000US170311006004014,20,17,0,0,0,0,3,17,0,3,3,0,10,10,0,27,0,0
6153,1000000US170311006004015,5,5,0,0,0,0,0,5,0,0,0,0,1,1,0,7,0,0
6154,1000000US170311006004016,4,2,0,0,0,0,2,2,0,2,2,0,2,2,0,7,0,0
6155,1000000US170311006004017,0,0,0,0,0,0,0,0,0,0,0,0,0,0,0,0,0,0
6156,1000000US170311006004018,31,23,0,0,1,0,6,25,0,6,8,0,14,14,0,44,0,0
6157,1000000US170311006004019,33,33,0,0,0,0,0,33,0,0,0,0,14,13,1,42,0,0
6158,1000000US170311006004020,29,22,0,0,0,0,7,22,0,7,7,0,13,13,0,34,0,0
6159,1000000US170311006004021,24,16,0,1,6,0,1,23,0,1,8,2,12,12,0,28,0,0
6160,1000000US170311006004022,18,18,0,0,0,0,0,18,0,0,0,0,8,8,0,26,0,0
6161,1000000US170311006004023,16,13,0,0,3,0,0,16,0,0,3,0,8,7,1,21,0,0
6162,1000000US170311006004024,17,17,0,0,0,0,0,17,0,0,0,0,9,9,0,19,0,0
6163,1000000US170311006004025,11,11,0,0,0,0,0,11,0,0,0,0,6,6,0,11,0,0
6164,1000000US170311006004026,4,4,0,0,0,0,0,4,0,0,0,0,3,3,0,4,0,0
6165,1000000US170311006004027,0,0,0,0,0,0,0,0,0,0,0,0,0,0,0,0,0,0
6166,1000000US170311006004028,0,0,0,0,0,0,0,0,0,0,0,0,0,0,0,0,0,0
6167,1000000US170311006004029,5,2,0,0,1,1,2,3,0,2,3,1,4,3,1,6,0,0
6168,1000000US170311006004030,10,1,0,0,0,0,9,1,0,9,9,4,3,3,0,11,0,0
6169,1000000US170311006004031,15,12,0,0,0,0,3,12,0,3,3,0,10,9,1,18,0,0
6170,1000000US170311006004032,4,2,0,0,0,0,2,2,0,2,2,0,2,2,0,4,0,0
6171,1000000US170311006004033,23,16,1,0,0,0,6,17,0,6,7,0,12,12,0,30,0,0
6172,1000000US170311006004034,31,25,0,0,1,0,5,26,0,5,6,0,22,21,1,35,0,0
6173,1000000US170311006004035,32,23,2,1,3,0,5,27,0,5,9,1,19,18,1,38,0,2
6174,1000000US170311006004036,45,40,0,2,0,0,3,42,0,3,5,0,20,19,1,64,2,0
6175,1000000US170311006004037,40,34,0,0,5,0,1,39,0,1,6,0,19,19,0,51,0,0
6176,1000000US170311006004038,39,37,0,0,0,0,2,37,0,2,2,0,19,18,1,49,0,0
6177,1000000US170311006004039,30,23,0,0,0,0,7,23,0,7,7,0,16,15,1,40,0,0
6178,1000000US170311006004040,31,29,0,2,0,0,0,31,0,0,2,2,14,14,0,45,0,0
6179,1000000US170311006004041,48,37,0,0,3,0,8,40,0,8,11,0,26,26,0,60,0,0
6180,1000000US170311006004042,0,0,0,0,0,0,0,0,0,0,0,0,0,0,0,0,0,0
6181,1000000US170311006004043,0,0,0,0,0,0,0,0,0,0,0,0,0,0,0,0,0,0
6182,1000000US170311006004044,0,0,0,0,0,0,0,0,0,0,0,0,0,0,0,0,0,0
6183,1000000US170311006004045,18,16,0,0,0,0,2,16,0,2,2,0,8,8,0,29,0,0
6184,1000000US170311006004046,42,35,0,0,2,0,5,37,0,5,7,0,19,19,0,49,0,0
6185,1000000US170311006004047,31,26,0,1,0,2,4,27,0,4,5,0,16,15,1,38,1,0
6186,1000000US170311006004048,42,38,0,0,2,0,2,40,0,2,4,0,20,20,0,50,0,0
6187,1000000US170311006004049,36,32,0,0,0,0,4,32,0,4,4,0,17,17,0,49,0,0
6188,1000000US170311006004050,40,25,0,0,0,0,15,25,0,15,15,0,21,18,3,54,0,0
6189,1000000US170311006004051,37,32,0,0,2,0,4,33,0,4,5,1,25,24,1,47,0,0
6190,1000000US170311006004052,22,21,0,0,1,0,0,22,0,0,1,0,14,13,1,30,0,0
6191,1000000US170311006004053,17,12,0,0,4,0,1,16,0,1,5,2,8,8,0,22,0,0
6192,1000000US170311006004054,21,14,0,0,0,0,7,14,0,7,7,0,8,8,0,25,0,0
6193,1000000US170311006004055,27,21,0,0,4,0,2,25,0,2,6,0,12,12,0,30,0,0
6194,1000000US170311006004056,18,15,0,0,2,0,1,17,0,1,3,0,9,9,0,25,0,0
6195,1000000US170311006004057,17,14,0,0,1,0,2,15,0,2,3,0,10,10,0,18,0,0
6196,1000000US170311006004058,43,32,0,0,3,0,8,35,0,8,11,1,32,28,4,54,0,0
6197,1000000US170311006004059,50,41,1,0,3,1,6,44,0,6,9,1,33,30,3,58,0,1
6198,1000000US170311006004060,1,1,0,0,0,0,0,1,0,0,0,0,2,1,1,1,0,0
6199,1000000US170311006004061,2,2,0,0,0,0,0,2,0,0,0,0,1,1,0,2,0,0
6200,1000000US170311006004062,13,11,0,0,0,0,2,11,0,2,2,0,5,5,0,16,0,0
6201,1000000US170311006004063,12,11,0,0,0,0,1,11,0,1,1,0,8,8,0,17,0,0
6202,1000000US170311006004064,17,13,0,0,0,0,4,13,0,4,4,0,8,8,0,20,0,0
6203,1000000US170311006004065,10,10,0,0,0,0,0,10,0,0,0,0,5,5,0,15,0,0
6204,1000000US170311006004066,18,18,0,0,0,0,0,18,0,0,0,0,7,7,0,20,0,0
6205,1000000US170311006004067,19,18,0,0,0,0,1,18,0,1,1,0,8,8,0,20,0,0
6206,1000000US170311006004068,22,13,0,1,7,0,2,20,0,2,9,1,9,9,0,33,0,0
6207,1000000US170311006004069,23,15,0,1,7,0,0,23,0,0,8,0,11,11,0,27,1,0
6208,1000000US170311006004070,26,24,0,0,0,0,2,24,0,2,2,0,12,12,0,29,0,0
6209,1000000US170311006004071,26,22,0,0,2,0,2,24,0,2,4,0,14,14,0,31,0,0
6210,1000000US170311006004072,0,0,0,0,0,0,0,0,0,0,0,0,0,0,0,0,0,0
6211,1000000US170311006004073,10,7,0,0,0,0,3,7,0,3,3,0,5,5,0,12,0,0
6212,1000000US170311006004074,16,16,0,0,0,0,0,16,0,0,0,0,9,8,1,19,0,0
6213,1000000US170311007001000,30,21,0,0,2,0,7,23,0,7,9,0,14,13,1,39,0,0
6214,1000000US170311007001001,35,32,0,0,0,0,3,32,0,3,3,2,18,18,0,43,0,0
6215,1000000US170311007001002,17,5,0,0,8,0,4,13,0,4,12,0,7,7,0,27,0,0
6216,1000000US170311007001003,16,9,0,0,5,0,2,14,0,2,7,3,6,6,0,22,0,0
6217,1000000US170311007001004,44,35,1,0,4,0,4,40,0,4,9,0,22,22,0,54,0,0
6218,1000000US170311007001005,42,36,0,0,0,0,6,36,0,6,6,5,23,21,2,58,0,0
6219,1000000US170311007001006,32,27,0,0,0,0,5,27,0,5,5,0,16,16,0,46,0,0
6220,1000000US170311007001007,35,21,0,2,7,0,5,30,0,5,14,0,18,18,0,41,2,0
6221,1000000US170311007001008,35,20,1,0,0,0,15,20,0,15,15,0,15,14,1,42,0,1
6222,1000000US170311007001009,42,29,0,0,4,0,9,33,0,9,13,0,15,15,0,49,0,0
6223,1000000US170311007001010,64,52,0,0,12,0,0,64,0,0,12,0,30,29,1,76,0,0
6224,1000000US170311007001011,29,23,0,0,2,0,4,25,0,4,6,2,18,17,1,37,0,0
6225,1000000US170311007001012,32,30,0,0,2,0,0,32,0,0,2,0,16,16,0,42,0,0
6226,1000000US170311007001013,32,24,0,0,5,0,3,29,0,3,8,0,15,15,0,47,0,0
6227,1000000US170311007001014,53,46,0,0,4,0,3,50,0,3,7,0,30,29,1,61,0,0
6228,1000000US170311007001015,22,20,0,0,0,0,2,20,0,2,2,1,11,10,1,25,0,0
6229,1000000US170311007001016,12,6,0,0,0,0,6,6,0,6,6,0,5,5,0,19,0,0
6230,1000000US170311007001017,31,24,0,0,7,0,0,31,0,0,7,0,14,13,1,38,0,0
6231,1000000US170311007001018,21,15,0,0,0,0,6,15,0,6,6,0,12,11,1,22,0,0
6232,1000000US170311007001019,34,31,0,0,2,0,1,33,0,1,3,0,16,16,0,47,0,0
6233,1000000US170311007001020,10,8,0,0,0,0,2,8,0,2,2,1,5,5,0,16,0,0
6234,1000000US170311007002000,15,11,0,0,4,0,0,15,0,0,4,0,7,7,0,18,0,0
6235,1000000US170311007002001,16,15,1,0,0,0,1,15,0,1,1,0,8,8,0,20,0,1
6236,1000000US170311007002002,23,11,0,0,0,0,12,11,0,12,12,1,9,9,0,33,0,0
6237,1000000US170311007002003,49,37,0,0,5,0,7,42,0,7,12,0,23,23,0,63,0,0
6238,1000000US170311007002004,29,19,0,0,0,0,10,19,0,10,10,4,14,12,2,41,0,0
6239,1000000US170311007002005,31,29,0,0,1,0,1,30,0,1,2,0,15,15,0,37,0,0
6240,1000000US170311007002006,24,24,0,0,0,0,0,24,0,0,0,0,15,13,2,33,0,0
6241,1000000US170311007002007,26,24,0,0,2,0,0,26,0,0,2,1,12,12,0,32,0,0
6242,1000000US170311007002008,71,56,0,0,10,0,5,66,0,5,15,0,34,33,1,90,0,0
6243,1000000US170311007002009,68,56,1,3,0,0,10,58,0,10,12,0,34,34,0,90,3,0
6244,1000000US170311007002010,29,28,0,0,1,0,0,29,0,0,1,0,16,16,0,38,0,0
6245,1000000US170311007002011,49,28,0,0,9,0,12,37,0,12,21,0,17,17,0,58,0,0
6246,1000000US170311007002012,48,45,0,2,1,0,2,46,0,2,3,1,28,28,0,57,1,0
6247,1000000US170311007002013,48,40,0,0,8,0,0,48,0,0,8,0,26,23,3,55,0,0
6248,1000000US170311007002014,57,56,0,0,0,0,1,56,0,1,1,0,30,28,2,67,0,0
6249,1000000US170311007002015,59,51,0,0,8,0,0,59,0,0,8,1,23,23,0,75,0,0
6250,1000000US170311007002016,48,42,0,0,5,0,1,47,0,1,6,1,29,27,2,52,0,0
6251,1000000US170311007002017,50,47,0,0,2,0,1,49,0,1,3,0,23,23,0,56,0,0
6252,1000000US170311007003000,22,18,0,0,0,0,4,18,0,4,4,0,9,9,0,26,0,0
6253,1000000US170311007003001,18,15,0,0,1,0,3,15,0,3,3,1,8,8,0,24,0,0
6254,1000000US170311007003002,14,11,0,0,2,0,1,13,0,1,3,0,8,7,1,14,0,0
6255,1000000US170311007003003,25,20,0,0,1,0,4,21,0,4,5,1,14,14,0,32,0,0
6256,1000000US170311007003004,33,24,0,0,7,0,2,31,0,2,9,0,14,14,0,37,0,0
6257,1000000US170311007003005,27,18,0,0,0,0,9,18,0,9,9,3,14,13,1,30,0,0
6258,1000000US170311007003006,31,26,0,0,5,0,0,31,0,0,5,0,14,14,0,38,0,0
6259,1000000US170311007003007,22,16,0,0,0,0,6,16,0,6,6,0,10,10,0,28,0,0
6260,1000000US170311007003008,62,58,0,0,0,0,4,58,0,4,4,0,31,29,2,78,0,0
6261,1000000US170311007003009,103,78,5,5,5,0,20,83,0,20,25,10,53,50,3,139,0,5
6262,1000000US170311007003010,9,9,0,0,0,0,0,9,0,0,0,0,5,5,0,10,0,0
6263,1000000US170311007003011,57,50,1,0,2,0,4,53,0,4,7,0,30,30,0,74,0,0
6264,1000000US170311007003012,44,30,0,0,4,0,11,33,0,11,14,0,24,22,2,58,0,0
6265,1000000US170311007003013,49,36,0,0,2,0,11,38,0,11,13,0,26,25,1,54,0,0
6266,1000000US170311007003014,19,18,0,0,0,0,1,18,0,1,1,0,12,12,0,22,0,0
6267,1000000US170311007003015,58,49,0,0,2,0,7,51,0,7,9,2,30,28,2,85,0,0
6268,1000000US170311007003016,70,59,0,0,7,0,4,66,0,4,11,2,35,34,1,100,0,0
6269,1000000US170311007003017,22,16,0,0,0,0,6,16,0,6,6,0,13,12,1,34,0,0
6270,1000000US170311007003018,24,22,0,0,2,0,0,24,0,0,2,0,14,13,1,31,0,0
6271,1000000US170311007003019,20,19,0,0,0,0,1,19,0,1,1,0,11,10,1,29,0,0
6272,1000000US170311007004000,18,14,0,0,0,0,4,14,0,4,4,0,7,7,0,26,0,0
6273,1000000US170311007004001,17,14,0,0,0,0,3,14,0,3,3,2,9,9,0,22,0,0
6274,1000000US170311007004002,13,13,0,0,0,0,0,13,0,0,0,0,7,6,1,18,0,0
6275,1000000US170311007004003,28,23,0,0,5,0,0,28,0,0,5,0,13,13,0,34,0,0
6276,1000000US170311007004004,22,19,0,0,3,0,0,22,0,0,3,0,13,12,1,26,0,0
6277,1000000US170311007004005,31,23,0,0,5,0,3,28,0,3,8,0,14,14,0,36,0,0
6278,1000000US170311007004006,32,29,0,0,0,0,3,29,0,3,3,0,15,15,0,42,0,0
6279,1000000US170311007004007,62,41,0,0,6,0,15,47,0,15,21,0,29,27,2,79,0,0
6280,1000000US170311007004008,25,23,0,0,1,0,1,24,0,1,2,0,14,14,0,27,0,0
6281,1000000US170311007004009,22,15,0,0,3,0,4,18,0,4,7,0,13,13,0,25,0,0
6282,1000000US170311007004010,21,19,1,0,0,0,1,20,0,1,2,1,13,13,0,30,0,0
6283,1000000US170311007004011,21,13,0,0,0,0,8,13,0,8,8,0,13,12,1,30,0,0
6284,1000000US170311007004012,28,24,0,0,1,0,3,25,0,3,4,0,13,13,0,36,0,0
6285,1000000US170311007004013,24,19,0,0,2,0,3,21,0,3,5,0,12,12,0,29,0,0
6286,1000000US170311007004014,19,17,0,0,2,0,0,19,0,0,2,0,8,8,0,24,0,0
6287,1000000US170311007004015,18,18,0,0,0,0,0,18,0,0,0,0,8,8,0,20,0,0
6288,1000000US170311007004016,72,58,0,0,9,0,5,67,0,5,14,3,30,30,0,81,0,0
6289,1000000US170311007004017,63,57,0,0,3,1,3,60,0,3,6,1,30,29,1,70,0,0
6290,1000000US170311007004018,42,38,0,0,1,0,3,39,0,3,4,0,24,23,1,56,0,0
6291,1000000US170311007004019,38,32,0,0,4,0,2,36,0,2,6,0,22,21,1,45,0,0
6292,1000000US170311007004020,53,46,0,0,3,0,4,49,0,4,7,0,24,23,1,65,0,0
6293,1000000US170311007004021,52,46,0,0,2,0,4,48,0,4,6,0,29,28,1,58,0,0
6294,1000000US170311007005000,59,57,0,0,0,0,2,57,0,2,2,0,30,29,1,72,0,0
6295,1000000US170311007005001,4,4,0,0,0,0,0,4,0,0,0,0,0,0,0,4,0,0
6296,1000000US170311007005002,43,30,0,0,4,0,9,34,0,9,13,6,23,20,3,47,0,0
6297,1000000US170311007005003,2,1,1,0,0,0,1,1,0,1,1,0,1,1,0,5,0,1
6298,1000000US170311007005004,0,0,0,0,0,0,0,0,0,0,0,0,0,0,0,0,0,0
6299,1000000US170311007005005,9,4,1,0,0,0,4,5,0,4,5,1,5,4,1,14,0,0
6300,1000000US170311007005006,45,36,0,0,1,0,8,37,0,8,9,2,23,22,1,59,0,0
6301,1000000US170311007005007,55,54,0,0,0,0,1,54,0,1,1,0,30,29,1,71,0,0
6302,1000000US170311007005008,58,46,0,0,7,0,6,52,0,6,12,1,30,30,0,72,0,0
6303,1000000US170311007005009,53,49,0,0,3,0,1,52,0,1,4,1,30,28,2,64,0,0
6304,1000000US170311007005010,65,55,0,0,2,0,8,57,0,8,10,1,30,29,1,83,0,0
6305,1000000US170311007005011,60,54,4,1,0,0,1,59,0,1,6,1,31,30,1,69,0,0
6306,1000000US170311007005012,48,45,0,0,0,0,3,45,0,3,3,0,29,28,1,60,0,0
6307,1000000US170311007005013,33,16,0,0,3,0,14,19,0,14,17,0,19,18,1,42,0,0
6308,1000000US170311007005014,159,107,1,0,22,0,29,130,0,29,52,2,77,76,1,189,0,0
6309,1000000US170311007005015,139,95,3,1,8,0,32,107,0,32,44,3,77,70,7,165,1,0
6310,1000000US170311007005016,56,47,0,0,2,0,7,49,0,7,9,3,29,28,1,67,0,0
6311,1000000US170311007005017,63,50,0,0,10,0,3,60,0,3,13,0,30,30,0,72,0,0
6312,1000000US170311007005018,68,43,0,0,14,0,11,57,0,11,25,0,30,28,2,83,0,0
6313,1000000US170311101001000,2,2,0,0,0,0,0,2,0,0,0,0,1,1,0,4,0,0
6314,1000000US170311101001001,9,9,0,0,0,0,0,9,0,0,0,0,6,6,0,9,0,0
6315,1000000US170311101001002,26,24,0,0,0,2,0,26,0,0,2,2,12,12,0,30,0,0
6316,1000000US170311101001003,91,78,0,2,9,1,2,89,0,2,13,4,44,44,0,116,0,0
6317,1000000US170311101001004,80,62,3,2,6,0,9,71,0,9,18,1,45,42,3,103,2,0
6318,1000000US170311101001005,15,12,0,0,0,0,3,12,0,3,3,0,9,8,1,23,0,0
6319,1000000US170311101001006,7,7,0,0,0,0,0,7,0,0,0,0,5,5,0,9,0,0
6320,1000000US170311101001007,70,63,0,0,4,0,3,67,0,3,7,0,34,34,0,89,0,0
6321,1000000US170311101001008,114,94,3,1,11,0,8,106,0,8,20,2,60,59,1,165,0,1
6322,1000000US170311101001009,8,4,0,1,2,0,2,6,0,2,4,3,4,4,0,11,1,0
6323,1000000US170311101001010,4,4,0,0,0,0,0,4,0,0,0,0,3,2,1,7,0,0
6324,1000000US170311101001011,37,23,0,3,10,0,1,36,0,1,14,2,22,17,5,39,1,0
6325,1000000US170311101001012,0,0,0,0,0,0,0,0,0,0,0,0,2,0,2,0,0,0
6326,1000000US170311101001013,19,15,0,0,4,0,0,19,0,0,4,0,9,9,0,21,0,0
6327,1000000US170311101001014,6,1,0,0,5,0,0,6,0,0,5,0,2,1,1,6,0,0
6328,1000000US170311101001015,37,31,3,0,0,0,3,34,0,3,6,0,24,24,0,41,0,0
6329,1000000US170311101001016,48,17,7,3,9,1,15,33,0,15,31,4,24,22,2,60,0,1
6330,1000000US170311101001017,66,26,6,1,6,1,28,38,0,28,40,2,43,40,3,98,0,1
6331,1000000US170311101001018,17,7,0,0,6,3,4,13,0,4,10,0,10,8,2,21,0,0
6332,1000000US170311101001019,0,0,0,0,0,0,0,0,0,0,0,0,0,0,0,0,0,0
6333,1000000US170311101001020,0,0,0,0,0,0,0,0,0,0,0,0,0,0,0,0,0,0
6334,1000000US170311101001021,28,24,0,0,2,0,2,26,0,2,4,0,13,12,1,30,0,0
6335,1000000US170311101001022,22,9,2,0,3,0,8,14,0,8,13,1,16,14,2,30,0,1
6336,1000000US170311101001023,47,35,1,0,2,0,9,38,0,9,12,0,28,27,1,62,0,0
6337,1000000US170311101001024,45,32,0,0,3,0,10,35,0,10,13,3,25,21,4,52,0,0
6338,1000000US170311101001025,54,41,0,0,10,0,4,50,0,4,13,1,25,25,0,70,0,0
6339,1000000US170311101001026,50,42,0,0,0,0,8,42,0,8,8,0,27,25,2,65,0,0
6340,1000000US170311101001027,33,19,0,0,8,0,6,27,0,6,14,0,18,17,1,49,0,0
6341,1000000US170311101001028,28,22,0,0,2,0,4,24,0,4,6,2,12,12,0,30,0,0
6342,1000000US170311101001029,17,9,0,0,3,0,5,12,0,5,8,0,8,8,0,21,0,0
6343,1000000US170311101001030,81,52,6,0,8,0,15,66,0,15,29,4,43,40,3,111,0,0
6344,1000000US170311101001031,1,0,0,0,0,1,0,1,0,0,1,1,1,1,0,1,0,0
6345,1000000US170311101001032,0,0,0,0,0,0,0,0,0,0,0,0,0,0,0,0,0,0
6346,1000000US170311101002000,24,14,1,0,2,0,7,17,0,7,10,0,17,15,2,30,0,0
6347,1000000US170311101002001,59,54,0,0,0,0,5,54,0,5,5,0,31,30,1,71,0,0
6348,1000000US170311101002002,17,10,0,0,4,0,3,14,0,3,7,0,13,11,2,24,0,0
6349,1000000US170311101002003,55,39,1,0,8,0,7,48,0,7,16,0,29,28,1,71,0,0
6350,1000000US170311101002004,59,51,0,0,7,0,2,57,0,2,8,7,30,29,1,71,0,0
6351,1000000US170311101002005,58,48,0,4,0,0,6,52,0,6,10,0,32,30,2,68,4,0
6352,1000000US170311101002006,15,9,0,0,0,0,6,9,0,6,6,0,11,8,3,15,0,0
6353,1000000US170311101002007,83,51,5,0,18,0,9,74,0,9,32,3,47,39,8,98,0,0
6354,1000000US170311101002008,33,21,0,0,8,0,4,29,0,4,12,0,16,16,0,42,0,0
6355,1000000US170311101002009,61,44,0,1,7,0,11,50,0,11,17,4,35,34,1,74,1,0
6356,1000000US170311101002010,34,21,0,0,11,0,2,32,0,2,13,0,17,16,1,42,0,0
6357,1000000US170311101002011,40,37,0,0,2,0,1,39,0,1,3,0,17,17,0,45,0,0
6358,1000000US170311101002012,29,18,0,0,0,0,11,18,0,11,11,0,13,13,0,38,0,0
6359,1000000US170311101002013,20,15,0,0,0,0,5,15,0,5,5,0,10,9,1,24,0,0
6360,1000000US170311101002014,24,17,1,0,0,0,6,18,0,6,7,0,11,11,0,25,0,0
6361,1000000US170311101002015,0,0,0,0,0,0,0,0,0,0,0,0,0,0,0,0,0,0
6362,1000000US170311101002016,80,48,8,2,6,1,17,63,0,17,32,8,52,40,12,113,1,0
6363,1000000US170311101002017,53,32,0,0,4,0,17,36,0,17,21,0,27,25,2,70,0,0
6364,1000000US170311101002018,49,44,0,1,0,0,5,44,0,5,5,1,29,26,3,68,0,0
6365,1000000US170311101002019,39,31,1,1,2,0,5,34,0,5,8,1,22,21,1,49,1,1
6366,1000000US170311101002020,44,32,0,0,2,0,10,34,0,10,12,0,33,28,5,52,0,0
6367,1000000US170311101003000,54,49,0,2,1,0,4,50,0,4,5,1,35,32,3,64,1,0
6368,1000000US170311101003001,42,38,0,0,1,0,3,39,0,3,4,0,22,21,1,57,0,0
6369,1000000US170311101003002,33,24,0,0,4,0,5,28,0,5,9,0,16,16,0,53,0,0
6370,1000000US170311101003003,25,17,0,0,0,0,8,17,0,8,8,0,11,10,1,33,0,0
6371,1000000US170311101003004,3,3,0,0,0,0,0,3,0,0,0,0,1,1,0,5,0,0
6372,1000000US170311101003005,11,9,0,0,0,0,2,9,0,2,2,0,6,6,0,13,0,0
6373,1000000US170311101003006,0,0,0,0,0,0,0,0,0,0,0,0,0,0,0,0,0,0
6374,1000000US170311101003007,16,15,1,0,0,0,0,16,0,0,1,0,11,11,0,17,0,0
6375,1000000US170311101003008,1,1,0,0,0,0,0,1,0,0,0,0,1,1,0,1,0,0
6376,1000000US170311101003009,2,0,0,1,1,1,0,2,0,0,2,1,2,2,0,2,1,0
6377,1000000US170311101003010,24,20,0,0,4,0,0,24,0,0,4,0,8,7,1,31,0,0
6378,1000000US170311101003011,27,15,2,1,1,0,9,18,0,9,12,1,17,16,1,37,1,0
6379,1000000US170311101003012,59,39,0,0,6,0,14,45,0,14,20,0,37,30,7,78,0,0
6380,1000000US170311101003013,60,36,0,0,11,0,13,47,0,13,24,0,28,26,2,80,0,0
6381,1000000US170311101003014,42,35,0,1,2,0,4,38,0,4,7,1,30,22,8,52,1,0
6382,1000000US170311101003015,51,31,2,0,0,0,18,33,0,18,20,2,27,25,2,68,0,0
6383,1000000US170311101003016,2,0,1,0,0,0,1,1,0,1,2,0,6,1,5,2,0,0
6384,1000000US170311101003017,8,6,1,0,0,0,1,7,0,1,2,0,5,3,2,10,0,0
6385,1000000US170311101003018,1,1,0,0,0,0,0,1,0,0,0,0,1,1,0,1,0,0
6386,1000000US170311101003019,3,3,0,0,0,0,0,3,0,0,0,0,2,2,0,3,0,0
6387,1000000US170311101004000,42,36,0,0,1,0,3,39,0,3,6,0,27,23,4,48,0,0
6388,1000000US170311101004001,110,82,4,0,2,2,19,91,0,19,28,4,66,58,8,143,0,0
6389,1000000US170311101004002,24,15,0,0,7,0,2,22,0,2,9,0,13,13,0,27,0,0
6390,1000000US170311101004003,9,8,0,0,0,0,1,8,0,1,1,0,5,5,0,9,0,0
6391,1000000US170311101004004,26,26,0,0,0,0,0,26,0,0,0,0,15,14,1,38,0,0
6392,1000000US170311101004005,37,30,0,0,0,0,6,31,0,6,7,1,16,16,0,45,0,0
6393,1000000US170311101004006,48,37,0,0,2,0,9,39,0,9,11,0,22,22,0,59,0,0
6394,1000000US170311101004007,92,62,0,1,15,0,14,78,0,14,30,3,53,51,2,105,0,0
6395,1000000US170311101004008,39,24,0,0,7,0,8,31,0,8,15,2,19,17,2,43,0,0
6396,1000000US170311101004009,33,29,2,2,0,0,3,30,0,3,4,2,18,17,1,45,2,1
6397,1000000US170311101004010,16,15,0,0,0,0,1,15,0,1,1,0,7,7,0,21,0,0
6398,1000000US170311101004011,16,16,0,0,0,0,0,16,0,0,0,0,9,9,0,18,0,0
6399,1000000US170311101004012,53,37,0,0,4,0,12,41,0,12,16,0,31,29,2,59,0,0
6400,1000000US170311101004013,37,21,0,6,0,0,13,24,0,13,16,0,18,17,1,53,6,0
6401,1000000US170311101004014,18,15,0,0,0,0,3,15,0,3,3,0,10,8,2,21,0,0
6402,1000000US170311101004015,6,2,0,0,0,0,4,2,0,4,4,0,3,3,0,12,0,0
6403,1000000US170311101004016,4,4,0,0,0,0,0,4,0,0,0,0,4,4,0,4,0,0
6404,1000000US170311101004017,12,12,0,0,0,0,0,12,0,0,0,0,6,5,1,16,0,0
6405,1000000US170311101004018,54,49,0,0,0,0,5,49,0,5,5,0,29,28,1,67,0,0
6406,1000000US170311101004019,36,29,0,0,0,0,7,29,0,7,7,0,20,19,1,46,0,0
6407,1000000US170311101004020,30,29,0,0,1,0,0,30,0,0,1,1,18,14,4,48,0,0
6408,1000000US170311101004021,31,22,0,0,3,0,7,24,0,7,9,2,19,13,6,40,0,0
6409,1000000US170311101004022,27,24,0,0,0,0,3,24,0,3,3,0,14,14,0,28,0,0
6410,1000000US170311101004023,21,21,0,0,0,0,0,21,0,0,0,0,10,10,0,24,0,0
6411,1000000US170311101004024,0,0,0,0,0,0,0,0,0,0,0,0,0,0,0,0,0,0
6412,1000000US170311101005000,61,59,0,0,1,0,1,60,0,1,2,0,30,28,2,67,0,0
6413,1000000US170311101005001,21,21,0,0,0,0,0,21,0,0,0,0,9,9,0,30,0,0
6414,1000000US170311101005002,48,42,0,0,0,0,6,42,0,6,6,0,23,22,1,64,0,0
6415,1000000US170311101005003,30,30,0,0,0,0,0,30,0,0,0,0,12,12,0,34,0,0
6416,1000000US170311101005004,9,8,0,1,0,0,0,9,0,0,1,0,5,5,0,12,1,0
6417,1000000US170311101005005,10,10,0,0,0,0,0,10,0,0,0,0,6,5,1,10,0,0
6418,1000000US170311101005006,34,31,1,0,1,0,1,33,0,1,3,0,20,19,1,46,0,0
6419,1000000US170311101005007,0,0,0,0,0,0,0,0,0,0,0,0,0,0,0,0,0,0
6420,1000000US170311101005008,49,42,0,0,6,0,1,48,0,1,7,1,20,20,0,65,0,0
6421,1000000US170311101005009,29,27,0,0,1,0,1,28,0,1,2,0,12,12,0,38,0,0
6422,1000000US170311101005010,16,15,0,0,1,0,1,15,0,1,1,0,10,10,0,27,0,0
6423,1000000US170311101005011,26,24,0,0,0,0,2,24,0,2,2,0,13,13,0,40,0,0
6424,1000000US170311101005012,43,37,0,0,0,0,6,37,0,6,6,0,21,21,0,55,0,0
6425,1000000US170311101005013,43,40,1,1,1,0,1,42,0,1,3,1,22,22,0,53,1,0
6426,1000000US170311101005014,75,47,0,1,22,0,5,70,0,5,28,1,48,46,2,93,1,0
6427,1000000US170311101005015,95,51,0,2,14,0,31,64,0,31,44,3,51,45,6,135,1,0
6428,1000000US170311101005016,38,29,0,0,5,0,4,34,0,4,9,0,16,16,0,45,0,0
6429,1000000US170311101005017,26,24,0,0,0,0,2,24,0,2,2,0,13,13,0,33,0,0
6430,1000000US170311101005018,86,72,2,0,10,2,3,83,0,3,14,4,41,38,3,110,0,2
6431,1000000US170311101005019,46,44,0,0,0,1,1,45,0,1,2,0,20,19,1,59,0,0
6432,1000000US170311101005020,39,37,0,0,1,0,1,38,0,1,2,0,22,20,2,55,0,0
6433,1000000US170311101005021,49,49,0,0,0,0,0,49,0,0,0,0,23,22,1,56,0,0
6434,1000000US170311101005022,0,0,0,0,0,0,0,0,0,0,0,0,0,0,0,0,0,0
6435,1000000US170311101005023,31,28,1,2,0,0,2,29,0,2,3,0,11,11,0,38,2,1
6436,1000000US170311102001000,101,52,0,0,22,0,25,76,0,25,49,2,54,47,7,127,0,0
6437,1000000US170311102001001,53,43,0,3,4,0,3,50,0,3,10,0,28,27,1,68,3,0
6438,1000000US170311102001002,39,35,0,0,2,0,2,37,0,2,4,0,19,19,0,47,0,0
6439,1000000US170311102001003,81,71,0,0,8,0,2,79,0,2,10,0,43,40,3,98,0,0
6440,1000000US170311102001004,82,76,0,0,0,0,6,76,0,6,6,0,40,38,2,97,0,0
6441,1000000US170311102001005,96,77,3,0,9,0,7,89,0,7,19,1,45,42,3,117,0,0
6442,1000000US170311102001006,47,39,2,0,5,0,1,46,0,1,8,2,29,26,3,53,0,0
6443,1000000US170311102001007,27,16,0,0,9,0,2,25,0,2,11,0,15,13,2,32,0,0
6444,1000000US170311102001008,23,15,1,0,0,0,7,16,0,7,8,1,15,15,0,26,0,0
6445,1000000US170311102001009,31,17,0,0,12,0,2,29,0,2,14,0,14,14,0,44,0,0
6446,1000000US170311102001010,71,59,0,3,2,0,10,61,0,10,12,0,41,39,2,95,3,0
6447,1000000US170311102001011,64,53,0,0,7,0,4,60,0,4,11,1,39,38,1,73,0,0
6448,1000000US170311102001012,3,1,0,0,0,0,2,1,0,2,2,0,1,1,0,3,0,0
6449,1000000US170311102001013,0,0,0,0,0,0,0,0,0,0,0,0,0,0,0,0,0,0
6450,1000000US170311102001014,43,27,1,0,3,0,12,31,0,12,16,4,22,21,1,55,0,0
6451,1000000US170311102001015,65,41,0,2,14,0,10,55,0,10,24,1,29,28,1,83,2,0
6452,1000000US170311102001016,143,91,2,0,42,0,8,135,0,8,52,1,67,62,5,174,0,0
6453,1000000US170311102001017,3,3,0,0,0,0,0,3,0,0,0,0,2,1,1,3,0,0
6454,1000000US170311102001018,3,0,0,0,2,0,1,2,0,1,3,0,2,2,0,5,0,0
6455,1000000US170311102001019,81,47,0,0,0,0,34,47,0,34,34,0,39,37,2,109,0,0
6456,1000000US170311102001020,61,47,0,0,0,0,14,47,0,14,14,0,34,29,5,71,0,0
6457,1000000US170311102001021,0,0,0,0,0,0,0,0,0,0,0,0,0,0,0,0,0,0
6458,1000000US170311102001022,38,29,1,1,0,0,8,30,0,8,9,4,25,22,3,43,0,0
6459,1000000US170311102001023,136,74,1,0,17,0,44,92,0,44,62,0,64,57,7,179,0,0
6460,1000000US170311102001024,0,0,0,0,0,0,0,0,0,0,0,0,0,0,0,0,0,0
6461,1000000US170311102001025,0,0,0,0,0,0,0,0,0,0,0,0,0,0,0,0,0,0
6462,1000000US170311102002000,14,10,0,0,0,0,4,10,0,4,4,0,7,7,0,20,0,0
6463,1000000US170311102002001,90,79,0,0,0,0,11,79,0,11,11,0,59,55,4,101,0,0
6464,1000000US170311102002002,58,42,0,0,6,0,10,48,0,10,16,2,33,33,0,73,0,0
6465,1000000US170311102002003,57,36,0,0,7,0,14,43,0,14,21,1,41,36,5,68,0,0
6466,1000000US170311102002004,59,48,0,0,7,0,4,55,0,4,11,0,28,27,1,74,0,0
6467,1000000US170311102002005,57,45,1,1,3,0,9,48,0,9,12,0,35,33,2,86,1,1
6468,1000000US170311102002006,101,60,0,0,11,0,30,71,0,30,41,0,52,50,2,137,0,0
6469,1000000US170311102002007,38,26,0,0,5,0,7,31,0,7,12,0,17,17,0,51,0,0
6470,1000000US170311102002008,0,0,0,0,0,0,0,0,0,0,0,0,0,0,0,0,0,0
6471,1000000US170311102002009,0,0,0,0,0,0,0,0,0,0,0,0,0,0,0,0,0,0
6472,1000000US170311102002010,82,76,0,0,1,0,5,77,0,5,6,0,81,80,1,82,0,0
6473,1000000US170311102002011,8,8,0,0,0,0,0,8,0,0,0,0,5,5,0,9,0,0
6474,1000000US170311102002012,30,13,0,0,2,0,12,18,0,12,17,0,14,13,1,42,0,0
6475,1000000US170311102002013,30,25,4,0,0,0,1,29,0,1,5,0,17,14,3,41,0,0
6476,1000000US170311102002014,2,2,0,0,0,0,0,2,0,0,0,0,1,1,0,2,0,0
6477,1000000US170311102002015,25,19,0,0,6,0,0,25,0,0,6,0,10,10,0,32,0,0
6478,1000000US170311102002016,21,18,0,1,1,0,1,20,0,1,3,1,15,13,2,23,1,0
6479,1000000US170311102002017,46,35,0,0,0,0,11,35,0,11,11,0,26,21,5,67,0,0
6480,1000000US170311102002018,25,22,0,0,0,0,3,22,0,3,3,0,20,17,3,28,0,0
6481,1000000US170311102002019,23,10,0,0,0,0,13,10,0,13,13,0,13,11,2,29,0,0
6482,1000000US170311102002020,90,69,1,0,8,0,14,76,0,14,21,0,40,38,2,98,0,0
6483,1000000US170311102002021,56,53,0,1,1,0,1,55,0,1,3,0,32,30,2,77,1,0
6484,1000000US170311102002022,63,61,0,0,0,0,2,61,0,2,2,0,28,26,2,86,0,0
6485,1000000US170311102002023,0,0,0,0,0,0,0,0,0,0,0,0,0,0,0,0,0,0
6486,1000000US170311102002024,0,0,0,0,0,0,0,0,0,0,0,0,0,0,0,0,0,0
6487,1000000US170311102002025,0,0,0,0,0,0,0,0,0,0,0,0,0,0,0,0,0,0
6488,1000000US170311103001000,0,0,0,0,0,0,0,0,0,0,0,0,0,0,0,0,0,0
6489,1000000US170311103001001,0,0,0,0,0,0,0,0,0,0,0,0,0,0,0,0,0,0
6490,1000000US170311103001002,0,0,0,0,0,0,0,0,0,0,0,0,0,0,0,0,0,0
6491,1000000US170311103001003,0,0,0,0,0,0,0,0,0,0,0,0,0,0,0,0,0,0
6492,1000000US170311103001004,0,0,0,0,0,0,0,0,0,0,0,0,0,0,0,0,0,0
6493,1000000US170311103001005,0,0,0,0,0,0,0,0,0,0,0,0,0,0,0,0,0,0
6494,1000000US170311103001006,15,12,0,0,2,0,1,14,0,1,3,0,9,8,1,16,0,0
6495,1000000US170311103001007,20,14,0,0,0,0,6,14,0,6,6,0,9,8,1,25,0,0
6496,1000000US170311103001008,19,13,0,0,0,0,6,13,0,6,6,1,9,8,1,22,0,0
6497,1000000US170311103001009,16,14,0,0,2,0,0,16,0,0,2,0,10,9,1,23,0,0
6498,1000000US170311103001010,15,9,0,0,3,0,3,12,0,3,6,1,6,6,0,17,0,0
6499,1000000US170311103001011,0,0,0,0,0,0,0,0,0,0,0,0,0,0,0,0,0,0
6500,1000000US170311103001012,3,3,0,0,0,0,0,3,0,0,0,0,2,2,0,3,0,0
6501,1000000US170311103001013,0,0,0,0,0,0,0,0,0,0,0,0,0,0,0,0,0,0
6502,1000000US170311103001014,0,0,0,0,0,0,0,0,0,0,0,0,0,0,0,0,0,0
6503,1000000US170311103001015,42,31,0,0,7,0,4,38,0,4,11,1,19,19,0,51,0,0
6504,1000000US170311103001016,41,29,0,0,3,0,9,32,0,9,12,0,18,16,2,49,0,0
6505,1000000US170311103001017,52,24,0,0,13,1,13,39,0,13,28,2,21,21,0,67,0,0
6506,1000000US170311103001018,38,33,0,0,0,0,5,33,0,5,5,0,21,21,0,43,0,0
6507,1000000US170311103001019,10,10,0,0,0,0,0,10,0,0,0,0,4,4,0,10,0,0
6508,1000000US170311103001020,17,12,0,0,5,0,0,17,0,0,5,0,8,8,0,21,0,0
6509,1000000US170311103001021,8,7,0,0,0,0,1,7,0,1,1,1,5,5,0,9,0,0
6510,1000000US170311103001022,50,37,0,1,1,0,12,38,0,12,13,2,22,20,2,61,0,0
6511,1000000US170311103001023,0,0,0,0,0,0,0,0,0,0,0,0,0,0,0,0,0,0
6512,1000000US170311103001024,20,8,0,0,2,1,9,11,0,9,12,0,8,8,0,29,0,0
6513,1000000US170311103001025,44,40,0,0,0,0,4,40,0,4,4,0,23,21,2,59,0,0
6514,1000000US170311103001026,43,43,0,0,0,0,0,43,0,0,0,0,24,24,0,53,0,0
6515,1000000US170311103001027,21,18,0,0,2,0,1,20,0,1,3,0,14,14,0,25,0,0
6516,1000000US170311103001028,24,18,0,0,4,0,2,22,0,2,6,0,10,10,0,26,0,0
6517,1000000US170311103001029,18,5,1,1,4,0,4,14,0,4,13,4,6,6,0,28,1,0
6518,1000000US170311103001030,4,0,0,0,4,0,0,4,0,0,4,4,1,1,0,4,0,0
6519,1000000US170311103001031,34,18,4,0,4,0,8,26,0,8,16,0,17,17,0,48,0,0
6520,1000000US170311103001032,10,10,0,0,0,0,0,10,0,0,0,0,5,5,0,10,0,0
6521,1000000US170311103001033,0,0,0,0,0,0,0,0,0,0,0,0,0,0,0,0,0,0
6522,1000000US170311103001034,19,12,0,0,2,0,5,14,0,5,7,0,9,9,0,28,0,0
6523,1000000US170311103001035,2,2,0,0,0,0,0,2,0,0,0,0,1,1,0,4,0,0
6524,1000000US170311103002000,44,33,1,0,3,0,7,37,0,7,11,0,21,19,2,54,0,0
6525,1000000US170311103002001,49,40,2,0,2,0,5,44,0,5,9,2,23,23,0,64,0,0
6526,1000000US170311103002002,40,26,0,0,10,0,4,36,0,4,14,0,19,18,1,53,0,0
6527,1000000US170311103002003,39,36,0,0,2,0,1,38,0,1,3,0,20,20,0,51,0,0
6528,1000000US170311103002004,40,39,0,0,0,0,1,39,0,1,1,0,20,20,0,52,0,0
6529,1000000US170311103002005,35,24,1,1,4,0,6,29,0,6,11,2,19,18,1,45,1,0
6530,1000000US170311103002006,39,30,0,0,0,0,9,30,0,9,9,1,19,19,0,47,0,0
6531,1000000US170311103002007,37,30,0,0,2,0,5,32,0,5,7,0,20,19,1,45,0,0
6532,1000000US170311103002008,40,29,0,0,3,0,8,32,0,8,11,0,20,18,2,47,0,0
6533,1000000US170311103002009,27,26,0,0,0,0,1,26,0,1,1,0,18,15,3,33,0,0
6534,1000000US170311103002010,41,28,0,0,7,0,6,35,0,6,13,0,21,18,3,49,0,0
6535,1000000US170311103002011,45,39,0,0,1,0,5,40,0,5,6,0,20,20,0,55,0,0
6536,1000000US170311103002012,42,23,0,0,10,0,9,33,0,9,19,0,21,19,2,51,0,0
6537,1000000US170311103002013,13,7,1,0,3,0,2,11,0,2,6,0,7,7,0,19,0,0
6538,1000000US170311103002014,20,17,0,0,3,0,0,20,0,0,3,1,9,9,0,25,0,0
6539,1000000US170311103002015,26,24,0,0,0,0,2,24,0,2,2,0,16,13,3,30,0,0
6540,1000000US170311103002016,32,29,0,0,2,0,1,31,0,1,3,0,15,15,0,39,0,0
6541,1000000US170311103002017,35,18,2,0,7,0,8,27,0,8,17,2,16,16,0,54,0,0
6542,1000000US170311103002018,35,19,0,0,6,0,10,25,0,10,16,7,15,14,1,40,0,0
6543,1000000US170311103002019,26,22,0,0,4,0,0,26,0,0,4,1,14,13,1,36,0,0
6544,1000000US170311103002020,31,26,0,0,1,1,3,28,0,3,5,1,21,20,1,40,0,0
6545,1000000US170311103002021,0,0,0,0,0,0,0,0,0,0,0,0,0,0,0,0,0,0
6546,1000000US170311103002022,31,17,1,0,4,0,10,21,0,10,14,0,13,13,0,35,0,1
6547,1000000US170311103002023,27,23,0,0,3,0,1,26,0,1,4,0,20,18,2,29,0,0
6548,1000000US170311103002024,0,0,0,0,0,0,0,0,0,0,0,0,0,0,0,0,0,0
6549,1000000US170311103002025,0,0,0,0,0,0,0,0,0,0,0,0,0,0,0,0,0,0
6550,1000000US170311103002026,0,0,0,0,0,0,0,0,0,0,0,0,0,0,0,0,0,0
6551,1000000US170311103002027,32,23,0,0,2,1,6,26,0,6,9,2,18,16,2,42,0,0
6552,1000000US170311103003000,22,16,0,0,3,0,3,19,0,3,6,0,13,13,0,26,0,0
6553,1000000US170311103003001,46,29,0,0,10,0,7,39,0,7,17,0,19,19,0,59,0,0
6554,1000000US170311103003002,47,28,0,2,1,0,18,29,0,18,19,2,21,20,1,62,1,0
6555,1000000US170311103003003,37,24,0,0,4,0,9,28,0,9,13,1,20,17,3,49,0,0
6556,1000000US170311103003004,41,27,0,1,4,0,10,31,0,10,14,0,20,18,2,51,1,0
6557,1000000US170311103003005,8,6,0,0,0,0,2,6,0,2,2,0,4,4,0,11,0,0
6558,1000000US170311103003006,15,12,0,0,0,0,3,12,0,3,3,0,10,8,2,28,0,0
6559,1000000US170311103003007,17,15,0,0,0,0,2,15,0,2,2,0,9,9,0,22,0,0
6560,1000000US170311103003008,36,32,0,0,0,0,4,32,0,4,4,0,25,23,2,41,0,0
6561,1000000US170311103003009,3,3,0,0,0,0,0,3,0,0,0,0,1,1,0,4,0,0
6562,1000000US170311103003010,12,6,0,0,2,0,4,8,0,4,6,0,5,5,0,14,0,0
6563,1000000US170311103003011,6,5,1,0,0,0,0,6,0,0,1,0,3,3,0,9,0,0
6564,1000000US170311103003012,0,0,0,0,0,0,0,0,0,0,0,0,0,0,0,0,0,0
6565,1000000US170311103003013,37,35,0,0,0,0,2,35,0,2,2,0,14,14,0,41,0,0
6566,1000000US170311103003014,34,26,0,0,5,0,3,31,0,3,8,0,15,14,1,43,0,0
6567,1000000US170311103003015,40,33,0,0,7,0,0,40,0,0,7,0,15,15,0,48,0,0
6568,1000000US170311103003016,35,22,0,0,11,0,2,33,0,2,13,0,15,15,0,43,0,0
6569,1000000US170311103003017,40,34,0,0,2,0,4,36,0,4,6,0,24,23,1,47,0,0
6570,1000000US170311103003018,58,22,3,0,10,0,23,35,0,23,36,0,29,28,1,77,0,0
6571,1000000US170311103003019,39,33,1,0,2,0,3,36,0,3,6,1,23,18,5,55,0,0
6572,1000000US170311103003020,0,0,0,0,0,0,0,0,0,0,0,0,0,0,0,0,0,0
6573,1000000US170311103003021,0,0,0,0,0,0,0,0,0,0,0,0,0,0,0,0,0,0
6574,1000000US170311103004000,64,50,0,0,3,0,11,53,0,11,14,0,45,41,4,75,0,0
6575,1000000US170311103004001,66,52,0,0,4,0,10,56,0,10,14,0,45,42,3,75,0,0
6576,1000000US170311103004002,9,5,1,0,3,0,0,9,0,0,4,0,4,4,0,12,0,0
6577,1000000US170311103004003,57,43,0,0,1,0,13,44,0,13,14,2,26,25,1,69,0,0
6578,1000000US170311103004004,88,73,0,0,1,0,14,74,0,14,15,0,43,40,3,112,0,0
6579,1000000US170311103004005,37,33,2,0,0,0,2,35,0,2,4,2,22,20,2,49,0,0
6580,1000000US170311103004006,39,28,2,0,0,0,10,29,0,10,11,0,19,19,0,47,0,1
6581,1000000US170311103004007,40,25,1,0,9,0,5,35,0,5,15,0,17,17,0,54,0,0
6582,1000000US170311103004008,27,25,0,0,0,0,2,25,0,2,2,0,18,16,2,31,0,0
6583,1000000US170311103004009,45,36,0,0,5,0,4,41,0,4,9,0,17,16,1,54,0,0
6584,1000000US170311103004010,65,41,6,0,9,0,15,50,0,15,24,7,23,23,0,80,0,6
6585,1000000US170311103004011,49,34,0,2,12,0,3,46,0,3,15,2,18,18,0,56,2,0
6586,1000000US170311103004012,25,24,0,0,1,0,0,25,0,0,1,0,17,16,1,30,0,0
6587,1000000US170311103004013,46,34,0,0,4,0,8,38,0,8,12,0,24,24,0,63,0,0
6588,1000000US170311103004014,79,62,0,0,3,0,14,65,0,14,17,0,35,35,0,113,0,0
6589,1000000US170311103004015,74,59,0,0,7,0,9,65,0,9,15,0,36,36,0,89,0,0
6590,1000000US170311103004016,28,27,0,0,0,0,1,27,0,1,1,0,16,14,2,38,0,0
6591,1000000US170311103004017,30,30,0,0,0,0,0,30,0,0,0,0,16,15,1,36,0,0
6592,1000000US170311103004018,31,17,0,2,7,0,5,26,0,5,14,2,17,15,2,42,2,0
6593,1000000US170311103004019,37,25,0,0,8,0,4,33,0,4,12,0,14,14,0,51,0,0
6594,1000000US170311103004020,34,21,0,0,6,0,7,27,0,7,13,0,15,13,2,42,0,0
6595,1000000US170311103004021,36,23,0,0,7,0,6,30,0,6,13,2,15,14,1,43,0,0
6596,1000000US170311103004022,30,28,0,1,1,0,0,30,0,0,2,0,15,14,1,39,1,0
6597,1000000US170311103004023,33,18,0,0,9,0,6,27,0,6,15,1,15,14,1,45,0,0
6598,1000000US170311103005000,65,58,0,0,1,0,3,62,0,3,7,3,44,43,1,71,0,0
6599,1000000US170311103005001,23,23,0,0,0,0,0,23,0,0,0,0,13,12,1,31,0,0
6600,1000000US170311103005002,35,34,0,0,1,0,0,35,0,0,1,0,20,18,2,41,0,0
6601,1000000US170311103005003,17,7,0,0,10,0,0,17,0,0,10,0,8,8,0,21,0,0
6602,1000000US170311103005004,21,21,0,0,0,0,0,21,0,0,0,0,13,12,1,22,0,0
6603,1000000US170311103005005,26,19,0,0,0,0,7,19,0,7,7,0,17,13,4,43,0,0
6604,1000000US170311103005006,33,23,0,0,8,0,2,31,0,2,10,0,17,15,2,50,0,0
6605,1000000US170311103005007,28,24,0,0,2,0,2,26,0,2,4,0,18,17,1,41,0,0
6606,1000000US170311103005008,54,41,0,0,8,0,5,49,0,5,13,0,28,25,3,66,0,0
6607,1000000US170311103005009,52,33,2,0,1,0,16,36,0,16,19,0,24,21,3,57,0,0
6608,1000000US170311103005010,40,32,0,0,4,0,4,36,0,4,8,0,19,19,0,49,0,0
6609,1000000US170311103005011,25,17,0,0,0,0,8,17,0,8,8,0,15,15,0,37,0,0
6610,1000000US170311103005012,32,23,0,0,0,0,9,23,0,9,9,0,17,17,0,41,0,0
6611,1000000US170311103005013,36,26,0,0,0,0,10,26,0,10,10,0,17,16,1,47,0,0
6612,1000000US170311103005014,24,18,0,0,0,0,6,18,0,6,6,0,15,14,1,33,0,0
6613,1000000US170311103005015,32,27,0,0,2,0,3,29,0,3,5,2,17,16,1,46,0,0
6614,1000000US170311103005016,38,26,0,0,0,0,12,26,0,12,12,0,14,14,0,45,0,0
6615,1000000US170311103005017,25,22,0,0,0,0,3,22,0,3,3,0,15,15,0,27,0,0
6616,1000000US170311103005018,40,34,0,0,0,0,6,34,0,6,6,0,16,16,0,46,0,0
6617,1000000US170311103005019,31,30,0,0,1,0,0,31,0,0,1,0,19,15,4,46,0,0
6618,1000000US170311103005020,42,34,0,0,4,0,4,38,0,4,8,0,17,17,0,53,0,0
6619,1000000US170311103005021,36,30,0,0,1,0,5,31,0,5,6,1,15,15,0,48,0,0
6620,1000000US170311103005022,23,17,0,0,4,0,2,21,0,2,6,0,11,11,0,30,0,0
6621,1000000US170311103005023,22,15,0,0,0,0,7,15,0,7,7,0,11,9,2,27,0,0
6622,1000000US170311103005024,27,24,0,0,1,0,2,25,0,2,3,0,11,11,0,32,0,0
6623,1000000US170311103005025,26,18,1,0,0,0,7,19,0,7,8,1,11,11,0,32,0,0
6624,1000000US170311103005026,0,0,0,0,0,0,0,0,0,0,0,0,0,0,0,0,0,0
6625,1000000US170311103005027,17,14,0,0,2,0,1,16,0,1,3,0,7,7,0,22,0,0
6626,1000000US170311103005028,17,16,0,0,1,0,0,17,0,0,1,0,8,8,0,20,0,0
6627,1000000US170311103005029,28,14,0,0,3,3,11,17,0,11,14,0,13,13,0,35,0,0
6628,1000000US170311103005030,20,11,2,0,0,0,9,11,0,9,9,2,13,12,1,28,0,2
6629,1000000US170311103005031,40,28,0,0,6,0,6,34,0,6,12,1,26,26,0,50,0,0
6630,1000000US170311103005032,31,17,1,0,0,0,13,18,0,13,14,0,10,10,0,38,0,0
6631,1000000US170311103005033,26,15,0,0,10,0,0,26,0,0,11,6,11,11,0,45,0,0
6632,1000000US170311104001000,23,11,0,0,1,0,11,12,0,11,12,0,12,9,3,27,0,0
6633,1000000US170311104001001,1,0,0,0,0,0,0,1,0,0,1,1,1,1,0,1,0,0
6634,1000000US170311104001002,0,0,0,0,0,0,0,0,0,0,0,0,0,0,0,0,0,0
6635,1000000US170311104001003,75,48,4,1,17,0,8,67,0,8,27,7,36,34,2,99,0,3
6636,1000000US170311104001004,0,0,0,0,0,0,0,0,0,0,0,0,0,0,0,0,0,0
6637,1000000US170311104001005,0,0,0,0,0,0,0,0,0,0,0,0,0,0,0,0,0,0
6638,1000000US170311104001006,0,0,0,0,0,0,0,0,0,0,0,0,0,0,0,0,0,0
6639,1000000US170311104001007,0,0,0,0,0,0,0,0,0,0,0,0,0,0,0,0,0,0
6640,1000000US170311104001008,0,0,0,0,0,0,0,0,0,0,0,0,0,0,0,0,0,0
6641,1000000US170311104001009,0,0,0,0,0,0,0,0,0,0,0,0,0,0,0,0,0,0
6642,1000000US170311104001010,0,0,0,0,0,0,0,0,0,0,0,0,0,0,0,0,0,0
6643,1000000US170311104001011,26,22,1,1,0,0,2,24,0,2,4,0,12,12,0,33,1,0
6644,1000000US170311104001012,19,15,0,1,2,0,2,17,0,2,4,0,11,11,0,26,1,0
6645,1000000US170311104001013,14,7,2,0,3,0,4,10,0,4,7,2,7,7,0,18,0,2
6646,1000000US170311104001014,14,3,5,1,3,0,5,9,0,5,11,2,5,5,0,22,0,2
6647,1000000US170311104001015,28,24,0,1,2,0,2,26,0,2,4,1,16,15,1,36,1,0
6648,1000000US170311104001016,17,9,0,0,1,0,7,10,0,7,8,0,8,8,0,23,0,0
6649,1000000US170311104001017,10,10,0,0,0,0,0,10,0,0,0,0,5,5,0,11,0,0
6650,1000000US170311104001018,31,23,0,0,0,0,8,23,0,8,8,2,20,18,2,35,0,0
6651,1000000US170311104001019,62,49,0,0,3,0,11,51,0,11,13,0,35,34,1,74,0,0
6652,1000000US170311104001020,0,0,0,0,0,0,0,0,0,0,0,0,0,0,0,0,0,0
6653,1000000US170311104001021,0,0,0,0,0,0,0,0,0,0,0,0,0,0,0,0,0,0
6654,1000000US170311104001022,44,28,1,0,2,0,13,31,0,13,16,0,30,24,6,52,0,0
6655,1000000US170311104001023,77,52,0,2,2,0,23,54,0,23,25,3,43,42,1,100,2,0
6656,1000000US170311104001024,71,49,0,0,11,0,11,60,0,11,22,1,38,33,5,87,0,0
6657,1000000US170311104001025,55,34,0,0,7,0,14,41,0,14,21,0,24,23,1,64,0,0
6658,1000000US170311104001026,44,29,0,0,10,0,5,39,0,5,15,0,24,22,2,55,0,0
6659,1000000US170311104001027,29,25,2,0,0,0,2,27,0,2,4,0,18,14,4,33,0,0
6660,1000000US170311104001028,15,7,0,0,3,0,5,10,0,5,8,0,7,7,0,17,0,0
6661,1000000US170311104001029,20,13,0,0,5,0,2,18,0,2,7,0,8,8,0,24,0,0
6662,1000000US170311104001030,34,23,2,0,4,0,5,29,0,5,11,2,17,15,2,40,0,0
6663,1000000US170311104001031,28,23,0,0,4,0,1,27,0,1,5,0,15,15,0,36,0,0
6664,1000000US170311104001032,31,13,0,0,8,0,10,21,0,10,18,2,13,12,1,34,0,0
6665,1000000US170311104001033,139,94,5,0,13,0,28,111,0,28,45,0,76,71,5,178,0,0
6666,1000000US170311104001034,0,0,0,0,0,0,0,0,0,0,0,0,1,0,1,0,0,0
6667,1000000US170311104001035,170,105,2,8,16,0,48,122,0,48,65,3,93,85,8,201,8,1
6668,1000000US170311104001036,7,7,0,0,0,0,0,7,0,0,0,0,5,5,0,8,0,0
6669,1000000US170311104001037,14,11,0,0,0,0,3,11,0,3,3,2,8,7,1,16,0,0
6670,1000000US170311104001038,14,8,0,2,0,0,5,9,0,5,6,1,8,8,0,17,2,0
6671,1000000US170311104001039,21,15,2,0,0,0,4,17,0,4,6,0,13,12,1,26,0,0
6672,1000000US170311104001040,43,31,0,0,2,0,10,33,0,10,12,0,17,17,0,53,0,0
6673,1000000US170311104001041,37,18,0,0,9,0,8,29,0,8,19,3,15,15,0,44,0,0
6674,1000000US170311104001042,32,25,0,0,4,0,3,29,0,3,7,0,13,11,2,37,0,0
6675,1000000US170311104001043,29,24,0,0,0,0,5,24,0,5,5,0,14,14,0,37,0,0
6676,1000000US170311104001044,29,27,0,0,0,0,2,27,0,2,2,0,14,14,0,39,0,0
6677,1000000US170311104001045,28,22,0,0,5,0,1,27,0,1,6,0,11,11,0,34,0,0
6678,1000000US170311104001046,45,37,0,0,2,0,6,39,0,6,8,0,26,26,0,54,0,0
6679,1000000US170311104002000,39,30,0,0,3,0,6,33,0,6,9,0,20,19,1,48,0,0
6680,1000000US170311104002001,104,76,1,5,8,0,18,86,0,18,28,3,62,51,11,129,5,1
6681,1000000US170311104002002,27,21,0,0,4,0,2,25,0,2,6,0,20,19,1,40,0,0
6682,1000000US170311104002003,46,37,2,0,2,0,5,41,0,5,9,0,37,30,7,49,0,0
6683,1000000US170311104002004,15,12,0,0,1,0,2,13,0,2,3,1,9,8,1,19,0,0
6684,1000000US170311104002005,74,61,0,0,2,0,11,63,0,11,13,2,38,37,1,92,0,0
6685,1000000US170311104002006,101,70,3,1,12,0,17,84,0,17,31,2,65,46,19,138,1,1
6686,1000000US170311104002007,58,33,0,3,0,0,22,36,0,22,25,7,35,30,5,74,0,0
6687,1000000US170311104002008,46,42,1,0,0,0,3,43,0,3,4,0,20,20,0,51,0,0
6688,1000000US170311104002009,37,26,0,0,6,0,5,32,0,5,11,2,30,25,5,46,0,0
6689,1000000US170311104002010,11,11,0,0,0,0,0,11,0,0,0,0,0,0,0,11,0,0
6690,1000000US170311104002011,29,19,0,0,5,0,6,23,0,6,10,0,15,14,1,40,0,0
6691,1000000US170311104002012,33,27,0,0,3,0,3,30,0,3,6,0,13,12,1,41,0,0
6692,1000000US170311104002013,43,38,0,0,0,0,5,38,0,5,5,0,14,13,1,49,0,0
6693,1000000US170311104002014,33,21,0,0,0,0,12,21,0,12,12,0,12,12,0,41,0,0
6694,1000000US170311104002015,12,3,8,0,0,0,1,11,0,1,9,0,11,8,3,13,0,0
6695,1000000US170311104002016,31,30,0,0,0,0,1,30,0,1,1,0,20,20,0,39,0,0
6696,1000000US170311104002017,49,45,0,0,2,0,2,47,0,2,4,1,26,24,2,63,0,0
6697,1000000US170311104002018,58,48,0,1,1,0,9,49,0,9,10,1,31,29,2,70,1,0
6698,1000000US170311104002019,43,37,0,0,1,0,5,38,0,5,6,0,28,25,3,49,0,0
6699,1000000US170311104002020,42,30,3,0,0,0,9,33,0,9,12,0,19,18,1,52,0,0
6700,1000000US170311104002021,58,49,0,0,2,0,7,51,0,7,9,0,44,40,4,62,0,0
6701,1000000US170311104002022,37,36,1,0,0,0,0,37,0,0,1,0,21,18,3,45,0,0
6702,1000000US170311104002023,51,34,1,2,5,0,11,40,0,11,17,3,30,28,2,53,1,0
6703,1000000US170311104002024,20,10,1,1,0,0,8,12,0,8,10,0,13,10,3,28,1,0
6704,1000000US170311104003000,74,53,1,0,6,0,14,60,0,14,21,1,51,45,6,92,0,0
6705,1000000US170311104003001,73,51,0,0,0,0,22,51,0,22,22,0,40,38,2,96,0,0
6706,1000000US170311104003002,59,48,1,1,4,0,5,54,0,5,11,1,34,31,3,70,0,0
6707,1000000US170311104003003,50,36,1,0,0,0,13,37,0,13,14,0,26,24,2,63,0,0
6708,1000000US170311104003004,22,18,2,0,0,0,2,20,0,2,4,0,12,11,1,23,0,0
6709,1000000US170311104003005,21,18,0,0,0,0,3,18,0,3,3,0,13,11,2,26,0,0
6710,1000000US170311104003006,21,21,0,0,0,0,0,21,0,0,0,0,11,11,0,26,0,0
6711,1000000US170311104003007,23,19,0,0,1,0,3,20,0,3,4,0,9,8,1,35,0,0
6712,1000000US170311104003008,11,10,0,0,0,0,1,10,0,1,1,0,7,6,1,16,0,0
6713,1000000US170311104003009,12,12,0,0,0,0,0,12,0,0,0,0,7,7,0,12,0,0
6714,1000000US170311104003010,11,10,0,0,0,0,1,10,0,1,1,0,4,4,0,11,0,0
6715,1000000US170311104003011,9,6,0,0,3,0,0,9,0,0,3,0,3,3,0,10,0,0
6716,1000000US170311104003012,33,21,3,0,0,0,12,21,0,12,12,1,19,17,2,46,0,3
6717,1000000US170311104003013,29,25,0,0,2,0,2,27,0,2,4,0,18,16,2,32,0,0
6718,1000000US170311104003014,44,36,0,0,1,0,7,37,0,7,8,0,26,25,1,49,0,0
6719,1000000US170311104003015,13,12,0,0,0,0,0,13,0,0,1,0,11,9,2,14,0,0
6720,1000000US170311104003016,41,36,0,0,0,0,4,37,0,4,5,1,29,28,1,46,0,0
6721,1000000US170311104003017,34,32,0,0,1,0,1,33,0,1,2,0,24,24,0,40,0,0
6722,1000000US170311104003018,5,5,0,0,0,0,0,5,0,0,0,0,5,5,0,5,0,0
6723,1000000US170311104003019,45,39,0,0,2,1,3,42,0,3,6,2,28,28,0,56,0,0
6724,1000000US170311104003020,40,35,1,1,0,0,4,36,0,4,5,1,25,24,1,46,1,0
6725,1000000US170311104003021,44,36,0,0,5,0,5,39,0,5,8,2,35,29,6,53,0,0
6726,1000000US170311104003022,71,54,0,0,7,0,10,61,0,10,17,2,40,37,3,96,0,0
6727,1000000US170311104003023,86,64,2,0,8,0,14,72,0,14,22,0,47,42,5,101,0,2
6728,1000000US170311104003024,67,35,3,2,9,0,18,49,0,18,32,0,44,35,9,78,2,0
6729,1000000US170311104003025,85,53,0,0,5,0,27,58,0,27,32,1,45,41,4,112,0,0
6730,1000000US170311104003026,51,30,0,0,11,0,10,41,0,10,21,1,24,23,1,65,0,0
6731,1000000US170311105011000,43,26,0,1,6,0,10,33,0,10,17,2,19,18,1,60,0,0
6732,1000000US170311105011001,41,29,0,0,1,0,11,30,0,11,12,0,20,19,1,52,0,0
6733,1000000US170311105011002,18,18,0,0,0,0,0,18,0,0,0,0,10,10,0,18,0,0
6734,1000000US170311105011003,49,38,0,0,6,0,5,44,0,5,11,0,24,22,2,58,0,0
6735,1000000US170311105011004,44,36,0,1,0,0,7,37,0,7,8,1,21,20,1,45,0,0
6736,1000000US170311105011005,40,29,3,0,3,0,5,35,0,5,11,0,21,19,2,51,0,0
6737,1000000US170311105011006,46,42,0,0,0,0,4,42,0,4,4,0,20,20,0,56,0,0
6738,1000000US170311105011007,59,30,0,0,20,0,9,50,0,9,29,0,27,26,1,84,0,0
6739,1000000US170311105011008,51,40,0,0,3,0,8,43,0,8,11,0,26,26,0,70,0,0
6740,1000000US170311105011009,62,44,1,2,8,0,9,53,0,9,18,1,29,27,2,86,1,1
6741,1000000US170311105011010,53,44,0,0,1,0,8,45,0,8,9,0,28,28,0,69,0,0
6742,1000000US170311105011011,59,37,4,0,9,0,11,48,0,11,22,0,25,24,1,79,0,2
6743,1000000US170311105011012,63,41,10,0,1,0,12,51,0,12,22,1,27,25,2,78,0,1
6744,1000000US170311105011013,54,37,0,0,10,0,7,47,0,7,17,0,26,24,2,72,0,0
6745,1000000US170311105011014,56,41,1,0,2,0,12,44,0,12,15,1,35,29,6,67,0,0
6746,1000000US170311105011015,63,51,0,0,11,0,1,62,0,1,12,1,29,27,2,80,0,0
6747,1000000US170311105011016,34,31,0,0,3,0,0,34,0,0,3,0,16,16,0,40,0,0
6748,1000000US170311105011017,12,5,1,1,3,0,2,10,0,2,7,1,8,8,0,12,0,0
6749,1000000US170311105011018,76,35,1,0,3,0,38,38,0,38,41,6,41,36,5,90,0,1
6750,1000000US170311105011019,17,16,0,0,0,0,1,16,0,1,1,0,10,10,0,24,0,0
6751,1000000US170311105012000,44,32,0,0,2,0,10,34,0,10,12,0,22,21,1,65,0,0
6752,1000000US170311105012001,53,25,0,0,28,0,0,53,0,0,28,0,20,19,1,72,0,0
6753,1000000US170311105012002,0,0,0,0,0,0,0,0,0,0,0,0,0,0,0,0,0,0
6754,1000000US170311105012003,57,26,1,4,3,0,25,32,0,25,31,2,34,32,2,81,2,0
6755,1000000US170311105012004,50,27,0,0,12,0,11,39,0,11,23,2,26,23,3,57,0,0
6756,1000000US170311105012005,90,61,0,1,5,0,23,67,0,23,29,1,45,41,4,108,0,0
6757,1000000US170311105012006,57,45,0,1,0,0,11,46,0,11,12,1,38,33,5,70,0,0
6758,1000000US170311105012007,66,39,0,4,14,0,13,53,0,13,27,6,33,32,1,87,4,0
6759,1000000US170311105012008,50,42,0,0,0,0,8,42,0,8,8,0,28,23,5,65,0,0
6760,1000000US170311105012009,43,32,0,0,3,2,6,37,0,6,11,0,20,20,0,54,0,0
6761,1000000US170311105012010,34,34,0,0,0,0,0,34,0,0,0,0,19,16,3,37,0,0
6762,1000000US170311105012011,35,26,0,0,0,0,9,26,0,9,9,0,21,20,1,46,0,0
6763,1000000US170311105012012,17,15,0,0,2,0,0,17,0,0,2,0,14,12,2,20,0,0
6764,1000000US170311105012013,28,24,1,0,0,0,3,25,0,3,4,0,18,16,2,31,0,0
6765,1000000US170311105012014,25,2,0,0,3,0,20,5,0,20,23,0,10,9,1,33,0,0
6766,1000000US170311105013000,71,25,8,3,22,0,18,53,0,18,46,4,39,35,4,100,2,3
6767,1000000US170311105013001,32,24,0,0,0,0,8,24,0,8,8,0,19,15,4,43,0,0
6768,1000000US170311105013002,33,24,0,1,3,0,6,27,0,6,9,0,17,17,0,41,1,0
6769,1000000US170311105013003,32,21,0,0,2,0,9,23,0,9,11,0,19,15,4,37,0,0
6770,1000000US170311105013004,35,29,0,2,3,0,1,34,0,1,6,0,21,20,1,45,2,0
6771,1000000US170311105013005,24,24,0,0,0,0,0,24,0,0,0,0,12,12,0,29,0,0
6772,1000000US170311105013006,18,16,0,0,1,0,2,16,0,2,2,1,9,8,1,21,0,0
6773,1000000US170311105013007,13,10,0,0,3,0,0,13,0,0,3,2,7,7,0,17,0,0
6774,1000000US170311105013008,28,15,2,2,9,0,0,28,0,0,13,4,15,13,2,36,1,0
6775,1000000US170311105013009,32,13,0,0,2,0,17,15,0,17,19,0,20,17,3,37,0,0
6776,1000000US170311105013010,18,9,4,0,2,0,3,15,0,3,9,0,8,8,0,22,0,0
6777,1000000US170311105013011,8,7,1,0,0,0,0,8,0,0,1,0,5,5,0,12,0,0
6778,1000000US170311105013012,38,10,0,0,16,0,12,26,0,12,28,2,16,15,1,45,0,0
6779,1000000US170311105013013,87,26,2,5,26,0,33,54,0,33,61,5,40,37,3,121,0,0
6780,1000000US170311105013014,77,41,2,0,3,0,31,46,0,31,36,0,42,35,7,112,0,0
6781,1000000US170311105013015,51,38,0,0,6,0,7,44,0,7,13,0,29,24,5,56,0,0
6782,1000000US170311105013016,66,34,1,0,5,0,26,40,0,26,32,1,30,27,3,94,0,0
6783,1000000US170311105013017,5,1,0,0,2,0,2,3,0,2,4,0,4,3,1,8,0,0
6784,1000000US170311105013018,37,35,0,0,0,0,2,35,0,2,2,1,22,19,3,48,0,0
6785,1000000US170311105013019,61,48,0,0,1,0,12,49,0,12,13,0,28,25,3,71,0,0
6786,1000000US170311105013020,49,32,0,0,7,0,10,39,0,10,17,1,30,29,1,57,0,0
6787,1000000US170311105013021,61,24,4,2,14,0,19,42,0,19,37,1,37,33,4,83,1,2
6788,1000000US170311105013022,54,31,0,2,19,0,2,52,0,2,23,0,24,23,1,71,2,0
6789,1000000US170311105013023,58,32,0,0,10,0,16,42,0,16,26,0,26,24,2,75,0,0
6790,1000000US170311105013024,55,30,0,0,7,0,18,37,0,18,25,0,31,30,1,74,0,0
6791,1000000US170311105013025,41,28,0,3,5,0,5,36,0,5,13,0,26,24,2,52,3,0
6792,1000000US170311105013026,49,27,0,1,13,0,8,41,0,8,22,5,36,29,7,68,0,0
6793,1000000US170311105013027,21,16,0,0,4,0,1,20,0,1,5,0,10,10,0,30,0,0
6794,1000000US170311105013028,52,18,0,0,19,0,15,37,0,15,34,0,24,22,2,67,0,0
6795,1000000US170311105013029,41,27,1,0,10,0,3,38,0,3,14,1,24,22,2,50,0,0
6796,1000000US170311105014000,0,0,0,0,0,0,0,0,0,0,0,0,0,0,0,0,0,0
6797,1000000US170311105014001,57,24,2,0,10,0,21,36,0,21,33,0,27,26,1,78,0,0
6798,1000000US170311105014002,25,19,0,0,0,0,6,19,0,6,6,0,17,14,3,28,0,0
6799,1000000US170311105014003,3,1,0,1,0,0,1,2,0,1,2,1,1,1,0,3,1,0
6800,1000000US170311105014004,0,0,0,0,0,0,0,0,0,0,0,0,0,0,0,0,0,0
6801,1000000US170311105014005,77,61,0,0,11,0,5,72,0,5,16,1,55,42,13,93,0,0
6802,1000000US170311105014006,16,5,0,0,7,0,4,12,0,4,11,0,8,7,1,18,0,0
6803,1000000US170311105014007,61,37,3,5,3,0,13,48,0,13,24,4,29,27,2,78,3,0
6804,1000000US170311105014008,43,31,0,0,0,0,9,34,0,9,12,0,16,15,1,49,0,0
6805,1000000US170311105015000,0,0,0,0,0,0,0,0,0,0,0,0,0,0,0,0,0,0
6806,1000000US170311105015001,36,25,0,0,2,0,9,27,0,9,11,0,20,19,1,42,0,0
6807,1000000US170311105015002,12,7,0,0,4,0,1,11,0,1,5,1,9,9,0,16,0,0
6808,1000000US170311105015003,22,13,0,2,4,0,3,19,0,3,9,2,8,8,0,28,0,0
6809,1000000US170311105015004,37,27,0,0,1,0,9,28,0,9,10,0,14,14,0,47,0,0
6810,1000000US170311105015005,14,10,0,0,3,0,1,13,0,1,4,1,11,11,0,16,0,0
6811,1000000US170311105015006,37,34,1,0,1,0,1,36,0,1,3,1,18,18,0,50,0,0
6812,1000000US170311105015007,33,29,0,0,2,0,2,31,0,2,4,0,18,18,0,44,0,0
6813,1000000US170311105015008,46,35,1,4,4,0,6,40,0,6,11,0,20,20,0,57,4,0
6814,1000000US170311105015009,41,34,0,0,0,0,7,34,0,7,7,1,18,18,0,58,0,0
6815,1000000US170311105015010,0,0,0,0,0,0,0,0,0,0,0,0,0,0,0,0,0,0
6816,1000000US170311105015011,1,0,0,1,0,0,0,1,0,0,1,1,1,1,0,1,0,0
6817,1000000US170311105015012,29,13,0,0,13,0,3,26,0,3,16,1,15,14,1,40,0,0
6818,1000000US170311105015013,27,19,1,0,0,0,8,19,0,8,8,1,15,14,1,37,0,1
6819,1000000US170311105015014,37,24,1,0,5,0,7,30,0,7,13,0,20,18,2,51,0,0
6820,1000000US170311105015015,0,0,0,0,0,0,0,0,0,0,0,0,0,0,0,0,0,0
6821,1000000US170311105015016,8,6,1,0,0,0,1,7,0,1,2,0,0,0,0,8,0,0
6822,1000000US170311105015017,6,6,0,0,0,0,0,6,0,0,0,0,3,3,0,8,0,0
6823,1000000US170311105015018,19,14,0,0,0,0,5,14,0,5,5,0,7,7,0,25,0,0
6824,1000000US170311105015019,23,20,0,0,2,0,1,22,0,1,3,0,13,13,0,33,0,0
6825,1000000US170311105015020,21,14,0,0,1,0,6,15,0,6,7,1,10,10,0,29,0,0
6826,1000000US170311105015021,26,15,1,1,2,0,7,19,0,7,11,0,19,16,3,42,1,0
6827,1000000US170311105015022,17,13,0,0,3,0,1,16,0,1,4,0,9,9,0,21,0,0
6828,1000000US170311105021000,39,25,1,0,2,0,12,27,0,12,14,1,25,19,6,58,0,0
6829,1000000US170311105021001,25,20,0,0,2,1,3,22,0,3,5,1,17,14,3,28,0,0
6830,1000000US170311105021002,1,1,0,0,0,0,0,1,0,0,0,0,1,1,0,1,0,0
6831,1000000US170311105021003,0,0,0,0,0,0,0,0,0,0,0,0,0,0,0,0,0,0
6832,1000000US170311105021004,0,0,0,0,0,0,0,0,0,0,0,0,0,0,0,0,0,0
6833,1000000US170311105021005,0,0,0,0,0,0,0,0,0,0,0,0,0,0,0,0,0,0
6834,1000000US170311105021006,0,0,0,0,0,0,0,0,0,0,0,0,0,0,0,0,0,0
6835,1000000US170311105021007,5,4,0,0,0,0,1,4,0,1,1,0,4,4,0,5,0,0
6836,1000000US170311105021008,2,1,0,0,1,0,0,2,0,0,1,0,6,2,4,2,0,0
6837,1000000US170311105021009,44,30,1,2,4,0,7,37,0,7,14,1,34,27,7,49,2,0
6838,1000000US170311105021010,93,69,1,0,9,0,14,79,0,14,24,0,60,55,5,99,0,0
6839,1000000US170311105021011,157,120,3,1,15,0,20,137,0,20,37,6,96,87,9,180,1,1
6840,1000000US170311105021012,1,0,0,0,0,0,1,0,0,1,1,0,1,1,0,1,0,0
6841,1000000US170311105021013,126,97,2,2,11,0,13,113,0,13,29,1,89,77,12,145,2,0
6842,1000000US170311105021014,94,63,1,1,10,0,19,75,0,19,31,0,49,44,5,105,1,0
6843,1000000US170311105021015,55,34,0,1,6,0,14,41,0,14,21,1,28,28,0,63,1,0
6844,1000000US170311105021016,0,0,0,0,0,0,0,0,0,0,0,0,0,0,0,0,0,0
6845,1000000US170311105021017,150,123,2,0,10,0,16,134,0,16,27,5,99,92,7,170,0,0
6846,1000000US170311105021018,161,129,1,0,20,1,10,151,0,10,32,2,101,86,15,193,0,0
6847,1000000US170311105021019,149,110,5,1,18,3,13,136,0,13,39,4,106,100,6,161,1,0
6848,1000000US170311105021020,0,0,0,0,0,0,0,0,0,0,0,0,0,0,0,0,0,0
6849,1000000US170311105021021,45,23,2,0,1,0,19,26,0,19,22,3,46,21,25,62,0,1
6850,1000000US170311105021022,120,86,9,0,9,0,18,102,0,18,34,1,95,94,1,135,0,2
6851,1000000US170311105021023,0,0,0,0,0,0,0,0,0,0,0,0,0,0,0,0,0,0
6852,1000000US170311105021024,22,17,1,0,3,0,1,21,0,1,5,0,11,10,1,24,0,0
6853,1000000US170311105022000,46,36,0,0,2,0,8,38,0,8,10,0,24,23,1,58,0,0
6854,1000000US170311105022001,0,0,0,0,0,0,0,0,0,0,0,0,0,0,0,0,0,0
6855,1000000US170311105022002,43,31,0,0,8,0,4,39,0,4,12,0,26,20,6,55,0,0
6856,1000000US170311105022003,59,44,0,0,7,0,8,51,0,8,15,0,32,28,4,72,0,0
6857,1000000US170311105022004,25,21,0,0,3,0,1,24,0,1,4,1,18,16,2,33,0,0
6858,1000000US170311105022005,48,20,2,0,4,0,22,26,0,22,28,2,24,23,1,53,0,0
6859,1000000US170311105022006,19,11,2,0,4,0,2,17,0,2,8,2,10,8,2,26,0,0
6860,1000000US170311105022007,50,29,0,7,8,0,6,44,0,6,21,1,26,24,2,76,7,0
6861,1000000US170311105022008,84,65,0,0,8,0,11,73,0,11,19,0,53,48,5,109,0,0
6862,1000000US170311105022009,0,0,0,0,0,0,0,0,0,0,0,0,0,0,0,0,0,0
6863,1000000US170311105022010,10,6,0,0,2,0,2,8,0,2,4,0,7,6,1,16,0,0
6864,1000000US170311105022011,41,30,1,0,4,0,6,35,0,6,11,2,24,24,0,57,0,0
6865,1000000US170311105022012,15,13,0,0,0,0,2,13,0,2,2,0,10,9,1,18,0,0
6866,1000000US170311105022013,26,18,0,0,2,0,6,20,0,6,8,0,17,15,2,32,0,0
6867,1000000US170311105022014,100,59,1,0,18,4,22,78,0,22,41,5,54,50,4,125,0,0
6868,1000000US170311105022015,0,0,0,0,0,0,0,0,0,0,0,0,0,0,0,0,0,0
6869,1000000US170311105022016,38,30,1,0,0,2,7,31,0,7,8,0,22,20,2,44,0,0
6870,1000000US170311105022017,85,52,1,0,16,0,16,69,0,16,33,1,52,48,4,123,0,0
6871,1000000US170311105022018,0,0,0,0,0,0,0,0,0,0,0,0,0,0,0,0,0,0
6872,1000000US170311105022019,0,0,0,0,0,0,0,0,0,0,0,0,0,0,0,0,0,0
6873,1000000US170311105022020,60,32,0,1,2,0,25,35,0,25,28,1,31,30,1,81,0,0
6874,1000000US170311105022021,48,34,0,0,5,0,9,39,0,9,14,1,22,21,1,62,0,0
6875,1000000US170311105022022,57,39,2,0,8,0,8,49,0,8,18,2,30,27,3,74,0,0
6876,1000000US170311105022023,52,33,2,1,1,0,15,37,0,15,19,0,30,30,0,72,1,0
6877,1000000US170311105022024,56,35,0,0,11,0,10,46,0,10,21,2,31,27,4,73,0,0
6878,1000000US170311105022025,54,23,1,0,21,0,10,44,0,10,31,3,28,26,2,73,0,0
6879,1000000US170311105022026,62,24,1,0,18,6,18,44,0,18,38,8,24,22,2,83,0,0
6880,1000000US170311105022027,58,30,4,0,6,4,14,44,0,14,28,2,28,26,2,71,0,0
6881,1000000US170311105022028,29,20,0,0,3,0,6,23,0,6,9,0,23,19,4,38,0,0
6882,1000000US170311105022029,65,48,0,0,0,0,17,48,0,17,17,2,37,35,2,77,0,0
6883,1000000US170311105022030,84,48,0,0,12,0,24,60,0,24,36,3,43,41,2,105,0,0
6884,1000000US170311105022031,19,12,0,0,2,0,5,14,0,5,7,0,11,10,1,23,0,0
6885,1000000US170311105022032,1,0,0,0,0,0,1,0,0,1,1,1,2,1,1,2,0,0
6886,1000000US170311105022033,1,1,0,0,0,0,0,1,0,0,0,0,1,1,0,2,0,0
6887,1000000US170311105022034,0,0,0,0,0,0,0,0,0,0,0,0,0,0,0,0,0,0
6888,1000000US170311105022035,0,0,0,0,0,0,0,0,0,0,0,0,0,0,0,0,0,0
6889,1000000US170311105022036,0,0,0,0,0,0,0,0,0,0,0,0,0,0,0,0,0,0
6890,1000000US170311201001000,64,55,0,1,1,0,7,57,0,7,9,1,34,31,3,94,0,0
6891,1000000US170311201001001,48,31,0,0,10,0,7,41,0,7,17,0,21,21,0,56,0,0
6892,1000000US170311201001002,67,51,0,1,9,0,5,62,0,5,16,2,35,35,0,94,0,0
6893,1000000US170311201001003,70,55,0,0,13,0,2,68,0,2,15,2,43,37,6,94,0,0
6894,1000000US170311201001004,6,6,0,0,0,0,0,6,0,0,0,0,4,4,0,6,0,0
6895,1000000US170311201001005,18,16,0,0,0,0,2,16,0,2,2,0,12,11,1,32,0,0
6896,1000000US170311201001006,64,61,0,0,2,0,1,63,0,1,3,0,33,33,0,82,0,0
6897,1000000US170311201001007,49,32,1,0,9,0,7,42,0,7,17,0,28,25,3,69,0,0
6898,1000000US170311201001008,139,117,2,0,15,0,6,133,0,6,22,5,72,67,5,210,0,0
6899,1000000US170311201001009,76,71,0,0,3,0,2,74,0,2,5,0,40,40,0,111,0,0
6900,1000000US170311201001010,52,52,0,0,0,0,0,52,0,0,0,0,28,27,1,76,0,0
6901,1000000US170311201001011,62,51,0,0,6,0,5,57,0,5,11,0,38,32,6,80,0,0
6902,1000000US170311201001012,43,41,0,0,0,0,2,41,0,2,2,0,23,23,0,74,0,0
6903,1000000US170311201001013,16,16,0,0,0,0,0,16,0,0,0,0,7,7,0,16,0,0
6904,1000000US170311201001014,36,35,0,0,1,0,0,36,0,0,1,0,20,19,1,43,0,0
6905,1000000US170311201001015,48,48,0,0,0,0,0,48,0,0,0,0,23,22,1,65,0,0
6906,1000000US170311201001016,50,45,0,0,2,0,3,47,0,3,5,0,24,23,1,67,0,0
6907,1000000US170311201001017,39,37,0,0,1,0,1,38,0,1,2,0,22,20,2,56,0,0
6908,1000000US170311201001018,25,19,2,0,1,0,3,22,0,3,6,4,11,11,0,37,0,0
6909,1000000US170311201001019,11,11,0,0,0,0,0,11,0,0,0,0,6,6,0,13,0,0
6910,1000000US170311201001020,56,54,0,0,1,0,1,55,0,1,2,0,28,28,0,81,0,0
6911,1000000US170311201001021,0,0,0,0,0,0,0,0,0,0,0,0,0,0,0,0,0,0
6912,1000000US170311201002000,0,0,0,0,0,0,0,0,0,0,0,0,0,0,0,0,0,0
6913,1000000US170311201002001,28,27,0,0,1,0,0,28,0,0,1,0,13,13,0,41,0,0
6914,1000000US170311201002002,0,0,0,0,0,0,0,0,0,0,0,0,0,0,0,0,0,0
6915,1000000US170311201002003,9,9,0,0,0,0,0,9,0,0,0,0,6,6,0,16,0,0
6916,1000000US170311201002004,28,27,0,0,0,0,1,27,0,1,1,0,13,13,0,36,0,0
6917,1000000US170311201002005,39,38,0,1,0,0,0,39,0,0,1,0,20,19,1,60,1,0
6918,1000000US170311201002006,42,36,0,3,0,0,5,37,0,5,6,0,22,21,1,63,3,0
6919,1000000US170311201002007,30,29,0,0,0,0,1,29,0,1,1,0,12,12,0,35,0,0
6920,1000000US170311201002008,17,13,0,0,1,0,3,14,0,3,4,0,10,9,1,26,0,0
6921,1000000US170311201002009,19,17,0,0,0,0,2,17,0,2,2,0,12,11,1,29,0,0
6922,1000000US170311201002010,21,21,0,0,0,0,0,21,0,0,0,0,13,12,1,30,0,0
6923,1000000US170311201002011,31,27,0,0,3,0,1,30,0,1,4,0,16,16,0,51,0,0
6924,1000000US170311201002012,48,45,0,0,2,0,1,47,0,1,3,0,23,23,0,58,0,0
6925,1000000US170311201002013,48,43,0,0,0,0,5,43,0,5,5,0,19,19,0,60,0,0
6926,1000000US170311201002014,46,34,1,0,5,0,7,39,0,7,12,0,20,20,0,65,0,1
6927,1000000US170311201002015,45,42,0,0,1,0,2,43,0,2,3,0,23,22,1,59,0,0
6928,1000000US170311201002016,31,29,0,0,0,0,2,29,0,2,2,0,18,18,0,45,0,0
6929,1000000US170311201002017,45,41,0,0,2,0,2,43,0,2,4,0,24,24,0,65,0,0
6930,1000000US170311201002018,8,8,0,0,0,0,0,8,0,0,0,0,5,5,0,12,0,0
6931,1000000US170311201002019,50,38,0,0,2,2,10,40,0,10,12,3,22,22,0,72,0,0
6932,1000000US170311201002020,44,43,0,0,1,0,0,44,0,0,1,0,22,21,1,54,0,0
6933,1000000US170311201002021,26,24,0,0,2,0,0,26,0,0,2,2,14,14,0,34,0,0
6934,1000000US170311201002022,21,19,0,0,2,0,0,21,0,0,2,0,9,9,0,24,0,0
6935,1000000US170311201003000,39,39,0,0,0,0,0,39,0,0,0,0,24,23,1,56,0,0
6936,1000000US170311201003001,45,41,0,0,1,0,3,42,0,3,4,0,22,22,0,63,0,0
6937,1000000US170311201003002,42,41,0,0,0,0,1,41,0,1,1,0,21,20,1,68,0,0
6938,1000000US170311201003003,38,36,1,0,1,0,1,37,0,1,2,0,21,20,1,53,0,1
6939,1000000US170311201003004,53,45,5,0,2,0,1,52,0,1,8,0,25,25,0,71,0,0
6940,1000000US170311201003005,0,0,0,0,0,0,0,0,0,0,0,0,0,0,0,0,0,0
6941,1000000US170311201003006,17,14,0,0,2,0,1,16,0,1,3,0,9,9,0,24,0,0
6942,1000000US170311201003007,11,11,0,0,0,0,0,11,0,0,0,0,6,5,1,14,0,0
6943,1000000US170311201003008,16,14,0,0,0,0,2,14,0,2,2,0,8,8,0,27,0,0
6944,1000000US170311201003009,45,42,0,0,1,0,2,43,0,2,3,0,22,22,0,68,0,0
6945,1000000US170311201003010,2,2,0,0,0,0,0,2,0,0,0,0,1,1,0,3,0,0
6946,1000000US170311201003011,57,56,0,0,0,0,1,56,0,1,1,0,23,23,0,82,0,0
6947,1000000US170311201003012,32,29,0,0,2,0,1,31,0,1,3,0,16,15,1,46,0,0
6948,1000000US170311201003013,4,2,0,0,2,0,0,4,0,0,2,0,3,3,0,4,0,0
6949,1000000US170311201003014,4,3,0,0,0,0,1,3,0,1,1,1,2,2,0,4,0,0
6950,1000000US170311201003015,8,8,0,0,0,0,0,8,0,0,0,0,5,5,0,15,0,0
6951,1000000US170311201003016,25,18,0,1,2,0,4,21,0,4,7,2,17,15,2,31,0,0
6952,1000000US170311201003017,9,9,0,0,0,0,0,9,0,0,0,0,5,5,0,9,0,0
6953,1000000US170311201003018,0,0,0,0,0,0,0,0,0,0,0,0,0,0,0,0,0,0
6954,1000000US170311201003019,14,11,0,0,3,0,0,14,0,0,3,0,10,9,1,17,0,0
6955,1000000US170311201003020,0,0,0,0,0,0,0,0,0,0,0,0,0,0,0,0,0,0
6956,1000000US170311201003021,0,0,0,0,0,0,0,0,0,0,0,0,0,0,0,0,0,0
6957,1000000US170311201003022,0,0,0,0,0,0,0,0,0,0,0,0,0,0,0,0,0,0
6958,1000000US170311201003023,0,0,0,0,0,0,0,0,0,0,0,0,0,0,0,0,0,0
6959,1000000US170311201003024,0,0,0,0,0,0,0,0,0,0,0,0,0,0,0,0,0,0
6960,1000000US170311201003025,3,3,0,0,0,0,0,3,0,0,0,0,2,2,0,3,0,0
6961,1000000US170311201003026,11,11,0,0,0,0,0,11,0,0,0,0,6,4,2,11,0,0
6962,1000000US170311201003027,25,23,0,0,0,0,2,23,0,2,2,0,11,11,0,28,0,0
6963,1000000US170311201003028,0,0,0,0,0,0,0,0,0,0,0,0,0,0,0,0,0,0
6964,1000000US170311201003029,24,16,2,0,3,0,4,20,0,4,8,1,13,12,1,36,0,1
6965,1000000US170311201003030,41,38,0,0,0,0,3,38,0,3,3,0,21,20,1,52,0,0
6966,1000000US170311201003031,0,0,0,0,0,0,0,0,0,0,0,0,0,0,0,0,0,0
6967,1000000US170311201003032,0,0,0,0,0,0,0,0,0,0,0,0,0,0,0,0,0,0
6968,1000000US170311201003033,0,0,0,0,0,0,0,0,0,0,0,0,0,0,0,0,0,0
6969,1000000US170311201003034,0,0,0,0,0,0,0,0,0,0,0,0,0,0,0,0,0,0
6970,1000000US170311201003035,0,0,0,0,0,0,0,0,0,0,0,0,0,0,0,0,0,0
6971,1000000US170311201003036,0,0,0,0,0,0,0,0,0,0,0,0,0,0,0,0,0,0
6972,1000000US170311201004000,3,0,1,0,0,0,2,1,0,2,3,0,2,1,1,5,0,0
6973,1000000US170311201004001,3,3,0,0,0,0,0,3,0,0,0,0,1,1,0,3,0,0
6974,1000000US170311201004002,8,3,0,1,1,0,4,4,0,4,5,1,6,5,1,9,1,0
6975,1000000US170311201004003,62,38,0,0,18,0,7,55,0,7,24,1,28,25,3,89,0,0
6976,1000000US170311201004004,51,33,0,0,12,0,7,44,0,7,18,0,38,27,11,64,0,0
6977,1000000US170311201004005,24,22,0,0,1,0,1,23,0,1,2,0,13,13,0,36,0,0
6978,1000000US170311201004006,38,31,0,0,2,0,5,33,0,5,7,0,21,21,0,54,0,0
6979,1000000US170311201004007,39,37,0,0,0,0,2,37,0,2,2,0,22,20,2,45,0,0
6980,1000000US170311201004008,48,43,1,0,2,0,2,46,0,2,5,1,27,27,0,72,0,0
6981,1000000US170311201004009,14,12,0,0,0,2,0,14,0,0,2,0,7,7,0,17,0,0
6982,1000000US170311201004010,2,2,0,0,0,0,0,2,0,0,0,0,1,1,0,2,0,0
6983,1000000US170311201004011,36,34,0,0,2,0,0,36,0,0,2,0,17,16,1,42,0,0
6984,1000000US170311201004012,46,44,1,0,0,0,1,45,0,1,2,0,23,23,0,69,0,0
6985,1000000US170311201004013,24,24,0,0,0,0,0,24,0,0,0,0,14,13,1,35,0,0
6986,1000000US170311201004014,56,52,0,0,2,0,2,54,0,2,4,0,25,25,0,81,0,0
6987,1000000US170311201004015,47,39,0,0,6,0,3,44,0,3,8,1,25,24,1,59,0,0
6988,1000000US170311201004016,30,28,1,0,0,0,1,29,0,1,2,1,16,15,1,42,0,0
6989,1000000US170311201004017,23,22,0,0,0,0,1,22,0,1,1,0,13,13,0,34,0,0
6990,1000000US170311201004018,37,33,0,0,4,0,2,35,0,2,4,1,16,16,0,41,0,0
6991,1000000US170311201004019,53,41,3,3,4,0,2,51,0,2,12,3,27,27,0,85,0,0
6992,1000000US170311201004020,51,38,2,2,5,0,6,45,0,6,13,2,26,25,1,72,0,0
6993,1000000US170311201004021,45,36,2,0,2,0,5,40,0,5,9,1,25,24,1,66,0,0
6994,1000000US170311202001000,33,26,0,0,7,0,0,33,0,0,7,0,16,16,0,43,0,0
6995,1000000US170311202001001,165,108,4,1,40,0,14,151,0,14,57,2,78,77,1,202,0,2
6996,1000000US170311202001002,42,35,0,1,6,0,0,42,0,0,7,1,18,18,0,47,0,0
6997,1000000US170311202001003,53,32,0,1,8,0,11,42,0,11,21,0,26,26,0,64,1,0
6998,1000000US170311202001004,68,57,0,0,10,0,1,67,0,1,11,0,31,30,1,89,0,0
6999,1000000US170311202001005,39,31,0,0,6,0,2,37,0,2,8,0,17,17,0,49,0,0
7000,1000000US170311202001006,55,48,2,0,3,0,2,53,0,2,7,0,29,28,1,66,0,0
7001,1000000US170311202001007,71,55,3,0,6,0,7,64,0,7,16,5,34,32,2,82,0,0
7002,1000000US170311202001008,51,33,0,0,15,0,3,48,0,3,18,2,24,24,0,58,0,0
7003,1000000US170311202001009,29,18,0,0,2,0,9,20,0,9,11,0,16,16,0,37,0,0
7004,1000000US170311202001010,120,82,2,3,11,0,23,97,0,23,38,2,86,79,7,152,3,1
7005,1000000US170311202001011,45,40,0,0,4,0,2,43,0,2,5,3,23,23,0,48,0,0
7006,1000000US170311202001012,42,39,0,0,1,0,3,39,0,3,3,1,24,23,1,56,0,0
7007,1000000US170311202001013,42,39,0,0,1,0,2,40,0,2,3,0,23,23,0,64,0,0
7008,1000000US170311202001014,45,43,0,0,0,0,2,43,0,2,2,0,23,22,1,63,0,0
7009,1000000US170311202001015,9,9,0,0,0,0,0,9,0,0,0,0,6,6,0,16,0,0
7010,1000000US170311202001016,7,7,0,0,0,0,0,7,0,0,0,0,5,5,0,9,0,0
7011,1000000US170311202001017,8,8,0,0,0,0,0,8,0,0,0,0,4,4,0,15,0,0
7012,1000000US170311202001018,6,6,0,0,0,0,0,6,0,0,0,0,5,5,0,8,0,0
7013,1000000US170311202001019,10,10,0,0,0,0,0,10,0,0,0,0,5,5,0,14,0,0
7014,1000000US170311202001020,9,9,0,0,0,0,0,9,0,0,0,0,5,5,0,10,0,0
7015,1000000US170311202001021,13,12,0,0,0,0,1,12,0,1,1,0,7,7,0,13,0,0
7016,1000000US170311202001022,21,20,0,0,0,0,1,20,0,1,1,0,10,10,0,28,0,0
7017,1000000US170311202001023,41,40,0,0,0,0,1,40,0,1,1,1,22,22,0,63,0,0
7018,1000000US170311202001024,21,21,0,0,0,0,0,21,0,0,0,0,12,12,0,32,0,0
7019,1000000US170311202001025,0,0,0,0,0,0,0,0,0,0,0,0,0,0,0,0,0,0
7020,1000000US170311202001026,34,34,0,0,0,0,0,34,0,0,0,0,17,17,0,46,0,0
7021,1000000US170311202001027,0,0,0,0,0,0,0,0,0,0,0,0,0,0,0,0,0,0
7022,1000000US170311202001028,53,51,0,0,0,0,2,51,0,2,2,0,25,25,0,69,0,0
7023,1000000US170311202001029,21,17,0,1,2,0,1,20,0,1,4,0,11,11,0,31,1,0
7024,1000000US170311202001030,15,13,0,0,2,0,0,15,0,0,2,0,8,8,0,20,0,0
7025,1000000US170311202001031,17,15,2,0,0,0,0,17,0,0,2,0,7,7,0,23,0,0
7026,1000000US170311202001032,8,8,0,0,0,0,0,8,0,0,0,0,3,3,0,9,0,0
7027,1000000US170311202001033,9,7,0,0,0,0,2,7,0,2,2,0,5,5,0,15,0,0
7028,1000000US170311202001034,7,6,0,0,0,0,1,6,0,1,1,0,5,5,0,11,0,0
7029,1000000US170311202001035,33,25,1,0,5,0,1,32,0,1,8,3,26,26,0,35,0,1
7030,1000000US170311202001036,0,0,0,0,0,0,0,0,0,0,0,0,0,0,0,0,0,0
7031,1000000US170311202001037,18,18,0,0,0,0,0,18,0,0,0,0,10,10,0,22,0,0
7032,1000000US170311202001038,0,0,0,0,0,0,0,0,0,0,0,0,0,0,0,0,0,0
7033,1000000US170311202001039,0,0,0,0,0,0,0,0,0,0,0,0,0,0,0,0,0,0
7034,1000000US170311202001040,0,0,0,0,0,0,0,0,0,0,0,0,0,0,0,0,0,0
7035,1000000US170311202001041,0,0,0,0,0,0,0,0,0,0,0,0,0,0,0,0,0,0
7036,1000000US170311202001042,0,0,0,0,0,0,0,0,0,0,0,0,0,0,0,0,0,0
7037,1000000US170311202002000,0,0,0,0,0,0,0,0,0,0,0,0,0,0,0,0,0,0
7038,1000000US170311202002001,28,25,0,0,2,0,1,27,0,1,3,0,15,14,1,41,0,0
7039,1000000US170311202002002,25,24,0,0,1,0,0,25,0,0,1,0,15,15,0,27,0,0
7040,1000000US170311202002003,30,30,0,0,0,0,0,30,0,0,0,0,13,13,0,40,0,0
7041,1000000US170311202002004,23,23,0,0,0,0,0,23,0,0,0,0,13,12,1,31,0,0
7042,1000000US170311202002005,42,39,0,0,1,0,2,40,0,2,3,1,21,21,0,69,0,0
7043,1000000US170311202002006,42,30,0,0,10,0,2,40,0,2,12,0,22,21,1,52,0,0
7044,1000000US170311202002007,60,56,0,0,0,0,4,56,0,4,4,0,29,29,0,72,0,0
7045,1000000US170311202002008,4,4,0,0,0,0,0,4,0,0,0,0,3,3,0,4,0,0
7046,1000000US170311202002009,9,9,0,0,0,0,0,9,0,0,0,0,4,4,0,9,0,0
7047,1000000US170311202002010,0,0,0,0,0,0,0,0,0,0,0,0,1,0,1,0,0,0
7048,1000000US170311202002011,19,16,0,1,1,0,1,18,0,1,3,0,13,12,1,32,1,0
7049,1000000US170311202002012,12,12,0,0,0,0,0,12,0,0,0,0,7,7,0,19,0,0
7050,1000000US170311202002013,21,20,0,0,0,0,1,20,0,1,1,0,10,10,0,24,0,0
7051,1000000US170311202002014,11,5,0,1,5,1,1,10,0,1,6,1,6,6,0,16,1,0
7052,1000000US170311202002015,20,15,0,0,1,0,4,16,0,4,5,0,11,11,0,26,0,0
7053,1000000US170311202002016,15,15,0,0,0,0,0,15,0,0,0,0,9,9,0,21,0,0
7054,1000000US170311202002017,0,0,0,0,0,0,0,0,0,0,0,0,0,0,0,0,0,0
7055,1000000US170311202002018,2,0,0,0,2,0,0,2,0,0,2,0,1,1,0,2,0,0
7056,1000000US170311202002019,33,26,0,0,3,0,4,29,0,4,7,0,16,16,0,44,0,0
7057,1000000US170311202002020,27,26,0,0,1,0,0,27,0,0,1,0,10,10,0,29,0,0
7058,1000000US170311202002021,3,3,0,0,0,0,0,3,0,0,0,0,3,3,0,3,0,0
7059,1000000US170311202002022,0,0,0,0,0,0,0,0,0,0,0,0,0,0,0,0,0,0
7060,1000000US170311202002023,0,0,0,0,0,0,0,0,0,0,0,0,0,0,0,0,0,0
7061,1000000US170311202002024,37,29,0,0,3,0,5,32,0,5,8,0,28,22,6,41,0,0
7062,1000000US170311202002025,26,22,0,0,1,0,3,23,0,3,4,0,15,14,1,39,0,0
7063,1000000US170311202002026,21,16,0,0,5,0,0,21,0,0,5,0,11,11,0,27,0,0
7064,1000000US170311202002027,36,36,0,0,0,0,0,36,0,0,0,0,19,18,1,46,0,0
7065,1000000US170311202002028,34,29,0,0,1,0,4,30,0,4,5,0,17,16,1,50,0,0
7066,1000000US170311202002029,12,9,0,0,1,0,2,10,0,2,3,0,6,6,0,12,0,0
7067,1000000US170311202002030,14,14,0,0,0,0,0,14,0,0,0,0,7,7,0,14,0,0
7068,1000000US170311202002031,11,10,0,0,0,0,1,10,0,1,1,0,6,6,0,15,0,0
7069,1000000US170311202002032,11,11,0,0,0,0,0,11,0,0,0,0,6,5,1,15,0,0
7070,1000000US170311202002033,10,10,0,0,0,0,0,10,0,0,0,0,7,7,0,12,0,0
7071,1000000US170311202002034,4,2,0,0,2,0,0,4,0,0,2,1,2,2,0,6,0,0
7072,1000000US170311202002035,0,0,0,0,0,0,0,0,0,0,0,0,0,0,0,0,0,0
7073,1000000US170311202003000,83,76,1,0,2,0,4,79,0,4,7,0,45,40,5,108,0,0
7074,1000000US170311202003001,21,12,2,0,6,0,1,20,0,1,9,0,10,10,0,32,0,0
7075,1000000US170311202003002,3,2,0,0,0,0,1,2,0,1,1,0,3,3,0,3,0,0
7076,1000000US170311202003003,26,22,0,0,0,0,4,22,0,4,4,0,14,13,1,38,0,0
7077,1000000US170311202003004,26,25,0,0,0,0,1,25,0,1,1,0,12,12,0,33,0,0
7078,1000000US170311202003005,33,32,0,0,0,0,1,32,0,1,1,0,18,18,0,44,0,0
7079,1000000US170311202003006,31,30,1,0,0,0,0,31,0,0,1,0,16,15,1,36,0,0
7080,1000000US170311202003007,14,14,0,0,0,0,0,14,0,0,0,0,11,9,2,22,0,0
7081,1000000US170311202003008,21,17,0,0,4,0,0,21,0,0,4,0,11,11,0,36,0,0
7082,1000000US170311202003009,19,19,0,0,0,0,0,19,0,0,0,0,11,11,0,25,0,0
7083,1000000US170311202003010,28,20,0,0,6,0,2,26,0,2,8,0,14,14,0,40,0,0
7084,1000000US170311202003011,25,20,0,0,4,0,1,24,0,1,5,0,12,12,0,28,0,0
7085,1000000US170311202003012,27,26,0,0,1,0,0,27,0,0,1,0,13,12,1,39,0,0
7086,1000000US170311202003013,17,14,0,0,3,3,0,17,0,0,3,3,10,10,0,23,0,0
7087,1000000US170311202003014,28,25,0,0,2,0,1,27,0,1,3,2,13,13,0,33,0,0
7088,1000000US170311202003015,58,57,0,0,1,0,0,58,0,0,1,0,25,25,0,87,0,0
7089,1000000US170311202003016,25,25,0,0,0,0,0,25,0,0,0,0,12,11,1,29,0,0
7090,1000000US170311202003017,21,21,0,0,0,0,0,21,0,0,0,0,11,11,0,37,0,0
7091,1000000US170311202003018,35,26,0,4,5,0,4,31,0,4,9,5,13,13,0,39,0,0
7092,1000000US170311202003019,27,17,0,0,6,0,4,23,0,4,10,0,13,13,0,38,0,0
7093,1000000US170311202003020,12,10,0,0,1,0,1,11,0,1,2,0,6,6,0,16,0,0
7094,1000000US170311202003021,15,7,2,0,4,0,4,11,0,4,8,2,6,6,0,19,0,2
7095,1000000US170311202003022,15,7,0,0,8,0,0,15,0,0,8,0,8,8,0,23,0,0
7096,1000000US170311202003023,16,9,0,0,0,0,7,9,0,7,7,0,5,5,0,18,0,0
7097,1000000US170311202004000,10,10,0,0,0,0,0,10,0,0,0,0,7,6,1,12,0,0
7098,1000000US170311202004001,111,73,1,0,29,0,8,103,0,8,38,3,70,60,10,138,0,0
7099,1000000US170311202004002,36,28,0,0,8,0,0,36,0,0,8,0,17,17,0,45,0,0
7100,1000000US170311202004003,82,57,1,1,16,0,8,74,0,8,25,4,63,56,7,95,1,0
7101,1000000US170311202004004,10,5,0,0,0,0,5,5,0,5,5,1,6,6,0,18,0,0
7102,1000000US170311202004005,42,35,0,0,0,0,7,35,0,7,7,0,19,19,0,53,0,0
7103,1000000US170311202004006,39,21,1,0,12,0,5,34,0,5,18,6,19,19,0,56,0,0
7104,1000000US170311202004007,50,45,0,0,1,0,4,46,0,4,5,2,26,25,1,73,0,0
7105,1000000US170311202004008,4,4,0,0,0,0,0,4,0,0,0,0,1,1,0,4,0,0
7106,1000000US170311202004009,0,0,0,0,0,0,0,0,0,0,0,0,0,0,0,0,0,0
7107,1000000US170311202004010,0,0,0,0,0,0,0,0,0,0,0,0,0,0,0,0,0,0
7108,1000000US170311202004011,0,0,0,0,0,0,0,0,0,0,0,0,0,0,0,0,0,0
7109,1000000US170311202004012,136,107,0,1,17,0,11,125,0,11,29,1,70,68,2,183,1,0
7110,1000000US170311202004013,48,45,0,0,1,0,2,46,0,2,3,0,27,26,1,58,0,0
7111,1000000US170311202004014,34,29,0,0,0,0,5,29,0,5,5,0,17,15,2,51,0,0
7112,1000000US170311202004015,19,12,0,0,6,0,1,18,0,1,7,0,9,8,1,24,0,0
7113,1000000US170311202004016,91,85,0,0,3,0,3,88,0,3,6,0,47,47,0,132,0,0
7114,1000000US170311202004017,82,74,0,0,6,0,2,80,0,2,8,0,43,39,4,109,0,0
7115,1000000US170311202004018,13,8,0,0,3,0,2,11,0,2,5,0,7,7,0,15,0,0
7116,1000000US170311202004019,47,38,0,0,6,0,2,45,0,2,9,1,22,21,1,63,0,0
7117,1000000US170311202004020,0,0,0,0,0,0,0,0,0,0,0,0,0,0,0,0,0,0
7118,1000000US170311202004021,0,0,0,0,0,0,0,0,0,0,0,0,0,0,0,0,0,0
7119,1000000US170311202004022,0,0,0,0,0,0,0,0,0,0,0,0,0,0,0,0,0,0
7120,1000000US170311202004023,5,2,0,0,3,0,0,5,0,0,3,0,2,2,0,8,0,0
7121,1000000US170311203001000,0,0,0,0,0,0,0,0,0,0,0,0,0,0,0,0,0,0
7122,1000000US170311203001001,0,0,0,0,0,0,0,0,0,0,0,0,0,0,0,0,0,0
7123,1000000US170311203001002,29,9,0,0,17,0,3,26,0,3,20,0,15,15,0,32,0,0
7124,1000000US170311203001003,17,9,0,1,7,0,1,16,0,1,8,0,12,11,1,23,1,0
7125,1000000US170311203001004,20,9,0,0,11,0,0,20,0,0,11,0,9,9,0,24,0,0
7126,1000000US170311203001005,22,10,0,0,9,0,3,19,0,3,12,0,9,8,1,25,0,0
7127,1000000US170311203001006,27,6,0,0,19,0,2,25,0,2,21,0,9,8,1,33,0,0
7128,1000000US170311203001007,17,8,2,0,5,0,2,15,0,2,9,0,9,9,0,22,0,0
7129,1000000US170311203001008,27,8,2,0,17,0,0,27,0,0,19,0,9,9,0,35,0,0
7130,1000000US170311203001009,28,17,0,0,9,0,2,26,0,2,11,0,14,13,1,36,0,0
7131,1000000US170311203001010,27,16,0,0,9,0,2,25,0,2,11,0,14,14,0,32,0,0
7132,1000000US170311203001011,33,20,0,0,10,0,3,30,0,3,13,2,16,16,0,42,0,0
7133,1000000US170311203001012,42,37,0,0,0,0,5,37,0,5,5,1,19,18,1,59,0,0
7134,1000000US170311203001013,34,28,0,0,5,0,1,33,0,1,6,4,16,16,0,43,0,0
7135,1000000US170311203001014,26,24,0,0,2,0,0,26,0,0,2,0,14,14,0,30,0,0
7136,1000000US170311203001015,32,16,0,0,12,0,6,26,0,6,16,1,12,12,0,49,0,0
7137,1000000US170311203001016,34,22,1,2,8,1,0,34,0,0,12,4,14,13,1,39,0,0
7138,1000000US170311203001017,30,15,0,0,13,0,2,28,0,2,15,0,11,11,0,39,0,0
7139,1000000US170311203001018,25,14,0,0,11,0,0,25,0,0,11,1,12,11,1,34,0,0
7140,1000000US170311203001019,28,19,0,0,7,0,2,26,0,2,9,0,14,13,1,36,0,0
7141,1000000US170311203001020,31,21,0,0,2,0,8,23,0,8,10,1,15,14,1,40,0,0
7142,1000000US170311203001021,38,22,0,0,11,0,5,33,0,5,16,0,15,15,0,47,0,0
7143,1000000US170311203001022,23,15,0,0,3,0,5,18,0,5,8,2,13,13,0,30,0,0
7144,1000000US170311203001023,28,22,0,0,3,0,3,25,0,3,6,0,16,16,0,31,0,0
7145,1000000US170311203001024,32,25,0,1,4,2,2,30,0,2,7,2,13,12,1,36,1,0
7146,1000000US170311203001025,29,20,0,0,5,0,2,27,0,2,9,0,15,14,1,31,0,0
7147,1000000US170311203001026,26,22,0,0,3,0,1,25,0,1,4,0,16,14,2,37,0,0
7148,1000000US170311203001027,35,30,0,0,5,0,0,35,0,0,5,0,15,15,0,50,0,0
7149,1000000US170311203001028,33,20,0,0,12,0,1,32,0,1,13,0,14,13,1,50,0,0
7150,1000000US170311203001029,23,20,0,0,3,0,0,23,0,0,3,0,15,14,1,32,0,0
7151,1000000US170311203002000,42,29,1,1,10,0,1,41,0,1,13,0,16,16,0,53,1,0
7152,1000000US170311203002001,38,21,0,0,10,0,7,31,0,7,17,0,17,16,1,50,0,0
7153,1000000US170311203002002,31,19,0,0,8,0,4,27,0,4,12,0,15,15,0,46,0,0
7154,1000000US170311203002003,28,24,0,0,4,0,0,28,0,0,4,0,17,15,2,40,0,0
7155,1000000US170311203002004,38,28,0,0,10,0,0,38,0,0,10,0,17,17,0,43,0,0
7156,1000000US170311203002005,29,26,0,0,2,0,1,28,0,1,3,0,15,15,0,42,0,0
7157,1000000US170311203002006,34,28,0,0,5,0,0,34,0,0,6,1,18,18,0,38,0,0
7158,1000000US170311203002007,28,23,0,0,5,0,0,28,0,0,5,0,16,15,1,34,0,0
7159,1000000US170311203002008,38,25,0,0,10,0,3,35,0,3,13,0,18,17,1,46,0,0
7160,1000000US170311203002009,34,20,1,0,10,0,3,31,0,3,14,0,16,15,1,45,0,0
7161,1000000US170311203002010,24,17,1,0,0,0,6,18,0,6,7,0,13,12,1,38,0,0
7162,1000000US170311203002011,30,24,0,0,4,0,2,28,0,2,6,0,22,16,6,36,0,0
7163,1000000US170311203002012,3,3,0,0,0,0,0,3,0,0,0,0,2,2,0,5,0,0
7164,1000000US170311203002013,30,20,0,1,0,0,10,20,0,10,10,7,17,16,1,38,1,0
7165,1000000US170311203002014,26,12,0,0,11,0,1,25,0,1,14,1,16,15,1,31,0,0
7166,1000000US170311203002015,47,32,0,1,9,0,5,42,0,5,15,2,24,24,0,77,1,0
7167,1000000US170311203002016,33,16,7,0,8,0,3,30,0,3,17,2,18,17,1,54,0,1
7168,1000000US170311203002017,22,13,0,0,4,0,5,17,0,5,9,2,11,11,0,29,0,0
7169,1000000US170311203002018,12,11,0,0,0,0,1,11,0,1,1,0,7,7,0,23,0,0
7170,1000000US170311203002019,73,59,0,1,11,0,2,71,0,2,14,0,43,42,1,80,1,0
7171,1000000US170311203002020,65,54,2,0,7,0,2,63,0,2,11,0,33,33,0,77,0,0
7172,1000000US170311203002021,100,78,3,0,9,0,10,90,0,10,22,2,60,57,3,118,0,0
7173,1000000US170311203002022,23,15,0,0,0,0,8,15,0,8,8,0,10,10,0,27,0,0
7174,1000000US170311203002023,8,8,0,0,0,0,0,8,0,0,0,0,7,6,1,8,0,0
7175,1000000US170311203002024,6,5,0,0,1,0,1,5,0,1,1,1,3,3,0,11,0,0
7176,1000000US170311203002025,18,14,0,0,4,0,0,18,0,0,4,0,7,7,0,19,0,0
7177,1000000US170311203002026,32,28,0,0,3,0,1,31,0,1,4,0,14,13,1,40,0,0
7178,1000000US170311203002027,28,23,0,0,3,0,3,25,0,3,5,1,13,13,0,36,0,0
7179,1000000US170311203002028,23,7,0,0,12,0,4,19,0,4,16,0,11,10,1,31,0,0
7180,1000000US170311203003000,29,24,0,0,3,0,2,27,0,2,5,0,14,14,0,40,0,0
7181,1000000US170311203003001,26,25,0,0,0,0,1,25,0,1,1,0,12,11,1,37,0,0
7182,1000000US170311203003002,26,26,0,0,0,0,0,26,0,0,0,0,13,13,0,39,0,0
7183,1000000US170311203003003,32,29,0,0,1,0,2,30,0,2,3,0,19,18,1,50,0,0
7184,1000000US170311203003004,42,37,0,0,5,0,0,42,0,0,5,0,21,21,0,55,0,0
7185,1000000US170311203003005,31,29,0,0,1,0,1,30,0,1,2,0,17,17,0,49,0,0
7186,1000000US170311203003006,29,25,0,0,2,0,2,27,0,2,4,0,13,13,0,44,0,0
7187,1000000US170311203003007,30,26,0,0,0,0,4,26,0,4,4,0,15,14,1,47,0,0
7188,1000000US170311203003008,34,27,1,0,2,0,5,29,0,5,7,0,17,15,2,45,0,1
7189,1000000US170311203003009,32,28,0,0,0,0,4,28,0,4,4,0,17,16,1,44,0,0
7190,1000000US170311203003010,30,24,0,0,4,0,2,28,0,2,6,0,15,15,0,37,0,0
7191,1000000US170311203003011,38,37,0,0,1,0,0,38,0,0,1,0,26,23,3,40,0,0
7192,1000000US170311203003012,28,12,0,0,6,0,10,18,0,10,16,0,13,12,1,31,0,0
7193,1000000US170311203003013,39,34,0,0,2,0,3,36,0,3,5,3,18,18,0,46,0,0
7194,1000000US170311203003014,58,55,0,0,3,0,0,58,0,0,3,2,29,29,0,80,0,0
7195,1000000US170311203003015,59,55,0,0,0,0,4,55,0,4,4,0,30,29,1,78,0,0
7196,1000000US170311203003016,177,148,0,1,15,0,10,167,0,10,29,5,96,88,8,216,0,0
7197,1000000US170311203003017,0,0,0,0,0,0,0,0,0,0,0,0,0,0,0,0,0,0
7198,1000000US170311203003018,19,8,0,4,5,0,2,17,0,2,11,6,9,9,0,19,0,0
7199,1000000US170311203003019,16,7,0,0,6,0,3,13,0,3,9,0,7,7,0,21,0,0
7200,1000000US170311203003020,5,4,0,0,0,0,1,4,0,1,1,0,5,4,1,5,0,0
7201,1000000US170311203003021,17,16,0,0,0,0,1,16,0,1,1,0,8,8,0,22,0,0
7202,1000000US170311203003022,18,15,0,0,1,0,2,16,0,2,3,0,10,10,0,22,0,0
7203,1000000US170311203003023,13,13,0,0,0,0,0,13,0,0,0,0,7,7,0,20,0,0
7204,1000000US170311203003024,19,16,0,0,0,0,3,16,0,3,3,0,10,10,0,30,0,0
7205,1000000US170311203003025,19,18,1,0,0,0,0,19,0,0,1,0,11,11,0,26,0,0
7206,1000000US170311203003026,17,15,2,0,0,0,1,16,0,1,2,1,8,8,0,23,0,1
7207,1000000US170311203003027,19,14,0,0,3,0,2,17,0,2,5,0,12,12,0,34,0,0
7208,1000000US170311203003028,24,14,0,0,10,0,0,24,0,0,10,0,10,10,0,33,0,0
7209,1000000US170311203003029,46,42,0,0,2,0,2,44,0,2,4,2,24,24,0,52,0,0
7210,1000000US170311203003030,10,7,0,0,0,0,3,7,0,3,3,0,5,5,0,10,0,0
7211,1000000US170311203003031,13,12,1,1,0,0,0,13,0,0,1,1,6,6,0,15,1,0
7212,1000000US170311203003032,17,14,0,0,0,0,3,14,0,3,3,0,8,8,0,20,0,0
7213,1000000US170311203003033,13,8,0,0,2,0,3,10,0,3,5,0,6,6,0,18,0,0
7214,1000000US170311203003034,8,7,0,0,1,0,0,8,0,0,1,0,4,4,0,10,0,0
7215,1000000US170311203004000,9,2,2,0,2,0,3,6,0,3,7,0,4,4,0,14,0,0
7216,1000000US170311203004001,10,10,0,0,0,0,0,10,0,0,0,0,5,5,0,13,0,0
7217,1000000US170311203004002,8,8,0,0,0,0,0,8,0,0,0,0,4,4,0,10,0,0
7218,1000000US170311203004003,0,0,0,0,0,0,0,0,0,0,0,0,0,0,0,0,0,0
7219,1000000US170311203004004,21,18,0,0,3,0,0,21,0,0,3,0,10,10,0,27,0,0
7220,1000000US170311203004005,44,31,1,0,5,1,7,37,0,7,13,1,18,17,1,53,0,0
7221,1000000US170311203004006,0,0,0,0,0,0,0,0,0,0,0,0,0,0,0,0,0,0
7222,1000000US170311203004007,27,25,0,0,2,0,0,27,0,0,2,0,11,11,0,31,0,0
7223,1000000US170311203004008,51,27,3,0,12,0,9,42,0,9,24,1,42,34,8,72,0,0
7224,1000000US170311203004009,0,0,0,0,0,0,0,0,0,0,0,0,0,0,0,0,0,0
7225,1000000US170311203004010,0,0,0,0,0,0,0,0,0,0,0,0,0,0,0,0,0,0
7226,1000000US170311203004011,13,7,0,0,5,0,1,12,0,1,6,0,4,4,0,19,0,0
7227,1000000US170311203004012,11,5,0,0,4,0,2,9,0,2,6,0,5,4,1,14,0,0
7228,1000000US170311203004013,13,6,0,1,3,0,3,10,0,3,7,1,6,6,0,24,1,0
7229,1000000US170311203004014,50,42,0,0,3,0,5,45,0,5,8,1,23,23,0,70,0,0
7230,1000000US170311203004015,12,12,0,0,0,0,0,12,0,0,0,0,8,8,0,15,0,0
7231,1000000US170311203004016,39,30,0,0,5,0,4,35,0,4,9,1,20,19,1,61,0,0
7232,1000000US170311203004017,20,17,0,0,2,0,1,19,0,1,3,0,10,10,0,28,0,0
7233,1000000US170311203004018,0,0,0,0,0,0,0,0,0,0,0,0,0,0,0,0,0,0
7234,1000000US170311203004019,19,18,0,0,1,0,0,19,0,0,1,0,10,10,0,26,0,0
7235,1000000US170311203004020,12,12,0,0,0,0,0,12,0,0,0,0,8,7,1,20,0,0
7236,1000000US170311203004021,20,19,0,0,1,0,0,20,0,0,1,0,10,10,0,27,0,0
7237,1000000US170311203004022,18,16,0,0,2,0,0,18,0,0,2,1,11,10,1,24,0,0
7238,1000000US170311203004023,26,18,0,0,0,0,8,18,0,8,8,1,10,10,0,39,0,0
7239,1000000US170311203004024,16,16,0,0,0,0,0,16,0,0,0,0,10,10,0,17,0,0
7240,1000000US170311203004025,20,16,0,0,2,0,2,18,0,2,4,2,11,11,0,33,0,0
7241,1000000US170311203004026,12,7,0,0,3,0,2,10,0,2,5,0,6,6,0,12,0,0
7242,1000000US170311203004027,7,7,0,0,0,0,0,7,0,0,0,0,4,4,0,7,0,0
7243,1000000US170311203004028,23,17,0,0,3,0,3,20,0,3,6,0,11,10,1,28,0,0
7244,1000000US170311203004029,23,17,0,0,0,0,6,17,0,6,6,0,11,10,1,31,0,0
7245,1000000US170311203004030,3,3,0,0,0,0,0,3,0,0,0,0,2,2,0,3,0,0
7246,1000000US170311203004031,118,69,1,3,17,0,29,89,0,29,49,3,61,58,3,132,1,0
7247,1000000US170311203004032,8,6,0,0,2,0,0,8,0,0,2,0,3,3,0,11,0,0
7248,1000000US170311203004033,15,12,0,0,0,0,3,12,0,3,3,0,6,6,0,19,0,0
7249,1000000US170311203004034,19,17,0,0,0,0,2,17,0,2,2,0,9,8,1,21,0,0
7250,1000000US170311203005000,14,7,0,0,7,0,0,14,0,0,7,0,8,6,2,16,0,0
7251,1000000US170311203005001,22,8,2,0,12,0,0,22,0,0,14,0,9,9,0,26,0,0
7252,1000000US170311203005002,25,15,0,0,6,0,6,19,0,6,10,1,14,14,0,36,0,0
7253,1000000US170311203005003,20,11,0,0,7,0,2,18,0,2,9,0,10,9,1,26,0,0
7254,1000000US170311203005004,20,15,2,0,0,0,2,18,0,2,5,0,9,9,0,28,0,0
7255,1000000US170311203005005,38,21,0,0,13,0,4,34,0,4,17,2,19,19,0,58,0,0
7256,1000000US170311203005006,37,33,0,0,4,0,0,37,0,0,4,0,16,16,0,39,0,0
7257,1000000US170311203005007,35,24,1,0,7,0,3,32,0,3,11,1,16,16,0,48,0,0
7258,1000000US170311203005008,38,25,0,0,12,0,1,37,0,1,13,0,14,13,1,46,0,0
7259,1000000US170311203005009,9,9,0,0,0,0,0,9,0,0,0,0,5,5,0,13,0,0
7260,1000000US170311203005010,19,14,0,0,5,0,0,19,0,0,5,2,11,10,1,26,0,0
7261,1000000US170311203005011,39,37,0,0,2,0,0,39,0,0,2,0,23,20,3,48,0,0
7262,1000000US170311203005012,42,35,0,1,4,0,3,39,0,3,7,1,23,20,3,59,0,0
7263,1000000US170311203005013,13,13,0,0,0,0,0,13,0,0,0,0,7,6,1,17,0,0
7264,1000000US170311203005014,23,12,0,0,5,0,6,17,0,6,11,5,13,12,1,30,0,0
7265,1000000US170311203005015,22,19,0,0,2,0,1,21,0,1,3,0,14,13,1,27,0,0
7266,1000000US170311203005016,29,27,0,0,0,0,2,27,0,2,2,0,13,13,0,33,0,0
7267,1000000US170311203005017,30,17,0,0,9,0,4,26,0,4,13,3,16,15,1,44,0,0
7268,1000000US170311203005018,23,23,0,0,0,0,0,23,0,0,0,0,11,11,0,38,0,0
7269,1000000US170311203005019,25,25,0,0,0,0,0,25,0,0,0,0,13,12,1,37,0,0
7270,1000000US170311203005020,3,3,0,0,0,0,0,3,0,0,0,0,2,2,0,3,0,0
7271,1000000US170311203005021,53,45,0,0,5,0,5,48,0,5,8,2,23,23,0,83,0,0
7272,1000000US170311203005022,9,7,0,0,2,0,0,9,0,0,2,0,5,5,0,16,0,0
7273,1000000US170311203005023,35,32,0,0,1,0,2,33,0,2,3,0,14,14,0,50,0,0
7274,1000000US170311203005024,18,17,0,0,1,0,0,18,0,0,1,0,10,10,0,23,0,0
7275,1000000US170311203005025,35,11,0,0,16,0,8,27,0,8,24,0,18,18,0,40,0,0
7276,1000000US170311203005026,0,0,0,0,0,0,0,0,0,0,0,0,0,0,0,0,0,0
7277,1000000US170311203006000,345,204,5,3,99,0,35,310,0,35,141,9,191,186,5,422,3,0
7278,1000000US170311203006001,5,4,0,0,1,0,0,5,0,0,1,0,0,0,0,5,0,0
7279,1000000US170311203006002,49,35,0,1,7,0,6,43,0,6,14,1,26,26,0,68,0,0
7280,1000000US170311203006003,39,36,0,0,2,0,1,38,0,1,3,0,17,17,0,56,0,0
7281,1000000US170311203006004,41,40,0,0,0,0,1,40,0,1,1,0,17,17,0,50,0,0
7282,1000000US170311203006005,29,25,0,0,4,0,0,29,0,0,4,0,12,12,0,37,0,0
7283,1000000US170311203006006,46,38,0,0,5,0,3,43,0,3,8,0,20,20,0,64,0,0
7284,1000000US170311203006007,27,24,0,0,3,0,0,27,0,0,3,0,13,13,0,38,0,0
7285,1000000US170311203006008,22,20,0,0,1,0,0,22,0,0,2,0,12,12,0,30,0,0
7286,1000000US170311203006009,18,17,0,0,0,0,1,17,0,1,1,0,11,10,1,30,0,0
7287,1000000US170311203006010,31,29,0,0,2,0,0,31,0,0,2,0,13,13,0,37,0,0
7288,1000000US170311203006011,39,34,2,0,0,0,3,36,0,3,5,0,20,19,1,65,0,0
7289,1000000US170311203006012,44,43,0,0,0,0,1,43,0,1,1,0,20,19,1,62,0,0
7290,1000000US170311204001000,0,0,0,0,0,0,0,0,0,0,0,0,0,0,0,0,0,0
7291,1000000US170311204001001,31,24,0,0,6,0,1,30,0,1,7,0,19,17,2,42,0,0
7292,1000000US170311204001002,30,23,1,2,3,1,2,28,0,2,7,3,17,16,1,46,0,0
7293,1000000US170311204001003,24,20,0,0,0,0,4,20,0,4,4,0,14,14,0,32,0,0
7294,1000000US170311204001004,30,26,0,0,3,0,1,29,0,1,4,1,15,15,0,40,0,0
7295,1000000US170311204001005,11,11,0,0,0,0,0,11,0,0,0,0,7,6,1,15,0,0
7296,1000000US170311204001006,68,53,0,0,2,0,13,55,0,13,15,0,33,31,2,96,0,0
7297,1000000US170311204001007,0,0,0,0,0,0,0,0,0,0,0,0,0,0,0,0,0,0
7298,1000000US170311204001008,31,24,0,0,4,0,3,28,0,3,7,0,15,15,0,33,0,0
7299,1000000US170311204001009,15,12,0,0,1,0,2,13,0,2,3,0,9,9,0,20,0,0
7300,1000000US170311204001010,15,14,0,0,1,0,0,15,0,0,1,0,8,8,0,24,0,0
7301,1000000US170311204001011,12,12,0,0,0,0,0,12,0,0,0,0,6,6,0,18,0,0
7302,1000000US170311204001012,11,11,0,0,0,0,0,11,0,0,0,0,6,6,0,19,0,0
7303,1000000US170311204001013,16,16,0,0,0,0,0,16,0,0,0,0,8,8,0,21,0,0
7304,1000000US170311204001014,28,21,0,0,4,0,3,25,0,3,7,3,15,15,0,42,0,0
7305,1000000US170311204001015,13,8,1,0,2,0,3,10,0,3,5,1,7,6,1,18,0,0
7306,1000000US170311204001016,20,20,0,0,0,0,0,20,0,0,0,0,9,9,0,27,0,0
7307,1000000US170311204001017,19,16,0,0,3,0,0,19,0,0,3,0,9,9,0,26,0,0
7308,1000000US170311204001018,13,9,0,0,4,0,0,13,0,0,4,0,8,6,2,15,0,0
7309,1000000US170311204001019,19,19,0,0,0,0,0,19,0,0,0,0,11,11,0,25,0,0
7310,1000000US170311204001020,44,36,0,0,3,0,5,39,0,5,8,3,25,23,2,51,0,0
7311,1000000US170311204001021,18,10,0,0,6,0,2,16,0,2,8,2,10,9,1,18,0,0
7312,1000000US170311204001022,23,5,0,0,9,0,11,12,0,11,18,4,10,9,1,25,0,0
7313,1000000US170311204001023,54,49,0,0,2,0,3,51,0,3,5,0,27,27,0,64,0,0
7314,1000000US170311204001024,50,42,4,1,3,0,1,49,0,1,8,2,26,26,0,68,0,0
7315,1000000US170311204001025,52,46,0,0,4,0,2,50,0,2,6,0,25,25,0,64,0,0
7316,1000000US170311204001026,17,17,0,0,0,0,0,17,0,0,0,0,10,9,1,19,0,0
7317,1000000US170311204001027,19,19,0,0,0,0,0,19,0,0,0,0,9,9,0,25,0,0
7318,1000000US170311204002000,62,31,0,0,24,0,6,56,0,6,31,4,22,22,0,79,0,0
7319,1000000US170311204002001,50,35,0,0,7,0,8,42,0,8,15,1,24,24,0,72,0,0
7320,1000000US170311204002002,42,38,1,0,0,0,3,39,0,3,4,0,24,24,0,63,0,0
7321,1000000US170311204002003,47,42,0,0,0,0,5,42,0,5,5,0,22,22,0,71,0,0
7322,1000000US170311204002004,16,11,0,0,0,0,5,11,0,5,5,0,8,8,0,18,0,0
7323,1000000US170311204002005,18,18,0,0,0,0,0,18,0,0,0,0,11,11,0,20,0,0
7324,1000000US170311204002006,7,7,0,0,0,0,0,7,0,0,0,0,4,4,0,10,0,0
7325,1000000US170311204002007,1,1,0,0,0,0,0,1,0,0,0,0,2,1,1,1,0,0
7326,1000000US170311204002008,13,11,0,0,0,0,2,11,0,2,2,0,7,7,0,18,0,0
7327,1000000US170311204002009,39,32,0,0,0,0,7,32,0,7,7,0,21,21,0,46,0,0
7328,1000000US170311204002010,24,23,0,0,1,0,0,24,0,0,1,0,14,12,2,32,0,0
7329,1000000US170311204002011,10,6,0,0,0,0,4,6,0,4,4,0,5,5,0,14,0,0
7330,1000000US170311204002012,47,33,1,0,7,0,6,41,0,6,14,0,25,23,2,55,0,0
7331,1000000US170311204002013,1,1,0,0,0,0,0,1,0,0,0,0,1,1,0,1,0,0
7332,1000000US170311204002014,0,0,0,0,0,0,0,0,0,0,0,0,0,0,0,0,0,0
7333,1000000US170311204002015,133,69,6,3,15,0,44,89,0,44,64,11,77,68,9,165,1,2
7334,1000000US170311204002016,21,7,1,0,4,0,9,12,0,9,14,0,9,9,0,24,0,0
7335,1000000US170311204002017,63,22,4,0,10,1,27,36,0,27,41,7,35,32,3,83,0,1
7336,1000000US170311204002018,3,0,0,0,0,0,3,0,0,3,3,0,1,1,0,3,0,0
7337,1000000US170311204002019,27,6,0,0,14,0,7,20,0,7,21,0,9,9,0,38,0,0
7338,1000000US170311204002020,14,6,0,0,8,2,0,14,0,0,8,2,6,6,0,21,0,0
7339,1000000US170311204002021,39,22,1,0,8,0,8,31,0,8,17,0,19,18,1,56,0,0
7340,1000000US170311204002022,30,6,0,0,15,0,9,21,0,9,24,0,13,13,0,38,0,0
7341,1000000US170311204002023,38,29,1,0,2,0,6,32,0,6,9,0,20,17,3,51,0,0
7342,1000000US170311204002024,3,3,0,0,0,0,0,3,0,0,0,0,3,2,1,3,0,0
7343,1000000US170311204002025,6,3,0,0,0,0,3,3,0,3,3,0,4,3,1,8,0,0
7344,1000000US170311204002026,21,12,2,0,0,0,9,12,0,9,9,0,15,12,3,24,0,2
7345,1000000US170311204002027,60,37,0,0,13,0,10,50,0,10,23,5,24,22,2,83,0,0
7346,1000000US170311204002028,8,7,0,0,0,0,1,7,0,1,1,0,4,4,0,14,0,0
7347,1000000US170311204003000,0,0,0,0,0,0,0,0,0,0,0,0,0,0,0,0,0,0
7348,1000000US170311204003001,18,8,0,0,0,0,10,8,0,10,10,0,8,8,0,24,0,0
7349,1000000US170311204003002,125,70,2,0,13,0,40,85,0,40,55,3,60,58,2,153,0,0
7350,1000000US170311204003003,84,42,2,0,11,0,29,55,0,29,42,0,47,42,5,108,0,0
7351,1000000US170311204003004,8,4,0,0,0,0,4,4,0,4,4,0,5,5,0,15,0,0
7352,1000000US170311204003005,36,20,0,0,14,0,4,32,0,4,16,5,16,16,0,48,0,0
7353,1000000US170311204003006,35,13,0,0,8,0,14,21,0,14,22,0,17,17,0,58,0,0
7354,1000000US170311204003007,32,21,0,0,6,0,5,27,0,5,11,0,17,16,1,36,0,0
7355,1000000US170311204003008,41,25,0,1,6,0,9,32,0,9,16,0,16,15,1,52,1,0
7356,1000000US170311204003009,72,26,3,1,13,0,32,40,0,32,46,3,36,32,4,103,1,1
7357,1000000US170311204003010,27,16,0,2,4,1,6,21,0,6,11,3,13,12,1,31,1,0
7358,1000000US170311204003011,62,38,0,0,15,0,9,53,0,9,24,0,28,27,1,72,0,0
7359,1000000US170311204003012,25,12,2,0,8,0,3,22,0,3,13,0,10,10,0,31,0,0
7360,1000000US170311204003013,33,17,0,0,3,0,13,20,0,13,16,0,15,14,1,42,0,0
7361,1000000US170311204003014,19,7,0,0,0,0,12,7,0,12,12,0,10,9,1,26,0,0
7362,1000000US170311204003015,51,23,0,2,12,0,14,37,0,14,28,5,30,27,3,78,1,0
7363,1000000US170311204003016,71,19,0,0,28,0,24,47,0,24,52,2,22,22,0,83,0,0
7364,1000000US170311204003017,57,28,0,0,20,0,9,48,0,9,29,1,23,23,0,69,0,0
7365,1000000US170311204003018,66,23,2,0,0,0,41,25,0,41,43,1,33,29,4,93,0,0
7366,1000000US170311204003019,69,49,0,0,7,0,13,56,0,13,20,0,38,32,6,82,0,0
7367,1000000US170311204003020,13,11,0,0,1,0,1,12,0,1,2,0,5,5,0,18,0,0
7368,1000000US170311204003021,55,16,4,0,20,0,16,39,0,16,39,2,27,26,1,70,0,1
7369,1000000US170311204003022,66,34,0,1,11,0,20,46,0,20,32,1,33,33,0,83,0,0
7370,1000000US170311204003023,0,0,0,0,0,0,0,0,0,0,0,0,0,0,0,0,0,0
7371,1000000US170311204003024,108,32,2,0,28,0,46,62,0,46,76,0,49,48,1,136,0,0
7372,1000000US170311301001000,0,0,0,0,0,0,0,0,0,0,0,0,0,0,0,0,0,0
7373,1000000US170311301001001,31,20,0,0,10,0,1,30,0,1,11,2,18,17,1,42,0,0
7374,1000000US170311301001002,49,23,0,2,19,0,7,42,0,7,26,4,23,22,1,59,2,0
7375,1000000US170311301001003,37,26,0,0,6,0,5,32,0,5,11,0,22,19,3,42,0,0
7376,1000000US170311301001004,13,9,0,0,4,0,0,13,0,0,4,0,7,6,1,18,0,0
7377,1000000US170311301001005,29,10,2,2,16,0,3,26,0,3,19,2,13,12,1,36,0,2
7378,1000000US170311301001006,59,26,1,0,22,0,12,47,0,12,33,6,17,16,1,77,0,1
7379,1000000US170311301001007,23,6,0,0,11,0,6,17,0,6,17,1,9,9,0,34,0,0
7380,1000000US170311301001008,36,31,2,0,3,0,0,36,0,0,5,0,13,13,0,49,0,0
7381,1000000US170311301001009,32,7,0,0,25,0,0,32,0,0,25,0,13,13,0,40,0,0
7382,1000000US170311301001010,36,18,0,0,12,0,4,32,0,4,18,0,13,12,1,51,0,0
7383,1000000US170311301001011,38,29,3,0,9,0,0,38,0,0,9,3,14,13,1,48,0,0
7384,1000000US170311301001012,31,22,0,0,7,2,0,31,0,0,9,4,12,12,0,53,0,0
7385,1000000US170311301001013,37,15,0,0,19,0,3,34,0,3,22,0,14,14,0,47,0,0
7386,1000000US170311301001014,27,16,0,0,11,0,0,27,0,0,11,2,13,13,0,34,0,0
7387,1000000US170311301001015,36,32,0,0,4,0,0,36,0,0,4,0,13,13,0,42,0,0
7388,1000000US170311301001016,26,18,0,0,8,0,0,26,0,0,8,0,12,12,0,38,0,0
7389,1000000US170311301001017,28,22,0,0,6,0,0,28,0,0,6,0,12,12,0,34,0,0
7390,1000000US170311301001018,42,30,0,0,12,0,0,42,0,0,12,0,16,16,0,50,0,0
7391,1000000US170311301001019,35,22,0,0,8,0,0,35,0,0,13,0,13,13,0,50,0,0
7392,1000000US170311301001020,51,24,0,0,26,0,1,50,0,1,27,3,18,17,1,78,0,0
7393,1000000US170311301001021,39,19,3,0,17,0,0,39,0,0,20,0,18,18,0,48,0,0
7394,1000000US170311301001022,39,15,2,0,15,0,7,32,0,7,24,0,18,18,0,44,0,0
7395,1000000US170311301001023,39,20,0,1,18,0,1,38,0,1,19,0,17,16,1,47,1,0
7396,1000000US170311301001024,0,0,0,0,0,0,0,0,0,0,0,0,0,0,0,0,0,0
7397,1000000US170311301001025,58,22,0,0,36,0,0,58,0,0,36,0,18,18,0,73,0,0
7398,1000000US170311301001026,36,24,0,0,11,0,1,35,0,1,12,2,17,17,0,46,0,0
7399,1000000US170311301001027,39,16,0,0,23,0,0,39,0,0,23,0,17,17,0,44,0,0
7400,1000000US170311301002000,23,23,0,0,0,0,0,23,0,0,0,0,12,12,0,28,0,0
7401,1000000US170311301002001,39,26,1,0,7,0,6,33,0,6,13,1,18,16,2,51,0,1
7402,1000000US170311301002002,36,32,2,0,1,1,0,36,0,0,4,0,17,16,1,45,0,0
7403,1000000US170311301002003,117,100,1,0,15,1,1,116,0,1,17,1,8,8,0,120,0,0
7404,1000000US170311301002004,19,17,0,0,1,0,1,18,0,1,2,0,8,8,0,22,0,0
7405,1000000US170311301002005,13,8,0,0,1,0,5,8,0,5,5,0,6,5,1,18,0,0
7406,1000000US170311301002006,32,21,0,0,6,0,5,27,0,5,11,0,11,11,0,36,0,0
7407,1000000US170311301002007,24,16,0,0,4,0,4,20,0,4,8,0,11,11,0,28,0,0
7408,1000000US170311301002008,30,21,0,0,9,0,0,30,0,0,9,0,15,14,1,38,0,0
7409,1000000US170311301002009,47,26,0,0,12,0,9,38,0,9,21,1,17,17,0,55,0,0
7410,1000000US170311301002010,10,5,0,0,3,0,2,8,0,2,5,0,4,4,0,11,0,0
7411,1000000US170311301002011,50,32,0,0,18,0,0,50,0,0,18,0,17,17,0,60,0,0
7412,1000000US170311301002012,19,1,0,0,9,0,9,10,0,9,18,0,7,7,0,27,0,0
7413,1000000US170311301002013,214,131,5,0,64,0,12,202,0,12,83,46,19,16,3,225,0,0
7414,1000000US170311301002014,44,13,0,0,26,0,5,39,0,5,31,5,18,18,0,55,0,0
7415,1000000US170311301002015,624,356,1,5,230,0,35,589,0,35,268,16,493,491,2,624,1,0
7416,1000000US170311301002016,0,0,0,0,0,0,0,0,0,0,0,0,0,0,0,0,0,0
7417,1000000US170311301002017,18,5,0,0,13,0,0,18,0,0,13,0,6,6,0,23,0,0
7418,1000000US170311301002018,29,16,0,0,12,0,1,28,0,1,13,3,12,12,0,46,0,0
7419,1000000US170311301002019,25,17,0,0,6,0,2,23,0,2,8,0,11,11,0,41,0,0
7420,1000000US170311301002020,419,295,0,1,107,0,18,401,0,18,124,3,321,315,6,421,0,0
7421,1000000US170311301003000,132,73,10,2,22,1,26,106,0,26,59,4,102,101,1,132,2,1
7422,1000000US170311301003001,28,5,0,0,15,0,8,20,0,8,23,0,7,7,0,35,0,0
7423,1000000US170311301003002,0,0,0,0,0,0,0,0,0,0,0,0,0,0,0,0,0,0
7424,1000000US170311301003003,0,0,0,0,0,0,0,0,0,0,0,0,0,0,0,0,0,0
7425,1000000US170311301003004,1,0,0,0,1,0,0,1,0,0,1,0,1,1,0,1,0,0
7426,1000000US170311301003005,0,0,0,0,0,0,0,0,0,0,0,0,0,0,0,0,0,0
7427,1000000US170311301003006,22,4,0,0,14,0,4,18,0,4,18,2,13,11,2,28,0,0
7428,1000000US170311301003007,0,0,0,0,0,0,0,0,0,0,0,0,0,0,0,0,0,0
7429,1000000US170311301003008,0,0,0,0,0,0,0,0,0,0,0,0,0,0,0,0,0,0
7430,1000000US170311301003009,14,14,0,0,0,0,0,14,0,0,0,0,5,5,0,22,0,0
7431,1000000US170311301003010,23,10,0,0,13,0,0,23,0,0,13,0,10,10,0,33,0,0
7432,1000000US170311301003011,31,29,0,0,2,0,0,31,0,0,2,0,13,13,0,54,0,0
7433,1000000US170311301003012,34,24,0,0,8,0,2,32,0,2,10,0,13,13,0,44,0,0
7434,1000000US170311301003013,9,9,0,0,0,0,0,9,0,0,0,0,3,3,0,9,0,0
7435,1000000US170311301003014,21,11,0,0,10,0,0,21,0,0,10,0,8,7,1,24,0,0
7436,1000000US170311301003015,30,24,0,0,6,0,0,30,0,0,6,0,11,10,1,34,0,0
7437,1000000US170311301003016,22,20,0,0,1,0,1,21,0,1,2,0,13,12,1,30,0,0
7438,1000000US170311301003017,25,23,0,0,2,0,0,25,0,0,2,0,13,13,0,35,0,0
7439,1000000US170311301003018,37,28,0,0,9,0,0,37,0,0,9,0,16,16,0,53,0,0
7440,1000000US170311301003019,36,29,0,0,7,0,0,36,0,0,7,3,15,15,0,62,0,0
7441,1000000US170311301003020,24,18,2,0,0,0,4,20,0,4,6,0,12,11,1,37,0,0
7442,1000000US170311301003021,33,22,1,1,9,0,1,32,0,1,11,4,15,15,0,56,1,0
7443,1000000US170311301003022,42,37,0,0,5,0,0,42,0,0,5,0,12,12,0,55,0,0
7444,1000000US170311301003023,28,20,0,0,4,0,4,24,0,4,8,0,13,13,0,43,0,0
7445,1000000US170311301003024,27,21,0,0,6,0,0,27,0,0,6,0,13,13,0,38,0,0
7446,1000000US170311301003025,32,24,0,0,6,0,2,30,0,2,8,0,13,13,0,42,0,0
7447,1000000US170311301003026,27,8,0,0,16,0,3,24,0,3,19,0,14,11,3,34,0,0
7448,1000000US170311301003027,26,22,0,3,1,0,3,23,0,3,4,4,13,13,0,36,2,0
7449,1000000US170311301003028,51,11,1,0,33,0,6,45,0,6,40,0,19,18,1,59,0,0
7450,1000000US170311301003029,48,21,1,0,20,0,6,42,0,6,27,2,18,18,0,53,0,0
7451,1000000US170311301003030,0,0,0,0,0,0,0,0,0,0,0,0,0,0,0,0,0,0
7452,1000000US170311301003031,27,11,0,0,14,0,2,25,0,2,16,0,11,11,0,32,0,0
7453,1000000US170311301003032,17,7,0,0,7,0,3,14,0,3,10,0,6,6,0,19,0,0
7454,1000000US170311301003033,18,11,0,0,7,0,0,18,0,0,7,0,10,9,1,23,0,0
7455,1000000US170311301003034,29,19,0,0,10,0,0,29,0,0,10,0,10,10,0,41,0,0
7456,1000000US170311301003035,28,16,0,0,6,0,6,22,0,6,12,2,10,10,0,48,0,0
7457,1000000US170311301003036,2,1,0,0,1,0,0,2,0,0,1,1,1,1,0,4,0,0
7458,1000000US170311301003037,6,2,1,0,3,0,0,6,0,0,4,0,2,2,0,7,0,0
7459,1000000US170311301003038,21,15,0,0,2,0,4,17,0,4,6,0,12,10,2,31,0,0
7460,1000000US170311301003039,28,9,0,0,16,0,3,25,0,3,19,3,13,13,0,29,0,0
7461,1000000US170311301003040,24,14,1,0,9,0,0,24,0,0,10,0,10,10,0,25,0,0
7462,1000000US170311301003041,20,20,0,0,0,0,0,20,0,0,0,0,8,8,0,21,0,0
7463,1000000US170311301003042,19,15,0,0,3,0,1,18,0,1,4,1,9,9,0,23,0,0
7464,1000000US170311301003043,30,20,0,0,10,0,0,30,0,0,10,0,12,11,1,37,0,0
7465,1000000US170311301003044,22,17,2,0,3,0,0,22,0,0,5,1,11,10,1,35,0,0
7466,1000000US170311301003045,24,22,0,0,2,0,0,24,0,0,2,0,11,11,0,34,0,0
7467,1000000US170311301003046,34,24,0,1,9,0,0,34,0,0,10,0,15,15,0,48,1,0
7468,1000000US170311301003047,44,26,3,0,7,0,8,36,0,8,18,0,16,16,0,62,0,0
7469,1000000US170311301003048,41,22,0,0,13,0,6,35,0,6,19,0,16,16,0,58,0,0
7470,1000000US170311301003049,22,22,0,0,0,0,0,22,0,0,0,0,15,13,2,34,0,0
7471,1000000US170311301003050,30,30,0,0,0,0,0,30,0,0,0,0,11,11,0,52,0,0
7472,1000000US170311301003051,27,27,0,0,0,0,0,27,0,0,0,0,12,12,0,68,0,0
7473,1000000US170311301003052,29,19,0,0,10,0,0,29,0,0,10,0,11,11,0,44,0,0
7474,1000000US170311301003053,0,0,0,0,0,0,0,0,0,0,0,0,0,0,0,0,0,0
7475,1000000US170311301003054,2,1,0,0,0,0,1,1,0,1,1,0,1,1,0,2,0,0
7476,1000000US170311301003055,0,0,0,0,0,0,0,0,0,0,0,0,0,0,0,0,0,0
7477,1000000US170311301003056,21,1,0,0,15,0,5,16,0,5,20,0,7,7,0,26,0,0
7478,1000000US170311301003057,29,9,0,0,18,0,2,27,0,2,20,0,13,12,1,43,0,0
7479,1000000US170311301003058,33,17,0,0,16,0,0,33,0,0,16,0,13,11,2,40,0,0
7480,1000000US170311302001000,0,0,0,0,0,0,0,0,0,0,0,0,0,0,0,0,0,0
7481,1000000US170311302001001,0,0,0,0,0,0,0,0,0,0,0,0,0,0,0,0,0,0
7482,1000000US170311302001002,0,0,0,0,0,0,0,0,0,0,0,0,0,0,0,0,0,0
7483,1000000US170311302001003,0,0,0,0,0,0,0,0,0,0,0,0,0,0,0,0,0,0
7484,1000000US170311302001004,0,0,0,0,0,0,0,0,0,0,0,0,0,0,0,0,0,0
7485,1000000US170311302001005,0,0,0,0,0,0,0,0,0,0,0,0,0,0,0,0,0,0
7486,1000000US170311302001006,0,0,0,0,0,0,0,0,0,0,0,0,0,0,0,0,0,0
7487,1000000US170311302001007,0,0,0,0,0,0,0,0,0,0,0,0,0,0,0,0,0,0
7488,1000000US170311302001008,0,0,0,0,0,0,0,0,0,0,0,0,0,0,0,0,0,0
7489,1000000US170311302001009,0,0,0,0,0,0,0,0,0,0,0,0,1,0,1,0,0,0
7490,1000000US170311302001010,14,11,0,0,3,0,0,14,0,0,3,3,6,6,0,17,0,0
7491,1000000US170311302001011,27,24,0,0,0,0,3,24,0,3,3,0,14,14,0,35,0,0
7492,1000000US170311302001012,27,15,0,1,3,0,8,19,0,8,12,0,14,14,0,31,1,0
7493,1000000US170311302001013,19,6,1,0,5,0,7,12,0,7,13,0,12,11,1,22,0,0
7494,1000000US170311302001014,5,4,0,0,1,0,0,5,0,0,1,0,2,2,0,10,0,0
7495,1000000US170311302001015,33,28,0,2,3,0,0,33,0,0,5,3,20,18,2,38,0,0
7496,1000000US170311302001016,36,31,0,0,4,0,5,31,0,5,5,0,20,20,0,43,0,0
7497,1000000US170311302001017,26,20,0,0,2,0,4,22,0,4,6,0,17,15,2,31,0,0
7498,1000000US170311302001018,10,10,0,0,0,0,0,10,0,0,0,0,5,5,0,12,0,0
7499,1000000US170311302001019,506,357,5,3,100,0,42,464,0,42,149,6,328,318,10,598,1,0
7500,1000000US170311302001020,58,39,3,1,3,0,12,46,0,12,19,0,29,29,0,94,1,0
7501,1000000US170311302001021,0,0,0,0,0,0,0,0,0,0,0,0,0,0,0,0,0,0
7502,1000000US170311302001022,35,26,1,2,0,0,8,27,0,8,9,3,28,24,4,48,1,1
7503,1000000US170311302001023,52,22,0,0,0,0,30,22,0,30,30,0,21,20,1,77,0,0
7504,1000000US170311302001024,55,26,0,0,1,0,28,27,0,28,29,0,28,26,2,84,0,0
7505,1000000US170311302001025,38,18,1,2,4,0,13,25,0,13,20,3,27,23,4,50,1,0
7506,1000000US170311302001026,46,23,0,0,8,0,15,31,0,15,23,7,28,22,6,63,0,0
7507,1000000US170311302001027,38,22,0,0,2,0,14,24,0,14,16,1,26,21,5,59,0,0
7508,1000000US170311302001028,0,0,0,0,0,0,0,0,0,0,0,0,0,0,0,0,0,0
7509,1000000US170311302001029,0,0,0,0,0,0,0,0,0,0,0,0,0,0,0,0,0,0
7510,1000000US170311302001030,0,0,0,0,0,0,0,0,0,0,0,0,0,0,0,0,0,0
7511,1000000US170311302001031,0,0,0,0,0,0,0,0,0,0,0,0,0,0,0,0,0,0
7512,1000000US170311302001032,0,0,0,0,0,0,0,0,0,0,0,0,0,0,0,0,0,0
7513,1000000US170311302001033,32,7,4,0,14,0,8,24,0,8,25,0,20,13,7,38,0,1
7514,1000000US170311302001034,14,9,0,0,2,0,3,11,0,3,5,0,9,9,0,18,0,0
7515,1000000US170311302001035,9,4,0,0,4,0,1,8,0,1,5,0,4,4,0,13,0,0
7516,1000000US170311302001036,0,0,0,0,0,0,0,0,0,0,0,0,0,0,0,0,0,0
7517,1000000US170311302001037,0,0,0,0,0,0,0,0,0,0,0,0,0,0,0,0,0,0
7518,1000000US170311302001038,0,0,0,0,0,0,0,0,0,0,0,0,0,0,0,0,0,0
7519,1000000US170311302001039,0,0,0,0,0,0,0,0,0,0,0,0,0,0,0,0,0,0
7520,1000000US170311302001040,0,0,0,0,0,0,0,0,0,0,0,0,0,0,0,0,0,0
7521,1000000US170311302001041,21,19,1,0,0,0,1,20,0,1,2,0,12,11,1,31,0,0
7522,1000000US170311303001000,163,54,2,0,97,0,7,156,0,7,109,11,68,62,6,200,0,0
7523,1000000US170311303001001,91,42,7,2,18,2,23,68,0,23,49,3,48,48,0,118,2,1
7524,1000000US170311303001002,30,5,0,0,25,0,0,30,0,0,25,0,15,14,1,45,0,0
7525,1000000US170311303001003,33,22,3,0,5,0,3,30,0,3,11,0,25,21,4,43,0,0
7526,1000000US170311303001004,11,5,0,0,0,0,6,5,0,6,6,0,5,5,0,13,0,0
7527,1000000US170311303001005,0,0,0,0,0,0,0,0,0,0,0,0,0,0,0,0,0,0
7528,1000000US170311303001006,128,46,12,0,46,0,24,104,0,24,82,7,75,60,15,176,0,1
7529,1000000US170311303001007,33,25,1,0,6,0,1,32,0,1,8,0,11,11,0,41,0,0
7530,1000000US170311303001008,24,1,2,0,7,1,14,10,0,14,23,3,13,12,1,34,0,1
7531,1000000US170311303002000,0,0,0,0,0,0,0,0,0,0,0,0,0,0,0,0,0,0
7532,1000000US170311303002001,0,0,0,0,0,0,0,0,0,0,0,0,0,0,0,0,0,0
7533,1000000US170311303002002,28,19,0,0,0,0,9,19,0,9,9,0,11,11,0,32,0,0
7534,1000000US170311303002003,22,15,0,0,7,0,0,22,0,0,7,4,12,12,0,23,0,0
7535,1000000US170311303002004,75,52,1,0,19,0,1,74,0,1,23,0,29,27,2,91,0,0
7536,1000000US170311303002005,45,32,3,0,8,0,1,44,0,1,13,2,18,17,1,60,0,0
7537,1000000US170311303002006,38,30,1,0,7,0,1,37,0,1,8,2,18,17,1,57,0,0
7538,1000000US170311303002007,22,10,2,0,9,0,1,21,0,1,12,3,12,11,1,29,0,0
7539,1000000US170311303002008,29,20,0,0,7,0,2,27,0,2,9,0,13,13,0,42,0,0
7540,1000000US170311303002009,34,22,0,0,9,0,3,31,0,3,12,0,15,15,0,43,0,0
7541,1000000US170311303002010,22,17,3,0,1,0,2,20,0,2,5,0,15,14,1,29,0,1
7542,1000000US170311303002011,48,24,0,0,0,0,24,24,0,24,24,2,19,18,1,67,0,0
7543,1000000US170311303002012,40,32,0,0,7,0,3,37,0,3,8,1,19,19,0,52,0,0
7544,1000000US170311303002013,64,42,0,2,12,0,8,56,0,8,22,2,40,38,2,72,1,0
7545,1000000US170311303002014,66,30,2,0,27,0,8,58,0,8,36,3,34,29,5,77,0,0
7546,1000000US170311303002015,33,11,0,0,2,0,20,13,0,20,22,0,14,13,1,47,0,0
7547,1000000US170311303002016,39,18,1,0,6,1,15,24,0,15,21,1,16,16,0,52,0,1
7548,1000000US170311303002017,20,15,0,0,5,0,0,20,0,0,5,0,10,10,0,23,0,0
7549,1000000US170311303002018,36,30,0,0,1,0,5,31,0,5,6,1,15,15,0,44,0,0
7550,1000000US170311303002019,16,4,0,0,12,0,0,16,0,0,12,0,9,8,1,19,0,0
7551,1000000US170311303003000,0,0,0,0,0,0,0,0,0,0,0,0,0,0,0,0,0,0
7552,1000000US170311303003001,0,0,0,0,0,0,0,0,0,0,0,0,0,0,0,0,0,0
7553,1000000US170311303003002,1,1,0,0,0,0,0,1,0,0,0,0,1,1,0,1,0,0
7554,1000000US170311303003003,0,0,0,0,0,0,0,0,0,0,0,0,0,0,0,0,0,0
7555,1000000US170311303003004,26,16,0,0,7,0,3,23,0,3,10,0,14,13,1,26,0,0
7556,1000000US170311303003005,29,12,0,0,15,0,2,27,0,2,17,0,13,13,0,37,0,0
7557,1000000US170311303003006,45,13,2,0,16,0,15,30,0,15,32,0,14,14,0,58,0,1
7558,1000000US170311303003007,24,13,6,0,4,0,3,21,0,3,11,3,9,9,0,27,0,2
7559,1000000US170311303003008,41,26,0,0,9,0,6,35,0,6,15,0,17,17,0,54,0,0
7560,1000000US170311303003009,39,26,0,0,9,0,4,35,0,4,13,0,17,17,0,48,0,0
7561,1000000US170311303003010,48,22,1,0,18,0,7,41,0,7,26,4,27,23,4,66,0,0
7562,1000000US170311303003011,76,36,5,0,27,0,11,65,0,11,40,1,38,36,2,110,0,0
7563,1000000US170311303003012,41,19,2,0,13,0,8,33,0,8,22,1,17,17,0,52,0,1
7564,1000000US170311303003013,75,35,2,0,10,0,28,47,0,28,40,0,39,37,2,97,0,0
7565,1000000US170311303003014,0,0,0,0,0,0,0,0,0,0,0,0,0,0,0,0,0,0
7566,1000000US170311303003015,40,5,4,1,22,0,9,31,0,9,35,4,18,14,4,53,1,0
7567,1000000US170311303003016,100,35,12,3,29,0,25,75,0,25,65,5,54,47,7,138,3,1
7568,1000000US170311303003017,85,30,1,1,15,1,39,46,0,39,55,4,51,41,10,115,0,0
7569,1000000US170311303003018,143,36,14,2,51,0,38,105,0,38,107,11,67,63,4,180,2,0
7570,1000000US170311303003019,109,37,14,1,29,1,31,78,0,31,72,12,57,48,9,146,0,3
7571,1000000US170311303003020,7,0,2,0,2,0,3,4,0,3,7,0,3,3,0,14,0,0
7572,1000000US170311303003021,56,19,0,0,17,0,21,35,0,21,37,1,26,23,3,74,0,0
7573,1000000US170311303003022,0,0,0,0,0,0,0,0,0,0,0,0,0,0,0,0,0,0
7574,1000000US170311303003023,0,0,0,0,0,0,0,0,0,0,0,0,0,0,0,0,0,0
7575,1000000US170311303003024,57,16,4,0,26,0,11,46,0,11,41,1,30,25,5,76,0,0
7576,1000000US170311303003025,27,15,0,1,7,0,5,22,0,5,12,0,12,12,0,35,1,0
7577,1000000US170311303003026,61,10,7,0,34,0,10,51,0,10,51,0,19,19,0,77,0,0
7578,1000000US170311303003027,16,7,2,0,4,0,3,13,0,3,9,0,6,5,1,16,0,0
7579,1000000US170311303003028,47,31,0,0,16,0,0,47,0,0,16,0,20,19,1,64,0,0
7580,1000000US170311303003029,64,36,0,2,14,0,14,50,0,14,28,3,31,28,3,83,2,0
7581,1000000US170311303003030,29,16,1,0,12,0,0,29,0,0,13,0,12,12,0,38,0,0
7582,1000000US170311303003031,36,14,0,2,12,0,10,26,0,10,22,2,15,15,0,45,0,0
7583,1000000US170311303003032,44,24,0,0,9,0,12,32,0,12,20,1,24,21,3,57,0,0
7584,1000000US170311303004000,93,26,5,0,43,1,18,75,0,18,67,5,44,38,6,119,0,0
7585,1000000US170311303004001,179,72,14,1,35,3,60,119,0,60,107,15,109,82,27,240,0,2
7586,1000000US170311303004002,155,59,0,2,80,0,14,141,0,14,96,5,69,67,2,206,0,0
7587,1000000US170311303004003,98,36,1,0,35,0,28,70,0,28,62,7,55,46,9,139,0,0
7588,1000000US170311303004004,74,32,0,0,33,0,9,65,0,9,42,3,47,39,8,98,0,0
7589,1000000US170311303004005,59,31,3,2,14,0,9,50,0,9,28,2,32,30,2,74,1,0
7590,1000000US170311303004006,75,22,1,4,38,8,6,69,0,6,53,6,32,27,5,125,4,0
7591,1000000US170311303004007,75,28,1,0,23,0,22,53,0,22,47,0,37,31,6,97,0,0
7592,1000000US170311303004008,75,29,6,0,25,0,15,60,0,15,46,1,49,39,10,111,0,0
7593,1000000US170311303004009,99,39,8,2,29,0,24,75,0,24,60,3,66,59,7,120,1,2
7594,1000000US170311303004010,114,24,0,0,83,0,7,107,0,7,90,3,43,42,1,158,0,0
7595,1000000US170311303004011,100,34,5,0,38,0,24,76,0,24,66,2,54,51,3,130,0,0
7596,1000000US170311303004012,5,0,0,0,2,0,0,5,0,0,5,0,2,2,0,6,0,0
7597,1000000US170311303004013,26,11,2,0,5,0,9,17,0,9,15,1,19,17,2,34,0,0
7598,1000000US170311303004014,67,28,4,0,27,0,10,57,0,10,39,0,40,39,1,91,0,1
7599,1000000US170311401001000,0,0,0,0,0,0,0,0,0,0,0,0,0,0,0,0,0,0
7600,1000000US170311401001001,109,52,2,0,29,0,27,82,0,27,57,3,64,60,4,132,0,1
7601,1000000US170311401001002,173,48,11,4,28,2,86,87,0,86,125,8,79,65,14,228,3,3
7602,1000000US170311401001003,160,36,8,0,29,0,87,73,0,87,124,2,70,62,8,231,0,0
7603,1000000US170311401001004,321,136,54,2,25,0,108,213,0,108,185,8,180,167,13,456,1,4
7604,1000000US170311401001005,51,31,8,0,2,0,10,41,0,10,20,0,30,23,7,73,0,0
7605,1000000US170311401001006,0,0,0,0,0,0,0,0,0,0,0,0,0,0,0,0,0,0
7606,1000000US170311401001007,142,58,10,2,17,0,59,83,0,59,84,7,68,64,4,208,1,1
7607,1000000US170311401001008,145,21,6,9,40,0,78,67,0,78,124,2,58,54,4,200,9,0
7608,1000000US170311401001009,81,37,5,0,20,0,19,62,0,19,44,4,38,33,5,116,0,0
7609,1000000US170311401002000,156,39,27,1,14,0,80,76,0,80,117,11,66,65,1,232,1,4
7610,1000000US170311401002001,192,32,4,5,36,2,122,70,0,122,160,15,84,76,8,258,4,2
7611,1000000US170311401002002,135,26,19,0,32,0,60,75,0,60,109,7,57,54,3,192,0,0
7612,1000000US170311401002003,160,42,27,0,25,0,68,92,0,68,118,5,78,69,9,213,0,2
7613,1000000US170311401002004,0,0,0,0,0,0,0,0,0,0,0,0,0,0,0,0,0,0
7614,1000000US170311401002005,108,11,1,0,29,0,70,38,0,70,97,0,42,38,4,152,0,1
7615,1000000US170311401002006,158,22,3,0,52,0,84,74,0,84,136,11,59,59,0,233,0,3
7616,1000000US170311401002007,146,31,14,4,3,0,97,49,0,97,115,15,50,50,0,216,4,0
7617,1000000US170311401002008,75,40,14,2,5,1,13,62,0,13,35,6,38,38,0,94,1,0
7618,1000000US170311401002009,102,21,5,0,7,0,69,33,0,69,81,2,45,36,9,140,0,0
7619,1000000US170311401002010,101,40,13,0,19,0,29,72,0,29,61,6,45,41,4,127,0,0
7620,1000000US170311401002011,124,51,2,2,26,0,51,73,0,51,73,2,87,63,24,158,1,0
7621,1000000US170311401002012,29,12,3,0,11,0,3,26,0,3,17,0,24,16,8,34,0,0
7622,1000000US170311401002013,28,0,0,0,26,0,2,26,0,2,28,0,7,7,0,36,0,0
7623,1000000US170311402001000,257,207,16,4,15,0,18,239,0,18,50,3,39,37,2,264,4,1
7624,1000000US170311402001001,4,0,0,0,0,0,4,0,0,4,4,0,1,1,0,6,0,0
7625,1000000US170311402001002,101,44,3,0,18,0,36,65,0,36,57,4,42,41,1,151,0,0
7626,1000000US170311402001003,129,55,10,0,18,0,46,83,0,46,74,5,40,35,5,162,0,0
7627,1000000US170311402001004,192,140,5,1,10,0,36,156,0,36,52,7,43,42,1,204,1,0
7628,1000000US170311402001005,342,284,24,1,14,0,22,320,0,22,58,10,1,1,0,343,1,2
7629,1000000US170311402001006,247,83,23,2,13,0,134,113,0,134,164,11,114,106,8,382,1,7
7630,1000000US170311402001007,0,0,0,0,0,0,0,0,0,0,0,0,0,0,0,0,0,0
7631,1000000US170311402001008,99,87,7,0,2,0,3,96,0,3,12,3,5,5,0,99,0,0
7632,1000000US170311402001009,228,138,29,3,20,2,41,187,0,41,90,7,120,109,11,262,1,0
7633,1000000US170311402001010,147,48,15,5,20,0,64,83,0,64,99,9,82,67,15,194,5,0
7634,1000000US170311402001011,139,25,2,4,58,0,53,86,0,53,114,7,67,63,4,186,4,0
7635,1000000US170311402001012,81,26,2,1,9,0,43,38,0,43,55,2,56,47,9,101,0,0
7636,1000000US170311402002000,90,1,1,0,89,0,0,90,0,0,89,1,75,75,0,90,0,0
7637,1000000US170311402002001,91,4,0,3,21,0,66,25,0,66,87,4,45,35,10,129,3,0
7638,1000000US170311402002002,132,0,6,0,26,0,103,29,0,103,132,3,47,45,2,198,0,3
7639,1000000US170311402002003,35,3,2,2,13,0,16,19,0,16,32,1,13,13,0,44,2,0
7640,1000000US170311402002004,117,22,3,1,28,0,65,52,0,65,95,3,48,42,6,153,0,0
7641,1000000US170311402002005,97,23,0,1,11,1,62,35,0,62,74,7,49,47,2,162,0,0
7642,1000000US170311402002006,45,25,4,2,5,0,9,36,0,9,20,2,26,25,1,67,0,0
7643,1000000US170311402002007,232,79,19,4,48,1,86,146,0,86,153,11,153,140,13,286,4,0
7644,1000000US170311402002008,42,9,8,0,13,0,12,30,0,12,33,11,17,16,1,62,0,0
7645,1000000US170311402002009,26,19,0,0,5,0,2,24,0,2,7,1,18,16,2,36,0,0
7646,1000000US170311402002010,73,16,9,3,26,0,22,51,0,22,57,2,57,47,10,86,2,0
7647,1000000US170311402002011,47,6,0,1,14,0,27,20,0,27,41,5,23,21,2,67,1,0
7648,1000000US170311402002012,24,3,0,0,5,0,16,8,0,16,21,3,14,8,6,26,0,0
7649,1000000US170311402002013,18,8,0,3,0,0,10,8,0,10,10,2,13,12,1,24,3,0
7650,1000000US170311402003000,17,14,0,0,1,0,2,15,0,2,3,0,11,10,1,21,0,0
7651,1000000US170311402003001,158,63,42,0,6,0,47,111,0,47,95,0,6,6,0,158,0,0
7652,1000000US170311402003002,195,42,11,4,41,2,100,95,0,100,153,23,76,71,5,263,4,0
7653,1000000US170311402003003,0,0,0,0,0,0,0,0,0,0,0,0,0,0,0,0,0,0
7654,1000000US170311402003004,3,0,0,0,2,0,2,1,0,2,3,1,1,1,0,3,0,0
7655,1000000US170311402003005,14,7,0,0,4,0,3,11,0,3,7,0,6,6,0,16,0,0
7656,1000000US170311402003006,20,7,1,0,2,0,10,10,0,10,13,2,8,8,0,25,0,0
7657,1000000US170311402003007,44,21,0,0,7,0,16,28,0,16,23,1,17,17,0,53,0,0
7658,1000000US170311402003008,144,33,15,2,40,0,58,86,0,58,111,6,78,67,11,188,1,1
7659,1000000US170311402003009,170,26,12,0,33,0,100,70,0,100,144,15,69,62,7,236,0,0
7660,1000000US170311402003010,170,49,4,2,35,0,85,85,0,85,121,6,83,75,8,227,1,0
7661,1000000US170311402003011,88,19,0,3,24,0,45,43,0,45,69,4,36,34,2,113,3,0
7662,1000000US170311402003012,104,16,1,1,5,0,81,23,0,81,88,2,37,36,1,142,1,0
7663,1000000US170311402003013,19,8,0,0,3,0,8,11,0,8,11,0,9,7,2,19,0,0
7664,1000000US170311402003014,48,7,1,0,40,0,2,46,0,2,41,2,42,31,11,48,0,0
7665,1000000US170311402003015,0,0,0,0,0,0,0,0,0,0,0,0,0,0,0,0,0,0
7666,1000000US170311402003016,104,12,2,0,17,1,74,30,0,74,92,8,46,43,3,141,0,0
7667,1000000US170311402003017,191,8,5,1,72,0,106,85,0,106,183,7,70,64,6,261,1,0
7668,1000000US170311402003018,104,12,5,0,28,0,61,43,0,61,92,6,44,38,6,132,0,0
7669,1000000US170311402003019,37,0,1,0,13,0,23,14,0,23,37,0,19,14,5,44,0,0
7670,1000000US170311402003020,81,49,1,2,26,0,5,76,0,5,32,2,41,39,2,91,2,0
7671,1000000US170311403011000,127,9,4,0,48,0,66,61,0,66,118,4,52,42,10,157,0,0
7672,1000000US170311403011001,80,8,2,0,10,0,63,17,0,63,72,9,35,29,6,113,0,2
7673,1000000US170311403011002,126,6,2,3,24,0,96,30,0,96,120,33,39,38,1,172,1,2
7674,1000000US170311403011003,134,16,5,2,39,0,73,61,0,73,118,7,47,43,4,177,0,0
7675,1000000US170311403011004,47,4,1,0,7,0,35,12,0,35,43,8,19,17,2,70,0,0
7676,1000000US170311403011005,80,9,4,1,13,0,55,25,0,55,71,18,29,28,1,126,1,1
7677,1000000US170311403011006,143,21,3,0,35,0,84,59,0,84,122,14,51,47,4,180,0,0
7678,1000000US170311403011007,34,8,0,0,19,0,7,27,0,7,26,0,16,16,0,49,0,0
7679,1000000US170311403011008,85,4,0,0,40,0,41,44,0,41,81,21,36,33,3,110,0,0
7680,1000000US170311403011009,36,1,6,0,4,0,25,11,0,25,35,6,24,16,8,62,0,0
7681,1000000US170311403011010,47,1,1,0,9,0,36,11,0,36,46,18,21,17,4,59,0,0
7682,1000000US170311403011011,46,6,2,1,5,0,32,14,0,32,40,19,23,20,3,56,1,0
7683,1000000US170311403012000,78,24,3,0,18,0,34,44,0,34,54,1,30,28,2,98,0,0
7684,1000000US170311403012001,150,13,5,0,13,0,121,29,0,121,137,10,56,50,6,206,0,2
7685,1000000US170311403012002,142,21,3,1,26,0,94,48,0,94,121,9,77,58,19,242,1,1
7686,1000000US170311403012003,165,25,15,4,60,0,64,101,0,64,140,13,93,77,16,230,4,4
7687,1000000US170311403012004,96,13,12,2,38,0,31,65,0,31,83,11,40,32,8,134,0,0
7688,1000000US170311403012005,96,40,3,1,26,0,26,70,0,26,56,1,52,45,7,121,1,0
7689,1000000US170311403012006,90,30,4,0,41,0,18,72,0,18,60,2,45,41,4,124,0,3
7690,1000000US170311403012007,39,9,0,0,22,0,8,31,0,8,30,0,11,11,0,51,0,0
7691,1000000US170311403012008,39,2,0,0,12,0,25,14,0,25,37,5,15,12,3,49,0,0
7692,1000000US170311403012009,190,17,11,6,141,2,22,168,0,22,173,6,92,87,5,270,6,3
7693,1000000US170311403012010,10,2,0,0,0,0,8,2,0,8,8,2,4,4,0,12,0,0
7694,1000000US170311403012011,17,1,0,0,9,0,7,10,0,7,16,2,7,7,0,23,0,0
7695,1000000US170311403021000,36,25,0,0,5,0,6,30,0,6,11,2,17,16,1,47,0,0
7696,1000000US170311403021001,138,42,4,0,21,0,74,64,0,74,96,7,76,66,10,184,0,1
7697,1000000US170311403021002,0,0,0,0,0,0,0,0,0,0,0,0,0,0,0,0,0,0
7698,1000000US170311403021003,114,23,8,0,40,0,44,70,0,44,91,5,62,53,9,163,0,0
7699,1000000US170311403021004,29,1,0,0,2,0,26,3,0,26,28,0,11,11,0,45,0,0
7700,1000000US170311403021005,48,18,0,0,20,0,11,37,0,11,30,2,22,21,1,60,0,0
7701,1000000US170311403021006,94,12,1,3,29,0,50,44,0,50,82,5,43,40,3,125,3,1
7702,1000000US170311403021007,52,9,0,0,30,0,13,39,0,13,43,3,24,22,2,62,0,0
7703,1000000US170311403021008,84,37,3,0,25,2,20,64,0,20,47,12,41,38,3,128,0,1
7704,1000000US170311403021009,54,30,1,0,12,1,11,43,0,11,24,4,28,25,3,64,0,0
7705,1000000US170311403021010,48,7,3,1,21,0,16,32,0,16,41,3,22,20,2,63,1,0
7706,1000000US170311403022000,11,10,0,0,0,0,1,10,0,1,1,0,5,5,0,14,0,0
7707,1000000US170311403022001,87,37,5,0,6,0,39,48,0,39,50,2,36,34,2,120,0,0
7708,1000000US170311403022002,73,34,16,0,4,0,20,53,0,20,39,9,38,31,7,90,0,1
7709,1000000US170311403022003,87,19,0,4,16,0,52,35,0,52,68,23,42,39,3,115,2,0
7710,1000000US170311403022004,36,22,0,1,5,0,9,27,0,9,14,1,17,16,1,41,0,0
7711,1000000US170311403022005,45,6,1,0,22,0,16,29,0,16,39,0,14,13,1,61,0,0
7712,1000000US170311403022006,33,17,0,0,9,0,7,26,0,7,16,0,16,16,0,40,0,0
7713,1000000US170311403022007,130,27,6,0,41,0,56,74,0,56,103,10,60,53,7,174,0,0
7714,1000000US170311403022008,55,14,0,1,16,0,24,31,0,24,41,11,18,18,0,64,0,0
7715,1000000US170311403022009,138,39,3,1,16,0,80,58,0,80,99,18,64,61,3,181,1,0
7716,1000000US170311403022010,123,31,7,0,33,0,52,71,0,52,92,0,54,52,2,163,0,0
7717,1000000US170311403022011,63,18,4,1,10,0,32,31,0,32,45,2,28,25,3,80,1,1
7718,1000000US170311403022012,175,69,13,3,30,1,64,111,0,64,106,18,85,79,6,250,3,0
7719,1000000US170311403022013,32,14,1,0,11,0,7,25,0,7,18,1,16,15,1,46,0,0
7720,1000000US170311403022014,149,24,15,3,41,0,69,80,0,69,125,5,62,57,5,208,3,0
7721,1000000US170311403023000,0,0,0,0,0,0,0,0,0,0,0,0,0,0,0,0,0,0
7722,1000000US170311403023001,64,18,0,2,18,0,27,37,0,27,46,3,38,34,4,80,1,0
7723,1000000US170311403023002,84,25,0,0,48,0,11,73,0,11,59,1,35,34,1,109,0,0
7724,1000000US170311403023003,82,17,1,3,38,0,26,56,0,26,65,4,35,34,1,130,3,0
7725,1000000US170311403023004,105,42,8,0,32,0,26,79,0,26,63,9,65,57,8,138,0,3
7726,1000000US170311403023005,418,172,59,8,83,1,111,307,0,111,246,19,138,125,13,510,5,9
7727,1000000US170311403023006,173,61,10,1,73,0,28,145,0,28,112,0,0,0,0,173,1,0
7728,1000000US170311403023007,19,6,0,0,5,0,8,11,0,8,13,3,8,7,1,26,0,0
7729,1000000US170311403023008,122,39,15,8,42,0,21,101,0,21,83,8,63,57,6,160,8,0
7730,1000000US170311403023009,25,4,0,3,14,0,6,19,0,6,21,3,20,13,7,37,2,0
7731,1000000US170311403023010,48,14,2,0,16,0,16,32,0,16,34,0,14,14,0,62,0,0
7732,1000000US170311403023011,39,19,1,0,13,0,6,33,0,6,20,0,17,17,0,46,0,0
7733,1000000US170311403023012,9,0,0,0,3,0,6,3,0,6,9,2,4,4,0,13,0,0
7734,1000000US170311403023013,7,7,0,0,0,0,0,7,0,0,0,0,3,3,0,10,0,0
7735,1000000US170311403023014,13,6,0,0,5,0,0,13,0,0,7,2,4,4,0,15,0,0
7736,1000000US170311403023015,37,16,0,1,11,0,10,27,0,10,21,0,17,17,0,44,1,0
7737,1000000US170311403023016,101,40,3,2,14,1,41,60,0,41,61,3,49,45,4,133,0,0
7738,1000000US170311403023017,56,18,0,0,31,0,7,49,0,7,38,0,17,17,0,71,0,0
7739,1000000US170311404001000,34,14,2,0,1,0,16,18,0,16,20,1,19,18,1,47,0,0
7740,1000000US170311404001001,40,25,0,0,14,0,1,39,0,1,15,5,15,14,1,43,0,0
7741,1000000US170311404001002,17,7,0,0,8,0,3,14,0,3,10,1,7,7,0,20,0,0
7742,1000000US170311404001003,47,24,0,0,12,0,12,35,0,12,23,1,18,18,0,59,0,0
7743,1000000US170311404001004,119,50,2,2,18,0,49,70,0,49,69,5,46,45,1,161,2,0
7744,1000000US170311404001005,73,25,1,0,21,0,26,47,0,26,48,0,32,31,1,102,0,0
7745,1000000US170311404001006,73,30,0,0,16,0,19,54,0,19,43,0,25,24,1,89,0,0
7746,1000000US170311404001007,74,29,5,3,33,0,8,66,0,8,45,4,35,34,1,91,3,1
7747,1000000US170311404001008,88,30,0,3,21,1,31,57,0,31,58,8,42,40,2,116,3,0
7748,1000000US170311404001009,29,1,0,0,4,0,24,5,0,24,28,1,13,12,1,50,0,0
7749,1000000US170311404001010,20,4,0,0,6,0,10,10,0,10,16,0,8,8,0,26,0,0
7750,1000000US170311404001011,17,6,0,0,1,0,10,7,0,10,11,0,7,7,0,27,0,0
7751,1000000US170311404001012,82,10,5,2,12,0,58,24,0,58,72,10,30,28,2,107,2,1
7752,1000000US170311404001013,68,7,1,0,21,0,39,29,0,39,61,2,29,26,3,103,0,0
7753,1000000US170311404001014,58,15,3,4,24,0,20,38,0,20,43,9,29,25,4,87,1,3
7754,1000000US170311404001015,93,23,5,3,23,0,46,47,0,46,70,11,37,36,1,138,3,3
7755,1000000US170311404001016,37,30,0,0,4,0,3,34,0,3,7,0,18,17,1,49,0,0
7756,1000000US170311404001017,49,20,0,0,9,0,20,29,0,20,29,0,22,20,2,62,0,0
7757,1000000US170311404001018,39,20,0,0,8,0,11,28,0,11,19,0,18,16,2,43,0,0
7758,1000000US170311404001019,2,1,0,0,0,0,1,1,0,1,1,1,2,2,0,2,0,0
7759,1000000US170311404001020,0,0,0,0,0,0,0,0,0,0,0,0,0,0,0,0,0,0
7760,1000000US170311404001021,26,16,0,0,6,0,4,22,0,4,10,0,17,16,1,29,0,0
7761,1000000US170311404002000,47,25,0,0,20,0,2,45,0,2,22,0,20,20,0,57,0,0
7762,1000000US170311404002001,47,23,0,0,8,0,16,31,0,16,24,0,20,19,1,59,0,0
7763,1000000US170311404002002,45,18,4,1,9,0,13,32,0,13,27,5,23,22,1,64,1,0
7764,1000000US170311404002003,51,23,2,0,16,0,10,41,0,10,28,1,26,25,1,57,0,0
7765,1000000US170311404002004,47,24,0,0,8,0,19,28,0,19,23,1,21,20,1,57,0,0
7766,1000000US170311404002005,57,20,1,0,16,0,20,37,0,20,37,0,21,21,0,72,0,0
7767,1000000US170311404002006,52,33,0,0,15,0,4,48,0,4,19,2,17,17,0,71,0,0
7768,1000000US170311404002007,61,31,1,1,8,0,21,40,0,21,30,2,21,21,0,79,1,0
7769,1000000US170311404002008,49,26,0,0,10,0,12,37,0,12,23,0,20,18,2,74,0,0
7770,1000000US170311404002009,49,30,0,0,5,0,12,37,0,12,19,0,21,21,0,72,0,0
7771,1000000US170311404002010,57,23,3,0,9,0,21,36,0,21,34,3,21,20,1,82,0,0
7772,1000000US170311404002011,50,23,0,1,9,0,20,30,0,20,27,4,20,20,0,62,1,0
7773,1000000US170311404002012,57,24,0,0,15,0,18,39,0,18,33,0,22,22,0,73,0,0
7774,1000000US170311404002013,56,33,4,0,0,0,19,37,0,19,23,0,25,23,2,77,0,0
7775,1000000US170311404002014,39,21,0,0,12,0,6,33,0,6,18,0,15,15,0,45,0,0
7776,1000000US170311404002015,75,11,1,0,31,0,33,42,0,33,64,0,33,28,5,106,0,1
7777,1000000US170311404002016,15,11,0,0,3,0,1,14,0,1,4,0,11,9,2,16,0,0
7778,1000000US170311404002017,39,5,0,0,5,0,29,10,0,29,34,0,20,19,1,42,0,0
7779,1000000US170311404003000,47,27,1,0,7,0,13,34,0,13,20,5,25,22,3,65,0,0
7780,1000000US170311404003001,45,35,0,0,0,0,9,36,0,9,10,0,25,21,4,55,0,0
7781,1000000US170311404003002,48,23,0,0,9,0,16,32,0,16,25,2,21,21,0,59,0,0
7782,1000000US170311404003003,44,22,0,0,14,0,8,36,0,8,22,7,19,18,1,64,0,0
7783,1000000US170311404003004,43,23,0,0,5,0,15,28,0,15,20,1,21,21,0,62,0,0
7784,1000000US170311404003005,45,30,0,0,12,0,3,42,0,3,15,0,20,19,1,52,0,0
7785,1000000US170311404003006,63,22,1,0,27,0,14,49,0,14,41,1,27,24,3,81,0,1
7786,1000000US170311404003007,47,31,1,0,11,2,2,45,0,2,16,4,20,20,0,53,0,0
7787,1000000US170311404003008,34,31,0,0,0,0,3,31,0,3,3,0,15,15,0,43,0,0
7788,1000000US170311404003009,31,26,0,0,3,0,2,29,0,2,5,0,14,14,0,35,0,0
7789,1000000US170311404003010,39,20,0,0,7,0,12,27,0,12,19,0,17,15,2,63,0,0
7790,1000000US170311404003011,40,22,0,0,15,0,3,37,0,3,18,0,17,15,2,46,0,0
7791,1000000US170311404003012,10,9,0,0,1,0,0,10,0,0,1,0,3,3,0,10,0,0
7792,1000000US170311404003013,19,14,0,0,0,0,5,14,0,5,5,2,8,8,0,19,0,0
7793,1000000US170311404003014,54,12,0,0,19,0,23,31,0,23,42,2,21,21,0,72,0,0
7794,1000000US170311404003015,79,19,0,3,7,0,52,27,0,52,60,5,36,32,4,103,0,0
7795,1000000US170311404003016,10,0,3,0,7,0,0,10,0,0,10,0,9,5,4,12,0,0
7796,1000000US170311404003017,34,16,8,2,8,0,2,32,0,2,18,2,19,18,1,49,0,0
7797,1000000US170311404003018,44,12,0,0,23,0,9,35,0,9,32,0,23,19,4,62,0,0
7798,1000000US170311404003019,32,16,0,0,13,0,3,29,0,3,16,0,14,13,1,39,0,0
7799,1000000US170311404004000,48,16,0,1,14,0,17,31,0,17,32,2,16,16,0,61,0,0
7800,1000000US170311404004001,31,7,0,0,20,0,4,27,0,4,24,2,15,15,0,42,0,0
7801,1000000US170311404004002,29,8,2,0,16,0,3,26,0,3,21,0,15,13,2,37,0,0
7802,1000000US170311404004003,32,18,0,2,5,0,5,27,0,5,14,0,15,15,0,36,2,0
7803,1000000US170311404004004,48,24,0,0,9,0,16,32,0,16,24,0,23,21,2,68,0,0
7804,1000000US170311404004005,49,19,0,0,20,0,10,39,0,10,30,0,20,20,0,64,0,0
7805,1000000US170311404004006,0,0,0,0,0,0,0,0,0,0,0,0,0,0,0,0,0,0
7806,1000000US170311404004007,43,16,1,0,6,0,20,23,0,20,27,0,18,18,0,68,0,0
7807,1000000US170311404004008,53,22,0,2,22,0,9,44,0,9,31,0,21,21,0,73,2,0
7808,1000000US170311404004009,95,41,2,0,20,0,32,63,0,32,54,12,42,41,1,114,0,0
7809,1000000US170311404004010,93,50,4,1,7,0,35,58,0,35,43,4,57,47,10,145,1,2
7810,1000000US170311404004011,80,45,0,0,7,0,22,58,0,22,35,5,52,45,7,116,0,0
7811,1000000US170311404004012,63,31,1,0,19,0,12,51,0,12,32,1,25,23,2,87,0,0
7812,1000000US170311404004013,52,26,3,1,8,0,14,38,0,14,26,1,19,19,0,74,0,0
7813,1000000US170311404004014,37,22,0,0,12,0,3,34,0,3,15,0,15,14,1,45,0,0
7814,1000000US170311404004015,0,0,0,0,0,0,0,0,0,0,0,0,0,0,0,0,0,0
7815,1000000US170311404004016,136,54,3,1,58,0,21,115,0,21,82,6,102,101,1,143,1,0
7816,1000000US170311404004017,5,4,0,0,0,0,1,4,0,1,1,0,2,2,0,13,0,0
7817,1000000US170311404004018,41,20,5,2,0,0,15,26,0,15,21,4,27,27,0,44,0,1
7818,1000000US170311404004019,32,16,0,1,12,0,3,29,0,3,16,11,17,15,2,52,1,0
7819,1000000US170311404005000,26,6,0,0,14,0,6,20,0,6,20,0,9,9,0,35,0,0
7820,1000000US170311404005001,38,19,2,0,4,0,14,24,0,14,19,2,15,15,0,50,0,1
7821,1000000US170311404005002,88,21,0,2,45,0,23,65,0,23,67,4,37,32,5,109,2,0
7822,1000000US170311404005003,22,10,0,0,7,0,5,17,0,5,12,0,13,11,2,32,0,0
7823,1000000US170311404005004,49,23,2,0,12,0,12,37,0,12,26,0,19,18,1,60,0,0
7824,1000000US170311404005005,1,0,1,0,0,0,0,1,0,0,1,0,1,1,0,1,0,0
7825,1000000US170311404005006,0,0,0,0,0,0,0,0,0,0,0,0,0,0,0,0,0,0
7826,1000000US170311404005007,0,0,0,0,0,0,0,0,0,0,0,0,0,0,0,0,0,0
7827,1000000US170311404005008,0,0,0,0,0,0,0,0,0,0,0,0,0,0,0,0,0,0
7828,1000000US170311404005009,0,0,0,0,0,0,0,0,0,0,0,0,0,0,0,0,0,0
7829,1000000US170311404005010,0,0,0,0,0,0,0,0,0,0,0,0,0,0,0,0,0,0
7830,1000000US170311404005011,0,0,0,0,0,0,0,0,0,0,0,0,0,0,0,0,0,0
7831,1000000US170311404005012,218,76,2,5,49,0,93,125,0,93,142,13,98,87,11,277,0,2
7832,1000000US170311404005013,0,0,0,0,0,0,0,0,0,0,0,0,0,0,0,0,0,0
7833,1000000US170311404005014,0,0,0,0,0,0,0,0,0,0,0,0,0,0,0,0,0,0
7834,1000000US170311404005015,2,0,0,0,0,0,2,0,0,2,2,0,1,1,0,4,0,0
7835,1000000US170311404005016,14,9,0,0,2,0,3,11,0,3,5,0,9,8,1,22,0,0
7836,1000000US170311404005017,85,41,0,6,11,0,27,58,0,27,44,0,39,36,3,110,6,0
7837,1000000US170311404005018,31,9,0,0,3,0,18,13,0,18,22,0,15,15,0,49,0,0
7838,1000000US170311404005019,12,12,0,0,0,0,0,12,0,0,0,0,7,7,0,13,0,0
7839,1000000US170311404005020,45,29,0,0,1,0,15,30,0,15,16,3,20,19,1,59,0,0
7840,1000000US170311404005021,29,22,1,0,6,0,0,29,0,0,7,0,16,14,2,35,0,0
7841,1000000US170311404005022,36,22,0,2,6,0,8,28,0,8,14,2,16,15,1,46,2,0
7842,1000000US170311404005023,64,54,3,0,5,0,2,62,0,2,10,0,32,32,0,77,0,0
7843,1000000US170311404005024,11,9,0,0,2,0,0,11,0,0,2,0,8,6,2,13,0,0
7844,1000000US170311404005025,0,0,0,0,0,0,0,0,0,0,0,0,0,0,0,0,0,0
7845,1000000US170311404005026,35,9,0,0,0,0,26,9,0,26,26,0,19,18,1,70,0,0
7846,1000000US170311404005027,15,5,0,0,0,0,10,5,0,10,10,3,6,6,0,20,0,0
7847,1000000US170311404005028,0,0,0,0,0,0,0,0,0,0,0,0,0,0,0,0,0,0
7848,1000000US170311404005029,30,9,2,0,5,0,14,16,0,14,21,0,20,19,1,34,0,0
7849,1000000US170311404005030,81,55,5,0,8,0,15,66,0,15,26,2,40,37,3,128,0,0
7850,1000000US170311404005031,38,26,0,0,0,0,11,27,0,11,12,1,14,14,0,48,0,0
7851,1000000US170311404005032,71,39,4,0,13,0,20,51,0,20,32,4,28,28,0,102,0,3
7852,1000000US170311404005033,15,7,0,0,0,0,8,7,0,8,8,1,9,7,2,21,0,0
7853,1000000US170311404005034,0,0,0,0,0,0,0,0,0,0,0,0,0,0,0,0,0,0
7854,1000000US170311404005035,0,0,0,0,0,0,0,0,0,0,0,0,0,0,0,0,0,0
7855,1000000US170311404005036,30,12,0,0,16,0,2,28,0,2,18,0,12,12,0,39,0,0
7856,1000000US170311404005037,32,15,0,0,4,0,13,19,0,13,17,3,14,14,0,55,0,0
7857,1000000US170311404005038,80,51,0,0,17,0,12,68,0,12,29,8,35,31,4,123,0,0
7858,1000000US170311404005039,0,0,0,0,0,0,0,0,0,0,0,0,0,0,0,0,0,0
7859,1000000US170311404005040,18,10,1,0,7,0,0,18,0,0,8,1,8,7,1,24,0,0
7860,1000000US170311404005041,73,33,0,0,9,0,31,42,0,31,40,0,29,27,2,98,0,0
7861,1000000US170311404005042,66,39,0,2,15,3,10,56,0,10,27,8,32,30,2,109,0,0
7862,1000000US170311405001000,5,0,0,0,0,0,5,0,0,5,5,0,7,4,3,10,0,0
7863,1000000US170311405001001,0,0,0,0,0,0,0,0,0,0,0,0,0,0,0,0,0,0
7864,1000000US170311405001002,8,6,0,0,0,0,2,6,0,2,2,0,5,5,0,11,0,0
7865,1000000US170311405001003,14,0,0,1,9,0,5,9,0,5,14,2,7,5,2,19,1,0
7866,1000000US170311405001004,24,4,0,0,11,0,9,15,0,9,20,0,15,13,2,35,0,0
7867,1000000US170311405001005,9,3,0,0,2,0,4,5,0,4,6,3,4,4,0,10,0,0
7868,1000000US170311405001006,1,1,0,0,0,0,0,1,0,0,0,0,1,1,0,1,0,0
7869,1000000US170311405001007,44,21,2,0,3,0,18,26,0,18,23,2,26,26,0,64,0,0
7870,1000000US170311405001008,46,25,3,2,5,1,14,32,0,14,21,11,29,25,4,54,0,1
7871,1000000US170311405001009,26,9,0,1,11,0,5,21,0,5,17,2,12,12,0,30,1,0
7872,1000000US170311405001010,26,6,0,1,0,0,19,7,0,19,20,0,14,14,0,38,1,0
7873,1000000US170311405001011,21,10,0,2,0,0,9,12,0,9,11,0,15,11,4,26,2,0
7874,1000000US170311405001012,33,19,0,0,1,0,13,20,0,13,14,0,16,14,2,38,0,0
7875,1000000US170311405001013,22,16,0,0,2,0,4,18,0,4,6,1,11,11,0,30,0,0
7876,1000000US170311405001014,39,16,2,0,0,0,21,18,0,21,23,1,22,19,3,66,0,0
7877,1000000US170311405001015,28,4,0,0,0,0,24,4,0,24,24,5,14,11,3,36,0,0
7878,1000000US170311405001016,48,18,3,1,1,0,27,21,0,27,30,1,16,15,1,70,1,0
7879,1000000US170311405001017,27,26,0,0,0,0,1,26,0,1,1,0,16,11,5,33,0,0
7880,1000000US170311405001018,67,25,3,3,9,0,32,35,0,32,42,5,29,26,3,88,1,1
7881,1000000US170311405001019,80,21,1,1,26,1,33,47,0,33,59,4,32,31,1,106,1,1
7882,1000000US170311405001020,103,26,2,3,16,0,57,46,0,57,77,4,46,43,3,152,2,0
7883,1000000US170311405001021,104,17,4,4,23,0,61,43,0,61,87,15,49,45,4,140,2,1
7884,1000000US170311405001022,32,6,0,0,6,0,21,11,0,21,26,0,15,15,0,45,0,0
7885,1000000US170311405002000,87,36,2,3,13,0,34,53,0,34,51,2,36,35,1,122,2,0
7886,1000000US170311405002001,47,25,5,2,0,0,16,31,0,16,22,6,18,18,0,51,0,0
7887,1000000US170311405002002,18,9,2,1,0,0,7,11,0,7,9,1,11,9,2,35,0,0
7888,1000000US170311405002003,27,13,0,0,1,0,13,14,0,13,14,1,9,9,0,35,0,0
7889,1000000US170311405002004,80,44,1,0,8,0,27,53,0,27,36,2,36,36,0,101,0,0
7890,1000000US170311405002005,29,15,0,0,10,0,4,25,0,4,14,5,16,16,0,37,0,0
7891,1000000US170311405002006,14,5,1,0,2,0,6,8,0,6,9,1,6,6,0,16,0,0
7892,1000000US170311405002007,71,39,1,0,9,0,25,46,0,25,32,3,34,34,0,90,0,1
7893,1000000US170311405002008,74,45,0,0,2,0,27,47,0,27,29,1,41,37,4,96,0,0
7894,1000000US170311405002009,65,16,0,0,4,0,45,20,0,45,49,0,31,26,5,94,0,0
7895,1000000US170311405002010,59,28,7,0,7,0,17,42,0,17,31,0,32,30,2,81,0,0
7896,1000000US170311405002011,61,36,0,0,4,0,21,40,0,21,25,0,27,26,1,73,0,0
7897,1000000US170311405002012,66,30,0,1,10,0,27,39,0,27,36,1,33,31,2,83,0,0
7898,1000000US170311405002013,87,38,8,0,10,0,31,56,0,31,49,4,49,48,1,109,0,3
7899,1000000US170311405002014,0,0,0,0,0,0,0,0,0,0,0,0,0,0,0,0,0,0
7900,1000000US170311405002015,62,25,0,0,11,0,26,36,0,26,37,0,32,28,4,84,0,0
7901,1000000US170311405002016,34,17,0,0,0,0,17,17,0,17,17,0,41,21,20,40,0,0
7902,1000000US170311405003000,0,0,0,0,0,0,0,0,0,0,0,0,0,0,0,0,0,0
7903,1000000US170311405003001,75,16,8,0,5,0,45,30,0,45,59,5,36,32,4,97,0,0
7904,1000000US170311405003002,64,15,0,0,7,0,42,22,0,42,49,0,28,26,2,82,0,0
7905,1000000US170311405003003,90,15,2,0,25,0,50,40,0,50,75,3,38,34,4,121,0,1
7906,1000000US170311405003004,69,19,2,1,9,0,40,29,0,40,50,2,36,32,4,89,1,0
7907,1000000US170311405003005,4,0,0,0,0,0,4,0,0,4,4,0,2,2,0,8,0,0
7908,1000000US170311405003006,30,19,0,0,4,0,7,23,0,7,11,1,14,14,0,42,0,0
7909,1000000US170311405003007,24,11,1,0,2,0,10,14,0,10,13,0,10,10,0,28,0,0
7910,1000000US170311405003008,12,8,0,0,4,0,0,12,0,0,4,2,6,5,1,18,0,0
7911,1000000US170311405003009,49,20,9,0,4,1,15,34,0,15,29,4,22,21,1,59,0,0
7912,1000000US170311405003010,0,0,0,0,0,0,0,0,0,0,0,0,0,0,0,0,0,0
7913,1000000US170311405003011,19,8,0,0,0,0,11,8,0,11,11,0,6,6,0,24,0,0
7914,1000000US170311405003012,47,18,0,2,2,0,27,20,0,27,29,3,19,17,2,63,2,0
7915,1000000US170311405003013,26,2,0,1,0,0,24,2,0,24,24,0,12,10,2,35,1,0
7916,1000000US170311405003014,101,32,1,9,13,0,55,46,0,55,69,0,41,39,2,132,9,0
7917,1000000US170311405003015,96,15,0,1,12,0,69,27,0,69,81,0,36,35,1,132,1,0
7918,1000000US170311405003016,0,0,0,0,0,0,0,0,0,0,0,0,0,0,0,0,0,0
7919,1000000US170311405003017,12,0,0,0,0,0,12,0,0,12,12,0,7,3,4,15,0,0
7920,1000000US170311405003018,126,66,18,0,11,0,30,96,0,30,60,6,65,64,1,156,0,0
7921,1000000US170311405003019,15,4,7,0,4,0,0,15,0,0,11,1,10,10,0,19,0,0
7922,1000000US170311405003020,63,16,4,1,17,0,28,35,0,28,47,3,28,25,3,95,0,0
7923,1000000US170311405003021,60,15,1,0,9,0,35,25,0,35,45,1,29,24,5,87,0,0
7924,1000000US170311405003022,67,10,3,0,3,0,54,13,0,54,57,8,27,26,1,101,0,3
7925,1000000US170311405003023,23,14,0,0,5,0,9,14,0,9,9,5,12,11,1,27,0,0
7926,1000000US170311406011000,5,2,0,0,3,0,0,5,0,0,3,0,2,2,0,5,0,0
7927,1000000US170311406011001,54,3,1,0,23,0,27,27,0,27,51,5,28,21,7,69,0,0
7928,1000000US170311406011002,120,3,4,3,45,0,58,62,0,58,117,13,39,36,3,154,3,4
7929,1000000US170311406011003,73,11,0,0,11,0,51,22,0,51,62,0,24,23,1,87,0,0
7930,1000000US170311406011004,43,19,0,0,1,0,23,20,0,23,24,1,22,17,5,60,0,0
7931,1000000US170311406011005,119,7,3,1,42,1,67,52,0,67,112,3,40,36,4,159,1,0
7932,1000000US170311406011006,75,30,2,2,17,0,26,49,0,26,45,0,36,32,4,100,2,0
7933,1000000US170311406011007,79,11,8,6,3,0,57,22,0,57,68,3,42,37,5,120,6,0
7934,1000000US170311406011008,69,15,0,0,23,6,31,38,0,31,54,7,29,24,5,91,0,0
7935,1000000US170311406011009,70,16,2,3,8,0,44,26,0,44,54,0,34,32,2,94,3,0
7936,1000000US170311406011010,65,9,0,0,10,0,46,19,0,46,56,0,33,27,6,96,0,0
7937,1000000US170311406011011,81,2,0,0,29,0,50,31,0,50,79,0,27,26,1,110,0,0
7938,1000000US170311406011012,0,0,0,0,0,0,0,0,0,0,0,0,0,0,0,0,0,0
7939,1000000US170311406011013,0,0,0,0,0,0,0,0,0,0,0,0,0,0,0,0,0,0
7940,1000000US170311406011014,90,10,0,0,11,0,71,19,0,71,80,4,41,34,7,124,0,0
7941,1000000US170311406011015,90,15,4,0,6,0,69,21,0,69,75,0,35,33,2,131,0,4
7942,1000000US170311406011016,118,12,0,0,16,0,90,28,0,90,106,4,38,35,3,164,0,0
7943,1000000US170311406011017,66,24,1,0,12,0,28,38,0,28,42,0,33,29,4,101,0,0
7944,1000000US170311406011018,82,27,9,0,13,0,34,48,0,34,55,2,34,33,1,110,0,1
7945,1000000US170311406011019,91,22,2,0,14,0,53,38,0,53,69,0,34,33,1,133,0,0
7946,1000000US170311406011020,97,34,3,4,3,0,56,41,0,56,63,3,41,40,1,130,2,1
7947,1000000US170311406011021,43,20,0,0,4,0,19,24,0,19,23,0,20,20,0,57,0,0
7948,1000000US170311406011022,2,1,1,0,0,0,0,2,0,0,1,1,1,1,0,2,0,0
7949,1000000US170311406011023,89,25,1,0,4,0,59,30,0,59,64,1,40,36,4,131,0,0
7950,1000000US170311406011024,63,36,2,0,0,0,25,38,0,25,27,0,33,31,2,85,0,0
7951,1000000US170311406011025,78,14,6,1,7,4,47,31,0,47,64,9,33,29,4,100,1,0
7952,1000000US170311406011026,76,36,0,0,12,0,28,48,0,28,40,1,37,36,1,94,0,0
7953,1000000US170311406011027,77,16,10,4,8,0,46,31,0,46,61,4,32,31,1,100,0,3
7954,1000000US170311406011028,34,10,1,0,0,0,23,11,0,23,24,0,16,16,0,46,0,0
7955,1000000US170311406011029,115,7,1,3,78,0,27,88,0,27,108,7,92,83,9,133,0,0
7956,1000000US170311406021000,101,5,2,4,38,0,57,44,0,57,96,6,44,43,1,125,3,0
7957,1000000US170311406021001,24,1,3,0,14,0,6,18,0,6,23,0,12,12,0,27,0,0
7958,1000000US170311406021002,138,12,5,0,45,0,76,62,0,76,126,7,55,51,4,183,0,0
7959,1000000US170311406021003,203,6,10,0,16,0,178,25,0,178,197,10,69,66,3,338,0,8
7960,1000000US170311406021004,162,84,5,0,4,0,71,91,0,71,78,3,70,67,3,219,0,2
7961,1000000US170311406021005,133,43,14,1,22,0,58,75,0,58,90,5,62,59,3,174,0,4
7962,1000000US170311406022000,151,38,16,8,8,0,91,60,0,91,113,6,71,58,13,203,8,2
7963,1000000US170311406022001,177,42,12,1,15,0,110,67,0,110,135,17,87,70,17,250,0,2
7964,1000000US170311406022002,198,47,16,1,18,0,118,80,0,118,151,15,115,88,27,292,1,0
7965,1000000US170311406022003,142,14,5,2,37,1,84,58,0,84,128,3,54,50,4,212,0,0
7966,1000000US170311406022004,49,20,6,0,3,0,20,29,0,20,29,0,21,20,1,67,0,0
7967,1000000US170311406022005,39,23,4,0,0,0,11,28,0,11,16,3,17,16,1,45,0,0
7968,1000000US170311406022006,40,19,1,0,1,0,20,20,0,20,21,4,18,18,0,64,0,0
7969,1000000US170311406022007,265,28,16,2,28,0,199,66,0,199,237,13,115,103,12,407,2,5
7970,1000000US170311406022008,25,18,1,0,0,0,6,19,0,6,7,0,14,12,2,29,0,0
7971,1000000US170311406022009,33,17,0,0,4,0,12,21,0,12,16,0,15,15,0,52,0,0
7972,1000000US170311406022010,39,11,3,0,4,0,21,18,0,21,28,0,15,15,0,52,0,0
7973,1000000US170311406022011,110,33,40,1,4,1,37,73,0,37,77,1,69,64,5,134,1,3
7974,1000000US170311406022012,40,27,1,0,6,0,6,34,0,6,13,0,29,26,3,45,0,0
7975,1000000US170311406022013,21,3,8,1,0,0,9,12,0,9,18,1,17,11,6,34,0,0
7976,1000000US170311406022014,0,0,0,0,0,0,0,0,0,0,0,0,0,0,0,0,0,0
7977,1000000US170311406023000,17,4,0,0,0,0,13,4,0,13,13,4,6,5,1,25,0,0
7978,1000000US170311406023001,59,4,0,4,30,0,25,34,0,25,55,3,24,24,0,85,4,0
7979,1000000US170311406023002,51,17,5,0,0,0,29,22,0,29,34,2,21,21,0,69,0,0
7980,1000000US170311406023003,94,18,0,1,13,0,62,32,0,62,76,3,37,37,0,129,0,0
7981,1000000US170311406023004,158,4,9,2,14,0,130,28,0,130,154,7,69,54,15,238,0,0
7982,1000000US170311406023005,63,9,0,1,9,0,45,18,0,45,54,11,32,27,5,84,1,0
7983,1000000US170311406023006,135,19,20,2,28,0,69,66,0,69,116,3,70,62,8,196,2,1
7984,1000000US170311406023007,120,33,15,1,13,0,58,62,0,58,87,1,69,57,12,164,1,0
7985,1000000US170311406023008,0,0,0,0,0,0,0,0,0,0,0,0,0,0,0,0,0,0
7986,1000000US170311406023009,105,7,5,1,31,0,64,41,0,64,98,5,43,38,5,151,0,2
7987,1000000US170311406023010,41,5,3,0,20,0,14,27,0,14,36,1,34,18,16,51,0,1
7988,1000000US170311406023011,188,44,38,0,30,1,79,109,0,79,144,9,81,77,4,265,0,3
7989,1000000US170311406023012,0,0,0,0,0,0,0,0,0,0,0,0,0,0,0,0,0,0
7990,1000000US170311406024000,131,38,8,7,15,0,65,66,0,65,93,3,62,52,10,176,7,0
7991,1000000US170311406024001,148,60,15,3,4,0,73,75,0,73,88,5,78,68,10,204,3,4
7992,1000000US170311406024002,67,6,10,4,10,0,45,22,0,45,61,5,39,33,6,105,4,2
7993,1000000US170311406024003,92,27,1,2,5,0,59,33,0,59,65,2,42,37,5,145,2,0
7994,1000000US170311406024004,97,19,24,0,0,1,55,42,0,55,78,3,49,44,5,141,0,1
7995,1000000US170311406024005,113,34,4,0,17,0,58,55,0,58,79,4,52,49,3,168,0,0
7996,1000000US170311406024006,38,19,2,0,1,0,16,22,0,16,19,0,20,19,1,49,0,0
7997,1000000US170311407011000,25,6,1,1,7,0,11,14,0,11,19,0,12,11,1,31,1,1
7998,1000000US170311407011001,10,8,1,0,0,0,1,9,0,1,2,0,11,9,2,10,0,0
7999,1000000US170311407011002,25,14,1,0,5,0,5,20,0,5,11,2,17,13,4,30,0,0
8000,1000000US170311407011003,6,0,0,0,6,0,0,6,0,0,6,0,89,1,88,8,0,0
8001,1000000US170311407011004,102,36,2,3,17,0,46,56,0,46,66,5,48,44,4,136,2,0
8002,1000000US170311407011005,84,8,0,1,35,0,47,37,0,47,76,7,31,27,4,125,1,0
8003,1000000US170311407011006,0,0,0,0,0,0,0,0,0,0,0,0,1,0,1,0,0,0
8004,1000000US170311407011007,188,52,14,3,54,0,67,121,0,67,136,7,89,79,10,240,3,0
8005,1000000US170311407011008,0,0,0,0,0,0,0,0,0,0,0,0,0,0,0,0,0,0
8006,1000000US170311407011009,120,73,2,1,28,0,17,103,0,17,47,4,62,56,6,169,1,0
8007,1000000US170311407011010,96,29,2,1,6,0,59,37,0,59,67,4,40,37,3,129,1,0
8008,1000000US170311407011011,103,22,11,2,17,1,53,50,0,53,81,9,49,49,0,151,2,2
8009,1000000US170311407011012,115,48,11,0,15,0,44,71,0,44,67,10,73,68,5,137,0,3
8010,1000000US170311407011013,94,12,14,4,0,0,70,24,0,70,82,9,40,36,4,136,4,2
8011,1000000US170311407011014,141,32,2,11,18,0,90,51,0,90,109,7,51,49,2,193,10,1
8012,1000000US170311407012000,0,0,0,0,0,0,0,0,0,0,0,0,0,0,0,0,0,0
8013,1000000US170311407012001,19,2,2,4,4,0,8,11,0,8,17,5,10,9,1,34,0,0
8014,1000000US170311407012002,11,0,0,0,4,0,7,4,0,7,11,0,4,4,0,19,0,0
8015,1000000US170311407012003,8,0,0,3,3,0,5,3,0,5,8,0,4,4,0,12,3,0
8016,1000000US170311407012004,109,27,12,4,11,0,57,52,0,57,82,1,47,41,6,135,3,1
8017,1000000US170311407012005,108,23,5,6,2,0,80,28,0,80,85,5,49,44,5,150,6,2
8018,1000000US170311407012006,136,25,2,5,35,0,73,63,0,73,111,5,79,71,8,178,5,0
8019,1000000US170311407012007,136,44,7,2,23,1,61,75,0,61,92,3,80,71,9,169,2,0
8020,1000000US170311407012008,121,22,10,3,15,0,78,43,0,78,99,7,62,56,6,155,2,5
8021,1000000US170311407012009,87,52,14,1,10,0,11,76,0,11,35,4,57,52,5,91,1,0
8022,1000000US170311407012010,112,27,0,0,15,0,73,39,0,73,85,5,44,42,2,133,0,0
8023,1000000US170311407012011,253,17,9,4,44,0,187,66,0,187,236,7,82,81,1,362,3,4
8024,1000000US170311407021000,61,14,7,0,5,0,37,24,0,37,47,6,35,24,11,82,0,2
8025,1000000US170311407021001,80,31,1,0,11,0,38,42,0,38,49,7,38,34,4,110,0,1
8026,1000000US170311407021002,138,30,4,2,5,0,100,38,0,100,108,5,67,61,6,193,2,0
8027,1000000US170311407021003,28,1,0,0,13,0,14,14,0,14,27,2,13,12,1,37,0,0
8028,1000000US170311407021004,42,3,0,2,1,0,38,4,0,38,39,2,20,18,2,62,2,0
8029,1000000US170311407021005,65,19,3,1,15,0,28,37,0,28,46,5,34,31,3,78,0,0
8030,1000000US170311407021006,94,19,4,3,6,0,61,33,0,61,75,2,40,37,3,141,3,0
8031,1000000US170311407021007,112,20,5,0,11,0,75,37,0,75,92,0,49,46,3,153,0,0
8032,1000000US170311407021008,75,12,4,0,8,1,48,27,0,48,63,0,34,32,2,103,0,0
8033,1000000US170311407021009,117,19,4,1,1,0,93,24,0,93,98,4,47,45,2,154,1,0
8034,1000000US170311407021010,105,17,1,0,14,0,79,26,0,79,88,8,36,35,1,154,0,1
8035,1000000US170311407021011,84,29,2,0,5,0,50,34,0,50,55,4,47,38,9,106,0,2
8036,1000000US170311407021012,20,0,0,2,2,0,18,2,0,18,20,2,6,6,0,35,0,0
8037,1000000US170311407021013,17,2,1,0,0,0,14,3,0,14,15,0,6,6,0,23,0,0
8038,1000000US170311407021014,67,38,0,0,5,0,24,43,0,24,29,0,38,37,1,90,0,0
8039,1000000US170311407021015,51,16,0,0,9,0,26,25,0,26,35,1,28,24,4,60,0,0
8040,1000000US170311407022000,192,39,12,6,10,0,127,65,0,127,153,16,89,81,8,262,0,0
8041,1000000US170311407022001,81,52,0,3,13,0,13,68,0,13,29,0,48,47,1,97,3,0
8042,1000000US170311407022002,94,38,6,0,9,0,43,51,0,43,56,2,50,47,3,118,0,2
8043,1000000US170311407022003,97,43,1,0,7,0,43,54,0,43,54,3,45,45,0,120,0,0
8044,1000000US170311407022004,47,9,0,1,10,0,28,19,0,28,38,2,17,17,0,71,0,0
8045,1000000US170311407022005,95,25,3,3,16,1,49,46,0,49,70,1,47,41,6,128,3,1
8046,1000000US170311407022006,76,8,5,7,2,0,62,14,0,62,68,0,32,30,2,123,7,1
8047,1000000US170311407022007,70,20,3,3,10,0,39,31,0,39,50,4,33,32,1,86,3,0
8048,1000000US170311407022008,125,16,7,6,35,0,74,51,0,74,109,8,47,44,3,165,4,7
8049,1000000US170311407022009,100,14,17,1,17,0,54,46,0,54,86,1,45,34,11,150,1,2
8050,1000000US170311407022010,80,10,13,0,3,0,55,25,0,55,70,2,36,32,4,111,0,1
8051,1000000US170311407022011,55,8,6,0,19,0,23,32,0,23,47,2,37,33,4,63,0,1
8052,1000000US170311407022012,49,5,6,2,0,1,42,7,0,42,44,3,24,22,2,77,2,5
8053,1000000US170311407023000,0,0,0,0,0,0,0,0,0,0,0,0,0,0,0,0,0,0
8054,1000000US170311407023001,158,46,1,0,40,0,72,86,0,72,112,15,82,72,10,198,0,0
8055,1000000US170311407023002,84,39,0,0,3,0,42,42,0,42,45,0,35,34,1,106,0,0
8056,1000000US170311407023003,122,32,2,2,8,0,80,42,0,80,90,4,56,49,7,186,2,0
8057,1000000US170311407023004,250,19,5,5,12,2,218,32,0,218,231,9,109,98,11,357,5,4
8058,1000000US170311407023005,183,17,11,0,7,0,151,32,0,151,166,9,83,78,5,250,0,3
8059,1000000US170311407023006,94,28,9,0,6,0,48,46,0,48,66,1,50,47,3,126,0,0
8060,1000000US170311407023007,96,38,7,1,7,0,45,51,0,45,58,3,50,46,4,121,1,1
8061,1000000US170311407023008,121,29,3,0,10,0,81,40,0,81,92,4,64,61,3,164,0,2
8062,1000000US170311407023009,72,36,1,1,13,0,21,51,0,21,36,2,51,45,6,80,0,0
8063,1000000US170311407024000,108,20,1,4,17,1,76,32,0,76,88,8,47,41,6,140,4,0
8064,1000000US170311407024001,37,19,0,0,1,0,17,20,0,17,18,1,22,20,2,50,0,0
8065,1000000US170311407024002,51,17,0,0,3,0,31,20,0,31,34,0,25,23,2,71,0,0
8066,1000000US170311407024003,75,18,1,0,8,0,48,27,0,48,57,1,26,26,0,103,0,0
8067,1000000US170311407024004,115,35,10,1,1,0,70,45,0,70,80,2,51,46,5,155,1,1
8068,1000000US170311407024005,115,16,4,2,21,0,73,42,0,73,99,2,46,43,3,162,0,2
8069,1000000US170311407024006,113,23,11,3,13,0,65,48,0,65,90,4,48,46,2,169,3,0
8070,1000000US170311407024007,133,43,7,8,5,0,79,54,0,79,90,5,69,64,5,188,5,1
8071,1000000US170311407024008,101,13,0,0,0,0,88,13,0,88,88,14,39,34,5,151,0,0
8072,1000000US170311407024009,104,7,7,1,20,0,70,34,0,70,97,1,47,41,6,157,0,0
8073,1000000US170311407024010,14,0,0,0,0,0,14,0,0,14,14,0,8,8,0,24,0,0
8074,1000000US170311407024011,53,6,6,0,4,0,39,14,0,39,47,2,26,25,1,77,0,0
8075,1000000US170311408001000,189,60,5,4,9,0,111,78,0,111,129,4,99,90,9,250,4,0
8076,1000000US170311408001001,99,25,6,0,5,0,64,35,0,64,74,6,44,40,4,125,0,1
8077,1000000US170311408001002,100,23,11,0,3,0,63,37,0,63,77,5,54,47,7,147,0,0
8078,1000000US170311408001003,0,0,0,0,0,0,0,0,0,0,0,0,0,0,0,0,0,0
8079,1000000US170311408001004,91,31,8,1,3,0,50,41,0,50,60,9,49,46,3,117,1,2
8080,1000000US170311408001005,113,35,9,7,2,4,66,47,0,66,78,6,61,58,3,163,7,3
8081,1000000US170311408001006,83,26,0,0,5,0,52,31,0,52,57,3,32,31,1,102,0,0
8082,1000000US170311408001007,111,76,4,4,9,0,19,92,0,19,35,4,70,64,6,135,4,0
8083,1000000US170311408001008,83,52,3,0,4,0,24,59,0,24,31,2,49,43,6,112,0,0
8084,1000000US170311408001009,41,17,1,0,4,0,19,22,0,19,24,0,19,17,2,49,0,0
8085,1000000US170311408001010,61,25,1,4,7,1,28,33,0,28,36,1,40,40,0,71,4,0
8086,1000000US170311408002000,69,57,2,0,1,0,11,58,0,11,12,0,41,39,2,84,0,2
8087,1000000US170311408002001,24,24,0,0,0,0,0,24,0,0,0,0,15,14,1,30,0,0
8088,1000000US170311408002002,24,23,0,0,0,0,1,23,0,1,1,0,15,14,1,29,0,0
8089,1000000US170311408002003,29,24,0,0,1,0,4,25,0,4,5,0,21,19,2,37,0,0
8090,1000000US170311408002004,14,14,0,0,0,0,0,14,0,0,0,0,9,8,1,17,0,0
8091,1000000US170311408002005,28,19,2,0,2,0,5,23,0,5,9,0,13,13,0,46,0,0
8092,1000000US170311408002006,33,25,1,0,1,0,6,27,0,6,8,0,16,15,1,45,0,0
8093,1000000US170311408002007,15,14,0,0,0,0,1,14,0,1,1,0,8,8,0,23,0,0
8094,1000000US170311408002008,43,40,0,0,1,0,2,41,0,2,3,0,28,25,3,53,0,0
8095,1000000US170311408002009,0,0,0,0,0,0,0,0,0,0,0,0,0,0,0,0,0,0
8096,1000000US170311408002010,48,45,0,0,1,0,2,46,0,2,3,0,29,23,6,51,0,0
8097,1000000US170311408002011,59,24,1,0,19,0,14,45,0,14,35,0,33,31,2,71,0,0
8098,1000000US170311408002012,16,16,0,0,0,0,0,16,0,0,0,0,12,9,3,25,0,0
8099,1000000US170311408002013,108,60,10,2,10,1,30,78,0,30,48,4,96,89,7,118,1,2
8100,1000000US170311408002014,8,8,0,0,0,0,0,8,0,0,0,0,6,6,0,8,0,0
8101,1000000US170311408002015,21,15,1,0,2,0,3,18,0,3,6,0,15,14,1,25,0,0
8102,1000000US170311408002016,43,30,6,0,4,0,3,40,0,3,13,2,23,22,1,53,0,0
8103,1000000US170311408003000,14,10,1,0,0,0,3,11,0,3,4,0,6,6,0,17,0,0
8104,1000000US170311408003001,13,12,0,0,0,0,1,12,0,1,1,0,7,7,0,22,0,0
8105,1000000US170311408003002,12,10,0,0,2,0,0,12,0,0,2,0,8,7,1,14,0,0
8106,1000000US170311408003003,41,24,0,0,5,0,13,28,0,13,17,2,31,27,4,47,0,0
8107,1000000US170311408003004,25,25,0,0,0,0,0,25,0,0,0,0,12,12,0,32,0,0
8108,1000000US170311408003005,18,16,0,0,2,0,0,18,0,0,2,0,10,10,0,22,0,0
8109,1000000US170311408003006,14,14,0,0,0,0,0,14,0,0,0,0,10,8,2,20,0,0
8110,1000000US170311408003007,18,15,1,0,2,0,0,18,0,0,3,0,10,10,0,26,0,0
8111,1000000US170311408003008,24,24,0,0,0,0,0,24,0,0,0,0,11,11,0,34,0,0
8112,1000000US170311408003009,22,17,0,0,3,0,2,20,0,2,5,0,11,11,0,30,0,0
8113,1000000US170311408003010,57,45,4,0,7,0,1,56,0,1,12,2,35,35,0,67,0,0
8114,1000000US170311408003011,66,47,1,1,0,0,18,48,0,18,19,2,47,36,11,79,1,1
8115,1000000US170311408003012,110,81,1,0,0,0,28,82,0,28,29,0,59,57,2,135,0,0
8116,1000000US170311408003013,72,40,0,0,16,0,16,56,0,16,32,3,40,35,5,89,0,0
8117,1000000US170311408003014,26,22,0,0,4,0,0,26,0,0,4,0,15,15,0,34,0,0
8118,1000000US170311408003015,28,25,3,0,0,0,3,25,0,3,3,0,14,14,0,39,0,3
8119,1000000US170311408003016,31,26,2,0,3,0,0,31,0,0,5,0,15,15,0,37,0,0
8120,1000000US170311408003017,21,19,0,0,0,0,2,19,0,2,2,0,12,12,0,31,0,0
8121,1000000US170311408003018,29,26,1,0,1,0,1,28,0,1,3,2,15,14,1,43,0,0
8122,1000000US170311408003019,24,24,0,0,0,0,0,24,0,0,0,0,14,13,1,33,0,0
8123,1000000US170311408003020,144,8,11,5,9,0,112,32,0,112,136,15,72,70,2,217,3,0
8124,1000000US170311408003021,0,0,0,0,0,0,0,0,0,0,0,0,0,0,0,0,0,0
8125,1000000US170311408003022,79,49,4,1,8,0,19,60,0,19,30,1,52,50,2,91,0,1
8126,1000000US170311408003023,31,17,2,0,7,0,7,24,0,7,14,0,16,14,2,41,0,2
8127,1000000US170311408004000,118,35,5,0,36,0,41,77,0,41,83,8,43,41,2,162,0,0
8128,1000000US170311408004001,68,33,1,1,2,0,31,37,0,31,35,1,37,36,1,80,1,0
8129,1000000US170311408004002,41,22,0,0,2,0,17,24,0,17,19,0,24,24,0,53,0,0
8130,1000000US170311408004003,50,11,5,3,7,0,32,18,0,32,39,10,26,22,4,73,3,5
8131,1000000US170311408004004,83,33,0,0,21,0,29,54,0,29,50,2,40,37,3,98,0,0
8132,1000000US170311408004005,95,48,1,0,16,0,30,65,0,30,47,3,43,41,2,119,0,0
8133,1000000US170311408004006,86,31,4,0,7,0,44,42,0,44,55,5,51,46,5,110,0,0
8134,1000000US170311408004007,84,26,2,0,7,0,49,35,0,49,58,4,42,38,4,112,0,0
8135,1000000US170311408004008,55,31,4,0,5,0,15,40,0,15,24,0,29,26,3,73,0,0
8136,1000000US170311408004009,89,50,5,2,0,0,34,55,0,34,39,2,49,49,0,106,1,0
8137,1000000US170311408004010,61,33,0,0,11,0,20,41,0,20,28,3,36,32,4,80,0,0
8138,1000000US170311408004011,79,32,5,0,19,0,23,56,0,23,47,3,36,36,0,97,0,0
8139,1000000US170311408004012,82,27,1,3,19,0,33,49,0,33,55,2,50,40,10,104,2,0
8140,1000000US170311408004013,54,13,1,0,4,0,36,18,0,36,41,1,28,24,4,79,0,0
8141,1000000US170311408004014,37,14,3,0,6,0,14,23,0,14,23,0,30,26,4,40,0,0
8142,1000000US170311408004015,10,7,1,0,0,0,2,8,0,2,3,1,5,5,0,14,0,0
8143,1000000US170311408005000,56,49,0,1,6,0,0,56,0,0,7,2,36,34,2,66,0,0
8144,1000000US170311408005001,9,9,0,0,0,0,0,9,0,0,0,0,4,4,0,11,0,0
8145,1000000US170311408005002,6,5,0,0,0,0,1,5,0,1,1,0,6,6,0,6,0,0
8146,1000000US170311408005003,26,21,0,0,2,0,3,23,0,3,5,0,17,16,1,32,0,0
8147,1000000US170311408005004,60,2,16,0,0,0,46,14,0,46,58,4,30,26,4,86,0,4
8148,1000000US170311408005005,45,9,0,1,28,1,6,39,0,6,36,4,25,22,3,55,1,0
8149,1000000US170311408005006,250,59,16,4,57,0,120,130,0,120,191,6,111,105,6,310,4,3
8150,1000000US170311408005007,184,29,10,1,36,1,112,72,0,112,155,9,69,62,7,258,0,2
8151,1000000US170311408005008,0,0,0,0,0,0,0,0,0,0,0,0,0,0,0,0,0,0
8152,1000000US170311408005009,192,18,7,1,17,0,151,41,0,151,174,2,81,77,4,286,1,1
8153,1000000US170311408005010,74,18,1,2,9,0,46,28,0,46,56,1,34,29,5,93,2,1
8154,1000000US170311408005011,79,47,2,2,14,0,16,63,0,16,32,4,46,45,1,90,2,0
8155,1000000US170311408005012,25,24,0,0,0,0,1,24,0,1,1,0,15,15,0,32,0,0
8156,1000000US170311408005013,17,17,0,0,0,0,0,17,0,0,0,0,8,8,0,22,0,0
8157,1000000US170311408005014,14,12,0,1,0,0,2,12,0,2,2,0,6,6,0,21,1,0
8158,1000000US170311408005015,18,16,0,1,0,0,1,17,0,1,2,1,10,10,0,22,0,0
8159,1000000US170311408005016,20,19,0,0,1,0,0,20,0,0,1,0,10,10,0,28,0,0
8160,1000000US170311408005017,11,10,0,0,1,0,0,11,0,0,1,0,7,7,0,17,0,0
8161,1000000US170311408005018,14,1,0,0,0,0,13,1,0,13,13,0,6,6,0,14,0,0
8162,1000000US170311408005019,174,57,0,0,31,0,86,88,0,86,117,5,80,76,4,235,0,0
8163,1000000US170311408005020,128,27,9,1,24,1,70,58,0,70,101,14,51,48,3,163,1,2
8164,1000000US170311408005021,20,20,0,0,0,0,0,20,0,0,0,0,10,10,0,26,0,0
8165,1000000US170311408005022,60,54,1,0,2,0,3,57,0,3,6,1,41,41,0,66,0,0
8166,1000000US170311408005023,74,59,3,1,1,0,10,64,0,10,15,1,48,47,1,75,1,0
8167,1000000US170311408005024,16,15,0,0,1,0,0,16,0,0,1,0,8,8,0,23,0,0
8168,1000000US170311408005025,17,17,0,0,0,0,0,17,0,0,0,0,9,9,0,21,0,0
8169,1000000US170311408005026,0,0,0,0,0,0,0,0,0,0,0,0,0,0,0,0,0,0
8170,1000000US170311408005027,15,14,1,0,0,0,0,15,0,0,1,0,8,8,0,22,0,0
8171,1000000US170311408005028,12,8,0,0,4,0,0,12,0,0,4,0,6,6,0,19,0,0
8172,1000000US170311408005029,31,29,0,0,1,0,1,30,0,1,2,0,16,16,0,41,0,0
8173,1000000US170311408005030,37,35,0,1,0,0,2,35,0,2,2,1,18,17,1,52,0,0
8174,1000000US170311408005031,33,25,0,0,2,0,6,27,0,6,8,0,15,15,0,47,0,0
8175,1000000US170311502001000,5,2,0,0,0,0,3,2,0,3,3,0,2,2,0,7,0,0
8176,1000000US170311502001001,79,49,4,0,7,0,19,60,0,19,30,4,53,47,6,92,0,0
8177,1000000US170311502001002,47,24,3,0,6,0,17,30,0,17,23,2,22,22,0,61,0,2
8178,1000000US170311502001003,13,7,4,0,0,0,2,11,0,2,6,0,10,10,0,13,0,0
8179,1000000US170311502001004,50,19,0,0,5,1,26,24,0,26,31,1,21,21,0,59,0,0
8180,1000000US170311502001005,36,25,2,0,0,0,9,27,0,9,11,1,17,17,0,46,0,0
8181,1000000US170311502001006,27,24,0,0,0,0,3,24,0,3,3,0,17,16,1,35,0,0
8182,1000000US170311502001007,50,41,1,0,4,0,4,46,0,4,9,0,24,23,1,71,0,0
8183,1000000US170311502001008,37,34,0,0,1,0,2,35,0,2,3,0,20,18,2,46,0,0
8184,1000000US170311502001009,36,28,0,0,7,0,1,35,0,1,8,0,17,17,0,49,0,0
8185,1000000US170311502001010,17,10,1,0,0,0,6,11,0,6,7,0,9,9,0,26,0,0
8186,1000000US170311502001011,28,26,0,0,0,0,2,26,0,2,2,2,14,14,0,37,0,0
8187,1000000US170311502001012,41,35,0,0,0,0,6,35,0,6,6,0,18,18,0,46,0,0
8188,1000000US170311502001013,32,23,3,1,0,0,7,25,0,7,9,1,16,15,1,40,1,1
8189,1000000US170311502001014,28,22,0,0,3,0,3,25,0,3,6,1,15,13,2,35,0,0
8190,1000000US170311502001015,26,17,1,0,5,0,3,23,0,3,9,2,17,17,0,32,0,0
8191,1000000US170311502001016,37,33,0,0,2,0,2,35,0,2,4,0,22,20,2,52,0,0
8192,1000000US170311502001017,0,0,0,0,0,0,0,0,0,0,0,0,0,0,0,0,0,0
8193,1000000US170311502001018,73,40,2,3,5,0,26,47,0,26,33,5,43,40,3,96,0,0
8194,1000000US170311502001019,17,10,0,0,0,0,7,10,0,7,7,1,9,9,0,24,0,0
8195,1000000US170311502001020,31,17,5,4,0,0,9,22,0,9,14,4,13,13,0,43,0,2
8196,1000000US170311502001021,0,0,0,0,0,0,0,0,0,0,0,0,0,0,0,0,0,0
8197,1000000US170311502001022,38,4,2,0,8,3,26,12,0,26,34,6,17,17,0,59,0,2
8198,1000000US170311502001023,0,0,0,0,0,0,0,0,0,0,0,0,0,0,0,0,0,0
8199,1000000US170311502001024,29,19,0,0,0,0,10,19,0,10,10,0,12,12,0,37,0,0
8200,1000000US170311502001025,0,0,0,0,0,0,0,0,0,0,0,0,0,0,0,0,0,0
8201,1000000US170311502001026,29,7,0,3,0,0,22,7,0,22,22,0,8,8,0,43,3,0
8202,1000000US170311502001027,55,42,2,0,1,0,10,45,0,10,13,0,43,37,6,62,0,0
8203,1000000US170311502001028,27,20,0,0,0,0,7,20,0,7,7,0,13,13,0,38,0,0
8204,1000000US170311502001029,18,14,0,0,0,0,4,14,0,4,4,0,10,10,0,26,0,0
8205,1000000US170311502001030,23,18,0,0,0,0,5,18,0,5,5,0,11,11,0,30,0,0
8206,1000000US170311502001031,41,26,1,1,0,0,13,28,0,13,15,0,26,21,5,50,1,0
8207,1000000US170311502002000,0,0,0,0,0,0,0,0,0,0,0,0,0,0,0,0,0,0
8208,1000000US170311502002001,0,0,0,0,0,0,0,0,0,0,0,0,0,0,0,0,0,0
8209,1000000US170311502002002,0,0,0,0,0,0,0,0,0,0,0,0,0,0,0,0,0,0
8210,1000000US170311502002003,118,36,4,0,72,0,6,112,0,6,82,4,59,55,4,168,0,0
8211,1000000US170311502002004,0,0,0,0,0,0,0,0,0,0,0,0,0,0,0,0,0,0
8212,1000000US170311502002005,16,11,0,0,5,0,0,16,0,0,5,0,9,6,3,18,0,0
8213,1000000US170311502002006,0,0,0,0,0,0,0,0,0,0,0,0,0,0,0,0,0,0
8214,1000000US170311502002007,0,0,0,0,0,0,0,0,0,0,0,0,0,0,0,0,0,0
8215,1000000US170311502002008,73,27,1,0,28,0,17,56,0,17,46,1,32,31,1,92,0,0
8216,1000000US170311502002009,33,12,0,0,15,0,7,26,0,7,21,0,15,14,1,44,0,0
8217,1000000US170311502002010,33,16,0,0,10,0,7,26,0,7,17,3,16,16,0,38,0,0
8218,1000000US170311502002011,47,23,0,3,7,0,15,32,0,15,24,2,28,19,9,56,1,0
8219,1000000US170311502002012,0,0,0,0,0,0,0,0,0,0,0,0,0,0,0,0,0,0
8220,1000000US170311502002013,0,0,0,0,0,0,0,0,0,0,0,0,0,0,0,0,0,0
8221,1000000US170311502002014,5,0,0,0,5,0,0,5,0,0,5,0,1,1,0,5,0,0
8222,1000000US170311502002015,0,0,0,0,0,0,0,0,0,0,0,0,0,0,0,0,0,0
8223,1000000US170311502002016,46,24,5,0,4,0,16,30,0,16,22,5,23,22,1,58,0,2
8224,1000000US170311502002017,44,20,0,0,1,0,16,28,0,16,24,2,18,15,3,63,0,0
8225,1000000US170311502002018,42,11,0,0,10,0,21,21,0,21,31,0,16,14,2,58,0,0
8226,1000000US170311502002019,34,31,0,0,0,0,3,31,0,3,3,0,16,16,0,43,0,0
8227,1000000US170311502002020,25,18,0,0,5,0,2,23,0,2,7,0,13,13,0,37,0,0
8228,1000000US170311502002021,22,19,0,0,1,0,2,20,0,2,3,0,14,13,1,25,0,0
8229,1000000US170311502002022,22,17,0,0,1,0,4,18,0,4,5,1,13,13,0,24,0,0
8230,1000000US170311502002023,32,25,0,0,0,0,7,25,0,7,7,0,15,15,0,40,0,0
8231,1000000US170311502002024,34,22,0,1,0,0,11,23,0,11,12,0,19,19,0,42,1,0
8232,1000000US170311502002025,26,18,0,1,0,0,7,19,0,7,8,1,21,21,0,28,0,0
8233,1000000US170311502002026,56,38,2,0,11,0,6,50,0,6,18,0,27,26,1,65,0,1
8234,1000000US170311502002027,34,20,3,0,6,0,5,29,0,5,14,1,23,17,6,48,0,0
8235,1000000US170311502002028,71,34,7,5,11,0,15,56,0,15,37,0,44,39,5,85,5,0
8236,1000000US170311502002029,43,24,0,1,0,0,18,25,0,18,19,1,24,23,1,57,0,0
8237,1000000US170311502002030,78,62,0,0,4,0,11,67,0,11,16,1,58,45,13,101,0,0
8238,1000000US170311502002031,59,43,0,2,1,0,13,46,0,13,16,1,28,28,0,85,1,0
8239,1000000US170311502002032,53,21,1,1,0,0,31,22,0,31,32,3,23,23,0,63,0,1
8240,1000000US170311502002033,66,22,6,1,7,0,30,36,0,30,44,2,33,30,3,89,0,0
8241,1000000US170311502002034,24,16,0,0,0,0,8,16,0,8,8,0,14,11,3,41,0,0
8242,1000000US170311502002035,53,34,0,0,0,0,19,34,0,19,19,0,27,25,2,80,0,0
8243,1000000US170311502003000,0,0,0,0,0,0,0,0,0,0,0,0,0,0,0,0,0,0
8244,1000000US170311502003001,145,111,2,3,2,0,28,117,0,28,34,2,123,109,14,149,2,1
8245,1000000US170311502003002,108,68,9,1,5,0,28,80,0,28,40,4,91,77,14,117,1,2
8246,1000000US170311502003003,100,67,2,1,19,1,13,87,0,13,33,4,74,69,5,105,1,0
8247,1000000US170311502003004,99,65,14,2,7,0,14,85,0,14,34,5,77,60,17,127,1,2
8248,1000000US170311502003005,67,38,5,0,3,0,23,44,0,23,29,4,50,37,13,103,0,2
8249,1000000US170311502003006,74,35,4,2,5,0,31,43,0,31,39,4,38,35,3,104,2,1
8250,1000000US170311502003007,21,20,0,0,0,0,1,20,0,1,1,0,10,10,0,26,0,0
8251,1000000US170311502003008,23,21,0,0,0,0,2,21,0,2,2,0,12,11,1,32,0,0
8252,1000000US170311502003009,38,24,1,0,0,0,13,25,0,13,14,1,18,17,1,51,0,0
8253,1000000US170311502003010,37,30,1,0,0,0,6,31,0,6,7,0,17,16,1,45,0,0
8254,1000000US170311502003011,42,30,0,3,0,0,9,33,0,9,12,3,24,24,0,54,0,0
8255,1000000US170311502003012,51,27,0,0,4,0,20,31,0,20,24,0,24,23,1,68,0,0
8256,1000000US170311502003013,33,17,0,2,4,0,10,23,0,10,16,2,13,12,1,38,0,0
8257,1000000US170311502003014,16,15,0,0,1,0,0,16,0,0,1,1,6,4,2,16,0,0
8258,1000000US170311502003015,28,18,3,0,0,0,7,21,0,7,10,0,17,17,0,36,0,0
8259,1000000US170311502003016,7,5,0,0,0,0,2,5,0,2,2,0,1,1,0,10,0,0
8260,1000000US170311502003017,22,10,1,0,0,0,11,11,0,11,12,0,10,9,1,36,0,0
8261,1000000US170311502003018,7,5,0,0,0,0,2,5,0,2,2,0,6,3,3,9,0,0
8262,1000000US170311502003019,0,0,0,0,0,0,0,0,0,0,0,0,0,0,0,0,0,0
8263,1000000US170311502003020,69,23,1,0,14,2,33,36,0,33,46,4,27,26,1,100,0,1
8264,1000000US170311502003021,60,31,10,0,2,0,18,42,0,18,29,0,46,43,3,72,0,1
8265,1000000US170311502003022,55,38,0,0,0,0,17,38,0,17,17,0,30,29,1,64,0,0
8266,1000000US170311502003023,1,0,0,0,0,0,1,0,0,1,1,0,3,1,2,1,0,0
8267,1000000US170311502004000,48,26,0,2,6,0,16,32,0,16,22,0,18,18,0,69,2,0
8268,1000000US170311502004001,30,21,1,0,4,0,4,26,0,4,9,4,14,13,1,47,0,0
8269,1000000US170311502004002,55,39,2,2,4,0,12,43,0,12,16,7,27,27,0,78,2,0
8270,1000000US170311502004003,54,33,0,1,3,0,18,36,0,18,21,0,22,22,0,71,1,0
8271,1000000US170311502004004,42,28,0,0,4,0,10,32,0,10,14,2,19,19,0,54,0,0
8272,1000000US170311502004005,31,23,0,0,4,0,4,27,0,4,8,0,14,14,0,41,0,0
8273,1000000US170311502004006,28,12,0,0,1,0,15,13,0,15,16,0,13,13,0,36,0,0
8274,1000000US170311502004007,14,8,0,0,0,0,5,9,0,5,6,0,6,5,1,22,0,0
8275,1000000US170311502004008,11,9,0,0,0,0,2,9,0,2,2,0,5,5,0,16,0,0
8276,1000000US170311502004009,0,0,0,0,0,0,0,0,0,0,0,0,1,0,1,0,0,0
8277,1000000US170311502004010,60,29,0,0,1,0,30,30,0,30,31,5,37,29,8,71,0,0
8278,1000000US170311502004011,29,21,0,0,2,0,6,23,0,6,8,0,18,16,2,29,0,0
8279,1000000US170311502004012,34,29,2,0,2,0,2,32,0,2,5,1,17,16,1,39,0,1
8280,1000000US170311502004013,15,14,0,0,0,0,0,15,0,0,1,1,10,10,0,15,0,0
8281,1000000US170311502004014,27,26,0,0,0,0,1,26,0,1,1,0,16,16,0,32,0,0
8282,1000000US170311502004015,7,7,0,0,0,0,0,7,0,0,0,0,4,4,0,9,0,0
8283,1000000US170311502004016,31,25,0,2,0,2,2,29,0,2,6,3,17,16,1,38,0,0
8284,1000000US170311502004017,21,14,0,0,0,0,7,14,0,7,7,0,11,10,1,31,0,0
8285,1000000US170311502004018,41,31,0,2,2,1,6,35,0,6,10,3,18,18,0,57,0,0
8286,1000000US170311502004019,17,16,0,1,0,0,0,17,0,0,1,0,9,9,0,26,1,0
8287,1000000US170311502004020,48,39,0,0,1,0,8,40,0,8,9,0,25,24,1,55,0,0
8288,1000000US170311502004021,28,27,0,0,0,0,1,27,0,1,1,0,13,12,1,38,0,0
8289,1000000US170311502004022,15,12,0,0,0,0,3,12,0,3,3,0,7,7,0,19,0,0
8290,1000000US170311502004023,24,18,0,0,0,0,6,18,0,6,6,0,11,9,2,39,0,0
8291,1000000US170311502004024,51,32,0,0,6,0,13,38,0,13,19,4,25,25,0,56,0,0
8292,1000000US170311502004025,31,22,4,0,0,0,5,26,0,5,9,2,20,16,4,36,0,0
8293,1000000US170311502004026,64,42,1,0,0,0,21,43,0,21,22,1,39,38,1,87,0,0
8294,1000000US170311502004027,21,9,5,0,1,0,6,15,0,6,12,0,10,10,0,25,0,0
8295,1000000US170311502004028,95,66,1,0,3,0,24,71,0,24,29,1,50,46,4,105,0,0
8296,1000000US170311502004029,62,52,0,0,2,0,8,54,0,8,10,2,27,27,0,74,0,0
8297,1000000US170311502004030,21,16,0,0,0,0,5,16,0,5,5,0,34,17,17,23,0,0
8298,1000000US170311502004031,76,65,0,2,4,0,5,71,0,5,11,2,40,39,1,86,2,0
8299,1000000US170311502004032,53,43,1,0,2,0,7,46,0,7,10,0,31,28,3,58,0,0
8300,1000000US170311502004033,6,0,0,0,2,0,4,2,0,4,6,0,6,2,4,6,0,0
8301,1000000US170311502004034,8,8,0,0,0,0,0,8,0,0,0,0,4,4,0,8,0,0
8302,1000000US170311502004035,72,52,0,1,0,0,19,53,0,19,20,1,45,40,5,100,1,0
8303,1000000US170311502004036,89,51,0,0,16,0,25,64,0,25,38,6,50,42,8,119,0,0
8304,1000000US170311502004037,18,16,2,0,0,0,0,18,0,0,2,0,14,7,7,19,0,0
8305,1000000US170311502004038,24,17,2,0,0,0,7,17,0,7,7,0,16,16,0,26,0,2
8306,1000000US170311502004039,72,40,3,1,3,0,24,48,0,24,32,2,40,40,0,94,0,1
8307,1000000US170311502004040,36,20,0,4,6,0,10,26,0,10,16,6,14,13,1,38,0,0
8308,1000000US170311502004041,14,7,2,0,2,0,3,11,0,3,7,3,8,7,1,17,0,0
8309,1000000US170311502004042,14,13,0,0,0,0,1,13,0,1,1,0,8,8,0,23,0,0
8310,1000000US170311502005000,0,0,0,0,0,0,0,0,0,0,0,0,0,0,0,0,0,0
8311,1000000US170311502005001,21,13,0,2,1,0,5,16,0,5,8,0,12,12,0,27,2,0
8312,1000000US170311502005002,36,36,0,0,0,0,0,36,0,0,0,0,19,17,2,50,0,0
8313,1000000US170311502005003,6,0,0,0,0,0,6,0,0,6,6,0,2,1,1,6,0,0
8314,1000000US170311502005004,65,27,1,0,0,0,37,28,0,37,38,0,26,26,0,81,0,0
8315,1000000US170311502005005,135,80,9,0,9,0,39,96,0,39,55,2,61,60,1,173,0,2
8316,1000000US170311502005006,80,25,2,2,3,0,51,29,0,51,55,7,45,39,6,119,2,0
8317,1000000US170311502005007,101,59,8,1,2,1,33,68,0,33,42,6,62,52,10,154,0,2
8318,1000000US170311502005008,53,32,1,4,0,2,14,39,0,14,21,4,28,27,1,71,2,0
8319,1000000US170311502005009,29,22,1,0,3,2,2,27,0,2,7,3,18,17,1,31,0,0
8320,1000000US170311502005010,8,6,0,0,0,0,2,6,0,2,2,0,5,5,0,9,0,0
8321,1000000US170311502005011,37,18,0,3,6,0,12,25,0,12,19,3,20,20,0,52,1,0
8322,1000000US170311502005012,23,20,1,0,0,0,2,21,0,2,3,0,12,11,1,28,0,0
8323,1000000US170311502005013,24,22,0,0,0,0,2,22,0,2,2,0,15,11,4,28,0,0
8324,1000000US170311502005014,102,53,6,0,3,0,44,58,0,44,49,3,60,56,4,130,0,3
8325,1000000US170311502005015,57,39,1,1,0,4,18,39,0,18,18,6,44,34,10,72,0,1
8326,1000000US170311502005016,141,89,8,2,5,0,39,102,0,39,52,2,113,104,9,157,0,2
8327,1000000US170311502005017,10,4,0,1,1,0,4,6,0,4,6,0,4,4,0,10,1,0
8328,1000000US170311502005018,106,45,1,0,1,0,58,48,0,58,61,0,50,47,3,155,0,0
8329,1000000US170311502005019,67,41,0,0,0,0,26,41,0,26,26,0,37,33,4,84,0,0
8330,1000000US170311503001000,0,0,0,0,0,0,0,0,0,0,0,0,0,0,0,0,0,0
8331,1000000US170311503001001,28,22,0,1,2,0,3,25,0,3,6,0,14,14,0,35,1,0
8332,1000000US170311503001002,6,6,0,0,0,0,0,6,0,0,0,0,7,5,2,8,0,0
8333,1000000US170311503001003,33,20,2,0,3,0,8,25,0,8,13,1,21,21,0,46,0,0
8334,1000000US170311503001004,22,22,0,0,0,0,0,22,0,0,0,0,11,11,0,23,0,0
8335,1000000US170311503001005,19,8,0,0,4,0,7,12,0,7,11,0,10,10,0,22,0,0
8336,1000000US170311503001006,23,23,0,0,0,0,0,23,0,0,0,0,8,7,1,25,0,0
8337,1000000US170311503001007,18,15,0,2,2,0,1,17,0,1,3,2,14,10,4,19,2,0
8338,1000000US170311503001008,70,54,1,1,4,0,10,60,0,10,16,2,45,39,6,84,0,0
8339,1000000US170311503001009,33,18,6,0,0,0,13,20,0,13,15,7,20,20,0,39,0,4
8340,1000000US170311503001010,53,44,0,0,0,0,9,44,0,9,9,0,33,31,2,58,0,0
8341,1000000US170311503001011,0,0,0,0,0,0,0,0,0,0,0,0,0,0,0,0,0,0
8342,1000000US170311503001012,0,0,0,0,0,0,0,0,0,0,0,0,0,0,0,0,0,0
8343,1000000US170311503001013,16,4,2,0,2,0,9,7,0,9,12,0,6,6,0,17,0,1
8344,1000000US170311503001014,19,16,0,2,1,0,0,19,0,0,3,1,15,12,3,30,1,0
8345,1000000US170311503001015,82,57,2,0,7,0,18,64,0,18,25,3,54,43,11,98,0,0
8346,1000000US170311503001016,104,79,2,1,8,0,14,90,0,14,25,1,67,59,8,117,1,0
8347,1000000US170311503001017,159,135,0,1,15,0,8,151,0,8,24,0,100,95,5,177,1,0
8348,1000000US170311503001018,166,127,0,4,9,0,27,139,0,27,39,6,107,93,14,205,2,0
8349,1000000US170311503001019,24,21,0,0,0,0,3,21,0,3,3,0,12,11,1,32,0,0
8350,1000000US170311503002000,11,10,0,0,0,0,1,10,0,1,1,0,9,7,2,11,0,0
8351,1000000US170311503002001,40,36,0,0,0,0,4,36,0,4,4,0,23,20,3,50,0,0
8352,1000000US170311503002002,143,105,1,0,10,0,29,114,0,29,38,2,71,69,2,194,0,1
8353,1000000US170311503002003,18,11,0,0,3,0,4,14,0,4,7,0,10,9,1,23,0,0
8354,1000000US170311503002004,11,2,0,0,3,0,6,5,0,6,9,0,5,5,0,13,0,0
8355,1000000US170311503002005,3,2,0,0,1,0,0,3,0,0,1,0,0,0,0,3,0,0
8356,1000000US170311503002006,11,10,0,0,1,0,0,11,0,0,1,0,9,9,0,12,0,0
8357,1000000US170311503002007,66,45,0,0,0,0,19,47,0,19,21,0,30,29,1,87,0,0
8358,1000000US170311503002008,67,37,4,1,1,0,25,42,0,25,30,2,38,34,4,91,0,1
8359,1000000US170311503002009,78,59,0,0,5,0,14,64,0,14,19,0,50,39,11,94,0,0
8360,1000000US170311503002010,68,46,0,0,2,0,20,48,0,20,22,0,32,31,1,86,0,0
8361,1000000US170311503002011,90,57,4,0,16,0,18,72,0,18,33,6,47,38,9,123,0,4
8362,1000000US170311503002012,116,56,2,0,18,0,42,74,0,42,60,0,55,50,5,169,0,2
8363,1000000US170311503002013,113,52,5,0,21,0,37,76,0,37,61,3,50,48,2,148,0,2
8364,1000000US170311503002014,97,43,4,2,0,0,52,45,0,52,54,5,53,47,6,133,0,2
8365,1000000US170311503002015,61,46,3,0,4,0,8,53,0,8,15,2,34,32,2,96,0,0
8366,1000000US170311503002016,37,30,0,0,0,0,7,30,0,7,7,0,18,18,0,53,0,0
8367,1000000US170311503003000,60,47,0,3,1,0,12,48,0,12,13,3,30,24,6,73,0,0
8368,1000000US170311503003001,48,27,0,1,9,0,11,37,0,11,21,3,23,22,1,59,0,0
8369,1000000US170311503003002,50,40,0,0,0,0,10,40,0,10,10,0,22,21,1,61,0,0
8370,1000000US170311503003003,81,38,0,0,12,0,31,50,0,31,43,5,48,39,9,108,0,0
8371,1000000US170311503003004,81,50,1,1,4,0,27,54,0,27,31,6,43,42,1,119,0,1
8372,1000000US170311503003005,44,33,1,0,2,0,8,36,0,8,11,1,23,22,1,58,0,0
8373,1000000US170311503003006,30,27,0,0,1,0,2,28,0,2,3,0,15,15,0,41,0,0
8374,1000000US170311503003007,80,44,0,1,0,0,34,46,0,34,36,1,48,46,2,110,1,0
8375,1000000US170311503003008,86,50,0,0,4,0,32,54,0,32,36,1,46,43,3,111,0,0
8376,1000000US170311503003009,0,0,0,0,0,0,0,0,0,0,0,0,0,0,0,0,0,0
8377,1000000US170311503003010,70,28,1,2,4,1,38,32,0,38,42,2,43,38,5,110,2,1
8378,1000000US170311503004000,43,37,0,0,0,0,6,37,0,6,6,0,23,21,2,62,0,0
8379,1000000US170311503004001,49,37,0,0,4,0,11,38,0,11,12,3,23,22,1,68,0,0
8380,1000000US170311503004002,33,21,0,0,2,0,10,23,0,10,12,1,22,20,2,51,0,0
8381,1000000US170311503004003,26,26,0,0,0,0,0,26,0,0,0,0,13,13,0,40,0,0
8382,1000000US170311503004004,56,49,0,0,0,0,7,49,0,7,7,0,24,23,1,65,0,0
8383,1000000US170311503004005,47,35,5,4,0,0,11,36,0,11,12,4,26,24,2,64,0,4
8384,1000000US170311503004006,46,45,0,0,0,0,1,45,0,1,1,0,20,20,0,58,0,0
8385,1000000US170311503004007,40,23,0,0,0,0,17,23,0,17,17,0,23,22,1,61,0,0
8386,1000000US170311503004008,39,33,1,0,1,0,6,33,0,6,6,0,16,16,0,51,0,1
8387,1000000US170311503004009,48,37,2,1,2,0,7,41,0,7,11,2,22,22,0,65,0,0
8388,1000000US170311503004010,37,30,0,0,0,0,7,30,0,7,7,0,21,19,2,42,0,0
8389,1000000US170311503004011,35,22,0,0,8,0,8,27,0,8,13,0,14,14,0,49,0,0
8390,1000000US170311503004012,45,21,1,0,1,0,22,23,0,22,24,1,24,23,1,60,0,0
8391,1000000US170311503004013,35,30,0,0,1,0,4,31,0,4,5,0,17,17,0,45,0,0
8392,1000000US170311503004014,39,31,0,0,0,0,8,31,0,8,8,0,21,20,1,52,0,0
8393,1000000US170311503004015,52,31,1,3,3,0,17,35,0,17,21,4,24,24,0,63,2,0
8394,1000000US170311503004016,50,23,0,0,5,0,24,26,0,24,27,0,17,17,0,51,0,0
8395,1000000US170311503004017,16,15,0,0,0,0,1,15,0,1,1,0,9,9,0,20,0,0
8396,1000000US170311503004018,3,3,0,0,0,0,0,3,0,0,0,0,3,2,1,4,0,0
8397,1000000US170311503004019,26,19,1,1,0,0,5,21,0,5,7,1,18,15,3,40,0,0
8398,1000000US170311503005000,54,44,0,0,3,0,7,47,0,7,10,0,20,20,0,61,0,0
8399,1000000US170311503005001,34,24,0,0,2,0,8,26,0,8,10,0,15,15,0,50,0,0
8400,1000000US170311503005002,9,6,0,0,0,0,2,7,0,2,3,3,4,4,0,14,0,0
8401,1000000US170311503005003,43,38,1,0,0,0,4,39,0,4,5,0,16,15,1,56,0,0
8402,1000000US170311503005004,49,38,0,0,1,0,10,39,0,10,11,0,19,19,0,52,0,0
8403,1000000US170311503005005,41,25,0,0,3,0,12,29,0,12,16,1,19,19,0,52,0,0
8404,1000000US170311503005006,34,30,0,0,0,0,4,30,0,4,4,3,15,14,1,47,0,0
8405,1000000US170311503005007,11,2,0,0,0,0,9,2,0,9,9,0,6,5,1,15,0,0
8406,1000000US170311503005008,33,24,0,0,1,0,8,25,0,8,9,0,17,17,0,57,0,0
8407,1000000US170311503005009,36,28,0,0,1,0,7,29,0,7,8,1,22,20,2,47,0,0
8408,1000000US170311503005010,45,32,0,0,2,0,11,34,0,11,13,0,23,23,0,54,0,0
8409,1000000US170311503005011,31,22,1,0,0,0,8,23,0,8,9,0,15,14,1,35,0,0
8410,1000000US170311503005012,0,0,0,0,0,0,0,0,0,0,0,0,0,0,0,0,0,0
8411,1000000US170311503005013,73,34,3,4,0,0,35,38,0,35,39,2,42,36,6,86,3,2
8412,1000000US170311503005014,94,62,2,0,2,0,28,66,0,28,32,3,58,48,10,112,0,0
8413,1000000US170311503005015,0,0,0,0,0,0,0,0,0,0,0,0,0,0,0,0,0,0
8414,1000000US170311503006000,128,100,0,0,6,0,23,105,0,23,28,1,73,69,4,155,0,0
8415,1000000US170311503006001,124,94,0,2,4,0,24,100,0,24,30,2,66,62,4,148,0,0
8416,1000000US170311503006002,66,36,3,4,1,0,25,41,0,25,30,5,42,39,3,90,4,0
8417,1000000US170311503006003,68,50,0,0,3,0,14,54,0,14,18,0,50,43,7,84,0,0
8418,1000000US170311503006004,66,51,2,0,0,0,13,53,0,13,15,1,39,36,3,84,0,0
8419,1000000US170311503006005,50,26,0,0,3,0,19,31,0,19,24,0,26,22,4,73,0,0
8420,1000000US170311503006006,28,22,2,0,0,0,4,24,0,4,6,0,18,17,1,32,0,0
8421,1000000US170311503006007,7,7,0,0,0,0,0,7,0,0,0,0,4,4,0,10,0,0
8422,1000000US170311503006008,34,26,3,0,0,0,8,26,0,8,8,0,19,16,3,40,0,3
8423,1000000US170311503006009,42,33,1,0,0,0,8,34,0,8,9,0,17,17,0,45,0,0
8424,1000000US170311503006010,33,29,1,0,1,0,2,31,0,2,4,1,24,21,3,41,0,0
8425,1000000US170311503006011,13,9,1,0,0,0,3,10,0,3,4,3,7,5,2,18,0,0
8426,1000000US170311503006012,0,0,0,0,0,0,0,0,0,0,0,0,0,0,0,0,0,0
8427,1000000US170311503006013,0,0,0,0,0,0,0,0,0,0,0,0,0,0,0,0,0,0
8428,1000000US170311503006014,22,10,0,0,0,0,12,10,0,12,12,0,12,10,2,28,0,0
8429,1000000US170311503006015,31,27,1,0,0,0,4,27,0,4,4,0,31,24,7,35,0,1
8430,1000000US170311503006016,45,42,1,1,0,0,1,44,0,1,3,0,17,17,0,62,1,0
8431,1000000US170311503006017,31,20,0,0,1,0,10,21,0,10,11,0,13,12,1,45,0,0
8432,1000000US170311503007000,22,16,0,0,4,0,2,20,0,2,6,1,15,15,0,26,0,0
8433,1000000US170311503007001,54,41,0,1,2,0,11,43,0,11,13,0,32,30,2,62,1,0
8434,1000000US170311503007002,43,33,4,1,2,1,2,41,0,2,10,1,26,24,2,55,1,0
8435,1000000US170311503007003,0,0,0,0,0,0,0,0,0,0,0,0,0,0,0,0,0,0
8436,1000000US170311503007004,24,19,0,0,4,0,1,23,0,1,5,0,17,16,1,27,0,0
8437,1000000US170311503007005,18,16,0,0,1,0,1,17,0,1,2,1,9,9,0,23,0,0
8438,1000000US170311503007006,30,29,0,0,0,0,1,29,0,1,1,0,21,18,3,34,0,0
8439,1000000US170311503007007,22,10,4,2,0,0,9,13,0,9,12,1,13,13,0,35,2,1
8440,1000000US170311503007008,29,22,0,0,1,0,6,23,0,6,7,0,19,17,2,33,0,0
8441,1000000US170311503007009,20,15,0,0,3,0,2,18,0,2,5,0,10,9,1,22,0,0
8442,1000000US170311503007010,36,35,0,0,1,0,0,36,0,0,1,0,22,21,1,45,0,0
8443,1000000US170311503007011,53,29,0,1,1,0,22,31,0,22,24,1,27,25,2,73,0,0
8444,1000000US170311503007012,34,24,0,1,1,0,8,26,0,8,10,1,20,18,2,42,0,0
8445,1000000US170311503007013,65,44,0,1,8,0,12,53,0,12,21,1,36,33,3,76,1,0
8446,1000000US170311503007014,38,30,1,0,2,0,5,33,0,5,8,4,23,21,2,48,0,0
8447,1000000US170311503007015,38,38,0,0,0,0,0,38,0,0,0,0,22,21,1,48,0,0
8448,1000000US170311503007016,41,38,0,0,1,0,2,39,0,2,3,1,25,21,4,55,0,0
8449,1000000US170311503007017,57,46,2,0,0,0,11,46,0,11,11,2,28,23,5,64,0,2
8450,1000000US170311503007018,47,42,0,1,0,0,5,42,0,5,5,1,24,21,3,61,0,0
8451,1000000US170311503007019,43,33,1,0,6,0,3,40,0,3,10,0,19,19,0,56,0,0
8452,1000000US170311503007020,129,103,0,0,9,0,17,112,0,17,26,0,87,77,10,147,0,0
8453,1000000US170311503007021,139,110,1,0,11,0,17,122,0,17,29,0,86,81,5,156,0,0
8454,1000000US170311504011000,8,7,0,0,0,0,1,7,0,1,1,0,5,4,1,8,0,0
8455,1000000US170311504011001,69,51,0,0,6,0,12,57,0,12,18,0,40,37,3,84,0,0
8456,1000000US170311504011002,66,44,0,6,0,0,21,45,0,21,22,5,29,29,0,90,1,0
8457,1000000US170311504011003,97,62,0,1,5,0,29,68,0,29,35,1,52,50,2,133,0,0
8458,1000000US170311504011004,76,60,3,0,7,0,6,70,0,6,16,0,66,54,12,85,0,0
8459,1000000US170311504011005,52,43,0,0,5,0,4,48,0,4,9,0,30,24,6,65,0,0
8460,1000000US170311504011006,22,13,0,0,0,0,9,13,0,9,9,0,12,11,1,30,0,0
8461,1000000US170311504011007,60,37,0,2,2,0,21,39,0,21,23,2,27,26,1,82,2,0
8462,1000000US170311504011008,34,18,0,0,1,0,15,19,0,15,16,2,16,14,2,40,0,0
8463,1000000US170311504011009,28,27,0,0,0,0,1,27,0,1,1,0,14,14,0,30,0,0
8464,1000000US170311504011010,63,38,3,0,0,0,22,41,0,22,25,3,41,35,6,78,0,0
8465,1000000US170311504011011,46,36,0,0,0,0,9,37,0,9,10,2,27,26,1,64,0,0
8466,1000000US170311504011012,47,26,1,0,3,0,17,30,0,17,21,0,21,21,0,65,0,0
8467,1000000US170311504011013,59,31,0,0,5,0,23,36,0,23,28,1,31,30,1,71,0,0
8468,1000000US170311504011014,36,12,0,0,0,0,24,12,0,24,24,0,17,17,0,43,0,0
8469,1000000US170311504011015,33,26,0,0,2,0,6,27,0,6,7,1,18,18,0,40,0,0
8470,1000000US170311504011016,41,31,3,0,0,0,10,31,0,10,10,3,20,19,1,53,0,3
8471,1000000US170311504011017,40,32,0,0,1,0,8,32,0,8,8,0,20,19,1,56,0,0
8472,1000000US170311504011018,39,21,1,0,5,0,13,26,0,13,18,1,17,17,0,48,0,0
8473,1000000US170311504012000,60,41,0,1,5,0,14,46,0,14,19,0,25,25,0,67,1,0
8474,1000000US170311504012001,32,21,0,0,0,0,10,22,0,10,11,0,15,14,1,45,0,0
8475,1000000US170311504012002,52,34,0,0,0,0,18,34,0,18,18,0,22,21,1,69,0,0
8476,1000000US170311504012003,49,34,0,2,1,0,14,35,0,14,15,2,20,20,0,67,0,0
8477,1000000US170311504012004,25,18,0,0,0,0,7,18,0,7,7,0,14,12,2,29,0,0
8478,1000000US170311504012005,31,26,0,0,3,0,2,29,0,2,5,0,17,16,1,49,0,0
8479,1000000US170311504012006,27,25,0,0,1,1,1,26,0,1,2,1,13,13,0,37,0,0
8480,1000000US170311504012007,39,33,0,0,0,0,6,33,0,6,6,0,20,18,2,52,0,0
8481,1000000US170311504012008,59,42,0,0,0,0,17,42,0,17,17,0,27,25,2,85,0,0
8482,1000000US170311504012009,19,15,0,2,2,0,0,19,0,0,4,2,8,8,0,29,0,0
8483,1000000US170311504012010,58,53,1,0,1,1,2,56,0,2,5,0,39,34,5,66,0,0
8484,1000000US170311504012011,28,12,1,0,10,0,6,22,0,6,16,4,11,11,0,29,0,1
8485,1000000US170311504012012,24,23,0,0,0,0,1,23,0,1,1,0,13,13,0,28,0,0
8486,1000000US170311504012013,33,28,0,0,0,0,5,28,0,5,5,0,13,13,0,44,0,0
8487,1000000US170311504012014,32,30,0,0,1,0,1,31,0,1,2,0,15,15,0,40,0,0
8488,1000000US170311504012015,38,20,0,0,4,0,14,24,0,14,18,0,15,15,0,55,0,0
8489,1000000US170311504012016,72,45,0,0,6,0,20,52,0,20,27,5,33,33,0,89,0,0
8490,1000000US170311504012017,63,49,1,0,0,0,13,50,0,13,14,0,33,32,1,100,0,0
8491,1000000US170311504012018,59,36,1,0,3,0,19,40,0,19,23,1,29,28,1,70,0,0
8492,1000000US170311504012019,35,28,0,0,0,0,7,28,0,7,7,0,25,21,4,40,0,0
8493,1000000US170311504012020,42,37,0,0,0,0,5,37,0,5,5,0,16,16,0,56,0,0
8494,1000000US170311504012021,54,37,1,0,2,0,15,39,0,15,17,2,28,28,0,66,0,1
8495,1000000US170311504012022,61,42,0,1,0,0,19,42,0,19,19,4,38,36,2,73,0,0
8496,1000000US170311504012023,12,10,0,0,0,0,2,10,0,2,2,0,7,7,0,14,0,0
8497,1000000US170311504012024,17,12,1,1,0,0,5,12,0,5,5,1,9,9,0,22,0,1
8498,1000000US170311504013000,203,170,3,1,13,0,17,186,0,17,33,6,137,122,15,232,1,0
8499,1000000US170311504013001,0,0,0,0,0,0,0,0,0,0,0,0,0,0,0,0,0,0
8500,1000000US170311504013002,14,11,0,0,0,0,3,11,0,3,3,0,8,7,1,16,0,0
8501,1000000US170311504013003,95,57,0,0,6,0,32,63,0,32,38,1,54,52,2,131,0,0
8502,1000000US170311504013004,65,44,2,1,11,0,11,54,0,11,21,3,26,25,1,84,1,2
8503,1000000US170311504013005,51,42,0,0,3,0,6,45,0,6,9,0,26,24,2,66,0,0
8504,1000000US170311504013006,73,61,0,4,2,0,8,65,0,8,12,3,37,35,2,86,3,0
8505,1000000US170311504013007,97,70,0,0,8,0,19,78,0,19,27,0,57,47,10,138,0,0
8506,1000000US170311504013008,51,47,2,2,0,0,3,48,0,3,4,2,28,25,3,71,2,1
8507,1000000US170311504013009,50,43,0,0,2,0,5,45,0,5,7,0,28,28,0,55,0,0
8508,1000000US170311504013010,50,35,0,1,3,0,12,38,0,12,15,2,31,29,2,73,0,0
8509,1000000US170311504013011,66,41,0,0,4,0,21,45,0,21,25,0,34,31,3,87,0,0
8510,1000000US170311504013012,53,43,4,0,2,0,6,47,0,6,10,0,25,24,1,67,0,2
8511,1000000US170311504013013,65,52,0,0,1,0,12,53,0,12,13,0,32,28,4,77,0,0
8512,1000000US170311504013014,46,26,3,0,3,0,14,32,0,14,20,0,27,23,4,56,0,0
8513,1000000US170311504013015,10,9,0,0,1,0,0,10,0,0,1,1,4,4,0,16,0,0
8514,1000000US170311504014000,30,19,0,0,1,0,7,23,0,7,11,3,12,12,0,41,0,0
8515,1000000US170311504014001,18,13,0,1,3,0,1,17,0,1,5,1,11,10,1,22,0,0
8516,1000000US170311504014002,29,25,0,0,4,0,0,29,0,0,4,0,17,14,3,45,0,0
8517,1000000US170311504014003,18,16,0,0,1,0,1,17,0,1,2,1,10,9,1,21,0,0
8518,1000000US170311504014004,37,24,2,0,4,0,7,30,0,7,13,2,21,18,3,54,0,0
8519,1000000US170311504014005,38,31,0,0,0,0,7,31,0,7,7,0,16,16,0,46,0,0
8520,1000000US170311504014006,39,25,0,0,6,0,8,31,0,8,14,0,15,15,0,42,0,0
8521,1000000US170311504014007,25,14,0,0,0,0,11,14,0,11,11,0,14,13,1,32,0,0
8522,1000000US170311504014008,32,26,0,0,0,0,6,26,0,6,6,0,16,15,1,43,0,0
8523,1000000US170311504014009,48,28,0,0,7,0,13,35,0,13,20,0,27,23,4,66,0,0
8524,1000000US170311504014010,35,27,0,0,8,0,0,35,0,0,8,0,17,17,0,41,0,0
8525,1000000US170311504014011,46,24,0,0,7,0,15,31,0,15,22,0,16,16,0,63,0,0
8526,1000000US170311504014012,42,27,0,0,4,0,11,31,0,11,15,0,17,16,1,55,0,0
8527,1000000US170311504014013,40,33,0,0,0,0,7,33,0,7,7,0,21,21,0,48,0,0
8528,1000000US170311504014014,48,31,0,0,2,0,16,32,0,16,17,3,27,25,2,53,0,0
8529,1000000US170311504014015,40,29,1,0,1,0,9,31,0,9,11,0,16,14,2,49,0,0
8530,1000000US170311504014016,40,22,0,0,6,0,12,28,0,12,18,0,21,18,3,52,0,0
8531,1000000US170311504014017,32,30,1,0,0,0,1,31,0,1,2,0,15,15,0,48,0,0
8532,1000000US170311504014018,45,12,0,0,15,0,18,27,0,18,33,0,19,16,3,63,0,0
8533,1000000US170311504014019,45,28,1,0,1,0,15,30,0,15,17,0,21,20,1,56,0,0
8534,1000000US170311504014020,38,31,1,1,1,0,5,33,0,5,7,3,29,24,5,43,0,0
8535,1000000US170311504014021,35,24,0,0,2,0,10,25,0,10,11,2,17,17,0,46,0,0
8536,1000000US170311504014022,18,9,0,0,0,0,9,9,0,9,9,0,10,8,2,23,0,0
8537,1000000US170311504021000,51,33,2,1,10,0,5,46,0,5,18,2,18,18,0,59,0,0
8538,1000000US170311504021001,34,22,0,1,1,0,10,24,0,10,12,2,16,16,0,44,0,0
8539,1000000US170311504021002,57,36,0,0,0,0,21,36,0,21,21,0,24,24,0,80,0,0
8540,1000000US170311504021003,39,32,0,0,0,0,7,32,0,7,7,0,17,17,0,47,0,0
8541,1000000US170311504021004,47,43,0,0,0,0,4,43,0,4,4,0,18,18,0,56,0,0
8542,1000000US170311504021005,59,18,6,2,9,4,31,28,0,31,41,7,21,20,1,74,2,5
8543,1000000US170311504021006,45,39,0,0,3,0,3,42,0,3,6,1,23,23,0,54,0,0
8544,1000000US170311504021007,46,25,1,1,9,0,11,35,0,11,21,3,20,20,0,61,1,0
8545,1000000US170311504021008,34,34,0,0,0,0,0,34,0,0,0,0,14,13,1,47,0,0
8546,1000000US170311504021009,32,16,0,0,8,0,9,23,0,9,16,0,14,13,1,43,0,0
8547,1000000US170311504021010,39,13,0,0,5,0,21,18,0,21,26,0,13,13,0,50,0,0
8548,1000000US170311504021011,40,19,0,0,2,0,19,21,0,19,21,13,14,13,1,47,0,0
8549,1000000US170311504021012,46,30,0,0,0,0,16,30,0,16,16,0,17,17,0,49,0,0
8550,1000000US170311504021013,37,21,1,3,10,0,5,32,0,5,16,3,15,15,0,44,0,0
8551,1000000US170311504021014,27,20,0,0,0,0,7,20,0,7,7,0,13,11,2,30,0,0
8552,1000000US170311504021015,41,11,1,0,6,0,23,18,0,23,30,0,17,15,2,45,0,0
8553,1000000US170311504021016,12,8,0,0,0,0,4,8,0,4,4,0,7,6,1,15,0,0
8554,1000000US170311504021017,0,0,0,0,0,0,0,0,0,0,0,0,0,0,0,0,0,0
8555,1000000US170311504021018,0,0,0,0,0,0,0,0,0,0,0,0,0,0,0,0,0,0
8556,1000000US170311504021019,14,11,0,0,0,0,3,11,0,3,3,0,32,10,22,15,0,0
8557,1000000US170311504022000,54,34,0,0,5,0,16,38,0,16,20,1,30,26,4,75,0,0
8558,1000000US170311504022001,53,45,2,0,1,0,5,48,0,5,8,0,34,29,5,64,0,0
8559,1000000US170311504022002,47,32,3,0,0,0,12,35,0,12,15,0,21,20,1,70,0,0
8560,1000000US170311504022003,100,53,3,0,7,0,37,63,0,37,47,5,52,46,6,138,0,0
8561,1000000US170311504022004,69,45,0,1,2,0,22,47,0,22,24,0,32,27,5,87,1,0
8562,1000000US170311504022005,68,49,2,0,3,0,15,53,0,15,19,2,30,30,0,82,0,1
8563,1000000US170311504022006,56,32,0,0,1,0,23,33,0,23,24,0,27,27,0,75,0,0
8564,1000000US170311504022007,66,41,0,0,5,0,20,46,0,20,25,0,30,30,0,94,0,0
8565,1000000US170311504022008,38,21,0,0,0,0,17,21,0,17,17,0,22,18,4,46,0,0
8566,1000000US170311504022009,49,36,0,0,0,0,13,36,0,13,13,0,29,27,2,62,0,0
8567,1000000US170311504022010,49,33,0,0,3,0,12,37,0,12,16,3,25,23,2,77,0,0
8568,1000000US170311504022011,48,34,4,0,5,0,5,43,0,5,14,0,24,23,1,61,0,0
8569,1000000US170311504022012,46,26,0,0,0,0,20,26,0,20,20,0,33,26,7,69,0,0
8570,1000000US170311504022013,38,25,0,0,2,1,10,28,0,10,13,1,20,20,0,50,0,0
8571,1000000US170311504022014,40,26,0,0,0,0,14,26,0,14,14,6,17,16,1,45,0,0
8572,1000000US170311504022015,32,16,0,0,2,0,14,18,0,14,16,0,18,15,3,40,0,0
8573,1000000US170311504022016,7,7,0,0,0,0,0,7,0,0,0,0,2,2,0,7,0,0
8574,1000000US170311504022017,33,28,0,0,0,0,5,28,0,5,5,0,16,14,2,36,0,0
8575,1000000US170311504022018,0,0,0,0,0,0,0,0,0,0,0,0,0,0,0,0,0,0
8576,1000000US170311504022019,4,0,0,3,0,0,1,3,0,1,4,3,1,1,0,5,0,0
8577,1000000US170311504023000,0,0,0,0,0,0,0,0,0,0,0,0,0,0,0,0,0,0
8578,1000000US170311504023001,50,23,0,0,8,0,19,31,0,19,27,8,21,18,3,63,0,0
8579,1000000US170311504023002,33,28,0,0,2,0,3,30,0,3,5,0,16,15,1,41,0,0
8580,1000000US170311504023003,47,37,1,0,0,0,9,38,0,9,10,0,21,19,2,57,0,0
8581,1000000US170311504023004,20,18,0,0,0,0,2,18,0,2,2,0,12,11,1,27,0,0
8582,1000000US170311504023005,41,32,0,1,4,0,4,37,0,4,9,1,23,23,0,48,0,0
8583,1000000US170311504023006,3,0,0,0,0,0,3,0,0,3,3,0,2,2,0,5,0,0
8584,1000000US170311504023007,0,0,0,0,0,0,0,0,0,0,0,0,0,0,0,0,0,0
8585,1000000US170311504023008,50,18,0,0,7,0,25,25,0,25,32,0,25,24,1,68,0,0
8586,1000000US170311504023009,31,28,0,0,0,0,3,28,0,3,3,0,15,15,0,45,0,0
8587,1000000US170311504023010,44,30,0,0,7,0,7,37,0,7,14,1,26,20,6,56,0,0
8588,1000000US170311504023011,39,28,0,0,4,0,8,31,0,8,11,3,25,22,3,47,0,0
8589,1000000US170311504023012,49,43,0,1,0,0,5,44,0,5,6,0,22,20,2,69,1,0
8590,1000000US170311504023013,52,29,0,0,5,0,18,34,0,18,23,0,21,18,3,75,0,0
8591,1000000US170311504023014,57,28,1,1,3,0,25,32,0,25,29,7,20,20,0,70,1,0
8592,1000000US170311504023015,44,29,0,0,0,0,15,29,0,15,15,1,17,16,1,59,0,0
8593,1000000US170311504023016,68,49,0,0,4,0,15,53,0,15,19,3,32,31,1,78,0,0
8594,1000000US170311504023017,34,19,1,0,1,0,13,21,0,13,15,0,15,15,0,47,0,0
8595,1000000US170311504023018,34,20,0,0,1,0,13,21,0,13,14,0,15,14,1,37,0,0
8596,1000000US170311504023019,50,34,1,0,4,0,12,38,0,12,16,0,24,23,1,69,0,1
8597,1000000US170311504023020,37,32,0,0,0,0,5,32,0,5,5,0,20,20,0,51,0,0
8598,1000000US170311504023021,32,23,2,0,2,0,6,26,0,6,9,2,14,14,0,37,0,0
8599,1000000US170311504023022,4,3,1,0,0,0,0,4,0,0,1,0,2,2,0,9,0,0
8600,1000000US170311504023023,0,0,0,0,0,0,0,0,0,0,0,0,0,0,0,0,0,0
8601,1000000US170311504023024,31,28,0,0,3,0,0,31,0,0,3,2,16,14,2,40,0,0
8602,1000000US170311504023025,30,25,0,0,0,0,5,25,0,5,5,0,16,16,0,35,0,0
8603,1000000US170311504023026,33,30,0,0,0,0,3,30,0,3,3,0,16,15,1,41,0,0
8604,1000000US170311504023027,0,0,0,0,0,0,0,0,0,0,0,0,0,0,0,0,0,0
8605,1000000US170311504023028,62,40,0,0,15,0,7,55,0,7,22,1,30,29,1,75,0,0
8606,1000000US170311504023029,57,41,0,0,1,0,15,42,0,15,16,0,30,29,1,73,0,0
8607,1000000US170311504023030,43,40,0,0,1,0,2,41,0,2,3,0,22,21,1,49,0,0
8608,1000000US170311504023031,90,61,3,0,0,0,27,63,0,27,29,1,45,44,1,112,0,1
8609,1000000US170311504023032,68,56,1,0,2,0,9,59,0,9,12,2,32,31,1,82,0,0
8610,1000000US170311504023033,70,25,1,0,16,0,28,42,0,28,45,0,22,21,1,88,0,0
8611,1000000US170311504023034,64,37,0,0,2,1,25,39,0,25,27,1,37,34,3,98,0,0
8612,1000000US170311504023035,75,41,0,0,6,0,26,49,0,26,34,2,31,30,1,92,0,0
8613,1000000US170311505011000,184,137,1,6,9,0,38,146,0,38,47,6,94,90,4,239,2,1
8614,1000000US170311505011001,163,131,2,0,11,2,17,146,0,17,32,2,86,81,5,211,0,0
8615,1000000US170311505011002,176,157,2,0,5,0,12,164,0,12,19,0,91,85,6,218,0,0
8616,1000000US170311505011003,169,103,3,0,3,0,60,109,0,60,66,3,88,79,9,225,0,0
8617,1000000US170311505011004,413,334,5,3,23,0,49,364,0,49,79,10,243,226,17,499,2,0
8618,1000000US170311505011005,77,60,0,4,0,0,13,64,0,13,17,4,37,35,2,81,0,0
8619,1000000US170311505012000,85,60,0,1,0,0,24,61,0,24,25,4,38,34,4,108,0,0
8620,1000000US170311505012001,57,52,1,0,4,0,0,57,0,0,5,1,35,24,11,67,0,0
8621,1000000US170311505012002,62,47,0,0,6,0,9,53,0,9,15,0,31,31,0,76,0,0
8622,1000000US170311505012003,69,49,0,0,3,0,17,52,0,17,20,0,29,27,2,85,0,0
8623,1000000US170311505012004,67,59,0,1,5,0,2,65,0,2,8,1,32,28,4,83,0,0
8624,1000000US170311505012005,74,57,0,0,6,0,11,63,0,11,17,0,32,32,0,87,0,0
8625,1000000US170311505012006,55,49,0,0,0,0,6,49,0,6,6,0,34,25,9,76,0,0
8626,1000000US170311505012007,63,48,0,0,7,0,8,55,0,8,15,1,30,29,1,84,0,0
8627,1000000US170311505012008,59,48,0,0,7,0,4,55,0,4,11,0,28,26,2,74,0,0
8628,1000000US170311505012009,61,46,3,0,6,0,7,54,0,7,15,0,29,22,7,72,0,1
8629,1000000US170311505012010,3,1,0,0,0,0,2,1,0,2,2,0,3,3,0,5,0,0
8630,1000000US170311505013000,70,39,0,0,14,0,17,53,0,17,31,0,32,32,0,81,0,0
8631,1000000US170311505013001,82,53,1,0,11,0,18,64,0,18,29,2,38,36,2,123,0,1
8632,1000000US170311505013002,81,71,0,0,0,0,10,71,0,10,10,0,37,34,3,96,0,0
8633,1000000US170311505013003,70,58,0,0,3,0,9,61,0,9,12,0,32,31,1,96,0,0
8634,1000000US170311505013004,76,42,0,0,15,1,18,58,0,18,34,2,30,30,0,105,0,0
8635,1000000US170311505013005,81,58,0,0,7,0,17,64,0,17,23,1,39,34,5,102,0,0
8636,1000000US170311505013006,33,28,0,0,0,0,5,28,0,5,5,0,13,13,0,43,0,0
8637,1000000US170311505013007,30,22,0,0,6,0,2,28,0,2,8,0,15,13,2,40,0,0
8638,1000000US170311505013008,25,21,0,0,1,0,3,22,0,3,4,0,12,10,2,33,0,0
8639,1000000US170311505013009,30,24,0,1,0,1,6,24,0,6,6,0,14,12,2,50,1,0
8640,1000000US170311505013010,32,27,0,0,3,0,2,30,0,2,5,0,15,14,1,45,0,0
8641,1000000US170311505013011,35,16,0,0,0,0,19,16,0,19,19,0,13,13,0,40,0,0
8642,1000000US170311505013012,33,31,0,0,0,0,2,31,0,2,2,0,26,18,8,38,0,0
8643,1000000US170311505013013,22,7,1,0,1,0,14,8,0,14,15,0,16,15,1,28,0,0
8644,1000000US170311505013014,33,26,0,0,0,0,7,26,0,7,7,0,12,12,0,41,0,0
8645,1000000US170311505013015,32,16,0,0,3,0,13,19,0,13,16,0,14,13,1,50,0,0
8646,1000000US170311505013016,41,33,0,0,3,0,5,36,0,5,8,5,16,16,0,51,0,0
8647,1000000US170311505013017,19,17,0,0,0,0,2,17,0,2,2,0,15,10,5,25,0,0
8648,1000000US170311505013018,31,22,0,0,1,0,8,23,0,8,9,0,16,14,2,51,0,0
8649,1000000US170311505013019,27,21,0,0,1,0,5,22,0,5,6,0,15,15,0,37,0,0
8650,1000000US170311505013020,30,19,0,0,0,0,11,19,0,11,11,0,14,14,0,41,0,0
8651,1000000US170311505013021,28,21,0,0,4,0,3,25,0,3,7,0,13,12,1,32,0,0
8652,1000000US170311505013022,28,17,0,0,0,0,11,17,0,11,11,1,14,13,1,30,0,0
8653,1000000US170311505013023,31,10,1,0,13,0,8,23,0,8,21,0,18,12,6,41,0,0
8654,1000000US170311505013024,30,14,0,1,5,0,10,20,0,10,16,4,13,11,2,39,0,0
8655,1000000US170311505021000,24,18,0,0,0,0,6,18,0,6,6,0,14,10,4,30,0,0
8656,1000000US170311505021001,140,81,2,0,8,0,50,90,0,50,59,4,64,63,1,194,0,2
8657,1000000US170311505021002,65,44,0,1,1,0,19,46,0,19,21,0,39,34,5,87,1,0
8658,1000000US170311505021003,53,37,0,0,1,1,14,39,0,14,16,2,35,32,3,61,0,0
8659,1000000US170311505021004,59,43,0,0,7,0,9,50,0,9,16,1,34,34,0,72,0,0
8660,1000000US170311505021005,31,23,0,0,8,0,0,31,0,0,8,0,16,15,1,35,0,0
8661,1000000US170311505021006,166,111,0,0,17,0,38,128,0,38,55,0,77,69,8,205,0,0
8662,1000000US170311505021007,27,13,0,0,8,0,6,21,0,6,14,0,12,12,0,29,0,0
8663,1000000US170311505021008,144,107,7,1,1,0,33,111,0,33,37,2,69,68,1,181,1,6
8664,1000000US170311505021009,175,119,5,0,15,0,36,139,0,36,56,3,86,80,6,209,0,0
8665,1000000US170311505021010,42,33,3,0,0,0,5,37,0,5,9,0,23,23,0,56,0,0
8666,1000000US170311505021011,86,59,0,0,2,2,25,61,0,25,27,3,38,37,1,123,0,0
8667,1000000US170311505021012,103,78,0,0,2,0,22,81,0,22,25,0,45,42,3,140,0,0
8668,1000000US170311505021013,122,65,0,1,12,2,38,84,0,38,57,3,52,48,4,183,1,0
8669,1000000US170311505021014,16,9,0,0,5,0,2,14,0,2,7,0,8,8,0,16,0,0
8670,1000000US170311505022000,22,18,0,0,2,0,2,20,0,2,4,0,10,10,0,24,0,0
8671,1000000US170311505022001,35,17,6,0,0,0,14,21,0,14,18,1,15,15,0,55,0,2
8672,1000000US170311505022002,29,22,0,0,0,0,7,22,0,7,7,0,20,20,0,35,0,0
8673,1000000US170311505022003,44,18,1,0,2,0,24,20,0,24,26,5,24,19,5,71,0,1
8674,1000000US170311505022004,34,29,0,0,0,0,5,29,0,5,5,0,18,17,1,41,0,0
8675,1000000US170311505022005,29,22,0,0,0,0,7,22,0,7,7,0,13,13,0,38,0,0
8676,1000000US170311505022006,40,30,0,0,5,0,5,35,0,5,10,1,18,18,0,48,0,0
8677,1000000US170311505022007,47,28,3,3,4,0,12,35,0,12,19,3,21,20,1,63,1,0
8678,1000000US170311505022008,46,38,0,0,4,0,4,42,0,4,8,0,17,17,0,51,0,0
8679,1000000US170311505022009,97,73,15,0,6,0,4,93,0,4,24,2,0,0,0,97,0,0
8680,1000000US170311505022010,106,68,12,0,9,0,17,89,0,17,38,3,55,51,4,135,0,0
8681,1000000US170311505022011,92,60,2,0,3,0,27,65,0,27,32,11,50,39,11,117,0,0
8682,1000000US170311505022012,79,44,2,0,1,0,33,46,0,33,35,0,43,38,5,116,0,1
8683,1000000US170311505022013,79,40,3,0,4,0,31,48,0,31,39,0,37,35,2,112,0,0
8684,1000000US170311505022014,94,53,0,0,15,0,26,68,0,26,41,0,43,39,4,115,0,0
8685,1000000US170311505022015,39,39,0,0,0,0,0,39,0,0,0,0,34,28,6,43,0,0
8686,1000000US170311505022016,73,43,4,0,5,0,22,51,0,22,30,0,42,40,2,85,0,1
8687,1000000US170311505023000,78,53,0,0,5,1,19,59,0,19,25,3,38,37,1,102,0,0
8688,1000000US170311505023001,104,51,3,0,2,0,50,54,0,50,53,6,45,43,2,138,0,0
8689,1000000US170311505023002,103,73,0,3,11,0,18,85,0,18,30,3,42,42,0,138,1,0
8690,1000000US170311505023003,84,57,0,1,5,0,21,63,0,21,27,0,43,39,4,106,1,0
8691,1000000US170311505023004,110,67,1,2,7,0,36,74,0,36,43,8,50,46,4,135,1,0
8692,1000000US170311505023005,213,127,10,2,45,0,31,182,0,31,86,5,110,94,16,244,2,1
8693,1000000US170311505023006,137,79,2,1,11,0,45,92,0,45,58,0,65,56,9,175,1,0
8694,1000000US170311505023007,50,26,1,0,4,0,19,31,0,19,24,0,29,27,2,62,0,0
8695,1000000US170311505023008,49,27,0,0,13,0,9,40,0,9,22,0,21,21,0,61,0,0
8696,1000000US170311505023009,2,1,0,0,0,0,1,1,0,1,1,1,3,1,2,2,0,0
8697,1000000US170311505023010,53,51,0,0,1,0,1,52,0,1,2,0,42,39,3,57,0,0
8698,1000000US170311505023011,94,54,2,0,1,0,38,56,0,38,40,3,52,48,4,114,0,1
8699,1000000US170311505023012,0,0,0,0,0,0,0,0,0,0,0,0,0,0,0,0,0,0
8700,1000000US170311505023013,4,4,0,0,0,0,0,4,0,0,0,0,2,2,0,4,0,0
8701,1000000US170311506001000,45,24,1,1,8,1,11,34,0,11,21,1,23,23,0,54,1,1
8702,1000000US170311506001001,20,11,0,2,0,0,7,13,0,7,9,0,8,8,0,22,2,0
8703,1000000US170311506001002,129,75,3,0,3,1,49,80,0,49,54,3,80,70,10,154,0,1
8704,1000000US170311506001003,54,38,0,0,0,0,16,38,0,16,16,0,28,27,1,72,0,0
8705,1000000US170311506001004,44,33,1,0,0,0,11,33,0,11,11,1,25,25,0,57,0,1
8706,1000000US170311506001005,0,0,0,0,0,0,0,0,0,0,0,0,0,0,0,0,0,0
8707,1000000US170311506001006,49,27,3,0,3,0,16,33,0,16,22,0,39,28,11,61,0,0
8708,1000000US170311506001007,53,22,3,0,4,0,25,28,0,25,31,0,29,25,4,63,0,1
8709,1000000US170311506001008,31,27,1,0,0,0,4,27,0,4,4,1,19,16,3,40,0,1
8710,1000000US170311506001009,44,30,1,1,2,0,12,32,0,12,14,1,20,20,0,52,0,1
8711,1000000US170311506001010,38,23,2,2,2,0,10,28,0,10,15,2,18,16,2,44,1,1
8712,1000000US170311506001011,32,21,0,0,0,0,11,21,0,11,11,1,17,16,1,42,0,0
8713,1000000US170311506001012,46,29,0,2,2,0,17,29,0,17,17,0,18,18,0,74,2,0
8714,1000000US170311506001013,39,22,0,0,6,0,11,28,0,11,17,0,19,16,3,48,0,0
8715,1000000US170311506001014,26,16,0,1,7,0,3,23,0,3,10,1,17,16,1,35,0,0
8716,1000000US170311506001015,52,34,3,1,0,0,16,36,0,16,18,2,34,28,6,69,1,1
8717,1000000US170311506001016,34,15,3,2,1,1,15,19,0,15,19,1,20,20,0,45,2,0
8718,1000000US170311506001017,42,27,0,0,0,0,15,27,0,15,15,0,17,17,0,55,0,0
8719,1000000US170311506001018,57,43,0,0,2,0,12,45,0,12,14,2,25,25,0,71,0,0
8720,1000000US170311506001019,48,23,0,0,0,0,25,23,0,25,25,1,21,20,1,66,0,0
8721,1000000US170311506001020,28,27,0,0,0,0,1,27,0,1,1,0,19,18,1,35,0,0
8722,1000000US170311506002000,46,43,0,0,0,0,3,43,0,3,3,0,29,27,2,58,0,0
8723,1000000US170311506002001,41,34,1,1,0,0,5,36,0,5,7,0,20,20,0,49,1,0
8724,1000000US170311506002002,54,36,0,0,0,0,18,36,0,18,18,0,26,24,2,65,0,0
8725,1000000US170311506002003,39,16,0,2,0,0,23,16,0,23,23,0,21,17,4,50,2,0
8726,1000000US170311506002004,38,25,0,0,0,0,13,25,0,13,13,0,17,14,3,41,0,0
8727,1000000US170311506002005,30,29,0,0,0,0,1,29,0,1,1,0,13,13,0,34,0,0
8728,1000000US170311506002006,49,29,1,0,0,0,19,30,0,19,20,1,21,20,1,62,0,0
8729,1000000US170311506002007,68,36,1,3,0,0,30,38,0,30,32,1,22,21,1,93,2,0
8730,1000000US170311506002008,34,23,0,0,2,0,9,25,0,9,11,1,14,13,1,45,0,0
8731,1000000US170311506002009,1,1,0,0,0,0,0,1,0,0,0,0,1,1,0,3,0,0
8732,1000000US170311506002010,2,2,0,0,0,0,0,2,0,0,0,0,2,2,0,3,0,0
8733,1000000US170311506002011,38,18,3,2,0,0,19,19,0,19,20,2,14,13,1,49,2,2
8734,1000000US170311506002012,67,39,1,0,0,1,25,42,0,25,28,1,27,25,2,84,0,0
8735,1000000US170311506002013,59,22,0,4,8,1,28,31,0,28,37,4,25,24,1,77,4,0
8736,1000000US170311506002014,36,23,0,0,4,0,9,27,0,9,13,0,13,13,0,43,0,0
8737,1000000US170311506002015,31,19,0,0,2,0,10,21,0,10,12,0,14,13,1,44,0,0
8738,1000000US170311506002016,48,35,1,0,2,0,10,38,0,10,13,0,23,22,1,54,0,0
8739,1000000US170311506002017,58,22,3,1,12,0,23,35,0,23,36,4,33,29,4,89,0,3
8740,1000000US170311506002018,0,0,0,0,0,0,0,0,0,0,0,0,0,0,0,0,0,0
8741,1000000US170311506002019,0,0,0,0,0,0,0,0,0,0,0,0,0,0,0,0,0,0
8742,1000000US170311506003000,51,35,0,0,4,0,12,39,0,12,16,0,22,19,3,59,0,0
8743,1000000US170311506003001,49,35,1,0,0,0,13,36,0,13,14,0,26,24,2,67,0,0
8744,1000000US170311506003002,49,36,0,0,0,0,13,36,0,13,13,0,20,19,1,71,0,0
8745,1000000US170311506003003,56,50,0,0,0,0,6,50,0,6,6,0,22,21,1,64,0,0
8746,1000000US170311506003004,47,32,0,0,0,0,15,32,0,15,15,0,23,23,0,54,0,0
8747,1000000US170311506003005,46,25,0,0,3,0,18,28,0,18,21,4,18,17,1,55,0,0
8748,1000000US170311506003006,57,23,0,0,2,0,32,25,0,32,34,0,22,21,1,77,0,0
8749,1000000US170311506003007,40,30,0,0,0,0,10,30,0,10,10,0,19,16,3,56,0,0
8750,1000000US170311506003008,46,29,0,1,2,0,15,31,0,15,17,0,21,21,0,63,1,0
8751,1000000US170311506003009,63,38,1,1,8,0,17,46,0,17,25,2,23,23,0,87,0,0
8752,1000000US170311506003010,74,24,0,0,0,0,50,24,0,50,50,0,22,21,1,103,0,0
8753,1000000US170311506003011,35,27,0,0,0,0,8,27,0,8,8,0,19,17,2,56,0,0
8754,1000000US170311506003012,43,31,0,0,1,0,11,32,0,11,12,0,19,19,0,55,0,0
8755,1000000US170311506003013,71,34,0,3,4,0,33,38,0,33,37,5,28,28,0,103,0,0
8756,1000000US170311506003014,63,29,2,4,2,0,30,33,0,30,34,0,28,26,2,99,4,0
8757,1000000US170311506003015,79,45,0,0,16,0,18,61,0,18,34,8,42,39,3,100,0,0
8758,1000000US170311506004000,4,0,0,0,0,0,4,0,0,4,4,0,2,2,0,5,0,0
8759,1000000US170311506004001,35,17,2,0,0,3,10,25,0,10,18,6,20,17,3,43,0,0
8760,1000000US170311506004002,36,23,0,0,1,0,13,23,0,13,13,0,20,17,3,54,0,0
8761,1000000US170311506004003,56,29,1,0,4,0,20,36,0,20,27,2,27,27,0,73,0,0
8762,1000000US170311506004004,55,36,1,0,3,3,12,43,0,12,19,4,26,25,1,64,0,0
8763,1000000US170311506004005,64,37,2,0,0,0,25,39,0,25,27,1,30,25,5,80,0,0
8764,1000000US170311506004006,44,37,0,1,0,1,7,37,0,7,7,2,23,17,6,55,1,0
8765,1000000US170311506004007,42,32,0,0,0,0,10,32,0,10,10,0,24,20,4,56,0,0
8766,1000000US170311506004008,48,31,0,0,0,0,17,31,0,17,17,0,29,25,4,63,0,0
8767,1000000US170311506004009,26,17,0,0,0,0,9,17,0,9,9,1,17,16,1,35,0,0
8768,1000000US170311506004010,38,29,0,0,1,0,8,30,0,8,9,0,17,17,0,51,0,0
8769,1000000US170311506004011,42,35,0,0,4,0,3,39,0,3,7,0,20,19,1,56,0,0
8770,1000000US170311506004012,48,29,2,0,1,0,16,32,0,16,19,0,20,20,0,68,0,0
8771,1000000US170311506004013,52,22,0,0,6,0,24,28,0,24,30,0,18,18,0,63,0,0
8772,1000000US170311506004014,49,37,0,0,4,0,8,41,0,8,12,1,19,18,1,64,0,0
8773,1000000US170311506004015,55,39,0,0,3,0,13,42,0,13,16,0,26,25,1,62,0,0
8774,1000000US170311507001000,7,3,1,0,0,0,4,3,0,4,4,1,4,4,0,10,0,1
8775,1000000US170311507001001,23,8,2,0,1,0,12,11,0,12,15,4,12,10,2,34,0,0
8776,1000000US170311507001002,70,49,0,0,1,0,20,50,0,20,21,0,36,35,1,89,0,0
8777,1000000US170311507001003,42,30,4,0,0,0,9,33,0,9,12,1,23,23,0,56,0,1
8778,1000000US170311507001004,50,32,1,0,3,0,15,35,0,15,18,4,21,21,0,67,0,0
8779,1000000US170311507001005,68,44,0,1,0,0,23,45,0,23,24,1,36,35,1,92,0,0
8780,1000000US170311507001006,81,33,5,3,0,0,45,36,0,45,48,4,39,38,1,107,3,2
8781,1000000US170311507001007,72,42,2,0,5,0,23,49,0,23,30,0,37,34,3,97,0,0
8782,1000000US170311507001008,49,19,4,0,2,0,24,25,0,24,30,1,25,21,4,63,0,0
8783,1000000US170311507001009,64,35,1,0,4,0,25,39,0,25,29,1,32,31,1,80,0,1
8784,1000000US170311507001010,84,49,0,0,0,0,35,49,0,35,35,4,43,42,1,97,0,0
8785,1000000US170311507001011,49,28,4,0,2,0,16,33,0,16,21,2,21,20,1,65,0,0
8786,1000000US170311507001012,49,36,0,0,2,0,11,38,0,11,13,0,21,21,0,60,0,0
8787,1000000US170311507001013,65,39,0,5,2,0,23,42,0,23,26,1,32,30,2,82,5,0
8788,1000000US170311507001014,50,29,1,0,1,0,18,32,0,18,21,0,29,27,2,68,0,0
8789,1000000US170311507001015,59,48,0,0,0,0,9,50,0,9,11,0,31,27,4,65,0,0
8790,1000000US170311507002000,0,0,0,0,0,0,0,0,0,0,0,0,0,0,0,0,0,0
8791,1000000US170311507002001,55,27,0,0,0,0,28,27,0,28,28,0,24,23,1,77,0,0
8792,1000000US170311507002002,51,35,0,1,4,0,13,38,0,13,16,1,20,20,0,66,1,0
8793,1000000US170311507002003,74,45,0,0,0,0,29,45,0,29,29,3,36,34,2,105,0,0
8794,1000000US170311507002004,55,40,1,0,1,0,13,42,0,13,15,0,27,24,3,78,0,0
8795,1000000US170311507002005,84,42,2,0,4,0,36,48,0,36,42,1,35,33,2,107,0,2
8796,1000000US170311507002006,35,22,0,0,5,0,9,26,0,9,13,5,14,14,0,50,0,0
8797,1000000US170311507002007,70,32,2,0,1,0,35,35,0,35,38,1,33,30,3,102,0,0
8798,1000000US170311507002008,51,18,1,0,4,0,28,23,0,28,33,0,22,21,1,76,0,0
8799,1000000US170311507002009,62,36,0,3,0,1,26,36,0,26,26,4,30,29,1,81,3,0
8800,1000000US170311507002010,46,29,0,0,2,0,15,31,0,15,17,2,20,19,1,58,0,0
8801,1000000US170311507002011,80,38,0,0,13,0,29,51,0,29,42,3,38,38,0,101,0,0
8802,1000000US170311507002012,48,35,0,0,0,0,13,35,0,13,13,0,25,22,3,68,0,0
8803,1000000US170311507002013,76,28,0,5,0,0,48,28,0,48,48,4,32,31,1,107,5,0
8804,1000000US170311507002014,70,22,0,0,3,0,45,25,0,45,48,0,29,29,0,93,0,0
8805,1000000US170311507003000,55,39,4,0,0,0,12,43,0,12,16,4,25,24,1,65,0,0
8806,1000000US170311507003001,37,25,0,2,3,0,9,28,0,9,12,0,18,16,2,49,2,0
8807,1000000US170311507003002,67,35,0,0,6,0,25,42,0,25,32,1,30,29,1,99,0,0
8808,1000000US170311507003003,39,28,0,2,1,0,8,31,0,8,11,2,21,21,0,56,0,0
8809,1000000US170311507003004,41,27,0,2,13,0,0,41,0,0,14,3,18,16,2,42,0,0
8810,1000000US170311507003005,50,18,0,0,10,0,22,28,0,22,32,1,19,19,0,75,0,0
8811,1000000US170311507003006,22,17,0,0,0,0,5,17,0,5,5,0,14,14,0,27,0,0
8812,1000000US170311507003007,16,8,0,0,0,0,8,8,0,8,8,0,6,5,1,16,0,0
8813,1000000US170311507003008,34,15,0,0,0,0,19,15,0,19,19,0,15,15,0,45,0,0
8814,1000000US170311507003009,46,14,0,4,8,0,24,22,0,24,32,3,21,20,1,54,4,0
8815,1000000US170311507003010,43,23,1,1,2,0,18,25,0,18,20,2,17,16,1,51,0,1
8816,1000000US170311507003011,52,33,0,0,5,0,14,38,0,14,19,1,18,18,0,65,0,0
8817,1000000US170311507003012,21,5,0,1,0,0,16,5,0,16,16,0,6,6,0,26,1,0
8818,1000000US170311507003013,42,22,0,0,0,0,20,22,0,20,20,7,18,17,1,51,0,0
8819,1000000US170311507003014,56,35,2,1,3,0,16,40,0,16,21,0,22,22,0,75,1,1
8820,1000000US170311507003015,41,18,6,0,5,0,12,29,0,12,23,0,18,16,2,51,0,0
8821,1000000US170311507003016,32,8,0,0,2,0,22,10,0,22,24,0,11,10,1,41,0,0
8822,1000000US170311507003017,35,23,0,0,0,0,12,23,0,12,12,0,16,16,0,54,0,0
8823,1000000US170311507003018,1,1,0,0,0,0,0,1,0,0,0,0,1,1,0,1,0,0
8824,1000000US170311507003019,48,14,0,0,0,0,34,14,0,34,34,0,21,19,2,70,0,0
8825,1000000US170311507004000,0,0,0,0,0,0,0,0,0,0,0,0,0,0,0,0,0,0
8826,1000000US170311507004001,93,55,5,0,3,1,33,60,0,33,38,4,56,52,4,109,0,3
8827,1000000US170311507004002,54,21,1,1,0,0,31,23,0,31,33,2,27,25,2,81,1,0
8828,1000000US170311507004003,103,55,5,0,5,0,41,62,0,41,48,2,47,44,3,145,0,3
8829,1000000US170311507004004,72,52,0,0,0,0,20,52,0,20,20,0,33,33,0,98,0,0
8830,1000000US170311507004005,64,40,11,0,3,0,13,51,0,13,24,6,36,30,6,94,0,0
8831,1000000US170311507004006,45,35,0,0,4,0,6,39,0,6,10,3,24,22,2,61,0,0
8832,1000000US170311507004007,78,37,5,0,1,0,39,39,0,39,41,1,32,32,0,104,0,4
8833,1000000US170311507004008,0,0,0,0,0,0,0,0,0,0,0,0,0,0,0,0,0,0
8834,1000000US170311507004009,32,22,0,0,3,2,7,25,0,7,10,0,16,16,0,37,0,0
8835,1000000US170311507004010,55,20,1,0,4,0,31,24,0,31,35,1,24,23,1,80,0,0
8836,1000000US170311507004011,49,24,2,0,7,0,17,32,0,17,25,3,19,17,2,56,0,2
8837,1000000US170311507004012,42,35,0,0,2,0,5,37,0,5,7,0,17,16,1,55,0,0
8838,1000000US170311507004013,61,35,0,0,0,0,26,35,0,26,26,0,32,30,2,77,0,0
8839,1000000US170311507004014,61,42,0,2,3,0,14,47,0,14,19,0,30,28,2,76,2,0
8840,1000000US170311507004015,70,49,0,0,0,0,21,49,0,21,21,1,33,33,0,86,0,0
8841,1000000US170311507004016,62,29,5,0,1,0,29,33,0,29,33,1,30,27,3,83,0,2
8842,1000000US170311507004017,44,22,0,0,5,0,17,27,0,17,22,0,18,18,0,52,0,0
8843,1000000US170311508001000,7,5,0,0,0,0,2,5,0,2,2,0,5,4,1,9,0,0
8844,1000000US170311508001001,92,49,29,2,5,0,9,83,0,9,43,5,73,71,2,93,0,0
8845,1000000US170311508001002,2,0,0,0,0,0,2,0,0,2,2,0,1,1,0,2,0,0
8846,1000000US170311508001003,0,0,0,0,0,0,0,0,0,0,0,0,0,0,0,0,0,0
8847,1000000US170311508001004,52,23,0,0,1,0,27,25,0,27,29,1,30,27,3,70,0,0
8848,1000000US170311508001005,64,26,2,1,8,0,29,35,0,29,38,0,37,34,3,87,1,1
8849,1000000US170311508001006,38,31,0,0,0,0,7,31,0,7,7,0,21,21,0,45,0,0
8850,1000000US170311508001007,76,18,0,3,0,0,58,18,0,58,58,0,36,29,7,102,3,0
8851,1000000US170311508001008,65,18,1,0,6,0,39,26,0,39,47,2,30,29,1,84,0,0
8852,1000000US170311508001009,11,3,0,0,0,0,8,3,0,8,8,0,5,5,0,16,0,0
8853,1000000US170311508001010,19,18,1,1,0,0,0,19,0,0,1,1,2,1,1,21,1,0
8854,1000000US170311508001011,86,50,1,0,18,0,18,68,0,18,36,0,38,37,1,104,0,0
8855,1000000US170311508001012,106,36,6,0,8,0,62,44,0,62,70,4,44,40,4,131,0,6
8856,1000000US170311508001013,50,25,1,0,1,0,24,26,0,24,25,2,28,26,2,67,0,1
8857,1000000US170311508001014,46,21,0,2,1,0,22,24,0,22,25,2,19,18,1,55,0,0
8858,1000000US170311508002000,0,0,0,0,0,0,0,0,0,0,0,0,0,0,0,0,0,0
8859,1000000US170311508002001,45,16,0,0,0,0,29,16,0,29,29,0,22,21,1,74,0,0
8860,1000000US170311508002002,62,34,1,1,0,0,28,34,0,28,28,1,35,30,5,88,0,1
8861,1000000US170311508002003,48,22,0,2,7,0,18,30,0,18,26,4,19,17,2,65,0,0
8862,1000000US170311508002004,70,12,0,5,3,0,55,15,0,55,58,1,25,25,0,97,5,0
8863,1000000US170311508002005,46,27,0,0,3,0,13,33,0,13,19,0,28,23,5,61,0,0
8864,1000000US170311508002006,79,48,2,1,0,0,30,49,0,30,31,6,39,37,2,100,0,2
8865,1000000US170311508002007,45,34,1,0,0,0,10,35,0,10,11,1,26,21,5,58,0,0
8866,1000000US170311508002008,49,28,2,0,0,0,19,30,0,19,21,1,29,25,4,67,0,0
8867,1000000US170311508002009,4,0,0,0,0,0,4,0,0,4,4,0,2,2,0,9,0,0
8868,1000000US170311508002010,28,6,1,2,0,0,20,8,0,20,22,2,15,14,1,50,2,0
8869,1000000US170311508002011,57,19,10,2,0,0,30,27,0,30,38,1,30,29,1,86,2,2
8870,1000000US170311508002012,81,16,1,2,7,0,58,23,0,58,65,5,40,36,4,110,2,1
8871,1000000US170311508002013,58,20,4,1,4,0,32,26,0,32,38,8,28,28,0,75,0,2
8872,1000000US170311508002014,36,14,0,4,2,0,20,16,0,20,22,0,18,18,0,51,4,0
8873,1000000US170311508003000,7,2,2,0,0,0,5,2,0,5,5,2,3,3,0,10,0,2
8874,1000000US170311508003001,51,31,0,0,0,0,20,31,0,20,20,2,22,22,0,69,0,0
8875,1000000US170311508003002,63,23,0,0,6,0,34,29,0,34,40,2,25,25,0,79,0,0
8876,1000000US170311508003003,75,38,7,0,8,0,26,49,0,26,37,1,34,31,3,113,0,4
8877,1000000US170311508003004,55,38,2,0,1,0,15,40,0,15,17,0,21,21,0,80,0,1
8878,1000000US170311508003005,36,15,0,0,1,0,20,16,0,20,21,1,13,13,0,52,0,0
8879,1000000US170311508003006,50,12,2,0,0,1,35,15,0,35,38,0,21,17,4,69,0,0
8880,1000000US170311508003007,56,31,1,4,4,0,21,35,0,21,25,1,26,23,3,73,4,1
8881,1000000US170311508003008,71,31,3,0,3,0,34,37,0,34,40,0,28,27,1,101,0,0
8882,1000000US170311508003009,60,17,0,3,2,0,41,19,0,41,43,3,24,23,1,80,0,0
8883,1000000US170311508003010,61,18,0,0,6,0,37,24,0,37,43,0,25,25,0,82,0,0
8884,1000000US170311508003011,58,24,1,1,3,0,29,29,0,29,34,7,22,22,0,72,0,0
8885,1000000US170311508003012,68,28,0,0,0,0,40,28,0,40,40,1,28,26,2,98,0,0
8886,1000000US170311508003013,56,26,0,0,2,0,28,28,0,28,30,2,24,21,3,77,0,0
8887,1000000US170311508003014,85,36,3,0,1,0,47,38,0,47,49,5,38,36,2,109,0,2
8888,1000000US170311508003015,80,17,0,0,1,2,62,18,0,62,63,2,31,31,0,107,0,0
8889,1000000US170311508003016,9,0,0,0,0,0,9,0,0,9,9,0,10,4,6,13,0,0
8890,1000000US170311508003017,83,30,11,0,4,2,38,45,0,38,53,3,54,48,6,99,0,0
8891,1000000US170311508003018,6,0,0,0,0,0,6,0,0,6,6,0,3,3,0,10,0,0
8892,1000000US170311508004000,68,25,4,0,9,0,36,32,0,36,43,5,32,30,2,84,0,3
8893,1000000US170311508004001,72,37,0,1,0,0,35,37,0,35,35,4,34,32,2,88,1,0
8894,1000000US170311508004002,86,25,0,0,1,0,61,25,0,61,61,1,42,38,4,138,0,0
8895,1000000US170311508004003,66,34,0,2,7,0,24,42,0,24,32,2,36,32,4,88,0,0
8896,1000000US170311508004004,70,46,4,4,0,0,19,51,0,19,24,1,39,38,1,89,4,2
8897,1000000US170311508004005,84,14,1,0,7,0,63,21,0,63,70,0,34,31,3,149,0,1
8898,1000000US170311508004006,67,41,3,2,0,0,24,43,0,24,26,2,27,25,2,91,0,1
8899,1000000US170311508004007,82,41,0,0,7,0,34,48,0,34,41,2,36,36,0,112,0,0
8900,1000000US170311508004008,53,30,0,0,8,0,15,38,0,15,23,2,26,24,2,57,0,0
8901,1000000US170311508004009,61,36,1,1,4,0,20,41,0,20,25,1,25,23,2,85,0,0
8902,1000000US170311508004010,55,25,3,0,4,0,25,30,0,25,30,2,25,24,1,74,0,0
8903,1000000US170311508004011,50,17,0,0,3,0,28,22,0,28,33,3,20,20,0,69,0,0
8904,1000000US170311508005000,36,13,0,1,1,0,21,15,0,21,23,2,23,22,1,51,0,0
8905,1000000US170311508005001,8,1,0,0,0,0,7,1,0,7,7,0,4,4,0,14,0,0
8906,1000000US170311508005002,50,28,3,1,2,0,16,34,0,16,22,3,28,25,3,64,0,0
8907,1000000US170311508005003,68,36,0,5,5,0,27,41,0,27,32,8,34,33,1,76,2,0
8908,1000000US170311508005004,56,20,1,1,5,0,28,28,0,28,36,3,27,27,0,73,0,0
8909,1000000US170311508005005,87,44,2,1,15,0,28,59,0,28,43,3,44,42,2,108,0,1
8910,1000000US170311508005006,62,27,2,1,0,0,32,30,0,32,35,0,33,28,5,84,1,0
8911,1000000US170311508005007,55,29,2,0,2,0,23,32,0,23,26,0,27,26,1,80,0,1
8912,1000000US170311508005008,59,20,0,0,0,0,39,20,0,39,39,0,30,27,3,89,0,0
8913,1000000US170311508005009,62,37,2,0,0,0,23,39,0,23,25,0,30,28,2,74,0,0
8914,1000000US170311508005010,60,41,0,0,0,0,19,41,0,19,19,3,26,25,1,85,0,0
8915,1000000US170311508005011,65,31,0,0,6,0,28,37,0,28,34,0,31,28,3,88,0,0
8916,1000000US170311510011000,253,75,0,5,13,0,168,85,0,168,178,12,98,94,4,323,0,0
8917,1000000US170311510011001,299,102,14,5,6,0,173,126,0,173,197,3,138,120,18,419,5,2
8918,1000000US170311510011002,283,117,9,6,12,0,149,134,0,149,166,14,123,113,10,363,4,5
8919,1000000US170311510011003,185,88,7,2,2,2,89,96,0,89,97,3,101,90,11,233,2,1
8920,1000000US170311510011004,109,31,0,0,4,0,74,35,0,74,78,2,49,47,2,152,0,0
8921,1000000US170311510011005,116,38,5,0,7,0,68,48,0,68,78,3,55,53,2,144,0,3
8922,1000000US170311510011006,65,34,4,1,3,0,20,45,0,20,31,3,35,31,4,89,0,0
8923,1000000US170311510011007,101,41,0,0,4,0,56,45,0,56,60,2,59,54,5,141,0,0
8924,1000000US170311510011008,98,54,4,0,0,1,40,58,0,40,44,3,55,48,7,126,0,1
8925,1000000US170311510012000,95,15,5,4,0,0,75,20,0,75,80,2,36,36,0,131,4,0
8926,1000000US170311510012001,102,48,4,0,10,0,43,59,0,43,54,6,58,51,7,145,0,3
8927,1000000US170311510012002,72,28,1,0,0,0,42,30,0,42,44,2,33,32,1,99,0,0
8928,1000000US170311510012003,61,25,4,0,3,0,29,32,0,29,36,2,33,27,6,83,0,0
8929,1000000US170311510012004,0,0,0,0,0,0,0,0,0,0,0,0,0,0,0,0,0,0
8930,1000000US170311510012005,78,14,0,1,2,0,62,16,0,62,64,2,32,28,4,115,1,0
8931,1000000US170311510012006,100,49,3,0,2,0,46,54,0,46,51,0,52,48,4,129,0,0
8932,1000000US170311510012007,76,27,0,0,4,0,45,31,0,45,49,5,36,29,7,104,0,0
8933,1000000US170311510012008,20,13,0,0,2,0,7,13,0,7,7,2,11,8,3,23,0,0
8934,1000000US170311510021000,0,0,0,0,0,0,0,0,0,0,0,0,0,0,0,0,0,0
8935,1000000US170311510021001,125,43,6,3,11,1,66,59,0,66,82,6,86,69,17,158,3,0
8936,1000000US170311510021002,53,26,0,0,0,0,27,26,0,27,27,0,28,24,4,70,0,0
8937,1000000US170311510021003,63,15,2,0,1,0,46,17,0,46,48,0,27,21,6,96,0,1
8938,1000000US170311510021004,158,113,1,1,3,0,42,116,0,42,45,2,89,74,15,195,1,1
8939,1000000US170311510021005,77,20,4,0,0,0,57,20,0,57,57,0,37,35,2,116,0,4
8940,1000000US170311510021006,83,21,0,2,0,0,62,21,0,62,62,2,45,40,5,121,2,0
8941,1000000US170311510021007,100,42,1,0,3,0,54,46,0,54,58,2,47,41,6,131,0,0
8942,1000000US170311510021008,46,14,3,0,0,0,29,17,0,29,32,1,27,22,5,61,0,0
8943,1000000US170311510021009,0,0,0,0,0,0,0,0,0,0,0,0,0,0,0,0,0,0
8944,1000000US170311510021010,65,23,1,0,5,0,37,28,0,37,42,0,29,26,3,89,0,1
8945,1000000US170311510021011,88,16,0,6,6,0,65,23,0,65,72,1,40,39,1,126,6,0
8946,1000000US170311510021012,86,25,0,2,6,0,55,31,0,55,61,0,36,34,2,120,2,0
8947,1000000US170311510021013,5,5,0,0,0,0,0,5,0,0,0,0,6,3,3,8,0,0
8948,1000000US170311510022000,0,0,0,0,0,0,0,0,0,0,0,0,0,0,0,0,0,0
8949,1000000US170311510022001,0,0,0,0,0,0,0,0,0,0,0,0,0,0,0,0,0,0
8950,1000000US170311510022002,12,1,0,0,0,0,11,1,0,11,11,0,4,4,0,13,0,0
8951,1000000US170311510022003,12,12,0,0,0,0,0,12,0,0,0,0,5,5,0,12,0,0
8952,1000000US170311510022004,42,24,0,4,0,0,18,24,0,18,18,0,20,20,0,47,4,0
8953,1000000US170311510022005,22,12,0,0,0,0,10,12,0,10,10,0,6,6,0,26,0,0
8954,1000000US170311510022006,45,36,0,0,0,0,9,36,0,9,9,0,42,33,9,46,0,0
8955,1000000US170311510022007,31,23,0,0,0,0,8,23,0,8,8,0,16,15,1,35,0,0
8956,1000000US170311510022008,22,14,0,0,0,0,8,14,0,8,8,0,15,15,0,36,0,0
8957,1000000US170311510022009,34,14,0,0,0,0,20,14,0,20,20,2,16,13,3,45,0,0
8958,1000000US170311510022010,34,6,0,0,0,0,28,6,0,28,28,0,17,17,0,52,0,0
8959,1000000US170311510022011,81,23,2,0,12,0,46,35,0,46,58,1,31,30,1,114,0,2
8960,1000000US170311510022012,0,0,0,0,0,0,0,0,0,0,0,0,0,0,0,0,0,0
8961,1000000US170311510022013,51,7,0,0,3,0,41,10,0,41,44,0,19,17,2,67,0,0
8962,1000000US170311510022014,47,23,0,0,6,0,17,30,0,17,24,3,24,23,1,58,0,0
8963,1000000US170311510022015,65,28,4,0,1,0,35,30,0,35,37,5,42,29,13,92,0,2
8964,1000000US170311510022016,68,18,1,0,10,0,40,28,0,40,50,3,39,35,4,101,0,1
8965,1000000US170311510022017,0,0,0,0,0,0,0,0,0,0,0,0,0,0,0,0,0,0
8966,1000000US170311510022018,0,0,0,0,0,0,0,0,0,0,0,0,0,0,0,0,0,0
8967,1000000US170311510022019,88,21,5,3,6,0,55,33,0,55,67,3,47,44,3,118,3,0
8968,1000000US170311510022020,66,27,3,0,0,0,36,30,0,36,39,6,30,28,2,89,0,0
8969,1000000US170311510022021,51,14,0,0,2,0,35,16,0,35,37,0,28,24,4,76,0,0
8970,1000000US170311510023000,299,133,4,2,12,1,148,151,0,148,166,6,163,151,12,376,2,0
8971,1000000US170311510023001,249,96,9,4,15,0,129,120,0,129,153,13,128,116,12,347,3,0
8972,1000000US170311510023002,185,51,1,13,0,0,133,52,0,133,134,12,77,73,4,253,12,0
8973,1000000US170311510023003,145,31,2,1,11,0,101,44,0,101,114,5,63,56,7,191,1,0
8974,1000000US170311510023004,196,56,8,3,8,2,131,65,0,131,140,4,89,77,12,256,3,1
8975,1000000US170311510023005,107,42,1,2,13,1,51,56,0,51,65,4,40,40,0,155,2,0
8976,1000000US170311510024000,0,0,0,0,0,0,0,0,0,0,0,0,0,0,0,0,0,0
8977,1000000US170311510024001,0,0,0,0,0,0,0,0,0,0,0,0,0,0,0,0,0,0
8978,1000000US170311510024002,90,53,0,0,1,0,36,54,0,36,37,1,43,42,1,116,0,0
8979,1000000US170311510024003,65,24,4,2,0,0,37,28,0,37,41,0,37,31,6,85,2,0
8980,1000000US170311510024004,48,27,10,1,0,0,11,37,0,11,21,1,42,32,10,51,1,0
8981,1000000US170311510024005,0,0,0,0,0,0,0,0,0,0,0,0,0,0,0,0,0,0
8982,1000000US170311510024006,71,8,7,1,7,3,45,26,0,45,63,0,22,22,0,99,1,0
8983,1000000US170311510024007,58,11,0,1,4,0,42,16,0,42,47,0,24,24,0,85,1,0
8984,1000000US170311510024008,74,5,0,6,0,0,68,6,0,68,69,5,25,25,0,119,6,0
8985,1000000US170311510024009,49,30,10,0,0,0,10,39,0,10,19,0,44,41,3,52,0,1
8986,1000000US170311510024010,0,0,0,0,0,0,0,0,0,0,0,0,0,0,0,0,0,0
8987,1000000US170311510024011,53,36,2,0,0,0,17,36,0,17,17,3,31,31,0,64,0,2
8988,1000000US170311510024012,0,0,0,0,0,0,0,0,0,0,0,0,0,0,0,0,0,0
8989,1000000US170311511001000,56,20,1,0,1,0,35,21,0,35,36,1,28,24,4,77,0,1
8990,1000000US170311511001001,66,13,1,0,0,0,52,14,0,52,53,0,28,27,1,94,0,0
8991,1000000US170311511001002,70,36,3,0,1,3,30,40,0,30,34,7,35,32,3,92,0,0
8992,1000000US170311511001003,55,29,0,3,0,0,24,31,0,24,26,3,27,25,2,84,1,0
8993,1000000US170311511001004,51,26,0,4,1,0,24,27,0,24,25,6,25,21,4,66,0,0
8994,1000000US170311511001005,87,53,3,0,2,0,28,59,0,28,34,1,41,39,2,121,0,0
8995,1000000US170311511001006,77,40,0,0,0,0,37,40,0,37,37,1,37,33,4,96,0,0
8996,1000000US170311511001007,93,49,1,1,5,0,39,54,0,39,44,1,42,39,3,128,1,0
8997,1000000US170311511001008,73,46,0,0,0,0,27,46,0,27,27,1,34,33,1,91,0,0
8998,1000000US170311511001009,64,30,2,0,5,0,27,37,0,27,34,3,38,34,4,98,0,0
8999,1000000US170311511001010,86,61,0,1,0,0,25,61,0,25,25,0,41,39,2,114,1,0
9000,1000000US170311511001011,96,41,5,0,4,0,47,49,0,47,55,2,47,41,6,125,0,1
9001,1000000US170311511001012,84,53,0,2,0,0,31,53,0,31,31,2,44,40,4,112,2,0
9002,1000000US170311511001013,106,68,1,4,5,0,32,74,0,32,38,8,50,43,7,143,0,0
9003,1000000US170311511001014,87,61,0,0,0,0,26,61,0,26,26,4,48,43,5,115,0,0
9004,1000000US170311511001015,73,33,2,0,0,0,38,35,0,38,40,0,43,37,6,109,0,0
9005,1000000US170311511002000,87,52,1,0,0,0,35,52,0,35,35,1,37,36,1,104,0,1
9006,1000000US170311511002001,3,3,0,0,0,0,0,3,0,0,0,0,0,0,0,3,0,0
9007,1000000US170311511002002,127,72,1,0,4,0,49,78,0,49,55,2,53,51,2,168,0,0
9008,1000000US170311511002003,5,5,0,0,0,0,0,5,0,0,0,0,0,0,0,5,0,0
9009,1000000US170311511002004,72,43,0,0,3,0,26,46,0,26,29,0,39,32,7,90,0,0
9010,1000000US170311511002005,79,39,0,2,3,0,35,44,0,35,40,0,44,40,4,118,2,0
9011,1000000US170311511002006,89,57,0,0,0,1,30,59,0,30,32,1,45,39,6,111,0,0
9012,1000000US170311511002007,62,45,0,0,0,0,17,45,0,17,17,1,23,21,2,71,0,0
9013,1000000US170311511002008,51,15,4,0,8,0,28,23,0,28,36,4,20,20,0,67,0,4
9014,1000000US170311511002009,128,57,4,0,0,0,63,65,0,63,71,2,60,53,7,180,0,0
9015,1000000US170311511002010,110,41,3,5,3,0,66,44,0,66,69,5,53,49,4,148,5,3
9016,1000000US170311511002011,58,20,0,0,7,0,31,27,0,31,38,0,20,19,1,68,0,0
9017,1000000US170311511002012,66,30,0,5,11,1,25,41,0,25,36,9,22,21,1,86,5,0
9018,1000000US170311511002013,130,47,2,2,10,0,73,57,0,73,83,10,62,60,2,177,2,0
9019,1000000US170311511002014,24,17,0,0,0,0,7,17,0,7,7,0,12,11,1,31,0,0
9020,1000000US170311511002015,7,5,0,0,0,0,2,5,0,2,2,0,3,3,0,13,0,0
9021,1000000US170311511003000,92,70,0,0,0,0,22,70,0,22,22,1,36,35,1,111,0,0
9022,1000000US170311511003001,43,25,2,0,0,0,17,26,0,17,18,0,19,19,0,53,0,1
9023,1000000US170311511003002,76,26,3,0,1,0,48,28,0,48,50,0,22,22,0,97,0,2
9024,1000000US170311511003003,47,32,1,1,0,2,14,33,0,14,15,0,20,20,0,52,1,0
9025,1000000US170311511003004,49,33,1,0,2,0,15,34,0,15,16,2,22,18,4,56,0,0
9026,1000000US170311511003005,61,26,0,0,9,0,26,35,0,26,35,0,20,20,0,82,0,0
9027,1000000US170311511003006,51,22,0,0,6,0,23,28,0,23,29,0,19,18,1,67,0,0
9028,1000000US170311511003007,93,39,3,7,18,0,30,63,0,30,54,9,41,41,0,124,7,0
9029,1000000US170311511003008,68,42,0,0,0,0,26,42,0,26,26,0,26,25,1,81,0,0
9030,1000000US170311511003009,57,37,2,0,0,0,18,39,0,18,20,0,36,27,9,72,0,0
9031,1000000US170311511003010,92,36,5,0,2,0,49,43,0,49,56,1,42,38,4,114,0,0
9032,1000000US170311511003011,75,43,0,1,6,0,27,48,0,27,32,2,40,36,4,85,1,0
9033,1000000US170311511003012,93,60,1,3,4,0,25,68,0,25,33,0,42,39,3,125,3,0
9034,1000000US170311511003013,51,27,0,0,8,0,16,35,0,16,24,0,24,22,2,59,0,0
9035,1000000US170311511003014,5,3,0,0,0,0,2,3,0,2,2,0,12,3,9,5,0,0
9036,1000000US170311511003015,1,1,0,0,0,0,0,1,0,0,0,0,1,1,0,2,0,0
9037,1000000US170311511004000,46,27,3,0,0,0,17,29,0,17,19,1,28,28,0,67,0,1
9038,1000000US170311511004001,77,32,0,0,4,0,41,36,0,41,45,0,38,35,3,110,0,0
9039,1000000US170311511004002,0,0,0,0,0,0,0,0,0,0,0,0,0,0,0,0,0,0
9040,1000000US170311511004003,53,19,0,0,5,0,28,25,0,28,34,0,24,23,1,71,0,0
9041,1000000US170311511004004,76,48,0,1,1,1,27,49,0,27,28,1,27,27,0,98,1,0
9042,1000000US170311511004005,95,53,3,3,1,0,39,56,0,39,42,3,39,39,0,121,3,1
9043,1000000US170311511004006,63,23,1,2,15,0,24,39,0,24,40,3,25,25,0,85,2,0
9044,1000000US170311511004007,43,31,0,0,3,0,9,34,0,9,12,0,20,19,1,59,0,0
9045,1000000US170311511004008,65,31,0,1,2,0,31,34,0,31,34,1,29,27,2,90,1,0
9046,1000000US170311511004009,112,85,0,1,12,0,13,99,0,13,27,1,62,59,3,135,1,0
9047,1000000US170311511004010,0,0,0,0,0,0,0,0,0,0,0,0,0,0,0,0,0,0
9048,1000000US170311511004011,40,32,0,0,0,0,6,34,0,6,8,0,22,20,2,56,0,0
9049,1000000US170311511004012,52,18,0,0,0,0,34,18,0,34,34,0,13,12,1,69,0,0
9050,1000000US170311511004013,2,1,0,1,0,0,1,1,0,1,1,1,1,1,0,2,0,0
9051,1000000US170311511004014,43,17,1,0,6,0,19,24,0,19,26,1,19,19,0,57,0,0
9052,1000000US170311511004015,41,20,0,0,0,0,21,20,0,21,21,0,10,10,0,49,0,0
9053,1000000US170311511004016,41,30,0,0,0,2,11,30,0,11,11,2,27,27,0,42,0,0
9054,1000000US170311511004017,30,13,0,0,4,0,13,17,0,13,17,0,11,11,0,34,0,0
9055,1000000US170311511004018,22,13,0,0,4,0,5,17,0,5,9,0,7,6,1,23,0,0
9056,1000000US170311512001000,2,0,1,0,0,0,1,1,0,1,2,1,1,1,0,2,0,0
9057,1000000US170311512001001,110,48,2,4,1,0,59,51,0,59,62,1,51,48,3,158,4,0
9058,1000000US170311512001002,52,25,1,0,1,0,27,25,0,27,27,1,21,21,0,70,0,1
9059,1000000US170311512001003,51,27,0,0,4,0,20,31,0,20,24,3,20,20,0,79,0,0
9060,1000000US170311512001004,43,17,1,0,0,0,25,18,0,25,26,5,19,18,1,58,0,0
9061,1000000US170311512001005,0,0,0,0,0,0,0,0,0,0,0,0,0,0,0,0,0,0
9062,1000000US170311512001006,45,36,0,0,0,0,9,36,0,9,9,3,19,18,1,51,0,0
9063,1000000US170311512001007,51,40,0,1,0,0,10,41,0,10,11,3,21,19,2,66,1,0
9064,1000000US170311512001008,69,50,3,0,8,0,8,61,0,8,19,0,30,29,1,79,0,0
9065,1000000US170311512001009,48,8,2,0,10,0,28,20,0,28,40,0,20,19,1,69,0,0
9066,1000000US170311512001010,0,0,0,0,0,0,0,0,0,0,0,0,0,0,0,0,0,0
9067,1000000US170311512001011,0,0,0,0,0,0,0,0,0,0,0,0,0,0,0,0,0,0
9068,1000000US170311512001012,47,27,0,0,2,0,18,29,0,18,20,1,19,19,0,58,0,0
9069,1000000US170311512001013,52,33,0,0,9,0,10,42,0,10,19,0,20,19,1,63,0,0
9070,1000000US170311512001014,47,34,0,0,0,0,13,34,0,13,13,0,23,22,1,64,0,0
9071,1000000US170311512001015,58,28,0,0,7,0,23,35,0,23,30,0,21,19,2,68,0,0
9072,1000000US170311512001016,55,36,0,0,0,0,19,36,0,19,19,0,23,23,0,76,0,0
9073,1000000US170311512001017,31,15,0,0,5,0,11,20,0,11,16,0,13,13,0,35,0,0
9074,1000000US170311512001018,117,107,1,1,2,0,9,108,0,9,10,2,79,66,13,128,0,0
9075,1000000US170311512001019,51,20,0,0,2,0,27,24,0,27,31,2,16,16,0,76,0,0
9076,1000000US170311512001020,47,14,0,3,7,0,26,21,0,26,33,0,21,19,2,68,3,0
9077,1000000US170311512002000,4,0,0,0,0,0,2,2,0,2,4,4,2,2,0,6,0,0
9078,1000000US170311512002001,48,18,2,0,0,0,28,20,0,28,30,0,16,16,0,64,0,0
9079,1000000US170311512002002,61,28,4,0,2,0,32,29,0,32,33,4,19,19,0,85,0,4
9080,1000000US170311512002003,63,32,0,0,7,0,24,39,0,24,31,2,29,27,2,79,0,0
9081,1000000US170311512002004,32,19,0,0,0,0,13,19,0,13,13,1,13,13,0,37,0,0
9082,1000000US170311512002005,20,8,0,0,0,0,12,8,0,12,12,0,9,9,0,27,0,0
9083,1000000US170311512002006,35,18,0,0,3,0,14,21,0,14,17,0,13,12,1,45,0,0
9084,1000000US170311512002007,54,26,0,0,0,0,28,26,0,28,28,3,21,20,1,75,0,0
9085,1000000US170311512002008,63,35,0,0,8,0,20,43,0,20,28,0,30,30,0,75,0,0
9086,1000000US170311512002009,46,27,1,0,7,0,12,34,0,12,19,0,14,13,1,54,0,1
9087,1000000US170311512002010,29,11,0,0,5,0,12,17,0,12,18,1,14,12,2,41,0,0
9088,1000000US170311512002011,70,48,0,6,1,0,21,49,0,21,22,2,23,23,0,90,4,0
9089,1000000US170311512002012,48,25,0,0,7,0,16,32,0,16,23,0,20,20,0,60,0,0
9090,1000000US170311512002013,40,27,0,0,0,0,13,27,0,13,13,0,14,14,0,46,0,0
9091,1000000US170311512002014,108,62,2,0,3,0,42,66,0,42,46,6,48,43,5,138,0,1
9092,1000000US170311512002015,60,31,1,0,6,0,23,37,0,23,29,0,29,26,3,90,0,1
9093,1000000US170311512002016,90,62,1,0,1,0,26,64,0,26,28,2,54,50,4,113,0,0
9094,1000000US170311512002017,30,19,6,0,2,0,3,27,0,3,11,0,16,13,3,34,0,0
9095,1000000US170311512002018,0,0,0,0,0,0,0,0,0,0,0,0,0,0,0,0,0,0
9096,1000000US170311512002019,71,47,0,0,2,0,22,49,0,22,24,1,25,24,1,90,0,0
9097,1000000US170311512002020,9,9,0,0,0,0,0,9,0,0,0,0,4,4,0,10,0,0
9098,1000000US170311512003000,62,36,0,0,3,3,20,42,0,20,26,3,28,25,3,74,0,0
9099,1000000US170311512003001,50,43,0,0,0,0,6,44,0,6,7,2,27,23,4,66,0,0
9100,1000000US170311512003002,55,31,0,0,11,0,13,42,0,13,24,0,24,22,2,74,0,0
9101,1000000US170311512003003,61,36,0,2,1,1,20,41,0,20,25,3,34,32,2,81,1,0
9102,1000000US170311512003004,51,31,1,4,3,0,18,33,0,18,20,2,30,29,1,63,4,0
9103,1000000US170311512003005,52,34,0,0,0,0,18,34,0,18,18,0,28,24,4,64,0,0
9104,1000000US170311512003006,35,26,0,0,7,0,2,33,0,2,9,0,20,18,2,39,0,0
9105,1000000US170311512003007,73,44,6,5,2,0,21,52,0,21,29,1,29,29,0,105,5,0
9106,1000000US170311512003008,56,49,0,0,0,0,7,49,0,7,7,0,23,22,1,63,0,0
9107,1000000US170311512003009,49,36,0,0,5,0,8,41,0,8,13,0,20,20,0,64,0,0
9108,1000000US170311512003010,54,30,0,0,4,0,20,34,0,20,24,0,24,22,2,70,0,0
9109,1000000US170311512003011,48,31,0,0,9,0,8,40,0,8,17,0,26,23,3,69,0,0
9110,1000000US170311512003012,51,23,5,0,4,0,19,32,0,19,28,0,24,23,1,60,0,0
9111,1000000US170311512003013,47,33,2,0,0,0,12,35,0,12,14,0,20,20,0,64,0,0
9112,1000000US170311512003014,57,29,0,0,1,0,27,30,0,27,28,2,20,19,1,72,0,0
9113,1000000US170311512003015,54,38,0,0,11,0,5,49,0,5,16,0,21,20,1,67,0,0
9114,1000000US170311512003016,58,19,1,2,4,0,35,23,0,35,39,3,21,20,1,87,2,1
9115,1000000US170311512003017,32,22,0,0,0,0,10,22,0,10,10,0,14,14,0,40,0,0
9116,1000000US170311512003018,16,12,0,0,0,0,4,12,0,4,4,0,8,7,1,20,0,0
9117,1000000US170311512003019,37,19,0,0,4,0,14,23,0,14,18,0,14,14,0,42,0,0
9118,1000000US170311512003020,52,31,0,0,0,0,21,31,0,21,21,1,19,19,0,73,0,0
9119,1000000US170311601001000,0,0,0,0,0,0,0,0,0,0,0,0,0,0,0,0,0,0
9120,1000000US170311601001001,58,38,6,0,10,0,7,51,0,7,20,3,34,31,3,68,0,0
9121,1000000US170311601001002,117,62,10,4,20,2,21,96,0,21,55,6,58,54,4,157,3,0
9122,1000000US170311601001003,32,13,2,0,6,0,12,20,0,12,19,1,17,14,3,43,0,1
9123,1000000US170311601001004,57,24,3,4,12,0,15,42,0,15,33,2,36,35,1,66,4,1
9124,1000000US170311601001005,141,67,10,2,28,0,36,105,0,36,74,14,85,77,8,181,0,3
9125,1000000US170311601001006,31,18,0,0,0,0,13,18,0,13,13,0,12,12,0,47,0,0
9126,1000000US170311601001007,20,20,0,0,0,0,0,20,0,0,0,0,11,10,1,20,0,0
9127,1000000US170311601001008,24,7,0,0,10,0,7,17,0,7,17,0,13,10,3,29,0,0
9128,1000000US170311601001009,18,13,0,0,3,0,2,16,0,2,5,0,9,9,0,26,0,0
9129,1000000US170311601001010,27,17,0,0,0,0,10,17,0,10,10,0,11,11,0,36,0,0
9130,1000000US170311601001011,29,24,1,0,1,0,4,25,0,4,5,0,14,14,0,38,0,0
9131,1000000US170311601001012,28,12,1,0,1,0,14,14,0,14,16,1,18,18,0,40,0,0
9132,1000000US170311601001013,25,16,0,0,2,0,7,18,0,7,9,1,12,12,0,38,0,0
9133,1000000US170311601001014,91,59,8,0,9,0,22,69,0,22,32,5,56,51,5,118,0,3
9134,1000000US170311601001015,34,25,2,1,1,0,5,29,0,5,9,1,18,17,1,52,0,0
9135,1000000US170311601001016,109,68,2,2,14,1,27,82,0,27,41,2,62,51,11,131,1,1
9136,1000000US170311601001017,47,27,0,0,8,0,12,35,0,12,20,0,26,22,4,69,0,0
9137,1000000US170311601001018,28,17,0,0,0,0,11,17,0,11,11,0,15,13,2,43,0,0
9138,1000000US170311601001019,61,54,1,1,1,0,4,57,0,4,7,0,29,29,0,83,1,0
9139,1000000US170311601001020,47,33,1,0,4,0,9,38,0,9,14,0,25,23,2,67,0,0
9140,1000000US170311601001021,102,57,11,1,11,0,28,74,0,28,45,8,69,56,13,126,1,5
9141,1000000US170311601001022,89,63,1,0,13,0,11,78,0,11,26,2,53,49,4,109,0,0
9142,1000000US170311601001023,47,29,1,0,3,0,15,32,0,15,18,1,25,23,2,70,0,1
9143,1000000US170311601002000,35,18,0,0,15,0,2,33,0,2,17,0,18,18,0,43,0,0
9144,1000000US170311601002001,6,6,0,0,0,0,0,6,0,0,0,0,3,3,0,7,0,0
9145,1000000US170311601002002,149,46,4,1,18,0,80,69,0,80,103,2,78,69,9,190,0,2
9146,1000000US170311601002003,0,0,0,0,0,0,0,0,0,0,0,0,0,0,0,0,0,0
9147,1000000US170311601002004,0,0,0,0,0,0,0,0,0,0,0,0,0,0,0,0,0,0
9148,1000000US170311601002005,0,0,0,0,0,0,0,0,0,0,0,0,0,0,0,0,0,0
9149,1000000US170311601002006,84,50,1,1,19,0,14,70,0,14,34,1,32,31,1,105,1,0
9150,1000000US170311601002007,34,14,0,0,10,0,10,24,0,10,20,0,19,18,1,39,0,0
9151,1000000US170311601002008,63,34,0,0,4,0,25,38,0,25,29,3,37,35,2,90,0,0
9152,1000000US170311601002009,60,47,1,0,9,0,4,56,0,4,13,0,24,24,0,74,0,0
9153,1000000US170311601002010,78,49,0,0,2,0,27,51,0,27,29,3,45,40,5,120,0,0
9154,1000000US170311601002011,0,0,0,0,0,0,0,0,0,0,0,0,0,0,0,0,0,0
9155,1000000US170311601002012,54,38,0,0,1,0,15,39,0,15,16,0,27,27,0,68,0,0
9156,1000000US170311601002013,78,67,0,0,3,0,8,70,0,8,11,0,41,41,0,92,0,0
9157,1000000US170311601002014,0,0,0,0,0,0,0,0,0,0,0,0,0,0,0,0,0,0
9158,1000000US170311601002015,0,0,0,0,0,0,0,0,0,0,0,0,0,0,0,0,0,0
9159,1000000US170311601002016,0,0,0,0,0,0,0,0,0,0,0,0,0,0,0,0,0,0
9160,1000000US170311601002017,0,0,0,0,0,0,0,0,0,0,0,0,0,0,0,0,0,0
9161,1000000US170311601002018,0,0,0,0,0,0,0,0,0,0,0,0,0,0,0,0,0,0
9162,1000000US170311601002019,0,0,0,0,0,0,0,0,0,0,0,0,0,0,0,0,0,0
9163,1000000US170311601002020,0,0,0,0,0,0,0,0,0,0,0,0,0,0,0,0,0,0
9164,1000000US170311601002021,0,0,0,0,0,0,0,0,0,0,0,0,0,0,0,0,0,0
9165,1000000US170311602001000,85,53,4,0,2,0,26,59,0,26,32,0,57,56,1,97,0,0
9166,1000000US170311602001001,66,32,2,0,20,0,13,53,0,13,34,4,29,29,0,85,0,1
9167,1000000US170311602001002,69,36,0,0,7,0,26,43,0,26,33,0,32,31,1,91,0,0
9168,1000000US170311602001003,18,7,2,0,0,0,9,9,0,9,11,0,13,12,1,26,0,0
9169,1000000US170311602001004,16,0,0,0,0,0,16,0,0,16,16,1,7,7,0,22,0,0
9170,1000000US170311602001005,44,18,0,0,5,0,21,23,0,21,26,0,21,21,0,59,0,0
9171,1000000US170311602001006,12,11,0,0,0,0,1,11,0,1,1,0,5,5,0,14,0,0
9172,1000000US170311602001007,51,24,0,0,9,0,18,33,0,18,27,0,26,26,0,64,0,0
9173,1000000US170311602001008,41,31,2,0,6,0,2,39,0,2,10,2,22,19,3,53,0,0
9174,1000000US170311602001009,20,14,1,0,2,0,3,17,0,3,6,0,15,11,4,28,0,0
9175,1000000US170311602001010,62,34,0,0,16,0,13,49,0,13,28,0,28,26,2,73,0,0
9176,1000000US170311602001011,88,45,4,0,2,0,37,51,0,37,43,9,45,44,1,125,0,0
9177,1000000US170311602001012,1,0,1,0,0,0,0,1,0,0,1,0,2,1,1,1,0,0
9178,1000000US170311602002000,0,0,0,0,0,0,0,0,0,0,0,0,0,0,0,0,0,0
9179,1000000US170311602002001,10,5,0,0,5,0,0,10,0,0,5,0,5,5,0,13,0,0
9180,1000000US170311602002002,53,43,1,0,0,0,10,43,0,10,10,0,26,24,2,70,0,1
9181,1000000US170311602002003,30,24,0,0,1,0,5,25,0,5,6,0,14,13,1,33,0,0
9182,1000000US170311602002004,55,38,0,0,7,0,10,45,0,10,17,1,37,32,5,58,0,0
9183,1000000US170311602002005,43,34,2,1,3,0,4,39,0,4,9,2,25,19,6,56,0,0
9184,1000000US170311602002006,42,37,0,1,1,0,3,39,0,3,5,1,20,20,0,68,0,0
9185,1000000US170311602002007,19,13,0,0,0,0,6,13,0,6,6,0,8,8,0,25,0,0
9186,1000000US170311602002008,29,24,0,0,2,1,2,27,0,2,5,0,20,19,1,35,0,0
9187,1000000US170311602002009,59,36,0,0,5,0,18,41,0,18,23,0,31,28,3,72,0,0
9188,1000000US170311602002010,53,33,2,2,9,0,6,47,0,6,20,2,31,28,3,63,2,0
9189,1000000US170311602002011,61,39,0,0,18,0,4,57,0,4,22,0,31,29,2,72,0,0
9190,1000000US170311602002012,11,8,0,1,1,0,2,9,0,2,3,2,1,1,0,13,0,0
9191,1000000US170311602003000,41,23,0,0,11,0,9,32,0,9,18,4,18,17,1,59,0,0
9192,1000000US170311602003001,38,28,2,0,1,0,7,31,0,7,10,0,19,19,0,58,0,0
9193,1000000US170311602003002,25,24,0,0,0,0,1,24,0,1,1,0,13,12,1,32,0,0
9194,1000000US170311602003003,38,35,0,0,0,0,3,35,0,3,3,0,21,20,1,42,0,0
9195,1000000US170311602003004,63,34,2,0,6,0,22,41,0,22,29,0,35,31,4,91,0,1
9196,1000000US170311602003005,77,64,0,3,7,0,6,71,0,6,13,3,47,39,8,99,0,0
9197,1000000US170311602003006,70,38,3,0,6,0,24,46,0,24,32,4,43,41,2,103,0,0
9198,1000000US170311602003007,0,0,0,0,0,0,0,0,0,0,0,0,0,0,0,0,0,0
9199,1000000US170311602003008,33,17,5,0,7,0,9,24,0,9,16,3,17,15,2,38,0,5
9200,1000000US170311602003009,98,67,7,2,10,0,14,84,0,14,31,4,60,60,0,105,0,0
9201,1000000US170311602004000,70,47,4,0,9,1,9,61,0,9,23,4,35,34,1,94,0,0
9202,1000000US170311602004001,35,21,1,0,4,0,9,26,0,9,14,0,18,17,1,48,0,0
9203,1000000US170311602004002,0,0,0,0,0,0,0,0,0,0,0,0,0,0,0,0,0,0
9204,1000000US170311602004003,40,25,2,0,5,0,8,32,0,8,15,0,21,21,0,63,0,0
9205,1000000US170311602004004,17,14,0,0,0,0,3,14,0,3,3,0,7,7,0,20,0,0
9206,1000000US170311602004005,0,0,0,0,0,0,0,0,0,0,0,0,0,0,0,0,0,0
9207,1000000US170311602004006,2,0,0,0,2,0,0,2,0,0,2,0,1,1,0,2,0,0
9208,1000000US170311602004007,0,0,0,0,0,0,0,0,0,0,0,0,0,0,0,0,0,0
9209,1000000US170311602004008,0,0,0,0,0,0,0,0,0,0,0,0,0,0,0,0,0,0
9210,1000000US170311602004009,0,0,0,0,0,0,0,0,0,0,0,0,0,0,0,0,0,0
9211,1000000US170311602004010,5,5,0,0,0,0,0,5,0,0,0,0,4,3,1,10,0,0
9212,1000000US170311602004011,13,13,0,0,0,0,0,13,0,0,0,0,7,7,0,23,0,0
9213,1000000US170311602004012,69,57,2,0,0,0,10,59,0,10,12,0,35,34,1,95,0,0
9214,1000000US170311602004013,28,17,1,1,10,0,3,25,0,3,11,4,14,14,0,45,0,1
9215,1000000US170311602004014,84,52,2,1,6,0,23,61,0,23,32,2,43,40,3,114,0,0
9216,1000000US170311602004015,0,0,0,0,0,0,0,0,0,0,0,0,0,0,0,0,0,0
9217,1000000US170311602004016,78,41,2,0,8,0,27,51,0,27,37,0,37,34,3,113,0,0
9218,1000000US170311602004017,69,48,3,1,4,0,13,56,0,13,21,8,46,41,5,100,0,1
9219,1000000US170311602004018,101,67,2,1,6,0,30,71,0,30,34,5,53,53,0,137,0,1
9220,1000000US170311602004019,83,43,5,0,0,0,37,46,0,37,40,2,43,40,3,117,0,2
9221,1000000US170311602004020,100,65,2,2,8,0,22,78,0,22,35,3,52,46,6,134,0,0
9222,1000000US170311602004021,65,50,0,0,1,0,14,51,0,14,15,2,35,34,1,81,0,0
9223,1000000US170311602004022,71,60,0,0,5,0,6,65,0,6,11,1,34,34,0,104,0,0
9224,1000000US170311602004023,60,39,1,2,5,0,13,47,0,13,21,2,35,35,0,121,0,0
9225,1000000US170311602004024,50,28,2,3,1,0,16,34,0,16,22,2,35,35,0,60,2,0
9226,1000000US170311602004025,0,0,0,0,0,0,0,0,0,0,0,0,0,0,0,0,0,0
9227,1000000US170311602004026,6,4,0,0,2,0,0,6,0,0,2,0,3,3,0,6,0,0
9228,1000000US170311602004027,13,9,0,0,4,0,0,13,0,0,4,0,12,8,4,13,0,0
9229,1000000US170311602004028,0,0,0,0,0,0,0,0,0,0,0,0,0,0,0,0,0,0
9230,1000000US170311602004029,0,0,0,0,0,0,0,0,0,0,0,0,0,0,0,0,0,0
9231,1000000US170311603001000,29,18,2,0,2,0,7,22,0,7,11,1,17,17,0,35,0,0
9232,1000000US170311603001001,17,7,4,0,1,0,5,12,0,5,10,1,12,9,3,21,0,0
9233,1000000US170311603001002,353,219,38,2,44,0,54,299,0,54,134,7,161,145,16,405,0,1
9234,1000000US170311603001003,55,25,8,0,3,0,20,35,0,20,30,4,48,37,11,64,0,1
9235,1000000US170311603001004,161,26,120,0,7,0,10,151,0,10,135,12,55,53,2,184,0,1
9236,1000000US170311603001005,175,118,9,1,18,0,29,146,0,29,57,6,122,109,13,186,0,0
9237,1000000US170311603001006,172,131,3,2,16,0,20,152,0,20,41,1,113,109,4,192,1,0
9238,1000000US170311603001007,150,99,15,0,9,0,27,123,0,27,51,3,113,100,13,157,0,0
9239,1000000US170311603001008,120,39,34,4,15,0,31,89,0,31,81,11,77,65,12,140,4,0
9240,1000000US170311603001009,137,102,3,2,18,0,14,123,0,14,35,4,96,93,3,163,1,1
9241,1000000US170311603001010,251,153,25,6,15,2,55,196,0,55,98,15,194,179,15,264,0,2
9242,1000000US170311603001011,91,60,14,1,5,0,13,78,0,13,31,4,57,52,5,108,1,1
9243,1000000US170311603002000,85,30,4,0,9,0,46,39,0,46,55,9,57,54,3,102,0,4
9244,1000000US170311603002001,58,26,2,0,14,0,17,41,0,17,32,2,43,32,11,65,0,1
9245,1000000US170311603002002,324,209,9,2,49,0,58,266,0,58,115,10,215,202,13,370,1,3
9246,1000000US170311603002003,156,84,4,5,21,0,50,106,0,50,72,6,97,94,3,184,4,3
9247,1000000US170311603002004,21,14,0,0,0,0,7,14,0,7,7,0,12,12,0,27,0,0
9248,1000000US170311603002005,34,28,1,0,0,0,5,29,0,5,6,0,24,23,1,46,0,0
9249,1000000US170311603002006,43,20,2,0,2,0,19,24,0,19,23,1,24,22,2,54,0,0
9250,1000000US170311603002007,0,0,0,0,0,0,0,0,0,0,0,0,0,0,0,0,0,0
9251,1000000US170311603002008,0,0,0,0,0,0,0,0,0,0,0,0,0,0,0,0,0,0
9252,1000000US170311603002009,0,0,0,0,0,0,0,0,0,0,0,0,0,0,0,0,0,0
9253,1000000US170311603002010,0,0,0,0,0,0,0,0,0,0,0,0,0,0,0,0,0,0
9254,1000000US170311603002011,0,0,0,0,0,0,0,0,0,0,0,0,0,0,0,0,0,0
9255,1000000US170311603002012,10,6,2,0,0,0,2,8,0,2,4,0,5,5,0,15,0,0
9256,1000000US170311603002013,0,0,0,0,0,0,0,0,0,0,0,0,0,0,0,0,0,0
9257,1000000US170311603002014,0,0,0,0,0,0,0,0,0,0,0,0,0,0,0,0,0,0
9258,1000000US170311603002015,0,0,0,0,0,0,0,0,0,0,0,0,0,0,0,0,0,0
9259,1000000US170311603003000,198,90,10,5,57,0,41,157,0,41,108,11,96,90,6,258,3,1
9260,1000000US170311603003001,70,50,1,0,3,0,16,54,0,16,20,0,41,40,1,79,0,0
9261,1000000US170311603003002,54,26,1,0,2,0,24,30,0,24,28,1,30,24,6,68,0,0
9262,1000000US170311603003003,0,0,0,0,0,0,0,0,0,0,0,0,0,0,0,0,0,0
9263,1000000US170311603003004,36,29,0,0,0,0,7,29,0,7,7,0,21,19,2,48,0,0
9264,1000000US170311603003005,69,56,1,0,3,0,9,60,0,9,13,0,50,40,10,92,0,0
9265,1000000US170311603003006,130,93,3,2,12,0,20,110,0,20,37,3,85,78,7,171,0,0
9266,1000000US170311603003007,142,91,4,6,18,0,23,119,0,23,51,5,84,82,2,166,1,0
9267,1000000US170311603003008,106,77,1,0,14,0,14,92,0,14,29,5,73,70,3,121,0,0
9268,1000000US170311604001000,56,26,2,0,7,0,21,35,0,21,30,0,37,27,10,63,0,0
9269,1000000US170311604001001,25,0,0,0,0,0,23,2,0,23,25,0,10,9,1,39,0,0
9270,1000000US170311604001002,52,10,6,1,7,4,30,22,0,30,42,4,23,19,4,71,1,1
9271,1000000US170311604001003,28,5,2,0,0,0,20,8,0,20,23,4,13,13,0,39,0,0
9272,1000000US170311604001004,41,12,1,0,0,0,28,13,0,28,29,0,28,20,8,55,0,0
9273,1000000US170311604001005,60,14,16,1,6,0,25,35,0,25,46,3,32,31,1,77,1,0
9274,1000000US170311604001006,76,21,3,2,4,0,48,28,0,48,55,1,31,30,1,113,1,0
9275,1000000US170311604001007,69,9,3,0,4,0,54,15,0,54,60,3,29,27,2,106,0,1
9276,1000000US170311604001008,84,39,3,1,1,0,42,42,0,42,45,7,37,37,0,116,0,1
9277,1000000US170311604001009,42,21,3,0,5,0,13,29,0,13,21,4,26,22,4,53,0,0
9278,1000000US170311604001010,48,21,7,0,2,0,19,29,0,19,27,5,23,20,3,68,0,1
9279,1000000US170311604001011,51,8,0,0,8,0,35,16,0,35,43,0,18,16,2,63,0,0
9280,1000000US170311604001012,38,24,2,0,1,0,13,25,0,13,14,1,23,18,5,47,0,2
9281,1000000US170311604001013,69,22,4,6,5,5,35,34,0,35,47,10,37,34,3,96,0,0
9282,1000000US170311604001014,82,41,0,0,8,1,32,50,0,32,41,5,47,44,3,110,0,0
9283,1000000US170311604001015,58,34,0,1,4,0,20,38,0,20,24,0,32,31,1,69,1,0
9284,1000000US170311604001016,90,40,6,1,17,0,26,64,0,26,50,7,48,44,4,107,0,0
9285,1000000US170311604001017,64,22,0,3,9,0,30,34,0,30,42,1,36,34,2,87,2,0
9286,1000000US170311604001018,54,33,0,0,5,0,16,38,0,16,21,5,22,21,1,62,0,0
9287,1000000US170311604001019,64,25,2,0,9,0,28,36,0,28,39,3,29,29,0,77,0,0
9288,1000000US170311604001020,47,20,4,0,4,0,20,27,0,20,27,0,24,21,3,64,0,1
9289,1000000US170311604001021,67,29,3,1,6,1,30,37,0,30,38,2,38,36,2,90,0,1
9290,1000000US170311604001022,88,34,1,0,2,0,53,35,0,53,54,5,45,40,5,117,0,1
9291,1000000US170311604001023,77,38,1,0,8,0,29,48,0,29,39,10,42,39,3,94,0,1
9292,1000000US170311604001024,82,32,9,2,1,0,42,40,0,42,50,1,42,41,1,110,2,2
9293,1000000US170311604001025,77,30,5,1,19,0,23,54,0,23,47,0,39,35,4,88,1,0
9294,1000000US170311604001026,19,10,0,0,0,0,9,10,0,9,9,0,13,9,4,19,0,0
9295,1000000US170311604001027,31,21,2,0,2,0,7,24,0,7,10,4,20,18,2,42,0,1
9296,1000000US170311604001028,50,8,1,1,6,0,35,15,0,35,42,2,26,23,3,62,1,0
9297,1000000US170311604001029,66,26,6,0,0,0,34,32,0,34,40,0,55,29,26,90,0,0
9298,1000000US170311604001030,17,14,0,0,0,0,3,14,0,3,3,0,16,10,6,21,0,0
9299,1000000US170311604002000,1,1,0,0,0,0,0,1,0,0,0,0,1,1,0,1,0,0
9300,1000000US170311604002001,28,18,1,0,5,0,5,23,0,5,10,0,12,12,0,40,0,1
9301,1000000US170311604002002,0,0,0,0,0,0,0,0,0,0,0,0,0,0,0,0,0,0
9302,1000000US170311604002003,93,46,10,9,9,0,28,65,0,28,47,9,58,55,3,120,2,3
9303,1000000US170311604002004,34,25,0,0,2,0,7,27,0,7,9,0,15,15,0,52,0,0
9304,1000000US170311604002005,34,33,0,0,0,0,1,33,0,1,1,0,18,18,0,48,0,0
9305,1000000US170311604002006,39,24,3,0,1,0,11,28,0,11,15,0,20,18,2,57,0,0
9306,1000000US170311604002007,58,31,1,1,5,0,20,38,0,20,27,4,38,29,9,75,0,0
9307,1000000US170311604002008,85,46,7,0,9,0,26,59,0,26,39,6,59,54,5,105,0,3
9308,1000000US170311604002009,73,34,3,0,3,0,33,40,0,33,39,7,59,51,8,83,0,0
9309,1000000US170311604002010,27,25,0,0,0,0,2,25,0,2,2,0,20,15,5,36,0,0
9310,1000000US170311604002011,29,22,0,0,5,0,4,25,0,4,7,4,18,17,1,34,0,0
9311,1000000US170311604002012,21,13,0,0,0,0,8,13,0,8,8,0,13,10,3,31,0,0
9312,1000000US170311604002013,39,32,0,0,0,0,7,32,0,7,7,0,17,17,0,46,0,0
9313,1000000US170311604002014,25,20,0,0,1,0,4,21,0,4,5,0,11,11,0,31,0,0
9314,1000000US170311604002015,41,22,0,1,3,0,15,26,0,15,19,1,25,25,0,50,0,0
9315,1000000US170311604002016,20,13,0,3,2,0,4,16,0,4,7,4,8,7,1,23,3,0
9316,1000000US170311604002017,2,1,0,0,1,0,0,2,0,0,1,0,1,1,0,3,0,0
9317,1000000US170311604002018,43,27,0,0,3,0,13,30,0,13,16,0,26,24,2,51,0,0
9318,1000000US170311604002019,6,6,0,0,0,0,0,6,0,0,0,0,0,0,0,6,0,0
9319,1000000US170311604002020,39,23,2,3,3,0,11,28,0,11,16,4,22,20,2,52,2,0
9320,1000000US170311604002021,44,32,0,0,0,1,11,33,0,11,12,1,23,21,2,48,0,0
9321,1000000US170311604002022,33,19,2,0,1,0,10,23,0,10,14,0,17,16,1,43,0,0
9322,1000000US170311604002023,2,1,0,0,1,0,0,2,0,0,1,0,3,2,1,2,0,0
9323,1000000US170311604002024,9,5,0,2,0,0,1,8,0,1,4,2,5,5,0,9,0,0
9324,1000000US170311604002025,1,0,0,0,1,0,0,1,0,0,1,0,4,1,3,1,0,0
9325,1000000US170311604002026,98,50,3,3,1,0,43,55,0,43,48,4,68,59,9,131,2,0
9326,1000000US170311604002027,0,0,0,0,0,0,0,0,0,0,0,0,0,0,0,0,0,0
9327,1000000US170311604002028,0,0,0,0,0,0,0,0,0,0,0,0,0,0,0,0,0,0
9328,1000000US170311604002029,50,30,0,6,5,0,15,35,0,15,20,7,27,25,2,68,0,0
9329,1000000US170311604002030,57,28,2,0,2,0,25,32,0,25,29,6,33,32,1,64,0,0
9330,1000000US170311604002031,39,29,6,1,1,0,2,37,0,2,10,3,20,19,1,46,0,0
9331,1000000US170311604002032,50,27,7,0,7,0,11,39,0,11,23,2,36,35,1,52,0,1
9332,1000000US170311604002033,42,20,4,0,3,0,19,23,0,19,22,0,36,32,4,44,0,2
9333,1000000US170311604002034,6,6,0,0,0,0,0,6,0,0,0,0,3,3,0,6,0,0
9334,1000000US170311604003000,29,2,1,0,0,0,26,3,0,26,27,1,15,10,5,39,0,0
9335,1000000US170311604003001,34,12,7,0,0,0,15,19,0,15,22,0,18,17,1,58,0,0
9336,1000000US170311604003002,43,4,0,0,12,0,26,17,0,26,39,2,20,16,4,56,0,0
9337,1000000US170311604003003,0,0,0,0,0,0,0,0,0,0,0,0,0,0,0,0,0,0
9338,1000000US170311604003004,9,6,0,0,0,0,3,6,0,3,3,0,4,3,1,10,0,0
9339,1000000US170311604003005,75,32,6,3,15,0,22,53,0,22,43,4,37,34,3,113,2,0
9340,1000000US170311604003006,43,22,1,0,2,0,18,25,0,18,21,1,20,20,0,51,0,0
9341,1000000US170311604003007,43,31,0,1,0,0,11,32,0,11,12,0,29,26,3,53,1,0
9342,1000000US170311604003008,48,23,1,0,2,0,22,26,0,22,25,0,25,23,2,63,0,0
9343,1000000US170311604003009,44,23,3,0,4,0,14,30,0,14,21,0,22,21,1,69,0,0
9344,1000000US170311604003010,46,19,1,0,0,0,27,19,0,27,27,0,20,17,3,55,0,1
9345,1000000US170311604003011,45,34,0,0,1,0,10,35,0,10,11,0,29,27,2,54,0,0
9346,1000000US170311604003012,40,26,1,0,6,0,8,32,0,8,14,0,20,20,0,59,0,1
9347,1000000US170311604003013,31,18,0,0,2,0,11,20,0,11,13,4,13,13,0,38,0,0
9348,1000000US170311604003014,41,29,0,0,0,0,12,29,0,12,12,0,25,23,2,51,0,0
9349,1000000US170311604003015,3,2,0,0,0,0,1,2,0,1,1,0,2,2,0,3,0,0
9350,1000000US170311604003016,6,1,2,0,0,0,3,3,0,3,5,0,3,3,0,6,0,0
9351,1000000US170311604003017,36,29,1,0,0,0,6,30,0,6,7,1,28,27,1,49,0,0
9352,1000000US170311604003018,6,4,0,0,0,0,2,4,0,2,2,0,5,5,0,7,0,0
9353,1000000US170311604003019,35,21,2,3,0,0,9,26,0,9,14,1,17,15,2,47,2,0
9354,1000000US170311604003020,51,14,7,3,3,0,27,24,0,27,37,3,22,21,1,59,0,2
9355,1000000US170311604003021,40,10,3,0,2,0,27,13,0,27,30,1,21,19,2,47,0,1
9356,1000000US170311604003022,2,1,0,0,1,0,0,2,0,0,1,0,1,1,0,2,0,0
9357,1000000US170311604003023,6,3,0,0,0,0,3,3,0,3,3,3,6,3,3,6,0,0
9358,1000000US170311605011000,0,0,0,0,0,0,0,0,0,0,0,0,0,0,0,0,0,0
9359,1000000US170311605011001,96,39,7,1,10,0,41,55,0,41,57,7,59,48,11,119,1,2
9360,1000000US170311605011002,24,2,2,2,10,0,11,13,0,11,22,0,10,10,0,32,2,0
9361,1000000US170311605011003,11,7,0,0,3,0,3,8,0,3,4,0,8,6,2,13,0,0
9362,1000000US170311605011004,137,30,10,6,4,0,93,44,0,93,107,0,59,57,2,176,6,0
9363,1000000US170311605011005,86,13,4,0,7,0,62,24,0,62,73,6,38,35,3,108,0,0
9364,1000000US170311605011006,65,14,8,2,6,0,37,28,0,37,51,0,33,27,6,82,2,0
9365,1000000US170311605011007,96,30,4,0,10,0,54,42,0,54,66,6,50,47,3,128,0,2
9366,1000000US170311605011008,99,36,2,0,26,0,35,64,0,35,63,5,56,50,6,130,0,0
9367,1000000US170311605011009,0,0,0,0,0,0,0,0,0,0,0,0,0,0,0,0,0,0
9368,1000000US170311605011010,135,36,0,10,4,0,93,42,0,93,99,6,60,58,2,193,10,0
9369,1000000US170311605011011,112,18,3,2,18,2,73,39,0,73,94,5,54,48,6,163,2,0
9370,1000000US170311605011012,88,31,11,5,6,0,44,44,0,44,57,2,58,49,9,130,5,5
9371,1000000US170311605011013,126,39,11,0,13,5,63,63,0,63,87,9,58,55,3,162,0,0
9372,1000000US170311605011014,50,20,0,0,17,0,15,35,0,15,30,0,23,22,1,66,0,0
9373,1000000US170311605011015,152,31,11,1,10,0,102,50,0,102,121,6,77,65,12,219,1,2
9374,1000000US170311605011016,49,16,0,7,8,0,25,24,0,25,33,3,24,21,3,67,7,0
9375,1000000US170311605011017,126,36,12,3,2,0,78,48,0,78,90,7,65,56,9,173,0,2
9376,1000000US170311605011018,120,24,5,1,24,0,68,52,0,68,96,8,46,43,3,162,1,1
9377,1000000US170311605012000,8,0,0,4,0,0,8,0,0,8,8,4,4,4,0,18,0,0
9378,1000000US170311605012001,11,1,3,0,0,0,7,4,0,7,10,0,6,5,1,14,0,0
9379,1000000US170311605012002,70,10,0,0,20,0,40,30,0,40,60,2,29,24,5,96,0,0
9380,1000000US170311605012003,51,23,2,0,7,1,18,33,0,18,28,1,26,26,0,67,0,0
9381,1000000US170311605012004,73,29,2,10,0,0,42,31,0,42,44,2,39,30,9,107,8,0
9382,1000000US170311605012005,65,9,4,5,13,0,43,22,0,43,56,8,29,25,4,99,0,4
9383,1000000US170311605012006,144,32,11,5,30,0,76,68,0,76,112,6,89,71,18,179,1,4
9384,1000000US170311605012007,115,22,0,3,10,1,80,35,0,80,93,5,41,37,4,168,1,0
9385,1000000US170311605012008,105,22,3,6,5,0,72,33,0,72,83,10,57,50,7,156,4,1
9386,1000000US170311605012009,81,17,0,1,34,0,30,51,0,30,64,14,35,32,3,101,0,0
9387,1000000US170311605012010,100,28,4,1,9,0,58,42,0,58,72,7,44,34,10,134,1,1
9388,1000000US170311605012011,63,21,6,2,20,0,16,47,0,16,42,6,31,29,2,84,1,0
9389,1000000US170311605012012,111,28,24,3,7,0,50,61,0,50,83,13,57,49,8,154,0,0
9390,1000000US170311605012013,76,12,4,7,2,0,60,16,0,60,64,5,43,36,7,119,4,2
9391,1000000US170311605012014,73,4,1,0,0,0,68,5,0,68,69,0,23,23,0,107,0,0
9392,1000000US170311605012015,99,24,2,3,8,1,64,35,0,64,75,7,43,41,2,147,1,0
9393,1000000US170311605012016,83,17,5,1,8,0,54,29,0,54,66,2,40,35,5,114,0,2
9394,1000000US170311605012017,32,7,0,0,2,0,23,9,0,23,25,4,16,16,0,53,0,0
9395,1000000US170311605012018,79,24,4,0,4,1,50,29,0,50,55,8,38,35,3,122,0,3
9396,1000000US170311605012019,20,5,0,2,4,1,10,10,0,10,15,2,12,8,4,26,0,0
9397,1000000US170311605021000,87,12,0,3,9,0,62,25,0,62,75,4,43,33,10,126,2,0
9398,1000000US170311605021001,117,36,7,4,15,2,61,56,0,61,81,6,74,66,8,171,4,0
9399,1000000US170311605021002,100,27,1,5,2,0,71,29,0,71,73,3,46,45,1,147,4,1
9400,1000000US170311605021003,98,22,10,1,8,0,60,38,0,60,76,4,45,43,2,130,1,2
9401,1000000US170311605021004,63,15,2,6,6,2,39,24,0,39,48,13,30,22,8,93,0,0
9402,1000000US170311605021005,103,18,5,4,11,0,73,30,0,73,85,8,40,39,1,144,2,4
9403,1000000US170311605022000,5,1,0,0,0,2,4,1,0,4,4,1,5,3,2,9,0,0
9404,1000000US170311605022001,37,16,0,0,4,0,17,20,0,17,21,0,28,19,9,43,0,0
9405,1000000US170311605022002,87,34,5,0,3,0,46,41,0,46,53,1,40,38,2,110,0,1
9406,1000000US170311605022003,68,43,2,2,6,0,18,50,0,18,25,3,37,35,2,83,2,1
9407,1000000US170311605022004,104,23,7,3,18,0,58,46,0,58,81,8,53,49,4,145,3,1
9408,1000000US170311605022005,47,13,0,7,3,0,29,18,0,29,34,2,35,20,15,59,7,0
9409,1000000US170311605022006,20,9,0,0,1,0,11,9,0,11,11,1,14,9,5,33,0,0
9410,1000000US170311605022007,59,30,5,1,5,0,19,40,0,19,29,4,37,36,1,86,1,0
9411,1000000US170311605022008,78,28,6,0,5,0,42,36,0,42,50,3,43,42,1,91,0,3
9412,1000000US170311605022009,45,24,5,0,0,0,18,27,0,18,21,0,29,23,6,63,0,2
9413,1000000US170311605022010,108,43,3,1,14,0,47,61,0,47,65,6,57,55,2,153,0,0
9414,1000000US170311605022011,48,20,1,0,1,0,26,22,0,26,28,3,24,23,1,61,0,0
9415,1000000US170311605022012,25,7,0,0,0,0,18,7,0,18,18,0,10,10,0,31,0,0
9416,1000000US170311605022013,30,6,0,0,10,0,14,16,0,14,24,0,22,18,4,36,0,0
9417,1000000US170311605022014,3,0,0,0,0,0,3,0,0,3,3,0,1,1,0,4,0,0
9418,1000000US170311605022015,0,0,0,0,0,0,0,0,0,0,0,0,0,0,0,0,0,0
9419,1000000US170311605022016,0,0,0,0,0,0,0,0,0,0,0,0,0,0,0,0,0,0
9420,1000000US170311605022017,35,12,0,0,2,0,21,14,0,21,23,0,18,16,2,42,0,0
9421,1000000US170311605022018,94,25,6,6,12,0,51,43,0,51,69,10,40,38,2,127,3,1
9422,1000000US170311605022019,97,42,16,1,5,0,37,60,0,37,55,4,58,53,5,120,1,2
9423,1000000US170311605022020,130,70,10,2,21,0,35,95,0,35,60,5,71,69,2,154,1,6
9424,1000000US170311605023000,92,11,6,1,0,0,78,14,0,78,81,4,38,38,0,142,0,4
9425,1000000US170311605023001,111,44,11,2,8,0,46,65,0,46,67,3,61,57,4,134,2,0
9426,1000000US170311605023002,101,44,6,3,5,0,47,54,0,47,57,6,55,52,3,134,0,0
9427,1000000US170311605023003,55,25,0,1,7,0,22,33,0,22,30,4,32,25,7,78,0,0
9428,1000000US170311605023004,76,10,7,4,0,0,62,14,0,62,66,3,32,29,3,115,4,4
9429,1000000US170311605023005,75,26,11,3,10,0,23,52,0,23,49,5,39,36,3,101,0,0
9430,1000000US170311605023006,84,16,2,3,3,0,63,21,0,63,68,14,45,37,8,125,0,0
9431,1000000US170311605023007,76,16,0,0,14,0,46,30,0,46,60,0,45,36,9,118,0,0
9432,1000000US170311605023008,57,16,0,1,6,0,35,22,0,35,41,4,25,24,1,67,1,0
9433,1000000US170311605023009,80,10,4,5,9,1,58,22,0,58,70,7,36,31,5,107,3,1
9434,1000000US170311605023010,40,33,0,0,0,0,7,33,0,7,7,0,28,25,3,45,0,0
9435,1000000US170311605023011,62,30,2,0,9,0,21,41,0,21,32,0,33,30,3,77,0,0
9436,1000000US170311605023012,36,8,3,0,6,0,21,15,0,21,28,0,21,15,6,46,0,2
9437,1000000US170311605023013,0,0,0,0,0,0,0,0,0,0,0,0,0,0,0,0,0,0
9438,1000000US170311606011000,51,10,0,0,11,0,30,21,0,30,41,0,26,24,2,62,0,0
9439,1000000US170311606011001,138,41,3,6,2,1,94,44,0,94,97,6,61,58,3,205,4,3
9440,1000000US170311606011002,155,81,6,2,8,0,63,92,0,63,74,7,86,81,5,183,0,3
9441,1000000US170311606011003,96,33,1,0,24,0,39,57,0,39,63,5,49,41,8,129,0,1
9442,1000000US170311606011004,46,22,0,0,13,0,11,35,0,11,24,2,24,24,0,54,0,0
9443,1000000US170311606011005,57,23,1,1,9,0,23,34,0,23,34,4,35,32,3,76,0,1
9444,1000000US170311606011006,94,16,8,1,1,0,73,21,0,73,78,2,41,41,0,147,1,4
9445,1000000US170311606011007,90,10,0,1,3,0,76,14,0,76,80,4,36,32,4,132,0,0
9446,1000000US170311606011008,82,43,2,2,6,0,32,50,0,32,39,0,56,43,13,104,2,0
9447,1000000US170311606011009,95,44,6,0,3,0,42,53,0,42,51,5,50,47,3,118,0,0
9448,1000000US170311606011010,73,12,4,4,1,0,58,15,0,58,61,12,33,31,2,110,1,1
9449,1000000US170311606011011,68,16,8,1,8,0,39,29,0,39,52,14,40,34,6,104,1,4
9450,1000000US170311606011012,112,64,11,1,14,0,23,89,0,23,48,7,55,53,2,147,0,0
9451,1000000US170311606012000,56,37,1,0,7,2,12,44,0,12,19,5,33,31,2,77,0,0
9452,1000000US170311606012001,134,59,5,1,4,0,66,68,0,66,75,3,72,70,2,183,0,0
9453,1000000US170311606012002,29,24,0,0,1,0,4,25,0,4,5,0,15,15,0,32,0,0
9454,1000000US170311606012003,14,5,0,3,0,0,9,5,0,9,9,2,8,7,1,19,1,0
9455,1000000US170311606012004,46,9,2,0,6,0,29,17,0,29,37,0,20,19,1,69,0,0
9456,1000000US170311606012005,77,30,1,0,10,0,36,41,0,36,47,1,37,36,1,93,0,0
9457,1000000US170311606012006,75,48,3,1,2,0,24,51,0,24,27,6,47,44,3,94,1,2
9458,1000000US170311606012007,66,35,4,0,7,0,24,42,0,24,31,3,31,30,1,77,0,3
9459,1000000US170311606012008,70,37,2,0,2,0,29,41,0,29,33,6,43,38,5,88,0,0
9460,1000000US170311606012009,2,0,2,0,0,0,0,2,0,0,2,0,2,2,0,2,0,0
9461,1000000US170311606013000,0,0,0,0,0,0,0,0,0,0,0,0,0,0,0,0,0,0
9462,1000000US170311606013001,0,0,0,0,0,0,0,0,0,0,0,0,0,0,0,0,0,0
9463,1000000US170311606013002,79,47,8,0,2,0,24,55,0,24,32,2,40,37,3,112,0,2
9464,1000000US170311606013003,11,4,1,0,0,0,6,5,0,6,7,0,8,8,0,17,0,0
9465,1000000US170311606013004,95,29,6,1,24,0,36,59,0,36,66,6,49,42,7,126,0,0
9466,1000000US170311606013005,91,60,13,0,2,0,17,74,0,17,31,0,69,60,9,104,0,1
9467,1000000US170311606013006,86,51,2,0,2,0,30,56,0,30,35,0,51,48,3,121,0,0
9468,1000000US170311606013007,116,64,11,1,7,0,33,83,0,33,52,1,67,66,1,150,1,0
9469,1000000US170311606013008,71,44,5,1,5,0,17,54,0,17,27,5,42,37,5,94,1,1
9470,1000000US170311606013009,101,55,12,3,5,0,32,69,0,32,46,7,77,72,5,123,0,1
9471,1000000US170311606013010,56,31,1,0,0,0,24,32,0,24,25,1,29,28,1,64,0,0
9472,1000000US170311606013011,92,54,3,1,6,0,29,63,0,29,38,3,55,52,3,111,0,0
9473,1000000US170311606013012,79,39,6,2,13,0,26,53,0,26,40,7,43,40,3,87,0,5
9474,1000000US170311606013013,62,30,3,1,12,0,18,44,0,18,32,0,31,31,0,76,1,2
9475,1000000US170311606013014,0,0,0,0,0,0,0,0,0,0,0,0,0,0,0,0,0,0
9476,1000000US170311606021000,107,62,9,2,11,0,26,81,0,26,45,3,63,56,7,126,1,1
9477,1000000US170311606021001,142,74,9,0,14,0,45,97,0,45,68,3,95,85,10,184,0,2
9478,1000000US170311606021002,93,46,6,0,21,0,26,67,0,26,47,6,49,44,5,113,0,4
9479,1000000US170311606021003,59,25,0,2,5,0,32,27,0,32,34,6,31,26,5,77,2,0
9480,1000000US170311606021004,58,35,1,0,2,0,17,41,0,17,23,0,39,35,4,68,0,1
9481,1000000US170311606021005,48,23,2,0,7,0,16,32,0,16,25,0,22,21,1,72,0,0
9482,1000000US170311606021006,52,40,5,1,1,0,6,46,0,6,12,0,36,30,6,68,1,1
9483,1000000US170311606021007,57,20,0,2,6,0,30,27,0,30,37,2,29,27,2,85,0,0
9484,1000000US170311606021008,71,26,1,7,6,0,38,33,0,38,45,4,30,30,0,91,5,0
9485,1000000US170311606021009,33,20,1,0,4,0,8,25,0,8,13,0,19,16,3,38,0,0
9486,1000000US170311606021010,40,23,1,0,8,0,8,32,0,8,17,1,25,24,1,42,0,0
9487,1000000US170311606021011,7,4,0,0,0,0,3,4,0,3,3,0,4,3,1,10,0,0
9488,1000000US170311606021012,1,0,0,0,0,0,1,0,0,1,1,0,1,1,0,1,0,0
9489,1000000US170311606021013,40,20,4,3,4,0,10,30,0,10,20,2,23,22,1,45,3,1
9490,1000000US170311606021014,30,4,2,0,7,0,19,11,0,19,26,0,15,14,1,46,0,2
9491,1000000US170311606022000,73,36,0,1,6,0,30,43,0,30,37,0,42,37,5,99,1,0
9492,1000000US170311606022001,53,18,0,0,5,0,31,22,0,31,35,1,31,26,5,74,0,0
9493,1000000US170311606022002,136,31,6,1,26,0,78,58,0,78,105,5,62,60,2,182,1,0
9494,1000000US170311606022003,135,42,1,2,19,0,71,64,0,71,93,2,60,53,7,169,1,0
9495,1000000US170311606022004,97,13,7,4,13,4,67,30,0,67,84,14,43,39,4,133,4,1
9496,1000000US170311606022005,123,56,13,1,9,0,45,78,0,45,67,2,90,79,11,134,1,1
9497,1000000US170311606022006,17,0,1,0,3,0,14,3,0,14,17,0,6,6,0,26,0,1
9498,1000000US170311606022007,58,19,0,0,12,0,27,31,0,27,39,4,28,26,2,74,0,0
9499,1000000US170311606022008,84,35,7,0,9,0,39,45,0,39,49,4,45,42,3,99,0,6
9500,1000000US170311606022009,102,52,2,2,9,0,42,60,0,42,50,5,60,57,3,133,2,0
9501,1000000US170311606022010,11,5,0,2,1,0,3,8,0,3,6,3,7,6,1,11,0,0
9502,1000000US170311606022011,5,5,0,0,0,0,0,5,0,0,0,0,3,2,1,7,0,0
9503,1000000US170311606023000,0,0,0,0,0,0,0,0,0,0,0,0,0,0,0,0,0,0
9504,1000000US170311606023001,0,0,0,0,0,0,0,0,0,0,0,0,0,0,0,0,0,0
9505,1000000US170311606023002,0,0,0,0,0,0,0,0,0,0,0,0,0,0,0,0,0,0
9506,1000000US170311606023003,92,49,0,1,10,0,33,59,0,33,43,7,59,52,7,105,1,0
9507,1000000US170311606023004,133,58,4,7,10,0,61,72,0,61,75,6,80,74,6,173,6,0
9508,1000000US170311606023005,150,50,21,2,7,1,80,70,0,80,100,7,78,74,4,185,2,8
9509,1000000US170311606023006,90,51,7,0,6,1,26,64,0,26,39,3,61,57,4,102,0,0
9510,1000000US170311606023007,68,32,5,0,7,0,24,44,0,24,36,1,30,29,1,83,0,0
9511,1000000US170311606023008,69,30,9,0,0,0,31,38,0,31,39,0,27,24,3,94,0,1
9512,1000000US170311606023009,75,37,1,1,2,0,34,41,0,34,38,2,39,36,3,107,0,0
9513,1000000US170311606023010,102,34,8,1,2,0,58,44,0,58,68,0,52,52,0,138,1,0
9514,1000000US170311606023011,68,31,5,0,1,0,33,35,0,33,37,5,34,33,1,87,0,2
9515,1000000US170311606023012,55,27,6,0,9,0,14,41,0,14,28,3,34,31,3,72,0,0
9516,1000000US170311606023013,135,74,15,4,12,0,32,103,0,32,61,5,90,84,6,152,4,0
9517,1000000US170311606023014,80,37,6,2,11,4,25,55,0,25,43,5,60,55,5,84,1,0
9518,1000000US170311607001000,64,54,1,0,5,0,4,60,0,4,10,2,28,26,2,72,0,0
9519,1000000US170311607001001,17,9,0,0,8,0,0,17,0,0,8,0,10,9,1,25,0,0
9520,1000000US170311607001002,30,20,0,0,5,0,5,25,0,5,10,1,18,17,1,41,0,0
9521,1000000US170311607001003,113,32,4,5,19,0,58,55,0,58,81,7,60,57,3,132,5,0
9522,1000000US170311607001004,0,0,0,0,0,0,0,0,0,0,0,0,0,0,0,0,0,0
9523,1000000US170311607001005,203,162,4,0,13,0,22,181,0,22,41,3,130,104,26,203,0,0
9524,1000000US170311607001006,38,19,0,0,11,0,8,30,0,8,19,0,21,20,1,50,0,0
9525,1000000US170311607001007,64,21,5,0,0,0,40,24,0,40,43,5,33,32,1,82,0,2
9526,1000000US170311607001008,51,20,1,2,6,0,24,27,0,24,31,0,29,27,2,60,2,0
9527,1000000US170311607001009,52,42,1,0,0,0,9,43,0,9,10,2,26,26,0,66,0,0
9528,1000000US170311607001010,68,34,3,0,13,0,19,49,0,19,34,6,35,35,0,88,0,0
9529,1000000US170311607002000,17,10,0,0,3,0,4,13,0,4,7,0,7,7,0,18,0,0
9530,1000000US170311607002001,58,44,3,1,0,1,9,49,0,9,14,2,40,34,6,78,0,0
9531,1000000US170311607002002,50,21,1,0,1,0,24,26,0,24,29,0,26,25,1,70,0,0
9532,1000000US170311607002003,17,1,0,0,7,0,8,9,0,8,16,0,14,6,8,24,0,0
9533,1000000US170311607002004,69,24,7,1,5,0,37,32,0,37,45,5,32,30,2,92,0,4
9534,1000000US170311607002005,60,41,4,0,3,0,12,48,0,12,19,0,37,35,2,74,0,0
9535,1000000US170311607002006,47,18,0,0,13,0,16,31,0,16,29,0,22,22,0,59,0,0
9536,1000000US170311607002007,36,30,0,0,1,0,5,31,0,5,6,1,17,17,0,40,0,0
9537,1000000US170311607002008,52,20,2,0,0,0,31,21,0,31,32,4,25,22,3,79,0,2
9538,1000000US170311607002009,64,29,0,0,8,0,27,37,0,27,35,3,37,35,2,89,0,0
9539,1000000US170311607002010,75,21,3,0,6,0,45,30,0,45,54,6,40,35,5,97,0,0
9540,1000000US170311607002011,58,19,0,0,1,0,38,20,0,38,39,0,29,27,2,76,0,0
9541,1000000US170311607002012,40,17,2,0,1,0,20,20,0,20,23,1,24,21,3,53,0,1
9542,1000000US170311607002013,108,31,3,1,5,0,70,38,0,70,77,3,51,45,6,137,1,1
9543,1000000US170311607003000,3,0,2,0,0,0,1,2,0,1,3,1,0,0,0,61,0,0
9544,1000000US170311607003001,41,14,0,0,14,0,13,28,0,13,27,0,21,19,2,56,0,0
9545,1000000US170311607003002,69,35,1,1,3,0,30,39,0,30,34,1,30,28,2,82,0,0
9546,1000000US170311607003003,74,37,1,2,10,0,24,50,0,24,37,1,42,37,5,90,2,0
9547,1000000US170311607003004,70,28,2,1,7,0,37,33,0,37,42,2,39,38,1,94,1,1
9548,1000000US170311607003005,51,30,0,0,4,1,16,35,0,16,21,2,30,25,5,74,0,0
9549,1000000US170311607003006,64,26,1,2,2,0,35,29,0,35,38,0,42,37,5,85,2,1
9550,1000000US170311607003007,86,32,7,0,13,0,37,49,0,37,54,1,38,35,3,112,0,2
9551,1000000US170311607003008,112,27,8,0,2,0,77,35,0,77,85,3,52,50,2,174,0,2
9552,1000000US170311607003009,91,22,6,0,6,0,63,28,0,63,69,6,42,38,4,120,0,3
9553,1000000US170311607003010,69,24,0,0,10,0,30,39,0,30,45,0,39,37,2,83,0,0
9554,1000000US170311607003011,60,23,1,0,6,0,27,33,0,27,37,4,35,32,3,69,0,0
9555,1000000US170311607003012,71,20,0,0,7,0,44,27,0,44,51,1,33,33,0,100,0,0
9556,1000000US170311607003013,69,20,4,0,8,0,41,28,0,41,49,2,32,30,2,91,0,4
9557,1000000US170311607003014,59,12,2,0,7,0,39,20,0,39,47,2,24,23,1,76,0,1
9558,1000000US170311607003015,37,13,0,1,9,0,13,24,0,13,24,1,23,23,0,46,0,0
9559,1000000US170311607003016,37,13,0,0,17,1,6,31,0,6,24,0,19,18,1,45,0,0
9560,1000000US170311607003017,35,17,2,0,7,0,9,26,0,9,18,0,16,15,1,41,0,0
9561,1000000US170311607003018,52,23,3,1,12,0,13,39,0,13,29,8,31,30,1,63,0,0
9562,1000000US170311607003019,25,12,5,0,5,0,3,22,0,3,13,0,16,15,1,27,0,0
9563,1000000US170311607003020,0,0,0,0,0,0,0,0,0,0,0,0,0,0,0,0,0,0
9564,1000000US170311607003021,44,24,3,0,10,0,7,37,0,7,20,0,28,26,2,47,0,0
9565,1000000US170311607003022,49,9,0,0,12,0,28,21,0,28,40,0,19,19,0,51,0,0
9566,1000000US170311607003023,75,35,0,0,7,0,33,42,0,33,40,0,43,42,1,87,0,0
9567,1000000US170311607004000,64,36,0,0,3,0,20,44,0,20,28,2,41,35,6,78,0,0
9568,1000000US170311607004001,112,34,5,2,23,0,53,59,0,53,78,11,57,54,3,137,2,2
9569,1000000US170311607004002,72,13,1,0,9,1,50,22,0,50,59,2,34,32,2,101,0,0
9570,1000000US170311607004003,93,27,3,0,6,0,55,38,0,55,66,4,46,44,2,137,0,0
9571,1000000US170311607004004,97,27,8,4,6,0,58,39,0,58,70,4,51,49,2,130,2,4
9572,1000000US170311607004005,36,13,1,0,0,0,22,14,0,22,23,0,44,16,28,44,0,0
9573,1000000US170311607004006,0,0,0,0,0,0,0,0,0,0,0,0,0,0,0,0,0,0
9574,1000000US170311607004007,69,42,1,3,2,0,24,45,0,24,27,3,32,28,4,82,1,1
9575,1000000US170311607004008,79,25,2,0,9,0,43,36,0,43,54,0,36,31,5,104,0,0
9576,1000000US170311607004009,61,22,0,3,6,0,33,28,0,33,39,0,38,35,3,78,3,0
9577,1000000US170311607004010,56,31,7,0,11,0,10,46,0,10,25,0,37,32,5,76,0,0
9578,1000000US170311607004011,67,18,7,2,5,0,40,27,0,40,49,3,38,36,2,85,2,7
9579,1000000US170311607004012,37,27,2,1,3,0,4,33,0,4,10,1,23,23,0,45,0,0
9580,1000000US170311607004013,75,26,0,0,14,0,36,39,0,36,49,0,40,35,5,90,0,0
9581,1000000US170311607004014,19,12,0,0,4,0,3,16,0,3,7,0,9,9,0,20,0,0
9582,1000000US170311607005000,23,5,2,0,0,3,17,6,0,17,18,2,10,9,1,39,0,1
9583,1000000US170311607005001,1,1,0,0,0,0,0,1,0,0,0,0,1,1,0,1,0,0
9584,1000000US170311607005002,0,0,0,0,0,0,0,0,0,0,0,0,0,0,0,0,0,0
9585,1000000US170311607005003,50,22,0,0,22,0,6,44,0,6,28,0,22,20,2,59,0,0
9586,1000000US170311607005004,68,5,1,0,14,0,49,19,0,49,63,1,28,25,3,91,0,1
9587,1000000US170311607005005,71,42,3,0,2,0,24,47,0,24,29,0,35,34,1,90,0,0
9588,1000000US170311607005006,42,18,0,0,5,0,19,23,0,19,24,0,25,22,3,60,0,0
9589,1000000US170311607005007,122,21,4,5,9,0,92,30,0,92,101,10,52,50,2,176,0,4
9590,1000000US170311607005008,91,21,1,3,8,3,60,31,0,60,70,4,42,39,3,119,2,0
9591,1000000US170311607005009,57,5,3,0,0,0,49,8,0,49,52,0,29,21,8,87,0,2
9592,1000000US170311607005010,78,45,1,0,5,0,24,54,0,24,33,8,48,43,5,94,0,0
9593,1000000US170311607005011,70,20,2,1,11,0,37,33,0,37,50,4,34,32,2,95,1,0
9594,1000000US170311607005012,53,12,0,0,7,0,34,19,0,34,41,2,25,19,6,66,0,0
9595,1000000US170311607005013,48,17,2,2,6,0,22,26,0,22,31,1,30,27,3,67,2,1
9596,1000000US170311607005014,45,4,4,0,13,0,25,20,0,25,41,1,22,22,0,63,0,1
9597,1000000US170311608001000,1,0,0,0,0,0,1,0,0,1,1,0,1,1,0,1,0,0
9598,1000000US170311608001001,0,0,0,0,0,0,0,0,0,0,0,0,0,0,0,0,0,0
9599,1000000US170311608001002,75,33,4,0,10,0,28,47,0,28,42,0,33,31,2,100,0,0
9600,1000000US170311608001003,76,10,1,3,1,0,62,14,0,62,66,1,34,27,7,104,3,1
9601,1000000US170311608001004,63,23,0,2,4,0,34,29,0,34,40,4,34,34,0,79,0,0
9602,1000000US170311608001005,109,34,8,1,2,0,64,45,0,64,75,8,56,48,8,143,0,1
9603,1000000US170311608001006,90,35,7,2,15,0,36,54,0,36,55,5,57,44,13,110,0,5
9604,1000000US170311608001007,92,15,0,0,24,0,53,39,0,53,77,5,33,31,2,124,0,0
9605,1000000US170311608001008,65,22,1,1,10,0,31,34,0,31,43,7,36,31,5,79,0,0
9606,1000000US170311608001009,96,38,2,0,11,0,45,51,0,45,58,4,47,43,4,115,0,0
9607,1000000US170311608001010,60,21,4,0,11,0,24,36,0,24,39,5,34,28,6,80,0,0
9608,1000000US170311608001011,102,28,8,0,4,0,66,36,0,66,74,2,49,49,0,132,0,3
9609,1000000US170311608001012,100,30,0,0,12,0,57,43,0,57,70,0,51,47,4,134,0,0
9610,1000000US170311608001013,6,6,0,0,0,0,0,6,0,0,0,0,2,2,0,6,0,0
9611,1000000US170311608002000,80,34,5,0,13,0,30,50,0,30,46,3,41,39,2,102,0,3
9612,1000000US170311608002001,107,53,6,2,13,0,37,70,0,37,54,5,68,63,5,131,0,4
9613,1000000US170311608002002,27,22,0,0,4,1,1,26,0,1,5,1,14,14,0,32,0,0
9614,1000000US170311608002003,78,36,1,0,1,0,40,38,0,40,42,0,40,33,7,98,0,1
9615,1000000US170311608002004,9,0,0,0,0,0,9,0,0,9,9,0,5,4,1,14,0,0
9616,1000000US170311608002005,47,28,0,2,2,0,15,32,0,15,19,1,37,26,11,51,2,0
9617,1000000US170311608002006,27,4,5,0,5,0,15,12,0,15,23,4,13,12,1,44,0,1
9618,1000000US170311608002007,79,11,4,0,0,0,66,13,0,66,68,8,39,32,7,115,0,2
9619,1000000US170311608002008,62,26,1,0,3,0,30,32,0,30,36,2,37,34,3,80,0,0
9620,1000000US170311608002009,50,26,0,0,18,0,6,44,0,6,24,0,22,22,0,55,0,0
9621,1000000US170311608002010,0,0,0,0,0,0,0,0,0,0,0,0,0,0,0,0,0,0
9622,1000000US170311608002011,41,11,0,0,2,0,28,13,0,28,30,0,25,18,7,64,0,0
9623,1000000US170311608002012,41,16,0,2,4,0,21,20,0,21,25,1,20,19,1,49,2,0
9624,1000000US170311608002013,22,12,0,0,7,0,3,19,0,3,10,0,9,9,0,27,0,0
9625,1000000US170311608003000,0,0,0,0,0,0,0,0,0,0,0,0,0,0,0,0,0,0
9626,1000000US170311608003001,19,4,2,1,0,2,12,7,0,12,15,3,11,10,1,22,0,0
9627,1000000US170311608003002,91,44,2,1,5,0,42,49,0,42,47,13,56,48,8,114,0,0
9628,1000000US170311608003003,91,23,0,1,1,0,68,23,0,68,68,3,47,40,7,138,1,0
9629,1000000US170311608003004,71,15,3,0,1,0,53,18,0,53,56,4,35,33,2,98,0,1
9630,1000000US170311608003005,72,32,5,0,9,0,29,43,0,29,40,2,40,32,8,85,0,3
9631,1000000US170311608003006,67,16,5,4,2,0,47,20,0,47,51,5,28,25,3,87,0,5
9632,1000000US170311608003007,48,19,0,1,15,0,14,34,0,14,29,0,20,20,0,60,1,0
9633,1000000US170311608003008,49,20,2,0,9,0,19,30,0,19,29,1,21,21,0,62,0,1
9634,1000000US170311608003009,56,34,1,0,11,0,10,46,0,10,22,0,30,28,2,69,0,0
9635,1000000US170311608003010,52,27,0,0,2,0,23,29,0,23,25,0,24,24,0,67,0,0
9636,1000000US170311608003011,35,22,0,0,1,0,10,25,0,10,13,1,20,19,1,50,0,0
9637,1000000US170311608003012,77,18,0,3,4,0,55,22,0,55,59,0,29,28,1,98,3,0
9638,1000000US170311608004000,0,0,0,0,0,0,0,0,0,0,0,0,0,0,0,0,0,0
9639,1000000US170311608004001,12,4,0,0,3,0,5,7,0,5,8,0,6,6,0,15,0,0
9640,1000000US170311608004002,94,24,7,3,7,0,56,38,0,56,70,7,42,37,5,139,0,1
9641,1000000US170311608004003,72,28,2,1,6,0,35,37,0,35,44,0,36,35,1,101,1,0
9642,1000000US170311608004004,26,3,0,5,4,0,19,7,0,19,23,0,10,8,2,36,5,0
9643,1000000US170311608004005,10,6,1,0,0,0,3,7,0,3,4,0,6,6,0,12,0,0
9644,1000000US170311608004006,67,45,1,0,0,0,21,46,0,21,22,0,43,37,6,81,0,0
9645,1000000US170311608004007,72,24,1,0,8,0,40,32,0,40,48,0,38,34,4,95,0,1
9646,1000000US170311608004008,48,12,1,0,2,0,33,15,0,33,36,3,22,21,1,68,0,0
9647,1000000US170311608004009,39,18,0,4,4,0,17,22,0,17,21,4,21,19,2,45,4,0
9648,1000000US170311608004010,55,15,10,3,1,0,30,25,0,30,40,6,34,31,3,77,3,1
9649,1000000US170311608004011,7,1,0,0,0,1,6,1,0,6,6,1,5,4,1,12,0,0
9650,1000000US170311608004012,58,6,0,0,0,0,52,6,0,52,52,3,25,24,1,93,0,0
9651,1000000US170311608004013,0,0,0,0,0,0,0,0,0,0,0,0,0,0,0,0,0,0
9652,1000000US170311608005000,17,10,1,3,0,0,5,12,0,5,7,3,9,9,0,20,0,0
9653,1000000US170311608005001,24,11,0,0,2,0,11,13,0,11,13,0,14,11,3,27,0,0
9654,1000000US170311608005002,5,5,0,0,0,0,0,5,0,0,0,0,2,2,0,7,0,0
9655,1000000US170311608005003,23,23,0,0,0,0,0,23,0,0,0,0,13,13,0,24,0,0
9656,1000000US170311608005004,60,13,10,0,6,0,32,28,0,32,47,2,31,28,3,83,0,1
9657,1000000US170311608005005,57,16,5,0,13,1,23,34,0,23,41,2,22,22,0,73,0,0
9658,1000000US170311608005006,62,26,4,0,4,0,30,32,0,30,36,7,35,31,4,90,0,2
9659,1000000US170311608005007,73,19,11,1,4,0,39,34,0,39,54,2,34,32,2,89,0,0
9660,1000000US170311608005008,50,11,7,0,0,0,35,15,0,35,39,4,23,23,0,58,0,3
9661,1000000US170311608005009,47,14,1,0,0,0,32,15,0,32,33,0,24,21,3,64,0,0
9662,1000000US170311608005010,64,23,1,0,1,0,39,25,0,39,41,0,35,33,2,87,0,0
9663,1000000US170311608005011,78,27,6,4,0,0,43,35,0,43,51,5,40,39,1,106,4,0
9664,1000000US170311608005012,59,21,2,0,0,1,38,21,0,38,38,8,22,22,0,72,0,2
9665,1000000US170311608005013,44,19,0,0,7,0,18,26,0,18,25,2,27,23,4,57,0,0
9666,1000000US170311608005014,70,23,5,5,2,0,44,26,0,44,47,7,43,36,7,85,3,2
9667,1000000US170311608005015,65,20,3,1,3,0,39,26,0,39,45,2,32,31,1,83,0,1
9668,1000000US170311608005016,84,27,5,9,3,0,54,30,0,54,57,8,37,34,3,111,1,2
9669,1000000US170311608005017,94,31,2,0,6,0,55,39,0,55,63,2,47,43,4,129,0,0
9670,1000000US170311608005018,72,47,0,0,6,0,19,53,0,19,25,3,38,36,2,89,0,0
9671,1000000US170311608005019,1,1,0,0,0,0,0,1,0,0,0,0,1,1,0,1,0,0
9672,1000000US170311609001000,4,0,0,0,0,0,4,0,0,4,4,0,2,2,0,8,0,0
9673,1000000US170311609001001,22,12,2,2,2,0,4,18,0,4,10,0,15,15,0,25,2,0
9674,1000000US170311609001002,36,19,1,0,4,0,12,24,0,12,17,1,21,18,3,50,0,0
9675,1000000US170311609001003,31,14,4,0,11,0,3,28,0,3,17,2,19,18,1,40,0,0
9676,1000000US170311609001004,0,0,0,0,0,0,0,0,0,0,0,0,0,0,0,0,0,0
9677,1000000US170311609001005,22,15,0,0,5,0,2,20,0,2,7,0,13,12,1,23,0,0
9678,1000000US170311609001006,31,23,1,0,0,0,7,24,0,7,8,1,15,15,0,45,0,0
9679,1000000US170311609001007,46,31,7,0,1,0,7,39,0,7,15,0,26,24,2,53,0,0
9680,1000000US170311609001008,25,16,2,1,2,0,5,20,0,5,9,0,21,16,5,30,1,0
9681,1000000US170311609001009,9,4,0,0,3,0,2,7,0,2,5,0,7,5,2,10,0,0
9682,1000000US170311609001010,10,4,1,1,1,0,5,5,0,5,6,1,4,4,0,16,0,0
9683,1000000US170311609001011,60,36,3,0,4,0,17,43,0,17,24,4,40,37,3,83,0,0
9684,1000000US170311609001012,97,22,1,2,7,0,66,31,0,66,75,9,44,41,3,127,0,0
9685,1000000US170311609001013,83,28,5,0,12,0,38,45,0,38,55,2,39,38,1,117,0,0
9686,1000000US170311609001014,25,19,0,1,1,0,5,20,0,5,6,0,14,14,0,29,1,0
9687,1000000US170311609001015,59,27,0,1,15,0,17,42,0,17,32,3,26,26,0,81,1,0
9688,1000000US170311609001016,27,26,0,0,0,0,1,26,0,1,1,0,19,15,4,36,0,0
9689,1000000US170311609001017,64,41,3,0,3,0,19,45,0,19,23,3,41,41,0,78,0,2
9690,1000000US170311609001018,46,43,0,0,1,0,3,43,0,3,3,1,24,21,3,50,0,0
9691,1000000US170311609001019,58,46,3,0,2,0,7,51,0,7,12,1,35,33,2,76,0,0
9692,1000000US170311609001020,32,26,0,0,0,0,6,26,0,6,6,1,18,17,1,49,0,0
9693,1000000US170311609001021,25,16,0,0,0,0,9,16,0,9,9,0,10,10,0,27,0,0
9694,1000000US170311609001022,24,16,2,0,0,0,6,18,0,6,8,0,10,10,0,33,0,0
9695,1000000US170311609001023,51,42,0,0,0,0,9,42,0,9,9,0,36,31,5,66,0,0
9696,1000000US170311609001024,9,0,0,0,0,0,9,0,0,9,9,0,2,2,0,9,0,0
9697,1000000US170311609001025,48,29,3,1,3,0,13,35,0,13,19,0,29,26,3,65,1,0
9698,1000000US170311609001026,19,9,0,0,0,0,9,10,0,9,10,1,10,9,1,31,0,0
9699,1000000US170311609001027,33,23,1,0,2,0,7,26,0,7,10,0,18,18,0,45,0,0
9700,1000000US170311609001028,43,24,0,0,1,0,18,25,0,18,19,0,23,21,2,51,0,0
9701,1000000US170311609001029,0,0,0,0,0,0,0,0,0,0,0,0,0,0,0,0,0,0
9702,1000000US170311609001030,16,10,0,0,0,0,6,10,0,6,6,0,8,8,0,20,0,0
9703,1000000US170311609001031,38,17,2,0,0,0,19,19,0,19,21,0,19,18,1,51,0,0
9704,1000000US170311609001032,0,0,0,0,0,0,0,0,0,0,0,0,0,0,0,0,0,0
9705,1000000US170311609001033,0,0,0,0,0,0,0,0,0,0,0,0,0,0,0,0,0,0
9706,1000000US170311609001034,0,0,0,0,0,0,0,0,0,0,0,0,0,0,0,0,0,0
9707,1000000US170311609002000,0,0,0,0,0,0,0,0,0,0,0,0,0,0,0,0,0,0
9708,1000000US170311609002001,168,78,18,5,15,0,57,111,0,57,90,10,132,118,14,194,5,3
9709,1000000US170311609002002,65,51,3,0,5,0,6,59,0,6,14,0,36,35,1,79,0,0
9710,1000000US170311609002003,0,0,0,0,0,0,0,0,0,0,0,0,0,0,0,0,0,0
9711,1000000US170311609002004,0,0,0,0,0,0,0,0,0,0,0,0,0,0,0,0,0,0
9712,1000000US170311609002005,0,0,0,0,0,0,0,0,0,0,0,0,0,0,0,0,0,0
9713,1000000US170311609002006,15,14,0,0,0,0,1,14,0,1,1,0,8,8,0,17,0,0
9714,1000000US170311609002007,25,17,0,0,4,0,4,21,0,4,8,1,13,13,0,26,0,0
9715,1000000US170311609002008,30,28,0,0,1,0,1,29,0,1,2,0,14,13,1,32,0,0
9716,1000000US170311609002009,0,0,0,0,0,0,0,0,0,0,0,0,0,0,0,0,0,0
9717,1000000US170311609002010,86,40,2,0,6,0,38,48,0,38,46,0,43,42,1,97,0,0
9718,1000000US170311609002011,16,13,0,0,3,0,0,16,0,0,3,0,9,9,0,22,0,0
9719,1000000US170311609002012,5,3,0,0,0,0,2,3,0,2,2,0,3,3,0,11,0,0
9720,1000000US170311609002013,13,12,0,0,0,0,1,12,0,1,1,0,6,6,0,15,0,0
9721,1000000US170311609002014,23,21,0,0,0,0,2,21,0,2,2,0,13,13,0,26,0,0
9722,1000000US170311609002015,25,25,0,0,0,0,0,25,0,0,0,0,11,11,0,31,0,0
9723,1000000US170311609002016,15,14,0,0,1,0,0,15,0,0,1,0,7,7,0,18,0,0
9724,1000000US170311609002017,25,22,1,0,1,0,1,24,0,1,3,1,13,12,1,35,0,0
9725,1000000US170311609002018,17,14,0,0,0,0,3,14,0,3,3,0,11,9,2,26,0,0
9726,1000000US170311609002019,27,26,0,0,1,0,0,27,0,0,1,0,12,12,0,33,0,0
9727,1000000US170311609002020,104,47,4,8,3,0,42,62,0,42,57,0,64,56,8,137,8,0
9728,1000000US170311609002021,7,7,0,0,0,0,0,7,0,0,0,0,4,4,0,10,0,0
9729,1000000US170311609002022,22,20,0,0,0,0,2,20,0,2,2,0,14,12,2,24,0,0
9730,1000000US170311609002023,18,9,0,0,0,0,9,9,0,9,9,0,7,7,0,26,0,0
9731,1000000US170311609002024,19,19,0,0,0,0,0,19,0,0,0,0,10,10,0,21,0,0
9732,1000000US170311609002025,29,27,0,0,1,0,1,28,0,1,2,0,16,16,0,35,0,0
9733,1000000US170311609002026,9,4,0,0,5,0,0,9,0,0,5,0,4,4,0,12,0,0
9734,1000000US170311609002027,0,0,0,0,0,0,0,0,0,0,0,0,0,0,0,0,0,0
9735,1000000US170311609002028,0,0,0,0,0,0,0,0,0,0,0,0,0,0,0,0,0,0
9736,1000000US170311609002029,5,4,0,0,0,0,1,4,0,1,1,0,4,3,1,9,0,0
9737,1000000US170311609002030,38,20,0,4,4,0,14,24,0,14,18,0,17,13,4,45,4,0
9738,1000000US170311609002031,0,0,0,0,0,0,0,0,0,0,0,0,0,0,0,0,0,0
9739,1000000US170311609002032,0,0,0,0,0,0,0,0,0,0,0,0,0,0,0,0,0,0
9740,1000000US170311610001000,49,34,3,0,6,0,6,43,0,6,15,0,55,40,15,49,0,0
9741,1000000US170311610001001,0,0,0,0,0,0,0,0,0,0,0,0,0,0,0,0,0,0
9742,1000000US170311610001002,8,4,0,0,0,0,4,4,0,4,4,0,3,3,0,8,0,0
9743,1000000US170311610001003,14,11,0,0,0,0,3,11,0,3,3,0,12,11,1,19,0,0
9744,1000000US170311610001004,0,0,0,0,0,0,0,0,0,0,0,0,0,0,0,0,0,0
9745,1000000US170311610001005,62,43,7,1,0,0,11,51,0,11,19,6,38,35,3,81,0,0
9746,1000000US170311610001006,92,56,15,1,4,0,18,74,0,18,36,4,57,55,2,109,1,1
9747,1000000US170311610001007,81,64,1,0,4,0,12,69,0,12,17,0,67,61,6,85,0,0
9748,1000000US170311610001008,29,28,0,0,0,0,1,28,0,1,1,0,18,16,2,39,0,0
9749,1000000US170311610001009,24,22,0,0,2,0,0,24,0,0,2,0,12,12,0,34,0,0
9750,1000000US170311610001010,19,15,0,0,2,0,2,17,0,2,4,0,11,10,1,23,0,0
9751,1000000US170311610001011,77,66,0,0,0,0,11,66,0,11,11,1,49,44,5,95,0,0
9752,1000000US170311610001012,47,26,1,0,5,0,15,32,0,15,21,4,33,28,5,48,0,0
9753,1000000US170311610001013,57,34,2,2,3,0,18,39,0,18,23,4,37,37,0,68,1,1
9754,1000000US170311610001014,41,25,0,1,0,0,16,25,0,16,16,1,19,19,0,57,1,0
9755,1000000US170311610001015,0,0,0,0,0,0,0,0,0,0,0,0,0,0,0,0,0,0
9756,1000000US170311610001016,30,13,1,0,1,0,16,14,0,16,17,1,14,13,1,42,0,1
9757,1000000US170311610002000,18,7,4,0,1,0,6,12,0,6,11,2,13,11,2,22,0,0
9758,1000000US170311610002001,37,20,2,0,1,0,14,23,0,14,17,0,19,17,2,46,0,0
9759,1000000US170311610002002,16,16,0,0,0,0,0,16,0,0,0,0,9,8,1,22,0,0
9760,1000000US170311610002003,42,35,0,0,1,0,6,36,0,6,7,0,23,21,2,63,0,0
9761,1000000US170311610002004,52,38,0,0,0,0,14,38,0,14,14,0,33,30,3,66,0,0
9762,1000000US170311610002005,33,27,1,0,1,0,4,29,0,4,6,1,20,16,4,45,0,0
9763,1000000US170311610002006,39,29,0,0,3,0,7,32,0,7,10,1,20,19,1,45,0,0
9764,1000000US170311610002007,40,28,0,0,0,0,12,28,0,12,12,0,22,22,0,50,0,0
9765,1000000US170311610002008,46,40,0,0,1,0,5,41,0,5,6,0,29,27,2,56,0,0
9766,1000000US170311610002009,33,30,1,0,1,0,1,32,0,1,3,0,19,18,1,47,0,0
9767,1000000US170311610002010,1,1,0,0,0,0,0,1,0,0,0,0,0,0,0,1,0,0
9768,1000000US170311610002011,78,54,6,0,3,0,15,63,0,15,24,2,70,49,21,87,0,0
9769,1000000US170311610002012,12,6,1,1,1,0,5,7,0,5,6,1,7,7,0,17,0,1
9770,1000000US170311610002013,20,16,0,0,4,0,0,20,0,0,4,0,11,10,1,30,0,0
9771,1000000US170311610002014,26,20,2,0,0,0,4,22,0,4,6,0,18,15,3,33,0,0
9772,1000000US170311610002015,26,21,0,0,0,0,5,21,0,5,5,0,12,12,0,31,0,0
9773,1000000US170311610002016,33,17,0,0,1,0,15,18,0,15,16,2,17,17,0,43,0,0
9774,1000000US170311610002017,25,22,0,0,2,0,0,25,0,0,3,1,14,14,0,29,0,0
9775,1000000US170311610002018,35,20,4,2,0,0,14,21,0,14,15,0,17,16,1,51,2,3
9776,1000000US170311610002019,30,21,1,0,0,0,8,22,0,8,9,0,18,18,0,35,0,0
9777,1000000US170311610002020,25,16,1,1,2,0,5,20,0,5,9,2,16,15,1,33,0,0
9778,1000000US170311610002021,27,18,1,0,0,0,8,19,0,8,9,1,20,18,2,45,0,0
9779,1000000US170311610002022,41,23,3,1,1,0,12,29,0,12,18,0,20,19,1,53,1,0
9780,1000000US170311611001000,121,74,17,1,4,1,29,92,0,29,47,6,111,101,10,137,0,2
9781,1000000US170311611001001,22,20,0,1,0,0,1,21,0,1,2,0,13,12,1,35,1,0
9782,1000000US170311611001002,34,29,0,0,0,0,5,29,0,5,5,0,24,22,2,43,0,0
9783,1000000US170311611001003,127,72,3,4,10,0,41,86,0,41,55,7,80,74,6,156,3,1
9784,1000000US170311611001004,75,57,8,0,0,0,10,65,0,10,18,0,39,36,3,98,0,0
9785,1000000US170311611001005,81,63,2,0,0,0,18,63,0,18,18,0,45,44,1,114,0,2
9786,1000000US170311611001006,46,33,3,0,0,0,10,36,0,10,13,0,31,26,5,58,0,0
9787,1000000US170311611001007,51,35,3,4,0,0,9,42,0,9,16,0,28,26,2,63,4,0
9788,1000000US170311611001008,28,24,1,0,2,0,1,27,0,1,4,0,19,15,4,34,0,0
9789,1000000US170311611001009,36,33,2,0,0,0,1,35,0,1,3,0,22,18,4,51,0,0
9790,1000000US170311611001010,23,20,0,0,3,0,0,23,0,0,3,1,15,12,3,34,0,0
9791,1000000US170311611001011,21,18,0,1,2,0,0,21,0,0,3,0,12,12,0,32,1,0
9792,1000000US170311611001012,30,29,0,0,0,0,1,29,0,1,1,0,20,17,3,35,0,0
9793,1000000US170311611001013,24,21,0,0,1,0,2,22,0,2,3,0,14,13,1,28,0,0
9794,1000000US170311611001014,10,10,0,0,0,0,0,10,0,0,0,0,5,5,0,17,0,0
9795,1000000US170311611001015,30,27,0,0,0,0,3,27,0,3,3,0,18,18,0,34,0,0
9796,1000000US170311611002000,15,7,1,0,5,0,2,13,0,2,8,0,8,8,0,25,0,0
9797,1000000US170311611002001,63,39,4,0,14,0,10,53,0,10,24,2,32,31,1,99,0,3
9798,1000000US170311611002002,18,12,0,0,6,0,0,18,0,0,6,0,10,9,1,31,0,0
9799,1000000US170311611002003,74,46,9,0,17,0,2,72,0,2,28,2,40,40,0,105,0,0
9800,1000000US170311611002004,8,7,0,1,0,0,0,8,0,0,1,0,4,4,0,12,1,0
9801,1000000US170311611002005,23,13,5,0,3,0,2,21,0,2,10,0,13,12,1,34,0,0
9802,1000000US170311611002006,0,0,0,0,0,0,0,0,0,0,0,0,0,0,0,0,0,0
9803,1000000US170311611002007,30,21,2,2,1,0,4,26,0,4,9,0,20,17,3,50,2,0
9804,1000000US170311611002008,46,42,1,0,0,0,3,43,0,3,4,0,29,29,0,66,0,0
9805,1000000US170311611002009,22,15,0,0,4,0,4,18,0,4,7,1,13,13,0,34,0,0
9806,1000000US170311611002010,50,44,0,0,0,0,6,44,0,6,6,0,22,22,0,63,0,0
9807,1000000US170311611002011,39,36,0,0,1,0,2,37,0,2,3,2,22,22,0,49,0,0
9808,1000000US170311611002012,32,27,0,0,2,0,2,30,0,2,5,1,19,18,1,41,0,0
9809,1000000US170311611002013,23,20,0,0,2,0,1,22,0,1,3,0,18,13,5,31,0,0
9810,1000000US170311611002014,46,28,0,0,6,0,12,34,0,12,18,0,25,22,3,56,0,0
9811,1000000US170311611002015,0,0,0,0,0,0,0,0,0,0,0,0,0,0,0,0,0,0
9812,1000000US170311611002016,14,7,2,0,3,0,2,12,0,2,7,0,6,6,0,17,0,0
9813,1000000US170311611002017,148,89,11,1,15,0,33,115,0,33,59,5,102,91,11,177,0,1
9814,1000000US170311611002018,0,0,0,0,0,0,0,0,0,0,0,0,0,0,0,0,0,0
9815,1000000US170311611002019,1,1,0,0,0,0,0,1,0,0,0,0,0,0,0,2,0,0
9816,1000000US170311611002020,0,0,0,0,0,0,0,0,0,0,0,0,0,0,0,0,0,0
9817,1000000US170311612001000,5,2,0,0,1,0,3,2,0,3,3,1,3,3,0,6,0,0
9818,1000000US170311612001001,10,10,0,0,0,0,0,10,0,0,0,0,3,3,0,11,0,0
9819,1000000US170311612001002,41,9,1,0,0,0,31,10,0,31,32,1,25,17,8,48,0,0
9820,1000000US170311612001003,52,9,1,2,0,0,42,10,0,42,43,1,23,20,3,83,2,0
9821,1000000US170311612001004,60,20,1,0,4,0,35,25,0,35,40,0,34,31,3,78,0,0
9822,1000000US170311612001005,42,22,1,0,6,0,14,28,0,14,20,0,20,20,0,61,0,1
9823,1000000US170311612001006,67,18,0,0,12,0,37,30,0,37,49,6,29,27,2,88,0,0
9824,1000000US170311612001007,47,10,0,0,1,0,36,11,0,36,37,1,26,20,6,68,0,0
9825,1000000US170311612001008,0,0,0,0,0,0,0,0,0,0,0,0,0,0,0,0,0,0
9826,1000000US170311612001009,0,0,0,0,0,0,0,0,0,0,0,0,0,0,0,0,0,0
9827,1000000US170311612001010,0,0,0,0,0,0,0,0,0,0,0,0,0,0,0,0,0,0
9828,1000000US170311612001011,106,17,1,1,0,0,87,19,0,87,89,2,50,46,4,145,0,1
9829,1000000US170311612001012,91,25,15,0,9,0,46,45,0,46,66,13,41,35,6,114,0,4
9830,1000000US170311612001013,59,23,0,0,9,0,27,32,0,27,36,0,24,23,1,76,0,0
9831,1000000US170311612001014,52,7,0,0,2,0,43,9,0,43,45,0,20,19,1,64,0,0
9832,1000000US170311612001015,39,18,0,0,1,0,21,18,0,21,21,2,19,19,0,47,0,0
9833,1000000US170311612001016,45,17,0,5,0,0,23,22,0,23,28,3,22,21,1,60,2,0
9834,1000000US170311612001017,0,0,0,0,0,0,0,0,0,0,0,0,0,0,0,0,0,0
9835,1000000US170311612001018,0,0,0,0,0,0,0,0,0,0,0,0,0,0,0,0,0,0
9836,1000000US170311612001019,70,13,0,0,5,0,52,18,0,52,57,3,32,26,6,83,0,0
9837,1000000US170311612001020,78,19,0,0,14,0,45,33,0,45,59,0,29,27,2,106,0,0
9838,1000000US170311612001021,58,26,1,0,3,0,29,29,0,29,32,0,33,29,4,83,0,1
9839,1000000US170311612002000,49,21,0,1,5,0,23,26,0,23,28,4,27,24,3,72,1,0
9840,1000000US170311612002001,140,53,0,0,4,0,83,57,0,83,87,2,74,67,7,186,0,0
9841,1000000US170311612002002,24,12,0,0,0,0,12,12,0,12,12,0,10,9,1,34,0,0
9842,1000000US170311612002003,37,21,0,1,0,0,16,21,0,16,16,0,21,21,0,47,1,0
9843,1000000US170311612002004,59,29,2,0,0,0,30,29,0,30,30,1,38,31,7,70,0,2
9844,1000000US170311612002005,23,0,3,0,2,0,18,5,0,18,23,0,8,8,0,33,0,0
9845,1000000US170311612002006,35,6,1,2,7,1,22,13,0,22,29,10,13,13,0,45,2,0
9846,1000000US170311612002007,31,3,5,0,1,0,27,4,0,27,28,0,11,11,0,48,0,5
9847,1000000US170311612002008,58,17,0,3,3,0,38,20,0,38,41,3,24,22,2,75,3,0
9848,1000000US170311612002009,62,19,3,7,5,1,38,24,0,38,43,6,31,28,3,88,7,2
9849,1000000US170311612002010,79,8,1,5,6,1,64,15,0,64,71,4,35,28,7,101,5,1
9850,1000000US170311612002011,45,16,1,0,5,0,24,21,0,24,29,0,22,20,2,61,0,1
9851,1000000US170311612002012,0,0,0,0,0,0,0,0,0,0,0,0,0,0,0,0,0,0
9852,1000000US170311612002013,0,0,0,0,0,0,0,0,0,0,0,0,0,0,0,0,0,0
9853,1000000US170311612002014,84,25,2,10,11,0,48,36,0,48,59,5,40,39,1,121,10,2
9854,1000000US170311612002015,51,21,0,5,1,0,27,24,0,27,30,0,25,19,6,63,5,0
9855,1000000US170311612002016,52,12,0,0,4,0,36,16,0,36,40,2,24,22,2,74,0,0
9856,1000000US170311612002017,83,22,3,17,5,0,56,27,0,56,61,9,33,31,2,100,16,3
9857,1000000US170311612002018,92,2,2,0,8,0,82,10,0,82,90,2,37,34,3,126,0,2
9858,1000000US170311612002019,56,19,0,0,0,0,37,19,0,37,37,0,19,18,1,74,0,0
9859,1000000US170311612002020,200,90,17,3,49,0,49,151,0,49,110,6,116,110,6,270,2,6
9860,1000000US170311612002021,8,4,0,0,0,0,4,4,0,4,4,0,6,5,1,13,0,0
9861,1000000US170311612002022,6,3,1,0,0,0,2,4,0,2,3,1,5,4,1,8,0,0
9862,1000000US170311613001000,16,9,0,0,0,0,7,9,0,7,7,0,9,9,0,23,0,0
9863,1000000US170311613001001,10,10,0,0,0,0,0,10,0,0,0,0,6,5,1,14,0,0
9864,1000000US170311613001002,43,21,1,0,2,0,19,24,0,19,22,0,30,27,3,51,0,1
9865,1000000US170311613001003,39,31,0,0,0,0,8,31,0,8,8,0,17,17,0,43,0,0
9866,1000000US170311613001004,24,10,0,0,0,0,14,10,0,14,14,0,10,10,0,28,0,0
9867,1000000US170311613001005,32,19,0,0,0,0,13,19,0,13,13,0,14,14,0,36,0,0
9868,1000000US170311613001006,34,25,6,0,0,0,8,26,0,8,9,0,18,17,1,48,0,5
9869,1000000US170311613001007,80,32,2,0,0,0,46,34,0,46,48,0,36,35,1,104,0,0
9870,1000000US170311613001008,32,27,0,0,2,0,3,29,0,3,5,0,14,14,0,38,0,0
9871,1000000US170311613001009,19,3,1,0,0,0,15,4,0,15,16,0,9,9,0,25,0,0
9872,1000000US170311613001010,18,6,0,0,0,0,12,6,0,12,12,0,8,7,1,23,0,0
9873,1000000US170311613001011,17,8,0,2,3,0,6,11,0,6,9,2,15,9,6,20,0,0
9874,1000000US170311613001012,70,17,3,4,2,0,46,24,0,46,53,12,35,33,2,90,0,0
9875,1000000US170311613001013,64,21,2,3,0,0,40,24,0,40,43,4,33,30,3,83,0,0
9876,1000000US170311613001014,22,18,0,0,0,0,4,18,0,4,4,0,9,9,0,28,0,0
9877,1000000US170311613002000,6,4,1,0,0,0,1,5,0,1,2,0,3,3,0,8,0,0
9878,1000000US170311613002001,37,21,2,2,2,0,12,25,0,12,16,2,14,14,0,43,0,0
9879,1000000US170311613002002,16,7,1,2,0,0,6,10,0,6,9,3,12,8,4,21,0,0
9880,1000000US170311613002003,52,17,2,0,1,0,32,20,0,32,35,0,33,33,0,64,0,0
9881,1000000US170311613002004,51,11,9,0,0,0,34,17,0,34,40,3,20,17,3,68,0,3
9882,1000000US170311613002005,53,4,0,0,0,0,49,4,0,49,49,2,24,23,1,100,0,0
9883,1000000US170311613002006,2,0,0,0,2,0,0,2,0,0,2,0,1,1,0,2,0,0
9884,1000000US170311613002007,0,0,0,0,0,0,0,0,0,0,0,0,0,0,0,0,0,0
9885,1000000US170311613002008,6,0,0,0,0,0,6,0,0,6,6,0,1,1,0,6,0,0
9886,1000000US170311613002009,0,0,0,0,0,0,0,0,0,0,0,0,0,0,0,0,0,0
9887,1000000US170311613002010,66,24,8,4,6,0,33,33,0,33,42,6,36,34,2,80,1,4
9888,1000000US170311613002011,32,7,1,0,3,0,21,11,0,21,25,1,18,16,2,44,0,0
9889,1000000US170311613002012,0,0,0,0,0,0,0,0,0,0,0,0,3,0,3,0,0,0
9890,1000000US170311613002013,180,107,2,4,2,0,67,113,0,67,73,6,119,100,19,214,0,0
9891,1000000US170311613002014,14,3,0,0,0,0,11,3,0,11,11,0,6,5,1,20,0,0
9892,1000000US170311613002015,99,38,29,3,1,0,32,67,0,32,61,2,33,30,3,111,3,2
9893,1000000US170311613002016,72,56,2,0,0,0,16,56,0,16,16,2,59,56,3,78,0,2
9894,1000000US170311613002017,7,7,0,0,0,0,0,7,0,0,0,0,7,7,0,7,0,0
9895,1000000US170311613002018,186,98,10,2,6,3,71,115,0,71,88,5,125,106,19,225,1,0
9896,1000000US170311613002019,25,1,6,0,1,0,17,8,0,17,24,0,18,16,2,31,0,0
9897,1000000US170311613003000,46,16,0,0,2,0,28,18,0,28,30,0,23,18,5,71,0,0
9898,1000000US170311613003001,66,9,2,0,0,0,56,10,0,56,57,0,30,27,3,95,0,1
9899,1000000US170311613003002,0,0,0,0,0,0,0,0,0,0,0,0,0,0,0,0,0,0
9900,1000000US170311613003003,25,11,1,1,0,0,13,12,0,13,14,1,10,10,0,30,0,0
9901,1000000US170311613003004,30,7,1,0,1,0,21,9,0,21,23,0,10,10,0,53,0,0
9902,1000000US170311613003005,81,15,0,0,11,0,60,21,0,60,66,0,38,34,4,134,0,0
9903,1000000US170311613003006,54,8,0,2,5,0,41,13,0,41,46,0,30,26,4,82,2,0
9904,1000000US170311613003007,54,15,1,1,0,1,38,16,0,38,39,7,26,21,5,71,0,1
9905,1000000US170311613003008,118,34,5,0,0,0,80,38,0,80,84,2,48,44,4,161,0,1
9906,1000000US170311613003009,90,9,3,0,11,0,68,22,0,68,81,4,39,37,2,144,0,1
9907,1000000US170311613003010,73,24,3,4,2,0,46,27,0,46,49,5,34,34,0,105,3,2
9908,1000000US170311613003011,0,0,0,0,0,0,0,0,0,0,0,0,0,0,0,0,0,0
9909,1000000US170311613003012,26,24,0,0,2,0,0,26,0,0,2,0,17,17,0,29,0,0
9910,1000000US170311613003013,41,29,0,0,4,0,8,33,0,8,12,1,22,19,3,47,0,0
9911,1000000US170311613003014,3,3,0,0,0,0,0,3,0,0,0,0,3,2,1,3,0,0
9912,1000000US170311613003015,0,0,0,0,0,0,0,0,0,0,0,0,0,0,0,0,0,0
9913,1000000US170311613004000,17,9,2,1,4,0,2,15,0,2,8,1,8,8,0,17,0,0
9914,1000000US170311613004001,117,64,8,0,8,0,37,80,0,37,53,0,74,69,5,140,0,1
9915,1000000US170311613004002,54,26,4,0,1,3,24,30,0,24,28,1,41,34,7,68,0,0
9916,1000000US170311613004003,0,0,0,0,0,0,0,0,0,0,0,0,0,0,0,0,0,0
9917,1000000US170311613004004,4,1,0,0,0,0,3,1,0,3,3,0,2,2,0,10,0,0
9918,1000000US170311613004005,14,11,0,0,2,0,1,13,0,1,3,0,9,8,1,20,0,0
9919,1000000US170311613004006,22,12,0,0,3,0,7,15,0,7,10,0,9,8,1,24,0,0
9920,1000000US170311613004007,26,7,0,0,3,0,16,10,0,16,19,0,13,12,1,38,0,0
9921,1000000US170311613004008,19,2,1,0,3,1,13,6,0,13,17,2,13,8,5,24,0,0
9922,1000000US170311613004009,18,7,0,0,2,0,9,9,0,9,11,0,8,7,1,22,0,0
9923,1000000US170311613004010,0,0,0,0,0,0,0,0,0,0,0,0,0,0,0,0,0,0
9924,1000000US170311613004011,27,22,0,1,1,0,2,25,0,2,5,4,20,20,0,28,0,0
9925,1000000US170311613004012,0,0,0,0,0,0,0,0,0,0,0,0,0,0,0,0,0,0
9926,1000000US170311613004013,59,11,0,1,1,0,47,12,0,47,48,3,39,30,9,85,0,0
9927,1000000US170311613004014,62,40,1,0,2,0,20,42,0,20,22,0,29,28,1,79,0,1
9928,1000000US170311613004015,78,41,1,3,0,0,32,46,0,32,37,4,45,41,4,98,1,0
9929,1000000US170311613004016,87,31,2,0,3,0,52,35,0,52,56,5,38,37,1,107,0,1
9930,1000000US170311613004017,50,12,2,1,0,0,38,12,0,38,38,2,22,19,3,73,0,2
9931,1000000US170311613004018,53,23,0,0,0,0,30,23,0,30,30,0,23,22,1,68,0,0
9932,1000000US170311613004019,33,5,0,0,0,0,28,5,0,28,28,0,18,16,2,52,0,0
9933,1000000US170311613004020,30,9,1,0,0,0,20,10,0,20,21,0,15,14,1,40,0,0
9934,1000000US170311613004021,9,0,1,0,3,0,9,0,0,9,9,1,2,2,0,12,0,1
9935,1000000US170311613004022,57,24,3,0,9,0,25,32,0,25,33,3,36,30,6,71,0,2
9936,1000000US170311613004023,43,9,0,0,2,0,32,11,0,32,34,5,16,16,0,58,0,0
9937,1000000US170311613004024,41,15,3,0,0,0,23,18,0,23,26,1,18,16,2,53,0,0
9938,1000000US170311613004025,70,43,4,6,4,0,18,52,0,18,27,1,31,28,3,92,6,3
9939,1000000US170311613004026,25,12,0,0,1,0,12,13,0,12,13,0,15,14,1,37,0,0
9940,1000000US170311701001000,70,63,1,0,2,0,4,66,0,4,7,0,52,52,0,77,0,0
9941,1000000US170311701001001,0,0,0,0,0,0,0,0,0,0,0,0,0,0,0,0,0,0
9942,1000000US170311701001002,692,595,8,3,27,0,62,630,0,62,97,6,548,483,65,739,1,0
9943,1000000US170311701001003,0,0,0,0,0,0,0,0,0,0,0,0,0,0,0,0,0,0
9944,1000000US170311701001004,0,0,0,0,0,0,0,0,0,0,0,0,0,0,0,0,0,0
9945,1000000US170311701001005,110,39,45,0,4,0,22,88,0,22,71,0,0,0,0,110,0,0
9946,1000000US170311701001006,96,82,4,0,3,0,7,89,0,7,14,2,64,61,3,103,0,0
9947,1000000US170311701001007,198,175,0,0,4,0,18,180,0,18,23,3,140,131,9,207,0,0
9948,1000000US170311701001008,396,344,2,0,25,0,28,368,0,28,52,3,260,242,18,440,0,2
9949,1000000US170311701001009,65,42,0,0,13,0,10,55,0,10,23,1,25,25,0,76,0,0
9950,1000000US170311702001000,84,64,0,0,1,1,18,66,0,18,20,1,53,47,6,95,0,0
9951,1000000US170311702001001,26,22,0,0,1,0,3,23,0,3,4,1,10,10,0,39,0,0
9952,1000000US170311702001002,47,42,2,0,3,0,0,47,0,0,5,0,19,19,0,56,0,0
9953,1000000US170311702001003,70,39,0,0,7,0,24,46,0,24,31,1,32,31,1,89,0,0
9954,1000000US170311702001004,46,41,1,1,0,0,4,42,0,4,5,1,22,21,1,57,0,0
9955,1000000US170311702001005,60,38,0,0,0,0,22,38,0,22,22,0,19,19,0,82,0,0
9956,1000000US170311702001006,53,27,0,0,5,0,21,32,0,21,26,2,20,19,1,75,0,0
9957,1000000US170311702001007,69,42,0,0,1,0,26,43,0,26,27,0,23,22,1,87,0,0
9958,1000000US170311702001008,56,36,0,10,0,0,19,37,0,19,20,1,18,18,0,81,9,0
9959,1000000US170311702001009,48,26,0,0,6,0,16,32,0,16,22,0,18,18,0,57,0,0
9960,1000000US170311702001010,45,38,1,0,1,0,6,39,0,6,7,0,20,20,0,56,0,0
9961,1000000US170311702001011,58,33,0,0,0,0,25,33,0,25,25,2,21,21,0,67,0,0
9962,1000000US170311702001012,48,44,2,0,0,0,2,46,0,2,4,0,21,20,1,65,0,0
9963,1000000US170311702001013,55,32,0,0,1,0,22,33,0,22,23,2,19,18,1,64,0,0
9964,1000000US170311702001014,63,36,0,1,4,0,21,42,0,21,27,1,24,24,0,79,1,0
9965,1000000US170311702001015,0,0,0,0,0,0,0,0,0,0,0,0,0,0,0,0,0,0
9966,1000000US170311702001016,50,33,0,1,3,0,13,37,0,13,17,0,18,18,0,65,1,0
9967,1000000US170311702001017,48,41,0,0,3,0,4,44,0,4,7,0,18,18,0,59,0,0
9968,1000000US170311702002000,46,34,0,0,1,0,11,35,0,11,12,0,19,17,2,54,0,0
9969,1000000US170311702002001,56,48,0,0,7,0,1,55,0,1,8,0,18,18,0,63,0,0
9970,1000000US170311702002002,71,53,0,0,0,0,18,53,0,18,18,0,23,23,0,95,0,0
9971,1000000US170311702002003,32,21,0,0,0,0,11,21,0,11,11,0,20,18,2,39,0,0
9972,1000000US170311702002004,17,9,0,0,0,0,8,9,0,8,8,0,9,7,2,20,0,0
9973,1000000US170311702002005,37,26,0,0,0,0,11,26,0,11,11,0,16,15,1,55,0,0
9974,1000000US170311702002006,49,42,0,0,1,0,6,43,0,6,7,0,22,22,0,64,0,0
9975,1000000US170311702002007,45,37,1,0,0,0,7,38,0,7,8,0,21,20,1,55,0,0
9976,1000000US170311702002008,51,21,0,0,4,0,26,25,0,26,30,0,18,18,0,69,0,0
9977,1000000US170311702002009,55,36,2,0,0,0,18,37,0,18,19,0,18,17,1,66,0,1
9978,1000000US170311702002010,55,36,0,0,0,0,19,36,0,19,19,1,20,19,1,72,0,0
9979,1000000US170311702002011,43,22,0,0,3,0,15,28,0,15,21,0,24,23,1,63,0,0
9980,1000000US170311702002012,38,27,0,0,1,0,10,28,0,10,11,1,18,18,0,52,0,0
9981,1000000US170311702002013,25,19,0,0,0,0,6,19,0,6,6,0,12,12,0,29,0,0
9982,1000000US170311702002014,49,21,0,0,1,0,27,22,0,27,28,1,17,17,0,72,0,0
9983,1000000US170311702002015,45,20,3,0,0,5,17,28,0,17,25,8,18,17,1,69,0,0
9984,1000000US170311702002016,43,31,0,0,0,0,12,31,0,12,12,0,20,19,1,56,0,0
9985,1000000US170311702002017,52,39,0,0,0,0,13,39,0,13,13,0,18,18,0,63,0,0
9986,1000000US170311702002018,44,29,0,0,3,0,12,32,0,12,15,1,19,19,0,65,0,0
9987,1000000US170311702002019,44,27,0,0,4,0,13,31,0,13,17,0,19,19,0,56,0,0
9988,1000000US170311702002020,33,24,0,6,3,0,0,33,0,0,9,0,16,15,1,40,6,0
9989,1000000US170311702002021,43,18,0,0,9,0,16,27,0,16,25,0,17,16,1,53,0,0
9990,1000000US170311702002022,44,34,0,0,0,0,10,34,0,10,10,1,22,22,0,53,0,0
9991,1000000US170311702002023,31,13,0,0,4,0,14,17,0,14,18,0,13,13,0,42,0,0
9992,1000000US170311702002024,31,19,1,5,1,0,6,25,0,6,12,2,18,17,1,38,3,1
9993,1000000US170311702002025,51,27,0,2,5,0,17,34,0,17,24,2,23,19,4,56,0,0
9994,1000000US170311702002026,57,34,2,0,0,0,21,36,0,21,23,0,34,30,4,79,0,0
9995,1000000US170311702003000,104,68,1,0,11,0,24,80,0,24,36,1,49,48,1,139,0,0
9996,1000000US170311702003001,48,38,0,0,5,0,5,43,0,5,10,0,23,22,1,54,0,0
9997,1000000US170311702003002,30,22,0,0,0,0,8,22,0,8,8,0,16,16,0,38,0,0
9998,1000000US170311702003003,68,51,0,0,1,0,16,52,0,16,17,0,37,35,2,77,0,0
9999,1000000US170311702003004,37,22,0,0,0,0,15,22,0,15,15,0,15,15,0,45,0,0
10000,1000000US170311702003005,59,34,0,0,1,0,24,35,0,24,25,0,23,22,1,87,0,0
10001,1000000US170311702003006,80,35,3,2,7,0,35,45,0,35,45,2,28,27,1,107,2,0
10002,1000000US170311702003007,55,21,0,0,2,0,32,23,0,32,34,0,20,20,0,74,0,0
10003,1000000US170311702003008,44,28,1,2,2,1,14,30,0,14,16,3,24,23,1,60,0,0
10004,1000000US170311702003009,64,43,0,0,10,1,10,54,0,10,21,0,28,27,1,86,0,0
10005,1000000US170311702003010,63,46,0,0,0,0,16,47,0,16,17,0,25,23,2,79,0,0
10006,1000000US170311702003011,32,22,0,1,2,0,7,25,0,7,10,0,15,14,1,45,1,0
10007,1000000US170311702003012,29,17,0,1,3,0,9,20,0,9,12,2,17,16,1,31,0,0
10008,1000000US170311702003013,14,13,0,0,1,0,0,14,0,0,1,0,8,8,0,21,0,0
10009,1000000US170311702003014,51,33,0,0,5,0,13,38,0,13,18,0,17,17,0,64,0,0
10010,1000000US170311702003015,54,28,0,0,0,0,26,28,0,26,26,0,20,20,0,62,0,0
10011,1000000US170311702003016,54,29,0,0,3,0,23,31,0,23,25,0,22,21,1,66,0,0
10012,1000000US170311702003017,37,25,0,0,0,0,10,27,0,10,12,0,19,15,4,46,0,0
10013,1000000US170311703001000,17,15,2,0,0,0,0,17,0,0,2,0,11,10,1,22,0,0
10014,1000000US170311703001001,0,0,0,0,0,0,0,0,0,0,0,0,0,0,0,0,0,0
10015,1000000US170311703001002,0,0,0,0,0,0,0,0,0,0,0,0,0,0,0,0,0,0
10016,1000000US170311703001003,11,11,0,0,0,0,0,11,0,0,0,0,6,5,1,12,0,0
10017,1000000US170311703001004,227,180,3,2,10,0,32,195,0,32,47,7,134,130,4,265,2,0
10018,1000000US170311703001005,74,45,4,0,2,0,26,48,0,26,29,1,38,35,3,96,0,3
10019,1000000US170311703001006,247,154,4,0,9,0,77,170,0,77,93,2,110,104,6,314,0,0
10020,1000000US170311703001007,0,0,0,0,0,0,0,0,0,0,0,0,0,0,0,0,0,0
10021,1000000US170311703001008,100,52,14,1,1,0,35,65,0,35,48,4,46,46,0,126,0,2
10022,1000000US170311703001009,0,0,0,0,0,0,0,0,0,0,0,0,0,0,0,0,0,0
10023,1000000US170311703002000,22,18,0,0,0,0,4,18,0,4,4,0,14,12,2,26,0,0
10024,1000000US170311703002001,6,6,0,0,0,0,0,6,0,0,0,0,4,4,0,6,0,0
10025,1000000US170311703002002,32,30,0,0,2,0,1,31,0,1,2,1,15,14,1,43,0,0
10026,1000000US170311703002003,38,22,0,1,4,0,11,27,0,11,16,1,20,19,1,50,0,0
10027,1000000US170311703002004,29,25,0,0,0,0,4,25,0,4,4,0,17,12,5,34,0,0
10028,1000000US170311703002005,47,37,0,0,4,0,7,40,0,7,10,0,28,25,3,68,0,0
10029,1000000US170311703002006,45,28,0,0,0,0,17,28,0,17,17,0,22,21,1,60,0,0
10030,1000000US170311703002007,56,35,0,0,4,1,17,39,0,17,21,3,32,30,2,73,0,0
10031,1000000US170311703002008,47,38,0,0,7,0,2,45,0,2,9,0,20,20,0,60,0,0
10032,1000000US170311703002009,28,26,0,0,0,0,2,26,0,2,2,1,15,13,2,34,0,0
10033,1000000US170311703002010,50,23,0,4,5,0,19,31,0,19,27,2,22,22,0,63,4,0
10034,1000000US170311703002011,48,35,0,0,5,0,8,40,0,8,13,0,21,19,2,63,0,0
10035,1000000US170311703002012,59,45,0,0,1,0,14,45,0,14,14,0,23,21,2,78,0,0
10036,1000000US170311703002013,44,35,0,0,0,0,8,36,0,8,9,0,20,19,1,56,0,0
10037,1000000US170311703002014,42,28,0,0,0,0,14,28,0,14,14,0,19,18,1,51,0,0
10038,1000000US170311703002015,41,34,0,0,5,0,2,39,0,2,7,0,22,20,2,48,0,0
10039,1000000US170311703002016,65,31,2,0,2,0,32,33,0,32,34,0,21,21,0,80,0,2
10040,1000000US170311703002017,45,41,0,0,2,0,2,43,0,2,4,2,19,19,0,56,0,0
10041,1000000US170311703003000,71,46,2,0,3,0,21,50,0,21,25,0,33,31,2,87,0,1
10042,1000000US170311703003001,0,0,0,0,0,0,0,0,0,0,0,0,0,0,0,0,0,0
10043,1000000US170311703003002,35,27,0,0,2,0,6,29,0,6,8,1,17,16,1,42,0,0
10044,1000000US170311703003003,41,26,0,0,6,0,9,32,0,9,15,0,16,16,0,51,0,0
10045,1000000US170311703003004,33,19,0,6,0,0,14,19,0,14,14,0,16,15,1,49,6,0
10046,1000000US170311703003005,0,0,0,0,0,0,0,0,0,0,0,0,0,0,0,0,0,0
10047,1000000US170311703003006,37,26,0,0,4,0,7,30,0,7,11,0,19,17,2,45,0,0
10048,1000000US170311703003007,46,28,0,0,10,0,8,38,0,8,18,0,22,21,1,62,0,0
10049,1000000US170311703003008,49,44,0,0,0,0,5,44,0,5,5,0,17,17,0,58,0,0
10050,1000000US170311703003009,60,41,0,0,0,0,19,41,0,19,19,0,22,22,0,95,0,0
10051,1000000US170311703003010,38,34,0,0,0,0,4,34,0,4,4,0,20,17,3,47,0,0
10052,1000000US170311703003011,41,34,0,0,0,0,7,34,0,7,7,0,19,18,1,53,0,0
10053,1000000US170311703003012,41,33,0,0,0,0,8,33,0,8,8,0,21,19,2,53,0,0
10054,1000000US170311703003013,57,42,0,0,0,0,15,42,0,15,15,2,21,21,0,70,0,0
10055,1000000US170311703003014,45,35,0,3,0,0,10,35,0,10,10,0,20,18,2,54,3,0
10056,1000000US170311703003015,43,32,1,0,1,0,10,33,0,10,11,4,24,22,2,58,0,1
10057,1000000US170311703003016,60,41,1,0,0,0,19,41,0,19,19,0,24,24,0,78,0,1
10058,1000000US170311703004000,58,44,0,0,4,0,10,48,0,10,14,0,31,30,1,71,0,0
10059,1000000US170311703004001,31,22,0,0,0,0,9,22,0,9,9,0,19,18,1,36,0,0
10060,1000000US170311703004002,44,28,0,1,1,0,13,31,0,13,16,1,21,21,0,61,1,0
10061,1000000US170311703004003,52,31,0,0,0,0,21,31,0,21,21,0,21,20,1,64,0,0
10062,1000000US170311703004004,43,31,0,0,2,0,10,33,0,10,12,0,18,18,0,53,0,0
10063,1000000US170311703004005,36,26,0,2,4,0,4,32,0,4,10,1,15,15,0,42,2,0
10064,1000000US170311703004006,48,37,0,2,0,0,11,37,0,11,11,2,23,22,1,61,0,0
10065,1000000US170311703004007,39,29,0,0,6,0,4,35,0,4,10,0,20,19,1,57,0,0
10066,1000000US170311703004008,39,31,0,0,0,0,8,31,0,8,8,0,20,19,1,50,0,0
10067,1000000US170311703004009,41,33,0,0,0,0,8,33,0,8,8,0,21,20,1,55,0,0
10068,1000000US170311703004010,37,30,0,0,7,0,0,37,0,0,7,0,19,19,0,43,0,0
10069,1000000US170311703004011,58,31,4,1,0,0,24,34,0,24,27,1,25,20,5,66,0,2
10070,1000000US170311703004012,52,44,0,0,2,0,6,46,0,6,8,1,26,25,1,62,0,0
10071,1000000US170311703004013,30,29,0,1,0,0,0,30,0,0,1,1,18,16,2,36,0,0
10072,1000000US170311703004014,48,36,0,0,5,0,8,40,0,8,12,1,21,20,1,56,0,0
10073,1000000US170311703004015,40,30,0,0,0,0,10,30,0,10,10,1,23,19,4,50,0,0
10074,1000000US170311703004016,45,40,0,0,1,0,4,41,0,4,5,0,20,20,0,56,0,0
10075,1000000US170311703004017,54,34,0,0,8,0,12,42,0,12,20,0,21,19,2,66,0,0
10076,1000000US170311703005000,55,47,0,0,3,0,5,50,0,5,8,0,27,27,0,69,0,0
10077,1000000US170311703005001,41,27,1,0,5,0,9,32,0,9,14,0,20,20,0,54,0,0
10078,1000000US170311703005002,0,0,0,0,0,0,0,0,0,0,0,0,0,0,0,0,0,0
10079,1000000US170311703005003,19,18,0,0,0,0,1,18,0,1,1,0,12,12,0,23,0,0
10080,1000000US170311703005004,50,26,1,0,17,0,6,44,0,6,24,0,19,19,0,56,0,0
10081,1000000US170311703005005,40,32,0,0,0,0,8,32,0,8,8,0,20,19,1,49,0,0
10082,1000000US170311703005006,39,32,0,0,3,0,4,35,0,4,7,0,21,21,0,48,0,0
10083,1000000US170311703005007,44,38,0,0,2,1,4,40,0,4,6,2,20,20,0,55,0,0
10084,1000000US170311703005008,25,25,0,0,0,0,0,25,0,0,0,0,16,14,2,35,0,0
10085,1000000US170311703005009,57,39,0,0,0,0,18,39,0,18,18,0,23,23,0,76,0,0
10086,1000000US170311703005010,39,34,0,0,0,0,5,34,0,5,5,0,20,20,0,49,0,0
10087,1000000US170311703005011,44,35,0,0,2,0,7,37,0,7,9,0,22,21,1,53,0,0
10088,1000000US170311703005012,47,34,0,0,0,0,13,34,0,13,13,0,20,17,3,55,0,0
10089,1000000US170311703005013,44,27,1,1,9,0,7,37,0,7,17,1,24,19,5,57,1,1
10090,1000000US170311703005014,57,52,0,0,0,0,5,52,0,5,5,0,29,28,1,59,0,0
10091,1000000US170311703005015,53,26,2,1,0,0,26,27,0,26,27,1,41,27,14,63,0,1
10092,1000000US170311703005016,33,19,0,1,7,0,6,27,0,6,14,6,16,16,0,43,0,0
10093,1000000US170311703005017,44,23,0,0,0,0,21,23,0,21,21,0,18,18,0,54,0,0
10094,1000000US170311703005018,51,33,3,0,0,0,16,35,0,16,18,0,20,20,0,59,0,1
10095,1000000US170311703005019,57,42,1,1,5,0,10,47,0,10,15,2,26,26,0,76,0,1
10096,1000000US170311703005020,72,51,0,0,2,0,19,53,0,19,21,1,22,20,2,93,0,0
10097,1000000US170311703005021,55,45,0,0,0,0,10,45,0,10,10,0,28,27,1,66,0,0
10098,1000000US170311703005022,55,47,0,0,0,0,8,47,0,8,8,2,21,20,1,61,0,0
10099,1000000US170311703005023,65,43,0,0,5,0,17,48,0,17,22,0,29,25,4,81,0,0
10100,1000000US170311703005024,55,40,1,0,0,0,14,41,0,14,15,0,25,25,0,66,0,0
10101,1000000US170311703005025,48,33,0,0,3,0,12,36,0,12,15,2,21,21,0,58,0,0
10102,1000000US170311703005026,0,0,0,0,0,0,0,0,0,0,0,0,0,0,0,0,0,0
10103,1000000US170311704001000,0,0,0,0,0,0,0,0,0,0,0,0,0,0,0,0,0,0
10104,1000000US170311704001001,14,5,0,0,5,0,4,10,0,4,9,2,9,9,0,17,0,0
10105,1000000US170311704001002,0,0,0,0,0,0,0,0,0,0,0,0,0,0,0,0,0,0
10106,1000000US170311704001003,14,13,0,0,0,0,1,13,0,1,1,0,8,6,2,18,0,0
10107,1000000US170311704001004,26,24,0,0,0,0,2,24,0,2,2,0,14,13,1,26,0,0
10108,1000000US170311704001005,43,30,0,1,1,0,13,30,0,13,13,1,18,18,0,58,1,0
10109,1000000US170311704001006,51,20,2,1,13,1,16,35,0,16,31,2,20,19,1,59,1,0
10110,1000000US170311704001007,37,27,0,1,5,0,4,33,0,4,10,1,18,17,1,41,0,0
10111,1000000US170311704001008,40,29,0,0,1,0,10,30,0,10,11,0,21,21,0,47,0,0
10112,1000000US170311704001009,44,38,0,0,0,0,6,38,0,6,6,0,20,20,0,52,0,0
10113,1000000US170311704001010,7,2,1,1,0,0,4,3,0,4,5,1,5,4,1,7,0,1
10114,1000000US170311704001011,66,56,1,0,0,3,9,57,0,9,10,3,44,43,1,80,0,0
10115,1000000US170311704001012,50,45,0,0,0,0,5,45,0,5,5,0,22,22,0,69,0,0
10116,1000000US170311704001013,40,35,0,0,0,0,5,35,0,5,5,0,21,20,1,49,0,0
10117,1000000US170311704001014,44,44,0,0,0,0,0,44,0,0,0,0,22,18,4,54,0,0
10118,1000000US170311704001015,47,41,2,0,1,0,3,44,0,3,6,1,20,19,1,56,0,0
10119,1000000US170311704001016,49,41,0,0,0,0,8,41,0,8,8,0,20,20,0,60,0,0
10120,1000000US170311704001017,45,36,0,0,0,0,9,36,0,9,9,0,19,17,2,58,0,0
10121,1000000US170311704001018,52,43,0,0,0,0,9,43,0,9,9,0,19,19,0,67,0,0
10122,1000000US170311704001019,20,16,0,0,0,0,4,16,0,4,4,0,8,8,0,26,0,0
10123,1000000US170311704002000,68,49,6,0,1,0,12,56,0,12,19,0,37,37,0,82,0,0
10124,1000000US170311704002001,58,48,0,0,0,0,10,48,0,10,10,0,27,23,4,68,0,0
10125,1000000US170311704002002,52,32,0,2,3,0,18,34,0,18,20,2,23,22,1,58,2,0
10126,1000000US170311704002003,45,39,0,1,0,0,6,39,0,6,6,2,26,24,2,57,0,0
10127,1000000US170311704002004,51,35,1,1,2,0,14,37,0,14,16,1,25,24,1,62,0,1
10128,1000000US170311704002005,45,38,0,0,3,0,4,41,0,4,7,3,24,22,2,59,0,0
10129,1000000US170311704002006,49,44,0,0,1,0,4,45,0,4,5,1,26,25,1,55,0,0
10130,1000000US170311704002007,47,41,0,0,0,0,6,41,0,6,6,0,25,23,2,61,0,0
10131,1000000US170311704002008,25,15,0,0,2,0,8,17,0,8,10,0,11,11,0,32,0,0
10132,1000000US170311704002009,22,19,0,0,0,0,3,19,0,3,3,0,11,10,1,34,0,0
10133,1000000US170311704002010,24,20,0,0,0,0,4,20,0,4,4,1,12,11,1,24,0,0
10134,1000000US170311704002011,27,22,0,1,0,0,5,22,0,5,5,0,13,13,0,33,1,0
10135,1000000US170311704002012,31,25,0,0,0,0,6,25,0,6,6,0,15,15,0,42,0,0
10136,1000000US170311704002013,32,26,0,0,1,0,5,27,0,5,6,0,15,14,1,34,0,0
10137,1000000US170311704002014,133,88,3,4,5,2,35,98,0,35,45,8,89,74,15,170,2,1
10138,1000000US170311704002015,22,22,0,0,0,0,0,22,0,0,0,0,9,8,1,31,0,0
10139,1000000US170311704002016,29,22,1,1,0,0,7,22,0,7,7,3,15,15,0,38,0,1
10140,1000000US170311704003000,46,40,0,1,0,0,5,41,0,5,6,1,22,22,0,60,1,0
10141,1000000US170311704003001,45,38,0,0,0,0,7,38,0,7,7,0,24,23,1,60,0,0
10142,1000000US170311704003002,54,36,0,2,0,0,17,37,0,17,18,2,23,23,0,68,1,0
10143,1000000US170311704003003,48,31,2,0,7,0,10,38,0,10,17,2,25,24,1,65,0,2
10144,1000000US170311704003004,63,37,0,1,7,0,19,44,0,19,26,0,26,26,0,73,1,0
10145,1000000US170311704003005,59,43,1,0,3,0,13,46,0,13,16,1,23,22,1,69,0,1
10146,1000000US170311704003006,55,34,3,0,4,0,17,38,0,17,21,5,24,23,1,69,0,0
10147,1000000US170311704003007,45,39,0,0,0,0,6,39,0,6,6,0,23,23,0,56,0,0
10148,1000000US170311704003008,23,23,0,0,0,0,0,23,0,0,0,0,11,11,0,28,0,0
10149,1000000US170311704003009,24,18,1,0,0,0,5,19,0,5,6,0,13,10,3,28,0,0
10150,1000000US170311704003010,25,20,1,0,0,0,4,21,0,4,5,0,11,11,0,34,0,0
10151,1000000US170311704003011,27,24,0,0,0,0,3,24,0,3,3,0,13,11,2,29,0,0
10152,1000000US170311704003012,33,31,0,0,1,0,1,32,0,1,2,0,13,13,0,40,0,0
10153,1000000US170311704003013,24,24,0,0,0,0,0,24,0,0,0,0,12,11,1,28,0,0
10154,1000000US170311704003014,17,17,0,0,0,0,0,17,0,0,0,0,10,10,0,18,0,0
10155,1000000US170311704003015,19,15,0,0,0,0,4,15,0,4,4,0,14,13,1,20,0,0
10156,1000000US170311704003016,16,16,0,0,0,0,0,16,0,0,0,0,11,7,4,18,0,0
10157,1000000US170311704003017,31,19,2,0,2,0,9,22,0,9,12,1,13,13,0,35,0,0
10158,1000000US170311704003018,3,0,0,0,3,0,0,3,0,0,3,0,1,1,0,3,0,0
10159,1000000US170311704003019,21,14,0,0,7,0,0,21,0,0,7,0,10,9,1,29,0,0
10160,1000000US170311704003020,17,14,0,0,0,0,3,14,0,3,3,0,11,11,0,19,0,0
10161,1000000US170311704003021,54,52,0,0,1,0,1,53,0,1,2,1,25,25,0,66,0,0
10162,1000000US170311704003022,26,25,0,0,0,0,1,25,0,1,1,0,15,14,1,34,0,0
10163,1000000US170311704003023,25,23,0,0,0,0,2,23,0,2,2,0,10,10,0,32,0,0
10164,1000000US170311704003024,60,45,0,0,5,0,10,50,0,10,15,1,36,35,1,69,0,0
10165,1000000US170311704003025,18,18,0,0,0,0,0,18,0,0,0,0,11,11,0,24,0,0
10166,1000000US170311704004000,3,3,0,0,0,0,0,3,0,0,0,0,2,1,1,3,0,0
10167,1000000US170311704004001,37,23,0,0,3,0,11,26,0,11,14,1,22,17,5,41,0,0
10168,1000000US170311704004002,32,20,1,0,3,0,8,24,0,8,12,0,21,18,3,33,0,0
10169,1000000US170311704004003,11,5,4,0,0,0,2,9,0,2,6,0,6,6,0,13,0,0
10170,1000000US170311704004004,24,19,0,0,1,0,4,20,0,4,5,0,14,13,1,28,0,0
10171,1000000US170311704004005,37,27,0,0,0,0,10,27,0,10,10,0,17,16,1,44,0,0
10172,1000000US170311704004006,18,14,0,0,3,0,1,17,0,1,4,0,9,9,0,24,0,0
10173,1000000US170311704004007,18,11,0,0,0,0,7,11,0,7,7,1,5,5,0,25,0,0
10174,1000000US170311704004008,7,6,0,0,1,0,0,7,0,0,1,0,3,3,0,9,0,0
10175,1000000US170311704004009,20,8,0,0,0,0,12,8,0,12,12,0,8,8,0,25,0,0
10176,1000000US170311704004010,29,27,0,0,1,0,1,28,0,1,2,0,16,14,2,31,0,0
10177,1000000US170311704004011,39,27,0,1,0,0,11,28,0,11,12,1,20,20,0,48,0,0
10178,1000000US170311704004012,47,25,3,0,8,0,11,36,0,11,22,5,20,20,0,60,0,0
10179,1000000US170311704004013,48,38,0,0,2,0,8,40,0,8,10,0,24,22,2,71,0,0
10180,1000000US170311704004014,55,33,0,0,9,0,13,42,0,13,22,0,29,28,1,69,0,0
10181,1000000US170311704004015,69,57,1,1,2,0,10,59,0,10,12,0,32,31,1,93,1,1
10182,1000000US170311704004016,22,22,0,0,0,0,0,22,0,0,0,0,10,10,0,27,0,0
10183,1000000US170311704004017,22,17,0,0,0,0,5,17,0,5,5,0,12,10,2,32,0,0
10184,1000000US170311704004018,26,24,0,0,1,0,2,24,0,2,2,1,11,11,0,30,0,0
10185,1000000US170311704004019,16,16,0,0,0,0,0,16,0,0,0,0,10,9,1,17,0,0
10186,1000000US170311704004020,30,20,0,0,7,0,3,27,0,3,10,2,12,12,0,35,0,0
10187,1000000US170311704004021,22,11,0,0,1,0,10,12,0,10,11,0,10,10,0,25,0,0
10188,1000000US170311704004022,43,30,0,0,2,0,11,32,0,11,13,0,14,13,1,55,0,0
10189,1000000US170311704004023,33,26,1,0,0,0,7,26,0,7,7,0,16,15,1,42,0,1
10190,1000000US170311704004024,39,32,0,0,3,0,4,35,0,4,7,0,20,19,1,50,0,0
10191,1000000US170311704004025,16,13,3,0,3,0,0,16,0,0,3,3,7,7,0,17,0,0
10192,1000000US170311704004026,14,10,0,0,0,0,4,10,0,4,4,0,8,8,0,28,0,0
10193,1000000US170311704004027,8,8,0,0,0,0,0,8,0,0,0,0,6,6,0,8,0,0
10194,1000000US170311704004028,19,18,0,0,0,0,1,18,0,1,1,0,10,10,0,20,0,0
10195,1000000US170311704004029,8,8,0,0,0,0,0,8,0,0,0,0,3,3,0,9,0,0
10196,1000000US170311705001000,99,80,1,0,4,0,14,85,0,14,19,2,67,66,1,110,0,0
10197,1000000US170311705001001,281,198,3,0,3,4,76,205,0,76,83,11,147,140,7,373,0,1
10198,1000000US170311705001002,22,15,1,0,0,0,6,16,0,6,7,0,10,9,1,23,0,0
10199,1000000US170311705001003,49,34,0,0,0,0,15,34,0,15,15,0,22,22,0,61,0,0
10200,1000000US170311705001004,61,43,0,0,1,0,17,44,0,17,18,0,29,29,0,83,0,0
10201,1000000US170311705001005,26,26,0,0,0,0,0,26,0,0,0,0,13,13,0,34,0,0
10202,1000000US170311705001006,35,33,0,0,0,0,2,33,0,2,2,1,18,15,3,41,0,0
10203,1000000US170311705001007,50,32,3,0,0,0,18,32,0,18,18,2,31,26,5,64,0,3
10204,1000000US170311705001008,70,48,1,0,0,0,22,48,0,22,22,3,42,36,6,85,0,1
10205,1000000US170311705001009,35,25,1,0,4,0,5,30,0,5,10,2,18,17,1,47,0,0
10206,1000000US170311705001010,10,10,0,0,0,0,0,10,0,0,0,0,6,6,0,10,0,0
10207,1000000US170311705001011,43,32,2,0,0,0,11,32,0,11,11,2,21,19,2,64,0,2
10208,1000000US170311705001012,81,67,1,2,0,2,11,70,0,11,14,1,39,39,0,96,2,0
10209,1000000US170311705001013,61,41,3,0,6,0,14,47,0,14,20,0,34,31,3,71,0,3
10210,1000000US170311705001014,23,19,0,0,4,0,0,23,0,0,4,0,12,10,2,28,0,0
10211,1000000US170311705001015,37,21,0,0,2,0,14,23,0,14,16,0,17,17,0,53,0,0
10212,1000000US170311705001016,37,36,0,0,0,0,1,36,0,1,1,0,17,17,0,60,0,0
10213,1000000US170311705001017,23,19,0,0,0,0,4,19,0,4,4,0,11,10,1,30,0,0
10214,1000000US170311705001018,25,24,0,0,1,0,0,25,0,0,1,0,12,12,0,32,0,0
10215,1000000US170311705001019,26,20,0,0,2,0,4,22,0,4,6,1,18,17,1,40,0,0
10216,1000000US170311705001020,28,24,0,0,0,0,4,24,0,4,4,0,17,14,3,44,0,0
10217,1000000US170311705001021,32,27,0,0,3,0,2,30,0,2,5,0,15,13,2,36,0,0
10218,1000000US170311705001022,28,26,0,0,2,0,2,26,0,2,2,1,13,13,0,33,0,0
10219,1000000US170311705001023,5,1,0,0,0,0,4,1,0,4,4,0,2,2,0,5,0,0
10220,1000000US170311705001024,32,22,0,0,0,0,10,22,0,10,10,0,15,12,3,34,0,0
10221,1000000US170311705001025,13,11,0,0,0,0,2,11,0,2,2,0,4,4,0,17,0,0
10222,1000000US170311705001026,65,56,0,0,2,0,7,58,0,7,9,0,32,26,6,89,0,0
10223,1000000US170311705002000,0,0,0,0,0,0,0,0,0,0,0,0,0,0,0,0,0,0
10224,1000000US170311705002001,31,22,0,0,0,0,9,22,0,9,9,0,19,18,1,35,0,0
10225,1000000US170311705002002,33,30,0,0,1,0,2,31,0,2,3,0,20,20,0,40,0,0
10226,1000000US170311705002003,38,31,0,0,1,0,6,32,0,6,7,0,20,20,0,50,0,0
10227,1000000US170311705002004,23,22,0,0,1,0,0,23,0,0,1,0,14,14,0,32,0,0
10228,1000000US170311705002005,60,51,0,0,2,0,7,53,0,7,9,1,29,29,0,88,0,0
10229,1000000US170311705002006,58,54,0,0,0,0,4,54,0,4,4,0,28,28,0,77,0,0
10230,1000000US170311705002007,39,32,0,0,0,0,7,32,0,7,7,0,21,20,1,49,0,0
10231,1000000US170311705002008,25,22,0,0,0,0,3,22,0,3,3,0,12,12,0,35,0,0
10232,1000000US170311705002009,21,19,0,0,0,1,2,19,0,2,2,1,10,10,0,32,0,0
10233,1000000US170311705002010,23,23,0,0,0,0,0,23,0,0,0,0,11,10,1,31,0,0
10234,1000000US170311705002011,28,24,0,0,0,0,4,24,0,4,4,0,11,11,0,30,0,0
10235,1000000US170311705002012,31,25,0,0,6,0,0,31,0,0,6,2,12,12,0,42,0,0
10236,1000000US170311705002013,29,24,0,0,0,0,5,24,0,5,5,0,15,15,0,40,0,0
10237,1000000US170311705002014,15,9,0,0,3,0,2,13,0,2,6,0,9,7,2,18,0,0
10238,1000000US170311705002015,36,25,0,0,0,0,11,25,0,11,11,0,16,16,0,42,0,0
10239,1000000US170311705002016,24,24,0,0,0,0,0,24,0,0,0,0,17,15,2,28,0,0
10240,1000000US170311705002017,14,13,0,0,0,0,1,13,0,1,1,0,9,8,1,20,0,0
10241,1000000US170311705003000,14,14,0,0,0,0,0,14,0,0,0,0,7,7,0,18,0,0
10242,1000000US170311705003001,30,24,2,0,0,0,4,26,0,4,6,0,13,13,0,36,0,0
10243,1000000US170311705003002,18,14,0,0,0,0,4,14,0,4,4,0,8,8,0,18,0,0
10244,1000000US170311705003003,32,23,0,0,0,0,9,23,0,9,9,0,20,18,2,35,0,0
10245,1000000US170311705003004,26,14,0,0,9,0,3,23,0,3,12,0,15,11,4,30,0,0
10246,1000000US170311705003005,40,24,5,0,0,0,12,28,0,12,16,3,22,21,1,53,0,1
10247,1000000US170311705003006,28,23,0,0,0,0,2,26,0,2,5,0,14,14,0,34,0,0
10248,1000000US170311705003007,21,20,1,0,0,0,0,21,0,0,1,0,13,11,2,28,0,0
10249,1000000US170311705003008,25,18,0,0,4,0,3,22,0,3,7,0,11,11,0,33,0,0
10250,1000000US170311705003009,15,12,0,2,0,0,1,14,0,1,3,2,8,8,0,17,0,0
10251,1000000US170311705003010,21,14,0,0,1,1,5,16,0,5,7,2,15,14,1,23,0,0
10252,1000000US170311705003011,17,16,0,0,0,0,1,16,0,1,1,0,11,11,0,17,0,0
10253,1000000US170311705003012,21,20,0,0,0,0,1,20,0,1,1,0,13,12,1,29,0,0
10254,1000000US170311705003013,27,23,0,0,3,0,1,26,0,1,4,1,14,13,1,38,0,0
10255,1000000US170311705003014,32,19,0,2,0,0,11,21,0,11,13,2,13,13,0,40,0,0
10256,1000000US170311705003015,28,28,0,0,0,0,0,28,0,0,0,0,12,12,0,31,0,0
10257,1000000US170311705003016,23,17,0,5,0,0,6,17,0,6,6,0,13,11,2,27,5,0
10258,1000000US170311705003017,27,27,0,0,0,0,0,27,0,0,0,0,13,12,1,38,0,0
10259,1000000US170311705003018,28,21,0,0,1,1,6,22,0,6,7,1,13,12,1,39,0,0
10260,1000000US170311705003019,19,19,0,0,0,0,0,19,0,0,0,0,12,11,1,22,0,0
10261,1000000US170311705003020,35,28,0,1,0,0,5,30,0,5,7,2,16,16,0,43,0,0
10262,1000000US170311705003021,39,27,0,1,0,0,10,29,0,10,12,1,20,20,0,58,1,0
10263,1000000US170311705003022,46,29,0,0,8,1,9,37,0,9,17,0,20,20,0,66,0,0
10264,1000000US170311705003023,35,30,0,0,1,0,4,31,0,4,5,0,17,17,0,49,0,0
10265,1000000US170311705003024,27,24,0,0,0,0,3,24,0,3,3,0,18,15,3,36,0,0
10266,1000000US170311705003025,41,40,0,0,0,0,1,40,0,1,1,0,18,18,0,56,0,0
10267,1000000US170311705003026,40,35,1,0,0,0,4,36,0,4,5,0,19,19,0,47,0,0
10268,1000000US170311705003027,39,34,0,0,0,0,4,35,0,4,5,0,19,18,1,49,0,0
10269,1000000US170311705003028,47,41,0,0,3,0,3,44,0,3,6,0,20,20,0,64,0,0
10270,1000000US170311705003029,40,35,0,0,0,0,5,35,0,5,5,0,19,19,0,53,0,0
10271,1000000US170311705003030,35,25,1,3,1,0,6,29,0,6,10,3,18,17,1,54,1,1
10272,1000000US170311705003031,36,31,0,0,3,0,3,33,0,3,5,1,20,18,2,44,0,0
10273,1000000US170311705003032,40,34,0,0,0,0,6,34,0,6,6,0,19,19,0,62,0,0
10274,1000000US170311705003033,30,21,0,1,2,0,7,23,0,7,9,1,19,19,0,38,0,0
10275,1000000US170311705004000,39,27,0,0,0,0,12,27,0,12,12,0,18,18,0,49,0,0
10276,1000000US170311705004001,29,22,0,0,0,1,6,23,0,6,7,0,16,16,0,37,0,0
10277,1000000US170311705004002,0,0,0,0,0,0,0,0,0,0,0,0,0,0,0,0,0,0
10278,1000000US170311705004003,39,30,1,0,1,0,8,31,0,8,9,0,20,20,0,48,0,1
10279,1000000US170311705004004,46,33,1,0,0,0,12,34,0,12,13,0,22,21,1,60,0,0
10280,1000000US170311705004005,44,38,1,0,0,0,6,38,0,6,6,1,21,19,2,56,0,1
10281,1000000US170311705004006,42,37,0,0,0,0,5,37,0,5,5,0,20,19,1,49,0,0
10282,1000000US170311705004007,46,41,0,0,0,0,5,41,0,5,5,0,20,20,0,54,0,0
10283,1000000US170311705004008,37,34,0,0,2,0,1,36,0,1,3,0,19,18,1,44,0,0
10284,1000000US170311705004009,45,35,0,0,2,0,8,37,0,8,10,0,20,20,0,59,0,0
10285,1000000US170311705004010,38,35,3,0,0,0,0,38,0,0,3,0,19,17,2,44,0,0
10286,1000000US170311705004011,33,30,0,0,1,0,2,31,0,2,3,0,21,20,1,39,0,0
10287,1000000US170311705004012,37,30,0,2,1,0,4,33,0,4,7,0,17,16,1,49,2,0
10288,1000000US170311705004013,26,19,0,0,4,0,3,23,0,3,7,0,14,13,1,31,0,0
10289,1000000US170311705004014,28,22,1,0,0,0,5,23,0,5,6,0,13,12,1,40,0,0
10290,1000000US170311705004015,29,27,0,0,2,0,0,29,0,0,2,2,13,11,2,30,0,0
10291,1000000US170311705004016,26,21,0,0,2,0,3,23,0,3,5,0,13,13,0,31,0,0
10292,1000000US170311705004017,29,28,0,0,0,0,1,28,0,1,1,0,14,13,1,38,0,0
10293,1000000US170311705004018,28,24,0,0,3,0,1,27,0,1,4,0,14,14,0,38,0,0
10294,1000000US170311705004019,40,30,0,2,4,0,6,34,0,6,10,0,15,15,0,49,2,0
10295,1000000US170311705004020,33,33,0,0,0,0,0,33,0,0,0,0,14,14,0,38,0,0
10296,1000000US170311705004021,31,29,0,0,0,0,2,29,0,2,2,0,14,14,0,38,0,0
10297,1000000US170311705004022,25,18,0,0,0,0,7,18,0,7,7,0,13,13,0,33,0,0
10298,1000000US170311705004023,26,17,0,0,1,0,9,17,0,9,9,0,12,12,0,36,0,0
10299,1000000US170311705004024,24,23,0,0,1,0,0,24,0,0,1,0,13,13,0,36,0,0
10300,1000000US170311705004025,33,27,0,1,0,0,6,27,0,6,6,0,17,17,0,42,1,0
10301,1000000US170311705004026,24,19,0,0,2,0,3,21,0,3,5,0,15,12,3,25,0,0
10302,1000000US170311705004027,25,14,0,0,0,0,10,15,0,10,11,5,19,15,4,33,0,0
10303,1000000US170311705004028,38,24,0,0,0,0,14,24,0,14,14,0,22,21,1,43,0,0
10304,1000000US170311705004029,16,16,0,0,0,0,0,16,0,0,0,0,11,10,1,17,0,0
10305,1000000US170311705004030,5,5,0,0,0,0,0,5,0,0,0,0,6,3,3,5,0,0
10306,1000000US170311705004031,17,11,0,0,0,0,6,11,0,6,6,0,8,8,0,22,0,0
10307,1000000US170311705004032,36,28,0,1,0,0,7,29,0,7,8,1,23,20,3,48,1,0
10308,1000000US170311705004033,40,34,0,0,0,0,6,34,0,6,6,0,33,28,5,42,0,0
10309,1000000US170311706001000,8,8,0,0,0,0,0,8,0,0,0,0,0,0,0,8,0,0
10310,1000000US170311706001001,11,8,0,0,2,0,1,10,0,1,3,0,7,6,1,13,0,0
10311,1000000US170311706001002,0,0,0,0,0,0,0,0,0,0,0,0,0,0,0,0,0,0
10312,1000000US170311706001003,51,43,0,0,1,0,7,44,0,7,8,2,21,20,1,64,0,0
10313,1000000US170311706001004,38,26,0,0,6,0,6,32,0,6,12,0,19,19,0,57,0,0
10314,1000000US170311706001005,42,36,0,1,4,0,1,41,0,1,6,0,22,21,1,55,1,0
10315,1000000US170311706001006,49,39,1,0,0,0,9,40,0,9,10,0,21,21,0,67,0,0
10316,1000000US170311706001007,17,14,0,0,0,0,3,14,0,3,3,0,9,8,1,20,0,0
10317,1000000US170311706001008,8,8,0,0,0,0,0,8,0,0,0,0,9,7,2,9,0,0
10318,1000000US170311706001009,12,11,0,0,0,0,1,11,0,1,1,0,6,6,0,14,0,0
10319,1000000US170311706001010,20,20,0,0,0,0,0,20,0,0,0,0,8,8,0,23,0,0
10320,1000000US170311706001011,30,20,0,0,4,0,6,24,0,6,10,0,14,14,0,38,0,0
10321,1000000US170311706001012,31,31,0,0,0,0,0,31,0,0,0,0,14,14,0,37,0,0
10322,1000000US170311706001013,34,31,0,0,1,0,2,32,0,2,3,1,18,17,1,40,0,0
10323,1000000US170311706001014,35,28,0,0,4,0,3,32,0,3,7,1,20,19,1,41,0,0
10324,1000000US170311706001015,34,33,0,0,0,0,1,33,0,1,1,0,17,17,0,40,0,0
10325,1000000US170311706001016,38,24,0,0,4,0,10,28,0,10,14,1,19,17,2,53,0,0
10326,1000000US170311706001017,41,38,0,0,1,0,2,39,0,2,3,1,19,17,2,59,0,0
10327,1000000US170311706001018,45,39,0,0,0,0,6,39,0,6,6,1,19,18,1,52,0,0
10328,1000000US170311706001019,25,22,0,0,3,0,0,25,0,0,3,0,11,11,0,33,0,0
10329,1000000US170311706001020,24,14,0,0,2,0,8,16,0,8,10,0,12,11,1,28,0,0
10330,1000000US170311706001021,25,20,0,0,4,0,1,24,0,1,5,0,11,11,0,36,0,0
10331,1000000US170311706001022,29,26,0,0,0,0,3,26,0,3,3,0,11,11,0,36,0,0
10332,1000000US170311706001023,22,20,0,0,0,0,2,20,0,2,2,0,10,10,0,29,0,0
10333,1000000US170311706001024,29,28,0,0,0,0,1,28,0,1,1,0,12,12,0,33,0,0
10334,1000000US170311706001025,17,13,0,0,4,0,0,17,0,0,4,0,9,8,1,19,0,0
10335,1000000US170311706001026,13,13,0,0,0,0,0,13,0,0,0,0,8,7,1,15,0,0
10336,1000000US170311706001027,26,21,1,0,0,0,4,22,0,4,5,0,12,12,0,33,0,0
10337,1000000US170311706002000,14,12,0,0,2,0,0,14,0,0,2,0,9,9,0,18,0,0
10338,1000000US170311706002001,23,16,0,0,0,0,7,16,0,7,7,0,14,14,0,26,0,0
10339,1000000US170311706002002,11,10,0,0,1,0,0,11,0,0,1,0,7,7,0,15,0,0
10340,1000000US170311706002003,20,15,0,0,2,0,3,17,0,3,5,0,8,8,0,25,0,0
10341,1000000US170311706002004,27,22,0,3,0,0,5,22,0,5,5,0,12,12,0,29,3,0
10342,1000000US170311706002005,33,30,0,1,0,0,2,31,0,2,3,2,16,15,1,37,0,0
10343,1000000US170311706002006,43,40,0,0,1,0,2,41,0,2,3,0,14,14,0,49,0,0
10344,1000000US170311706002007,27,19,0,0,3,0,5,22,0,5,8,0,15,13,2,36,0,0
10345,1000000US170311706002008,26,23,0,0,3,0,0,26,0,0,3,0,14,13,1,34,0,0
10346,1000000US170311706002009,37,27,0,0,10,0,0,37,0,0,10,0,15,13,2,45,0,0
10347,1000000US170311706002010,31,29,0,2,0,0,0,31,0,0,2,2,13,13,0,40,0,0
10348,1000000US170311706002011,29,23,1,0,0,0,5,24,0,5,6,0,14,14,0,41,0,0
10349,1000000US170311706002012,37,28,0,0,0,0,9,28,0,9,9,2,15,14,1,44,0,0
10350,1000000US170311706002013,36,33,0,0,0,0,3,33,0,3,3,0,13,13,0,42,0,0
10351,1000000US170311706002014,24,23,0,0,0,0,1,23,0,1,1,0,10,10,0,28,0,0
10352,1000000US170311706002015,22,21,0,0,0,0,1,21,0,1,1,1,8,8,0,30,0,0
10353,1000000US170311706002016,10,10,0,0,0,0,0,10,0,0,0,0,4,4,0,13,0,0
10354,1000000US170311706002017,22,21,0,0,0,0,1,21,0,1,1,0,10,10,0,26,0,0
10355,1000000US170311706002018,48,34,0,0,0,0,13,35,0,13,14,1,26,24,2,57,0,0
10356,1000000US170311706002019,19,19,0,0,0,0,0,19,0,0,0,0,8,8,0,19,0,0
10357,1000000US170311706002020,21,17,0,0,0,0,4,17,0,4,4,0,18,15,3,22,0,0
10358,1000000US170311706002021,41,28,0,1,2,0,10,31,0,10,13,1,30,26,4,55,0,0
10359,1000000US170311706002022,15,13,0,0,0,0,2,13,0,2,2,0,9,9,0,17,0,0
10360,1000000US170311706002023,9,1,0,0,0,0,8,1,0,8,8,0,3,3,0,13,0,0
10361,1000000US170311706002024,22,19,0,0,0,0,3,19,0,3,3,0,7,7,0,27,0,0
10362,1000000US170311706002025,14,8,0,0,0,0,6,8,0,6,6,0,9,7,2,19,0,0
10363,1000000US170311706002026,39,38,0,0,0,0,1,38,0,1,1,0,19,19,0,45,0,0
10364,1000000US170311706002027,41,35,0,0,0,0,6,35,0,6,6,1,18,18,0,54,0,0
10365,1000000US170311706002028,45,38,0,1,4,0,3,42,0,3,7,1,23,23,0,66,0,0
10366,1000000US170311706002029,37,30,0,1,0,0,6,31,0,6,7,1,21,19,2,45,0,0
10367,1000000US170311706002030,33,29,0,0,0,0,4,29,0,4,4,0,16,16,0,40,0,0
10368,1000000US170311706002031,29,27,0,0,0,0,2,27,0,2,2,0,14,14,0,33,0,0
10369,1000000US170311706002032,20,20,0,0,0,0,0,20,0,0,0,0,9,9,0,21,0,0
10370,1000000US170311706002033,25,21,0,0,0,0,4,21,0,4,4,0,11,10,1,27,0,0
10371,1000000US170311706002034,30,28,1,0,0,0,1,29,0,1,2,0,14,14,0,36,0,0
10372,1000000US170311706002035,64,55,0,0,3,0,6,58,0,6,9,0,36,34,2,77,0,0
10373,1000000US170311706002036,21,18,0,1,0,0,3,18,0,3,3,1,11,11,0,21,0,0
10374,1000000US170311706002037,20,18,1,1,0,0,2,18,0,2,2,2,10,10,0,27,0,1
10375,1000000US170311706002038,24,19,0,0,0,0,5,19,0,5,5,0,12,12,0,32,0,0
10376,1000000US170311706002039,20,15,0,0,2,0,3,17,0,3,5,1,11,10,1,31,0,0
10377,1000000US170311706002040,35,21,0,0,2,0,13,22,0,13,14,4,14,14,0,47,0,0
10378,1000000US170311706002041,23,20,0,0,1,0,2,21,0,2,3,0,12,12,0,30,0,0
10379,1000000US170311706002042,30,28,0,0,1,0,1,29,0,1,2,1,12,12,0,40,0,0
10380,1000000US170311706002043,20,9,0,0,8,0,3,17,0,3,11,0,8,8,0,21,0,0
10381,1000000US170311706002044,23,17,0,0,0,0,6,17,0,6,6,0,19,18,1,27,0,0
10382,1000000US170311706002045,17,10,0,0,3,0,4,13,0,4,7,0,12,12,0,19,0,0
10383,1000000US170311707001000,30,29,0,0,0,0,1,29,0,1,1,0,27,21,6,34,0,0
10384,1000000US170311707001001,25,22,1,1,0,0,2,23,0,2,3,1,10,9,1,30,0,1
10385,1000000US170311707001002,21,21,0,0,0,0,0,21,0,0,0,0,16,13,3,27,0,0
10386,1000000US170311707001003,22,18,1,0,4,0,0,22,0,0,4,1,10,9,1,26,0,0
10387,1000000US170311707001004,37,24,0,1,1,0,12,25,0,12,13,1,18,17,1,49,0,0
10388,1000000US170311707001005,36,30,0,0,0,0,6,30,0,6,6,0,17,15,2,40,0,0
10389,1000000US170311707001006,33,23,0,0,0,0,10,23,0,10,10,0,17,16,1,42,0,0
10390,1000000US170311707001007,41,33,0,0,2,0,6,35,0,6,8,1,18,17,1,52,0,0
10391,1000000US170311707001008,35,23,0,0,0,0,12,23,0,12,12,3,17,17,0,50,0,0
10392,1000000US170311707001009,39,33,0,0,2,0,4,35,0,4,6,0,17,16,1,47,0,0
10393,1000000US170311707001010,34,34,0,0,0,0,0,34,0,0,0,0,17,16,1,39,0,0
10394,1000000US170311707001011,34,26,0,0,1,0,7,27,0,7,8,1,20,18,2,40,0,0
10395,1000000US170311707001012,47,38,0,0,0,0,9,38,0,9,9,1,22,20,2,63,0,0
10396,1000000US170311707001013,38,34,0,0,0,0,4,34,0,4,4,0,20,19,1,52,0,0
10397,1000000US170311707001014,54,41,0,0,3,0,10,44,0,10,13,0,20,20,0,63,0,0
10398,1000000US170311707001015,55,43,0,0,0,0,12,43,0,12,12,1,20,20,0,58,0,0
10399,1000000US170311707001016,46,30,0,3,0,0,15,31,0,15,16,0,22,20,2,60,3,0
10400,1000000US170311707001017,33,31,0,0,1,0,1,32,0,1,2,0,20,16,4,40,0,0
10401,1000000US170311707001018,41,41,0,0,0,0,0,41,0,0,0,0,24,24,0,50,0,0
10402,1000000US170311707001019,47,46,0,0,0,0,1,46,0,1,1,0,20,19,1,60,0,0
10403,1000000US170311707002000,41,39,0,0,1,0,1,40,0,1,2,0,20,19,1,54,0,0
10404,1000000US170311707002001,36,33,0,0,0,0,3,33,0,3,3,0,25,19,6,39,0,0
10405,1000000US170311707002002,41,36,0,0,0,0,5,36,0,5,5,0,21,19,2,55,0,0
10406,1000000US170311707002003,39,27,0,0,2,0,10,29,0,10,12,0,17,17,0,51,0,0
10407,1000000US170311707002004,37,32,0,3,0,0,2,35,0,2,5,5,20,18,2,42,0,0
10408,1000000US170311707002005,46,39,2,0,0,0,7,39,0,7,7,0,20,17,3,58,0,2
10409,1000000US170311707002006,42,36,0,0,0,0,6,36,0,6,6,0,20,20,0,50,0,0
10410,1000000US170311707002007,44,40,0,2,0,0,2,42,0,2,4,2,20,18,2,58,0,0
10411,1000000US170311707002008,33,22,1,2,0,0,8,25,0,8,11,1,14,14,0,41,1,0
10412,1000000US170311707002009,36,24,0,0,0,0,12,24,0,12,12,0,17,14,3,53,0,0
10413,1000000US170311707002010,22,22,0,0,0,0,0,22,0,0,0,0,14,14,0,29,0,0
10414,1000000US170311707002011,22,16,0,0,0,0,6,16,0,6,6,0,16,14,2,29,0,0
10415,1000000US170311707002012,31,23,0,0,0,0,8,23,0,8,8,1,15,15,0,40,0,0
10416,1000000US170311707002013,34,30,0,0,0,0,4,30,0,4,4,0,15,15,0,43,0,0
10417,1000000US170311707002014,26,21,0,0,0,0,5,21,0,5,5,0,17,15,2,39,0,0
10418,1000000US170311707002015,29,18,0,0,0,0,11,18,0,11,11,0,13,13,0,35,0,0
10419,1000000US170311707002016,27,26,0,0,0,0,1,26,0,1,1,0,19,15,4,28,0,0
10420,1000000US170311707002017,32,30,0,0,0,0,2,30,0,2,2,0,18,16,2,40,0,0
10421,1000000US170311707002018,49,30,0,0,0,0,19,30,0,19,19,4,33,28,5,65,0,0
10422,1000000US170311707002019,46,42,1,0,0,0,3,43,0,3,4,0,34,30,4,57,0,0
10423,1000000US170311707003000,44,35,1,0,0,0,8,36,0,8,9,0,25,24,1,63,0,0
10424,1000000US170311707003001,0,0,0,0,0,0,0,0,0,0,0,0,0,0,0,0,0,0
10425,1000000US170311707003002,0,0,0,0,0,0,0,0,0,0,0,0,0,0,0,0,0,0
10426,1000000US170311707003003,52,40,0,1,9,0,3,49,0,3,12,4,21,20,1,62,1,0
10427,1000000US170311707003004,51,39,2,0,5,0,5,46,0,5,12,0,26,25,1,70,0,0
10428,1000000US170311707003005,43,34,0,0,1,1,8,35,0,8,9,1,21,21,0,68,0,0
10429,1000000US170311707003006,37,30,1,0,2,0,4,33,0,4,7,2,21,20,1,53,0,0
10430,1000000US170311707003007,44,36,0,1,6,0,1,43,0,1,8,1,20,20,0,62,0,0
10431,1000000US170311707003008,56,52,0,0,0,0,4,52,0,4,4,0,25,25,0,71,0,0
10432,1000000US170311707003009,35,29,0,0,0,0,6,29,0,6,6,0,17,15,2,43,0,0
10433,1000000US170311707003010,43,34,0,0,0,0,9,34,0,9,9,0,21,19,2,56,0,0
10434,1000000US170311707003011,36,35,0,0,0,0,1,35,0,1,1,0,20,19,1,47,0,0
10435,1000000US170311707003012,51,41,0,0,2,0,8,43,0,8,10,0,19,19,0,69,0,0
10436,1000000US170311707003013,39,33,0,2,1,0,5,34,0,5,6,3,21,20,1,46,0,0
10437,1000000US170311707003014,45,40,0,0,0,0,5,40,0,5,5,1,19,18,1,57,0,0
10438,1000000US170311707003015,52,36,0,0,5,0,11,41,0,11,16,0,22,22,0,62,0,0
10439,1000000US170311707003016,41,35,0,0,0,0,6,35,0,6,6,0,20,20,0,49,0,0
10440,1000000US170311707003017,24,21,0,0,0,0,3,21,0,3,3,0,12,12,0,28,0,0
10441,1000000US170311707003018,33,23,0,0,3,0,8,25,0,8,10,0,14,14,0,39,0,0
10442,1000000US170311707003019,35,27,0,0,2,0,7,28,0,7,8,1,16,16,0,40,0,0
10443,1000000US170311707003020,19,18,0,0,0,0,1,18,0,1,1,0,15,12,3,22,0,0
10444,1000000US170311707003021,30,27,0,0,1,0,2,28,0,2,3,0,15,14,1,34,0,0
10445,1000000US170311707003022,22,20,0,0,0,0,2,20,0,2,2,0,13,12,1,23,0,0
10446,1000000US170311707003023,34,16,1,0,9,0,8,26,0,8,18,3,16,15,1,39,0,0
10447,1000000US170311707003024,39,29,0,0,5,0,5,34,0,5,10,0,21,20,1,42,0,0
10448,1000000US170311707003025,5,5,0,0,0,0,0,5,0,0,0,0,3,3,0,7,0,0
10449,1000000US170311708001000,35,19,0,0,2,0,14,21,0,14,16,2,16,15,1,56,0,0
10450,1000000US170311708001001,77,55,0,3,2,0,20,57,0,20,22,1,38,37,1,105,3,0
10451,1000000US170311708001002,14,8,0,0,2,0,4,10,0,4,6,0,8,8,0,18,0,0
10452,1000000US170311708001003,119,83,0,0,14,2,22,97,0,22,36,2,64,60,4,140,0,0
10453,1000000US170311708001004,48,38,1,1,0,0,9,39,0,9,10,1,24,23,1,55,1,0
10454,1000000US170311708001005,36,32,0,0,0,0,4,32,0,4,4,0,18,18,0,42,0,0
10455,1000000US170311708001006,75,63,0,0,1,0,11,64,0,11,12,0,37,33,4,102,0,0
10456,1000000US170311708001007,24,19,0,0,0,0,5,19,0,5,5,0,14,14,0,27,0,0
10457,1000000US170311708001008,38,29,3,0,0,0,6,32,0,6,9,0,14,13,1,44,0,0
10458,1000000US170311708001009,46,25,0,0,0,0,21,25,0,21,21,0,18,17,1,64,0,0
10459,1000000US170311708001010,30,26,0,0,0,1,3,27,0,3,4,2,18,17,1,37,0,0
10460,1000000US170311708001011,61,46,2,0,5,2,6,55,0,6,15,3,40,36,4,70,0,0
10461,1000000US170311708001012,36,18,0,0,4,0,14,22,0,14,18,0,15,15,0,47,0,0
10462,1000000US170311708001013,31,23,0,0,0,1,8,23,0,8,8,1,12,12,0,39,0,0
10463,1000000US170311708001014,34,25,1,0,4,0,4,30,0,4,9,1,15,14,1,44,0,0
10464,1000000US170311708001015,37,26,0,0,0,0,11,26,0,11,11,0,17,17,0,47,0,0
10465,1000000US170311708001016,88,60,0,0,10,0,18,70,0,18,28,4,38,36,2,110,0,0
10466,1000000US170311708001017,46,40,0,0,2,0,4,42,0,4,6,1,25,23,2,61,0,0
10467,1000000US170311708001018,29,20,0,3,1,0,8,21,0,8,9,0,12,11,1,31,3,0
10468,1000000US170311708001019,47,45,0,0,0,0,2,45,0,2,2,0,33,31,2,49,0,0
10469,1000000US170311708001020,26,25,0,0,0,0,1,25,0,1,1,0,16,15,1,27,0,0
10470,1000000US170311708002000,44,31,0,0,3,0,12,32,0,12,13,0,19,19,0,50,0,0
10471,1000000US170311708002001,32,24,1,0,0,0,7,25,0,7,8,0,14,13,1,47,0,0
10472,1000000US170311708002002,19,15,0,0,0,0,4,15,0,4,4,0,8,8,0,25,0,0
10473,1000000US170311708002003,35,29,0,0,5,0,1,34,0,1,6,0,20,16,4,41,0,0
10474,1000000US170311708002004,24,23,0,0,0,0,1,23,0,1,1,1,15,14,1,28,0,0
10475,1000000US170311708002005,42,25,4,0,5,0,9,33,0,9,17,0,16,16,0,51,0,1
10476,1000000US170311708002006,79,65,1,0,2,1,11,68,0,11,14,2,36,35,1,110,0,0
10477,1000000US170311708002007,91,61,3,0,2,0,25,66,0,25,30,0,44,42,2,115,0,0
10478,1000000US170311708002008,36,22,2,0,6,0,6,30,0,6,14,0,19,17,2,47,0,0
10479,1000000US170311708002009,51,31,0,0,11,0,9,42,0,9,20,8,20,20,0,61,0,0
10480,1000000US170311708002010,43,34,0,1,3,0,6,37,0,6,9,1,18,18,0,53,1,0
10481,1000000US170311708002011,0,0,0,0,0,0,0,0,0,0,0,0,0,0,0,0,0,0
10482,1000000US170311708002012,81,65,1,1,2,0,14,67,0,14,16,2,38,35,3,107,0,1
10483,1000000US170311708002013,64,50,0,0,0,0,14,50,0,14,14,0,32,29,3,89,0,0
10484,1000000US170311708002014,71,65,0,0,2,0,4,67,0,4,6,0,33,33,0,87,0,0
10485,1000000US170311708002015,87,75,0,0,0,0,12,75,0,12,12,1,47,42,5,94,0,0
10486,1000000US170311708002016,55,46,0,0,0,0,9,46,0,9,9,0,25,24,1,65,0,0
10487,1000000US170311708002017,37,29,0,0,0,0,8,29,0,8,8,0,15,15,0,47,0,0
10488,1000000US170311708002018,37,29,0,0,4,0,4,33,0,4,8,0,13,12,1,52,0,0
10489,1000000US170311708002019,21,19,0,0,0,0,2,19,0,2,2,0,12,12,0,26,0,0
10490,1000000US170311708002020,29,24,0,0,0,0,5,24,0,5,5,0,15,15,0,38,0,0
10491,1000000US170311708003000,17,12,0,0,1,1,4,13,0,4,5,1,11,11,0,17,0,0
10492,1000000US170311708003001,14,14,0,0,0,0,0,14,0,0,0,0,8,8,0,14,0,0
10493,1000000US170311708003002,12,7,0,0,0,0,5,7,0,5,5,0,6,6,0,17,0,0
10494,1000000US170311708003003,28,23,0,0,0,0,5,23,0,5,5,0,15,14,1,34,0,0
10495,1000000US170311708003004,42,36,0,0,0,0,6,36,0,6,6,0,16,16,0,47,0,0
10496,1000000US170311708003005,66,50,0,1,4,0,11,55,0,11,16,1,32,30,2,78,0,0
10497,1000000US170311708003006,40,39,0,0,0,0,1,39,0,1,1,0,20,18,2,46,0,0
10498,1000000US170311708003007,47,39,0,0,0,0,8,39,0,8,8,0,24,24,0,66,0,0
10499,1000000US170311708003008,32,21,0,0,2,0,9,23,0,9,11,0,16,15,1,41,0,0
10500,1000000US170311708003009,37,29,0,0,3,0,5,32,0,5,8,0,21,16,5,48,0,0
10501,1000000US170311708003010,46,24,0,0,0,0,22,24,0,22,22,0,19,19,0,59,0,0
10502,1000000US170311708003011,44,30,2,0,0,0,12,32,0,12,14,0,23,22,1,64,0,0
10503,1000000US170311708003012,41,34,0,0,3,0,4,37,0,4,7,0,19,19,0,50,0,0
10504,1000000US170311708003013,48,30,0,0,8,0,10,38,0,10,18,0,23,20,3,63,0,0
10505,1000000US170311708003014,84,67,0,0,0,0,17,67,0,17,17,0,42,39,3,113,0,0
10506,1000000US170311708003015,61,50,0,0,3,0,8,53,0,8,11,1,29,27,2,74,0,0
10507,1000000US170311708003016,59,56,0,0,0,0,3,56,0,3,3,1,22,22,0,68,0,0
10508,1000000US170311708003017,65,47,3,0,0,0,15,50,0,15,18,0,29,28,1,78,0,0
10509,1000000US170311708003018,29,23,0,0,1,0,6,23,0,6,6,1,14,13,1,32,0,0
10510,1000000US170311708003019,43,31,0,0,3,0,9,34,0,9,12,4,22,20,2,54,0,0
10511,1000000US170311708003020,32,30,0,0,1,0,1,31,0,1,2,0,18,17,1,42,0,0
10512,1000000US170311708003021,21,19,0,0,1,0,1,20,0,1,2,0,13,10,3,26,0,0
10513,1000000US170311708003022,42,32,0,0,1,0,9,33,0,9,10,1,23,23,0,53,0,0
10514,1000000US170311708003023,49,42,0,0,2,0,5,44,0,5,7,0,28,26,2,57,0,0
10515,1000000US170311708003024,28,20,0,0,0,0,8,20,0,8,8,0,18,17,1,32,0,0
10516,1000000US170311709001000,0,0,0,0,0,0,0,0,0,0,0,0,0,0,0,0,0,0
10517,1000000US170311709001001,17,12,0,0,0,0,5,12,0,5,5,0,12,10,2,25,0,0
10518,1000000US170311709001002,34,25,0,0,6,0,3,31,0,3,9,2,20,18,2,42,0,0
10519,1000000US170311709001003,39,35,0,0,0,0,4,35,0,4,4,0,18,16,2,45,0,0
10520,1000000US170311709001004,39,11,0,1,2,1,25,14,0,25,28,5,16,16,0,57,1,0
10521,1000000US170311709001005,40,17,0,0,8,0,15,25,0,15,23,5,24,19,5,55,0,0
10522,1000000US170311709001006,19,12,1,0,0,0,7,12,0,7,7,0,13,11,2,21,0,1
10523,1000000US170311709001007,75,55,1,0,2,0,17,58,0,17,20,1,40,37,3,91,0,0
10524,1000000US170311709001008,42,34,0,0,0,0,8,34,0,8,8,0,24,22,2,59,0,0
10525,1000000US170311709001009,27,19,0,0,2,0,6,21,0,6,8,0,13,13,0,32,0,0
10526,1000000US170311709001010,33,19,0,0,3,0,11,22,0,11,14,0,13,13,0,47,0,0
10527,1000000US170311709001011,61,34,2,0,10,0,15,46,0,15,27,2,25,24,1,84,0,0
10528,1000000US170311709001012,50,38,0,0,0,0,12,38,0,12,12,0,22,20,2,59,0,0
10529,1000000US170311709001013,36,34,1,0,0,0,1,35,0,1,2,0,15,15,0,39,0,0
10530,1000000US170311709001014,25,15,0,0,4,0,6,19,0,6,10,0,13,13,0,34,0,0
10531,1000000US170311709001015,53,26,2,0,0,0,25,28,0,25,27,0,28,24,4,73,0,0
10532,1000000US170311709001016,56,37,2,0,0,0,17,39,0,17,19,0,26,23,3,86,0,0
10533,1000000US170311709001017,26,19,0,0,0,0,7,19,0,7,7,0,16,12,4,32,0,0
10534,1000000US170311709001018,0,0,0,0,0,0,0,0,0,0,0,0,0,0,0,0,0,0
10535,1000000US170311709001019,68,44,0,1,2,0,23,45,0,23,24,2,46,44,2,85,1,0
10536,1000000US170311709001020,40,32,0,0,4,0,4,36,0,4,8,0,22,19,3,49,0,0
10537,1000000US170311709001021,78,59,0,0,0,0,19,59,0,19,19,0,34,32,2,95,0,0
10538,1000000US170311709001022,90,56,6,3,1,0,30,60,0,30,34,7,39,38,1,115,0,3
10539,1000000US170311709001023,72,43,1,0,2,0,26,46,0,26,29,9,38,34,4,88,0,0
10540,1000000US170311709001024,59,48,0,0,9,0,2,57,0,2,11,0,30,26,4,74,0,0
10541,1000000US170311709001025,41,30,3,0,0,3,8,33,0,8,11,5,19,19,0,58,0,0
10542,1000000US170311709001026,41,37,0,0,0,0,4,37,0,4,4,0,18,18,0,50,0,0
10543,1000000US170311709001027,27,21,0,0,3,0,3,24,0,3,6,0,18,13,5,43,0,0
10544,1000000US170311709001028,35,17,0,5,6,0,11,24,0,11,18,1,15,15,0,52,5,0
10545,1000000US170311709001029,92,75,3,0,2,0,12,80,0,12,17,0,44,44,0,123,0,0
10546,1000000US170311710001000,60,32,2,0,10,0,18,42,0,18,28,8,27,26,1,71,0,2
10547,1000000US170311710001001,39,29,2,0,0,0,8,31,0,8,10,0,15,15,0,50,0,0
10548,1000000US170311710001002,65,35,2,0,0,0,30,35,0,30,30,4,29,28,1,84,0,2
10549,1000000US170311710001003,48,27,0,5,5,0,13,35,0,13,21,6,23,20,3,66,5,0
10550,1000000US170311710001004,69,45,0,0,5,0,19,50,0,19,24,0,34,32,2,83,0,0
10551,1000000US170311710001005,52,35,0,1,5,0,11,41,0,11,17,0,28,25,3,63,1,0
10552,1000000US170311710001006,146,101,0,0,4,0,42,104,0,42,45,1,74,69,5,177,0,0
10553,1000000US170311710001007,33,23,1,0,0,0,8,25,0,8,10,1,18,15,3,48,0,0
10554,1000000US170311710001008,54,37,0,0,0,0,17,37,0,17,17,1,27,25,2,69,0,0
10555,1000000US170311710001009,68,39,0,0,18,0,12,56,0,12,29,1,33,32,1,86,0,0
10556,1000000US170311710001010,67,58,1,0,0,0,9,58,0,9,9,1,42,38,4,83,0,1
10557,1000000US170311710001011,40,31,1,0,0,0,8,32,0,8,9,1,18,16,2,51,0,0
10558,1000000US170311710001012,50,36,0,0,3,0,11,39,0,11,14,0,23,22,1,71,0,0
10559,1000000US170311710001013,44,24,1,2,2,0,16,28,0,16,20,3,19,19,0,61,0,1
10560,1000000US170311710001014,44,37,0,0,4,0,3,41,0,3,7,0,21,20,1,53,0,0
10561,1000000US170311710001015,64,39,3,1,0,0,22,42,0,22,25,2,30,29,1,87,1,0
10562,1000000US170311710001016,53,31,0,0,8,0,14,39,0,14,22,0,20,20,0,71,0,0
10563,1000000US170311710001017,84,47,2,0,17,0,18,66,0,18,37,0,47,41,6,109,0,0
10564,1000000US170311710002000,54,30,1,0,0,0,23,31,0,23,24,0,24,24,0,78,0,0
10565,1000000US170311710002001,44,29,1,3,0,0,11,33,0,11,15,0,26,20,6,59,3,0
10566,1000000US170311710002002,41,25,1,0,0,0,15,26,0,15,16,0,22,19,3,57,0,0
10567,1000000US170311710002003,54,38,3,4,0,0,13,41,0,13,16,0,21,18,3,73,4,0
10568,1000000US170311710002004,40,35,0,0,0,0,5,35,0,5,5,0,29,24,5,52,0,0
10569,1000000US170311710002005,49,39,0,0,3,0,7,42,0,7,10,0,21,19,2,62,0,0
10570,1000000US170311710002006,58,33,0,0,5,0,20,38,0,20,25,0,24,21,3,84,0,0
10571,1000000US170311710002007,21,18,0,0,3,0,0,21,0,0,3,0,7,7,0,22,0,0
10572,1000000US170311710002008,14,9,0,0,0,0,5,9,0,5,5,0,5,5,0,16,0,0
10573,1000000US170311710002009,13,6,0,0,0,0,7,6,0,7,7,0,5,5,0,15,0,0
10574,1000000US170311710002010,12,8,1,0,2,0,1,11,0,1,4,1,5,5,0,13,0,0
10575,1000000US170311710002011,16,8,0,0,0,1,7,9,0,7,8,0,10,9,1,25,0,0
10576,1000000US170311710002012,78,64,0,0,6,0,7,71,0,7,14,0,45,44,1,97,0,0
10577,1000000US170311710002013,175,137,6,1,11,0,20,155,0,20,38,5,93,90,3,201,0,0
10578,1000000US170311710002014,12,10,0,0,0,0,2,10,0,2,2,0,5,5,0,16,0,0
10579,1000000US170311710002015,10,9,0,0,0,0,1,9,0,1,1,0,5,5,0,14,0,0
10580,1000000US170311710002016,24,16,0,0,0,0,8,16,0,8,8,2,11,11,0,35,0,0
10581,1000000US170311710002017,10,10,0,0,0,0,0,10,0,0,0,0,5,5,0,13,0,0
10582,1000000US170311710002018,0,0,0,0,0,0,0,0,0,0,0,0,0,0,0,0,0,0
10583,1000000US170311710002019,47,32,0,4,0,0,15,32,0,15,15,0,23,19,4,54,4,0
10584,1000000US170311710002020,65,42,0,4,0,0,23,42,0,23,23,0,26,26,0,77,4,0
10585,1000000US170311710002021,38,30,0,0,4,0,4,34,0,4,8,1,17,17,0,51,0,0
10586,1000000US170311710002022,54,43,0,0,0,0,11,43,0,11,11,0,16,16,0,64,0,0
10587,1000000US170311710002023,36,18,0,0,5,0,13,23,0,13,18,0,16,16,0,49,0,0
10588,1000000US170311710002024,63,34,0,0,3,0,26,37,0,26,29,0,23,23,0,73,0,0
10589,1000000US170311710002025,6,2,0,0,0,0,4,2,0,4,4,0,4,4,0,8,0,0
10590,1000000US170311710002026,37,30,0,0,0,0,7,30,0,7,7,0,25,23,2,44,0,0
10591,1000000US170311710002027,42,25,0,0,3,0,14,28,0,14,17,0,19,18,1,55,0,0
10592,1000000US170311710003000,78,50,0,1,11,0,17,61,0,17,28,0,32,31,1,87,1,0
10593,1000000US170311710003001,45,31,0,0,4,0,10,35,0,10,14,4,18,17,1,56,0,0
10594,1000000US170311710003002,40,35,0,0,0,0,5,35,0,5,5,0,17,16,1,54,0,0
10595,1000000US170311710003003,43,34,0,2,1,0,6,37,0,6,9,2,18,18,0,52,0,0
10596,1000000US170311710003004,43,28,2,0,1,0,12,31,0,12,15,1,17,17,0,57,0,0
10597,1000000US170311710003005,44,37,0,0,0,0,7,37,0,7,7,2,20,20,0,66,0,0
10598,1000000US170311710003006,23,21,0,0,0,0,2,21,0,2,2,0,15,14,1,27,0,0
10599,1000000US170311710003007,35,27,0,0,0,0,8,27,0,8,8,0,15,15,0,48,0,0
10600,1000000US170311710003008,37,28,0,0,4,0,5,32,0,5,9,1,15,15,0,48,0,0
10601,1000000US170311710003009,16,14,0,0,0,0,2,14,0,2,2,0,10,10,0,20,0,0
10602,1000000US170311710003010,25,15,0,0,2,0,8,17,0,8,10,0,11,11,0,29,0,0
10603,1000000US170311710003011,27,24,0,0,2,0,1,26,0,1,3,0,13,12,1,33,0,0
10604,1000000US170311710003012,36,18,0,0,5,0,13,23,0,13,18,0,16,15,1,44,0,0
10605,1000000US170311710003013,44,25,0,0,0,0,19,25,0,19,19,0,18,16,2,60,0,0
10606,1000000US170311710003014,32,29,0,0,0,0,3,29,0,3,3,0,13,13,0,42,0,0
10607,1000000US170311710003015,32,17,0,0,2,0,13,19,0,13,15,1,13,13,0,37,0,0
10608,1000000US170311710003016,31,26,0,0,1,0,4,27,0,4,5,2,13,13,0,41,0,0
10609,1000000US170311710003017,27,25,0,0,0,0,2,25,0,2,2,0,13,13,0,42,0,0
10610,1000000US170311710003018,43,39,0,0,3,0,1,42,0,1,4,0,16,16,0,44,0,0
10611,1000000US170311710003019,41,37,0,0,1,0,3,38,0,3,4,3,26,24,2,48,0,0
10612,1000000US170311710003020,11,5,0,0,0,0,6,5,0,6,6,0,8,5,3,12,0,0
10613,1000000US170311710003021,9,7,0,0,0,0,2,7,0,2,2,0,5,4,1,13,0,0
10614,1000000US170311710003022,0,0,0,0,0,0,0,0,0,0,0,0,0,0,0,0,0,0
10615,1000000US170311710004000,53,39,2,0,0,0,14,39,0,14,14,3,22,22,0,62,0,2
10616,1000000US170311710004001,45,43,0,0,1,0,1,44,0,1,2,0,20,19,1,54,0,0
10617,1000000US170311710004002,45,29,0,0,0,0,14,31,0,14,16,0,21,18,3,55,0,0
10618,1000000US170311710004003,52,35,0,0,4,0,13,39,0,13,17,0,17,17,0,68,0,0
10619,1000000US170311710004004,41,32,1,0,1,0,7,34,0,7,9,0,20,19,1,49,0,0
10620,1000000US170311710004005,28,13,3,0,1,0,11,17,0,11,15,0,14,11,3,35,0,0
10621,1000000US170311710004006,17,17,0,0,0,0,0,17,0,0,0,0,7,7,0,20,0,0
10622,1000000US170311710004007,12,6,2,0,0,0,6,6,0,6,6,0,7,6,1,12,0,2
10623,1000000US170311710004008,31,29,0,0,0,0,2,29,0,2,2,0,16,14,2,43,0,0
10624,1000000US170311710004009,41,22,0,0,4,0,15,26,0,15,19,8,18,18,0,57,0,0
10625,1000000US170311710004010,41,27,0,0,0,0,14,27,0,14,14,0,20,19,1,48,0,0
10626,1000000US170311710004011,59,40,0,0,6,0,13,46,0,13,19,1,22,22,0,75,0,0
10627,1000000US170311710004012,53,42,0,0,2,0,9,44,0,9,11,0,20,20,0,58,0,0
10628,1000000US170311710004013,47,32,0,0,0,0,15,32,0,15,15,0,24,22,2,59,0,0
10629,1000000US170311710004014,39,23,0,0,2,0,14,25,0,14,16,0,25,24,1,42,0,0
10630,1000000US170311710004015,55,42,0,0,2,0,10,45,0,10,13,2,21,20,1,71,0,0
10631,1000000US170311710004016,51,27,0,0,5,0,19,32,0,19,24,0,23,20,3,60,0,0
10632,1000000US170311710004017,43,28,0,0,2,0,13,30,0,13,15,0,21,21,0,54,0,0
10633,1000000US170311710004018,31,25,0,0,5,0,1,30,0,1,6,0,14,14,0,42,0,0
10634,1000000US170311710004019,38,27,1,0,2,0,9,29,0,9,11,0,19,19,0,45,0,1
10635,1000000US170311710004020,49,36,0,0,8,0,5,44,0,5,13,0,22,22,0,64,0,0
10636,1000000US170311710004021,28,28,0,0,0,0,0,28,0,0,0,0,18,16,2,36,0,0
10637,1000000US170311710005000,21,19,1,0,1,0,0,21,0,0,2,0,13,12,1,23,0,0
10638,1000000US170311710005001,44,32,0,0,0,0,12,32,0,12,12,0,17,17,0,47,0,0
10639,1000000US170311710005002,40,26,2,0,2,0,10,30,0,10,14,0,18,18,0,51,0,0
10640,1000000US170311710005003,36,27,0,0,3,0,9,27,0,9,9,3,18,18,0,49,0,0
10641,1000000US170311710005004,5,5,0,0,0,0,0,5,0,0,0,0,3,3,0,6,0,0
10642,1000000US170311710005005,35,23,0,0,0,0,12,23,0,12,12,3,14,14,0,43,0,0
10643,1000000US170311710005006,33,25,4,0,0,0,5,28,0,5,8,0,14,14,0,46,0,1
10644,1000000US170311710005007,31,20,0,0,2,0,9,22,0,9,11,0,14,13,1,38,0,0
10645,1000000US170311710005008,26,15,0,0,3,0,8,18,0,8,11,0,16,13,3,35,0,0
10646,1000000US170311710005009,24,24,0,0,0,0,0,24,0,0,0,0,14,11,3,29,0,0
10647,1000000US170311710005010,32,20,1,3,6,0,3,29,0,3,12,2,14,13,1,41,1,0
10648,1000000US170311710005011,23,19,1,0,1,0,2,21,0,2,4,0,15,14,1,25,0,0
10649,1000000US170311710005012,32,25,0,0,7,0,0,32,0,0,7,0,15,15,0,38,0,0
10650,1000000US170311710005013,33,32,0,0,0,0,1,32,0,1,1,0,16,14,2,38,0,0
10651,1000000US170311710005014,44,41,0,0,0,0,3,41,0,3,3,0,15,15,0,54,0,0
10652,1000000US170311710005015,62,44,0,0,0,0,18,44,0,18,18,2,32,30,2,89,0,0
10653,1000000US170311710005016,43,39,0,0,3,0,1,42,0,1,4,0,27,25,2,54,0,0
10654,1000000US170311710005017,27,23,0,0,0,0,4,23,0,4,4,0,15,14,1,28,0,0
10655,1000000US170311710005018,23,22,0,0,0,0,1,22,0,1,1,0,12,10,2,28,0,0
10656,1000000US170311710005019,31,27,0,0,0,0,4,27,0,4,4,0,12,12,0,34,0,0
10657,1000000US170311710005020,30,23,0,0,5,0,2,28,0,2,7,0,11,11,0,37,0,0
10658,1000000US170311710005021,18,12,0,0,2,0,4,14,0,4,6,0,8,7,1,21,0,0
10659,1000000US170311710005022,24,16,0,0,2,0,6,18,0,6,8,0,13,12,1,28,0,0
10660,1000000US170311710005023,32,23,1,0,3,0,5,27,0,5,9,0,14,13,1,36,0,0
10661,1000000US170311710005024,15,10,0,0,0,0,5,10,0,5,5,1,8,7,1,19,0,0
10662,1000000US170311710005025,18,16,1,0,0,0,2,16,0,2,2,1,8,8,0,26,0,1
10663,1000000US170311710005026,48,33,0,0,0,0,15,33,0,15,15,0,16,16,0,56,0,0
10664,1000000US170311710005027,56,47,1,1,0,4,4,52,0,4,9,5,25,24,1,66,0,1
10665,1000000US170311710005028,100,65,1,2,2,0,29,71,0,29,35,3,50,50,0,119,2,1
10666,1000000US170311710005029,29,24,0,0,4,0,1,28,0,1,5,0,17,15,2,38,0,0
10667,1000000US170311710006000,25,9,2,3,0,0,13,12,0,13,16,1,13,12,1,35,2,0
10668,1000000US170311710006001,26,23,0,0,0,1,3,23,0,3,3,1,18,14,4,33,0,0
10669,1000000US170311710006002,21,13,0,0,0,2,7,14,0,7,8,0,10,10,0,29,0,0
10670,1000000US170311710006003,36,29,0,0,0,0,7,29,0,7,7,0,16,16,0,45,0,0
10671,1000000US170311710006004,42,30,0,0,3,0,9,33,0,9,12,0,18,18,0,53,0,0
10672,1000000US170311710006005,33,29,0,0,0,0,4,29,0,4,4,0,15,14,1,42,0,0
10673,1000000US170311710006006,41,26,0,2,2,0,11,30,0,11,15,0,20,17,3,60,2,0
10674,1000000US170311710006007,45,31,0,0,7,0,7,38,0,7,14,0,20,20,0,54,0,0
10675,1000000US170311710006008,49,40,4,0,0,0,5,44,0,5,9,0,21,20,1,58,0,0
10676,1000000US170311710006009,40,27,0,0,0,0,13,27,0,13,13,0,17,17,0,53,0,0
10677,1000000US170311710006010,36,24,0,2,0,0,12,24,0,12,12,4,16,16,0,45,0,0
10678,1000000US170311710006011,39,32,0,1,4,0,6,33,0,6,7,4,18,15,3,47,1,0
10679,1000000US170311710006012,41,35,0,0,1,0,5,36,0,5,6,1,22,22,0,45,0,0
10680,1000000US170311710006013,5,5,0,0,0,0,0,5,0,0,0,0,4,3,1,7,0,0
10681,1000000US170311710006014,37,30,3,0,3,0,2,35,0,2,7,0,20,18,2,46,0,1
10682,1000000US170311710006015,35,28,0,0,3,0,4,31,0,4,7,0,20,18,2,42,0,0
10683,1000000US170311710006016,39,35,0,0,4,0,0,39,0,0,4,0,18,18,0,52,0,0
10684,1000000US170311710006017,31,30,0,0,0,0,1,30,0,1,1,0,20,17,3,41,0,0
10685,1000000US170311710006018,54,43,0,0,4,0,7,47,0,7,11,0,20,19,1,67,0,0
10686,1000000US170311710006019,45,43,0,1,0,0,1,44,0,1,2,1,21,20,1,55,0,0
10687,1000000US170311710006020,40,26,0,0,0,0,14,26,0,14,14,0,14,14,0,47,0,0
10688,1000000US170311710006021,39,37,0,0,0,0,2,37,0,2,2,0,16,16,0,52,0,0
10689,1000000US170311710006022,31,28,0,0,2,1,1,30,0,1,3,0,15,15,0,38,0,0
10690,1000000US170311710006023,55,43,2,0,0,0,10,45,0,10,12,0,25,24,1,68,0,0
10691,1000000US170311710006024,30,27,0,0,0,0,3,27,0,3,3,0,20,13,7,38,0,0
10692,1000000US170311710006025,5,4,0,0,0,0,1,4,0,1,1,0,4,3,1,5,0,0
10693,1000000US170311710006026,0,0,0,0,0,0,0,0,0,0,0,0,0,0,0,0,0,0
10694,1000000US170311710006027,24,22,0,0,0,0,2,22,0,2,2,0,14,14,0,29,0,0
10695,1000000US170311711001000,36,23,0,0,0,0,13,23,0,13,13,0,25,22,3,43,0,0
10696,1000000US170311711001001,77,45,2,0,7,0,23,54,0,23,32,2,37,35,2,95,0,0
10697,1000000US170311711001002,37,21,0,1,3,0,12,25,0,12,16,2,18,14,4,49,1,0
10698,1000000US170311711001003,44,40,0,0,0,0,4,40,0,4,4,0,20,19,1,59,0,0
10699,1000000US170311711001004,68,51,1,0,3,0,13,55,0,13,17,3,20,20,0,80,0,0
10700,1000000US170311711001005,58,37,0,0,12,0,9,49,0,9,21,0,24,21,3,77,0,0
10701,1000000US170311711001006,52,39,0,0,1,0,12,40,0,12,13,0,25,24,1,74,0,0
10702,1000000US170311711001007,53,24,0,0,14,0,15,38,0,15,29,3,18,18,0,74,0,0
10703,1000000US170311711001008,70,34,6,0,0,0,30,40,0,30,36,1,27,25,2,83,0,0
10704,1000000US170311711001009,51,34,0,0,3,0,14,37,0,14,17,0,20,20,0,70,0,0
10705,1000000US170311711001010,45,33,0,0,2,0,10,35,0,10,12,1,21,19,2,55,0,0
10706,1000000US170311711001011,44,13,2,0,1,0,30,14,0,30,31,0,20,20,0,62,0,2
10707,1000000US170311711001012,0,0,0,0,0,0,0,0,0,0,0,0,0,0,0,0,0,0
10708,1000000US170311711001013,58,44,1,0,1,0,13,45,0,13,14,2,23,21,2,79,0,1
10709,1000000US170311711001014,64,37,0,0,7,0,20,44,0,20,27,0,25,23,2,81,0,0
10710,1000000US170311711001015,52,28,4,0,6,0,17,35,0,17,24,0,23,23,0,57,0,3
10711,1000000US170311711001016,51,40,0,3,1,0,10,41,0,10,11,0,19,19,0,61,3,0
10712,1000000US170311711001017,55,19,0,0,1,0,35,20,0,35,36,4,21,20,1,91,0,0
10713,1000000US170311711001018,45,36,0,0,0,0,9,36,0,9,9,0,20,18,2,48,0,0
10714,1000000US170311711001019,45,25,0,0,10,0,10,35,0,10,20,0,20,19,1,55,0,0
10715,1000000US170311711001020,44,38,0,0,3,0,3,41,0,3,6,0,18,18,0,55,0,0
10716,1000000US170311711002000,61,21,1,1,2,0,37,24,0,37,40,2,22,21,1,78,1,0
10717,1000000US170311711002001,70,34,0,0,0,0,36,34,0,36,36,2,25,25,0,94,0,0
10718,1000000US170311711002002,39,26,2,1,3,0,11,28,0,11,13,2,18,18,0,48,1,2
10719,1000000US170311711002003,44,26,1,0,0,0,18,26,0,18,18,5,17,17,0,51,0,1
10720,1000000US170311711002004,57,43,0,1,0,0,14,43,0,14,14,1,26,25,1,73,0,0
10721,1000000US170311711002005,54,26,3,1,0,0,28,26,0,28,28,3,18,16,2,65,1,3
10722,1000000US170311711002006,45,29,1,1,1,0,15,30,0,15,16,6,22,21,1,57,1,0
10723,1000000US170311711002007,53,19,0,0,8,0,27,26,0,27,34,3,20,19,1,70,0,0
10724,1000000US170311711002008,42,27,1,0,0,0,15,27,0,15,15,2,19,17,2,52,0,1
10725,1000000US170311711002009,63,33,0,0,1,0,30,33,0,30,30,1,21,21,0,80,0,0
10726,1000000US170311711002010,54,28,0,0,2,0,24,30,0,24,26,0,26,24,2,70,0,0
10727,1000000US170311711002011,61,39,0,5,8,0,18,43,0,18,22,7,25,23,2,74,5,0
10728,1000000US170311711002012,58,31,3,3,15,0,12,46,0,12,27,3,23,22,1,64,0,3
10729,1000000US170311711002013,63,21,0,0,2,0,39,24,0,39,42,5,25,24,1,80,0,0
10730,1000000US170311711002014,46,27,0,0,8,2,11,35,0,11,19,0,21,19,2,55,0,0
10731,1000000US170311711002015,52,24,0,1,6,0,22,30,0,22,28,1,23,19,4,60,0,0
10732,1000000US170311711002016,69,23,2,3,3,0,42,27,0,42,46,1,23,23,0,83,3,1
10733,1000000US170311711002017,66,36,2,1,3,0,24,42,0,24,30,1,23,22,1,82,0,0
10734,1000000US170311711002018,54,34,0,0,9,0,11,43,0,11,20,1,21,21,0,66,0,0
10735,1000000US170311711002019,45,27,0,0,4,0,14,31,0,14,18,1,27,24,3,53,0,0
10736,1000000US170311711002020,54,41,1,1,2,0,13,41,0,13,13,2,19,17,2,66,1,1
10737,1000000US170311711002021,97,79,0,0,3,0,15,82,0,15,18,0,41,37,4,116,0,0
10738,1000000US170311711002022,14,14,0,0,0,0,0,14,0,0,0,0,7,7,0,16,0,0
10739,1000000US170311711002023,0,0,0,0,0,0,0,0,0,0,0,0,0,0,0,0,0,0
10740,1000000US170311711003000,115,64,0,0,5,0,46,69,0,46,51,6,59,57,2,159,0,0
10741,1000000US170311711003001,26,19,0,0,3,0,7,19,0,7,7,3,10,9,1,28,0,0
10742,1000000US170311711003002,34,24,0,0,4,0,6,28,0,6,10,0,15,14,1,43,0,0
10743,1000000US170311711003003,49,31,0,0,0,0,16,33,0,16,18,4,18,16,2,56,0,0
10744,1000000US170311711003004,29,12,0,4,3,0,14,15,0,14,17,0,11,11,0,46,4,0
10745,1000000US170311711003005,35,18,0,0,8,0,8,27,0,8,17,3,15,14,1,43,0,0
10746,1000000US170311711003006,22,6,0,0,0,0,16,6,0,16,16,0,11,9,2,30,0,0
10747,1000000US170311711003007,33,23,0,0,3,0,7,26,0,7,10,0,15,13,2,40,0,0
10748,1000000US170311711003008,24,19,2,0,1,0,2,22,0,2,5,0,8,8,0,32,0,0
10749,1000000US170311711003009,42,36,0,0,2,0,4,38,0,4,6,0,14,14,0,50,0,0
10750,1000000US170311711003010,65,21,1,0,1,0,41,24,0,41,44,1,24,22,2,90,0,0
10751,1000000US170311711003011,26,14,0,4,3,0,9,17,0,9,12,0,15,12,3,33,4,0
10752,1000000US170311711003012,19,11,0,0,0,0,8,11,0,8,8,0,9,9,0,20,0,0
10753,1000000US170311711003013,34,25,0,0,3,0,6,28,0,6,9,1,17,15,2,46,0,0
10754,1000000US170311711003014,31,20,0,0,1,0,10,21,0,10,11,1,17,17,0,40,0,0
10755,1000000US170311711003015,15,13,0,0,0,1,1,14,0,1,2,1,8,8,0,20,0,0
10756,1000000US170311711003016,53,37,0,0,1,0,15,38,0,15,16,0,18,18,0,68,0,0
10757,1000000US170311711003017,56,25,0,1,2,5,24,32,0,24,31,8,18,18,0,71,0,0
10758,1000000US170311711003018,61,47,0,2,6,0,10,51,0,10,14,0,30,30,0,73,2,0
10759,1000000US170311711003019,49,36,0,2,0,0,13,36,0,13,13,0,21,20,1,60,2,0
10760,1000000US170311711003020,37,27,0,0,3,0,7,30,0,7,10,0,22,18,4,54,0,0
10761,1000000US170311711003021,10,5,0,0,5,0,0,10,0,0,5,0,4,4,0,10,0,0
10762,1000000US170311711003022,67,40,1,0,0,0,26,41,0,26,27,1,36,28,8,97,0,0
10763,1000000US170311801001000,5,5,0,0,0,0,0,5,0,0,0,0,3,3,0,5,0,0
10764,1000000US170311801001001,23,14,0,0,3,0,6,17,0,6,9,0,21,13,8,25,0,0
10765,1000000US170311801001002,66,35,2,0,1,0,28,38,0,28,31,3,32,31,1,78,0,0
10766,1000000US170311801001003,1,1,0,0,0,0,0,1,0,0,0,0,1,1,0,1,0,0
10767,1000000US170311801001004,8,5,0,0,0,0,3,5,0,3,3,0,5,5,0,8,0,0
10768,1000000US170311801001005,0,0,0,0,0,0,0,0,0,0,0,0,0,0,0,0,0,0
10769,1000000US170311801001006,48,41,0,0,0,0,7,41,0,7,7,3,21,21,0,57,0,0
10770,1000000US170311801001007,34,28,0,0,4,0,2,32,0,2,6,0,12,12,0,42,0,0
10771,1000000US170311801001008,44,28,0,0,0,0,16,28,0,16,16,0,16,16,0,52,0,0
10772,1000000US170311801001009,27,26,0,0,0,0,1,26,0,1,1,0,13,13,0,38,0,0
10773,1000000US170311801001010,38,27,0,0,0,0,11,27,0,11,11,0,15,14,1,50,0,0
10774,1000000US170311801001011,26,19,0,0,0,0,7,19,0,7,7,0,13,11,2,35,0,0
10775,1000000US170311801001012,32,12,0,0,3,0,17,15,0,17,20,0,12,11,1,45,0,0
10776,1000000US170311801001013,31,21,0,0,0,0,10,21,0,10,10,0,16,16,0,40,0,0
10777,1000000US170311801001014,33,22,0,0,0,0,11,22,0,11,11,0,16,16,0,52,0,0
10778,1000000US170311801001015,0,0,0,0,0,0,0,0,0,0,0,0,0,0,0,0,0,0
10779,1000000US170311801001016,43,28,0,1,0,0,14,29,0,14,15,1,20,18,2,62,0,0
10780,1000000US170311801001017,46,22,2,0,9,0,13,33,0,13,24,3,18,17,1,67,0,0
10781,1000000US170311801001018,53,37,0,0,0,0,16,37,0,16,16,4,20,19,1,66,0,0
10782,1000000US170311801001019,48,31,0,0,4,0,12,36,0,12,17,0,19,19,0,60,0,0
10783,1000000US170311801001020,46,22,0,0,0,0,24,22,0,24,24,5,19,18,1,55,0,0
10784,1000000US170311801001021,47,21,5,0,0,0,21,26,0,21,26,0,21,19,2,56,0,0
10785,1000000US170311801001022,64,48,0,0,2,0,14,50,0,14,16,0,26,26,0,87,0,0
10786,1000000US170311801002000,143,72,3,2,18,2,47,96,0,47,71,6,72,68,4,171,0,0
10787,1000000US170311801002001,52,19,1,0,1,4,31,21,0,31,33,0,20,19,1,70,0,0
10788,1000000US170311801002002,42,16,3,0,1,0,25,17,0,25,26,6,18,16,2,59,0,2
10789,1000000US170311801002003,54,23,1,0,0,0,30,24,0,30,31,1,20,18,2,74,0,0
10790,1000000US170311801002004,43,22,3,2,0,0,18,25,0,18,21,0,19,18,1,56,2,0
10791,1000000US170311801002005,43,15,1,0,8,0,20,23,0,20,28,1,19,18,1,61,0,0
10792,1000000US170311801002006,52,24,1,0,3,0,24,28,0,24,28,0,24,22,2,63,0,0
10793,1000000US170311801002007,75,36,3,0,0,0,38,37,0,38,39,0,34,32,2,98,0,2
10794,1000000US170311801002008,50,12,2,0,0,0,36,14,0,36,38,1,19,18,1,70,0,1
10795,1000000US170311801002009,0,0,0,0,0,0,0,0,0,0,0,0,0,0,0,0,0,0
10796,1000000US170311801002010,45,23,2,2,0,0,20,25,0,20,22,8,16,15,1,59,2,0
10797,1000000US170311801002011,42,21,2,0,2,0,17,25,0,17,21,0,18,18,0,55,0,0
10798,1000000US170311801002012,30,12,3,0,0,0,17,13,0,17,18,3,14,13,1,47,0,3
10799,1000000US170311801002013,31,7,0,0,0,0,24,7,0,24,24,0,14,11,3,55,0,0
10800,1000000US170311801002014,43,6,0,0,0,0,37,6,0,37,37,0,14,13,1,64,0,0
10801,1000000US170311801002015,74,27,6,1,2,0,42,32,0,42,47,3,34,32,2,93,1,1
10802,1000000US170311801002016,0,0,0,0,0,0,0,0,0,0,0,0,0,0,0,0,0,0
10803,1000000US170311801002017,17,0,0,0,0,0,17,0,0,17,17,0,8,7,1,23,0,0
10804,1000000US170311801002018,16,9,0,0,0,0,7,9,0,7,7,0,7,7,0,17,0,0
10805,1000000US170311801002019,31,17,1,0,0,2,11,20,0,11,14,2,24,20,4,34,0,0
10806,1000000US170311801003000,45,19,0,0,0,0,26,19,0,26,26,0,23,20,3,62,0,0
10807,1000000US170311801003001,50,3,4,1,3,0,43,7,0,43,47,1,23,21,2,77,0,3
10808,1000000US170311801003002,53,40,0,0,3,0,10,43,0,10,13,0,20,19,1,70,0,0
10809,1000000US170311801003003,55,35,0,0,0,0,20,35,0,20,20,0,22,21,1,71,0,0
10810,1000000US170311801003004,42,35,0,2,0,0,5,37,0,5,7,2,15,15,0,47,0,0
10811,1000000US170311801003005,68,47,0,0,2,0,20,48,0,20,21,1,32,31,1,88,0,0
10812,1000000US170311801003006,76,34,0,2,6,1,33,43,0,33,42,3,32,32,0,97,2,0
10813,1000000US170311801003007,83,75,7,0,0,0,1,82,0,1,8,0,19,12,7,83,0,0
10814,1000000US170311801003008,5,5,0,0,0,0,0,5,0,0,0,0,13,3,10,5,0,0
10815,1000000US170311801003009,41,21,0,1,0,0,20,21,0,20,20,1,14,14,0,59,0,0
10816,1000000US170311801003010,45,14,0,0,4,0,27,18,0,27,31,0,18,17,1,60,0,0
10817,1000000US170311801003011,32,23,1,0,0,0,8,24,0,8,9,0,14,12,2,39,0,0
10818,1000000US170311801003012,31,10,3,2,6,0,15,16,0,15,21,5,11,11,0,41,0,3
10819,1000000US170311801003013,45,7,0,0,2,0,36,9,0,36,38,4,19,19,0,68,0,0
10820,1000000US170311801003014,42,17,1,0,2,0,22,20,0,22,25,0,14,14,0,55,0,0
10821,1000000US170311801003015,42,34,2,0,2,0,6,36,0,6,8,0,17,17,0,49,0,2
10822,1000000US170311801003016,38,11,3,2,9,0,15,23,0,15,27,0,24,18,6,57,2,0
10823,1000000US170311801003017,31,2,2,0,0,0,27,4,0,27,29,0,15,15,0,48,0,0
10824,1000000US170311801003018,32,13,1,0,5,0,13,19,0,13,19,0,13,13,0,43,0,0
10825,1000000US170311801003019,26,18,2,0,0,0,6,20,0,6,8,0,13,11,2,34,0,0
10826,1000000US170311801003020,28,16,0,1,0,0,11,17,0,11,12,2,13,13,0,41,1,0
10827,1000000US170311801003021,15,13,0,2,0,0,2,13,0,2,2,0,8,8,0,17,2,0
10828,1000000US170311801003022,14,8,0,0,0,0,6,8,0,6,6,0,9,8,1,14,0,0
10829,1000000US170311801003023,72,28,8,2,2,0,35,37,0,35,44,4,32,32,0,100,2,0
10830,1000000US170311801003024,99,63,0,3,3,0,32,67,0,32,36,3,49,49,0,121,0,0
10831,1000000US170311801004000,0,0,0,0,0,0,0,0,0,0,0,0,0,0,0,0,0,0
10832,1000000US170311801004001,0,0,0,0,0,0,0,0,0,0,0,0,0,0,0,0,0,0
10833,1000000US170311801004002,24,24,0,0,0,0,0,24,0,0,0,0,21,17,4,26,0,0
10834,1000000US170311801004003,41,28,1,0,0,2,12,29,0,12,13,2,22,20,2,49,0,0
10835,1000000US170311801004004,18,18,0,0,0,0,0,18,0,0,0,0,10,7,3,20,0,0
10836,1000000US170311801004005,37,25,2,0,0,0,12,25,0,12,12,0,17,17,0,43,0,2
10837,1000000US170311801004006,37,29,0,0,0,0,7,30,0,7,8,1,12,12,0,41,0,0
10838,1000000US170311801004007,26,14,0,0,0,0,12,14,0,12,12,0,14,12,2,35,0,0
10839,1000000US170311801004008,51,44,1,0,0,0,6,45,0,6,7,0,20,19,1,52,0,0
10840,1000000US170311801004009,44,29,1,0,0,0,14,30,0,14,15,0,18,18,0,63,0,0
10841,1000000US170311801004010,44,28,0,0,0,0,16,28,0,16,16,0,20,19,1,55,0,0
10842,1000000US170311801004011,55,34,0,3,4,0,16,39,0,16,21,0,20,20,0,65,3,0
10843,1000000US170311801004012,27,14,0,0,5,0,8,19,0,8,13,0,13,11,2,34,0,0
10844,1000000US170311801004013,39,16,0,0,4,0,19,20,0,19,23,0,13,12,1,49,0,0
10845,1000000US170311801004014,22,18,0,2,0,0,2,20,0,2,4,2,9,9,0,29,0,0
10846,1000000US170311801004015,37,26,1,4,0,1,9,28,0,9,11,1,14,13,1,46,4,0
10847,1000000US170311801004016,29,10,3,0,0,0,16,13,0,16,19,0,12,12,0,40,0,0
10848,1000000US170311801004017,30,14,0,0,1,0,16,14,0,16,16,2,11,9,2,35,0,0
10849,1000000US170311801004018,52,27,2,0,4,0,19,33,0,19,25,2,25,24,1,77,0,0
10850,1000000US170311801004019,49,38,0,0,3,0,8,41,0,8,11,0,25,21,4,61,0,0
10851,1000000US170311801004020,56,39,0,0,1,0,16,40,0,16,17,2,29,27,2,71,0,0
10852,1000000US170311801004021,51,38,0,0,2,0,13,38,0,13,13,0,27,24,3,67,0,0
10853,1000000US170311801004022,32,20,0,0,0,0,12,20,0,12,12,0,13,13,0,40,0,0
10854,1000000US170311801004023,39,32,0,0,4,3,3,36,0,3,7,0,15,15,0,45,0,0
10855,1000000US170311801004024,30,12,0,0,1,0,17,13,0,17,18,0,12,12,0,39,0,0
10856,1000000US170311801004025,33,10,0,0,1,0,22,11,0,22,23,0,17,14,3,47,0,0
10857,1000000US170311801004026,23,16,0,0,0,0,7,16,0,7,7,0,11,10,1,28,0,0
10858,1000000US170311801004027,23,20,0,0,0,0,3,20,0,3,3,0,10,9,1,27,0,0
10859,1000000US170311801005000,104,80,0,0,2,0,22,82,0,22,24,1,58,56,2,122,0,0
10860,1000000US170311801005001,32,28,0,0,1,0,3,29,0,3,4,0,19,19,0,38,0,0
10861,1000000US170311801005002,117,84,2,0,0,0,31,86,0,31,33,0,66,64,2,141,0,0
10862,1000000US170311801005003,52,22,3,0,3,0,24,28,0,24,30,0,19,19,0,73,0,0
10863,1000000US170311801005004,60,39,6,0,3,0,14,46,0,14,21,2,27,27,0,74,0,2
10864,1000000US170311801005005,51,13,0,0,5,0,27,24,0,27,38,6,22,21,1,66,0,0
10865,1000000US170311801005006,44,29,2,0,1,0,12,32,0,12,15,4,20,20,0,62,0,0
10866,1000000US170311801005007,58,15,0,4,2,0,41,17,0,41,43,5,19,19,0,77,4,0
10867,1000000US170311801005008,39,28,0,2,3,0,6,33,0,6,11,0,18,18,0,48,2,0
10868,1000000US170311801005009,47,16,1,1,0,0,30,17,0,30,31,0,21,21,0,64,1,0
10869,1000000US170311801005010,31,12,2,0,1,2,18,13,0,18,19,2,14,14,0,49,0,2
10870,1000000US170311801005011,45,17,0,0,0,0,28,17,0,28,28,8,16,15,1,55,0,0
10871,1000000US170311801005012,27,10,1,0,2,0,14,13,0,14,17,0,16,13,3,38,0,0
10872,1000000US170311801005013,65,35,0,0,0,0,30,35,0,30,30,0,25,23,2,82,0,0
10873,1000000US170311801005014,42,23,1,1,3,0,15,27,0,15,19,2,17,17,0,51,0,0
10874,1000000US170311801005015,104,81,0,0,5,0,16,88,0,16,23,0,64,60,4,119,0,0
10875,1000000US170311801005016,37,25,0,1,2,0,10,27,0,10,12,0,23,21,2,45,1,0
10876,1000000US170311801005017,50,17,4,0,13,0,20,30,0,20,33,0,18,18,0,66,0,4
10877,1000000US170311801005018,0,0,0,0,0,0,0,0,0,0,0,0,0,0,0,0,0,0
10878,1000000US170311801005019,25,5,0,0,0,0,20,5,0,20,20,0,14,13,1,37,0,0
10879,1000000US170311801005020,57,36,4,1,0,0,18,39,0,18,21,2,29,28,1,69,1,1
10880,1000000US170311901001000,0,0,0,0,0,0,0,0,0,0,0,0,0,0,0,0,0,0
10881,1000000US170311901001001,125,45,9,0,3,0,69,56,0,69,80,2,110,109,1,125,0,1
10882,1000000US170311901001002,40,27,0,0,0,0,13,27,0,13,13,0,24,18,6,50,0,0
10883,1000000US170311901001003,0,0,0,0,0,0,0,0,0,0,0,0,0,0,0,0,0,0
10884,1000000US170311901001004,11,9,2,0,0,0,0,11,0,0,2,0,8,5,3,12,0,0
10885,1000000US170311901001005,76,46,2,4,0,0,29,47,0,29,30,4,46,39,7,88,4,2
10886,1000000US170311901001006,83,17,4,1,2,0,62,21,0,62,66,10,38,34,4,128,0,4
10887,1000000US170311901001007,71,21,0,0,3,0,47,24,0,47,50,5,39,34,5,112,0,0
10888,1000000US170311901001008,64,1,0,2,4,0,59,5,0,59,63,3,27,23,4,104,2,0
10889,1000000US170311901001009,65,17,1,0,0,0,47,18,0,47,48,0,24,23,1,90,0,0
10890,1000000US170311901001010,71,19,4,2,2,0,50,21,0,50,52,1,34,30,4,97,2,2
10891,1000000US170311901001011,0,0,0,0,0,0,0,0,0,0,0,0,0,0,0,0,0,0
10892,1000000US170311901001012,78,4,4,0,6,0,66,12,0,66,74,15,35,31,4,121,0,2
10893,1000000US170311901001013,137,5,4,0,2,0,129,8,0,129,132,2,47,45,2,207,0,1
10894,1000000US170311901001014,121,14,0,0,4,1,98,23,0,98,107,4,51,45,6,199,0,0
10895,1000000US170311901001015,135,13,3,3,3,0,115,20,0,115,122,7,52,50,2,205,3,2
10896,1000000US170311901001016,121,10,7,0,5,0,100,21,0,100,111,3,56,49,7,188,0,1
10897,1000000US170311901001017,0,0,0,0,0,0,0,0,0,0,0,0,2,0,2,0,0,0
10898,1000000US170311901001018,44,21,0,1,5,0,17,27,0,17,23,0,24,16,8,50,1,0
10899,1000000US170311901001019,114,4,7,0,0,0,105,9,0,105,110,2,53,45,8,184,0,2
10900,1000000US170311901001020,112,26,2,7,4,0,80,32,0,80,86,5,51,46,5,151,6,1
10901,1000000US170311901001021,87,8,0,0,5,0,74,13,0,74,79,0,25,24,1,118,0,0
10902,1000000US170311901001022,64,18,0,0,0,0,46,18,0,46,46,0,20,20,0,85,0,0
10903,1000000US170311901001023,82,24,0,0,4,0,54,28,0,54,58,0,37,36,1,102,0,0
10904,1000000US170311901001024,53,14,1,0,2,0,36,17,0,36,39,0,20,20,0,72,0,0
10905,1000000US170311901001025,0,0,0,0,0,0,0,0,0,0,0,0,0,0,0,0,0,0
10906,1000000US170311902001000,4,0,1,0,1,0,2,2,0,2,4,0,2,2,0,4,0,0
10907,1000000US170311902001001,4,0,2,0,0,0,4,0,0,4,4,0,1,1,0,6,0,2
10908,1000000US170311902001002,40,5,0,0,1,0,34,6,0,34,35,0,18,18,0,55,0,0
10909,1000000US170311902001003,0,0,0,0,0,0,0,0,0,0,0,0,0,0,0,0,0,0
10910,1000000US170311902001004,64,12,1,0,0,0,51,13,0,51,52,0,19,17,2,92,0,0
10911,1000000US170311902001005,64,20,0,0,6,0,38,26,0,38,44,0,20,20,0,90,0,0
10912,1000000US170311902001006,75,17,0,5,5,0,53,22,0,53,58,0,21,20,1,102,5,0
10913,1000000US170311902001007,72,9,3,0,0,0,62,10,0,62,63,0,34,32,2,115,0,2
10914,1000000US170311902001008,63,9,0,0,0,0,54,9,0,54,54,0,27,24,3,90,0,0
10915,1000000US170311902001009,63,4,0,3,4,0,55,8,0,55,59,3,24,23,1,94,3,0
10916,1000000US170311902001010,55,8,0,0,6,0,41,14,0,41,47,3,18,18,0,79,0,0
10917,1000000US170311902001011,65,18,0,0,14,0,33,32,0,33,47,0,19,19,0,89,0,0
10918,1000000US170311902001012,90,29,4,0,0,0,61,29,0,61,61,0,29,29,0,110,0,4
10919,1000000US170311902001013,59,8,0,0,1,0,50,9,0,50,51,9,19,18,1,94,0,0
10920,1000000US170311902001014,75,11,3,0,2,0,60,15,0,60,64,7,35,35,0,120,0,0
10921,1000000US170311902001015,84,12,2,3,7,0,61,23,0,61,72,1,31,29,2,126,3,1
10922,1000000US170311902001016,27,10,4,5,1,0,16,11,0,16,17,6,15,13,2,33,5,4
10923,1000000US170311902002000,14,5,0,0,0,0,9,5,0,9,9,0,6,6,0,16,0,0
10924,1000000US170311902002001,65,32,3,0,1,0,29,36,0,29,33,2,34,26,8,87,0,0
10925,1000000US170311902002002,56,8,0,0,2,0,46,10,0,46,48,0,26,24,2,90,0,0
10926,1000000US170311902002003,83,17,1,3,4,4,62,21,0,62,66,5,34,33,1,108,2,1
10927,1000000US170311902002004,103,28,3,0,2,0,70,33,0,70,75,6,34,33,1,139,0,0
10928,1000000US170311902002005,88,21,8,0,0,0,61,27,0,61,67,4,44,40,4,123,0,2
10929,1000000US170311902002006,76,16,0,0,0,0,60,16,0,60,60,0,28,25,3,103,0,0
10930,1000000US170311902002007,64,14,2,1,0,0,49,15,0,49,50,0,25,22,3,92,1,1
10931,1000000US170311902002008,86,9,2,1,1,0,74,12,0,74,77,6,34,32,2,143,0,0
10932,1000000US170311902002009,79,11,2,0,1,0,67,12,0,67,68,0,35,30,5,112,0,2
10933,1000000US170311902002010,10,2,0,0,0,0,8,2,0,8,8,0,11,8,3,15,0,0
10934,1000000US170311902002011,52,15,0,0,3,0,34,18,0,34,37,0,21,20,1,81,0,0
10935,1000000US170311902002012,0,0,0,0,0,0,0,0,0,0,0,0,0,0,0,0,0,0
10936,1000000US170311902002013,80,28,0,1,0,0,51,29,0,51,52,6,26,26,0,97,1,0
10937,1000000US170311902002014,78,31,2,0,0,0,47,31,0,47,47,0,31,31,0,92,0,2
10938,1000000US170311902002015,103,37,11,0,0,0,62,41,0,62,66,1,48,45,3,132,0,7
10939,1000000US170311902002016,96,18,9,0,0,0,75,21,0,75,78,5,44,37,7,141,0,7
10940,1000000US170311902003000,0,0,0,0,0,0,0,0,0,0,0,0,0,0,0,0,0,0
10941,1000000US170311902003001,61,7,0,0,0,0,54,7,0,54,54,0,19,18,1,93,0,0
10942,1000000US170311902003002,66,17,2,1,3,0,45,21,0,45,49,4,28,27,1,104,1,1
10943,1000000US170311902003003,69,19,0,0,1,0,49,20,0,49,50,0,27,26,1,103,0,0
10944,1000000US170311902003004,93,17,4,1,2,0,71,22,0,71,76,3,37,34,3,138,0,2
10945,1000000US170311902003005,56,12,6,0,1,0,37,19,0,37,44,1,28,24,4,88,0,0
10946,1000000US170311902003006,102,17,3,0,3,0,83,19,0,83,85,6,35,34,1,125,0,1
10947,1000000US170311902003007,80,3,4,0,0,0,75,5,0,75,77,0,26,25,1,116,0,2
10948,1000000US170311902003008,39,9,0,1,0,0,29,10,0,29,30,0,17,14,3,53,1,0
10949,1000000US170311902003009,34,3,0,0,0,0,31,3,0,31,31,0,16,15,1,56,0,0
10950,1000000US170311902003010,54,13,0,0,4,0,37,17,0,37,41,3,21,19,2,88,0,0
10951,1000000US170311902003011,80,26,2,0,1,0,52,28,0,52,54,2,30,26,4,112,0,0
10952,1000000US170311902003012,85,14,3,0,7,0,64,21,0,64,71,0,32,32,0,117,0,3
10953,1000000US170311902003013,69,11,1,1,8,0,49,20,0,49,58,2,27,25,2,93,1,0
10954,1000000US170311902003014,71,21,0,0,11,0,39,32,0,39,50,0,22,22,0,97,0,0
10955,1000000US170311902003015,59,11,1,0,0,0,47,12,0,47,48,0,26,19,7,87,0,0
10956,1000000US170311902003016,79,4,2,6,0,0,72,7,0,72,75,10,34,31,3,117,6,1
10957,1000000US170311902003017,24,18,1,0,0,0,5,19,0,5,6,0,23,21,2,24,0,0
10958,1000000US170311902004000,4,0,0,0,0,0,4,0,0,4,4,0,3,2,1,4,0,0
10959,1000000US170311902004001,102,8,5,3,4,0,88,14,0,88,94,0,40,36,4,134,3,2
10960,1000000US170311902004002,71,8,0,0,0,0,63,8,0,63,63,0,22,22,0,98,0,0
10961,1000000US170311902004003,65,8,0,0,3,0,54,11,0,54,57,0,27,22,5,97,0,0
10962,1000000US170311902004004,61,21,0,1,0,0,39,22,0,39,40,1,21,21,0,91,0,0
10963,1000000US170311902004005,54,17,0,0,3,0,34,20,0,34,37,0,21,20,1,71,0,0
10964,1000000US170311902004006,50,13,0,1,0,0,37,13,0,37,37,0,22,20,2,65,1,0
10965,1000000US170311902004007,88,6,3,0,7,0,75,13,0,75,82,0,25,25,0,117,0,3
10966,1000000US170311902004008,76,6,3,5,0,0,67,9,0,67,70,3,39,30,9,99,5,0
10967,1000000US170311902004009,79,14,0,2,3,0,60,19,0,60,65,10,35,30,5,113,1,0
10968,1000000US170311902004010,92,17,0,0,6,0,69,23,0,69,75,5,31,28,3,124,0,0
10969,1000000US170311902004011,57,20,1,0,0,0,36,21,0,36,37,0,22,20,2,75,0,0
10970,1000000US170311902004012,72,24,3,0,4,0,46,26,0,46,48,6,32,28,4,98,0,3
10971,1000000US170311902004013,0,0,0,0,0,0,0,0,0,0,0,0,0,0,0,0,0,0
10972,1000000US170311902004014,59,22,3,0,1,4,33,26,0,33,37,5,40,37,3,69,0,0
10973,1000000US170311902004015,66,10,7,0,5,0,46,20,0,46,56,0,41,38,3,106,0,2
10974,1000000US170311902004016,9,6,1,0,0,0,3,6,0,3,3,1,9,7,2,11,0,1
10975,1000000US170311903001000,28,20,0,0,1,0,7,21,0,7,8,0,22,16,6,31,0,0
10976,1000000US170311903001001,47,29,1,3,1,0,16,31,0,16,18,3,30,28,2,48,3,0
10977,1000000US170311903001002,0,0,0,0,0,0,0,0,0,0,0,0,0,0,0,0,0,0
10978,1000000US170311903001003,0,0,0,0,0,0,0,0,0,0,0,0,0,0,0,0,0,0
10979,1000000US170311903001004,34,20,1,0,0,0,13,21,0,13,14,0,22,21,1,40,0,0
10980,1000000US170311903001005,0,0,0,0,0,0,0,0,0,0,0,0,0,0,0,0,0,0
10981,1000000US170311903001006,51,23,0,6,0,0,28,23,0,28,28,5,21,21,0,61,6,0
10982,1000000US170311903001007,41,24,0,0,0,0,17,24,0,17,17,2,22,21,1,48,0,0
10983,1000000US170311903001008,95,38,0,0,7,0,50,45,0,50,57,0,39,37,2,125,0,0
10984,1000000US170311903001009,45,22,0,1,3,0,20,25,0,20,23,0,22,22,0,50,1,0
10985,1000000US170311903001010,45,16,0,0,0,0,29,16,0,29,29,3,26,24,2,62,0,0
10986,1000000US170311903001011,20,13,2,0,0,0,5,15,0,5,7,0,14,14,0,24,0,0
10987,1000000US170311903001012,66,35,1,0,2,0,25,41,0,25,31,0,29,26,3,80,0,0
10988,1000000US170311903001013,84,40,5,9,3,1,34,50,0,34,44,4,33,32,1,101,7,0
10989,1000000US170311903001014,73,26,1,1,2,0,43,30,0,43,47,1,33,31,2,98,0,0
10990,1000000US170311903001015,67,29,2,1,2,0,36,31,0,36,38,1,30,27,3,82,1,1
10991,1000000US170311903001016,9,0,0,0,0,0,9,0,0,9,9,0,2,2,0,9,0,0
10992,1000000US170311903001017,87,50,0,0,0,0,37,50,0,37,37,0,35,34,1,102,0,0
10993,1000000US170311903001018,56,15,0,7,0,2,41,15,0,41,41,6,20,19,1,79,7,0
10994,1000000US170311903001019,84,47,0,2,0,0,37,47,0,37,37,3,30,29,1,115,0,0
10995,1000000US170311903001020,86,45,7,0,4,0,37,49,0,37,41,4,39,37,2,107,0,6
10996,1000000US170311903001021,76,38,0,0,0,0,38,38,0,38,38,0,30,28,2,90,0,0
10997,1000000US170311903001022,0,0,0,0,0,0,0,0,0,0,0,0,0,0,0,0,0,0
10998,1000000US170311903002000,62,38,0,0,0,0,24,38,0,24,24,0,37,34,3,79,0,0
10999,1000000US170311903002001,51,12,0,7,0,0,39,12,0,39,39,2,23,21,2,59,7,0
11000,1000000US170311903002002,92,40,1,4,0,0,52,40,0,52,52,6,44,39,5,116,4,1
11001,1000000US170311903002003,82,46,0,0,1,0,35,47,0,35,36,1,37,36,1,94,0,0
11002,1000000US170311903002004,74,34,7,5,0,0,36,38,0,36,40,0,34,31,3,106,5,3
11003,1000000US170311903002005,93,36,0,4,0,0,56,37,0,56,57,9,38,36,2,119,0,0
11004,1000000US170311903002006,66,45,0,0,0,0,21,45,0,21,21,0,21,21,0,77,0,0
11005,1000000US170311903002007,55,40,0,0,4,0,11,44,0,11,15,0,29,24,5,73,0,0
11006,1000000US170311903002008,69,12,0,4,0,1,55,14,0,55,57,6,26,26,0,102,4,0
11007,1000000US170311903002009,96,16,3,10,3,0,77,19,0,77,80,21,46,39,7,124,1,3
11008,1000000US170311903002010,0,0,0,0,0,0,0,0,0,0,0,0,0,0,0,0,0,0
11009,1000000US170311903002011,65,14,0,0,0,0,51,14,0,51,51,2,25,23,2,92,0,0
11010,1000000US170311903002012,106,50,0,0,5,0,51,55,0,51,56,0,47,46,1,136,0,0
11011,1000000US170311903002013,76,32,1,0,0,0,44,32,0,44,44,0,30,27,3,103,0,1
11012,1000000US170311903002014,79,21,1,0,0,0,58,21,0,58,58,2,32,29,3,105,0,1
11013,1000000US170311903002015,15,13,0,0,0,0,2,13,0,2,2,0,6,6,0,17,0,0
11014,1000000US170311903002016,46,15,2,2,3,0,28,18,0,28,31,2,23,21,2,53,0,2
11015,1000000US170311903002017,85,13,0,1,0,0,72,13,0,72,72,4,30,30,0,138,1,0
11016,1000000US170311903003000,62,50,4,0,0,0,8,54,0,8,12,0,38,34,4,69,0,0
11017,1000000US170311903003001,42,22,0,0,1,0,19,23,0,19,20,0,22,17,5,52,0,0
11018,1000000US170311903003002,104,27,7,0,0,0,74,30,0,74,77,1,46,43,3,151,0,5
11019,1000000US170311903003003,64,18,0,0,2,0,44,20,0,44,46,0,24,23,1,86,0,0
11020,1000000US170311903003004,85,33,5,0,4,0,47,38,0,47,52,0,35,34,1,108,0,4
11021,1000000US170311903003005,62,27,0,0,0,0,35,27,0,35,35,0,27,25,2,80,0,0
11022,1000000US170311903003006,76,22,1,2,0,0,53,23,0,53,54,0,39,34,5,113,2,0
11023,1000000US170311903003007,82,47,0,0,4,0,31,51,0,31,35,0,43,36,7,105,0,0
11024,1000000US170311903003008,76,36,1,0,1,0,38,38,0,38,40,6,37,34,3,95,0,0
11025,1000000US170311903003009,94,41,7,0,0,0,48,46,0,48,53,2,40,34,6,109,0,3
11026,1000000US170311903003010,4,0,0,0,0,0,4,0,0,4,4,0,2,2,0,7,0,0
11027,1000000US170311903003011,45,14,0,0,1,0,30,15,0,30,31,3,22,20,2,66,0,0
11028,1000000US170311903003012,85,11,6,0,0,0,73,12,0,73,74,6,34,32,2,134,0,5
11029,1000000US170311903003013,33,10,1,0,2,0,20,13,0,20,23,1,15,15,0,44,0,0
11030,1000000US170311903003014,56,16,1,0,10,0,30,26,0,30,40,0,17,17,0,68,0,1
11031,1000000US170311903003015,59,17,0,1,0,0,42,17,0,42,42,7,18,17,1,72,0,0
11032,1000000US170311903003016,61,21,1,1,0,0,40,21,0,40,40,1,29,26,3,83,1,1
11033,1000000US170311903003017,52,12,0,0,0,0,40,12,0,40,40,0,22,21,1,68,0,0
11034,1000000US170311903003018,43,19,1,5,2,0,23,20,0,23,24,0,17,17,0,60,5,0
11035,1000000US170311903004000,51,15,0,0,3,0,33,18,0,33,36,1,29,28,1,60,0,0
11036,1000000US170311903004001,69,6,0,1,5,0,58,11,0,58,63,0,20,19,1,94,1,0
11037,1000000US170311903004002,62,5,6,4,5,0,50,12,0,50,57,4,22,20,2,94,4,4
11038,1000000US170311903004003,39,21,0,0,3,0,15,24,0,15,18,0,21,19,2,42,0,0
11039,1000000US170311903004004,48,12,0,0,3,3,30,18,0,30,36,3,23,18,5,61,0,0
11040,1000000US170311903004005,45,11,5,0,0,0,29,16,0,29,34,0,19,19,0,65,0,0
11041,1000000US170311903004006,42,12,0,3,1,0,29,13,0,29,30,3,21,21,0,50,3,0
11042,1000000US170311903004007,63,19,0,0,0,3,44,19,0,44,44,2,27,24,3,87,0,0
11043,1000000US170311903004008,52,9,0,1,8,0,35,17,0,35,43,2,20,19,1,78,1,0
11044,1000000US170311903004009,55,24,0,1,9,0,24,31,0,24,31,7,25,19,6,73,1,0
11045,1000000US170311903004010,57,12,0,0,0,0,45,12,0,45,45,0,18,18,0,80,0,0
11046,1000000US170311903004011,6,6,0,0,0,0,0,6,0,0,0,0,3,3,0,6,0,0
11047,1000000US170311903004012,17,5,1,0,0,0,11,6,0,11,12,0,9,9,0,24,0,0
11048,1000000US170311903004013,19,0,0,0,1,0,18,1,0,18,19,0,7,7,0,27,0,0
11049,1000000US170311903004014,0,0,0,0,0,0,0,0,0,0,0,0,0,0,0,0,0,0
11050,1000000US170311903004015,12,0,0,0,0,0,12,0,0,12,12,0,3,3,0,16,0,0
11051,1000000US170311903004016,11,1,0,0,0,0,10,1,0,10,10,0,5,5,0,19,0,0
11052,1000000US170311903004017,47,17,0,0,7,1,23,24,0,23,30,1,18,16,2,53,0,0
11053,1000000US170311903004018,74,25,0,0,17,0,32,42,0,32,49,0,28,27,1,95,0,0
11054,1000000US170311903004019,62,22,0,0,4,0,37,25,0,37,40,1,26,26,0,82,0,0
11055,1000000US170311903004020,50,18,0,0,0,0,32,18,0,32,32,0,22,22,0,73,0,0
11056,1000000US170311903004021,39,27,0,0,0,0,12,27,0,12,12,0,15,14,1,49,0,0
11057,1000000US170311903004022,19,5,6,0,2,0,8,11,0,8,14,2,12,11,1,24,0,0
11058,1000000US170311903004023,17,1,0,0,1,0,15,2,0,15,16,0,7,7,0,27,0,0
11059,1000000US170311904011000,9,9,0,0,0,0,0,9,0,0,0,0,6,6,0,11,0,0
11060,1000000US170311904011001,47,24,0,0,3,0,20,27,0,20,23,1,22,21,1,67,0,0
11061,1000000US170311904011002,90,73,0,0,1,0,16,74,0,16,17,0,52,51,1,102,0,0
11062,1000000US170311904011003,54,28,0,0,0,4,24,30,0,24,26,2,27,26,1,75,0,0
11063,1000000US170311904011004,10,0,0,0,0,0,10,0,0,10,10,0,6,6,0,12,0,0
11064,1000000US170311904011005,40,19,0,0,5,0,16,24,0,16,21,0,19,18,1,60,0,0
11065,1000000US170311904011006,42,24,0,0,0,0,18,24,0,18,18,0,19,17,2,51,0,0
11066,1000000US170311904011007,41,22,0,0,0,0,19,22,0,19,19,0,18,17,1,56,0,0
11067,1000000US170311904011008,40,15,1,0,5,0,19,21,0,19,25,3,15,14,1,52,0,0
11068,1000000US170311904011009,12,5,2,0,0,0,5,7,0,5,7,0,7,7,0,14,0,0
11069,1000000US170311904011010,19,2,4,0,0,0,13,6,0,13,17,0,8,8,0,24,0,0
11070,1000000US170311904011011,45,26,1,0,3,3,13,32,0,13,19,3,14,14,0,54,0,0
11071,1000000US170311904011012,39,29,1,0,0,0,10,29,0,10,10,0,17,15,2,51,0,1
11072,1000000US170311904011013,48,39,0,0,0,0,9,39,0,9,9,0,21,20,1,58,0,0
11073,1000000US170311904011014,26,20,0,0,2,0,4,22,0,4,6,0,11,11,0,33,0,0
11074,1000000US170311904011015,45,27,2,0,3,0,15,30,0,15,18,1,28,22,6,60,0,2
11075,1000000US170311904011016,38,15,0,0,0,0,23,15,0,23,23,0,12,12,0,49,0,0
11076,1000000US170311904011017,44,14,0,0,2,3,28,16,0,28,30,0,17,17,0,58,0,0
11077,1000000US170311904011018,51,20,0,0,0,0,31,20,0,31,31,2,20,20,0,72,0,0
11078,1000000US170311904011019,38,27,2,0,0,0,9,29,0,9,11,0,18,17,1,40,0,0
11079,1000000US170311904011020,43,15,0,0,0,0,28,15,0,28,28,5,17,15,2,48,0,0
11080,1000000US170311904011021,42,15,0,2,6,0,21,21,0,21,27,2,18,18,0,48,2,0
11081,1000000US170311904011022,0,0,0,0,0,0,0,0,0,0,0,0,0,0,0,0,0,0
11082,1000000US170311904011023,0,0,0,0,0,0,0,0,0,0,0,0,0,0,0,0,0,0
11083,1000000US170311904011024,43,26,0,0,3,0,14,29,0,14,17,1,26,21,5,53,0,0
11084,1000000US170311904011025,34,6,0,0,0,0,28,6,0,28,28,0,10,10,0,47,0,0
11085,1000000US170311904011026,44,20,0,0,2,0,23,21,0,23,24,1,18,18,0,56,0,0
11086,1000000US170311904011027,44,12,4,0,1,0,30,14,0,30,32,0,19,19,0,59,0,4
11087,1000000US170311904011028,26,9,0,0,1,2,14,12,0,14,17,3,8,8,0,33,0,0
11088,1000000US170311904011029,24,13,0,0,0,0,11,13,0,11,11,0,5,5,0,26,0,0
11089,1000000US170311904011030,47,14,1,0,0,0,32,15,0,32,33,0,16,16,0,61,0,0
11090,1000000US170311904011031,46,20,1,0,0,0,26,20,0,26,26,0,20,19,1,65,0,1
11091,1000000US170311904011032,43,19,3,0,8,0,14,29,0,14,24,0,17,17,0,59,0,1
11092,1000000US170311904011033,51,2,0,0,22,0,27,24,0,27,49,6,15,15,0,72,0,0
11093,1000000US170311904012000,0,0,0,0,0,0,0,0,0,0,0,0,0,0,0,0,0,0
11094,1000000US170311904012001,63,32,5,0,4,0,23,40,0,23,31,1,23,22,1,78,0,1
11095,1000000US170311904012002,47,20,0,0,9,0,18,29,0,18,27,0,21,20,1,56,0,0
11096,1000000US170311904012003,55,10,0,0,15,0,30,25,0,30,45,0,20,19,1,73,0,0
11097,1000000US170311904012004,53,21,0,0,0,0,32,21,0,32,32,0,21,20,1,72,0,0
11098,1000000US170311904012005,57,19,3,0,15,0,20,37,0,20,38,0,22,21,1,72,0,0
11099,1000000US170311904012006,52,15,3,0,4,0,30,22,0,30,37,3,21,21,0,68,0,0
11100,1000000US170311904012007,68,13,0,0,9,0,46,22,0,46,55,7,21,19,2,99,0,0
11101,1000000US170311904012008,51,6,0,0,16,0,29,22,0,29,45,6,20,18,2,71,0,0
11102,1000000US170311904012009,55,15,5,4,10,0,29,26,0,29,40,5,21,20,1,76,2,2
11103,1000000US170311904012010,47,14,2,0,6,0,25,22,0,25,33,0,18,18,0,59,0,0
11104,1000000US170311904012011,65,10,2,0,4,0,49,16,0,49,55,0,28,25,3,113,0,0
11105,1000000US170311904012012,56,14,0,0,1,0,41,15,0,41,42,3,22,22,0,71,0,0
11106,1000000US170311904012013,67,12,1,0,4,0,50,17,0,50,55,1,25,25,0,103,0,0
11107,1000000US170311904012014,76,18,8,0,7,0,42,34,0,42,58,8,24,23,1,96,0,0
11108,1000000US170311904012015,38,4,2,2,2,0,31,7,0,31,34,3,13,13,0,46,0,1
11109,1000000US170311904012016,65,21,0,0,4,0,40,25,0,40,44,3,29,27,2,103,0,0
11110,1000000US170311904012017,44,11,0,0,4,2,27,17,0,27,33,6,18,18,0,54,0,0
11111,1000000US170311904012018,40,11,0,0,4,0,25,15,0,25,29,2,14,13,1,57,0,0
11112,1000000US170311904012019,56,14,0,1,2,0,40,16,0,40,42,2,19,19,0,81,0,0
11113,1000000US170311904012020,69,14,4,3,0,0,52,17,0,52,55,8,20,20,0,101,1,1
11114,1000000US170311904012021,61,22,2,0,1,0,38,23,0,38,39,4,21,21,0,92,0,2
11115,1000000US170311904012022,52,7,2,0,0,0,43,9,0,43,45,0,19,19,0,69,0,0
11116,1000000US170311904012023,68,5,7,3,0,3,59,9,0,59,63,6,23,21,2,109,3,3
11117,1000000US170311904012024,58,11,0,0,8,0,38,20,0,38,47,1,22,19,3,74,0,0
11118,1000000US170311904012025,52,17,0,2,2,0,33,19,0,33,35,0,21,21,0,79,2,0
11119,1000000US170311904012026,40,16,0,0,2,0,22,18,0,22,24,2,18,18,0,59,0,0
11120,1000000US170311904012027,39,14,0,0,0,0,25,14,0,25,25,5,15,15,0,47,0,0
11121,1000000US170311904012028,37,2,0,0,0,0,35,2,0,35,35,0,16,12,4,48,0,0
11122,1000000US170311904012029,49,18,0,0,0,0,31,18,0,31,31,0,18,16,2,63,0,0
11123,1000000US170311904012030,82,15,1,0,0,0,66,16,0,66,67,1,39,35,4,131,0,0
11124,1000000US170311904012031,12,6,1,0,0,0,5,7,0,5,6,0,9,9,0,16,0,0
11125,1000000US170311904012032,0,0,0,0,0,0,0,0,0,0,0,0,0,0,0,0,0,0
11126,1000000US170311904012033,77,14,12,2,6,0,50,27,0,50,63,4,43,42,1,113,2,3
11127,1000000US170311904012034,66,21,0,0,4,0,41,25,0,41,45,0,30,28,2,82,0,0
11128,1000000US170311904012035,39,11,2,0,0,0,27,12,0,27,28,5,16,15,1,51,0,1
11129,1000000US170311904012036,31,14,0,0,5,0,12,19,0,12,17,0,17,14,3,49,0,0
11130,1000000US170311904021000,0,0,0,0,0,0,0,0,0,0,0,0,0,0,0,0,0,0
11131,1000000US170311904021001,0,0,0,0,0,0,0,0,0,0,0,0,0,0,0,0,0,0
11132,1000000US170311904021002,0,0,0,0,0,0,0,0,0,0,0,0,0,0,0,0,0,0
11133,1000000US170311904021003,0,0,0,0,0,0,0,0,0,0,0,0,0,0,0,0,0,0
11134,1000000US170311904021004,0,0,0,0,0,0,0,0,0,0,0,0,0,0,0,0,0,0
11135,1000000US170311904021005,7,7,0,0,0,0,0,7,0,0,0,0,3,3,0,7,0,0
11136,1000000US170311904021006,15,11,0,1,0,0,4,11,0,4,4,0,10,8,2,19,1,0
11137,1000000US170311904021007,17,3,0,0,7,0,7,10,0,7,14,0,11,9,2,19,0,0
11138,1000000US170311904021008,8,8,0,0,0,0,0,8,0,0,0,0,6,5,1,8,0,0
11139,1000000US170311904021009,85,37,8,0,1,0,40,45,0,40,48,4,38,37,1,110,0,0
11140,1000000US170311904021010,65,29,1,0,1,0,34,31,0,34,36,5,36,33,3,89,0,0
11141,1000000US170311904021011,55,13,0,0,0,2,42,13,0,42,42,6,19,17,2,78,0,0
11142,1000000US170311904021012,53,23,0,2,0,0,29,24,0,29,30,4,25,23,2,69,0,0
11143,1000000US170311904021013,40,19,0,1,2,0,19,21,0,19,21,0,22,19,3,50,1,0
11144,1000000US170311904021014,43,25,0,0,0,0,18,25,0,18,18,0,16,15,1,52,0,0
11145,1000000US170311904021015,38,22,2,0,2,0,12,26,0,12,16,0,18,16,2,46,0,0
11146,1000000US170311904021016,51,20,0,0,9,0,23,28,0,23,31,0,15,15,0,66,0,0
11147,1000000US170311904021017,45,15,0,0,3,0,30,15,0,30,30,4,15,15,0,61,0,0
11148,1000000US170311904021018,58,15,0,0,0,0,43,15,0,43,43,0,15,15,0,80,0,0
11149,1000000US170311904021019,55,28,0,1,0,0,26,29,0,26,27,1,26,26,0,81,0,0
11150,1000000US170311904021020,51,21,3,0,3,0,28,23,0,28,30,1,16,16,0,67,0,3
11151,1000000US170311904021021,45,23,0,0,0,0,22,23,0,22,22,0,15,14,1,57,0,0
11152,1000000US170311904021022,14,3,0,1,0,0,11,3,0,11,11,0,4,4,0,15,1,0
11153,1000000US170311904021023,3,2,0,0,1,0,0,3,0,0,1,1,2,1,1,3,0,0
11154,1000000US170311904021024,55,31,8,1,1,0,19,36,0,19,24,5,30,29,1,60,0,4
11155,1000000US170311904021025,120,52,4,0,4,0,63,57,0,63,68,3,54,53,1,163,0,3
11156,1000000US170311904021026,105,30,4,0,3,0,68,37,0,68,75,4,53,46,7,163,0,1
11157,1000000US170311904021027,62,15,0,0,0,0,47,15,0,47,47,0,20,19,1,87,0,0
11158,1000000US170311904021028,93,37,2,0,0,0,55,38,0,55,56,0,31,31,0,108,0,1
11159,1000000US170311904021029,52,32,0,0,0,0,20,32,0,20,20,0,29,28,1,75,0,0
11160,1000000US170311904021030,0,0,0,0,0,0,0,0,0,0,0,0,0,0,0,0,0,0
11161,1000000US170311904021031,56,19,1,0,8,0,27,29,0,27,37,6,22,21,1,68,0,0
11162,1000000US170311904021032,50,28,4,0,1,0,18,32,0,18,22,0,28,22,6,73,0,1
11163,1000000US170311904021033,74,25,0,2,5,0,43,31,0,43,49,0,26,23,3,98,2,0
11164,1000000US170311904021034,80,46,1,1,0,0,33,47,0,33,34,0,35,34,1,112,1,1
11165,1000000US170311904021035,61,35,2,1,6,0,18,43,0,18,26,3,27,25,2,77,1,0
11166,1000000US170311904021036,63,17,0,2,1,0,46,17,0,46,46,1,24,21,3,104,2,0
11167,1000000US170311904021037,33,12,0,2,5,0,16,17,0,16,21,2,16,16,0,42,1,0
11168,1000000US170311904021038,71,27,10,0,0,0,38,33,0,38,44,2,37,34,3,97,0,4
11169,1000000US170311904022000,10,1,0,0,0,0,9,1,0,9,9,0,7,7,0,12,0,0
11170,1000000US170311904022001,93,31,3,0,0,0,60,33,0,60,62,1,37,36,1,123,0,1
11171,1000000US170311904022002,71,22,0,1,0,0,49,22,0,49,49,5,31,29,2,94,1,0
11172,1000000US170311904022003,60,33,0,0,1,0,26,34,0,26,27,0,33,31,2,72,0,0
11173,1000000US170311904022004,79,34,0,0,3,0,42,37,0,42,45,0,36,32,4,101,0,0
11174,1000000US170311904022005,67,31,1,0,1,0,34,33,0,34,36,2,22,21,1,93,0,0
11175,1000000US170311904022006,102,58,1,0,1,0,42,60,0,42,44,2,53,44,9,121,0,0
11176,1000000US170311904022007,61,23,0,0,2,0,33,28,0,33,38,0,22,20,2,82,0,0
11177,1000000US170311904022008,77,23,1,1,13,0,39,38,0,39,54,1,31,28,3,94,0,0
11178,1000000US170311904022009,80,11,2,0,4,0,64,16,0,64,69,4,32,30,2,121,0,1
11179,1000000US170311904022010,85,10,2,9,0,0,73,12,0,73,75,9,31,29,2,138,2,0
11180,1000000US170311904022011,63,14,3,4,3,3,43,20,0,43,49,5,25,23,2,107,4,0
11181,1000000US170311904022012,68,20,9,0,8,0,37,31,0,37,48,2,23,22,1,95,0,6
11182,1000000US170311904022013,66,21,2,0,8,0,36,30,0,36,45,1,25,23,2,91,0,1
11183,1000000US170311904022014,96,24,5,1,3,0,67,29,0,67,72,1,50,45,5,146,0,3
11184,1000000US170311904022015,97,17,9,0,4,0,68,29,0,68,80,6,42,38,4,140,0,1
11185,1000000US170311904022016,95,4,0,2,15,0,78,17,0,78,91,4,34,31,3,153,0,0
11186,1000000US170311904022017,89,11,0,2,3,2,76,13,0,76,78,7,35,33,2,129,2,0
11187,1000000US170311904022018,47,8,0,0,2,0,37,10,0,37,39,2,17,17,0,61,0,0
11188,1000000US170311904022019,60,14,1,0,0,0,46,14,0,46,46,7,19,18,1,83,0,1
11189,1000000US170311904022020,69,9,5,0,0,0,60,9,0,60,60,9,27,25,2,105,0,5
11190,1000000US170311904022021,55,9,0,4,3,0,41,14,0,41,46,3,25,24,1,72,1,0
11191,1000000US170311904022022,67,17,2,3,2,1,47,20,0,47,50,5,28,26,2,95,0,2
11192,1000000US170311904022023,49,11,2,0,2,0,36,13,0,36,38,0,18,18,0,72,0,2
11193,1000000US170311904022024,47,9,6,0,0,0,35,12,0,35,38,2,19,18,1,71,0,3
11194,1000000US170311904022025,66,11,6,0,7,0,47,19,0,47,55,4,22,22,0,103,0,5
11195,1000000US170311904022026,36,8,0,0,9,0,19,17,0,19,28,0,15,15,0,45,0,0
11196,1000000US170311904022027,53,7,2,0,5,0,45,8,0,45,46,5,16,15,1,63,0,1
11197,1000000US170311904022028,29,5,3,0,1,0,23,6,0,23,24,0,11,10,1,45,0,3
11198,1000000US170311904022029,56,22,0,1,0,0,33,23,0,33,34,2,31,23,8,65,0,0
11199,1000000US170311904022030,92,32,1,9,1,0,59,33,0,59,60,10,47,43,4,132,5,1
11200,1000000US170311904022031,0,0,0,0,0,0,0,0,0,0,0,0,0,0,0,0,0,0
11201,1000000US170311904022032,0,0,0,0,0,0,0,0,0,0,0,0,0,0,0,0,0,0
11202,1000000US170311904022033,50,17,2,1,0,0,31,19,0,31,33,4,27,25,2,64,0,0
11203,1000000US170311904022034,25,4,5,0,0,0,16,9,0,16,21,1,12,12,0,32,0,0
11204,1000000US170311904022035,2,1,0,0,0,0,1,1,0,1,1,0,2,1,1,2,0,0
11205,1000000US170311904022036,8,0,0,0,0,0,8,0,0,8,8,0,3,3,0,8,0,0
11206,1000000US170311904022037,34,3,0,0,5,0,26,8,0,26,31,0,14,14,0,53,0,0
11207,1000000US170311904022038,50,16,4,0,2,0,28,22,0,28,34,1,29,24,5,64,0,0
11208,1000000US170311904022039,6,2,0,4,0,0,4,2,0,4,4,0,4,3,1,7,4,0
11209,1000000US170311906011000,0,0,0,0,0,0,0,0,0,0,0,0,0,0,0,0,0,0
11210,1000000US170311906011001,4,0,0,0,0,0,4,0,0,4,4,0,2,2,0,11,0,0
11211,1000000US170311906011002,31,9,3,0,0,0,20,11,0,20,22,0,17,16,1,38,0,1
11212,1000000US170311906011003,61,10,3,0,1,0,51,10,0,51,51,1,27,26,1,82,0,3
11213,1000000US170311906011004,55,26,2,0,1,0,28,27,0,28,29,1,25,25,0,82,0,1
11214,1000000US170311906011005,93,15,0,0,5,0,73,20,0,73,78,12,39,38,1,139,0,0
11215,1000000US170311906011006,15,4,0,0,0,0,11,4,0,11,11,0,9,8,1,20,0,0
11216,1000000US170311906011007,63,15,11,0,0,0,37,26,0,37,48,0,20,20,0,81,0,0
11217,1000000US170311906011008,40,11,2,0,0,0,28,12,0,28,29,0,15,15,0,50,0,1
11218,1000000US170311906011009,57,11,0,0,4,0,42,15,0,42,46,0,16,16,0,82,0,0
11219,1000000US170311906011010,61,4,5,0,4,0,52,9,0,52,57,7,18,18,0,98,0,4
11220,1000000US170311906011011,46,5,0,0,0,0,41,5,0,41,41,1,16,16,0,70,0,0
11221,1000000US170311906011012,51,10,3,0,0,0,41,10,0,41,41,0,15,14,1,71,0,3
11222,1000000US170311906011013,49,7,1,0,0,0,41,8,0,41,42,4,19,18,1,72,0,0
11223,1000000US170311906011014,55,10,0,0,1,3,41,14,0,41,45,5,24,21,3,91,0,0
11224,1000000US170311906011015,59,22,0,0,7,0,30,29,0,30,37,0,23,21,2,86,0,0
11225,1000000US170311906011016,65,15,0,0,0,0,50,15,0,50,50,2,28,28,0,95,0,0
11226,1000000US170311906012000,72,10,1,0,0,0,61,11,0,61,62,4,27,27,0,106,0,0
11227,1000000US170311906012001,88,5,4,0,0,0,83,5,0,83,83,2,38,35,3,124,0,4
11228,1000000US170311906012002,68,5,3,2,0,0,62,6,0,62,63,0,26,25,1,102,2,3
11229,1000000US170311906012003,67,10,2,2,12,0,42,25,0,42,57,3,25,22,3,88,2,1
11230,1000000US170311906012004,46,14,0,3,3,0,26,20,0,26,32,3,22,20,2,64,0,0
11231,1000000US170311906012005,66,6,0,0,4,0,56,10,0,56,60,6,24,22,2,95,0,0
11232,1000000US170311906012006,65,12,6,3,2,0,45,20,0,45,53,0,27,26,1,103,3,0
11233,1000000US170311906012007,70,2,11,0,0,0,58,12,0,58,68,0,35,28,7,97,0,1
11234,1000000US170311906012008,97,14,15,4,2,0,71,26,0,71,83,8,36,31,5,124,4,3
11235,1000000US170311906012009,76,14,5,0,0,0,58,18,0,58,62,0,31,27,4,112,0,1
11236,1000000US170311906012010,68,8,0,0,5,0,55,13,0,55,60,1,28,27,1,104,0,0
11237,1000000US170311906012011,58,9,4,0,0,0,45,13,0,45,49,1,28,26,2,80,0,0
11238,1000000US170311906012012,0,0,0,0,0,0,0,0,0,0,0,0,0,0,0,0,0,0
11239,1000000US170311906013000,62,12,5,0,0,0,47,15,0,47,50,2,29,27,2,79,0,2
11240,1000000US170311906013001,0,0,0,0,0,0,0,0,0,0,0,0,0,0,0,0,0,0
11241,1000000US170311906013002,38,0,0,0,0,0,38,0,0,38,38,0,12,11,1,52,0,0
11242,1000000US170311906013003,61,9,0,1,0,0,52,9,0,52,52,1,24,23,1,95,0,0
11243,1000000US170311906013004,47,8,0,1,0,0,39,8,0,39,39,0,20,18,2,63,1,0
11244,1000000US170311906013005,48,12,2,0,0,0,35,13,0,35,36,3,20,19,1,69,0,2
11245,1000000US170311906013006,75,13,2,0,0,0,60,15,0,60,62,1,35,31,4,108,0,0
11246,1000000US170311906013007,67,9,3,2,0,0,55,12,0,55,58,1,29,25,4,87,2,0
11247,1000000US170311906013008,80,7,0,2,4,0,70,10,0,70,73,12,32,29,3,103,2,0
11248,1000000US170311906013009,68,12,0,3,5,5,51,17,0,51,56,8,29,24,5,95,3,0
11249,1000000US170311906013010,56,20,4,1,3,0,28,28,0,28,36,2,26,22,4,83,0,0
11250,1000000US170311906013011,45,2,5,2,10,0,34,11,0,34,43,5,18,17,1,65,2,5
11251,1000000US170311906013012,81,10,1,0,0,0,70,11,0,70,71,10,29,28,1,119,0,0
11252,1000000US170311906013013,70,11,0,9,0,0,59,11,0,59,59,0,36,28,8,102,9,0
11253,1000000US170311906013014,95,3,0,0,9,0,84,11,0,84,92,4,33,31,2,143,0,0
11254,1000000US170311906013015,110,7,2,0,0,0,103,7,0,103,103,0,41,38,3,173,0,2
11255,1000000US170311906013016,72,11,2,2,0,0,59,13,0,59,61,5,38,34,4,115,0,0
11256,1000000US170311906013017,73,3,2,2,0,0,70,3,0,70,70,0,26,26,0,120,2,2
11257,1000000US170311906013018,85,6,15,0,0,0,65,20,0,65,79,1,39,38,1,124,0,1
11258,1000000US170311906013019,77,9,0,0,6,0,62,15,0,62,68,1,22,22,0,100,0,0
11259,1000000US170311906013020,67,5,2,0,4,0,56,11,0,56,62,0,23,22,1,104,0,0
11260,1000000US170311906013021,67,4,0,3,0,0,62,5,0,62,63,2,20,19,1,106,1,0
11261,1000000US170311906013022,15,2,2,0,0,0,11,4,0,11,13,4,9,7,2,23,0,0
11262,1000000US170311906013023,30,5,1,0,0,0,24,6,0,24,25,0,17,16,1,50,0,0
11263,1000000US170311906021000,19,1,2,0,0,0,16,3,0,16,18,0,10,9,1,27,0,0
11264,1000000US170311906021001,14,0,2,0,0,0,12,2,0,12,14,0,5,5,0,19,0,0
11265,1000000US170311906021002,73,6,0,0,0,0,66,7,0,66,67,0,26,26,0,112,0,0
11266,1000000US170311906021003,51,9,5,1,0,0,39,12,0,39,42,4,25,23,2,66,0,3
11267,1000000US170311906021004,72,11,2,0,1,0,58,14,0,58,61,5,29,27,2,110,0,0
11268,1000000US170311906021005,46,23,1,0,0,0,22,24,0,22,23,0,19,18,1,65,0,0
11269,1000000US170311906021006,46,12,0,3,0,0,33,13,0,33,34,1,22,18,4,59,3,0
11270,1000000US170311906021007,57,9,0,0,0,0,48,9,0,48,48,4,22,21,1,103,0,0
11271,1000000US170311906021008,45,7,4,0,3,0,35,10,0,35,38,8,18,18,0,64,0,1
11272,1000000US170311906021009,18,8,0,0,0,0,10,8,0,10,10,0,11,11,0,19,0,0
11273,1000000US170311906021010,70,18,0,5,0,0,52,18,0,52,52,0,45,34,11,94,5,0
11274,1000000US170311906021011,59,5,4,0,0,0,54,5,0,54,54,6,30,22,8,92,0,4
11275,1000000US170311906021012,108,13,1,0,0,0,94,14,0,94,95,5,40,38,2,153,0,0
11276,1000000US170311906021013,63,4,8,0,0,0,59,4,0,59,59,4,26,24,2,95,0,8
11277,1000000US170311906021014,63,8,2,0,0,0,53,10,0,53,55,0,23,22,1,89,0,0
11278,1000000US170311906021015,79,7,2,15,1,0,61,18,0,61,72,1,32,29,3,124,15,0
11279,1000000US170311906021016,28,2,3,0,0,0,25,3,0,25,26,4,15,12,3,37,0,2
11280,1000000US170311906021017,23,2,4,0,0,0,21,2,0,21,21,0,10,10,0,30,0,4
11281,1000000US170311906022000,0,0,0,0,0,0,0,0,0,0,0,0,0,0,0,0,0,0
11282,1000000US170311906022001,2,0,0,0,2,0,0,2,0,0,2,0,1,1,0,3,0,0
11283,1000000US170311906022002,0,0,0,0,0,0,0,0,0,0,0,0,0,0,0,0,0,0
11284,1000000US170311906022003,26,12,0,2,1,0,11,15,0,11,14,4,17,14,3,34,0,0
11285,1000000US170311906022004,68,7,3,1,6,0,52,16,0,52,61,2,25,23,2,84,1,1
11286,1000000US170311906022005,44,4,6,0,0,0,37,7,0,37,40,0,19,19,0,77,0,3
11287,1000000US170311906022006,39,3,0,0,1,0,35,4,0,35,36,1,15,14,1,56,0,0
11288,1000000US170311906022007,44,6,0,5,0,0,37,7,0,37,38,3,16,15,1,62,4,0
11289,1000000US170311906022008,34,16,0,0,0,0,18,16,0,18,18,0,15,15,0,44,0,0
11290,1000000US170311906022009,27,7,0,0,4,0,16,11,0,16,20,0,14,14,0,39,0,0
11291,1000000US170311906022010,65,9,10,2,4,0,46,19,0,46,56,7,26,24,2,100,0,4
11292,1000000US170311906022011,47,10,0,0,1,0,36,11,0,36,37,0,20,19,1,57,0,0
11293,1000000US170311906022012,56,13,0,0,9,0,36,20,0,36,43,3,20,19,1,71,0,0
11294,1000000US170311906022013,59,7,4,0,1,0,50,9,0,50,52,0,20,19,1,73,0,3
11295,1000000US170311906022014,54,14,3,1,6,0,32,22,0,32,40,1,20,20,0,73,0,1
11296,1000000US170311906022015,59,18,0,0,0,0,41,18,0,41,41,0,21,21,0,81,0,0
11297,1000000US170311906022016,53,10,0,0,0,0,43,10,0,43,43,0,21,18,3,63,0,0
11298,1000000US170311906022017,50,5,0,0,0,0,45,5,0,45,45,4,19,19,0,65,0,0
11299,1000000US170311906022018,0,0,0,0,0,0,0,0,0,0,0,0,0,0,0,0,0,0
11300,1000000US170311906022019,0,0,0,0,0,0,0,0,0,0,0,0,0,0,0,0,0,0
11301,1000000US170311906022020,59,7,4,9,0,0,51,8,0,51,52,0,21,19,2,83,9,3
11302,1000000US170311906022021,59,21,0,2,3,0,35,24,0,35,38,1,20,19,1,76,2,0
11303,1000000US170311906022022,68,13,0,0,0,4,54,14,0,54,55,4,20,20,0,104,0,0
11304,1000000US170311906022023,56,13,2,3,3,0,39,17,0,39,43,1,20,19,1,74,2,1
11305,1000000US170311906022024,57,5,0,0,0,0,52,5,0,52,52,5,21,18,3,84,0,0
11306,1000000US170311906022025,70,9,0,0,2,0,59,11,0,59,61,0,20,20,0,106,0,0
11307,1000000US170311906022026,50,7,0,0,0,0,43,7,0,43,43,1,20,17,3,69,0,0
11308,1000000US170311906022027,5,4,0,0,0,0,1,4,0,1,1,0,0,0,0,5,0,0
11309,1000000US170311906022028,46,12,0,0,0,0,34,12,0,34,34,1,16,16,0,58,0,0
11310,1000000US170311906022029,44,4,0,8,2,0,38,6,0,38,40,0,15,14,1,67,8,0
11311,1000000US170311906022030,48,4,5,0,3,0,36,12,0,36,44,0,15,15,0,74,0,0
11312,1000000US170311906022031,47,2,5,0,0,0,41,6,0,41,45,0,14,14,0,70,0,1
11313,1000000US170311906022032,34,6,0,2,0,0,28,6,0,28,28,0,12,12,0,50,2,0
11314,1000000US170311906022033,233,120,80,1,1,0,32,201,0,32,113,2,0,0,0,233,1,0
11315,1000000US170311906022034,0,0,0,0,0,0,0,0,0,0,0,0,0,0,0,0,0,0
11316,1000000US170311906022035,0,0,0,0,0,0,0,0,0,0,0,0,1,0,1,0,0,0
11317,1000000US170311906022036,0,0,0,0,0,0,0,0,0,0,0,0,0,0,0,0,0,0
11318,1000000US170311906023000,10,1,0,0,0,0,9,1,0,9,9,0,3,3,0,10,0,0
11319,1000000US170311906023001,21,7,0,0,0,0,14,7,0,14,14,0,11,10,1,29,0,0
11320,1000000US170311906023002,61,14,9,0,0,0,39,22,0,39,47,3,30,28,2,92,0,1
11321,1000000US170311906023003,60,18,0,0,0,0,42,18,0,42,42,0,22,20,2,84,0,0
11322,1000000US170311906023004,44,5,3,2,0,0,38,6,0,38,39,0,18,18,0,74,2,2
11323,1000000US170311906023005,56,13,4,3,0,0,41,15,0,41,43,2,24,21,3,87,3,2
11324,1000000US170311906023006,64,11,0,0,4,0,46,18,0,46,53,1,33,24,9,92,0,0
11325,1000000US170311906023007,81,24,0,0,0,0,56,25,0,56,57,1,34,33,1,124,0,0
11326,1000000US170311906023008,83,21,0,0,1,0,61,22,0,61,62,0,28,26,2,120,0,0
11327,1000000US170311906023009,64,10,0,0,0,0,54,10,0,54,54,2,29,27,2,97,0,0
11328,1000000US170311906023010,39,2,10,0,0,0,31,8,0,31,37,0,15,13,2,57,0,4
11329,1000000US170311906023011,37,5,0,0,1,0,31,6,0,31,32,6,12,12,0,48,0,0
11330,1000000US170311906023012,84,21,2,0,1,0,62,22,0,62,63,4,44,38,6,135,0,1
11331,1000000US170311906023013,79,13,3,1,3,2,63,16,0,63,66,9,34,31,3,130,1,3
11332,1000000US170311906023014,103,22,3,6,0,0,79,24,0,79,81,5,43,40,3,143,5,1
11333,1000000US170311906023015,98,6,2,2,0,0,90,8,0,90,92,9,43,37,6,161,2,0
11334,1000000US170311906023016,92,7,1,0,0,0,84,8,0,84,85,11,37,34,3,150,0,0
11335,1000000US170311906023017,57,10,0,0,2,0,44,13,0,44,47,8,29,22,7,79,0,0
11336,1000000US170311906023018,74,11,5,0,1,0,57,17,0,57,63,1,28,28,0,107,0,0
11337,1000000US170311906023019,71,11,9,6,0,0,54,17,0,54,60,6,37,34,3,116,4,3
11338,1000000US170311906023020,18,0,8,3,0,0,16,2,0,16,18,3,10,9,1,39,0,6
11339,1000000US170311906023021,33,2,10,1,0,0,22,11,0,22,31,2,19,16,3,49,1,1
11340,1000000US170311907011000,20,7,2,1,0,0,10,10,0,10,13,1,10,7,3,25,0,0
11341,1000000US170311907011001,24,0,0,0,3,0,21,3,0,21,24,0,9,9,0,33,0,0
11342,1000000US170311907011002,75,14,0,4,4,0,57,18,0,57,61,0,32,26,6,103,4,0
11343,1000000US170311907011003,82,5,0,5,0,0,77,5,0,77,77,7,32,30,2,142,5,0
11344,1000000US170311907011004,108,38,1,1,8,0,61,47,0,61,70,2,54,48,6,141,0,1
11345,1000000US170311907011005,90,15,12,1,0,2,63,27,0,63,75,3,36,35,1,121,1,0
11346,1000000US170311907011006,80,12,0,1,5,0,63,17,0,63,68,3,30,30,0,121,1,0
11347,1000000US170311907011007,114,27,0,0,0,0,87,27,0,87,87,7,49,48,1,156,0,0
11348,1000000US170311907011008,74,13,2,3,8,0,52,22,0,52,61,8,36,34,2,112,1,0
11349,1000000US170311907011009,90,10,5,5,0,0,77,13,0,77,80,3,33,32,1,124,5,2
11350,1000000US170311907011010,85,8,4,0,4,0,69,16,0,69,77,9,30,29,1,116,0,0
11351,1000000US170311907011011,68,9,0,2,0,0,59,9,0,59,59,7,31,25,6,111,2,0
11352,1000000US170311907011012,8,2,1,0,0,0,5,3,0,5,6,1,5,5,0,11,0,0
11353,1000000US170311907011013,95,2,4,0,0,0,91,4,0,91,93,2,35,32,3,139,0,2
11354,1000000US170311907011014,80,16,1,0,0,0,64,16,0,64,64,1,34,31,3,124,0,1
11355,1000000US170311907012000,3,2,1,0,0,0,0,3,0,0,1,0,2,2,0,6,0,0
11356,1000000US170311907012001,0,0,0,0,0,0,0,0,0,0,0,0,1,0,1,0,0,0
11357,1000000US170311907012002,105,23,9,4,5,0,69,36,0,69,82,8,60,53,7,174,1,3
11358,1000000US170311907012003,112,15,0,0,0,0,97,15,0,97,97,8,44,42,2,151,0,0
11359,1000000US170311907012004,51,28,0,0,2,0,21,30,0,21,23,0,31,23,8,64,0,0
11360,1000000US170311907012005,35,7,6,0,0,0,25,10,0,25,28,2,26,16,10,53,0,3
11361,1000000US170311907012006,76,20,0,0,0,0,56,20,0,56,56,2,42,31,11,99,0,0
11362,1000000US170311907012007,0,0,0,0,0,0,0,0,0,0,0,0,0,0,0,0,0,0
11363,1000000US170311907012008,115,20,5,1,0,1,93,22,0,93,95,2,42,40,2,181,0,3
11364,1000000US170311907012009,66,9,4,0,3,0,50,16,0,50,57,8,29,26,3,80,0,0
11365,1000000US170311907012010,39,5,0,2,0,0,34,5,0,34,34,2,15,12,3,62,0,0
11366,1000000US170311907012011,33,7,4,1,0,0,22,11,0,22,26,5,20,17,3,55,1,0
11367,1000000US170311907012012,66,10,0,4,0,1,56,10,0,56,56,1,22,19,3,106,3,0
11368,1000000US170311907012013,129,5,0,0,0,0,124,5,0,124,124,5,52,52,0,205,0,0
11369,1000000US170311907012014,94,21,8,5,3,0,63,31,0,63,73,2,36,34,2,140,5,2
11370,1000000US170311907021000,83,20,4,0,0,0,59,24,0,59,63,0,45,36,9,118,0,0
11371,1000000US170311907021001,110,2,0,9,0,0,108,2,0,108,108,0,38,35,3,166,9,0
11372,1000000US170311907021002,49,3,0,0,0,0,46,3,0,46,46,2,20,19,1,78,0,0
11373,1000000US170311907021003,48,17,0,0,2,0,29,19,0,29,31,0,25,21,4,62,0,0
11374,1000000US170311907021004,27,9,1,0,0,0,18,9,0,18,18,0,19,10,9,32,0,1
11375,1000000US170311907021005,8,5,0,0,0,0,3,5,0,3,3,0,4,3,1,9,0,0
11376,1000000US170311907021006,76,21,1,1,0,0,53,23,0,53,55,0,34,32,2,115,1,0
11377,1000000US170311907021007,73,15,3,0,0,1,55,18,0,55,58,1,39,35,4,125,0,0
11378,1000000US170311907021008,74,16,9,0,1,0,56,18,0,56,58,2,37,34,3,100,0,7
11379,1000000US170311907021009,76,8,2,0,0,0,67,9,0,67,68,4,34,31,3,114,0,1
11380,1000000US170311907021010,84,15,0,1,0,0,68,16,0,68,69,0,32,31,1,128,1,0
11381,1000000US170311907021011,78,9,1,0,0,1,67,11,0,67,69,0,33,31,2,129,0,0
11382,1000000US170311907021012,34,7,3,2,0,0,27,7,0,27,27,1,10,10,0,50,2,3
11383,1000000US170311907021013,101,6,6,3,0,0,94,7,0,94,95,10,39,36,3,131,3,6
11384,1000000US170311907022000,81,15,14,1,1,0,50,31,0,50,66,1,44,42,2,101,1,0
11385,1000000US170311907022001,0,0,0,0,0,0,0,0,0,0,0,0,0,0,0,0,0,0
11386,1000000US170311907022002,93,30,9,0,5,0,50,43,0,50,63,3,45,44,1,137,0,1
11387,1000000US170311907022003,106,24,2,0,2,0,79,27,0,79,82,1,48,44,4,157,0,0
11388,1000000US170311907022004,43,7,0,0,0,0,36,7,0,36,36,2,21,18,3,62,0,0
11389,1000000US170311907022005,44,21,3,4,0,0,20,24,0,20,23,0,33,25,8,68,4,0
11390,1000000US170311907022006,111,45,8,0,5,0,54,57,0,54,66,3,56,51,5,157,0,0
11391,1000000US170311907022007,81,16,5,3,0,1,63,18,0,63,65,1,40,37,3,106,3,3
11392,1000000US170311907022008,75,4,2,2,3,0,67,8,0,67,71,2,38,32,6,122,1,1
11393,1000000US170311907022009,133,28,7,4,1,0,99,34,0,99,105,2,55,54,1,200,4,1
11394,1000000US170311907022010,121,12,1,3,0,0,106,15,0,106,109,4,55,52,3,197,3,0
11395,1000000US170311907022011,94,8,2,0,1,0,83,11,0,83,86,1,44,40,4,150,0,0
11396,1000000US170311907022012,20,7,0,0,1,1,12,8,0,12,13,1,7,7,0,26,0,0
11397,1000000US170311907023000,52,19,5,0,1,0,28,24,0,28,33,2,26,24,2,59,0,0
11398,1000000US170311907023001,77,6,4,0,0,0,69,8,0,69,71,4,34,28,6,114,0,2
11399,1000000US170311907023002,93,12,0,0,0,0,81,12,0,81,81,1,41,37,4,142,0,0
11400,1000000US170311907023003,81,11,4,0,0,0,66,15,0,66,70,0,44,38,6,128,0,0
11401,1000000US170311907023004,78,17,2,0,0,0,59,19,0,59,61,3,46,37,9,107,0,2
11402,1000000US170311907023005,102,17,3,4,0,0,85,17,0,85,85,3,47,41,6,143,4,3
11403,1000000US170311907023006,65,5,9,0,1,0,58,7,0,58,60,7,35,29,6,94,0,8
11404,1000000US170311907023007,84,9,3,0,0,0,72,12,0,72,75,2,38,31,7,138,0,0
11405,1000000US170311907023008,65,13,3,0,0,0,52,13,0,52,52,3,31,27,4,88,0,3
11406,1000000US170311907023009,65,9,2,0,0,0,54,11,0,54,56,0,26,24,2,93,0,0
11407,1000000US170311907023010,102,6,4,1,0,0,95,7,0,95,96,3,35,35,0,164,1,4
11408,1000000US170311907023011,76,6,3,0,0,0,67,9,0,67,70,0,38,34,4,113,0,0
11409,1000000US170311907023012,75,4,3,0,2,0,67,8,0,67,71,3,33,30,3,123,0,1
11410,1000000US170311907023013,58,8,0,0,0,0,50,8,0,50,50,0,30,27,3,92,0,0
11411,1000000US170311907023014,5,5,0,0,0,0,0,5,0,0,0,0,3,3,0,6,0,0
11412,1000000US170311907023015,0,0,0,0,0,0,0,0,0,0,0,0,4,0,4,0,0,0
11413,1000000US170311907023016,42,6,0,1,0,0,35,7,0,35,36,0,22,21,1,67,1,0
11414,1000000US170311907023017,29,3,1,0,1,0,25,4,0,25,26,0,11,10,1,42,0,1
11415,1000000US170311907023018,90,8,3,0,4,0,79,11,0,79,82,6,38,36,2,139,0,0
11416,1000000US170311907023019,101,7,2,2,0,0,94,7,0,94,94,7,42,42,0,160,2,2
11417,1000000US170311907023020,13,1,1,0,0,0,11,2,0,11,12,0,6,6,0,17,0,0
11418,1000000US170311908001000,0,0,0,0,0,0,0,0,0,0,0,0,0,0,0,0,0,0
11419,1000000US170311908001001,27,8,2,0,0,0,18,9,0,18,19,0,11,11,0,39,0,1
11420,1000000US170311908001002,34,1,5,3,0,1,29,5,0,29,33,1,16,15,1,49,3,1
11421,1000000US170311908001003,65,11,2,0,0,0,53,12,0,53,54,6,39,29,10,92,0,2
11422,1000000US170311908001004,46,8,3,0,0,0,38,8,0,38,38,4,15,14,1,61,0,3
11423,1000000US170311908001005,30,7,0,0,0,0,23,7,0,23,23,0,12,11,1,37,0,0
11424,1000000US170311908001006,93,16,5,0,0,0,73,20,0,73,77,0,37,36,1,122,0,1
11425,1000000US170311908001007,94,12,5,6,0,1,79,15,0,79,82,1,43,40,3,128,6,4
11426,1000000US170311908001008,45,4,0,0,0,0,41,4,0,41,41,0,15,15,0,78,0,0
11427,1000000US170311908001009,0,0,0,0,0,0,0,0,0,0,0,0,0,0,0,0,0,0
11428,1000000US170311908001010,0,0,0,0,0,0,0,0,0,0,0,0,0,0,0,0,0,0
11429,1000000US170311908001011,29,12,0,5,0,1,17,12,0,17,17,2,15,12,3,46,5,0
11430,1000000US170311908001012,77,25,7,0,1,1,41,36,0,41,52,7,34,34,0,109,0,0
11431,1000000US170311908001013,82,20,4,6,0,0,56,26,0,56,62,9,39,37,2,123,6,0
11432,1000000US170311908001014,47,9,0,0,5,0,31,16,0,31,38,3,18,17,1,63,0,0
11433,1000000US170311908002000,0,0,0,0,0,0,0,0,0,0,0,0,0,0,0,0,0,0
11434,1000000US170311908002001,70,3,3,0,0,0,67,3,0,67,67,6,26,25,1,118,0,3
11435,1000000US170311908002002,78,8,0,1,5,0,65,13,0,65,70,8,30,26,4,105,0,0
11436,1000000US170311908002003,91,16,5,1,4,0,69,22,0,69,75,2,39,37,2,117,1,3
11437,1000000US170311908002004,107,27,15,1,4,0,68,39,0,68,80,6,60,57,3,154,1,5
11438,1000000US170311908002005,36,8,2,2,0,0,28,8,0,28,28,7,15,15,0,58,0,2
11439,1000000US170311908002006,76,9,5,3,0,1,67,9,0,67,67,3,28,27,1,121,3,5
11440,1000000US170311908002007,86,10,3,2,1,0,74,12,0,74,76,7,35,33,2,124,2,2
11441,1000000US170311908002008,53,9,2,1,0,0,43,10,0,43,44,1,28,26,2,62,1,1
11442,1000000US170311908002009,0,0,0,0,0,0,0,0,0,0,0,0,0,0,0,0,0,0
11443,1000000US170311908002010,0,0,0,0,0,0,0,0,0,0,0,0,0,0,0,0,0,0
11444,1000000US170311908002011,65,6,3,0,4,0,51,14,0,51,59,6,22,22,0,88,0,1
11445,1000000US170311908002012,48,11,0,0,2,4,35,13,0,35,37,0,20,19,1,60,0,0
11446,1000000US170311908002013,83,9,4,0,0,0,73,10,0,73,74,3,31,29,2,117,0,3
11447,1000000US170311908002014,59,4,4,0,0,2,52,7,0,52,55,2,26,19,7,87,0,1
11448,1000000US170311908003000,8,8,0,0,0,0,0,8,0,0,0,0,4,4,0,8,0,0
11449,1000000US170311908003001,18,0,0,0,0,0,18,0,0,18,18,1,5,5,0,29,0,0
11450,1000000US170311908003002,73,9,2,0,2,3,61,12,0,61,64,6,31,30,1,112,0,2
11451,1000000US170311908003003,107,7,6,0,1,0,100,7,0,100,100,3,41,39,2,158,0,6
11452,1000000US170311908003004,90,22,2,1,0,0,66,24,0,66,68,1,42,40,2,129,1,0
11453,1000000US170311908003005,33,3,3,0,0,0,28,5,0,28,30,0,18,18,0,53,0,1
11454,1000000US170311908003006,16,0,0,0,0,0,16,0,0,16,16,0,3,3,0,21,0,0
11455,1000000US170311908003007,107,0,2,0,0,0,106,1,0,106,107,3,42,40,2,148,0,1
11456,1000000US170311908003008,101,4,5,0,0,1,97,4,0,97,97,15,58,45,13,140,0,5
11457,1000000US170311908003009,106,9,4,4,6,0,89,17,0,89,97,0,38,38,0,138,4,4
11458,1000000US170311908003010,58,15,0,0,0,0,43,15,0,43,43,0,27,23,4,86,0,0
11459,1000000US170311908003011,5,5,0,0,0,0,0,5,0,0,0,0,0,0,0,5,0,0
11460,1000000US170311908003012,69,4,0,0,0,0,65,4,0,65,65,0,27,25,2,101,0,0
11461,1000000US170311908003013,107,6,2,1,1,0,98,9,0,98,101,2,45,40,5,170,1,0
11462,1000000US170311908003014,96,12,4,2,0,0,82,14,0,82,84,5,44,36,8,137,2,2
11463,1000000US170311908003015,3,2,0,0,0,0,1,2,0,1,1,0,4,3,1,6,0,0
11464,1000000US170311908003016,2,0,0,0,0,1,2,0,0,2,2,0,1,1,0,2,0,0
11465,1000000US170311908003017,11,0,0,0,0,0,11,0,0,11,11,2,3,3,0,16,0,0
11466,1000000US170311908003018,8,0,0,0,0,0,8,0,0,8,8,0,4,3,1,10,0,0
11467,1000000US170311908003019,46,3,4,6,0,0,41,5,0,41,43,6,20,20,0,58,2,2
11468,1000000US170311908004000,68,12,1,0,0,0,55,13,0,55,56,3,27,24,3,87,0,0
11469,1000000US170311908004001,42,8,5,0,3,0,31,11,0,31,34,4,14,13,1,60,0,5
11470,1000000US170311908004002,32,2,0,0,0,0,30,2,0,30,30,1,7,7,0,46,0,0
11471,1000000US170311908004003,91,14,1,0,0,0,77,14,0,77,77,0,35,34,1,121,0,1
11472,1000000US170311908004004,56,13,1,3,1,1,41,15,0,41,43,8,23,20,3,76,3,0
11473,1000000US170311908004005,73,4,0,0,0,0,69,4,0,69,69,3,29,28,1,103,0,0
11474,1000000US170311908004006,72,8,10,0,0,0,54,18,0,54,64,1,36,34,2,98,0,0
11475,1000000US170311908004007,107,15,6,0,0,0,87,20,0,87,92,0,49,47,2,167,0,3
11476,1000000US170311908004008,79,8,2,0,0,0,68,11,0,68,71,1,34,29,5,112,0,2
11477,1000000US170311908004009,40,7,1,0,0,0,33,7,0,33,33,0,30,20,10,69,0,1
11478,1000000US170311908004010,48,13,0,0,0,0,31,17,0,31,35,0,25,23,2,56,0,0
11479,1000000US170311908004011,76,0,7,0,0,0,70,6,0,70,76,2,33,31,2,111,0,1
11480,1000000US170311908004012,88,8,2,2,0,0,79,9,0,79,80,8,41,34,7,116,1,1
11481,1000000US170311908004013,102,3,14,6,0,0,93,9,0,93,99,9,49,41,8,156,1,8
11482,1000000US170311908004014,95,16,11,0,0,0,70,25,0,70,79,5,41,36,5,132,0,2
11483,1000000US170311908005000,42,5,9,0,0,0,29,13,0,29,37,0,23,23,0,56,0,1
11484,1000000US170311908005001,36,10,7,0,0,0,21,15,0,21,26,0,19,17,2,49,0,2
11485,1000000US170311908005002,98,8,5,2,4,0,81,17,0,81,90,1,40,39,1,140,1,2
11486,1000000US170311908005003,57,8,5,4,1,0,44,13,0,44,49,0,27,27,0,72,4,1
11487,1000000US170311908005004,37,4,4,0,4,0,25,12,0,25,33,0,25,21,4,44,0,0
11488,1000000US170311908005005,41,16,4,1,0,0,22,19,0,22,25,2,21,19,2,59,1,1
11489,1000000US170311908005006,56,11,0,1,0,0,45,11,0,45,45,0,22,21,1,80,1,0
11490,1000000US170311908005007,77,8,4,0,0,0,67,10,0,67,69,4,30,28,2,108,0,2
11491,1000000US170311908005008,102,27,0,0,0,0,75,27,0,75,75,0,29,28,1,139,0,0
11492,1000000US170311908005009,69,7,1,0,2,0,60,9,0,60,62,1,29,28,1,99,0,0
11493,1000000US170311908005010,77,30,0,0,0,0,47,30,0,47,47,2,31,29,2,106,0,0
11494,1000000US170311908005011,98,4,0,1,0,0,93,5,0,93,94,2,31,29,2,141,1,0
11495,1000000US170311908005012,112,8,1,1,0,0,103,9,0,103,104,3,47,46,1,153,1,1
11496,1000000US170311908005013,76,11,6,0,6,0,57,19,0,57,65,5,37,36,1,115,0,2
11497,1000000US170311908005014,66,39,2,2,0,1,26,40,0,26,27,2,39,38,1,76,2,2
11498,1000000US170311909001000,19,2,0,0,0,0,17,2,0,17,17,0,8,8,0,26,0,0
11499,1000000US170311909001001,46,9,0,0,1,1,37,9,0,37,37,0,17,17,0,69,0,0
11500,1000000US170311909001002,33,11,5,2,0,0,20,13,0,20,22,2,13,13,0,41,2,3
11501,1000000US170311909001003,58,11,0,3,8,0,40,18,0,40,47,6,21,16,5,80,0,0
11502,1000000US170311909001004,42,8,2,0,0,0,32,10,0,32,34,0,18,18,0,55,0,0
11503,1000000US170311909001005,45,17,0,0,0,0,28,17,0,28,28,0,18,16,2,60,0,0
11504,1000000US170311909001006,45,2,2,0,11,0,33,12,0,33,43,5,16,16,0,71,0,2
11505,1000000US170311909001007,14,2,0,0,2,0,10,4,0,10,12,0,5,5,0,16,0,0
11506,1000000US170311909001008,2,0,0,0,0,0,2,0,0,2,2,0,1,1,0,2,0,0
11507,1000000US170311909001009,0,0,0,0,0,0,0,0,0,0,0,0,0,0,0,0,0,0
11508,1000000US170311909001010,102,4,17,0,0,0,85,17,0,85,98,5,84,82,2,103,0,4
11509,1000000US170311909001011,55,7,0,0,5,0,43,12,0,43,48,5,24,23,1,81,0,0
11510,1000000US170311909001012,49,12,0,0,0,0,37,12,0,37,37,0,27,25,2,74,0,0
11511,1000000US170311909001013,93,5,6,1,2,3,80,13,0,80,88,16,46,42,4,140,1,3
11512,1000000US170311909001014,34,6,3,5,0,0,27,7,0,27,28,0,12,12,0,45,5,2
11513,1000000US170311909001015,55,13,0,0,0,0,42,13,0,42,42,2,20,20,0,76,0,0
11514,1000000US170311909001016,0,0,0,0,0,0,0,0,0,0,0,0,0,0,0,0,0,0
11515,1000000US170311909001017,80,14,2,0,0,0,64,16,0,64,66,2,30,30,0,126,0,0
11516,1000000US170311909001018,47,7,0,0,0,0,40,7,0,40,40,0,23,17,6,69,0,0
11517,1000000US170311909001019,48,6,3,0,2,0,37,11,0,37,42,0,21,18,3,57,0,0
11518,1000000US170311909001020,57,3,6,0,0,0,52,5,0,52,54,4,21,21,0,86,0,4
11519,1000000US170311909001021,51,17,0,0,0,0,34,17,0,34,34,2,28,21,7,68,0,0
11520,1000000US170311909001022,61,10,4,0,0,0,48,13,0,48,51,1,33,31,2,83,0,1
11521,1000000US170311909001023,53,8,1,0,0,0,44,9,0,44,45,0,21,21,0,76,0,0
11522,1000000US170311909001024,61,8,2,0,7,0,44,17,0,44,53,4,29,24,5,86,0,0
11523,1000000US170311909001025,50,12,4,4,2,0,31,19,0,31,38,1,27,24,3,63,4,0
11524,1000000US170311909001026,100,7,6,0,0,0,87,13,0,87,93,2,47,44,3,130,0,0
11525,1000000US170311909001027,41,6,1,1,0,0,34,7,0,34,35,0,15,14,1,55,1,0
11526,1000000US170311909001028,0,0,0,0,0,0,0,0,0,0,0,0,0,0,0,0,0,0
11527,1000000US170311909001029,13,4,0,0,0,2,9,4,0,9,9,3,11,8,3,19,0,0
11528,1000000US170311909001030,60,4,0,0,0,0,56,4,0,56,56,0,21,21,0,71,0,0
11529,1000000US170311909001031,59,7,3,0,0,2,49,10,0,49,52,5,23,22,1,91,0,0
11530,1000000US170311909001032,4,4,0,0,0,0,0,4,0,0,0,0,3,3,0,6,0,0
11531,1000000US170311909001033,0,0,0,0,0,0,0,0,0,0,0,0,0,0,0,0,0,0
11532,1000000US170311909001034,12,1,0,3,0,0,11,1,0,11,11,0,7,6,1,15,3,0
11533,1000000US170311910001000,0,0,0,0,0,0,0,0,0,0,0,0,0,0,0,0,0,0
11534,1000000US170311910001001,15,4,0,0,0,0,11,4,0,11,11,0,6,6,0,17,0,0
11535,1000000US170311910001002,3,3,0,0,0,0,0,3,0,0,0,0,2,2,0,3,0,0
11536,1000000US170311910001003,0,0,0,0,0,0,0,0,0,0,0,0,1,0,1,0,0,0
11537,1000000US170311910001004,0,0,0,0,0,0,0,0,0,0,0,0,0,0,0,0,0,0
11538,1000000US170311910001005,63,4,6,6,0,0,55,8,0,55,59,3,20,20,0,84,4,2
11539,1000000US170311910001006,76,4,3,4,1,0,70,6,0,70,72,1,29,28,1,103,4,1
11540,1000000US170311910001007,83,6,2,3,0,0,75,8,0,75,77,1,35,32,3,113,3,0
11541,1000000US170311910001008,47,2,2,0,0,0,44,3,0,44,45,1,17,17,0,65,0,1
11542,1000000US170311910001009,98,23,2,0,1,0,73,25,0,73,75,8,42,39,3,126,0,0
11543,1000000US170311910001010,0,0,0,0,0,0,0,0,0,0,0,0,0,0,0,0,0,0
11544,1000000US170311910001011,90,13,0,2,1,0,76,14,0,76,77,1,30,27,3,130,2,0
11545,1000000US170311910001012,76,2,0,0,0,0,74,2,0,74,74,3,23,23,0,108,0,0
11546,1000000US170311910001013,65,3,2,0,0,2,62,3,0,62,62,2,25,22,3,96,0,2
11547,1000000US170311910001014,69,8,0,0,0,0,61,8,0,61,61,0,28,24,4,96,0,0
11548,1000000US170311910001015,67,5,2,0,0,0,60,7,0,60,62,2,30,29,1,89,0,0
11549,1000000US170311910001016,11,3,0,0,0,0,8,3,0,8,8,0,5,5,0,17,0,0
11550,1000000US170311910001017,5,1,0,0,0,0,4,1,0,4,4,0,4,3,1,5,0,0
11551,1000000US170311910002000,0,0,0,0,0,0,0,0,0,0,0,0,0,0,0,0,0,0
11552,1000000US170311910002001,57,1,4,0,0,0,52,5,0,52,56,0,22,21,1,87,0,0
11553,1000000US170311910002002,62,0,4,0,0,0,58,4,0,58,62,1,26,25,1,89,0,0
11554,1000000US170311910002003,58,4,8,0,0,0,50,8,0,50,54,2,21,21,0,84,0,4
11555,1000000US170311910002004,32,8,0,0,0,0,24,8,0,24,24,0,12,11,1,48,0,0
11556,1000000US170311910002005,9,2,0,0,0,0,7,2,0,7,7,0,6,5,1,14,0,0
11557,1000000US170311910002006,49,10,0,0,1,0,37,12,0,37,39,0,18,18,0,73,0,0
11558,1000000US170311910002007,33,4,2,2,0,0,27,6,0,27,29,9,12,11,1,42,0,0
11559,1000000US170311910002008,39,1,3,0,0,0,38,1,0,38,38,0,14,14,0,59,0,3
11560,1000000US170311910002009,52,0,2,3,2,0,47,5,0,47,52,2,24,22,2,72,3,0
11561,1000000US170311910002010,42,1,3,0,0,0,38,4,0,38,41,0,16,14,2,64,0,0
11562,1000000US170311910002011,49,2,4,0,2,1,41,8,0,41,47,1,19,17,2,75,0,0
11563,1000000US170311910002012,60,5,11,1,0,0,46,14,0,46,55,0,27,21,6,91,1,2
11564,1000000US170311910002013,21,1,0,2,0,0,20,1,0,20,20,3,7,7,0,33,2,0
11565,1000000US170311910002014,36,1,6,1,0,0,32,4,0,32,35,1,13,13,0,54,0,3
11566,1000000US170311910002015,25,1,0,7,0,0,23,2,0,23,24,0,14,12,2,36,7,0
11567,1000000US170311910002016,33,2,0,0,1,0,31,2,0,31,31,3,16,13,3,53,0,0
11568,1000000US170311910002017,46,1,3,0,1,0,41,5,0,41,45,0,20,18,2,65,0,0
11569,1000000US170311910002018,34,0,0,0,0,0,34,0,0,34,34,0,22,11,11,48,0,0
11570,1000000US170311910002019,74,4,14,1,0,0,61,13,0,61,70,1,36,32,4,110,1,5
11571,1000000US170311910002020,8,0,0,0,0,0,8,0,0,8,8,2,3,3,0,9,0,0
11572,1000000US170311910002021,68,2,3,0,2,0,63,5,0,63,66,2,23,23,0,83,0,2
11573,1000000US170311910002022,22,0,0,0,0,0,22,0,0,22,22,0,6,6,0,38,0,0
11574,1000000US170311910002023,40,2,0,0,0,0,38,2,0,38,38,0,15,12,3,55,0,0
11575,1000000US170311910002024,23,0,0,0,0,0,23,0,0,23,23,1,9,8,1,33,0,0
11576,1000000US170311910002025,10,2,0,4,0,0,8,2,0,8,8,0,4,4,0,20,4,0
11577,1000000US170311910002026,17,0,0,0,0,0,17,0,0,17,17,1,5,5,0,26,0,0
11578,1000000US170311910002027,12,5,0,0,0,0,7,5,0,7,7,0,4,4,0,14,0,0
11579,1000000US170311910002028,2,0,0,0,0,0,2,0,0,2,2,0,1,1,0,4,0,0
11580,1000000US170311910002029,21,1,2,0,1,0,20,1,0,20,20,1,12,10,2,27,0,2
11581,1000000US170311910002030,1,0,0,0,1,0,0,1,0,0,1,0,1,1,0,1,0,0
11582,1000000US170311911001000,23,6,0,0,0,0,15,8,0,15,17,0,8,8,0,30,0,0
11583,1000000US170311911001001,2,0,0,0,0,0,2,0,0,2,2,0,1,1,0,2,0,0
11584,1000000US170311911001002,37,6,1,0,0,0,30,7,0,30,31,1,15,14,1,56,0,0
11585,1000000US170311911001003,43,1,4,2,1,0,37,6,0,37,42,7,25,19,6,57,2,0
11586,1000000US170311911001004,12,0,8,0,0,0,4,8,0,4,12,0,7,7,0,16,0,0
11587,1000000US170311911001005,2,1,1,0,0,0,1,1,0,1,1,0,2,2,0,2,0,1
11588,1000000US170311911001006,103,3,4,8,0,0,100,3,0,100,100,27,35,35,0,164,8,4
11589,1000000US170311911001007,58,5,0,0,1,0,52,6,0,52,53,1,27,27,0,76,0,0
11590,1000000US170311911001008,6,6,0,0,0,0,0,6,0,0,0,0,2,2,0,7,0,0
11591,1000000US170311911001009,56,7,3,1,1,0,46,10,0,46,49,4,27,24,3,89,0,0
11592,1000000US170311911001010,89,1,5,2,0,0,83,6,0,83,88,3,36,36,0,146,2,0
11593,1000000US170311911001011,80,5,11,0,0,1,67,13,0,67,75,9,28,27,1,93,0,3
11594,1000000US170311911001012,32,1,0,0,0,0,31,1,0,31,31,1,11,11,0,44,0,0
11595,1000000US170311911001013,56,0,3,0,0,0,53,3,0,53,56,7,17,16,1,89,0,0
11596,1000000US170311911001014,0,0,0,0,0,0,0,0,0,0,0,0,0,0,0,0,0,0
11597,1000000US170311911001015,0,0,0,0,0,0,0,0,0,0,0,0,0,0,0,0,0,0
11598,1000000US170311911002000,37,0,1,0,0,0,37,0,0,37,37,0,19,16,3,48,0,1
11599,1000000US170311911002001,76,4,0,0,0,0,72,4,0,72,72,0,29,29,0,125,0,0
11600,1000000US170311911002002,100,11,3,4,1,0,85,15,0,85,89,2,42,38,4,166,4,0
11601,1000000US170311911002003,42,1,0,2,0,0,41,1,0,41,41,0,20,19,1,53,2,0
11602,1000000US170311911002004,31,5,0,0,0,0,26,5,0,26,26,3,17,16,1,38,0,0
11603,1000000US170311911002005,27,4,4,0,1,0,19,8,0,19,23,0,14,12,2,39,0,0
11604,1000000US170311911002006,33,1,0,1,0,0,32,1,0,32,32,0,15,14,1,53,1,0
11605,1000000US170311911002007,35,5,7,0,0,0,25,10,0,25,30,1,14,14,0,51,0,2
11606,1000000US170311911002008,65,9,3,3,3,0,53,12,0,53,56,0,29,25,4,114,3,3
11607,1000000US170311911002009,31,0,2,3,3,0,25,6,0,25,31,1,15,14,1,47,2,0
11608,1000000US170311911002010,87,7,17,3,1,0,67,20,0,67,80,4,43,40,3,119,3,5
11609,1000000US170311911002011,81,1,6,0,9,0,67,14,0,67,80,0,26,24,2,114,0,2
11610,1000000US170311911002012,41,2,0,3,0,2,37,4,0,37,39,0,16,16,0,62,3,0
11611,1000000US170311911002013,34,1,0,0,3,0,31,3,0,31,33,2,11,11,0,49,0,0
11612,1000000US170311911002014,0,0,0,0,0,0,0,0,0,0,0,0,0,0,0,0,0,0
11613,1000000US170311911003000,93,6,5,0,0,0,82,11,0,82,87,0,48,37,11,126,0,0
11614,1000000US170311911003001,50,2,2,0,0,0,46,4,0,46,48,1,32,19,13,72,0,0
11615,1000000US170311911003002,31,3,1,5,0,4,25,6,0,25,28,6,17,15,2,40,3,0
11616,1000000US170311911003003,83,11,4,1,1,0,67,16,0,67,72,6,35,34,1,113,1,0
11617,1000000US170311911003004,49,16,1,0,4,0,29,20,0,29,33,0,24,19,5,68,0,1
11618,1000000US170311911003005,50,0,2,0,0,0,50,0,0,50,50,0,25,22,3,79,0,2
11619,1000000US170311911003006,58,5,3,2,1,0,49,9,0,49,53,4,32,24,8,97,2,0
11620,1000000US170311911003007,100,5,5,4,1,0,85,15,0,85,95,4,42,41,1,147,2,0
11621,1000000US170311911003008,37,3,16,0,0,0,19,18,0,19,34,0,18,15,3,53,0,2
11622,1000000US170311911003009,7,0,0,0,0,0,7,0,0,7,7,0,3,3,0,10,0,0
11623,1000000US170311911003010,26,2,2,0,0,0,22,4,0,22,24,0,10,10,0,37,0,0
11624,1000000US170311911003011,15,0,0,0,2,0,13,2,0,13,15,0,9,6,3,21,0,0
11625,1000000US170311911003012,49,8,0,0,0,0,41,8,0,41,41,0,24,23,1,79,0,0
11626,1000000US170311911003013,2,0,0,0,0,0,2,0,0,2,2,0,4,1,3,5,0,0
11627,1000000US170311911004000,39,10,8,0,0,0,21,18,0,21,29,0,18,18,0,50,0,0
11628,1000000US170311911004001,87,11,14,0,1,0,62,25,0,62,76,2,42,39,3,122,0,0
11629,1000000US170311911004002,74,10,9,0,0,0,55,19,0,55,64,0,32,30,2,113,0,0
11630,1000000US170311911004003,94,1,15,0,1,0,79,15,0,79,93,2,57,44,13,133,0,1
11631,1000000US170311911004004,78,2,6,0,0,0,74,4,0,74,76,2,29,24,5,111,0,4
11632,1000000US170311911004005,61,10,0,0,0,0,51,10,0,51,51,0,21,19,2,85,0,0
11633,1000000US170311911004006,79,7,5,6,0,0,67,12,0,67,72,0,23,23,0,100,6,0
11634,1000000US170311911004007,144,8,9,0,0,0,136,8,0,136,136,1,49,47,2,228,0,9
11635,1000000US170311911004008,97,13,7,0,0,0,80,17,0,80,84,2,34,33,1,154,0,3
11636,1000000US170311911004009,79,2,7,4,0,0,73,6,0,73,77,6,38,34,4,114,2,5
11637,1000000US170311911004010,94,6,2,0,0,0,86,8,0,86,88,0,37,35,2,154,0,0
11638,1000000US170311911004011,86,9,8,1,0,0,71,15,0,71,77,0,47,40,7,135,1,3
11639,1000000US170311911005000,66,10,6,3,6,0,47,19,0,47,56,6,43,32,11,85,3,3
11640,1000000US170311911005001,11,0,6,0,0,0,5,6,0,5,11,0,4,4,0,17,0,0
11641,1000000US170311911005002,115,4,1,0,6,0,104,11,0,104,111,4,47,43,4,175,0,0
11642,1000000US170311911005003,138,2,6,12,1,0,134,4,0,134,136,15,52,51,1,233,12,5
11643,1000000US170311911005004,113,6,7,0,0,0,100,13,0,100,107,5,43,40,3,172,0,0
11644,1000000US170311911005005,66,4,6,0,1,0,56,10,0,56,62,1,32,31,1,108,0,0
11645,1000000US170311911005006,121,10,9,2,0,3,104,17,0,104,111,8,51,45,6,176,2,2
11646,1000000US170311911005007,76,3,6,0,2,0,67,9,0,67,73,9,32,26,6,114,0,0
11647,1000000US170311911005008,88,6,3,2,9,0,71,17,0,71,82,2,37,33,4,114,0,3
11648,1000000US170311911005009,64,15,1,2,0,0,48,16,0,48,49,0,37,29,8,96,2,0
11649,1000000US170311911005010,87,6,3,0,2,1,77,10,0,77,81,8,41,34,7,129,0,1
11650,1000000US170311911005011,75,6,9,0,2,0,63,12,0,63,69,1,29,29,0,117,0,4
11651,1000000US170311911005012,70,3,3,0,0,0,66,4,0,66,67,1,22,20,2,106,0,2
11652,1000000US170311911005013,53,7,4,0,0,0,43,10,0,43,46,0,23,20,3,79,0,1
11653,1000000US170311911005014,87,6,2,1,0,0,81,6,0,81,81,1,30,28,2,127,1,2
11654,1000000US170311911005015,86,10,0,0,0,0,76,10,0,76,76,2,41,37,4,144,0,0
11655,1000000US170311911005016,65,3,0,0,0,0,62,3,0,62,62,1,22,21,1,93,0,0
11656,1000000US170311911006000,82,8,0,0,0,0,74,8,0,74,74,0,29,28,1,123,0,0
11657,1000000US170311911006001,54,7,4,0,0,0,43,11,0,43,47,0,20,20,0,78,0,0
11658,1000000US170311911006002,68,1,8,8,0,0,60,8,0,60,67,0,21,20,1,85,8,4
11659,1000000US170311911006003,118,1,7,4,0,1,111,7,0,111,117,5,40,40,0,189,4,1
11660,1000000US170311911006004,43,0,8,0,0,0,39,4,0,39,43,6,25,20,5,77,0,4
11661,1000000US170311911006005,47,2,0,1,0,0,45,2,0,45,45,4,27,18,9,82,1,0
11662,1000000US170311911006006,46,2,0,1,4,0,41,5,0,41,44,1,17,17,0,73,1,0
11663,1000000US170311911006007,90,6,11,3,0,0,77,13,0,77,84,0,37,34,3,119,3,4
11664,1000000US170311911006008,36,1,9,2,0,0,24,12,0,24,35,2,17,17,0,49,0,0
11665,1000000US170311911006009,10,0,0,0,2,0,8,2,0,8,10,0,6,6,0,13,0,0
11666,1000000US170311911006010,17,0,0,0,0,0,17,0,0,17,17,0,5,5,0,28,0,0
11667,1000000US170311911006011,12,2,0,2,0,0,8,4,0,8,10,2,8,7,1,18,0,0
11668,1000000US170311912001000,0,0,0,0,0,0,0,0,0,0,0,0,0,0,0,0,0,0
11669,1000000US170311912001001,9,6,0,0,0,0,3,6,0,3,3,0,6,3,3,9,0,0
11670,1000000US170311912001002,11,5,0,0,0,0,6,5,0,6,6,0,9,7,2,15,0,0
11671,1000000US170311912001003,10,0,0,0,0,0,10,0,0,10,10,0,5,4,1,20,0,0
11672,1000000US170311912001004,28,3,0,0,0,0,25,3,0,25,25,0,11,10,1,45,0,0
11673,1000000US170311912001005,77,0,0,0,0,0,77,0,0,77,77,0,25,24,1,112,0,0
11674,1000000US170311912001006,91,2,7,1,0,0,89,2,0,89,89,0,51,39,12,165,1,7
11675,1000000US170311912001007,80,5,1,2,0,0,75,5,0,75,75,0,38,33,5,134,2,1
11676,1000000US170311912001008,81,4,1,0,1,0,76,5,0,76,77,3,36,33,3,119,0,0
11677,1000000US170311912001009,77,11,0,0,0,0,66,11,0,66,66,0,35,34,1,120,0,0
11678,1000000US170311912001010,108,3,3,0,0,0,102,6,0,102,105,8,40,36,4,149,0,0
11679,1000000US170311912001011,117,4,7,11,0,0,107,10,0,107,113,5,53,46,7,170,10,1
11680,1000000US170311912001012,99,9,3,0,0,0,89,10,0,89,90,5,30,29,1,150,0,2
11681,1000000US170311912001013,0,0,0,0,0,0,0,0,0,0,0,0,0,0,0,0,0,0
11682,1000000US170311912001014,123,6,10,4,0,0,105,18,0,105,117,1,57,47,10,192,4,1
11683,1000000US170311912001015,136,5,1,2,0,0,130,6,0,130,131,8,57,52,5,209,2,0
11684,1000000US170311912001016,124,10,0,0,0,0,114,10,0,114,114,2,60,49,11,191,0,0
11685,1000000US170311912001017,107,4,0,3,0,0,103,4,0,103,103,3,46,40,6,163,3,0
11686,1000000US170311912001018,90,4,5,1,0,0,83,7,0,83,86,8,37,36,1,147,1,4
11687,1000000US170311912001019,63,2,3,1,0,0,61,2,0,61,61,11,19,19,0,98,0,3
11688,1000000US170311912001020,140,2,2,2,0,0,136,4,0,136,138,11,62,51,11,217,0,0
11689,1000000US170311912001021,86,2,7,0,1,0,80,6,0,80,84,1,53,38,15,138,0,3
11690,1000000US170311912002000,0,0,0,0,0,0,0,0,0,0,0,0,0,0,0,0,0,0
11691,1000000US170311912002001,0,0,0,0,0,0,0,0,0,0,0,0,0,0,0,0,0,0
11692,1000000US170311912002002,0,0,0,0,0,0,0,0,0,0,0,0,0,0,0,0,0,0
11693,1000000US170311912002003,8,2,0,0,0,0,6,2,0,6,6,0,4,4,0,8,0,0
11694,1000000US170311912002004,0,0,0,0,0,0,0,0,0,0,0,0,0,0,0,0,0,0
11695,1000000US170311912002005,0,0,0,0,0,0,0,0,0,0,0,0,0,0,0,0,0,0
11696,1000000US170311912002006,0,0,0,0,0,0,0,0,0,0,0,0,0,0,0,0,0,0
11697,1000000US170311912002007,15,2,1,0,0,0,12,3,0,12,13,2,8,7,1,26,0,0
11698,1000000US170311912002008,123,16,9,5,6,0,101,22,0,101,107,4,55,50,5,203,5,4
11699,1000000US170311912002009,129,11,6,1,0,0,117,12,0,117,118,1,63,53,10,213,1,5
11700,1000000US170311912002010,172,3,8,11,0,0,162,10,0,162,169,9,76,71,5,280,11,1
11701,1000000US170311912002011,160,6,10,3,0,0,146,14,0,146,154,15,65,54,11,257,1,2
11702,1000000US170311912002012,5,5,0,0,0,0,0,5,0,0,0,0,6,2,4,5,0,0
11703,1000000US170311912002013,53,0,0,0,0,0,53,0,0,53,53,0,20,19,1,93,0,0
11704,1000000US170311912002014,26,6,0,2,0,0,20,6,0,20,20,3,11,10,1,32,2,0
11705,1000000US170311912002015,41,1,0,0,0,0,37,4,0,37,40,0,17,16,1,66,0,0
11706,1000000US170311912002016,69,2,8,2,1,4,57,12,0,57,67,6,31,29,2,107,0,1
11707,1000000US170311912002017,0,0,0,0,0,0,0,0,0,0,0,0,0,0,0,0,0,0
11708,1000000US170311913011000,7,0,7,0,0,0,0,7,0,0,7,0,3,3,0,9,0,0
11709,1000000US170311913011001,67,5,32,0,5,0,27,40,0,27,62,0,24,24,0,85,0,0
11710,1000000US170311913011002,0,0,0,0,0,0,0,0,0,0,0,0,0,0,0,0,0,0
11711,1000000US170311913011003,36,5,0,2,0,0,31,5,0,31,31,0,17,17,0,47,2,0
11712,1000000US170311913011004,32,3,7,1,0,0,24,8,0,24,29,4,18,13,5,40,0,2
11713,1000000US170311913011005,8,3,0,0,0,0,5,3,0,5,5,0,3,3,0,8,0,0
11714,1000000US170311913011006,61,4,10,0,3,0,44,17,0,44,57,3,33,28,5,87,0,0
11715,1000000US170311913011007,45,0,3,7,0,0,42,3,0,42,45,0,15,15,0,69,7,0
11716,1000000US170311913011008,77,3,9,0,4,0,67,10,0,67,74,3,45,34,11,133,0,6
11717,1000000US170311913011009,108,7,1,4,2,0,98,10,0,98,101,6,47,41,6,181,4,0
11718,1000000US170311913011010,97,6,3,0,11,9,78,19,0,78,91,10,38,36,2,156,0,0
11719,1000000US170311913011011,68,4,14,0,2,2,50,18,0,50,64,3,28,27,1,108,0,0
11720,1000000US170311913011012,44,0,0,0,0,0,44,0,0,44,44,0,17,16,1,84,0,0
11721,1000000US170311913011013,27,0,5,0,1,0,23,4,0,23,27,4,14,12,2,44,0,1
11722,1000000US170311913011014,94,2,0,0,0,0,92,2,0,92,92,9,33,32,1,122,0,0
11723,1000000US170311913011015,78,0,9,0,3,0,67,11,0,67,78,2,41,34,7,120,0,1
11724,1000000US170311913011016,40,3,3,0,4,0,33,7,0,33,37,0,17,15,2,59,0,3
11725,1000000US170311913011017,53,0,0,0,0,0,53,0,0,53,53,0,19,15,4,77,0,0
11726,1000000US170311913011018,0,0,0,0,0,0,0,0,0,0,0,0,0,0,0,0,0,0
11727,1000000US170311913011019,5,2,0,0,0,0,3,2,0,3,3,0,0,0,0,5,0,0
11728,1000000US170311913011020,16,0,0,0,4,0,12,4,0,12,16,0,7,5,2,29,0,0
11729,1000000US170311913011021,0,0,0,0,0,0,0,0,0,0,0,0,0,0,0,0,0,0
11730,1000000US170311913011022,20,0,2,0,0,0,18,2,0,18,20,0,11,11,0,34,0,0
11731,1000000US170311913011023,70,3,1,0,1,0,66,4,0,66,67,3,26,23,3,98,0,1
11732,1000000US170311913011024,56,1,10,2,5,0,44,12,0,44,55,2,16,16,0,77,2,4
11733,1000000US170311913011025,52,4,9,0,4,0,35,17,0,35,48,0,23,23,0,73,0,0
11734,1000000US170311913011026,45,2,1,0,13,0,30,15,0,30,43,0,22,19,3,69,0,1
11735,1000000US170311913011027,26,3,0,0,6,0,17,9,0,17,23,0,13,13,0,33,0,0
11736,1000000US170311913011028,40,4,0,0,3,0,33,7,0,33,36,1,15,15,0,59,0,0
11737,1000000US170311913011029,13,4,0,0,0,0,9,4,0,9,9,0,4,3,1,15,0,0
11738,1000000US170311913011030,11,3,0,0,0,0,8,3,0,8,8,0,6,6,0,14,0,0
11739,1000000US170311913011031,0,0,0,0,0,0,0,0,0,0,0,0,0,0,0,0,0,0
11740,1000000US170311913011032,3,0,0,0,0,0,3,0,0,3,3,0,2,2,0,3,0,0
11741,1000000US170311913011033,8,0,0,0,0,0,8,0,0,8,8,0,2,2,0,10,0,0
11742,1000000US170311913011034,63,4,13,0,7,0,39,24,0,39,59,0,29,29,0,82,0,0
11743,1000000US170311913011035,35,1,0,1,0,0,33,2,0,33,34,0,15,15,0,56,1,0
11744,1000000US170311913011036,2,0,0,0,0,0,2,0,0,2,2,0,2,1,1,2,0,0
11745,1000000US170311913011037,9,2,0,0,0,0,7,2,0,7,7,0,6,5,1,16,0,0
11746,1000000US170311913012000,0,0,0,0,0,0,0,0,0,0,0,0,0,0,0,0,0,0
11747,1000000US170311913012001,85,32,30,0,0,0,23,62,0,23,53,2,86,79,7,85,0,0
11748,1000000US170311913012002,0,0,0,0,0,0,0,0,0,0,0,0,0,0,0,0,0,0
11749,1000000US170311913012003,22,4,0,0,0,0,18,4,0,18,18,0,14,10,4,26,0,0
11750,1000000US170311913012004,73,9,12,6,0,0,55,18,0,55,64,4,29,23,6,102,6,3
11751,1000000US170311913012005,64,4,12,2,1,0,47,17,0,47,60,0,28,25,3,97,2,0
11752,1000000US170311913012006,90,4,3,1,0,10,77,13,0,77,86,18,33,32,1,132,0,0
11753,1000000US170311913012007,16,1,0,0,0,0,15,1,0,15,15,0,5,5,0,22,0,0
11754,1000000US170311913012008,19,5,5,0,0,0,9,10,0,9,14,0,5,5,0,25,0,0
11755,1000000US170311913012009,18,0,0,3,1,0,17,1,0,17,18,0,9,8,1,27,3,0
11756,1000000US170311913012010,29,2,8,0,0,0,19,10,0,19,27,0,11,11,0,42,0,0
11757,1000000US170311913012011,120,9,3,0,2,1,106,14,0,106,111,0,40,40,0,186,0,0
11758,1000000US170311913012012,116,5,15,0,0,0,98,18,0,98,111,2,51,48,3,189,0,2
11759,1000000US170311913012013,111,1,8,3,3,0,103,8,0,103,110,8,44,39,5,166,2,4
11760,1000000US170311913012014,136,11,26,0,6,2,96,40,0,96,125,2,48,47,1,196,0,0
11761,1000000US170311913012015,0,0,0,0,0,0,0,0,0,0,0,0,0,0,0,0,0,0
11762,1000000US170311913012016,94,2,16,0,1,0,77,17,0,77,92,0,34,29,5,137,0,2
11763,1000000US170311913012017,80,0,16,0,1,0,64,16,0,64,80,3,35,33,2,112,0,0
11764,1000000US170311913012018,1,1,0,0,0,0,0,1,0,0,0,0,1,1,0,1,0,0
11765,1000000US170311913013000,25,2,5,0,0,0,18,7,0,18,23,0,10,10,0,34,0,0
11766,1000000US170311913013001,19,1,9,0,0,0,9,10,0,9,18,0,7,7,0,27,0,0
11767,1000000US170311913013002,15,0,1,0,0,0,14,1,0,14,15,0,4,4,0,18,0,0
11768,1000000US170311913013003,4,0,0,0,0,0,4,0,0,4,4,0,1,1,0,5,0,0
11769,1000000US170311913013004,119,0,3,6,12,0,104,15,0,104,119,9,34,34,0,186,4,0
11770,1000000US170311913013005,72,6,8,3,8,0,51,21,0,51,66,1,28,27,1,104,3,1
11771,1000000US170311913013006,80,4,15,8,0,0,69,11,0,69,76,6,31,26,5,114,4,9
11772,1000000US170311913013007,48,6,9,0,0,0,33,15,0,33,42,0,25,20,5,75,0,0
11773,1000000US170311913013008,103,10,10,1,1,0,83,20,0,83,93,10,32,32,0,158,0,0
11774,1000000US170311913013009,65,2,4,0,0,6,59,6,0,59,63,0,22,21,1,92,0,0
11775,1000000US170311913013010,69,0,4,0,0,0,65,4,0,65,69,0,29,27,2,97,0,0
11776,1000000US170311913013011,25,1,5,0,0,0,19,6,0,19,24,0,10,10,0,37,0,0
11777,1000000US170311913013012,21,0,9,0,0,0,12,9,0,12,21,0,9,8,1,33,0,0
11778,1000000US170311913013013,32,0,12,0,3,0,29,3,0,29,32,0,6,6,0,39,0,12
11779,1000000US170311913013014,113,15,3,5,5,0,90,23,0,90,98,7,44,38,6,160,1,0
11780,1000000US170311913013015,92,10,14,1,0,0,73,19,0,73,82,5,36,33,3,125,0,6
11781,1000000US170311913013016,105,4,0,2,1,0,100,5,0,100,101,0,41,37,4,159,2,0
11782,1000000US170311913013017,71,9,2,0,0,1,60,11,0,60,62,2,34,31,3,111,0,0
11783,1000000US170311913013018,119,6,0,0,4,0,109,10,0,109,113,3,45,44,1,174,0,0
11784,1000000US170311913021000,43,4,6,1,7,0,27,16,0,27,39,2,22,22,0,51,0,0
11785,1000000US170311913021001,13,0,1,0,0,0,12,1,0,12,13,0,6,6,0,19,0,0
11786,1000000US170311913021002,32,0,4,2,6,0,21,11,0,21,32,2,26,16,10,66,1,0
11787,1000000US170311913021003,0,0,0,0,0,0,0,0,0,0,0,0,1,0,1,0,0,0
11788,1000000US170311913021004,76,8,0,0,0,0,68,8,0,68,68,8,26,24,2,100,0,0
11789,1000000US170311913021005,70,4,0,0,3,0,63,7,0,63,66,0,23,20,3,106,0,0
11790,1000000US170311913021006,76,14,2,0,2,0,58,18,0,58,62,1,28,27,1,112,0,0
11791,1000000US170311913021007,50,0,0,0,0,0,48,2,0,48,50,0,23,21,2,77,0,0
11792,1000000US170311913021008,71,3,3,0,0,0,66,5,0,66,68,3,29,28,1,105,0,3
11793,1000000US170311913021009,57,0,8,0,2,0,47,10,0,47,57,0,27,22,5,98,0,0
11794,1000000US170311913021010,65,11,0,0,0,0,54,11,0,54,54,8,28,25,3,103,0,0
11795,1000000US170311913021011,107,2,3,4,0,0,102,5,0,102,105,0,35,33,2,166,4,0
11796,1000000US170311913021012,91,8,8,0,6,1,76,15,0,76,83,0,42,36,6,127,0,7
11797,1000000US170311913021013,67,13,5,0,2,0,50,17,0,50,54,1,33,29,4,101,0,3
11798,1000000US170311913021014,64,0,4,0,3,0,59,5,0,59,64,2,27,23,4,93,0,0
11799,1000000US170311913021015,102,2,8,0,0,0,94,8,0,94,100,4,39,38,1,162,0,2
11800,1000000US170311913021016,53,0,4,0,0,0,49,4,0,49,53,2,20,19,1,70,0,0
11801,1000000US170311913021017,69,1,3,0,0,0,65,4,0,65,68,0,25,24,1,103,0,0
11802,1000000US170311913021018,6,0,0,0,0,0,6,0,0,6,6,1,2,2,0,9,0,0
11803,1000000US170311913021019,0,0,0,0,0,0,0,0,0,0,0,0,0,0,0,0,0,0
11804,1000000US170311913021020,29,8,0,0,0,0,20,9,0,20,21,1,17,14,3,35,0,0
11805,1000000US170311913021021,10,1,4,0,0,0,5,5,0,5,9,0,7,5,2,13,0,0
11806,1000000US170311913021022,4,0,0,3,0,0,4,0,0,4,4,0,1,1,0,5,3,0
11807,1000000US170311913021023,3,0,0,0,0,0,3,0,0,3,3,0,1,1,0,4,0,0
11808,1000000US170311913021024,8,4,2,0,0,0,3,5,0,3,4,0,4,4,0,10,0,1
11809,1000000US170311913021025,13,4,2,0,0,0,7,6,0,7,9,0,7,6,1,24,0,0
11810,1000000US170311913021026,62,8,10,0,0,0,44,18,0,44,54,4,29,25,4,105,0,0
11811,1000000US170311913021027,72,3,10,2,1,0,61,11,0,61,69,0,29,28,1,114,2,2
11812,1000000US170311913021028,80,6,0,2,8,0,70,10,0,70,74,1,33,28,5,122,2,0
11813,1000000US170311913021029,73,2,15,4,6,0,50,23,0,50,71,3,22,21,1,109,4,0
11814,1000000US170311913021030,41,7,0,0,0,0,34,7,0,34,34,4,21,20,1,63,0,0
11815,1000000US170311913021031,43,7,0,0,3,0,36,7,0,36,36,3,23,17,6,65,0,0
11816,1000000US170311913021032,42,0,11,0,0,2,32,10,0,32,42,0,22,19,3,62,0,2
11817,1000000US170311913021033,64,6,1,2,0,0,58,6,0,58,58,0,24,23,1,97,2,1
11818,1000000US170311913021034,52,1,7,0,0,0,48,4,0,48,51,3,21,17,4,73,0,4
11819,1000000US170311913021035,0,0,0,0,0,0,0,0,0,0,0,0,0,0,0,0,0,0
11820,1000000US170311913022000,7,1,1,0,5,4,4,3,0,4,6,5,6,3,3,8,0,0
11821,1000000US170311913022001,44,11,2,1,2,1,27,17,0,27,33,2,33,22,11,55,0,0
11822,1000000US170311913022002,11,2,0,0,0,0,9,2,0,9,9,0,5,5,0,13,0,0
11823,1000000US170311913022003,17,5,0,0,3,0,9,8,0,9,12,0,8,8,0,21,0,0
11824,1000000US170311913022004,0,0,0,0,0,0,0,0,0,0,0,0,0,0,0,0,0,0
11825,1000000US170311913022005,50,4,1,0,0,0,46,4,0,46,46,0,29,22,7,80,0,1
11826,1000000US170311913022006,77,5,1,5,0,0,70,7,0,70,72,2,36,29,7,103,5,0
11827,1000000US170311913022007,62,12,0,0,0,0,50,12,0,50,50,0,24,24,0,95,0,0
11828,1000000US170311913022008,88,15,7,0,0,0,71,17,0,71,73,4,38,33,5,133,0,5
11829,1000000US170311913022009,81,2,6,0,0,0,75,6,0,75,79,0,36,32,4,135,0,2
11830,1000000US170311913022010,66,1,4,0,0,0,61,5,0,61,65,1,28,27,1,99,0,0
11831,1000000US170311913022011,78,10,0,0,5,0,63,15,0,63,68,1,35,30,5,107,0,0
11832,1000000US170311913022012,129,3,9,1,0,0,120,9,0,120,126,1,48,43,5,188,1,3
11833,1000000US170311913022013,113,8,21,1,0,0,92,21,0,92,105,4,45,39,6,196,1,8
11834,1000000US170311913022014,94,7,9,0,0,1,79,15,0,79,87,1,50,41,9,132,0,1
11835,1000000US170311913022015,87,4,6,0,2,2,77,10,0,77,83,5,36,36,0,131,0,1
11836,1000000US170311913022016,98,7,13,1,0,0,84,14,0,84,91,6,35,35,0,152,0,6
11837,1000000US170311913022017,104,21,11,0,0,0,73,31,0,73,83,0,34,32,2,164,0,1
11838,1000000US170311913022018,75,16,7,3,3,0,49,26,0,49,59,4,39,33,6,101,0,2
11839,1000000US170311913022019,70,9,6,0,0,0,56,14,0,56,61,0,24,23,1,100,0,1
11840,1000000US170311913022020,15,5,0,0,1,0,9,6,0,9,10,3,9,8,1,27,0,0
11841,1000000US170311913022021,41,2,5,0,0,0,34,7,0,34,39,0,13,12,1,64,0,0
11842,1000000US170311913022022,35,11,0,0,0,0,24,11,0,24,24,2,13,13,0,46,0,0
11843,1000000US170311913022023,26,0,0,0,4,0,22,4,0,22,26,0,12,8,4,34,0,0
11844,1000000US170311913022024,29,2,0,0,0,0,27,2,0,27,27,0,12,10,2,48,0,0
11845,1000000US170311913022025,16,1,0,4,1,0,14,2,0,14,15,0,6,6,0,23,4,0
11846,1000000US170311913022026,21,2,0,0,0,0,19,2,0,19,19,0,14,12,2,35,0,0
11847,1000000US170311913022027,9,1,1,0,0,0,7,2,0,7,8,0,12,7,5,18,0,0
11848,1000000US170311913022028,27,2,0,1,0,0,25,2,0,25,25,2,15,10,5,31,1,0
11849,1000000US170311913022029,12,2,0,5,0,0,10,2,0,10,10,0,8,6,2,20,5,0
11850,1000000US170311913022030,41,0,1,0,4,0,36,5,0,36,41,2,19,15,4,51,0,0
11851,1000000US170311913022031,18,3,0,0,0,0,15,3,0,15,15,0,8,8,0,29,0,0
11852,1000000US170311913022032,0,0,0,0,0,0,0,0,0,0,0,0,0,0,0,0,0,0
11853,1000000US170311913022033,21,3,0,0,0,0,18,3,0,18,18,0,8,7,1,26,0,0
11854,1000000US170311913022034,0,0,0,0,0,0,0,0,0,0,0,0,0,0,0,0,0,0
11855,1000000US170312001001000,0,0,0,0,0,0,0,0,0,0,0,0,0,0,0,0,0,0
11856,1000000US170312001001001,0,0,0,0,0,0,0,0,0,0,0,0,0,0,0,0,0,0
11857,1000000US170312001001002,123,67,4,3,4,0,48,75,0,48,56,1,60,60,0,156,3,0
11858,1000000US170312001001003,24,5,1,0,0,0,19,5,0,19,19,0,11,10,1,34,0,1
11859,1000000US170312001001004,25,8,0,0,0,0,17,8,0,17,17,0,9,9,0,37,0,0
11860,1000000US170312001001005,1,1,0,0,0,0,0,1,0,0,0,0,1,1,0,1,0,0
11861,1000000US170312001001006,59,12,2,0,3,0,42,17,0,42,47,1,24,22,2,73,0,0
11862,1000000US170312001001007,46,4,0,0,0,0,42,4,0,42,42,0,13,13,0,67,0,0
11863,1000000US170312001001008,74,14,2,0,3,0,55,19,0,55,60,0,23,23,0,100,0,0
11864,1000000US170312001001009,52,13,4,9,0,0,39,13,0,39,39,8,23,18,5,70,5,4
11865,1000000US170312001001010,71,15,0,0,6,0,50,21,0,50,56,2,27,25,2,106,0,0
11866,1000000US170312001001011,55,3,0,0,6,0,46,9,0,46,52,1,21,20,1,80,0,0
11867,1000000US170312001001012,52,4,3,7,0,0,45,7,0,45,48,1,27,26,1,70,7,0
11868,1000000US170312001001013,55,6,3,0,0,0,49,6,0,49,49,0,28,25,3,83,0,3
11869,1000000US170312001001014,35,5,1,1,0,0,30,5,0,30,30,1,15,14,1,42,0,1
11870,1000000US170312001001015,0,0,0,0,0,0,0,0,0,0,0,0,0,0,0,0,0,0
11871,1000000US170312001001016,0,0,0,0,0,0,0,0,0,0,0,0,0,0,0,0,0,0
11872,1000000US170312001001017,0,0,0,0,0,0,0,0,0,0,0,0,0,0,0,0,0,0
11873,1000000US170312001001018,0,0,0,0,0,0,0,0,0,0,0,0,0,0,0,0,0,0
11874,1000000US170312001002000,0,0,0,0,0,0,0,0,0,0,0,0,0,0,0,0,0,0
11875,1000000US170312001002001,11,4,0,0,0,0,7,4,0,7,7,0,6,6,0,15,0,0
11876,1000000US170312001002002,65,5,0,2,0,0,60,5,0,60,60,0,21,20,1,98,2,0
11877,1000000US170312001002003,43,7,0,0,2,0,34,9,0,34,36,0,15,15,0,56,0,0
11878,1000000US170312001002004,56,15,0,2,7,0,33,23,0,33,41,5,20,20,0,77,2,0
11879,1000000US170312001002005,54,8,0,0,0,0,45,9,0,45,46,6,20,19,1,75,0,0
11880,1000000US170312001002006,72,13,1,0,5,0,54,18,0,54,59,4,31,26,5,98,0,0
11881,1000000US170312001002007,68,10,4,2,6,0,48,20,0,48,58,2,29,26,3,88,2,0
11882,1000000US170312001002008,53,4,1,0,3,0,46,7,0,46,49,1,19,19,0,61,0,1
11883,1000000US170312001002009,67,13,1,0,1,0,52,15,0,52,54,1,26,25,1,96,0,0
11884,1000000US170312001002010,77,22,0,0,8,2,48,29,0,48,55,2,42,39,3,104,0,0
11885,1000000US170312001002011,62,11,4,1,0,0,50,12,0,50,51,0,31,27,4,90,1,4
11886,1000000US170312001002012,66,7,1,1,1,0,57,9,0,57,59,0,21,21,0,100,1,1
11887,1000000US170312001002013,38,9,2,0,2,0,25,13,0,25,29,2,20,14,6,45,0,0
11888,1000000US170312001002014,66,4,4,0,0,0,61,5,0,61,62,0,20,19,1,90,0,3
11889,1000000US170312001002015,72,12,0,2,7,0,54,18,0,54,60,2,31,29,2,109,2,0
11890,1000000US170312001002016,71,9,2,1,0,0,60,11,0,60,62,0,30,29,1,94,1,0
11891,1000000US170312001002017,61,5,3,0,1,0,54,7,0,54,56,1,29,27,2,81,0,2
11892,1000000US170312001002018,14,2,3,0,0,0,10,4,0,10,12,0,9,9,0,15,0,1
11893,1000000US170312001002019,19,0,6,0,0,0,19,0,0,19,19,7,6,6,0,25,0,6
11894,1000000US170312001003000,0,0,0,0,0,0,0,0,0,0,0,0,0,0,0,0,0,0
11895,1000000US170312001003001,0,0,0,0,0,0,0,0,0,0,0,0,0,0,0,0,0,0
11896,1000000US170312001003002,0,0,0,0,0,0,0,0,0,0,0,0,0,0,0,0,0,0
11897,1000000US170312001003003,0,0,0,0,0,0,0,0,0,0,0,0,0,0,0,0,0,0
11898,1000000US170312001003004,0,0,0,0,0,0,0,0,0,0,0,0,0,0,0,0,0,0
11899,1000000US170312001003005,62,21,8,1,0,0,28,34,0,28,41,1,40,33,7,74,1,1
11900,1000000US170312001003006,93,24,0,1,3,0,66,27,0,66,69,7,49,42,7,132,1,0
11901,1000000US170312001003007,0,0,0,0,0,0,0,0,0,0,0,0,0,0,0,0,0,0
11902,1000000US170312001003008,0,0,0,0,0,0,0,0,0,0,0,0,0,0,0,0,0,0
11903,1000000US170312001003009,0,0,0,0,0,0,0,0,0,0,0,0,0,0,0,0,0,0
11904,1000000US170312001003010,19,3,1,2,0,0,15,4,0,15,16,0,11,11,0,29,2,0
11905,1000000US170312001003011,164,73,18,7,4,0,71,93,0,71,91,10,113,98,15,217,4,4
11906,1000000US170312001003012,38,14,0,0,0,0,24,14,0,24,24,0,17,16,1,50,0,0
11907,1000000US170312001003013,30,2,3,1,12,0,13,17,0,13,28,1,11,10,1,43,1,0
11908,1000000US170312001003014,84,29,3,0,1,0,54,30,0,54,55,2,37,37,0,109,0,3
11909,1000000US170312001003015,49,19,0,0,2,0,28,21,0,28,30,0,16,16,0,70,0,0
11910,1000000US170312001003016,43,13,0,0,1,0,30,13,0,30,30,6,19,16,3,58,0,0
11911,1000000US170312001003017,56,11,0,0,2,0,43,13,0,43,45,0,19,18,1,68,0,0
11912,1000000US170312001003018,66,29,3,0,2,0,31,35,0,31,37,0,45,41,4,87,0,0
11913,1000000US170312001003019,58,6,0,0,16,0,36,22,0,36,52,0,23,20,3,86,0,0
11914,1000000US170312001003020,68,10,3,0,9,0,46,22,0,46,58,0,30,29,1,89,0,0
11915,1000000US170312001003021,73,12,2,2,0,0,61,12,0,61,61,0,32,29,3,109,2,2
11916,1000000US170312001003022,84,13,7,1,11,0,53,31,0,53,71,3,36,35,1,116,0,0
11917,1000000US170312001003023,81,17,1,2,0,0,63,18,0,63,64,1,31,30,1,104,1,0
11918,1000000US170312001003024,58,11,0,0,5,0,43,15,0,43,47,7,23,23,0,80,0,0
11919,1000000US170312001003025,74,10,5,1,0,0,62,12,0,62,64,1,36,30,6,100,1,3
11920,1000000US170312001003026,74,11,0,0,0,0,63,11,0,63,63,0,26,24,2,103,0,0
11921,1000000US170312001003027,66,1,0,0,0,0,65,1,0,65,65,1,22,22,0,103,0,0
11922,1000000US170312001003028,0,0,0,0,0,0,0,0,0,0,0,0,0,0,0,0,0,0
11923,1000000US170312001003029,62,6,4,5,1,0,53,9,0,53,56,4,26,26,0,97,2,3
11924,1000000US170312001003030,37,9,5,0,6,2,19,18,0,19,28,2,22,18,4,48,0,0
11925,1000000US170312001003031,4,3,0,0,0,0,1,3,0,1,1,0,5,4,1,4,0,0
11926,1000000US170312001003032,25,0,4,0,0,0,21,4,0,21,25,0,12,10,2,42,0,0
11927,1000000US170312002001000,0,0,0,0,0,0,0,0,0,0,0,0,0,0,0,0,0,0
11928,1000000US170312002001001,0,0,0,0,0,0,0,0,0,0,0,0,0,0,0,0,0,0
11929,1000000US170312002001002,3,0,0,0,0,0,3,0,0,3,3,0,1,1,0,4,0,0
11930,1000000US170312002001003,0,0,0,0,0,0,0,0,0,0,0,0,0,0,0,0,0,0
11931,1000000US170312002001004,46,17,9,0,1,0,19,27,0,19,29,2,35,28,7,52,0,0
11932,1000000US170312002001005,86,8,0,0,0,0,78,8,0,78,78,0,35,33,2,119,0,0
11933,1000000US170312002001006,124,24,2,2,15,1,84,40,0,84,100,7,58,55,3,169,2,1
11934,1000000US170312002001007,118,17,5,1,0,2,97,21,0,97,101,10,51,48,3,161,1,1
11935,1000000US170312002001008,117,19,3,1,4,0,93,24,0,93,98,7,46,43,3,173,0,1
11936,1000000US170312002001009,106,14,8,1,1,0,86,20,0,86,92,4,52,47,5,155,0,2
11937,1000000US170312002001010,120,5,2,0,1,0,114,6,0,114,115,4,50,48,2,167,0,2
11938,1000000US170312002001011,84,9,2,1,4,0,69,15,0,69,75,4,36,36,0,115,1,0
11939,1000000US170312002001012,42,3,5,0,0,4,37,5,0,37,39,4,23,19,4,61,0,3
11940,1000000US170312002001013,0,0,0,0,0,0,0,0,0,0,0,0,0,0,0,0,0,0
11941,1000000US170312002002000,0,0,0,0,0,0,0,0,0,0,0,0,0,0,0,0,0,0
11942,1000000US170312002002001,0,0,0,0,0,0,0,0,0,0,0,0,0,0,0,0,0,0
11943,1000000US170312002002002,42,8,0,0,0,0,34,8,0,34,34,0,19,16,3,54,0,0
11944,1000000US170312002002003,32,5,1,0,0,0,27,5,0,27,27,3,20,15,5,45,0,1
11945,1000000US170312002002004,0,0,0,0,0,0,0,0,0,0,0,0,0,0,0,0,0,0
11946,1000000US170312002002005,95,2,5,2,1,1,88,7,0,88,93,2,42,39,3,143,2,1
11947,1000000US170312002002006,58,10,5,0,0,0,48,10,0,48,48,0,34,27,7,70,0,5
11948,1000000US170312002002007,65,2,8,0,0,0,58,7,0,58,63,1,33,30,3,90,0,3
11949,1000000US170312002002008,49,8,0,0,0,0,38,11,0,38,41,0,30,20,10,69,0,0
11950,1000000US170312002002009,89,3,6,3,6,0,80,9,0,80,86,14,35,31,4,122,3,3
11951,1000000US170312002002010,31,0,0,0,13,0,18,13,0,18,31,0,11,10,1,43,0,0
11952,1000000US170312002002011,70,3,2,0,5,0,61,9,0,61,67,2,30,28,2,95,0,1
11953,1000000US170312002002012,88,1,2,0,0,0,85,3,0,85,87,2,48,42,6,120,0,0
11954,1000000US170312002002013,37,7,2,0,5,0,24,13,0,24,30,5,18,17,1,53,0,1
11955,1000000US170312002002014,79,13,8,0,1,0,57,22,0,57,66,2,36,31,5,113,0,0
11956,1000000US170312002002015,49,0,10,0,0,0,48,1,0,48,49,3,24,20,4,88,0,9
11957,1000000US170312002002016,79,0,4,0,0,1,76,3,0,76,79,2,30,30,0,96,0,1
11958,1000000US170312002002017,89,13,1,0,0,0,76,13,0,76,76,0,40,34,6,152,0,1
11959,1000000US170312002002018,84,14,2,0,2,0,66,18,0,66,70,0,38,37,1,123,0,0
11960,1000000US170312002002019,28,0,2,0,0,0,28,0,0,28,28,0,14,11,3,38,0,2
11961,1000000US170312002002020,82,1,1,4,0,0,80,2,0,80,81,3,39,35,4,120,4,0
11962,1000000US170312002002021,80,2,0,0,0,0,78,2,0,78,78,0,30,26,4,107,0,0
11963,1000000US170312002002022,4,0,0,0,0,0,4,0,0,4,4,0,3,3,0,10,0,0
11964,1000000US170312002003000,73,3,6,1,0,0,69,4,0,69,70,0,26,23,3,102,1,5
11965,1000000US170312002003001,83,18,5,4,4,0,60,23,0,60,65,6,37,36,1,111,1,5
11966,1000000US170312002003002,0,0,0,0,0,0,0,0,0,0,0,0,0,0,0,0,0,0
11967,1000000US170312002003003,53,5,10,2,1,1,44,9,0,44,48,3,24,21,3,77,2,7
11968,1000000US170312002003004,116,4,12,0,0,0,99,17,0,99,112,5,58,53,5,166,0,1
11969,1000000US170312002003005,66,8,8,1,0,0,56,10,0,56,58,0,30,27,3,99,1,6
11970,1000000US170312002003006,75,6,0,0,0,0,69,6,0,69,69,0,25,24,1,108,0,0
11971,1000000US170312002003007,0,0,0,0,0,0,0,0,0,0,0,0,0,0,0,0,0,0
11972,1000000US170312002003008,83,6,0,0,0,0,77,6,0,77,77,0,30,28,2,133,0,0
11973,1000000US170312002003009,90,4,7,0,1,0,79,11,0,79,86,3,46,42,4,131,0,0
11974,1000000US170312002003010,82,8,1,0,1,0,72,10,0,72,74,2,38,35,3,107,0,0
11975,1000000US170312002003011,60,10,1,1,0,0,49,11,0,49,50,1,35,29,6,82,1,0
11976,1000000US170312002003012,0,0,0,0,0,0,0,0,0,0,0,0,0,0,0,0,0,0
11977,1000000US170312002003013,57,4,11,0,0,0,47,10,0,47,53,9,34,27,7,71,0,10
11978,1000000US170312002004000,12,1,0,0,0,0,11,1,0,11,11,2,6,6,0,20,0,0
11979,1000000US170312002004001,14,3,0,0,0,0,11,3,0,11,11,0,6,6,0,21,0,0
11980,1000000US170312002004002,0,0,0,0,0,0,0,0,0,0,0,0,0,0,0,0,0,0
11981,1000000US170312002004003,69,4,2,1,0,0,63,6,0,63,65,4,26,24,2,97,1,0
11982,1000000US170312002004004,113,31,12,0,3,0,66,47,0,66,82,3,55,54,1,157,0,0
11983,1000000US170312002004005,0,0,0,0,0,0,0,0,0,0,0,0,0,0,0,0,0,0
11984,1000000US170312002004006,65,2,8,3,0,0,58,7,0,58,63,5,30,27,3,97,3,3
11985,1000000US170312002004007,0,0,0,0,0,0,0,0,0,0,0,0,0,0,0,0,0,0
11986,1000000US170312002004008,10,0,0,0,0,0,10,0,0,10,10,0,3,3,0,12,0,0
11987,1000000US170312002004009,65,8,8,0,0,0,54,11,0,54,57,0,27,27,0,90,0,5
11988,1000000US170312002004010,83,14,0,0,3,0,67,16,0,67,69,1,36,33,3,119,0,0
11989,1000000US170312002004011,114,15,0,0,1,0,98,16,0,98,99,2,50,46,4,153,0,0
11990,1000000US170312002004012,83,9,7,1,4,0,65,18,0,65,74,2,38,37,1,112,0,1
11991,1000000US170312002004013,106,14,6,10,0,0,89,17,0,89,92,2,49,45,4,142,10,4
11992,1000000US170312002004014,110,3,12,4,5,0,98,12,0,98,107,8,48,46,2,170,4,8
11993,1000000US170312002004015,80,12,8,1,0,0,60,20,0,60,68,1,47,38,9,123,0,1
11994,1000000US170312002004016,0,0,0,0,0,0,0,0,0,0,0,0,0,0,0,0,0,0
11995,1000000US170312003001000,21,6,0,0,2,0,13,8,0,13,15,0,9,9,0,26,0,0
11996,1000000US170312003001001,0,0,0,0,0,0,0,0,0,0,0,0,0,0,0,0,0,0
11997,1000000US170312003001002,15,5,1,0,0,0,9,6,0,9,10,0,6,6,0,19,0,0
11998,1000000US170312003001003,23,2,0,0,0,0,21,2,0,21,21,1,10,9,1,33,0,0
11999,1000000US170312003001004,56,4,0,0,0,0,52,4,0,52,52,0,17,17,0,77,0,0
12000,1000000US170312003001005,70,7,8,0,0,2,58,12,0,58,63,4,41,36,5,91,0,3
12001,1000000US170312003001006,47,7,0,1,0,0,40,7,0,40,40,0,22,22,0,62,1,0
12002,1000000US170312003001007,65,9,0,3,0,0,55,10,0,55,56,2,27,23,4,111,3,0
12003,1000000US170312003001008,61,8,3,0,1,0,52,9,0,52,53,3,24,21,3,87,0,3
12004,1000000US170312003001009,54,4,0,0,0,0,50,4,0,50,50,4,25,22,3,85,0,0
12005,1000000US170312003001010,77,7,1,1,3,0,69,8,0,69,70,4,34,34,0,117,1,0
12006,1000000US170312003001011,77,7,1,2,0,0,67,10,0,67,70,8,34,31,3,107,1,0
12007,1000000US170312003001012,66,9,3,0,0,0,54,12,0,54,57,4,24,24,0,108,0,0
12008,1000000US170312003001013,61,10,0,0,0,0,51,10,0,51,51,0,21,20,1,80,0,0
12009,1000000US170312003002000,27,1,0,0,3,0,23,4,0,23,26,0,11,11,0,37,0,0
12010,1000000US170312003002001,31,2,2,0,1,0,29,2,0,29,29,0,14,12,2,48,0,2
12011,1000000US170312003002002,15,2,4,5,0,0,13,2,0,13,13,5,7,7,0,17,3,4
12012,1000000US170312003002003,28,8,8,0,0,0,12,16,0,12,20,0,20,16,4,32,0,0
12013,1000000US170312003002004,18,1,17,0,0,0,3,15,0,3,17,0,12,10,2,24,0,3
12014,1000000US170312003002005,0,0,0,0,0,0,0,0,0,0,0,0,0,0,0,0,0,0
12015,1000000US170312003002006,85,6,9,0,0,1,74,11,0,74,79,5,38,31,7,131,0,4
12016,1000000US170312003002007,85,3,0,0,0,0,82,3,0,82,82,7,33,31,2,130,0,0
12017,1000000US170312003002008,69,1,1,0,0,1,68,1,0,68,68,2,32,29,3,91,0,1
12018,1000000US170312003002009,91,4,1,2,0,0,86,5,0,86,87,4,44,42,2,150,2,0
12019,1000000US170312003002010,100,0,13,2,6,1,89,11,0,89,100,16,35,34,1,134,2,2
12020,1000000US170312003002011,48,4,2,4,0,1,43,5,0,43,44,6,18,17,1,73,2,2
12021,1000000US170312003002012,57,7,5,0,0,0,49,8,0,49,50,0,20,20,0,79,0,4
12022,1000000US170312003002013,69,8,0,0,0,0,61,8,0,61,61,0,23,23,0,94,0,0
12023,1000000US170312003002014,40,9,1,0,2,0,29,11,0,29,31,0,21,19,2,60,0,1
12024,1000000US170312003002015,69,5,0,0,4,0,60,9,0,60,64,4,36,29,7,106,0,0
12025,1000000US170312004011000,60,12,6,0,0,0,43,17,0,43,48,0,33,26,7,97,0,1
12026,1000000US170312004011001,15,3,0,0,0,0,12,3,0,12,12,0,7,7,0,17,0,0
12027,1000000US170312004011002,71,16,2,3,0,0,53,18,0,53,55,5,26,24,2,99,1,2
12028,1000000US170312004011003,78,6,5,2,0,0,72,6,0,72,72,1,30,30,0,107,2,5
12029,1000000US170312004011004,88,3,4,0,0,0,81,7,0,81,85,2,37,34,3,144,0,0
12030,1000000US170312004011005,0,0,0,0,0,0,0,0,0,0,0,0,0,0,0,0,0,0
12031,1000000US170312004011006,0,0,0,0,0,0,0,0,0,0,0,0,0,0,0,0,0,0
12032,1000000US170312004011007,71,4,4,0,0,0,63,8,0,63,67,4,30,29,1,98,0,1
12033,1000000US170312004011008,104,1,5,0,0,0,98,6,0,98,103,0,40,35,5,133,0,0
12034,1000000US170312004011009,64,2,1,0,0,0,62,2,0,62,62,0,29,25,4,99,0,1
12035,1000000US170312004011010,96,9,5,0,0,0,84,12,0,84,87,0,33,31,2,134,0,2
12036,1000000US170312004011011,101,6,19,5,0,0,81,20,0,81,95,10,46,44,2,135,2,5
12037,1000000US170312004011012,57,5,24,0,0,0,30,27,0,30,52,2,28,27,1,82,0,2
12038,1000000US170312004011013,0,0,0,0,0,0,0,0,0,0,0,0,0,0,0,0,0,0
12039,1000000US170312004012000,79,1,0,1,8,0,70,9,0,70,78,2,35,32,3,113,1,0
12040,1000000US170312004012001,96,3,2,1,0,0,93,3,0,93,93,10,37,33,4,146,1,2
12041,1000000US170312004012002,87,4,2,0,0,0,81,6,0,81,83,0,34,30,4,129,0,0
12042,1000000US170312004012003,92,2,3,0,5,0,85,7,0,85,90,0,30,28,2,127,0,3
12043,1000000US170312004012004,95,5,3,2,0,0,90,5,0,90,90,5,38,36,2,134,0,3
12044,1000000US170312004012005,88,8,0,3,0,0,80,8,0,80,80,0,38,32,6,139,3,0
12045,1000000US170312004012006,127,9,5,0,0,0,115,12,0,115,118,5,45,42,3,202,0,3
12046,1000000US170312004012007,74,13,4,1,0,0,57,17,0,57,61,1,37,29,8,107,1,0
12047,1000000US170312004012008,94,8,2,0,0,0,84,10,0,84,86,0,27,27,0,144,0,0
12048,1000000US170312004012009,17,1,2,0,0,1,15,2,0,15,16,1,8,8,0,32,0,1
12049,1000000US170312004012010,78,4,10,0,0,0,68,10,0,68,74,2,43,34,9,112,0,4
12050,1000000US170312004012011,66,7,0,0,2,0,57,9,0,57,59,1,30,26,4,87,0,0
12051,1000000US170312004012012,123,13,6,3,0,0,108,15,0,108,110,6,64,61,3,171,3,4
12052,1000000US170312004012013,89,8,7,1,0,0,77,12,0,77,81,10,44,37,7,134,1,6
12053,1000000US170312004012014,12,3,1,0,0,0,8,4,0,8,9,0,5,5,0,19,0,0
12054,1000000US170312004012015,36,1,1,0,0,0,34,2,0,34,35,1,21,15,6,58,0,1
12055,1000000US170312004012016,31,7,3,0,0,0,22,9,0,22,24,2,19,16,3,47,0,1
12056,1000000US170312004012017,32,3,8,4,0,0,21,11,0,21,29,0,10,10,0,41,4,0
12057,1000000US170312004012018,66,6,1,0,0,0,59,7,0,59,60,0,27,23,4,111,0,0
12058,1000000US170312004012019,23,0,2,0,0,0,21,2,0,21,23,0,12,10,2,51,0,0
12059,1000000US170312004012020,20,6,1,0,0,0,14,6,0,14,14,3,6,6,0,24,0,1
12060,1000000US170312004012021,50,1,1,0,0,0,49,1,0,49,49,0,22,20,2,77,0,1
12061,1000000US170312004012022,20,1,1,1,2,0,16,4,0,16,19,0,7,7,0,26,1,0
12062,1000000US170312004012023,94,4,8,2,0,0,82,12,0,82,90,1,41,37,4,145,2,0
12063,1000000US170312004012024,11,0,0,0,0,0,11,0,0,11,11,0,8,4,4,24,0,0
12064,1000000US170312004012025,42,1,0,1,0,0,41,1,0,41,41,0,21,19,2,58,1,0
12065,1000000US170312004021000,19,7,0,0,0,0,12,7,0,12,12,0,7,7,0,24,0,0
12066,1000000US170312004021001,66,4,4,0,1,0,58,8,0,58,62,5,30,26,4,91,0,0
12067,1000000US170312004021002,98,1,6,3,0,0,91,7,0,91,97,10,41,39,2,158,2,0
12068,1000000US170312004021003,119,5,10,4,1,0,104,15,0,104,114,5,47,43,4,173,4,1
12069,1000000US170312004021004,92,4,4,0,7,0,79,13,0,79,88,1,41,28,13,120,0,2
12070,1000000US170312004021005,90,2,5,0,0,1,85,5,0,85,88,3,42,36,6,127,0,2
12071,1000000US170312004021006,91,7,5,0,0,0,81,10,0,81,84,4,41,35,6,148,0,3
12072,1000000US170312004021007,61,4,11,2,0,0,52,9,0,52,57,2,35,30,5,86,2,6
12073,1000000US170312004021008,59,0,9,0,0,0,51,8,0,51,59,0,31,25,6,98,0,1
12074,1000000US170312004021009,74,3,10,3,0,0,62,12,0,62,71,1,35,30,5,109,3,1
12075,1000000US170312004021010,79,6,0,0,0,0,73,6,0,73,73,1,36,34,2,117,0,0
12076,1000000US170312004021011,41,1,5,0,0,0,40,1,0,40,40,6,22,16,6,74,0,5
12077,1000000US170312004021012,89,8,4,0,0,0,77,12,0,77,81,0,34,31,3,132,0,0
12078,1000000US170312004021013,17,0,4,0,0,0,15,2,0,15,17,0,9,8,1,18,0,2
12079,1000000US170312004021014,41,0,10,1,1,0,29,12,0,29,41,1,19,17,2,50,1,0
12080,1000000US170312004021015,25,0,4,0,0,0,21,4,0,21,25,0,11,11,0,33,0,0
12081,1000000US170312004021016,38,0,4,0,0,0,34,4,0,34,38,0,15,15,0,51,0,0
12082,1000000US170312004021017,30,4,7,1,0,0,19,11,0,19,26,4,19,16,3,40,0,0
12083,1000000US170312004021018,20,2,0,0,0,0,18,2,0,18,18,0,12,12,0,23,0,0
12084,1000000US170312004022000,92,1,3,0,0,0,89,3,0,89,91,1,44,34,10,149,0,1
12085,1000000US170312004022001,118,4,7,1,2,0,106,12,0,106,114,8,52,49,3,161,1,2
12086,1000000US170312004022002,115,5,6,5,1,0,105,10,0,105,110,5,53,53,0,156,1,2
12087,1000000US170312004022003,82,0,5,0,6,0,73,9,0,73,82,11,46,34,12,137,0,2
12088,1000000US170312004022004,53,2,6,1,0,0,48,5,0,48,51,3,27,25,2,74,1,3
12089,1000000US170312004022005,0,0,0,0,0,0,0,0,0,0,0,0,0,0,0,0,0,0
12090,1000000US170312004022006,0,0,0,0,0,0,0,0,0,0,0,0,0,0,0,0,0,0
12091,1000000US170312004022007,136,2,3,1,0,0,132,4,0,132,134,7,69,54,15,231,1,1
12092,1000000US170312004022008,93,6,6,0,2,1,81,12,0,81,87,5,32,31,1,129,0,2
12093,1000000US170312004022009,77,4,1,0,0,0,72,5,0,72,73,1,32,31,1,103,0,1
12094,1000000US170312004022010,82,1,4,0,0,0,78,4,0,78,81,3,42,32,10,124,0,1
12095,1000000US170312004022011,116,8,0,0,0,0,108,8,0,108,108,4,50,44,6,167,0,0
12096,1000000US170312004022012,0,0,0,0,0,0,0,0,0,0,0,0,0,0,0,0,0,0
12097,1000000US170312004022013,0,0,0,0,0,0,0,0,0,0,0,0,0,0,0,0,0,0
12098,1000000US170312004023000,0,0,0,0,0,0,0,0,0,0,0,0,0,0,0,0,0,0
12099,1000000US170312004023001,98,1,3,0,1,0,93,5,0,93,97,1,38,36,2,132,0,0
12100,1000000US170312004023002,122,4,9,1,1,0,113,9,0,113,118,4,46,39,7,172,0,4
12101,1000000US170312004023003,88,4,3,1,0,0,81,7,0,81,84,1,34,31,3,118,1,0
12102,1000000US170312004023004,89,2,0,4,2,0,86,3,0,86,87,6,28,27,1,127,2,0
12103,1000000US170312004023005,70,1,0,0,0,0,69,1,0,69,69,2,29,27,2,99,0,0
12104,1000000US170312004023006,78,4,2,0,0,0,72,6,0,72,74,6,39,34,5,113,0,0
12105,1000000US170312004023007,92,0,3,6,1,0,90,2,0,90,92,5,29,28,1,127,6,2
12106,1000000US170312004023008,111,2,6,2,1,1,105,6,0,105,109,9,45,43,2,148,2,2
12107,1000000US170312004023009,79,4,0,0,1,3,74,5,0,74,75,6,34,31,3,116,0,0
12108,1000000US170312004023010,84,6,2,4,1,0,75,9,0,75,78,5,43,41,2,141,3,0
12109,1000000US170312101001000,0,0,0,0,0,0,0,0,0,0,0,0,0,0,0,0,0,0
12110,1000000US170312101001001,0,0,0,0,0,0,0,0,0,0,0,0,1,0,1,0,0,0
12111,1000000US170312101001002,42,27,1,0,8,0,6,36,0,6,15,1,25,22,3,55,0,0
12112,1000000US170312101001003,167,127,7,0,21,2,10,157,0,10,40,5,100,97,3,215,0,0
12113,1000000US170312101001004,72,48,5,1,14,0,6,66,0,6,24,3,41,41,0,86,1,1
12114,1000000US170312101001005,64,20,3,5,0,0,40,24,0,40,44,7,27,25,2,88,3,1
12115,1000000US170312101001006,23,10,0,0,8,0,5,18,0,5,13,0,16,16,0,27,0,0
12116,1000000US170312101001007,68,26,0,0,1,0,41,27,0,41,42,1,32,29,3,88,0,0
12117,1000000US170312101001008,27,7,0,0,0,0,20,7,0,20,20,0,15,12,3,37,0,0
12118,1000000US170312101001009,57,28,2,1,4,0,25,32,0,25,29,3,30,29,1,67,0,0
12119,1000000US170312101001010,0,0,0,0,0,0,0,0,0,0,0,0,0,0,0,0,0,0
12120,1000000US170312101001011,96,43,2,0,12,1,41,55,0,41,53,5,49,44,5,127,0,0
12121,1000000US170312101001012,21,9,2,4,0,0,9,12,0,9,12,6,12,10,2,27,0,0
12122,1000000US170312101001013,84,43,1,0,0,0,40,44,0,40,41,3,45,41,4,111,0,0
12123,1000000US170312101001014,16,1,0,0,0,0,15,1,0,15,15,0,7,6,1,20,0,0
12124,1000000US170312101001015,13,4,1,0,0,0,9,4,0,9,9,0,8,6,2,14,0,1
12125,1000000US170312101001016,0,0,0,0,0,0,0,0,0,0,0,0,0,0,0,0,0,0
12126,1000000US170312101001017,57,10,3,0,0,0,45,12,0,45,47,0,29,27,2,86,0,1
12127,1000000US170312101001018,48,13,8,1,3,0,23,25,0,23,35,2,21,19,2,63,0,0
12128,1000000US170312101001019,17,3,0,0,0,0,14,3,0,14,14,1,10,9,1,22,0,0
12129,1000000US170312101001020,68,31,7,6,5,0,29,39,0,29,37,12,44,37,7,90,1,6
12130,1000000US170312101001021,53,25,1,2,18,0,8,45,0,8,28,4,21,20,1,60,1,0
12131,1000000US170312101001022,84,58,7,0,8,0,11,73,0,11,26,3,57,50,7,94,0,0
12132,1000000US170312101002000,35,18,1,2,0,0,16,19,0,16,17,5,19,19,0,47,0,1
12133,1000000US170312101002001,41,10,0,0,3,0,28,13,0,28,31,0,24,23,1,59,0,0
12134,1000000US170312101002002,63,24,0,5,6,0,31,32,0,31,39,5,34,29,5,93,4,0
12135,1000000US170312101002003,78,9,1,2,6,0,62,16,0,62,69,2,38,33,5,114,2,0
12136,1000000US170312101002004,97,24,2,0,4,1,69,28,0,69,73,8,54,46,8,130,0,0
12137,1000000US170312101002005,79,19,2,3,7,0,51,28,0,51,60,1,41,37,4,121,2,1
12138,1000000US170312101002006,61,17,5,0,8,0,33,28,0,33,44,3,24,23,1,81,0,0
12139,1000000US170312101002007,9,4,0,1,4,0,0,9,0,0,5,1,4,4,0,10,0,0
12140,1000000US170312101002008,36,14,0,0,2,0,20,16,0,20,22,1,20,18,2,47,0,0
12141,1000000US170312101002009,62,46,2,0,1,0,14,48,0,14,16,2,34,34,0,64,0,1
12142,1000000US170312101002010,78,16,0,0,0,0,62,16,0,62,62,8,40,38,2,119,0,0
12143,1000000US170312101002011,82,14,4,0,1,0,65,17,0,65,68,1,35,31,4,117,0,3
12144,1000000US170312101002012,73,38,3,3,1,0,31,42,0,31,35,2,35,34,1,91,3,0
12145,1000000US170312101002013,44,5,0,0,0,0,39,5,0,39,39,0,28,25,3,75,0,0
12146,1000000US170312101002014,52,28,1,0,1,0,22,30,0,22,24,0,22,22,0,60,0,0
12147,1000000US170312101002015,51,10,1,2,0,0,38,13,0,38,41,2,26,20,6,78,0,0
12148,1000000US170312101002016,2,1,0,0,0,0,1,1,0,1,1,0,2,2,0,2,0,0
12149,1000000US170312101002017,19,1,0,2,1,0,17,2,0,17,18,2,14,10,4,30,0,0
12150,1000000US170312101002018,0,0,0,0,0,0,0,0,0,0,0,0,0,0,0,0,0,0
12151,1000000US170312101002019,23,16,0,0,2,0,5,18,0,5,7,0,15,11,4,35,0,0
12152,1000000US170312101002020,14,5,0,0,6,0,3,11,0,3,9,1,8,7,1,18,0,0
12153,1000000US170312101002021,19,5,0,0,0,0,14,5,0,14,14,1,12,9,3,25,0,0
12154,1000000US170312101002022,0,0,0,0,0,0,0,0,0,0,0,0,0,0,0,0,0,0
12155,1000000US170312101002023,57,17,1,0,2,0,37,20,0,37,40,0,30,25,5,83,0,0
12156,1000000US170312101002024,29,12,1,0,2,0,14,15,0,14,17,5,13,13,0,34,0,0
12157,1000000US170312101002025,24,20,0,0,4,0,0,24,0,0,4,2,8,8,0,31,0,0
12158,1000000US170312101002026,25,7,1,0,2,0,15,10,0,15,18,0,11,11,0,30,0,0
12159,1000000US170312101003000,59,14,6,0,2,0,37,22,0,37,45,0,30,26,4,81,0,0
12160,1000000US170312101003001,34,14,2,0,4,0,15,19,0,15,20,4,19,18,1,39,0,0
12161,1000000US170312101003002,20,6,0,0,0,0,14,6,0,14,14,0,10,9,1,31,0,0
12162,1000000US170312101003003,21,10,1,0,4,0,6,15,0,6,11,0,10,10,0,24,0,0
12163,1000000US170312101003004,16,14,1,0,0,0,1,15,0,1,2,0,15,13,2,17,0,0
12164,1000000US170312101003005,9,3,0,0,0,0,6,3,0,6,6,0,4,4,0,9,0,0
12165,1000000US170312101003006,0,0,0,0,0,0,0,0,0,0,0,0,0,0,0,0,0,0
12166,1000000US170312101003007,26,15,0,0,1,0,10,16,0,10,11,0,20,18,2,31,0,0
12167,1000000US170312101003008,8,7,0,0,0,0,1,7,0,1,1,0,6,6,0,10,0,0
12168,1000000US170312101003009,70,21,5,1,13,0,36,34,0,36,49,6,33,33,0,82,1,3
12169,1000000US170312101003010,49,24,1,2,1,0,22,27,0,22,25,2,22,21,1,67,0,0
12170,1000000US170312101003011,57,15,1,8,1,0,30,27,0,30,42,3,31,28,3,74,5,0
12171,1000000US170312101003012,11,2,0,0,1,0,8,3,0,8,9,0,6,6,0,13,0,0
12172,1000000US170312101003013,9,3,0,0,2,2,4,5,0,4,6,2,10,5,5,10,0,0
12173,1000000US170312101003014,32,20,2,0,3,0,7,25,0,7,12,2,25,20,5,38,0,0
12174,1000000US170312101003015,9,0,0,0,0,0,9,0,0,9,9,0,4,4,0,13,0,0
12175,1000000US170312101003016,9,8,0,0,0,0,1,8,0,1,1,0,7,5,2,12,0,0
12176,1000000US170312101003017,31,18,0,1,3,0,11,20,0,11,13,1,24,22,2,39,0,0
12177,1000000US170312101003018,16,4,0,0,1,0,11,5,0,11,12,0,7,7,0,18,0,0
12178,1000000US170312101003019,68,44,5,0,7,0,12,56,0,12,24,2,40,35,5,78,0,0
12179,1000000US170312101003020,24,9,3,1,2,0,11,13,0,11,15,3,12,12,0,32,0,0
12180,1000000US170312101003021,56,25,2,2,0,0,29,27,0,29,31,0,30,28,2,79,2,0
12181,1000000US170312101003022,58,15,3,0,9,0,30,28,0,30,43,2,26,23,3,78,0,0
12182,1000000US170312101003023,58,17,0,0,3,2,38,20,0,38,41,2,31,28,3,74,0,0
12183,1000000US170312101003024,84,19,6,1,10,0,51,33,0,51,65,3,35,35,0,108,1,2
12184,1000000US170312104001000,147,75,8,0,3,1,61,86,0,61,72,2,68,58,10,168,0,0
12185,1000000US170312104001001,90,51,6,0,6,0,30,60,0,30,39,4,74,55,19,104,0,3
12186,1000000US170312104001002,65,19,0,4,3,0,43,22,0,43,46,3,39,31,8,101,3,0
12187,1000000US170312104001003,35,5,0,2,0,0,30,5,0,30,30,2,19,18,1,53,1,0
12188,1000000US170312104001004,27,6,0,0,0,0,21,6,0,21,21,0,9,8,1,36,0,0
12189,1000000US170312104001005,29,18,0,0,0,1,10,19,0,10,11,1,17,15,2,31,0,0
12190,1000000US170312104001006,77,28,6,1,4,0,43,34,0,43,49,2,37,32,5,95,1,5
12191,1000000US170312104001007,74,30,1,1,3,0,39,35,0,39,44,1,33,32,1,96,1,0
12192,1000000US170312104001008,90,19,3,3,4,0,67,23,0,67,71,4,41,40,1,133,3,3
12193,1000000US170312104001009,39,7,0,0,2,0,30,9,0,30,32,1,24,23,1,54,0,0
12194,1000000US170312104001010,145,40,5,0,3,1,100,45,0,100,105,3,61,54,7,208,0,3
12195,1000000US170312104001011,122,23,0,0,2,0,99,23,0,99,99,6,54,47,7,168,0,0
12196,1000000US170312104001012,67,15,1,2,6,0,43,24,0,43,52,0,35,29,6,93,2,0
12197,1000000US170312104001013,82,11,0,0,0,0,71,11,0,71,71,5,35,31,4,127,0,0
12198,1000000US170312104001014,123,26,3,0,2,0,95,28,0,95,97,2,59,53,6,177,0,2
12199,1000000US170312104001015,120,21,9,3,4,0,94,26,0,94,99,9,52,50,2,164,2,8
12200,1000000US170312104001016,109,12,0,1,6,0,91,18,0,91,97,2,43,40,3,142,1,0
12201,1000000US170312104001017,33,15,1,0,3,0,14,19,0,14,18,0,38,23,15,44,0,0
12202,1000000US170312104002000,0,0,0,0,0,0,0,0,0,0,0,0,0,0,0,0,0,0
12203,1000000US170312104002001,0,0,0,0,0,0,0,0,0,0,0,0,0,0,0,0,0,0
12204,1000000US170312104002002,0,0,0,0,0,0,0,0,0,0,0,0,0,0,0,0,0,0
12205,1000000US170312104002003,78,17,5,0,1,1,56,22,0,56,61,2,34,33,1,109,0,1
12206,1000000US170312104002004,53,12,2,0,0,0,39,14,0,39,41,0,19,19,0,72,0,0
12207,1000000US170312104002005,124,17,2,0,0,0,107,17,0,107,107,0,49,47,2,183,0,2
12208,1000000US170312104002006,36,26,1,0,0,0,9,27,0,9,10,0,23,22,1,40,0,0
12209,1000000US170312104002007,77,15,2,0,1,0,59,18,0,59,62,0,35,30,5,102,0,0
12210,1000000US170312104002008,109,26,1,0,8,0,75,34,0,75,83,4,56,44,12,145,0,1
12211,1000000US170312104002009,75,23,1,3,0,0,51,24,0,51,52,0,34,31,3,108,3,0
12212,1000000US170312104002010,25,9,4,1,0,0,15,10,0,15,16,0,20,15,5,32,1,3
12213,1000000US170312104002011,91,9,0,0,0,0,82,9,0,82,82,0,35,31,4,135,0,0
12214,1000000US170312104002012,89,7,3,4,9,0,74,15,0,74,82,1,35,32,3,115,4,0
12215,1000000US170312104002013,0,0,0,0,0,0,0,0,0,0,0,0,0,0,0,0,0,0
12216,1000000US170312105011000,63,10,1,2,1,0,51,12,0,51,53,1,31,26,5,107,2,0
12217,1000000US170312105011001,32,12,0,0,3,0,17,15,0,17,20,0,25,16,9,43,0,0
12218,1000000US170312105011002,19,11,1,1,0,0,8,11,0,8,8,1,11,9,2,26,0,1
12219,1000000US170312105011003,95,29,0,5,5,2,61,34,0,61,66,4,38,38,0,129,5,0
12220,1000000US170312105011004,68,11,2,0,1,0,55,13,0,55,57,0,30,28,2,89,0,1
12221,1000000US170312105011005,94,9,2,0,7,0,76,18,0,76,85,9,39,34,5,133,0,0
12222,1000000US170312105011006,105,22,0,4,0,0,83,22,0,83,83,5,40,39,1,157,4,0
12223,1000000US170312105011007,86,44,6,0,0,0,36,50,0,36,42,2,43,36,7,105,0,0
12224,1000000US170312105011008,99,15,2,0,1,0,82,17,0,82,84,3,46,42,4,145,0,0
12225,1000000US170312105011009,62,6,1,0,0,0,55,7,0,55,56,5,40,26,14,84,0,0
12226,1000000US170312105011010,49,14,2,0,0,0,33,16,0,33,35,0,27,19,8,63,0,0
12227,1000000US170312105011011,44,2,1,0,0,0,40,4,0,40,42,1,16,14,2,65,0,0
12228,1000000US170312105011012,0,0,0,0,0,0,0,0,0,0,0,0,0,0,0,0,0,0
12229,1000000US170312105011013,40,29,2,0,0,0,10,30,0,10,11,0,24,21,3,46,0,1
12230,1000000US170312105011014,0,0,0,0,0,0,0,0,0,0,0,0,0,0,0,0,0,0
12231,1000000US170312105011015,5,5,0,0,0,0,0,5,0,0,0,0,4,4,0,5,0,0
12232,1000000US170312105011016,22,13,0,6,0,0,9,13,0,9,9,1,6,6,0,25,5,0
12233,1000000US170312105012000,61,15,1,0,0,0,45,16,0,45,46,11,30,27,3,93,0,0
12234,1000000US170312105012001,0,0,0,0,0,0,0,0,0,0,0,0,0,0,0,0,0,0
12235,1000000US170312105012002,46,40,0,0,0,0,6,40,0,6,6,0,30,29,1,48,0,0
12236,1000000US170312105012003,0,0,0,0,0,0,0,0,0,0,0,0,0,0,0,0,0,0
12237,1000000US170312105012004,330,151,28,5,30,1,123,207,0,123,179,16,206,190,16,391,2,4
12238,1000000US170312105012005,73,26,2,0,0,0,45,28,0,45,47,2,41,36,5,101,0,0
12239,1000000US170312105012006,34,17,6,0,0,0,11,23,0,11,17,0,36,25,11,49,0,0
12240,1000000US170312105012007,102,49,9,3,2,0,43,59,0,43,53,4,65,51,14,134,0,0
12241,1000000US170312105012008,190,61,4,0,4,1,122,68,0,122,129,16,79,76,3,273,0,1
12242,1000000US170312105012009,131,84,1,0,5,0,41,90,0,41,47,0,74,66,8,165,0,0
12243,1000000US170312105012010,0,0,0,0,0,0,0,0,0,0,0,0,0,0,0,0,0,0
12244,1000000US170312105012011,81,76,1,0,0,0,5,76,0,5,5,1,44,42,2,83,0,1
12245,1000000US170312105012012,50,50,0,0,0,0,0,50,0,0,0,0,39,33,6,53,0,0
12246,1000000US170312105012013,0,0,0,0,0,0,0,0,0,0,0,0,0,0,0,0,0,0
12247,1000000US170312105012014,28,16,1,0,2,0,9,19,0,9,12,0,16,16,0,31,0,0
12248,1000000US170312105012015,150,91,1,0,4,1,55,95,0,55,59,10,86,78,8,175,0,0
12249,1000000US170312105012016,142,72,2,0,0,0,66,76,0,66,70,2,78,65,13,179,0,0
12250,1000000US170312105012017,148,23,0,0,0,0,125,23,0,125,125,2,68,59,9,215,0,0
12251,1000000US170312105012018,113,30,0,0,0,0,83,30,0,83,83,0,53,43,10,158,0,0
12252,1000000US170312105012019,11,11,0,0,0,0,0,11,0,0,0,0,3,3,0,12,0,0
12253,1000000US170312105012020,104,36,7,1,0,0,68,36,0,68,68,8,50,46,4,136,1,7
12254,1000000US170312105012021,95,43,1,0,0,0,52,43,0,52,52,1,54,45,9,138,0,1
12255,1000000US170312105012022,38,8,3,0,1,0,27,11,0,27,30,0,22,19,3,54,0,1
12256,1000000US170312105012023,0,0,0,0,0,0,0,0,0,0,0,0,0,0,0,0,0,0
12257,1000000US170312105012024,0,0,0,0,0,0,0,0,0,0,0,0,0,0,0,0,0,0
12258,1000000US170312105012025,47,13,7,0,0,0,30,17,0,30,34,6,32,25,7,72,0,3
12259,1000000US170312105012026,92,30,6,0,0,0,58,34,0,58,62,2,48,38,10,118,0,2
12260,1000000US170312105021000,57,39,0,0,0,0,18,39,0,18,18,0,27,25,2,73,0,0
12261,1000000US170312105021001,79,51,2,0,1,1,25,54,0,25,28,3,47,41,6,104,0,1
12262,1000000US170312105021002,111,54,0,0,1,0,56,55,0,56,57,2,50,44,6,159,0,0
12263,1000000US170312105021003,86,29,3,1,0,0,54,32,0,54,57,1,43,37,6,113,0,0
12264,1000000US170312105021004,106,50,0,3,0,0,55,51,0,55,56,0,53,48,5,152,3,0
12265,1000000US170312105021005,72,23,4,2,4,0,47,25,0,47,49,4,56,38,18,108,2,3
12266,1000000US170312105021006,54,9,0,0,0,0,45,9,0,45,45,1,30,24,6,81,0,0
12267,1000000US170312105021007,76,11,0,1,8,0,56,20,0,56,65,3,44,32,12,116,1,0
12268,1000000US170312105021008,90,24,3,1,0,0,63,27,0,63,66,2,45,35,10,130,0,1
12269,1000000US170312105021009,126,47,5,0,2,4,76,50,0,76,79,10,63,56,7,165,0,4
12270,1000000US170312105021010,117,26,6,0,0,0,88,29,0,88,91,4,53,50,3,151,0,3
12271,1000000US170312105021011,79,9,6,1,2,0,62,17,0,62,70,4,39,36,3,138,1,0
12272,1000000US170312105021012,44,7,2,1,0,0,36,8,0,36,37,3,23,20,3,70,0,2
12273,1000000US170312105021013,58,5,6,0,0,0,46,12,0,46,53,0,27,23,4,85,0,0
12274,1000000US170312105021014,39,15,2,0,3,0,20,19,0,20,24,0,30,23,7,60,0,2
12275,1000000US170312105021015,98,26,0,7,4,0,67,31,0,67,72,6,51,40,11,131,5,0
12276,1000000US170312105021016,72,27,2,2,0,0,44,28,0,44,45,3,44,40,4,97,0,1
12277,1000000US170312105021017,21,10,1,1,3,0,6,15,0,6,11,2,13,9,4,29,0,0
12278,1000000US170312105021018,68,33,0,0,0,0,35,33,0,35,35,1,33,29,4,83,0,0
12279,1000000US170312105022000,57,54,2,0,0,0,3,54,0,3,3,0,17,16,1,59,0,2
12280,1000000US170312105022001,86,30,2,2,0,4,53,33,0,53,56,8,44,37,7,126,0,0
12281,1000000US170312105022002,143,70,5,2,0,1,71,72,0,71,73,8,84,72,12,195,2,3
12282,1000000US170312105022003,160,54,0,11,3,1,103,57,0,103,106,8,87,64,23,221,7,0
12283,1000000US170312105022004,106,51,0,1,6,0,49,57,0,49,55,2,47,44,3,131,1,0
12284,1000000US170312105022005,163,56,2,5,5,0,100,63,0,100,107,9,86,78,8,241,5,1
12285,1000000US170312105022006,145,72,11,2,0,0,67,78,0,67,73,2,88,74,14,190,2,5
12286,1000000US170312105022007,0,0,0,0,0,0,0,0,0,0,0,0,0,0,0,0,0,0
12287,1000000US170312105022008,0,0,0,0,0,0,0,0,0,0,0,0,0,0,0,0,0,0
12288,1000000US170312105022009,25,19,2,0,2,0,3,22,0,3,6,0,16,15,1,26,0,2
12289,1000000US170312105022010,106,67,0,2,0,0,39,67,0,39,39,0,57,48,9,136,2,0
12290,1000000US170312105023000,101,15,1,0,0,0,86,15,0,86,86,6,61,43,18,176,0,1
12291,1000000US170312105023001,127,24,4,1,1,0,98,29,0,98,103,0,60,58,2,186,1,1
12292,1000000US170312105023002,107,31,3,8,8,0,65,42,0,65,76,0,45,41,4,150,8,0
12293,1000000US170312105023003,98,23,1,3,1,2,73,25,0,73,75,2,54,46,8,139,3,0
12294,1000000US170312105023004,3,2,0,0,0,0,1,2,0,1,1,0,2,2,0,4,0,0
12295,1000000US170312105023005,30,7,0,0,2,0,20,10,0,20,23,1,15,15,0,34,0,0
12296,1000000US170312105023006,53,8,3,1,2,0,42,11,0,42,45,1,31,27,4,64,0,2
12297,1000000US170312105023007,77,21,8,5,0,0,52,25,0,52,56,7,39,32,7,101,1,5
12298,1000000US170312105023008,83,28,1,1,1,0,53,30,0,53,55,2,36,35,1,108,0,0
12299,1000000US170312105023009,72,27,8,0,1,0,38,34,0,38,45,1,52,39,13,98,0,2
12300,1000000US170312105023010,40,2,2,0,0,0,36,4,0,36,38,0,17,12,5,56,0,0
12301,1000000US170312106011000,60,13,2,1,9,0,35,25,0,35,47,0,29,24,5,89,1,0
12302,1000000US170312106011001,0,0,0,0,0,0,0,0,0,0,0,0,0,0,0,0,0,0
12303,1000000US170312106011002,109,29,2,0,9,0,71,38,0,71,80,3,53,48,5,155,0,0
12304,1000000US170312106011003,82,40,0,0,0,0,42,40,0,42,42,1,48,44,4,106,0,0
12305,1000000US170312106011004,96,11,4,3,10,0,75,21,0,75,85,5,43,37,6,124,3,3
12306,1000000US170312106011005,55,7,1,4,8,2,40,15,0,40,48,2,25,22,3,63,4,1
12307,1000000US170312106011006,92,14,0,2,0,0,75,17,0,75,78,0,36,31,5,121,2,0
12308,1000000US170312106011007,37,9,1,0,7,0,20,17,0,20,28,0,15,14,1,51,0,0
12309,1000000US170312106012000,38,11,0,0,1,0,26,12,0,26,27,0,25,22,3,50,0,0
12310,1000000US170312106012001,75,25,6,2,1,0,43,32,0,43,50,1,35,32,3,98,2,0
12311,1000000US170312106012002,65,13,8,1,0,0,44,21,0,44,52,2,30,28,2,103,1,0
12312,1000000US170312106012003,146,50,22,9,9,0,67,79,0,67,96,5,83,72,11,188,6,2
12313,1000000US170312106012004,94,32,6,0,6,0,53,41,0,53,62,3,43,40,3,109,0,2
12314,1000000US170312106012005,57,12,0,5,1,0,44,13,0,44,45,2,22,19,3,76,4,0
12315,1000000US170312106012006,91,33,5,2,8,1,49,42,0,49,58,2,44,40,4,115,1,3
12316,1000000US170312106012007,112,21,1,0,5,0,87,25,0,87,91,3,53,45,8,142,0,0
12317,1000000US170312106012008,0,0,0,0,0,0,0,0,0,0,0,0,0,0,0,0,0,0
12318,1000000US170312106013000,6,2,3,0,0,0,4,2,0,4,4,0,3,3,0,6,0,3
12319,1000000US170312106013001,49,24,2,0,0,0,23,26,0,23,25,1,22,22,0,71,0,0
12320,1000000US170312106013002,3,3,0,0,0,0,0,3,0,0,0,0,9,1,8,3,0,0
12321,1000000US170312106013003,28,7,3,1,0,0,18,10,0,18,21,0,19,16,3,38,1,0
12322,1000000US170312106013004,133,54,7,0,12,0,62,71,0,62,79,9,82,68,14,167,0,2
12323,1000000US170312106013005,89,28,3,1,3,0,55,34,0,55,61,2,42,37,5,113,1,0
12324,1000000US170312106013006,84,18,0,4,5,0,59,25,0,59,66,2,29,29,0,113,4,0
12325,1000000US170312106013007,72,20,2,1,2,0,50,22,0,50,52,2,33,29,4,93,1,1
12326,1000000US170312106013008,82,15,0,0,2,0,65,17,0,65,67,4,43,39,4,121,0,0
12327,1000000US170312106013009,85,20,2,1,9,0,56,29,0,56,65,8,42,38,4,113,1,2
12328,1000000US170312106013010,86,15,0,0,0,0,71,15,0,71,71,3,37,36,1,111,0,0
12329,1000000US170312106013011,96,24,7,6,4,0,58,38,0,58,72,0,45,38,7,143,6,0
12330,1000000US170312106013012,109,9,2,1,7,0,91,18,0,91,100,7,45,42,3,145,0,2
12331,1000000US170312106013013,60,10,5,1,2,0,43,17,0,43,50,2,30,27,3,75,0,0
12332,1000000US170312106013014,21,0,0,0,0,0,21,0,0,21,21,0,8,8,0,33,0,0
12333,1000000US170312106013015,53,19,0,3,3,0,31,22,0,31,34,2,20,19,1,66,3,0
12334,1000000US170312106013016,83,31,1,2,1,0,48,35,0,48,52,0,39,38,1,103,2,0
12335,1000000US170312106021000,0,0,0,0,0,0,0,0,0,0,0,0,0,0,0,0,0,0
12336,1000000US170312106021001,156,23,4,8,5,0,124,32,0,124,133,6,61,55,6,217,8,1
12337,1000000US170312106021002,119,16,1,3,5,0,98,21,0,98,103,4,50,46,4,166,3,1
12338,1000000US170312106021003,23,10,7,0,3,0,4,19,0,4,13,1,14,12,2,29,0,1
12339,1000000US170312106021004,8,2,0,0,0,0,6,2,0,6,6,0,2,2,0,8,0,0
12340,1000000US170312106021005,56,35,3,2,3,0,15,41,0,15,21,1,47,37,10,70,2,0
12341,1000000US170312106021006,72,13,2,0,0,2,59,13,0,59,59,14,31,29,2,105,0,2
12342,1000000US170312106021007,79,13,4,0,2,0,60,19,0,60,66,2,32,30,2,117,0,0
12343,1000000US170312106021008,76,19,0,0,4,0,52,24,0,52,57,2,30,27,3,92,0,0
12344,1000000US170312106021009,92,42,4,1,3,0,44,48,0,44,50,6,46,44,2,126,0,1
12345,1000000US170312106021010,88,30,3,7,4,0,45,43,0,45,58,5,43,39,4,114,3,0
12346,1000000US170312106021011,89,6,30,1,1,0,55,34,0,55,83,2,55,55,0,129,1,3
12347,1000000US170312106021012,67,1,7,1,0,0,63,4,0,63,66,5,54,54,0,91,0,4
12348,1000000US170312106021013,56,8,14,2,2,0,31,25,0,31,48,6,36,31,5,75,1,0
12349,1000000US170312106021014,0,0,0,0,0,0,0,0,0,0,0,0,0,0,0,0,0,0
12350,1000000US170312106021015,26,14,0,0,0,0,10,16,0,10,12,4,17,15,2,30,0,0
12351,1000000US170312106021016,71,25,5,1,0,0,41,30,0,41,46,1,46,42,4,83,0,1
12352,1000000US170312106022000,50,0,0,0,0,0,50,0,0,50,50,0,13,13,0,67,0,0
12353,1000000US170312106022001,83,8,0,2,6,0,68,15,0,68,75,0,34,32,2,113,2,0
12354,1000000US170312106022002,29,2,1,2,0,0,26,3,0,26,27,0,13,12,1,41,2,0
12355,1000000US170312106022003,98,25,2,0,2,0,69,29,0,69,73,9,48,44,4,130,0,0
12356,1000000US170312106022004,53,19,5,1,2,0,31,22,0,31,34,3,34,31,3,61,0,5
12357,1000000US170312106022005,0,0,0,0,0,0,0,0,0,0,0,0,0,0,0,0,0,0
12358,1000000US170312106022006,104,21,6,0,3,0,76,28,0,76,83,7,61,50,11,151,0,2
12359,1000000US170312106022007,172,21,19,6,4,0,135,37,0,135,151,10,76,68,8,236,6,5
12360,1000000US170312106022008,11,0,6,0,0,0,7,4,0,7,11,0,4,4,0,18,0,2
12361,1000000US170312106022009,19,6,0,0,4,0,9,10,0,9,13,0,12,6,6,22,0,0
12362,1000000US170312106022010,0,0,0,0,0,0,0,0,0,0,0,0,0,0,0,0,0,0
12363,1000000US170312106022011,7,2,0,0,0,1,5,2,0,5,5,0,7,3,4,8,0,0
12364,1000000US170312106022012,72,21,1,1,2,1,47,25,0,47,51,3,48,39,9,98,0,0
12365,1000000US170312106022013,62,24,3,0,0,0,38,24,0,38,38,6,35,34,1,79,0,3
12366,1000000US170312106023000,202,47,3,0,1,0,154,48,0,154,155,8,106,94,12,292,0,3
12367,1000000US170312106023001,217,51,3,2,4,0,163,54,0,163,166,2,104,94,10,317,2,2
12368,1000000US170312106023002,156,48,5,1,2,0,100,56,0,100,108,4,81,69,12,212,0,0
12369,1000000US170312106023003,42,17,4,0,2,0,20,22,0,20,25,1,24,17,7,44,0,1
12370,1000000US170312106023004,61,35,2,1,1,0,23,38,0,23,26,1,32,29,3,68,1,0
12371,1000000US170312106023005,10,8,0,0,0,0,2,8,0,2,2,0,3,3,0,10,0,0
12372,1000000US170312106023006,9,2,1,0,2,0,5,4,0,5,7,0,6,5,1,10,0,0
12373,1000000US170312106023007,182,57,7,0,1,0,117,65,0,117,125,6,86,78,8,260,0,0
12374,1000000US170312106023008,150,15,10,3,0,0,131,19,0,131,135,3,78,60,18,207,1,6
12375,1000000US170312106023009,166,21,6,9,4,0,135,31,0,135,145,3,73,66,7,253,8,0
12376,1000000US170312106023010,26,13,0,0,2,0,11,15,0,11,13,0,19,16,3,29,0,0
12377,1000000US170312106023011,39,17,2,0,3,0,19,20,0,19,22,1,25,21,4,42,0,2
12378,1000000US170312106023012,86,13,5,0,0,0,70,16,0,70,73,3,37,35,2,121,0,2
12379,1000000US170312106023013,98,32,1,5,1,0,61,37,0,61,66,3,48,44,4,126,5,0
12380,1000000US170312106023014,12,7,0,0,1,0,4,8,0,4,5,0,12,8,4,13,0,0
12381,1000000US170312106023015,33,10,1,0,0,0,22,11,0,22,23,0,18,18,0,45,0,0
12382,1000000US170312106023016,68,15,1,1,1,0,51,17,0,51,53,4,35,31,4,99,1,0
12383,1000000US170312106023017,44,5,0,0,0,0,37,7,0,37,39,0,18,17,1,59,0,0
12384,1000000US170312107001000,79,18,6,2,4,0,53,26,0,53,61,4,45,42,3,96,0,2
12385,1000000US170312107001001,89,27,2,8,12,0,49,40,0,49,62,3,45,40,5,118,6,2
12386,1000000US170312107001002,35,15,0,1,0,0,19,16,0,19,20,0,19,15,4,44,1,0
12387,1000000US170312107001003,37,6,1,0,5,0,27,10,0,27,31,3,16,15,1,58,0,1
12388,1000000US170312107001004,90,17,2,1,2,0,66,24,0,66,73,3,38,36,2,113,0,0
12389,1000000US170312107001005,80,15,5,3,1,0,64,16,0,64,65,2,38,36,2,121,3,5
12390,1000000US170312107001006,70,22,1,0,0,0,48,22,0,48,48,0,34,33,1,102,0,1
12391,1000000US170312107001007,1,0,0,0,0,0,1,0,0,1,1,0,1,1,0,1,0,0
12392,1000000US170312107001008,0,0,0,0,0,0,0,0,0,0,0,0,0,0,0,0,0,0
12393,1000000US170312107001009,0,0,0,0,0,0,0,0,0,0,0,0,0,0,0,0,0,0
12394,1000000US170312107001010,0,0,0,0,0,0,0,0,0,0,0,0,0,0,0,0,0,0
12395,1000000US170312107001011,0,0,0,0,0,0,0,0,0,0,0,0,0,0,0,0,0,0
12396,1000000US170312107001012,87,5,0,1,0,0,82,5,0,82,82,0,38,33,5,116,1,0
12397,1000000US170312107001013,42,12,5,1,1,0,25,17,0,25,30,0,24,22,2,62,1,1
12398,1000000US170312107001014,34,15,2,0,0,0,17,17,0,17,19,0,12,12,0,43,0,0
12399,1000000US170312107001015,14,1,0,0,0,0,13,1,0,13,13,0,13,9,4,25,0,0
12400,1000000US170312107001016,83,26,3,2,7,0,48,35,0,48,57,7,38,36,2,117,2,1
12401,1000000US170312107002000,62,30,4,0,1,0,28,34,0,28,32,1,39,36,3,71,0,0
12402,1000000US170312107002001,57,21,3,0,2,0,32,25,0,32,36,1,36,35,1,62,0,0
12403,1000000US170312107002002,46,14,1,4,2,0,30,16,0,30,32,7,24,22,2,66,0,0
12404,1000000US170312107002003,71,18,4,2,0,0,49,22,0,49,53,2,35,31,4,90,0,0
12405,1000000US170312107002004,68,32,4,0,6,0,27,41,0,27,36,1,41,38,3,78,0,0
12406,1000000US170312107002005,60,34,5,1,0,0,20,40,0,20,26,1,35,32,3,72,1,0
12407,1000000US170312107002006,120,76,1,0,4,0,40,80,0,40,44,2,64,61,3,145,0,1
12408,1000000US170312107002007,40,24,2,0,0,0,14,26,0,14,16,0,22,16,6,52,0,0
12409,1000000US170312107002008,65,23,6,0,1,0,35,30,0,35,42,1,36,28,8,87,0,0
12410,1000000US170312107002009,61,5,11,0,0,0,50,11,0,50,56,2,35,30,5,105,0,5
12411,1000000US170312107002010,59,13,0,2,0,0,46,13,0,46,46,5,35,33,2,82,1,0
12412,1000000US170312107002011,45,9,4,0,1,0,31,14,0,31,36,1,28,21,7,53,0,1
12413,1000000US170312107002012,33,19,4,0,3,2,8,25,0,8,14,1,23,22,1,33,0,1
12414,1000000US170312107002013,83,30,0,3,0,0,53,30,0,53,53,3,35,35,0,104,0,0
12415,1000000US170312107002014,40,35,1,0,0,0,4,36,0,4,5,0,26,23,3,47,0,0
12416,1000000US170312107002015,51,9,0,0,0,0,42,9,0,42,42,0,22,22,0,69,0,0
12417,1000000US170312107002016,47,9,2,0,6,0,30,17,0,30,38,3,25,22,3,57,0,1
12418,1000000US170312107002017,22,8,0,0,0,0,13,9,0,13,14,0,11,10,1,23,0,0
12419,1000000US170312107002018,67,20,3,4,3,0,41,26,0,41,47,4,31,30,1,87,4,0
12420,1000000US170312107002019,64,20,5,0,0,2,37,27,0,37,44,0,28,27,1,74,0,0
12421,1000000US170312107003000,37,15,0,0,2,0,20,17,0,20,22,0,17,15,2,49,0,0
12422,1000000US170312107003001,0,0,0,0,0,0,0,0,0,0,0,0,0,0,0,0,0,0
12423,1000000US170312107003002,73,10,5,3,8,0,54,19,0,54,63,9,34,32,2,113,0,4
12424,1000000US170312107003003,40,16,0,0,8,0,16,24,0,16,24,0,18,17,1,45,0,0
12425,1000000US170312107003004,0,0,0,0,0,0,0,0,0,0,0,0,0,0,0,0,0,0
12426,1000000US170312107003005,0,0,0,0,0,0,0,0,0,0,0,0,0,0,0,0,0,0
12427,1000000US170312107003006,0,0,0,0,0,0,0,0,0,0,0,0,0,0,0,0,0,0
12428,1000000US170312107003007,0,0,0,0,0,0,0,0,0,0,0,0,0,0,0,0,0,0
12429,1000000US170312107003008,1,0,1,0,0,0,0,1,0,0,1,0,0,0,0,1,0,0
12430,1000000US170312107003009,41,8,1,0,7,0,25,16,0,25,33,0,23,21,2,46,0,0
12431,1000000US170312107003010,0,0,0,0,0,0,0,0,0,0,0,0,0,0,0,0,0,0
12432,1000000US170312107003011,90,38,3,1,5,0,47,43,0,47,52,2,49,42,7,99,0,3
12433,1000000US170312107003012,99,22,4,1,5,0,65,34,0,65,77,7,40,39,1,131,0,0
12434,1000000US170312107003013,27,6,0,3,0,0,18,9,0,18,21,0,11,11,0,30,3,0
12435,1000000US170312107003014,138,44,7,6,2,1,87,51,0,87,94,12,68,63,5,195,6,2
12436,1000000US170312107003015,86,44,0,0,4,0,38,48,0,38,42,3,49,48,1,99,0,0
12437,1000000US170312107003016,84,22,0,0,1,1,61,23,0,61,62,3,35,35,0,106,0,0
12438,1000000US170312107003017,124,66,4,0,2,0,53,71,0,53,58,2,73,66,7,158,0,1
12439,1000000US170312107003018,75,14,0,0,3,0,59,16,0,59,61,0,34,32,2,105,0,0
12440,1000000US170312107003019,60,13,4,0,2,0,42,18,0,42,47,1,27,22,5,74,0,1
12441,1000000US170312107003020,51,34,11,0,2,0,6,45,0,6,17,2,37,33,4,57,0,1
12442,1000000US170312107003021,19,9,1,0,0,0,9,10,0,9,10,0,10,8,2,24,0,0
12443,1000000US170312107003022,58,6,4,0,2,0,47,11,0,47,52,1,23,22,1,98,0,3
12444,1000000US170312107003023,66,18,1,2,0,0,46,20,0,46,48,2,36,31,5,92,0,0
12445,1000000US170312107003024,74,31,3,1,2,0,38,36,0,38,43,0,45,34,11,89,1,1
12446,1000000US170312107003025,37,20,0,0,3,0,14,23,0,14,17,0,26,20,6,39,0,0
12447,1000000US170312107003026,78,46,4,2,16,1,10,68,0,10,32,1,42,39,3,84,2,1
12448,1000000US170312107003027,44,21,2,2,6,0,17,27,0,17,23,6,29,28,1,51,0,2
12449,1000000US170312107003028,33,16,1,0,0,1,16,17,0,16,17,3,20,18,2,51,0,0
12450,1000000US170312108001000,0,0,0,0,0,0,0,0,0,0,0,0,0,0,0,0,0,0
12451,1000000US170312108001001,70,6,2,0,0,5,62,8,0,62,64,6,32,30,2,118,0,0
12452,1000000US170312108001002,117,25,2,2,2,2,88,29,0,88,92,4,53,48,5,150,2,0
12453,1000000US170312108001003,61,12,0,4,1,0,48,13,0,48,49,0,29,24,5,90,4,0
12454,1000000US170312108001004,50,19,1,4,1,0,29,21,0,29,31,5,28,25,3,63,4,0
12455,1000000US170312108001005,79,52,1,2,3,0,21,58,0,21,27,1,45,44,1,89,1,0
12456,1000000US170312108001006,25,4,0,0,0,0,21,4,0,21,21,0,11,9,2,34,0,0
12457,1000000US170312108001007,36,7,2,0,0,0,28,8,0,28,29,1,15,14,1,41,0,1
12458,1000000US170312108001008,36,6,0,0,0,0,30,6,0,30,30,4,19,18,1,58,0,0
12459,1000000US170312108001009,41,9,2,0,2,2,28,13,0,28,32,4,17,17,0,57,0,0
12460,1000000US170312108001010,77,16,0,1,3,0,57,20,0,57,61,1,33,32,1,94,1,0
12461,1000000US170312108001011,72,46,2,0,0,0,24,48,0,24,26,2,43,39,4,86,0,0
12462,1000000US170312108001012,6,1,1,0,0,0,4,2,0,4,5,0,3,3,0,10,0,0
12463,1000000US170312108001013,0,0,0,0,0,0,0,0,0,0,0,0,0,0,0,0,0,0
12464,1000000US170312108001014,9,9,0,0,0,0,0,9,0,0,0,0,6,3,3,9,0,0
12465,1000000US170312108001015,18,14,0,0,0,0,4,14,0,4,4,0,12,11,1,19,0,0
12466,1000000US170312108001016,0,0,0,0,0,0,0,0,0,0,0,0,0,0,0,0,0,0
12467,1000000US170312108001017,0,0,0,0,0,0,0,0,0,0,0,0,0,0,0,0,0,0
12468,1000000US170312108001018,0,0,0,0,0,0,0,0,0,0,0,0,0,0,0,0,0,0
12469,1000000US170312108001019,0,0,0,0,0,0,0,0,0,0,0,0,0,0,0,0,0,0
12470,1000000US170312108001020,0,0,0,0,0,0,0,0,0,0,0,0,0,0,0,0,0,0
12471,1000000US170312108001021,0,0,0,0,0,0,0,0,0,0,0,0,0,0,0,0,0,0
12472,1000000US170312108001022,43,7,4,0,1,0,33,10,0,33,36,4,21,20,1,63,0,2
12473,1000000US170312108001023,53,11,5,2,0,0,41,12,0,41,42,5,27,25,2,76,0,4
12474,1000000US170312108001024,26,14,2,0,0,0,10,16,0,10,12,0,14,11,3,32,0,0
12475,1000000US170312108001025,9,0,0,0,0,0,9,0,0,9,9,0,5,4,1,13,0,0
12476,1000000US170312108001026,70,8,5,0,0,0,61,9,0,61,62,6,30,28,2,94,0,4
12477,1000000US170312109001000,2,1,0,0,1,0,0,2,0,0,1,0,2,2,0,2,0,0
12478,1000000US170312109001001,67,21,3,0,0,0,45,22,0,45,46,2,34,29,5,81,0,2
12479,1000000US170312109001002,0,0,0,0,0,0,0,0,0,0,0,0,0,0,0,0,0,0
12480,1000000US170312109001003,61,46,4,2,4,0,5,56,0,5,15,2,33,30,3,77,0,0
12481,1000000US170312109001004,76,18,6,2,0,0,55,21,0,55,58,11,41,36,5,96,2,3
12482,1000000US170312109001005,0,0,0,0,0,0,0,0,0,0,0,0,0,0,0,0,0,0
12483,1000000US170312109001006,0,0,0,0,0,0,0,0,0,0,0,0,0,0,0,0,0,0
12484,1000000US170312109001007,0,0,0,0,0,0,0,0,0,0,0,0,0,0,0,0,0,0
12485,1000000US170312109001008,2,0,0,0,0,0,2,0,0,2,2,1,1,1,0,2,0,0
12486,1000000US170312109001009,0,0,0,0,0,0,0,0,0,0,0,0,0,0,0,0,0,0
12487,1000000US170312109001010,0,0,0,0,0,0,0,0,0,0,0,0,0,0,0,0,0,0
12488,1000000US170312109001011,0,0,0,0,0,0,0,0,0,0,0,0,0,0,0,0,0,0
12489,1000000US170312109001012,2,2,0,0,0,0,0,2,0,0,0,0,3,2,1,2,0,0
12490,1000000US170312109001013,0,0,0,0,0,0,0,0,0,0,0,0,0,0,0,0,0,0
12491,1000000US170312109001014,6,5,0,0,0,0,1,5,0,1,1,0,2,2,0,8,0,0
12492,1000000US170312109001015,12,1,0,0,0,0,11,1,0,11,11,0,9,5,4,13,0,0
12493,1000000US170312109001016,13,6,0,1,0,0,7,6,0,7,7,1,7,7,0,16,0,0
12494,1000000US170312109001017,0,0,0,0,0,0,0,0,0,0,0,0,0,0,0,0,0,0
12495,1000000US170312109001018,42,5,0,1,3,0,33,9,0,33,37,5,18,17,1,56,1,0
12496,1000000US170312109001019,20,2,1,0,0,0,17,3,0,17,18,0,15,9,6,26,0,0
12497,1000000US170312109001020,3,0,0,0,0,0,3,0,0,3,3,0,2,2,0,5,0,0
12498,1000000US170312109001021,43,14,1,0,0,0,28,15,0,28,29,0,22,20,2,55,0,0
12499,1000000US170312109001022,30,13,1,0,0,1,16,14,0,16,17,3,14,14,0,36,0,0
12500,1000000US170312109001023,30,24,3,0,2,0,4,26,0,4,6,0,16,14,2,32,0,3
12501,1000000US170312109001024,33,15,3,1,1,0,16,17,0,16,18,0,20,17,3,42,1,2
12502,1000000US170312109001025,22,6,5,1,0,0,12,10,0,12,16,3,20,14,6,26,0,1
12503,1000000US170312109001026,11,7,0,0,0,0,4,7,0,4,4,1,5,5,0,16,0,0
12504,1000000US170312109001027,13,12,1,0,0,0,0,13,0,0,1,0,7,7,0,16,0,0
12505,1000000US170312109001028,0,0,0,0,0,0,0,0,0,0,0,0,0,0,0,0,0,0
12506,1000000US170312109001029,85,49,5,2,2,1,27,58,0,27,36,4,60,55,5,97,1,1
12507,1000000US170312109001030,90,19,0,0,4,0,67,23,0,67,71,1,43,39,4,118,0,0
12508,1000000US170312109001031,66,18,0,0,3,0,41,25,0,41,48,5,29,28,1,87,0,0
12509,1000000US170312109001032,89,26,6,0,4,0,55,34,0,55,63,8,44,40,4,126,0,2
12510,1000000US170312109001033,21,7,3,3,0,0,14,7,0,14,14,3,7,7,0,23,0,3
12511,1000000US170312109001034,23,2,0,0,0,0,21,2,0,21,21,0,9,9,0,30,0,0
12512,1000000US170312109001035,57,29,3,2,0,0,24,33,0,24,28,2,25,25,0,64,1,1
12513,1000000US170312109001036,63,29,2,2,3,0,30,33,0,30,34,3,27,27,0,73,2,0
12514,1000000US170312109001037,35,9,2,0,5,1,19,16,0,19,26,1,18,16,2,46,0,0
12515,1000000US170312109001038,29,20,0,0,5,0,4,25,0,4,9,1,16,15,1,33,0,0
12516,1000000US170312109001039,44,15,0,0,2,0,27,17,0,27,29,0,24,22,2,69,0,0
12517,1000000US170312109001040,21,10,0,0,0,0,10,11,0,10,11,1,12,11,1,22,0,0
12518,1000000US170312109001041,82,30,4,1,6,0,44,38,0,44,52,4,45,43,2,125,1,2
12519,1000000US170312109001042,69,30,4,0,1,0,34,35,0,34,39,1,38,32,6,79,0,0
12520,1000000US170312109001043,117,45,5,0,11,0,57,60,0,57,72,3,60,57,3,152,0,1
12521,1000000US170312109001044,37,24,1,0,5,0,7,30,0,7,13,4,21,20,1,48,0,0
12522,1000000US170312109001045,20,13,0,0,0,0,7,13,0,7,7,0,10,10,0,24,0,0
12523,1000000US170312109001046,96,53,4,1,9,0,30,66,0,30,43,3,55,52,3,120,0,0
12524,1000000US170312109001047,51,24,2,0,1,0,25,26,0,25,27,0,29,25,4,69,0,0
12525,1000000US170312109001048,22,5,3,0,0,0,14,8,0,14,17,2,7,7,0,28,0,0
12526,1000000US170312109002000,0,0,0,0,0,0,0,0,0,0,0,0,0,0,0,0,0,0
12527,1000000US170312109002001,79,31,4,1,3,0,41,38,0,41,48,2,38,33,5,107,1,0
12528,1000000US170312109002002,52,25,5,0,0,0,24,28,0,24,27,1,32,28,4,64,0,3
12529,1000000US170312109002003,68,22,3,0,1,0,42,26,0,42,46,0,31,31,0,90,0,0
12530,1000000US170312109002004,67,29,3,0,0,0,36,31,0,36,38,0,34,33,1,85,0,1
12531,1000000US170312109002005,64,19,0,0,5,0,40,24,0,40,45,4,29,29,0,81,0,0
12532,1000000US170312109002006,119,65,10,0,15,0,32,87,0,32,54,3,66,64,2,147,0,2
12533,1000000US170312109002007,28,8,1,0,0,0,19,9,0,19,20,0,12,11,1,37,0,0
12534,1000000US170312109002008,0,0,0,0,0,0,0,0,0,0,0,0,0,0,0,0,0,0
12535,1000000US170312109002009,0,0,0,0,0,0,0,0,0,0,0,0,0,0,0,0,0,0
12536,1000000US170312109002010,0,0,0,0,0,0,0,0,0,0,0,0,0,0,0,0,0,0
12537,1000000US170312109002011,0,0,0,0,0,0,0,0,0,0,0,0,0,0,0,0,0,0
12538,1000000US170312109002012,0,0,0,0,0,0,0,0,0,0,0,0,0,0,0,0,0,0
12539,1000000US170312109002013,0,0,0,0,0,0,0,0,0,0,0,0,0,0,0,0,0,0
12540,1000000US170312109002014,11,11,0,0,0,0,0,11,0,0,0,0,5,5,0,12,0,0
12541,1000000US170312109002015,75,43,9,0,14,0,9,66,0,9,32,3,37,34,3,84,0,0
12542,1000000US170312109002016,23,13,4,0,5,0,1,22,0,1,10,0,16,12,4,25,0,0
12543,1000000US170312109002017,96,45,6,0,1,0,44,52,0,44,51,0,63,53,10,119,0,0
12544,1000000US170312109002018,140,62,6,2,7,0,64,76,0,64,78,3,96,77,19,177,2,0
12545,1000000US170312203001000,0,0,0,0,0,0,0,0,0,0,0,0,0,0,0,0,0,0
12546,1000000US170312203001001,3,1,1,0,1,0,0,3,0,0,2,0,0,0,0,3,0,0
12547,1000000US170312203001002,0,0,0,0,0,0,0,0,0,0,0,0,0,0,0,0,0,0
12548,1000000US170312203001003,0,0,0,0,0,0,0,0,0,0,0,0,0,0,0,0,0,0
12549,1000000US170312203001004,0,0,0,0,0,0,0,0,0,0,0,0,0,0,0,0,0,0
12550,1000000US170312203001005,0,0,0,0,0,0,0,0,0,0,0,0,0,0,0,0,0,0
12551,1000000US170312203001006,87,32,2,1,5,0,50,37,0,50,55,4,48,43,5,123,0,1
12552,1000000US170312203001007,0,0,0,0,0,0,0,0,0,0,0,0,0,0,0,0,0,0
12553,1000000US170312203001008,50,26,6,2,0,0,18,32,0,18,24,0,31,30,1,60,2,0
12554,1000000US170312203001009,47,16,8,1,1,0,27,20,0,27,31,5,30,24,6,63,1,5
12555,1000000US170312203001010,49,21,4,0,0,0,27,22,0,27,28,1,35,24,11,67,0,3
12556,1000000US170312203001011,65,43,2,0,2,1,18,47,0,18,22,2,33,33,0,83,0,0
12557,1000000US170312203001012,48,32,4,0,3,0,12,36,0,12,16,5,28,24,4,59,0,3
12558,1000000US170312203001013,36,22,4,0,0,0,12,24,0,12,14,0,26,23,3,47,0,2
12559,1000000US170312203001014,40,24,0,0,0,0,16,24,0,16,16,0,21,20,1,47,0,0
12560,1000000US170312203001015,0,0,0,0,0,0,0,0,0,0,0,0,0,0,0,0,0,0
12561,1000000US170312203001016,50,46,1,0,0,0,3,47,0,3,4,0,33,33,0,52,0,0
12562,1000000US170312203001017,46,18,0,3,0,0,28,18,0,28,28,2,41,37,4,52,2,0
12563,1000000US170312203001018,49,34,1,0,3,0,13,36,0,13,15,1,30,30,0,53,0,1
12564,1000000US170312203001019,55,44,2,0,3,0,6,49,0,6,11,1,41,40,1,57,0,0
12565,1000000US170312203001020,82,58,8,0,0,0,16,66,0,16,24,1,47,42,5,87,0,0
12566,1000000US170312203001021,0,0,0,0,0,0,0,0,0,0,0,0,0,0,0,0,0,0
12567,1000000US170312203001022,0,0,0,0,0,0,0,0,0,0,0,0,0,0,0,0,0,0
12568,1000000US170312203001023,0,0,0,0,0,0,0,0,0,0,0,0,0,0,0,0,0,0
12569,1000000US170312203001024,0,0,0,0,0,0,0,0,0,0,0,0,0,0,0,0,0,0
12570,1000000US170312203001025,0,0,0,0,0,0,0,0,0,0,0,0,0,0,0,0,0,0
12571,1000000US170312203001026,0,0,0,0,0,0,0,0,0,0,0,0,0,0,0,0,0,0
12572,1000000US170312203001027,45,30,6,0,1,0,8,37,0,8,15,0,25,24,1,53,0,0
12573,1000000US170312203001028,52,33,2,0,1,0,16,36,0,16,19,1,31,30,1,55,0,0
12574,1000000US170312203001029,62,39,4,0,2,1,19,43,0,19,23,1,32,31,1,75,0,2
12575,1000000US170312203001030,47,28,5,0,4,0,11,36,0,11,19,1,34,32,2,58,0,1
12576,1000000US170312203001031,32,18,2,0,0,0,12,20,0,12,14,0,20,18,2,45,0,0
12577,1000000US170312203001032,47,28,0,0,4,0,15,32,0,15,19,1,35,32,3,57,0,0
12578,1000000US170312203002000,0,0,0,0,0,0,0,0,0,0,0,0,0,0,0,0,0,0
12579,1000000US170312203002001,0,0,0,0,0,0,0,0,0,0,0,0,0,0,0,0,0,0
12580,1000000US170312203002002,56,45,0,0,2,0,9,47,0,9,11,0,27,27,0,59,0,0
12581,1000000US170312203002003,14,14,0,0,0,0,0,14,0,0,0,0,8,7,1,18,0,0
12582,1000000US170312203002004,40,27,0,0,5,0,8,32,0,8,13,0,26,21,5,43,0,0
12583,1000000US170312203002005,41,13,2,0,3,0,21,20,0,21,28,0,24,22,2,51,0,0
12584,1000000US170312203002006,36,16,0,0,0,0,20,16,0,20,20,0,19,17,2,53,0,0
12585,1000000US170312203002007,30,22,0,0,7,0,1,29,0,1,8,0,18,16,2,30,0,0
12586,1000000US170312203002008,62,38,4,0,2,0,18,44,0,18,24,3,34,32,2,75,0,0
12587,1000000US170312203002009,36,24,5,0,1,0,9,27,0,9,12,0,21,20,1,48,0,3
12588,1000000US170312203002010,48,31,1,0,1,0,16,32,0,16,17,1,31,29,2,56,0,1
12589,1000000US170312203002011,91,55,10,1,4,0,21,70,0,21,36,1,50,47,3,108,1,0
12590,1000000US170312203002012,39,26,1,0,1,0,11,28,0,11,13,0,25,25,0,51,0,0
12591,1000000US170312203002013,58,32,1,3,4,0,19,39,0,19,26,3,26,26,0,77,2,0
12592,1000000US170312203002014,61,45,6,0,2,0,8,53,0,8,16,0,31,30,1,70,0,0
12593,1000000US170312203002015,51,36,1,2,1,0,12,39,0,12,15,3,33,28,5,64,0,0
12594,1000000US170312203002016,45,20,4,0,1,0,20,25,0,20,25,0,25,24,1,53,0,0
12595,1000000US170312203002017,16,11,0,0,0,0,5,11,0,5,5,0,9,9,0,16,0,0
12596,1000000US170312203002018,0,0,0,0,0,0,0,0,0,0,0,0,0,0,0,0,0,0
12597,1000000US170312203002019,28,9,0,0,0,0,19,9,0,19,19,0,18,16,2,34,0,0
12598,1000000US170312204001000,68,25,1,0,1,2,41,27,0,41,43,7,38,34,4,83,0,0
12599,1000000US170312204001001,117,65,8,1,17,0,29,88,0,29,52,8,65,62,3,129,0,0
12600,1000000US170312204001002,160,106,11,0,5,0,44,116,0,44,54,5,71,62,9,179,0,6
12601,1000000US170312204001003,13,3,0,0,0,0,10,3,0,10,10,1,6,5,1,20,0,0
12602,1000000US170312204001004,88,75,6,0,0,3,8,80,0,8,13,4,53,49,4,95,0,4
12603,1000000US170312204001005,16,7,0,0,1,0,8,8,0,8,9,1,10,8,2,17,0,0
12604,1000000US170312204001006,52,38,2,0,1,0,11,41,0,11,14,1,33,32,1,55,0,0
12605,1000000US170312204001007,0,0,0,0,0,0,0,0,0,0,0,0,0,0,0,0,0,0
12606,1000000US170312204001008,0,0,0,0,0,0,0,0,0,0,0,0,0,0,0,0,0,0
12607,1000000US170312204001009,0,0,0,0,0,0,0,0,0,0,0,0,0,0,0,0,0,0
12608,1000000US170312204001010,0,0,0,0,0,0,0,0,0,0,0,0,0,0,0,0,0,0
12609,1000000US170312204001011,53,49,1,0,2,0,1,52,0,1,4,0,36,34,2,58,0,0
12610,1000000US170312204001012,53,44,3,1,3,0,5,48,0,5,9,1,29,26,3,57,0,3
12611,1000000US170312204001013,32,22,0,0,3,0,7,25,0,7,10,1,27,22,5,34,0,0
12612,1000000US170312204001014,41,25,1,0,4,0,11,30,0,11,16,1,24,23,1,60,0,0
12613,1000000US170312204001015,62,26,9,1,0,2,29,33,0,29,36,3,42,37,5,84,1,3
12614,1000000US170312204001016,79,21,3,5,3,0,49,30,0,49,58,3,31,31,0,100,4,0
12615,1000000US170312204001017,43,33,0,0,2,0,8,35,0,8,10,2,27,25,2,48,0,0
12616,1000000US170312204001018,12,3,0,0,1,0,8,4,0,8,9,0,7,7,0,15,0,0
12617,1000000US170312204001019,51,19,6,0,2,0,25,26,0,25,32,2,28,25,3,60,0,1
12618,1000000US170312204002000,41,9,1,0,3,0,29,12,0,29,32,0,22,21,1,53,0,0
12619,1000000US170312204002001,108,50,2,1,5,0,50,58,0,50,58,3,56,54,2,125,1,0
12620,1000000US170312204002002,87,40,4,0,8,0,35,52,0,35,47,3,41,38,3,108,0,2
12621,1000000US170312204002003,53,48,2,0,1,0,4,49,0,4,5,2,34,30,4,58,0,2
12622,1000000US170312204002004,78,60,1,4,5,0,11,67,0,11,18,5,44,43,1,81,3,0
12623,1000000US170312204002005,33,21,2,0,2,0,10,23,0,10,12,0,22,20,2,46,0,2
12624,1000000US170312204002006,49,20,4,0,3,0,22,27,0,22,29,3,30,27,3,63,0,0
12625,1000000US170312204002007,53,42,0,0,1,0,10,43,0,10,11,0,29,29,0,60,0,0
12626,1000000US170312204002008,42,30,1,2,1,0,9,33,0,9,12,3,29,25,4,59,0,0
12627,1000000US170312204002009,39,28,2,1,2,0,6,33,0,6,11,2,24,24,0,42,0,0
12628,1000000US170312204002010,39,34,2,0,1,0,2,37,0,2,5,1,22,19,3,43,0,0
12629,1000000US170312204002011,0,0,0,0,0,0,0,0,0,0,0,0,0,0,0,0,0,0
12630,1000000US170312204002012,0,0,0,0,0,0,0,0,0,0,0,0,0,0,0,0,0,0
12631,1000000US170312204002013,0,0,0,0,0,0,0,0,0,0,0,0,0,0,0,0,0,0
12632,1000000US170312204002014,0,0,0,0,0,0,0,0,0,0,0,0,0,0,0,0,0,0
12633,1000000US170312204002015,34,27,0,0,1,0,6,28,0,6,7,0,19,17,2,39,0,0
12634,1000000US170312204002016,30,21,1,0,0,0,8,22,0,8,9,2,23,16,7,34,0,0
12635,1000000US170312204002017,42,30,0,0,2,0,10,32,0,10,12,0,28,25,3,50,0,0
12636,1000000US170312204002018,44,40,2,2,1,0,3,41,0,3,4,2,23,21,2,51,0,2
12637,1000000US170312204002019,47,32,1,0,7,0,8,39,0,8,15,1,27,25,2,53,0,1
12638,1000000US170312204002020,35,16,6,2,0,0,15,20,0,15,19,1,22,19,3,41,1,2
12639,1000000US170312204002021,54,5,8,1,0,1,46,8,0,46,49,9,46,45,1,57,0,6
12640,1000000US170312204002022,24,11,0,0,0,0,13,11,0,13,13,0,14,14,0,27,0,0
12641,1000000US170312204002023,19,10,0,0,1,0,8,11,0,8,9,0,12,12,0,20,0,0
12642,1000000US170312204002024,49,30,0,0,0,0,19,30,0,19,19,0,29,28,1,56,0,0
12643,1000000US170312204002025,68,29,3,0,0,0,35,33,0,35,39,4,36,31,5,86,0,0
12644,1000000US170312204002026,56,42,1,0,2,0,11,45,0,11,14,3,34,32,2,68,0,0
12645,1000000US170312204002027,27,13,2,1,0,0,11,16,0,11,14,1,15,14,1,30,0,0
12646,1000000US170312204002028,31,16,4,0,3,0,10,21,0,10,15,1,15,15,0,35,0,1
12647,1000000US170312204002029,14,7,0,0,0,0,7,7,0,7,7,0,4,4,0,16,0,0
12648,1000000US170312205001000,2,0,0,0,0,0,2,0,0,2,2,0,3,1,2,5,0,0
12649,1000000US170312205001001,42,5,6,0,0,0,32,10,0,32,37,2,19,19,0,52,0,1
12650,1000000US170312205001002,49,10,1,0,3,0,37,12,0,37,39,0,17,17,0,62,0,1
12651,1000000US170312205001003,58,34,3,0,0,0,22,36,0,22,24,1,31,31,0,66,0,1
12652,1000000US170312205001004,65,36,4,0,4,0,21,44,0,21,29,6,37,34,3,79,0,0
12653,1000000US170312205001005,61,32,0,0,7,0,22,39,0,22,29,0,31,28,3,66,0,0
12654,1000000US170312205001006,52,33,1,0,2,0,16,36,0,16,19,0,30,28,2,62,0,0
12655,1000000US170312205001007,34,24,3,0,0,0,7,27,0,7,10,0,18,18,0,45,0,0
12656,1000000US170312205001008,44,28,5,0,3,0,8,36,0,8,16,1,23,21,2,50,0,0
12657,1000000US170312205001009,43,28,3,0,2,0,10,33,0,10,15,1,28,26,2,51,0,0
12658,1000000US170312205001010,62,36,8,0,3,0,12,50,0,12,26,2,26,26,0,65,0,2
12659,1000000US170312205001011,24,22,2,0,0,0,0,24,0,0,2,0,12,11,1,28,0,0
12660,1000000US170312205001012,86,74,0,0,8,0,4,82,0,4,12,0,49,46,3,95,0,0
12661,1000000US170312205001013,0,0,0,0,0,0,0,0,0,0,0,0,0,0,0,0,0,0
12662,1000000US170312205001014,0,0,0,0,0,0,0,0,0,0,0,0,0,0,0,0,0,0
12663,1000000US170312205001015,0,0,0,0,0,0,0,0,0,0,0,0,0,0,0,0,0,0
12664,1000000US170312205001016,0,0,0,0,0,0,0,0,0,0,0,0,0,0,0,0,0,0
12665,1000000US170312205001017,204,157,20,1,16,1,9,195,0,9,47,6,131,123,8,213,0,0
12666,1000000US170312205001018,28,23,0,0,2,0,3,25,0,3,5,0,31,26,5,28,0,0
12667,1000000US170312205001019,57,38,4,2,7,0,7,50,0,7,19,3,50,35,15,62,1,0
12668,1000000US170312205001020,36,19,5,0,5,0,10,26,0,10,17,0,20,17,3,39,0,3
12669,1000000US170312205002000,0,0,0,0,0,0,0,0,0,0,0,0,0,0,0,0,0,0
12670,1000000US170312205002001,0,0,0,0,0,0,0,0,0,0,0,0,0,0,0,0,0,0
12671,1000000US170312205002002,0,0,0,0,0,0,0,0,0,0,0,0,0,0,0,0,0,0
12672,1000000US170312205002003,0,0,0,0,0,0,0,0,0,0,0,0,0,0,0,0,0,0
12673,1000000US170312205002004,0,0,0,0,0,0,0,0,0,0,0,0,0,0,0,0,0,0
12674,1000000US170312205002005,0,0,0,0,0,0,0,0,0,0,0,0,0,0,0,0,0,0
12675,1000000US170312205002006,0,0,0,0,0,0,0,0,0,0,0,0,0,0,0,0,0,0
12676,1000000US170312205002007,0,0,0,0,0,0,0,0,0,0,0,0,0,0,0,0,0,0
12677,1000000US170312205002008,68,23,5,0,9,1,35,33,0,35,45,5,29,29,0,78,0,4
12678,1000000US170312205002009,0,0,0,0,0,0,0,0,0,0,0,0,0,0,0,0,0,0
12679,1000000US170312205002010,0,0,0,0,0,0,0,0,0,0,0,0,0,0,0,0,0,0
12680,1000000US170312205002011,0,0,0,0,0,0,0,0,0,0,0,0,0,0,0,0,0,0
12681,1000000US170312205002012,4,2,1,0,0,0,1,3,0,1,2,0,2,2,0,4,0,0
12682,1000000US170312205002013,116,65,8,4,0,0,43,73,0,43,51,10,81,69,12,135,1,1
12683,1000000US170312205002014,169,92,14,3,7,0,57,112,0,57,77,10,91,88,3,207,0,4
12684,1000000US170312205002015,71,55,2,0,3,2,11,60,0,11,16,3,43,39,4,77,0,0
12685,1000000US170312205002016,90,53,7,4,0,0,34,56,0,34,37,5,53,44,9,92,0,4
12686,1000000US170312205002017,140,102,15,3,12,0,13,127,0,13,38,6,78,73,5,149,3,2
12687,1000000US170312205002018,1,0,0,0,1,0,0,1,0,0,1,1,1,1,0,1,0,0
12688,1000000US170312205003000,21,12,6,0,0,0,7,14,0,7,9,3,12,12,0,25,0,4
12689,1000000US170312205003001,95,50,5,1,5,0,34,61,0,34,45,4,57,52,5,104,0,0
12690,1000000US170312205003002,109,55,7,0,8,0,42,67,0,42,54,6,61,51,10,119,0,0
12691,1000000US170312205003003,0,0,0,0,0,0,0,0,0,0,0,0,0,0,0,0,0,0
12692,1000000US170312205003004,93,30,0,5,11,0,51,42,0,51,63,5,41,37,4,107,1,0
12693,1000000US170312205003005,46,38,0,0,2,0,6,40,0,6,8,0,30,29,1,48,0,0
12694,1000000US170312205003006,38,28,1,0,1,0,9,29,0,9,10,2,26,24,2,43,0,1
12695,1000000US170312205003007,39,34,1,0,0,0,4,35,0,4,5,0,22,21,1,42,0,0
12696,1000000US170312205003008,54,43,0,1,3,0,7,47,0,7,11,1,30,28,2,59,1,0
12697,1000000US170312205003009,59,31,4,3,2,0,22,37,0,22,28,3,41,35,6,74,3,0
12698,1000000US170312205003010,65,10,19,0,0,1,41,24,0,41,55,4,38,38,0,95,0,5
12699,1000000US170312205003011,87,58,2,1,3,0,24,63,0,24,29,6,46,44,2,94,0,0
12700,1000000US170312205003012,2,0,0,0,0,0,2,0,0,2,2,0,1,1,0,5,0,0
12701,1000000US170312205003013,0,0,0,0,0,0,0,0,0,0,0,0,0,0,0,0,0,0
12702,1000000US170312205003014,0,0,0,0,0,0,0,0,0,0,0,0,0,0,0,0,0,0
12703,1000000US170312206011000,223,110,49,2,11,1,65,158,0,65,113,6,160,153,7,248,0,9
12704,1000000US170312206011001,72,63,1,0,1,0,8,64,0,8,9,1,44,42,2,81,0,1
12705,1000000US170312206011002,72,58,1,1,3,1,9,63,0,9,14,3,44,42,2,76,0,0
12706,1000000US170312206011003,95,40,7,1,5,0,45,50,0,45,55,9,44,42,2,118,0,2
12707,1000000US170312206011004,67,42,2,1,4,0,20,47,0,20,25,1,38,36,2,71,1,1
12708,1000000US170312206011005,54,30,3,0,3,0,18,36,0,18,24,6,36,28,8,64,0,0
12709,1000000US170312206011006,8,5,0,0,2,0,1,7,0,1,3,0,7,3,4,10,0,0
12710,1000000US170312206011007,26,16,2,0,0,0,9,17,0,9,10,2,13,13,0,29,0,1
12711,1000000US170312206011008,0,0,0,0,0,0,0,0,0,0,0,0,0,0,0,0,0,0
12712,1000000US170312206011009,33,18,1,0,4,0,10,23,0,10,15,1,19,19,0,34,0,0
12713,1000000US170312206012000,59,32,0,0,2,0,25,34,0,25,27,0,32,28,4,67,0,0
12714,1000000US170312206012001,66,26,4,1,4,0,33,33,0,33,40,3,28,27,1,73,0,0
12715,1000000US170312206012002,38,16,4,0,0,0,22,16,0,22,22,1,19,18,1,55,0,4
12716,1000000US170312206012003,73,22,7,0,0,0,44,29,0,44,51,0,34,29,5,108,0,0
12717,1000000US170312206012004,79,13,0,1,0,0,65,14,0,65,66,4,35,33,2,120,0,0
12718,1000000US170312206012005,62,27,2,3,8,0,22,40,0,22,35,4,33,29,4,75,3,0
12719,1000000US170312206012006,70,29,9,0,1,0,31,39,0,31,41,1,35,32,3,91,0,0
12720,1000000US170312206012007,68,17,4,0,2,1,47,21,0,47,51,3,32,32,0,87,0,2
12721,1000000US170312206012008,51,8,3,0,0,0,41,10,0,41,43,0,30,25,5,73,0,1
12722,1000000US170312206012009,28,20,0,0,0,0,8,20,0,8,8,0,14,14,0,38,0,0
12723,1000000US170312206012010,28,17,0,0,0,1,11,17,0,11,11,1,13,13,0,40,0,0
12724,1000000US170312206012011,56,15,3,0,1,0,38,18,0,38,41,2,32,30,2,62,0,1
12725,1000000US170312206012012,18,6,1,0,0,0,11,7,0,11,12,0,14,9,5,23,0,0
12726,1000000US170312206012013,26,6,0,0,0,0,20,6,0,20,20,1,9,8,1,32,0,0
12727,1000000US170312206012014,13,0,0,6,0,0,13,0,0,13,13,7,4,4,0,19,6,0
12728,1000000US170312206012015,32,13,1,0,0,0,18,14,0,18,19,0,13,13,0,40,0,0
12729,1000000US170312206012016,24,0,8,0,0,0,18,6,0,18,24,0,10,10,0,32,0,2
12730,1000000US170312206021000,197,137,10,1,17,1,34,163,0,34,60,9,119,114,5,209,0,0
12731,1000000US170312206021001,60,42,2,0,3,0,13,47,0,13,18,2,36,32,4,66,0,0
12732,1000000US170312206021002,89,40,27,1,4,1,18,71,0,18,49,1,84,79,5,97,1,3
12733,1000000US170312206021003,20,15,0,0,0,0,2,18,0,2,5,0,11,10,1,20,0,0
12734,1000000US170312206021004,70,50,2,0,0,0,18,52,0,18,20,3,42,37,5,83,0,0
12735,1000000US170312206021005,121,80,12,2,8,0,26,95,0,26,41,7,92,83,9,131,2,3
12736,1000000US170312206021006,2,0,1,0,0,0,2,0,0,2,2,0,2,2,0,2,0,1
12737,1000000US170312206021007,14,13,0,0,1,0,0,14,0,0,1,0,8,8,0,16,0,0
12738,1000000US170312206022000,28,14,2,0,1,0,11,17,0,11,14,1,17,17,0,35,0,0
12739,1000000US170312206022001,38,19,5,0,1,0,13,25,0,13,19,2,23,21,2,46,0,0
12740,1000000US170312206022002,37,33,0,0,0,0,4,33,0,4,4,0,18,18,0,52,0,0
12741,1000000US170312206022003,36,31,1,0,2,0,2,34,0,2,5,1,17,17,0,46,0,0
12742,1000000US170312206022004,54,37,1,0,0,0,17,37,0,17,17,1,30,27,3,63,0,1
12743,1000000US170312206022005,67,36,4,0,0,0,27,40,0,27,31,2,38,34,4,84,0,0
12744,1000000US170312206022006,77,43,7,1,9,0,19,58,0,19,34,0,45,39,6,89,1,2
12745,1000000US170312206023000,183,41,31,3,3,3,109,74,0,109,142,11,109,106,3,272,1,2
12746,1000000US170312206023001,101,6,17,1,0,1,80,21,0,80,95,6,71,70,1,138,1,2
12747,1000000US170312206023002,17,13,4,0,0,0,0,17,0,0,4,0,8,8,0,18,0,0
12748,1000000US170312206023003,138,63,11,0,4,0,60,78,0,60,75,3,107,90,17,151,0,0
12749,1000000US170312206023004,42,21,0,0,5,0,16,26,0,16,21,2,25,25,0,49,0,0
12750,1000000US170312206023005,0,0,0,0,0,0,0,0,0,0,0,0,0,0,0,0,0,0
12751,1000000US170312206023006,155,26,10,1,5,0,118,37,0,118,129,8,115,106,9,174,1,4
12752,1000000US170312206023007,24,13,0,0,1,0,10,14,0,10,11,0,13,13,0,25,0,0
12753,1000000US170312206023008,171,115,18,0,14,0,27,144,0,27,56,7,169,138,31,176,0,4
12754,1000000US170312206023009,48,26,11,0,3,0,9,39,0,9,22,3,48,38,10,50,0,0
12755,1000000US170312206023010,22,16,1,1,2,0,3,19,0,3,6,0,18,14,4,24,1,0
12756,1000000US170312206023011,6,6,0,0,0,0,0,6,0,0,0,0,7,4,3,7,0,0
12757,1000000US170312206023012,139,48,7,2,8,1,77,62,0,77,91,7,100,91,9,175,1,1
12758,1000000US170312206023013,32,21,4,2,0,0,5,27,0,5,11,2,21,18,3,35,2,0
12759,1000000US170312206024000,67,3,5,1,3,0,55,12,0,55,64,1,48,48,0,85,1,0
12760,1000000US170312206024001,149,13,1,2,0,0,136,13,0,136,136,8,98,96,2,185,0,1
12761,1000000US170312206024002,84,52,2,0,1,0,29,55,0,29,32,1,45,40,5,91,0,0
12762,1000000US170312206024003,120,96,6,2,6,0,13,107,0,13,24,5,107,102,5,120,1,1
12763,1000000US170312206024004,96,59,6,0,2,0,29,67,0,29,37,2,56,49,7,107,0,2
12764,1000000US170312206024005,0,0,0,0,0,0,0,0,0,0,0,0,0,0,0,0,0,0
12765,1000000US170312206024006,44,11,2,2,1,0,32,12,0,32,33,9,26,21,5,56,2,2
12766,1000000US170312206024007,56,37,2,0,0,0,17,39,0,17,19,0,30,29,1,69,0,0
12767,1000000US170312206024008,55,39,3,0,2,0,11,44,0,11,16,1,29,27,2,64,0,0
12768,1000000US170312206024009,52,23,2,0,0,0,28,24,0,28,29,1,29,28,1,69,0,1
12769,1000000US170312206024010,51,24,4,0,4,0,23,28,0,23,27,0,28,23,5,71,0,4
12770,1000000US170312206024011,48,29,2,1,3,0,17,31,0,17,19,2,25,22,3,56,0,1
12771,1000000US170312206024012,53,32,3,0,4,0,15,38,0,15,21,3,31,30,1,65,0,0
12772,1000000US170312206024013,48,22,0,0,2,0,24,24,0,24,26,0,29,25,4,61,0,0
12773,1000000US170312206024014,52,27,2,3,5,0,19,33,0,19,25,4,30,26,4,55,0,0
12774,1000000US170312206024015,100,66,7,1,5,0,23,77,0,23,34,3,74,72,2,107,0,1
12775,1000000US170312206024016,33,14,2,0,3,0,16,17,0,16,19,3,17,16,1,38,0,2
12776,1000000US170312206024017,68,48,2,0,2,0,16,52,0,16,20,2,42,42,0,75,0,0
12777,1000000US170312206024018,16,3,0,0,0,0,13,3,0,13,13,3,7,7,0,27,0,0
12778,1000000US170312206024019,29,10,6,0,0,0,15,14,0,15,19,1,17,13,4,38,0,2
12779,1000000US170312206024020,38,11,2,0,0,0,26,12,0,26,27,0,18,18,0,53,0,1
12780,1000000US170312206024021,137,55,30,5,5,0,54,83,0,54,82,3,84,83,1,203,5,8
12781,1000000US170312206024022,45,22,0,0,1,0,22,23,0,22,23,0,26,23,3,65,0,0
12782,1000000US170312206025000,57,26,1,6,6,0,19,38,0,19,31,1,32,32,0,66,6,0
12783,1000000US170312206025001,13,0,0,0,5,0,8,5,0,8,13,0,7,7,0,23,0,0
12784,1000000US170312206025002,42,13,8,0,1,0,24,18,0,24,29,2,17,16,1,51,0,4
12785,1000000US170312206025003,52,8,0,0,0,0,42,10,0,42,44,9,20,19,1,68,0,0
12786,1000000US170312206025004,22,5,0,0,0,0,17,5,0,17,17,0,11,9,2,30,0,0
12787,1000000US170312206025005,57,31,10,0,1,0,16,41,0,16,26,0,34,33,1,65,0,1
12788,1000000US170312206025006,39,11,1,2,1,0,26,13,0,26,28,6,20,18,2,52,2,0
12789,1000000US170312206025007,58,28,0,2,10,0,18,40,0,18,30,0,31,25,6,65,2,0
12790,1000000US170312206025008,38,31,2,0,3,1,1,37,0,1,7,0,16,16,0,40,0,0
12791,1000000US170312206025009,69,30,3,1,2,0,35,34,0,35,39,4,31,30,1,89,0,0
12792,1000000US170312206025010,73,28,13,0,2,0,31,42,0,31,45,1,44,37,7,95,0,1
12793,1000000US170312206025011,95,17,2,0,0,0,73,22,0,73,78,2,36,35,1,125,0,1
12794,1000000US170312206025012,83,18,0,0,2,0,61,22,0,61,65,4,34,33,1,103,0,0
12795,1000000US170312206025013,75,21,3,0,0,0,52,23,0,52,54,1,31,29,2,99,0,1
12796,1000000US170312207011000,72,20,7,1,2,2,43,29,0,43,52,6,43,39,4,110,0,2
12797,1000000US170312207011001,93,28,3,2,0,4,60,33,0,60,65,7,39,36,3,119,1,1
12798,1000000US170312207011002,87,26,1,0,0,0,61,26,0,61,61,2,33,31,2,116,0,1
12799,1000000US170312207011003,92,23,1,0,3,1,64,28,0,64,69,5,46,40,6,132,0,0
12800,1000000US170312207011004,85,14,2,0,0,0,71,14,0,71,71,2,32,29,3,122,0,2
12801,1000000US170312207011005,5,5,0,0,0,0,0,5,0,0,0,0,0,0,0,5,0,0
12802,1000000US170312207011006,110,14,7,0,1,0,90,20,0,90,96,2,50,42,8,156,0,2
12803,1000000US170312207011007,87,26,7,0,1,0,53,34,0,53,61,0,52,47,5,141,0,0
12804,1000000US170312207011008,59,20,2,0,3,0,34,25,0,34,39,0,39,34,5,68,0,0
12805,1000000US170312207011009,26,8,0,0,0,0,18,8,0,18,18,0,20,17,3,32,0,0
12806,1000000US170312207012000,61,19,4,0,1,0,39,22,0,39,42,6,29,29,0,81,0,2
12807,1000000US170312207012001,74,27,1,0,0,0,46,28,0,46,47,0,33,32,1,99,0,0
12808,1000000US170312207012002,81,24,0,0,2,0,56,25,0,56,57,2,31,30,1,108,0,0
12809,1000000US170312207012003,85,14,0,0,0,0,71,14,0,71,71,0,32,31,1,123,0,0
12810,1000000US170312207012004,47,12,3,1,0,0,35,12,0,35,35,3,27,24,3,75,0,3
12811,1000000US170312207012005,75,19,0,0,2,0,54,21,0,54,56,0,35,34,1,106,0,0
12812,1000000US170312207012006,67,12,0,2,0,0,55,12,0,55,55,5,34,31,3,97,2,0
12813,1000000US170312207012007,93,10,9,1,0,0,78,15,0,78,83,1,35,31,4,134,0,4
12814,1000000US170312207012008,11,3,1,0,0,0,7,4,0,7,8,0,6,5,1,23,0,0
12815,1000000US170312207012009,28,0,0,0,0,0,28,0,0,28,28,0,13,10,3,46,0,0
12816,1000000US170312207013000,67,7,2,0,1,0,58,9,0,58,60,2,30,27,3,87,0,0
12817,1000000US170312207013001,86,22,7,1,0,0,59,27,0,59,64,7,46,41,5,120,0,3
12818,1000000US170312207013002,93,17,4,0,1,0,75,18,0,75,76,5,44,42,2,145,0,4
12819,1000000US170312207013003,94,2,6,1,0,0,90,4,0,90,92,6,42,40,2,129,1,4
12820,1000000US170312207013004,55,11,3,0,4,0,37,18,0,37,44,2,30,26,4,76,0,0
12821,1000000US170312207013005,73,15,4,0,7,0,53,20,0,53,58,18,35,30,5,100,0,4
12822,1000000US170312207013006,77,10,11,0,2,2,57,20,0,57,67,2,36,36,0,102,0,3
12823,1000000US170312207013007,88,7,5,0,1,0,75,13,0,75,81,3,39,34,5,129,0,0
12824,1000000US170312207013008,98,9,4,4,3,0,82,16,0,82,89,4,54,43,11,134,3,0
12825,1000000US170312207013009,88,9,3,4,0,6,78,10,0,78,79,6,43,39,4,121,4,2
12826,1000000US170312207013010,69,16,1,0,4,0,48,21,0,48,53,4,34,30,4,92,0,0
12827,1000000US170312207013011,104,18,5,2,2,0,79,25,0,79,86,0,49,43,6,151,2,0
12828,1000000US170312207013012,75,28,7,0,2,1,39,36,0,39,47,2,45,36,9,97,0,0
12829,1000000US170312207013013,47,18,4,0,3,0,23,24,0,23,29,1,39,26,13,51,0,0
12830,1000000US170312207013014,0,0,0,0,0,0,0,0,0,0,0,0,0,0,0,0,0,0
12831,1000000US170312207013015,5,0,0,0,0,0,5,0,0,5,5,0,8,1,7,5,0,0
12832,1000000US170312207013016,4,0,0,0,0,0,4,0,0,4,4,0,2,2,0,5,0,0
12833,1000000US170312207021000,102,22,2,0,0,0,78,24,0,78,80,1,36,35,1,140,0,0
12834,1000000US170312207021001,70,17,0,1,1,0,52,18,0,52,53,4,34,27,7,83,0,0
12835,1000000US170312207021002,110,25,4,4,0,0,84,26,0,84,85,3,50,47,3,145,4,3
12836,1000000US170312207021003,59,16,0,0,3,0,43,16,0,43,43,3,42,28,14,78,0,0
12837,1000000US170312207021004,103,10,5,2,1,0,89,14,0,89,93,7,51,40,11,156,2,2
12838,1000000US170312207021005,95,12,0,0,0,0,83,12,0,83,83,2,43,40,3,140,0,0
12839,1000000US170312207021006,33,10,2,0,0,2,19,14,0,19,23,0,20,16,4,52,0,0
12840,1000000US170312207021007,107,17,5,2,6,0,82,25,0,82,90,7,40,37,3,152,1,4
12841,1000000US170312207021008,83,10,0,0,1,0,72,11,0,72,73,1,30,30,0,118,0,0
12842,1000000US170312207021009,66,31,6,1,6,0,26,40,0,26,35,1,54,38,16,80,1,4
12843,1000000US170312207021010,77,37,10,0,3,2,25,52,0,25,40,2,47,45,2,103,0,0
12844,1000000US170312207021011,9,7,1,1,2,0,2,7,0,2,2,2,4,4,0,10,1,1
12845,1000000US170312207021012,47,12,6,1,1,0,28,19,0,28,35,1,25,21,4,59,1,0
12846,1000000US170312207021013,40,16,4,0,2,0,20,20,0,20,24,0,22,17,5,46,0,2
12847,1000000US170312207022000,0,0,0,0,0,0,0,0,0,0,0,0,0,0,0,0,0,0
12848,1000000US170312207022001,78,6,44,2,1,1,26,52,0,26,72,1,69,58,11,96,2,1
12849,1000000US170312207022002,0,0,0,0,0,0,0,0,0,0,0,0,0,0,0,0,0,0
12850,1000000US170312207022003,0,0,0,0,0,0,0,0,0,0,0,0,0,0,0,0,0,0
12851,1000000US170312207022004,0,0,0,0,0,0,0,0,0,0,0,0,0,0,0,0,0,0
12852,1000000US170312207022005,1,0,1,0,0,0,0,1,0,0,1,0,1,1,0,3,0,0
12853,1000000US170312207022006,34,5,0,0,2,2,27,7,0,27,29,2,16,15,1,44,0,0
12854,1000000US170312207022007,0,0,0,0,0,0,0,0,0,0,0,0,0,0,0,0,0,0
12855,1000000US170312207022008,3,1,1,0,2,0,0,3,0,0,2,1,1,1,0,3,0,0
12856,1000000US170312207022009,36,1,0,1,0,0,35,1,0,35,35,0,18,17,1,54,1,0
12857,1000000US170312207022010,77,10,5,1,3,0,60,17,0,60,67,3,43,36,7,115,0,1
12858,1000000US170312207022011,80,8,8,2,1,0,66,14,0,66,72,4,43,40,3,124,1,4
12859,1000000US170312207022012,102,28,9,0,1,0,64,38,0,64,74,2,59,52,7,131,0,1
12860,1000000US170312207022013,83,17,4,0,3,2,60,23,0,60,66,7,49,44,5,114,0,1
12861,1000000US170312207022014,49,18,6,0,0,0,28,21,0,28,31,0,31,26,5,76,0,3
12862,1000000US170312207022015,18,4,0,0,0,2,14,4,0,14,14,1,9,8,1,24,0,0
12863,1000000US170312207022016,28,9,12,1,1,0,8,20,0,8,19,1,23,17,6,43,1,2
12864,1000000US170312207022017,8,0,2,2,0,0,6,2,0,6,8,0,3,3,0,13,2,0
12865,1000000US170312207022018,0,0,0,0,0,0,0,0,0,0,0,0,0,0,0,0,0,0
12866,1000000US170312207022019,0,0,0,0,0,0,0,0,0,0,0,0,0,0,0,0,0,0
12867,1000000US170312207022020,9,0,0,0,0,0,9,0,0,9,9,0,4,4,0,11,0,0
12868,1000000US170312207023000,36,11,1,0,0,0,25,11,0,25,25,0,18,13,5,52,0,1
12869,1000000US170312207023001,62,22,2,0,0,0,38,24,0,38,40,2,32,29,3,97,0,0
12870,1000000US170312207023002,42,9,0,0,0,0,25,17,0,25,33,0,17,15,2,63,0,0
12871,1000000US170312207023003,59,27,1,0,1,0,30,29,0,30,32,2,39,34,5,75,0,0
12872,1000000US170312207023004,78,13,10,1,0,0,60,18,0,60,65,2,40,34,6,117,1,5
12873,1000000US170312207023005,68,16,2,0,1,0,50,18,0,50,52,0,41,36,5,101,0,1
12874,1000000US170312207023006,70,16,2,1,0,0,52,18,0,52,54,4,38,33,5,94,1,0
12875,1000000US170312207023007,43,13,5,0,4,0,23,20,0,23,30,6,24,23,1,57,0,3
12876,1000000US170312207023008,39,15,1,0,0,0,23,16,0,23,24,0,21,20,1,58,0,0
12877,1000000US170312207023009,76,21,20,0,2,0,33,43,0,33,55,1,27,22,5,86,0,0
12878,1000000US170312207023010,39,7,8,2,4,0,22,17,0,22,32,3,27,22,5,51,0,1
12879,1000000US170312207024000,83,32,3,1,0,0,49,34,0,49,51,3,37,37,0,107,0,1
12880,1000000US170312207024001,27,5,4,0,2,0,16,11,0,16,22,0,17,12,5,38,0,0
12881,1000000US170312207024002,76,22,3,0,0,0,54,22,0,54,54,2,38,35,3,109,0,3
12882,1000000US170312207024003,83,16,2,1,2,0,64,19,0,64,67,2,34,31,3,104,0,1
12883,1000000US170312207024004,70,11,4,0,1,0,54,16,0,54,59,0,33,28,5,95,0,0
12884,1000000US170312207024005,82,13,7,0,1,0,63,19,0,63,69,0,32,30,2,120,0,2
12885,1000000US170312207024006,0,0,0,0,0,0,0,0,0,0,0,0,0,0,0,0,0,0
12886,1000000US170312207024007,73,16,8,1,1,0,49,24,0,49,57,3,46,39,7,109,1,2
12887,1000000US170312207024008,82,41,2,0,4,0,35,47,0,35,41,0,38,37,1,102,0,0
12888,1000000US170312207024009,23,2,0,0,0,0,21,2,0,21,21,0,15,12,3,35,0,0
12889,1000000US170312207024010,19,11,4,0,0,0,3,16,0,3,8,1,15,14,1,27,0,0
12890,1000000US170312207024011,38,23,3,0,0,0,14,24,0,14,15,0,22,22,0,51,0,2
12891,1000000US170312207024012,55,17,4,0,4,0,35,20,0,35,38,1,24,24,0,79,0,3
12892,1000000US170312207024013,19,8,0,0,0,0,11,8,0,11,11,0,13,9,4,20,0,0
12893,1000000US170312209011000,84,21,8,1,4,3,59,25,0,59,63,3,36,35,1,125,1,6
12894,1000000US170312209011001,17,3,0,0,2,0,12,5,0,12,14,0,7,7,0,24,0,0
12895,1000000US170312209011002,48,5,1,2,5,0,36,12,0,36,43,3,21,19,2,68,0,1
12896,1000000US170312209011003,66,13,1,1,1,0,51,15,0,51,53,4,33,30,3,110,0,0
12897,1000000US170312209011004,21,10,0,0,0,0,11,10,0,11,11,1,7,7,0,30,0,0
12898,1000000US170312209011005,91,25,10,4,0,0,58,33,0,58,66,5,43,37,6,117,4,2
12899,1000000US170312209011006,85,16,7,0,7,0,58,27,0,58,69,6,39,36,3,118,0,1
12900,1000000US170312209011007,127,15,4,2,3,1,109,18,0,109,112,5,66,58,8,200,2,1
12901,1000000US170312209011008,27,11,4,0,0,0,12,15,0,12,16,1,18,15,3,38,0,0
12902,1000000US170312209011009,146,7,26,3,1,1,121,25,0,121,139,8,106,106,0,193,2,9
12903,1000000US170312209012000,141,22,12,0,4,0,109,32,0,109,119,5,66,63,3,225,0,3
12904,1000000US170312209012001,154,4,28,2,2,0,127,27,0,127,150,11,74,66,8,242,2,7
12905,1000000US170312209012002,58,15,13,2,2,0,28,30,0,28,43,0,34,29,5,76,2,0
12906,1000000US170312209012003,77,6,10,0,5,0,58,19,0,58,71,3,48,36,12,127,0,2
12907,1000000US170312209012004,76,11,8,2,0,0,57,19,0,57,65,3,42,36,6,111,2,0
12908,1000000US170312209012005,132,6,56,1,0,0,72,60,0,72,126,8,80,75,5,207,0,4
12909,1000000US170312209012006,99,0,5,0,0,2,99,0,0,99,99,1,34,34,0,166,0,5
12910,1000000US170312209012007,59,8,0,0,0,0,51,8,0,51,51,3,21,19,2,84,0,0
12911,1000000US170312209012008,1,1,0,0,0,0,0,1,0,0,0,0,9,1,8,1,0,0
12912,1000000US170312209013000,121,5,1,0,1,0,115,6,0,115,116,2,60,54,6,188,0,1
12913,1000000US170312209013001,112,4,5,0,2,1,103,9,0,103,108,4,50,46,4,163,0,3
12914,1000000US170312209013002,130,9,4,1,0,0,119,11,0,119,121,5,54,47,7,206,1,2
12915,1000000US170312209013003,114,6,16,3,0,0,90,24,0,90,108,6,50,46,4,168,3,1
12916,1000000US170312209013004,57,6,9,0,3,0,39,18,0,39,51,4,19,19,0,75,0,0
12917,1000000US170312209013005,21,1,1,0,0,0,20,1,0,20,20,0,8,8,0,23,0,1
12918,1000000US170312209013006,55,11,0,0,0,0,44,11,0,44,44,0,26,18,8,70,0,0
12919,1000000US170312209013007,22,2,2,0,0,0,20,2,0,20,20,0,23,13,10,28,0,2
12920,1000000US170312209013008,0,0,0,0,0,0,0,0,0,0,0,0,1,0,1,0,0,0
12921,1000000US170312209013009,95,10,13,2,1,0,71,24,0,71,85,10,37,35,2,150,0,2
12922,1000000US170312209013010,91,2,8,4,0,0,76,15,0,76,89,4,35,33,2,126,4,0
12923,1000000US170312209013011,22,2,0,3,0,0,17,5,0,17,20,0,9,9,0,39,3,0
12924,1000000US170312209021000,38,0,1,0,0,0,37,1,0,37,38,0,16,15,1,51,0,0
12925,1000000US170312209021001,11,0,1,1,1,0,9,2,0,9,11,0,16,7,9,16,1,0
12926,1000000US170312209021002,11,2,6,0,1,0,3,8,0,3,9,0,11,10,1,11,0,0
12927,1000000US170312209021003,12,2,0,0,0,0,10,2,0,10,10,0,7,7,0,16,0,0
12928,1000000US170312209021004,84,9,5,1,0,0,71,13,0,71,75,7,36,34,2,135,0,2
12929,1000000US170312209021005,63,22,1,1,0,0,41,22,0,41,41,0,35,29,6,90,1,1
12930,1000000US170312209021006,102,11,8,2,1,0,83,19,0,83,91,7,51,47,4,164,1,0
12931,1000000US170312209021007,81,14,3,1,0,0,64,17,0,64,67,5,35,33,2,118,1,1
12932,1000000US170312209021008,101,8,5,2,0,0,90,11,0,90,93,2,44,40,4,156,0,2
12933,1000000US170312209021009,88,13,1,0,0,0,75,13,0,75,75,2,38,36,2,105,0,1
12934,1000000US170312209021010,102,10,0,1,0,1,92,10,0,92,92,7,36,35,1,141,0,0
12935,1000000US170312209021011,0,0,0,0,0,0,0,0,0,0,0,0,0,0,0,0,0,0
12936,1000000US170312209021012,50,11,5,0,0,0,34,16,0,34,39,6,25,22,3,74,0,0
12937,1000000US170312209021013,48,2,7,0,0,0,38,10,0,38,46,0,23,23,0,64,0,1
12938,1000000US170312209021014,132,2,0,10,0,0,129,3,0,129,130,7,47,46,1,189,4,0
12939,1000000US170312209021015,111,3,9,0,1,0,99,12,0,99,108,6,76,50,26,164,0,1
12940,1000000US170312209021016,34,0,1,0,0,0,33,1,0,33,34,3,19,15,4,57,0,0
12941,1000000US170312209021017,49,7,1,4,0,0,41,8,0,41,42,1,24,22,2,76,4,0
12942,1000000US170312209021018,0,0,0,0,0,0,0,0,0,0,0,0,0,0,0,0,0,0
12943,1000000US170312209021019,0,0,0,0,0,0,0,0,0,0,0,0,0,0,0,0,0,0
12944,1000000US170312209022000,0,0,0,0,0,0,0,0,0,0,0,0,0,0,0,0,0,0
12945,1000000US170312209022001,19,7,1,0,1,0,10,9,0,10,12,0,10,7,3,25,0,0
12946,1000000US170312209022002,11,5,0,0,0,0,6,5,0,6,6,0,7,6,1,12,0,0
12947,1000000US170312209022003,36,1,1,0,0,0,34,2,0,34,35,2,13,13,0,50,0,0
12948,1000000US170312209022004,47,4,0,1,0,0,42,5,0,42,43,6,23,21,2,69,0,0
12949,1000000US170312209022005,41,12,2,0,0,0,28,13,0,28,29,2,25,22,3,54,0,1
12950,1000000US170312209022006,31,2,1,0,0,0,29,2,0,29,29,4,11,10,1,36,0,1
12951,1000000US170312209022007,73,16,3,0,0,0,54,19,0,54,57,1,36,29,7,103,0,0
12952,1000000US170312209022008,60,21,1,0,2,0,36,24,0,36,39,4,30,28,2,90,0,0
12953,1000000US170312209022009,54,3,2,3,0,0,50,4,0,50,51,0,19,19,0,75,3,1
12954,1000000US170312209022010,47,20,0,0,0,0,26,21,0,26,27,0,17,16,1,56,0,0
12955,1000000US170312209022011,40,10,0,0,0,0,30,10,0,30,30,0,21,19,2,65,0,0
12956,1000000US170312209022012,45,13,0,0,0,0,32,13,0,32,32,0,20,19,1,57,0,0
12957,1000000US170312209022013,48,12,0,0,0,4,36,12,0,36,36,11,22,19,3,59,0,0
12958,1000000US170312209022014,38,9,4,0,0,0,25,13,0,25,29,1,16,16,0,52,0,0
12959,1000000US170312209022015,69,29,9,4,6,0,26,43,0,26,40,6,37,35,2,83,4,1
12960,1000000US170312209022016,62,7,2,2,2,0,51,11,0,51,55,1,23,17,6,74,1,0
12961,1000000US170312209022017,56,17,1,0,0,0,39,17,0,39,39,3,27,27,0,81,0,1
12962,1000000US170312209022018,88,6,12,3,0,0,77,11,0,77,82,5,49,42,7,124,1,7
12963,1000000US170312209022019,102,8,20,0,0,0,93,9,0,93,94,6,49,46,3,159,0,19
12964,1000000US170312209022020,69,3,6,1,4,0,60,9,0,60,66,6,34,29,5,110,1,4
12965,1000000US170312209022021,41,10,2,2,0,0,31,10,0,31,31,0,23,20,3,60,2,2
12966,1000000US170312209022022,94,10,2,0,0,0,82,12,0,82,84,2,37,37,0,145,0,0
12967,1000000US170312209022023,38,4,1,5,0,2,33,5,0,33,34,3,18,15,3,57,5,0
12968,1000000US170312209022024,25,0,2,0,0,0,23,2,0,23,25,0,12,11,1,48,0,0
12969,1000000US170312210001000,57,26,5,0,4,0,24,33,0,24,31,1,34,34,0,66,0,2
12970,1000000US170312210001001,26,8,0,0,1,0,17,9,0,17,18,0,17,12,5,37,0,0
12971,1000000US170312210001002,58,10,7,0,1,0,47,11,0,47,48,0,30,20,10,77,0,7
12972,1000000US170312210001003,42,5,3,0,0,0,37,5,0,37,37,3,21,20,1,60,0,3
12973,1000000US170312210001004,56,22,6,1,1,0,28,28,0,28,34,3,33,30,3,83,1,2
12974,1000000US170312210001005,66,18,0,0,0,0,48,18,0,48,48,0,31,30,1,94,0,0
12975,1000000US170312210001006,72,23,3,0,1,0,46,26,0,46,49,1,38,34,4,91,0,1
12976,1000000US170312210001007,60,16,4,1,4,1,39,21,0,39,44,5,27,24,3,89,1,1
12977,1000000US170312210001008,68,19,5,0,2,0,44,24,0,44,49,2,39,35,4,111,0,2
12978,1000000US170312210001009,53,17,0,0,0,0,36,17,0,36,36,0,30,24,6,77,0,0
12979,1000000US170312210001010,100,34,5,0,1,0,60,40,0,60,66,0,55,48,7,125,0,0
12980,1000000US170312210001011,61,18,0,0,7,0,43,18,0,43,43,3,28,26,2,83,0,0
12981,1000000US170312210001012,80,37,11,0,5,0,31,49,0,31,43,0,42,38,4,100,0,2
12982,1000000US170312210001013,93,45,9,2,6,0,32,61,0,32,48,2,53,50,3,130,2,0
12983,1000000US170312210001014,65,11,12,1,2,0,49,16,0,49,54,0,38,31,7,93,1,8
12984,1000000US170312210001015,97,38,10,3,4,0,44,53,0,44,59,0,51,48,3,125,3,0
12985,1000000US170312210002000,82,29,0,0,0,0,53,29,0,53,53,0,33,32,1,114,0,0
12986,1000000US170312210002001,73,5,13,1,0,0,56,17,0,56,68,3,40,37,3,110,1,1
12987,1000000US170312210002002,64,16,6,1,0,0,47,17,0,47,48,0,43,36,7,96,1,5
12988,1000000US170312210002003,76,13,1,0,0,0,62,14,0,62,63,2,39,34,5,112,0,0
12989,1000000US170312210002004,77,15,14,0,2,0,48,29,0,48,62,3,34,30,4,109,0,2
12990,1000000US170312210002005,69,18,12,2,1,0,39,30,0,39,51,5,36,32,4,91,2,0
12991,1000000US170312210002006,63,8,5,0,0,0,50,13,0,50,55,0,35,26,9,100,0,0
12992,1000000US170312210002007,73,18,20,1,0,0,40,33,0,40,55,4,36,36,0,91,1,5
12993,1000000US170312210002008,82,9,17,0,1,0,58,24,0,58,73,2,51,40,11,119,0,3
12994,1000000US170312210002009,81,8,26,6,0,0,46,35,0,46,73,5,36,35,1,109,6,0
12995,1000000US170312210002010,82,3,7,0,3,0,71,11,0,71,79,9,36,34,2,133,0,0
12996,1000000US170312210002011,46,5,4,2,0,0,37,9,0,37,41,0,31,18,13,76,2,0
12997,1000000US170312210002012,68,16,0,0,3,0,49,19,0,49,52,1,35,28,7,91,0,0
12998,1000000US170312210002013,54,1,1,0,0,0,52,2,0,52,53,3,22,20,2,68,0,0
12999,1000000US170312210002014,0,0,0,0,0,0,0,0,0,0,0,0,0,0,0,0,0,0
13000,1000000US170312210002015,41,3,7,0,0,0,31,10,0,31,38,0,20,18,2,63,0,0
13001,1000000US170312211001000,98,42,25,1,0,1,32,66,0,32,56,4,81,73,8,112,1,3
13002,1000000US170312211001001,12,12,0,0,0,0,0,12,0,0,0,0,7,5,2,14,0,0
13003,1000000US170312211001002,50,37,2,0,2,1,8,42,0,8,13,2,33,31,2,57,0,0
13004,1000000US170312211001003,14,10,0,0,2,0,2,12,0,2,4,0,7,7,0,14,0,0
13005,1000000US170312211001004,45,23,6,2,1,0,14,31,0,14,22,2,25,25,0,54,0,1
13006,1000000US170312211001005,10,3,0,0,0,0,7,3,0,7,7,0,4,3,1,12,0,0
13007,1000000US170312211001006,229,34,33,1,4,0,160,69,0,160,195,10,21,19,2,231,1,2
13008,1000000US170312211001007,78,54,6,0,2,0,16,62,0,16,24,0,49,47,2,91,0,0
13009,1000000US170312211001008,67,31,8,1,3,1,29,38,0,29,36,1,40,36,4,79,0,4
13010,1000000US170312211001009,30,22,0,0,1,0,7,23,0,7,8,0,18,16,2,37,0,0
13011,1000000US170312211001010,72,32,4,2,2,0,36,36,0,36,40,3,36,29,7,93,0,2
13012,1000000US170312211001011,101,75,4,0,2,0,21,80,0,21,26,2,73,71,2,107,0,0
13013,1000000US170312211001012,57,16,6,1,4,0,31,26,0,31,41,3,23,23,0,76,1,0
13014,1000000US170312211001013,83,53,3,0,1,0,26,57,0,26,30,2,49,46,3,97,0,0
13015,1000000US170312211001014,69,29,1,0,1,0,38,31,0,38,40,1,38,32,6,75,0,1
13016,1000000US170312211001015,72,27,5,1,5,0,35,37,0,35,45,5,37,34,3,93,1,2
13017,1000000US170312211001016,95,76,2,0,1,0,16,79,0,16,19,1,56,50,6,107,0,0
13018,1000000US170312211001017,39,18,0,0,0,0,21,18,0,21,21,2,20,18,2,55,0,0
13019,1000000US170312211001018,112,38,29,2,0,0,49,63,0,49,74,4,72,65,7,138,1,5
13020,1000000US170312211001019,46,20,1,1,2,1,23,23,0,23,26,2,28,28,0,56,1,0
13021,1000000US170312211001020,23,11,0,0,2,0,11,12,0,11,12,0,13,12,1,29,0,0
13022,1000000US170312211001021,0,0,0,0,0,0,0,0,0,0,0,0,0,0,0,0,0,0
13023,1000000US170312211001022,0,0,0,0,0,0,0,0,0,0,0,0,0,0,0,0,0,0
13024,1000000US170312211001023,0,0,0,0,0,0,0,0,0,0,0,0,0,0,0,0,0,0
13025,1000000US170312211002000,0,0,0,0,0,0,0,0,0,0,0,0,0,0,0,0,0,0
13026,1000000US170312211002001,26,24,0,0,0,0,2,24,0,2,2,0,10,10,0,28,0,0
13027,1000000US170312211002002,0,0,0,0,0,0,0,0,0,0,0,0,0,0,0,0,0,0
13028,1000000US170312211002003,0,0,0,0,0,0,0,0,0,0,0,0,0,0,0,0,0,0
13029,1000000US170312211002004,0,0,0,0,0,0,0,0,0,0,0,0,0,0,0,0,0,0
13030,1000000US170312211002005,281,40,48,2,2,1,198,83,0,198,241,15,196,188,8,369,2,8
13031,1000000US170312211002006,63,41,10,2,2,0,8,55,0,8,22,2,37,36,1,75,1,0
13032,1000000US170312211002007,103,8,26,6,0,0,80,23,0,80,95,7,63,58,5,138,3,11
13033,1000000US170312211002008,31,7,6,0,0,0,19,12,0,19,24,0,14,14,0,46,0,1
13034,1000000US170312211002009,2,1,1,0,0,0,0,2,0,0,1,0,2,1,1,3,0,0
13035,1000000US170312211002010,0,0,0,0,0,0,0,0,0,0,0,0,0,0,0,0,0,0
13036,1000000US170312211002011,47,16,5,2,0,0,28,19,0,28,31,5,27,21,6,59,0,2
13037,1000000US170312211002012,0,0,0,0,0,0,0,0,0,0,0,0,0,0,0,0,0,0
13038,1000000US170312211002013,21,9,2,1,0,0,10,11,0,10,12,1,12,11,1,28,1,0
13039,1000000US170312211002014,26,4,4,0,0,0,18,8,0,18,22,0,13,10,3,32,0,0
13040,1000000US170312211002015,76,29,13,1,4,0,34,42,0,34,47,5,39,35,4,96,1,4
13041,1000000US170312211002016,73,27,2,0,1,1,43,30,0,43,46,1,40,37,3,100,0,0
13042,1000000US170312211002017,54,17,8,2,1,0,30,24,0,30,37,2,34,29,5,72,1,4
13043,1000000US170312211002018,41,20,6,0,0,0,19,22,0,19,21,0,21,20,1,55,0,4
13044,1000000US170312211002019,23,9,0,0,0,0,14,9,0,14,14,0,13,12,1,26,0,0
13045,1000000US170312211002020,86,37,0,1,4,0,45,41,0,45,49,2,47,42,5,105,0,0
13046,1000000US170312211002021,57,19,3,0,0,0,36,21,0,36,38,0,32,29,3,70,0,1
13047,1000000US170312211002022,87,20,7,0,2,3,58,29,0,58,67,7,37,36,1,148,0,0
13048,1000000US170312211002023,73,18,3,3,1,0,51,22,0,51,55,4,36,31,5,94,0,0
13049,1000000US170312211002024,59,42,2,4,0,0,11,48,0,11,17,4,39,37,2,66,0,0
13050,1000000US170312211002025,25,6,0,0,0,0,19,6,0,19,19,1,10,9,1,32,0,0
13051,1000000US170312211002026,0,0,0,0,0,0,0,0,0,0,0,0,0,0,0,0,0,0
13052,1000000US170312211002027,40,17,10,0,0,0,12,28,0,12,23,1,24,22,2,45,0,0
13053,1000000US170312211002028,59,11,5,1,2,0,41,18,0,41,48,1,33,32,1,71,0,0
13054,1000000US170312211002029,27,15,0,2,1,0,11,16,0,11,12,2,17,17,0,36,0,0
13055,1000000US170312211002030,52,19,5,2,0,0,28,24,0,28,33,2,31,28,3,67,0,0
13056,1000000US170312211002031,93,64,10,1,5,0,15,78,0,15,29,3,55,53,2,105,0,1
13057,1000000US170312211003000,61,18,5,0,4,0,37,24,0,37,43,0,30,26,4,72,0,3
13058,1000000US170312211003001,23,4,0,0,2,1,17,6,0,17,19,2,11,10,1,23,0,0
13059,1000000US170312211003002,29,8,6,0,0,0,15,14,0,15,21,0,14,14,0,37,0,0
13060,1000000US170312211003003,26,11,1,0,1,0,15,11,0,15,15,0,15,13,2,31,0,1
13061,1000000US170312211003004,42,17,2,3,0,0,23,19,0,23,25,0,23,22,1,58,3,0
13062,1000000US170312211003005,53,6,8,1,0,0,39,14,0,39,47,0,21,19,2,83,1,0
13063,1000000US170312211003006,25,13,2,0,0,0,10,15,0,10,12,0,13,11,2,34,0,0
13064,1000000US170312211003007,65,15,4,0,2,1,46,19,0,46,50,5,36,36,0,89,0,3
13065,1000000US170312211003008,40,28,0,2,4,0,6,34,0,6,12,3,24,21,3,47,0,0
13066,1000000US170312211003009,37,3,2,0,0,0,33,4,0,33,34,0,18,18,0,55,0,1
13067,1000000US170312211003010,49,5,17,1,0,0,30,19,0,30,44,5,22,20,2,74,0,3
13068,1000000US170312211003011,14,1,0,0,0,0,13,1,0,13,13,0,8,7,1,26,0,0
13069,1000000US170312211003012,32,10,0,0,0,0,22,10,0,22,22,1,15,14,1,40,0,0
13070,1000000US170312211003013,25,7,9,1,0,0,8,17,0,8,18,0,17,14,3,46,1,0
13071,1000000US170312211003014,40,11,4,0,0,0,27,13,0,27,29,2,18,17,1,50,0,2
13072,1000000US170312211003015,32,1,10,0,0,0,21,11,0,21,31,1,13,13,0,49,0,0
13073,1000000US170312211003016,53,44,3,0,0,0,6,47,0,6,9,0,41,37,4,66,0,0
13074,1000000US170312211003017,75,2,11,1,0,0,71,4,0,71,73,17,31,29,2,109,1,9
13075,1000000US170312211003018,55,17,3,0,0,0,35,20,0,35,38,11,29,28,1,74,0,0
13076,1000000US170312211003019,85,11,16,3,4,0,54,31,0,54,74,7,44,35,9,110,3,0
13077,1000000US170312211003020,56,15,4,0,0,0,39,17,0,39,41,0,21,20,1,71,0,2
13078,1000000US170312211003021,31,6,2,0,0,0,23,8,0,23,25,1,15,14,1,33,0,0
13079,1000000US170312212001000,0,0,0,0,0,0,0,0,0,0,0,0,0,0,0,0,0,0
13080,1000000US170312212001001,0,0,0,0,0,0,0,0,0,0,0,0,0,0,0,0,0,0
13081,1000000US170312212001002,6,6,0,0,0,0,0,6,0,0,0,0,5,4,1,6,0,0
13082,1000000US170312212001003,153,66,10,5,4,0,76,77,0,76,87,2,98,94,4,189,3,2
13083,1000000US170312212001004,35,26,2,2,0,0,7,28,0,7,9,3,19,18,1,42,0,1
13084,1000000US170312212001005,19,17,1,1,0,0,1,18,0,1,2,1,12,9,3,20,0,0
13085,1000000US170312212001006,64,48,1,1,5,0,10,54,0,10,16,0,46,41,5,71,1,0
13086,1000000US170312212001007,15,13,1,0,0,0,1,14,0,1,2,0,15,13,2,15,0,0
13087,1000000US170312212001008,107,53,8,0,1,0,50,57,0,50,54,4,61,48,13,124,0,6
13088,1000000US170312212001009,47,25,3,2,0,0,18,29,0,18,22,0,27,24,3,77,2,0
13089,1000000US170312212001010,43,18,5,0,0,1,20,23,0,20,25,3,25,22,3,57,0,0
13090,1000000US170312212001011,55,35,3,0,5,0,12,43,0,12,20,0,31,30,1,68,0,0
13091,1000000US170312212001012,0,0,0,0,0,0,0,0,0,0,0,0,0,0,0,0,0,0
13092,1000000US170312212001013,140,110,6,0,9,0,16,124,0,16,30,1,84,78,6,153,0,1
13093,1000000US170312212001014,88,41,4,3,2,0,42,46,0,42,47,6,52,45,7,111,3,1
13094,1000000US170312212001015,88,43,11,2,2,0,33,55,0,33,45,1,58,47,11,112,2,1
13095,1000000US170312212001016,66,28,9,1,3,0,28,38,0,28,38,2,31,28,3,76,0,2
13096,1000000US170312212001017,54,17,6,0,0,0,31,23,0,31,37,0,26,21,5,62,0,0
13097,1000000US170312212001018,21,13,3,1,0,0,6,15,0,6,8,0,10,10,0,28,1,1
13098,1000000US170312212002000,35,20,1,0,1,0,13,22,0,13,15,0,20,17,3,39,0,0
13099,1000000US170312212002001,66,36,2,0,3,0,25,41,0,25,30,1,43,29,14,74,0,0
13100,1000000US170312212002002,144,89,9,3,6,0,41,103,0,41,55,10,83,81,2,165,0,3
13101,1000000US170312212002003,31,22,1,0,2,0,6,25,0,6,9,0,14,14,0,31,0,0
13102,1000000US170312212002004,0,0,0,0,0,0,0,0,0,0,0,0,0,0,0,0,0,0
13103,1000000US170312212002005,1,0,0,0,0,0,1,0,0,1,1,0,1,1,0,1,0,0
13104,1000000US170312212002006,64,44,2,0,7,0,11,53,0,11,20,5,31,29,2,69,0,0
13105,1000000US170312212002007,0,0,0,0,0,0,0,0,0,0,0,0,0,0,0,0,0,0
13106,1000000US170312212002008,35,10,5,1,1,0,22,13,0,22,25,5,14,13,1,45,0,3
13107,1000000US170312212002009,20,6,0,0,4,0,10,10,0,10,14,1,8,8,0,27,0,0
13108,1000000US170312212002010,81,17,11,0,10,1,43,38,0,43,64,2,43,41,2,109,0,1
13109,1000000US170312212002011,26,16,1,0,1,0,8,18,0,8,10,0,16,12,4,32,0,0
13110,1000000US170312212002012,186,42,22,5,12,0,113,73,0,113,144,8,90,83,7,236,4,4
13111,1000000US170312212002013,62,49,5,0,3,1,7,55,0,7,13,4,37,35,2,69,0,3
13112,1000000US170312212002014,25,22,0,0,0,0,3,22,0,3,3,0,14,13,1,28,0,0
13113,1000000US170312212002015,3,0,0,0,0,0,3,0,0,3,3,0,3,3,0,3,0,0
13114,1000000US170312212002016,44,36,3,1,3,0,3,41,0,3,8,1,23,23,0,44,0,1
13115,1000000US170312212002017,182,58,11,0,4,1,113,69,0,113,124,5,91,84,7,249,0,4
13116,1000000US170312212002018,167,67,8,2,3,0,91,76,0,91,100,5,85,82,3,222,0,2
13117,1000000US170312212002019,169,107,19,3,7,0,36,133,0,36,62,7,100,94,6,206,2,0
13118,1000000US170312213001000,45,21,0,0,2,0,23,22,0,23,24,0,28,27,1,62,0,0
13119,1000000US170312213001001,96,40,15,2,3,0,39,57,0,39,56,1,46,44,2,103,2,1
13120,1000000US170312213001002,47,19,1,0,3,0,25,22,0,25,28,1,18,18,0,56,0,0
13121,1000000US170312213001003,23,0,0,0,0,0,23,0,0,23,23,0,9,9,0,50,0,0
13122,1000000US170312213001004,0,0,0,0,0,0,0,0,0,0,0,0,0,0,0,0,0,0
13123,1000000US170312213001005,115,8,4,4,3,0,99,16,0,99,107,8,49,49,0,166,3,0
13124,1000000US170312213001006,105,50,1,0,2,0,52,53,0,52,55,4,51,43,8,128,0,0
13125,1000000US170312213001007,0,0,0,0,0,0,0,0,0,0,0,0,0,0,0,0,0,0
13126,1000000US170312213001008,112,41,4,0,6,1,64,48,0,64,71,0,58,50,8,147,0,4
13127,1000000US170312213001009,35,32,0,0,3,0,0,35,0,0,3,1,20,18,2,35,0,0
13128,1000000US170312213001010,149,55,1,3,12,1,82,67,0,82,94,2,73,70,3,199,3,0
13129,1000000US170312213001011,181,81,9,1,6,0,85,96,0,85,100,2,97,88,9,210,1,2
13130,1000000US170312213001012,25,6,0,0,0,0,19,6,0,19,19,1,12,12,0,30,0,0
13131,1000000US170312213001013,235,97,22,0,8,0,113,122,0,113,138,4,144,138,6,303,0,5
13132,1000000US170312213002000,0,0,0,0,0,0,0,0,0,0,0,0,0,0,0,0,0,0
13133,1000000US170312213002001,85,56,0,0,4,1,24,61,0,24,29,0,50,49,1,93,0,0
13134,1000000US170312213002002,72,44,6,0,1,1,24,48,0,24,28,2,45,38,7,89,0,4
13135,1000000US170312213002003,190,84,21,10,5,0,84,106,0,84,106,6,51,49,2,223,9,3
13136,1000000US170312213002004,28,14,0,0,1,0,13,15,0,13,14,1,24,17,7,40,0,0
13137,1000000US170312213002005,61,45,2,0,5,0,9,52,0,9,16,1,39,33,6,75,0,0
13138,1000000US170312213002006,94,52,1,2,6,0,33,61,0,33,42,0,51,51,0,102,2,0
13139,1000000US170312213002007,20,7,0,0,0,0,13,7,0,13,13,0,9,8,1,29,0,0
13140,1000000US170312213002008,60,28,1,0,0,0,31,29,0,31,32,2,42,38,4,65,0,0
13141,1000000US170312213002009,53,29,2,1,2,0,19,34,0,19,24,0,35,30,5,66,1,0
13142,1000000US170312213002010,69,42,3,0,0,0,24,45,0,24,27,1,36,34,2,88,0,0
13143,1000000US170312213002011,45,11,3,0,5,0,26,19,0,26,34,1,22,22,0,64,0,0
13144,1000000US170312213002012,18,11,2,0,0,0,6,12,0,6,7,2,10,10,0,18,0,1
13145,1000000US170312213002013,62,31,10,1,4,0,19,43,0,19,31,1,68,52,16,65,0,1
13146,1000000US170312213002014,90,39,12,0,12,0,27,63,0,27,51,1,48,44,4,114,0,0
13147,1000000US170312213002015,10,5,0,0,0,0,5,5,0,5,5,0,9,6,3,16,0,0
13148,1000000US170312213002016,21,15,1,0,4,0,1,20,0,1,6,0,15,15,0,22,0,0
13149,1000000US170312213003000,62,48,3,2,2,0,9,53,0,9,14,1,30,28,2,66,1,1
13150,1000000US170312213003001,0,0,0,0,0,0,0,0,0,0,0,0,0,0,0,0,0,0
13151,1000000US170312213003002,0,0,0,0,0,0,0,0,0,0,0,0,0,0,0,0,0,0
13152,1000000US170312213003003,0,0,0,0,0,0,0,0,0,0,0,0,0,0,0,0,0,0
13153,1000000US170312213003004,0,0,0,0,0,0,0,0,0,0,0,0,0,0,0,0,0,0
13154,1000000US170312213003005,31,20,6,0,0,0,7,24,0,7,11,0,22,20,2,33,0,2
13155,1000000US170312213003006,108,26,34,1,0,0,56,52,0,56,82,0,58,54,4,148,1,8
13156,1000000US170312213003007,11,4,0,0,0,0,7,4,0,7,7,0,4,4,0,15,0,0
13157,1000000US170312213003008,11,0,0,2,0,0,11,0,0,11,11,2,7,6,1,20,0,0
13158,1000000US170312213003009,74,54,2,0,2,0,16,58,0,16,20,4,46,44,2,81,0,0
13159,1000000US170312213003010,29,15,1,0,4,0,10,19,0,10,14,3,20,17,3,34,0,0
13160,1000000US170312213003011,46,22,0,0,1,0,23,23,0,23,24,0,20,20,0,61,0,0
13161,1000000US170312213003012,25,11,2,0,2,1,9,16,0,9,14,1,15,13,2,33,0,0
13162,1000000US170312213003013,33,8,0,0,0,0,25,8,0,25,25,0,16,14,2,44,0,0
13163,1000000US170312213003014,2,1,0,0,0,0,1,1,0,1,1,0,3,1,2,6,0,0
13164,1000000US170312213003015,18,2,0,0,0,0,16,2,0,16,16,0,3,3,0,23,0,0
13165,1000000US170312214001000,11,2,0,0,0,0,9,2,0,9,9,1,6,5,1,13,0,0
13166,1000000US170312214001001,37,17,2,1,0,0,17,20,0,17,20,2,19,16,3,40,1,0
13167,1000000US170312214001002,87,31,0,1,3,0,52,35,0,52,56,1,41,38,3,110,0,0
13168,1000000US170312214001003,24,14,1,1,0,0,8,16,0,8,10,3,14,13,1,26,0,0
13169,1000000US170312214001004,68,35,4,2,0,0,29,39,0,29,33,2,45,43,2,76,1,0
13170,1000000US170312214001005,124,40,1,1,10,0,73,51,0,73,84,4,61,51,10,157,1,0
13171,1000000US170312214001006,39,8,1,1,0,1,29,10,0,29,31,2,15,15,0,51,0,0
13172,1000000US170312214001007,48,15,0,0,5,0,28,20,0,28,33,4,27,27,0,56,0,0
13173,1000000US170312214001008,50,26,4,0,0,0,20,30,0,20,24,2,19,18,1,56,0,0
13174,1000000US170312214001009,49,22,0,0,0,0,27,22,0,27,27,0,21,20,1,56,0,0
13175,1000000US170312214001010,76,50,6,1,2,0,18,58,0,18,26,0,48,46,2,96,1,0
13176,1000000US170312214001011,90,18,0,3,3,0,66,24,0,66,72,3,36,34,2,121,1,0
13177,1000000US170312214001012,12,7,1,0,1,0,3,9,0,3,5,0,8,5,3,15,0,0
13178,1000000US170312214001013,0,0,0,0,0,0,0,0,0,0,0,0,0,0,0,0,0,0
13179,1000000US170312214001014,71,6,2,0,0,1,61,10,0,61,65,2,31,29,2,95,0,1
13180,1000000US170312214002000,30,18,0,2,0,0,12,18,0,12,12,0,21,19,2,32,2,0
13181,1000000US170312214002001,0,0,0,0,0,0,0,0,0,0,0,0,0,0,0,0,0,0
13182,1000000US170312214002002,0,0,0,0,0,0,0,0,0,0,0,0,0,0,0,0,0,0
13183,1000000US170312214002003,82,57,5,1,7,0,15,67,0,15,25,4,43,43,0,86,0,1
13184,1000000US170312214002004,45,17,0,1,1,0,26,19,0,26,28,1,28,25,3,59,0,0
13185,1000000US170312214002005,8,3,0,0,0,0,5,3,0,5,5,0,5,5,0,12,0,0
13186,1000000US170312214002006,25,3,0,0,0,0,22,3,0,22,22,0,11,9,2,38,0,0
13187,1000000US170312214002007,74,17,4,2,0,0,52,22,0,52,57,3,36,30,6,98,2,0
13188,1000000US170312214002008,216,88,9,1,6,0,114,102,0,114,128,13,119,104,15,275,1,2
13189,1000000US170312214002009,79,54,2,0,2,0,21,58,0,21,25,0,44,42,2,89,0,0
13190,1000000US170312214002010,59,21,3,0,2,0,34,25,0,34,38,0,39,38,1,91,0,1
13191,1000000US170312214002011,22,13,0,0,0,0,9,13,0,9,9,0,11,10,1,27,0,0
13192,1000000US170312214003000,66,44,1,1,1,0,20,46,0,20,22,0,37,33,4,85,1,0
13193,1000000US170312214003001,52,8,1,4,2,0,41,11,0,41,44,1,23,22,1,59,4,0
13194,1000000US170312214003002,118,25,1,1,6,0,85,33,0,85,93,3,61,49,12,164,0,0
13195,1000000US170312214003003,130,49,7,1,6,0,65,65,0,65,81,1,68,62,6,159,1,2
13196,1000000US170312214003004,224,88,3,3,6,0,126,98,0,126,136,0,98,91,7,275,3,1
13197,1000000US170312214003005,78,9,0,0,0,0,69,9,0,69,69,2,35,33,2,117,0,0
13198,1000000US170312214003006,152,85,3,3,18,0,46,106,0,46,67,5,92,80,12,172,1,1
13199,1000000US170312214003007,81,31,13,2,4,0,34,47,0,34,50,7,61,60,1,81,0,4
13200,1000000US170312214003008,84,30,3,0,4,0,47,37,0,47,54,4,45,45,0,96,0,1
13201,1000000US170312214003009,33,12,6,2,1,0,19,14,0,19,21,5,20,15,5,37,2,6
13202,1000000US170312214003010,0,0,0,0,0,0,0,0,0,0,0,0,0,0,0,0,0,0
13203,1000000US170312215001000,2,1,0,1,0,0,1,1,0,1,1,0,1,1,0,2,1,0
13204,1000000US170312215001001,11,2,1,5,0,0,4,7,0,4,9,1,6,6,0,12,4,0
13205,1000000US170312215001002,10,6,0,0,0,0,4,6,0,4,4,0,6,5,1,10,0,0
13206,1000000US170312215001003,0,0,0,0,0,0,0,0,0,0,0,0,0,0,0,0,0,0
13207,1000000US170312215001004,22,16,0,1,0,0,6,16,0,6,6,0,14,13,1,25,1,0
13208,1000000US170312215001005,16,6,1,0,1,0,8,8,0,8,10,0,8,8,0,22,0,0
13209,1000000US170312215001006,18,9,0,7,0,0,9,9,0,9,9,7,9,8,1,21,0,0
13210,1000000US170312215001007,29,21,1,2,1,0,7,22,0,7,8,3,16,15,1,32,2,1
13211,1000000US170312215001008,31,12,0,0,0,0,19,12,0,19,19,3,16,14,2,41,0,0
13212,1000000US170312215001009,18,6,0,0,0,0,12,6,0,12,12,0,8,8,0,30,0,0
13213,1000000US170312215001010,43,10,1,0,0,4,32,11,0,32,33,3,21,21,0,54,0,0
13214,1000000US170312215001011,48,43,1,0,1,0,3,45,0,3,5,0,26,26,0,57,0,0
13215,1000000US170312215001012,24,8,0,0,1,0,15,9,0,15,16,4,11,11,0,26,0,0
13216,1000000US170312215001013,19,5,0,1,0,0,14,5,0,14,14,0,8,8,0,19,1,0
13217,1000000US170312215001014,89,43,5,3,1,1,40,49,0,40,46,4,52,51,1,114,2,2
13218,1000000US170312215001015,9,0,0,0,0,0,9,0,0,9,9,0,3,3,0,13,0,0
13219,1000000US170312215001016,20,14,0,0,1,0,5,15,0,5,6,1,8,8,0,20,0,0
13220,1000000US170312215001017,0,0,0,0,0,0,0,0,0,0,0,0,1,0,1,0,0,0
13221,1000000US170312215001018,33,10,0,0,0,0,23,10,0,23,23,0,20,15,5,41,0,0
13222,1000000US170312215001019,49,21,0,0,5,0,26,23,0,26,28,4,28,21,7,56,0,0
13223,1000000US170312215001020,2,1,0,0,1,0,0,2,0,0,1,0,1,1,0,3,0,0
13224,1000000US170312215001021,69,37,2,0,6,0,24,45,0,24,32,3,41,36,5,76,0,0
13225,1000000US170312215001022,284,30,31,3,38,0,196,88,0,196,254,7,250,250,0,290,2,11
13226,1000000US170312215001023,57,47,0,0,2,0,7,50,0,7,10,1,39,36,3,64,0,0
13227,1000000US170312215001024,38,27,0,0,0,0,11,27,0,11,11,1,15,15,0,39,0,0
13228,1000000US170312215001025,0,0,0,0,0,0,0,0,0,0,0,0,0,0,0,0,0,0
13229,1000000US170312215001026,12,1,1,0,0,0,10,2,0,10,11,0,14,6,8,24,0,0
13230,1000000US170312215001027,16,8,0,0,2,0,6,10,0,6,8,0,11,8,3,17,0,0
13231,1000000US170312215001028,0,0,0,0,0,0,0,0,0,0,0,0,0,0,0,0,0,0
13232,1000000US170312215001029,0,0,0,0,0,0,0,0,0,0,0,0,0,0,0,0,0,0
13233,1000000US170312215001030,35,20,6,1,0,0,9,26,0,9,15,1,33,25,8,39,1,0
13234,1000000US170312215002000,10,9,1,0,0,0,0,10,0,0,1,0,5,5,0,10,0,0
13235,1000000US170312215002001,126,44,43,2,2,1,39,87,0,39,82,3,112,110,2,137,1,2
13236,1000000US170312215002002,45,27,2,0,1,0,17,28,0,17,18,0,30,25,5,54,0,1
13237,1000000US170312215002003,107,62,6,2,4,0,37,70,0,37,45,4,94,55,39,124,1,2
13238,1000000US170312215002004,16,8,0,0,0,0,8,8,0,8,8,0,18,9,9,19,0,0
13239,1000000US170312215002005,27,11,0,0,0,0,14,13,0,14,16,0,14,11,3,34,0,0
13240,1000000US170312215002006,33,15,0,1,0,0,17,16,0,17,18,0,20,17,3,34,1,0
13241,1000000US170312215002007,37,25,0,0,0,0,12,25,0,12,12,0,19,18,1,43,0,0
13242,1000000US170312215002008,26,18,0,0,6,0,2,24,0,2,8,0,15,15,0,28,0,0
13243,1000000US170312215002009,147,37,49,2,4,0,67,80,0,67,110,3,95,90,5,210,0,9
13244,1000000US170312215002010,35,17,0,0,1,0,16,19,0,16,18,0,20,16,4,48,0,0
13245,1000000US170312215002011,38,23,0,0,0,0,15,23,0,15,15,0,22,21,1,45,0,0
13246,1000000US170312215002012,34,11,1,0,0,0,22,12,0,22,23,0,13,13,0,37,0,0
13247,1000000US170312215002013,20,14,0,0,1,0,6,14,0,6,6,1,11,11,0,25,0,0
13248,1000000US170312215002014,25,13,0,1,1,0,11,14,0,11,12,2,17,15,2,28,1,0
13249,1000000US170312215002015,26,13,3,0,0,0,12,14,0,12,13,1,13,13,0,40,0,2
13250,1000000US170312215002016,51,23,0,0,0,0,28,23,0,28,28,1,22,21,1,59,0,0
13251,1000000US170312215002017,36,12,2,0,5,0,20,16,0,20,24,1,17,15,2,46,0,0
13252,1000000US170312215002018,34,29,0,0,3,0,2,32,0,2,5,1,16,15,1,37,0,0
13253,1000000US170312215002019,34,15,5,0,8,0,5,29,0,5,19,0,18,17,1,37,0,0
13254,1000000US170312215002020,53,33,5,1,1,0,13,40,0,13,20,3,47,45,2,58,0,0
13255,1000000US170312215002021,32,15,0,0,3,0,13,19,0,13,17,0,23,18,5,37,0,0
13256,1000000US170312215002022,34,13,3,0,0,0,19,15,0,19,21,3,20,16,4,46,0,1
13257,1000000US170312215002023,35,21,1,0,0,3,10,25,0,10,14,0,18,18,0,43,0,0
13258,1000000US170312215002024,55,18,0,0,2,0,35,20,0,35,37,3,25,23,2,69,0,0
13259,1000000US170312215002025,28,10,0,0,1,0,17,11,0,17,18,0,16,14,2,33,0,0
13260,1000000US170312215002026,44,6,0,0,0,0,38,6,0,38,38,0,19,17,2,58,0,0
13261,1000000US170312215002027,33,23,1,0,0,0,9,24,0,9,10,0,22,18,4,34,0,0
13262,1000000US170312215002028,51,36,1,0,0,0,14,37,0,14,15,4,34,30,4,60,0,0
13263,1000000US170312215002029,38,21,2,0,1,0,16,22,0,16,17,0,15,14,1,39,0,2
13264,1000000US170312215002030,48,12,2,0,0,0,34,14,0,34,36,2,19,18,1,60,0,1
13265,1000000US170312215002031,41,31,0,0,3,0,7,34,0,7,10,0,27,23,4,50,0,0
13266,1000000US170312216001000,0,0,0,0,0,0,0,0,0,0,0,0,0,0,0,0,0,0
13267,1000000US170312216001001,0,0,0,0,0,0,0,0,0,0,0,0,0,0,0,0,0,0
13268,1000000US170312216001002,42,13,0,0,1,0,29,13,0,29,29,2,25,19,6,57,0,0
13269,1000000US170312216001003,11,7,3,0,0,0,1,10,0,1,4,0,12,7,5,11,0,0
13270,1000000US170312216001004,20,14,2,0,0,0,4,16,0,4,6,0,14,14,0,23,0,0
13271,1000000US170312216001005,45,40,3,0,0,0,2,43,0,2,5,0,21,18,3,51,0,0
13272,1000000US170312216001006,48,41,0,0,6,0,1,47,0,1,7,0,32,30,2,53,0,0
13273,1000000US170312216001007,31,30,1,0,0,0,0,31,0,0,1,0,26,20,6,34,0,0
13274,1000000US170312216001008,39,37,0,0,1,0,1,38,0,1,2,0,25,22,3,49,0,0
13275,1000000US170312216001009,32,26,0,0,1,0,5,27,0,5,6,0,28,20,8,38,0,0
13276,1000000US170312216001010,43,36,2,0,4,0,1,42,0,1,7,1,27,25,2,54,0,0
13277,1000000US170312216001011,31,23,2,0,5,0,1,30,0,1,8,0,26,21,5,31,0,0
13278,1000000US170312216001012,26,25,0,0,1,0,0,26,0,0,1,0,16,15,1,30,0,0
13279,1000000US170312216001013,0,0,0,0,0,0,0,0,0,0,0,0,0,0,0,0,0,0
13280,1000000US170312216001014,44,37,2,0,2,0,5,39,0,5,7,0,32,27,5,57,0,2
13281,1000000US170312216001015,45,29,2,1,2,0,12,33,0,12,16,2,28,26,2,48,0,0
13282,1000000US170312216001016,52,43,4,0,3,0,2,50,0,2,9,0,42,36,6,59,0,0
13283,1000000US170312216001017,35,33,0,0,2,0,0,35,0,0,2,1,17,16,1,41,0,0
13284,1000000US170312216001018,21,13,0,2,2,0,6,15,0,6,8,0,13,13,0,23,2,0
13285,1000000US170312216001019,104,80,7,1,9,0,8,96,0,8,24,6,74,62,12,110,0,0
13286,1000000US170312216001020,49,40,1,0,3,0,5,44,0,5,9,1,26,26,0,57,0,0
13287,1000000US170312216001021,50,44,3,0,2,0,1,49,0,1,6,1,30,27,3,61,0,0
13288,1000000US170312216001022,7,6,0,0,0,0,1,6,0,1,1,0,4,4,0,7,0,0
13289,1000000US170312216001023,17,16,0,0,0,0,1,16,0,1,1,0,8,8,0,20,0,0
13290,1000000US170312216001024,65,52,1,0,4,0,8,57,0,8,13,2,36,36,0,71,0,0
13291,1000000US170312216001025,31,21,0,0,1,0,9,22,0,9,10,0,15,15,0,35,0,0
13292,1000000US170312216001026,14,14,0,0,0,0,0,14,0,0,0,0,8,8,0,18,0,0
13293,1000000US170312216001027,35,28,1,0,2,0,3,32,0,3,7,1,23,22,1,39,0,0
13294,1000000US170312216001028,44,36,3,1,2,0,2,42,0,2,8,3,26,26,0,48,1,0
13295,1000000US170312216001029,48,41,2,0,2,0,3,45,0,3,7,0,25,25,0,51,0,0
13296,1000000US170312216001030,44,36,0,0,4,0,4,40,0,4,8,0,25,25,0,49,0,0
13297,1000000US170312216001031,39,21,0,0,1,0,17,22,0,17,18,2,22,21,1,48,0,0
13298,1000000US170312216001032,0,0,0,0,0,0,0,0,0,0,0,0,0,0,0,0,0,0
13299,1000000US170312216001033,44,37,0,0,1,0,6,38,0,6,7,0,23,23,0,52,0,0
13300,1000000US170312216001034,29,13,1,0,0,0,14,15,0,14,16,4,18,17,1,39,0,0
13301,1000000US170312216001035,37,28,0,1,0,0,8,29,0,8,9,0,21,20,1,50,1,0
13302,1000000US170312216001036,30,21,4,0,4,0,1,29,0,1,9,0,16,14,2,34,0,0
13303,1000000US170312216001037,57,53,1,0,1,0,2,55,0,2,4,1,31,31,0,63,0,0
13304,1000000US170312216002000,41,28,5,0,1,0,7,34,0,7,13,0,24,24,0,51,0,0
13305,1000000US170312216002001,25,6,4,0,1,0,13,12,0,13,19,2,11,11,0,28,0,0
13306,1000000US170312216002002,2,1,0,0,0,0,1,1,0,1,1,1,1,1,0,2,0,0
13307,1000000US170312216002003,38,28,0,1,5,0,5,33,0,5,10,1,20,20,0,46,1,0
13308,1000000US170312216002004,48,42,0,0,2,0,4,44,0,4,6,1,27,26,1,51,0,0
13309,1000000US170312216002005,25,16,2,0,5,0,3,22,0,3,9,1,15,14,1,28,0,0
13310,1000000US170312216002006,41,33,1,0,1,0,5,36,0,5,8,2,27,24,3,51,0,0
13311,1000000US170312216002007,37,28,1,0,2,0,6,31,0,6,9,1,26,24,2,50,0,0
13312,1000000US170312216002008,1,1,0,0,0,0,0,1,0,0,0,0,1,1,0,1,0,0
13313,1000000US170312216002009,30,23,0,0,0,0,7,23,0,7,7,0,20,16,4,35,0,0
13314,1000000US170312216002010,20,18,0,0,0,0,2,18,0,2,2,2,11,10,1,24,0,0
13315,1000000US170312216002011,25,20,1,0,2,0,2,23,0,2,5,0,21,16,5,35,0,0
13316,1000000US170312216002012,23,15,4,0,0,0,4,19,0,4,8,0,12,12,0,27,0,0
13317,1000000US170312216002013,38,16,1,1,2,0,18,20,0,18,22,1,25,23,2,45,0,0
13318,1000000US170312216002014,32,19,0,0,9,0,4,28,0,4,13,1,19,18,1,43,0,0
13319,1000000US170312216002015,38,36,0,0,1,0,1,37,0,1,2,0,29,25,4,40,0,0
13320,1000000US170312216002016,26,20,0,0,6,0,0,26,0,0,6,3,15,14,1,30,0,0
13321,1000000US170312216002017,59,49,0,0,1,0,9,50,0,9,10,0,38,36,2,68,0,0
13322,1000000US170312216002018,39,32,2,0,0,0,6,33,0,6,7,1,24,20,4,47,0,1
13323,1000000US170312216002019,12,10,0,0,1,0,1,11,0,1,2,0,9,8,1,13,0,0
13324,1000000US170312216002020,34,30,0,0,2,0,2,32,0,2,4,0,18,18,0,40,0,0
13325,1000000US170312216002021,71,44,1,1,3,0,23,48,0,23,27,2,41,38,3,83,0,0
13326,1000000US170312216002022,9,7,0,0,0,0,2,7,0,2,2,0,11,7,4,9,0,0
13327,1000000US170312216002023,46,27,2,0,3,0,14,32,0,14,19,4,34,26,8,51,0,0
13328,1000000US170312216002024,37,30,0,0,1,0,6,31,0,6,7,0,23,18,5,42,0,0
13329,1000000US170312216002025,50,42,2,0,0,0,6,44,0,6,8,0,19,19,0,56,0,0
13330,1000000US170312216002026,23,17,1,0,3,0,2,21,0,2,6,1,17,15,2,28,0,0
13331,1000000US170312216002027,25,18,0,0,0,0,7,18,0,7,7,0,17,16,1,38,0,0
13332,1000000US170312216002028,58,38,0,0,0,0,20,38,0,20,20,0,27,26,1,67,0,0
13333,1000000US170312216002029,58,37,0,0,1,0,20,38,0,20,21,1,31,30,1,67,0,0
13334,1000000US170312216002030,52,33,1,0,8,0,10,42,0,10,19,2,31,30,1,59,0,0
13335,1000000US170312216002031,30,12,0,0,3,0,18,12,0,18,18,0,17,15,2,36,0,0
13336,1000000US170312216002032,10,3,0,0,3,0,4,6,0,4,7,0,5,5,0,10,0,0
13337,1000000US170312216002033,63,48,2,1,1,0,12,51,0,12,15,0,34,34,0,70,1,0
13338,1000000US170312216002034,33,25,0,0,3,0,5,28,0,5,8,1,20,19,1,38,0,0
13339,1000000US170312216002035,42,23,0,0,7,0,12,30,0,12,19,1,21,20,1,49,0,0
13340,1000000US170312222001000,23,19,0,0,3,0,1,22,0,1,4,1,13,12,1,23,0,0
13341,1000000US170312222001001,46,39,1,1,2,0,3,43,0,3,7,0,28,27,1,54,1,0
13342,1000000US170312222001002,38,33,1,0,4,0,0,38,0,0,5,0,24,23,1,43,0,0
13343,1000000US170312222001003,35,18,2,0,2,0,13,22,0,13,17,0,20,19,1,41,0,0
13344,1000000US170312222001004,37,20,0,0,3,1,15,22,0,15,17,3,26,25,1,49,0,0
13345,1000000US170312222001005,25,16,1,0,0,0,8,17,0,8,9,0,13,13,0,31,0,0
13346,1000000US170312222001006,19,15,0,0,2,0,2,17,0,2,4,0,12,11,1,20,0,0
13347,1000000US170312222001007,21,19,0,0,1,0,1,20,0,1,2,0,13,13,0,32,0,0
13348,1000000US170312222001008,36,29,0,2,3,0,4,32,0,4,7,0,20,19,1,49,2,0
13349,1000000US170312222001009,24,21,1,0,0,0,2,22,0,2,3,0,14,14,0,34,0,0
13350,1000000US170312222001010,30,23,1,1,0,0,6,24,0,6,7,1,19,17,2,46,0,0
13351,1000000US170312222001011,11,9,0,0,0,0,2,9,0,2,2,0,7,7,0,13,0,0
13352,1000000US170312222001012,31,25,2,0,1,0,3,28,0,3,6,1,21,18,3,36,0,0
13353,1000000US170312222001013,31,25,0,0,0,0,6,25,0,6,6,0,17,16,1,41,0,0
13354,1000000US170312222001014,22,19,0,0,0,0,3,19,0,3,3,0,15,14,1,27,0,0
13355,1000000US170312222001015,42,36,3,0,1,0,2,40,0,2,6,0,22,22,0,58,0,0
13356,1000000US170312222001016,2,0,1,0,1,0,0,2,0,0,2,1,1,1,0,2,0,0
13357,1000000US170312222001017,0,0,0,0,0,0,0,0,0,0,0,0,0,0,0,0,0,0
13358,1000000US170312222001018,15,14,0,0,0,0,1,14,0,1,1,0,9,8,1,17,0,0
13359,1000000US170312222001019,21,16,0,1,4,0,0,21,0,0,5,3,15,15,0,34,0,0
13360,1000000US170312222001020,59,27,0,0,4,0,28,31,0,28,32,0,29,28,1,65,0,0
13361,1000000US170312222001021,32,27,0,0,2,0,3,29,0,3,5,1,19,18,1,37,0,0
13362,1000000US170312222001022,33,31,0,0,2,0,0,33,0,0,2,0,22,18,4,40,0,0
13363,1000000US170312222001023,14,14,0,0,0,0,0,14,0,0,0,0,14,10,4,20,0,0
13364,1000000US170312222001024,28,26,0,0,2,0,0,28,0,0,2,1,15,15,0,41,0,0
13365,1000000US170312222001025,16,14,1,1,0,0,1,15,0,1,2,1,13,11,2,20,0,0
13366,1000000US170312222001026,51,29,1,0,3,0,19,32,0,19,22,5,28,27,1,72,0,1
13367,1000000US170312222002000,48,25,10,1,3,0,14,34,0,14,23,5,23,22,1,58,0,4
13368,1000000US170312222002001,13,13,0,0,0,0,0,13,0,0,0,0,8,5,3,13,0,0
13369,1000000US170312222002002,30,28,1,0,0,0,1,29,0,1,2,0,32,21,11,36,0,0
13370,1000000US170312222002003,84,65,6,1,2,0,11,73,0,11,19,2,63,58,5,93,1,1
13371,1000000US170312222002004,61,37,6,2,0,0,15,46,0,15,24,0,40,36,4,76,2,0
13372,1000000US170312222002005,51,29,2,0,3,0,18,33,0,18,22,1,20,19,1,53,0,1
13373,1000000US170312222002006,79,70,0,0,6,0,3,76,0,3,9,1,42,41,1,79,0,0
13374,1000000US170312222002007,87,71,4,0,9,0,3,84,0,3,16,2,50,48,2,96,0,0
13375,1000000US170312222002008,35,30,0,0,1,0,4,31,0,4,5,0,15,15,0,42,0,0
13376,1000000US170312222002009,32,29,1,0,0,0,2,30,0,2,3,0,22,22,0,37,0,0
13377,1000000US170312222002010,70,62,1,0,7,0,0,70,0,0,8,0,46,43,3,72,0,0
13378,1000000US170312222002011,68,56,0,0,7,0,5,63,0,5,12,0,38,38,0,94,0,0
13379,1000000US170312222002012,30,12,3,0,1,0,14,16,0,14,18,1,18,13,5,40,0,0
13380,1000000US170312222002013,135,108,4,1,19,1,3,132,0,3,27,3,81,77,4,140,0,0
13381,1000000US170312222002014,29,21,0,0,6,0,2,27,0,2,8,0,16,16,0,38,0,0
13382,1000000US170312222002015,0,0,0,0,0,0,0,0,0,0,0,0,0,0,0,0,0,0
13383,1000000US170312225001000,57,12,2,0,0,0,43,14,0,43,45,2,22,21,1,72,0,0
13384,1000000US170312225001001,85,34,0,1,0,0,50,35,0,50,51,6,41,34,7,102,1,0
13385,1000000US170312225001002,87,20,15,1,2,0,57,30,0,57,67,6,45,41,4,117,0,7
13386,1000000US170312225001003,75,33,7,1,2,0,34,41,0,34,42,1,41,33,8,100,1,2
13387,1000000US170312225001004,63,22,2,0,3,1,37,26,0,37,41,3,32,29,3,73,0,1
13388,1000000US170312225001005,71,13,12,0,0,0,47,24,0,47,58,1,40,34,6,95,0,1
13389,1000000US170312225001006,56,13,6,0,1,0,38,18,0,38,43,2,29,25,4,81,0,1
13390,1000000US170312225001007,103,60,11,0,4,0,28,75,0,28,43,3,70,61,9,127,0,0
13391,1000000US170312225001008,18,0,9,0,0,0,9,9,0,9,18,0,6,6,0,23,0,0
13392,1000000US170312225001009,0,0,0,0,0,0,0,0,0,0,0,0,0,0,0,0,0,0
13393,1000000US170312225001010,99,59,17,4,4,0,19,80,0,19,40,4,31,29,2,104,4,0
13394,1000000US170312225001011,114,15,13,0,0,0,88,26,0,88,99,5,53,45,8,163,0,2
13395,1000000US170312225001012,0,0,0,0,0,0,0,0,0,0,0,0,0,0,0,0,0,0
13396,1000000US170312225001013,80,17,2,8,3,0,58,22,0,58,63,7,40,32,8,103,8,0
13397,1000000US170312225001014,65,16,0,0,0,0,49,16,0,49,49,0,35,29,6,84,0,0
13398,1000000US170312225001015,89,29,0,2,0,1,60,29,0,60,60,3,53,42,11,117,1,0
13399,1000000US170312225001016,35,11,0,4,0,0,23,12,0,23,24,0,19,17,2,49,4,0
13400,1000000US170312226001000,17,10,1,0,0,0,6,11,0,6,7,0,11,10,1,17,0,0
13401,1000000US170312226001001,163,69,25,3,7,0,65,98,0,65,94,7,112,102,10,204,1,4
13402,1000000US170312226001002,27,19,2,0,4,0,4,23,0,4,8,3,16,15,1,28,0,2
13403,1000000US170312226001003,16,4,5,0,0,0,7,9,0,7,12,0,12,9,3,24,0,0
13404,1000000US170312226001004,14,6,1,0,0,0,7,7,0,7,8,0,8,7,1,15,0,0
13405,1000000US170312226001005,15,12,0,1,0,0,2,13,0,2,3,1,9,9,0,19,0,0
13406,1000000US170312226001006,19,10,0,0,0,0,9,10,0,9,9,0,9,9,0,24,0,0
13407,1000000US170312226001007,0,0,0,0,0,0,0,0,0,0,0,0,0,0,0,0,0,0
13408,1000000US170312226001008,23,1,0,1,0,0,22,1,0,22,22,1,12,9,3,30,0,0
13409,1000000US170312226001009,71,22,8,3,1,0,34,37,0,34,49,6,40,35,5,96,3,0
13410,1000000US170312226001010,158,66,14,5,4,0,80,78,0,80,92,12,80,73,7,199,5,6
13411,1000000US170312226001011,46,25,2,1,2,0,17,29,0,17,21,1,32,27,5,61,0,1
13412,1000000US170312226001012,81,45,11,1,1,0,24,57,0,24,36,0,52,44,8,105,1,0
13413,1000000US170312226001013,154,56,40,2,1,0,60,94,0,60,98,5,127,106,21,165,1,3
13414,1000000US170312226001014,1,0,1,0,0,0,0,1,0,0,1,0,1,1,0,1,0,0
13415,1000000US170312226001015,64,10,4,0,2,0,49,15,0,49,54,3,30,28,2,82,0,1
13416,1000000US170312226001016,40,18,8,0,0,0,17,23,0,17,22,0,20,19,1,48,0,3
13417,1000000US170312226001017,41,10,3,4,1,0,28,13,0,28,31,5,19,19,0,57,4,1
13418,1000000US170312226001018,13,4,0,0,0,0,9,4,0,9,9,1,7,7,0,22,0,0
13419,1000000US170312226001019,63,19,12,4,1,0,32,31,0,32,44,7,31,30,1,69,3,4
13420,1000000US170312226001020,10,1,1,0,1,0,8,2,0,8,9,1,5,5,0,19,0,1
13421,1000000US170312226001021,10,7,1,0,1,0,1,9,0,1,3,0,5,5,0,12,0,0
13422,1000000US170312226001022,9,3,0,0,0,0,6,3,0,6,6,0,4,4,0,12,0,0
13423,1000000US170312226001023,37,10,3,1,0,0,25,12,0,25,27,1,24,20,4,44,1,1
13424,1000000US170312226001024,0,0,0,0,0,0,0,0,0,0,0,0,0,0,0,0,0,0
13425,1000000US170312226001025,13,10,0,0,0,0,3,10,0,3,3,0,5,5,0,13,0,0
13426,1000000US170312226001026,89,43,15,0,5,0,26,63,0,26,46,0,54,51,3,111,0,0
13427,1000000US170312226001027,0,0,0,0,0,0,0,0,0,0,0,0,0,0,0,0,0,0
13428,1000000US170312226001028,92,34,6,1,0,0,53,39,0,53,58,4,54,38,16,110,1,1
13429,1000000US170312226001029,13,0,10,0,0,0,3,10,0,3,13,0,4,4,0,15,0,0
13430,1000000US170312227001000,8,5,2,0,0,0,1,7,0,1,3,0,4,4,0,9,0,0
13431,1000000US170312227001001,61,10,12,0,0,1,43,18,0,43,51,2,31,28,3,78,0,4
13432,1000000US170312227001002,8,0,0,0,0,0,8,0,0,8,8,0,6,3,3,9,0,0
13433,1000000US170312227001003,12,5,0,0,0,0,7,5,0,7,7,0,5,5,0,19,0,0
13434,1000000US170312227001004,81,50,12,2,2,0,23,58,0,23,31,3,55,48,7,99,2,5
13435,1000000US170312227001005,72,43,7,0,3,0,21,51,0,21,29,4,43,38,5,96,0,2
13436,1000000US170312227001006,59,7,4,1,0,0,48,11,0,48,52,0,29,26,3,88,1,0
13437,1000000US170312227001007,78,13,9,0,0,0,56,22,0,56,65,1,40,29,11,131,0,0
13438,1000000US170312227001008,20,10,1,0,0,0,9,11,0,9,10,0,5,4,1,22,0,0
13439,1000000US170312227001009,93,14,5,0,0,0,78,15,0,78,79,7,53,40,13,127,0,4
13440,1000000US170312227001010,152,55,11,1,2,0,84,68,0,84,97,4,94,78,16,204,0,0
13441,1000000US170312227001011,41,8,4,0,0,0,29,12,0,29,33,0,25,22,3,60,0,0
13442,1000000US170312227001012,0,0,0,0,0,0,0,0,0,0,0,0,0,0,0,0,0,0
13443,1000000US170312227001013,0,0,0,0,0,0,0,0,0,0,0,0,0,0,0,0,0,0
13444,1000000US170312227001014,0,0,0,0,0,0,0,0,0,0,0,0,0,0,0,0,0,0
13445,1000000US170312227002000,61,4,30,1,0,0,27,34,0,27,57,1,38,35,3,94,0,0
13446,1000000US170312227002001,36,9,7,0,0,0,21,15,0,21,27,0,19,14,5,45,0,1
13447,1000000US170312227002002,50,6,4,0,0,0,41,9,0,41,44,0,33,26,7,62,0,1
13448,1000000US170312227002003,33,8,6,2,0,0,19,14,0,19,25,4,22,17,5,46,0,2
13449,1000000US170312227002004,90,12,8,3,1,0,70,20,0,70,78,0,48,40,8,121,3,1
13450,1000000US170312227002005,86,35,6,1,0,0,46,40,0,46,51,2,67,44,23,107,0,1
13451,1000000US170312227002006,119,46,9,2,5,0,62,57,0,62,73,4,71,66,5,146,2,1
13452,1000000US170312227002007,98,4,17,4,0,1,81,17,0,81,94,8,46,41,5,152,4,5
13453,1000000US170312227002008,59,1,0,2,0,0,56,3,0,56,58,0,29,23,6,98,2,0
13454,1000000US170312227002009,75,18,14,0,0,0,45,30,0,45,57,6,47,42,5,102,0,2
13455,1000000US170312227002010,29,15,2,0,4,0,8,21,0,8,14,1,16,14,2,32,0,1
13456,1000000US170312227002011,0,0,0,0,0,0,0,0,0,0,0,0,0,0,0,0,0,0
13457,1000000US170312227002012,64,0,35,0,0,0,29,35,0,29,64,2,38,38,0,110,0,0
13458,1000000US170312227002013,52,3,6,2,2,0,44,8,0,44,49,4,29,27,2,79,2,2
13459,1000000US170312227002014,60,6,7,2,1,0,48,12,0,48,54,5,25,22,3,99,2,2
13460,1000000US170312227002015,0,0,0,0,0,0,0,0,0,0,0,0,0,0,0,0,0,0
13461,1000000US170312227002016,0,0,0,0,0,0,0,0,0,0,0,0,0,0,0,0,0,0
13462,1000000US170312228001000,27,1,3,0,0,0,24,3,0,24,26,2,14,12,2,39,0,1
13463,1000000US170312228001001,11,0,3,0,0,0,8,3,0,8,11,0,5,4,1,17,0,0
13464,1000000US170312228001002,58,7,2,4,0,0,50,8,0,50,51,1,42,30,12,94,4,1
13465,1000000US170312228001003,37,12,2,0,1,0,21,16,0,21,25,1,21,18,3,48,0,0
13466,1000000US170312228001004,22,2,4,5,1,0,19,3,0,19,20,6,29,8,21,24,5,4
13467,1000000US170312228001005,90,19,10,0,1,0,59,31,0,59,71,4,57,45,12,118,0,0
13468,1000000US170312228001006,30,6,6,0,1,0,20,10,0,20,24,0,22,18,4,34,0,3
13469,1000000US170312228001007,46,16,9,2,0,0,21,25,0,21,30,2,34,27,7,56,1,1
13470,1000000US170312228001008,40,6,5,0,1,0,28,12,0,28,34,7,20,16,4,55,0,0
13471,1000000US170312228001009,91,9,5,3,0,0,79,12,0,79,82,4,36,35,1,135,3,2
13472,1000000US170312228001010,7,2,0,0,0,0,5,2,0,5,5,0,3,3,0,7,0,0
13473,1000000US170312228001011,188,4,50,0,1,1,140,48,0,140,184,8,103,92,11,338,0,8
13474,1000000US170312228001012,0,0,0,0,0,0,0,0,0,0,0,0,0,0,0,0,0,0
13475,1000000US170312228001013,10,0,0,0,0,0,10,0,0,10,10,0,6,4,2,17,0,0
13476,1000000US170312228001014,66,2,0,0,0,0,64,2,0,64,64,0,23,22,1,92,0,0
13477,1000000US170312229001000,28,6,6,1,6,0,10,18,0,10,22,1,21,15,6,38,0,0
13478,1000000US170312229001001,1,0,0,0,0,0,1,0,0,1,1,0,3,1,2,1,0,0
13479,1000000US170312229001002,3,1,0,0,1,0,1,2,0,1,2,0,1,1,0,3,0,0
13480,1000000US170312229001003,10,1,6,0,0,0,5,5,0,5,9,3,8,5,3,16,0,2
13481,1000000US170312229001004,0,0,0,0,0,0,0,0,0,0,0,0,0,0,0,0,0,0
13482,1000000US170312229001005,0,0,0,0,0,0,0,0,0,0,0,0,0,0,0,0,0,0
13483,1000000US170312229001006,0,0,0,0,0,0,0,0,0,0,0,0,0,0,0,0,0,0
13484,1000000US170312229001007,4,2,0,0,2,0,0,4,0,0,2,0,2,2,0,4,0,0
13485,1000000US170312229001008,35,3,2,0,0,0,30,5,0,30,32,0,19,14,5,43,0,0
13486,1000000US170312229001009,33,0,0,0,0,0,33,0,0,33,33,5,15,14,1,57,0,0
13487,1000000US170312229001010,78,5,6,3,0,0,67,11,0,67,73,4,29,27,2,115,3,0
13488,1000000US170312229001011,23,0,5,0,0,0,18,5,0,18,23,0,13,10,3,32,0,0
13489,1000000US170312229001012,50,5,1,1,0,0,43,7,0,43,45,5,17,17,0,76,1,0
13490,1000000US170312229001013,26,1,1,0,4,0,21,5,0,21,25,0,22,11,11,40,0,1
13491,1000000US170312229001014,30,6,8,0,0,0,16,14,0,16,24,0,13,12,1,37,0,0
13492,1000000US170312229001015,45,1,0,0,0,0,44,1,0,44,44,3,18,17,1,74,0,0
13493,1000000US170312229001016,18,5,5,0,0,0,8,10,0,8,13,0,16,12,4,22,0,0
13494,1000000US170312229001017,36,3,0,0,0,0,33,3,0,33,33,4,17,15,2,67,0,0
13495,1000000US170312229001018,66,14,3,1,0,2,51,15,0,51,52,4,37,32,5,87,1,2
13496,1000000US170312229001019,35,5,1,0,0,0,29,6,0,29,30,1,15,14,1,59,0,0
13497,1000000US170312229001020,53,4,7,2,0,0,47,6,0,47,49,6,20,20,0,74,2,5
13498,1000000US170312229001021,68,3,2,8,0,1,63,5,0,63,65,4,31,26,5,96,6,1
13499,1000000US170312229001022,45,0,4,5,0,0,42,3,0,42,45,3,20,19,1,49,2,1
13500,1000000US170312229001023,62,2,7,0,0,0,54,8,0,54,60,6,28,25,3,91,0,1
13501,1000000US170312229001024,50,4,3,1,0,0,43,7,0,43,46,0,24,21,3,85,1,0
13502,1000000US170312229001025,47,3,5,0,0,0,41,6,0,41,44,0,24,19,5,78,0,2
13503,1000000US170312301001000,0,0,0,0,0,0,0,0,0,0,0,0,0,0,0,0,0,0
13504,1000000US170312301001001,0,0,0,0,0,0,0,0,0,0,0,0,0,0,0,0,0,0
13505,1000000US170312301001002,0,0,0,0,0,0,0,0,0,0,0,0,0,0,0,0,0,0
13506,1000000US170312301001003,0,0,0,0,0,0,0,0,0,0,0,0,0,0,0,0,0,0
13507,1000000US170312301001004,0,0,0,0,0,0,0,0,0,0,0,0,0,0,0,0,0,0
13508,1000000US170312301001005,0,0,0,0,0,0,0,0,0,0,0,0,0,0,0,0,0,0
13509,1000000US170312301001006,93,22,6,2,1,0,64,29,0,64,71,9,48,44,4,142,1,1
13510,1000000US170312301001007,87,7,9,3,2,1,69,18,0,69,80,8,41,38,3,141,1,1
13511,1000000US170312301001008,63,10,4,3,0,0,52,11,0,52,53,7,24,23,1,97,0,3
13512,1000000US170312301001009,56,12,1,0,2,0,41,15,0,41,44,0,32,22,10,73,0,0
13513,1000000US170312301001010,67,13,7,2,1,1,45,22,0,45,54,4,43,37,6,95,2,0
13514,1000000US170312301001011,66,14,21,0,3,0,33,33,0,33,52,7,31,25,6,79,0,2
13515,1000000US170312301001012,49,11,5,0,3,0,31,18,0,31,38,0,34,29,5,64,0,1
13516,1000000US170312301001013,167,20,66,2,3,1,83,84,0,83,147,3,109,105,4,234,0,4
13517,1000000US170312301001014,0,0,0,0,0,0,0,0,0,0,0,0,0,0,0,0,0,0
13518,1000000US170312301001015,0,0,0,0,0,0,0,0,0,0,0,0,0,0,0,0,0,0
13519,1000000US170312301001016,59,34,5,1,5,0,16,43,0,16,25,1,37,35,2,71,1,1
13520,1000000US170312301001017,48,10,12,0,0,0,26,22,0,26,38,1,24,21,3,70,0,0
13521,1000000US170312301001018,48,9,13,1,1,3,25,23,0,25,39,3,24,20,4,61,1,0
13522,1000000US170312301001019,41,1,5,0,0,0,38,3,0,38,40,3,18,17,1,54,0,3
13523,1000000US170312301001020,61,15,14,3,0,0,32,29,0,32,46,0,34,32,2,112,3,0
13524,1000000US170312301001021,56,6,11,3,0,1,42,14,0,42,50,4,22,22,0,65,0,4
13525,1000000US170312301001022,41,4,0,0,0,0,37,4,0,37,37,0,21,18,3,51,0,0
13526,1000000US170312301001023,42,12,1,0,0,0,29,13,0,29,30,0,20,17,3,56,0,0
13527,1000000US170312301001024,8,0,0,0,0,0,8,0,0,8,8,0,2,2,0,9,0,0
13528,1000000US170312301001025,113,48,17,0,7,0,44,69,0,44,65,4,83,77,6,124,0,1
13529,1000000US170312301001026,4,0,1,0,0,0,4,0,0,4,4,0,4,4,0,6,0,1
13530,1000000US170312301001027,13,3,3,0,0,0,7,6,0,7,10,0,10,10,0,19,0,0
13531,1000000US170312302001000,4,0,3,0,1,0,0,4,0,0,4,0,3,2,1,4,0,0
13532,1000000US170312302001001,114,11,29,1,5,0,73,41,0,73,103,8,54,49,5,161,1,4
13533,1000000US170312302001002,55,8,3,0,0,0,44,11,0,44,47,0,34,25,9,90,0,0
13534,1000000US170312302001003,80,10,9,0,0,0,61,19,0,61,70,0,32,31,1,139,0,0
13535,1000000US170312302001004,58,7,3,2,0,0,49,9,0,49,51,7,31,26,5,81,2,2
13536,1000000US170312302001005,138,29,23,4,1,0,87,51,0,87,109,4,68,63,5,221,4,1
13537,1000000US170312302001006,94,4,6,7,0,1,83,11,0,83,90,0,42,36,6,117,7,0
13538,1000000US170312302001007,87,5,3,0,0,0,80,7,0,80,82,0,36,34,2,127,0,1
13539,1000000US170312302001008,0,0,0,0,0,0,0,0,0,0,0,0,0,0,0,0,0,0
13540,1000000US170312302001009,56,3,2,0,0,0,51,5,0,51,53,2,31,24,7,102,0,0
13541,1000000US170312302001010,88,5,2,0,0,0,81,7,0,81,83,6,46,41,5,154,0,0
13542,1000000US170312302001011,57,4,2,0,0,0,53,4,0,53,53,0,27,23,4,89,0,2
13543,1000000US170312302001012,57,4,1,0,0,1,52,5,0,52,53,3,24,19,5,78,0,0
13544,1000000US170312302001013,22,3,4,0,1,0,16,6,0,16,19,1,13,9,4,30,0,2
13545,1000000US170312302001014,62,4,1,0,0,0,57,5,0,57,58,0,30,28,2,87,0,0
13546,1000000US170312302001015,110,6,47,3,2,2,58,52,0,58,104,7,31,24,7,132,3,2
13547,1000000US170312302001016,16,6,0,0,0,0,10,6,0,10,10,0,9,8,1,20,0,0
13548,1000000US170312302001017,0,0,0,0,0,0,0,0,0,0,0,0,0,0,0,0,0,0
13549,1000000US170312302001018,7,0,0,0,0,0,7,0,0,7,7,0,4,2,2,8,0,0
13550,1000000US170312302001019,56,3,6,0,2,1,49,7,0,49,53,2,20,20,0,70,0,5
13551,1000000US170312302001020,60,2,6,0,1,0,54,6,0,54,58,1,31,25,6,91,0,3
13552,1000000US170312302001021,64,7,4,0,0,0,53,11,0,53,57,0,31,28,3,92,0,0
13553,1000000US170312302001022,46,10,15,0,0,0,25,21,0,25,36,1,26,22,4,55,0,4
13554,1000000US170312302001023,0,0,0,0,0,0,0,0,0,0,0,0,0,0,0,0,0,0
13555,1000000US170312302001024,93,3,29,3,0,0,62,31,0,62,90,5,54,41,13,134,0,1
13556,1000000US170312302001025,19,3,2,1,0,0,14,5,0,14,16,1,13,10,3,25,1,1
13557,1000000US170312303001000,66,2,1,0,0,0,63,3,0,63,64,4,31,27,4,106,0,0
13558,1000000US170312303001001,65,0,10,0,3,0,56,9,0,56,65,0,26,25,1,97,0,1
13559,1000000US170312303001002,88,12,9,0,1,0,71,17,0,71,76,1,31,29,2,123,0,5
13560,1000000US170312303001003,48,5,0,0,1,0,42,6,0,42,43,3,28,24,4,72,0,0
13561,1000000US170312303001004,84,4,7,1,0,0,75,9,0,75,80,2,38,32,6,125,1,2
13562,1000000US170312303001005,66,0,23,0,1,0,50,16,0,50,66,2,23,23,0,89,0,8
13563,1000000US170312303001006,42,6,0,1,0,0,35,7,0,35,36,0,23,19,4,55,1,0
13564,1000000US170312303001007,24,1,0,0,1,0,22,2,0,22,23,0,11,11,0,29,0,0
13565,1000000US170312303001008,70,5,10,0,1,0,57,13,0,57,65,3,33,31,2,120,0,2
13566,1000000US170312303001009,87,1,3,2,0,0,82,5,0,82,86,5,38,35,3,136,2,2
13567,1000000US170312303001010,24,0,1,0,1,0,24,0,0,24,24,1,11,9,2,35,0,1
13568,1000000US170312303001011,26,1,1,0,0,0,24,2,0,24,25,5,10,10,0,37,0,0
13569,1000000US170312304001000,123,6,9,1,0,0,112,11,0,112,117,8,46,45,1,173,1,4
13570,1000000US170312304001001,99,16,3,0,4,0,78,21,0,78,83,2,36,36,0,114,0,2
13571,1000000US170312304001002,55,4,3,0,0,2,48,7,0,48,51,6,22,20,2,87,0,0
13572,1000000US170312304001003,9,1,0,0,0,0,8,1,0,8,8,0,3,3,0,13,0,0
13573,1000000US170312304001004,17,2,0,0,0,0,15,2,0,15,15,0,8,7,1,22,0,0
13574,1000000US170312304001005,62,12,1,2,1,0,46,16,0,46,50,0,26,25,1,94,2,0
13575,1000000US170312304001006,59,7,1,1,0,0,52,7,0,52,52,3,25,21,4,107,1,1
13576,1000000US170312304001007,46,5,2,3,0,0,41,5,0,41,41,1,19,18,1,85,3,2
13577,1000000US170312304001008,57,7,15,4,0,0,38,19,0,38,50,2,30,29,1,89,4,3
13578,1000000US170312304001009,137,9,5,5,1,0,120,17,0,120,128,3,53,51,2,199,5,1
13579,1000000US170312304001010,0,0,0,0,0,0,0,0,0,0,0,0,2,0,2,0,0,0
13580,1000000US170312304001011,81,7,8,4,1,0,73,8,0,73,74,2,41,37,4,124,4,8
13581,1000000US170312304001012,47,6,3,2,1,0,39,8,0,39,41,5,24,22,2,71,2,1
13582,1000000US170312304001013,32,6,3,0,0,0,26,6,0,26,26,0,12,11,1,38,0,3
13583,1000000US170312304001014,19,2,0,0,0,0,17,2,0,17,17,0,8,8,0,25,0,0
13584,1000000US170312304001015,38,0,0,0,0,0,38,0,0,38,38,0,17,13,4,54,0,0
13585,1000000US170312304001016,17,0,0,0,0,0,17,0,0,17,17,0,7,7,0,27,0,0
13586,1000000US170312304002000,0,0,0,0,0,0,0,0,0,0,0,0,0,0,0,0,0,0
13587,1000000US170312304002001,142,4,5,0,0,0,136,6,0,136,138,12,67,58,9,239,0,3
13588,1000000US170312304002002,0,0,0,0,0,0,0,0,0,0,0,0,0,0,0,0,0,0
13589,1000000US170312304002003,75,5,4,0,0,0,70,5,0,70,70,9,30,30,0,120,0,4
13590,1000000US170312304002004,50,3,0,0,0,0,47,3,0,47,47,2,24,21,3,67,0,0
13591,1000000US170312304002005,0,0,0,0,0,0,0,0,0,0,0,0,0,0,0,0,0,0
13592,1000000US170312304002006,59,4,11,1,0,0,47,12,0,47,55,8,44,28,16,88,1,3
13593,1000000US170312304002007,147,9,11,0,0,5,135,12,0,135,138,13,63,58,5,233,0,9
13594,1000000US170312304002008,105,2,1,1,0,0,103,2,0,103,103,11,45,43,2,146,1,1
13595,1000000US170312304002009,29,1,2,1,0,0,27,2,0,27,28,0,15,11,4,38,1,1
13596,1000000US170312304002010,70,0,1,2,6,0,63,7,0,63,70,4,31,29,2,117,2,0
13597,1000000US170312304002011,34,0,0,0,4,0,30,4,0,30,34,0,13,13,0,43,0,0
13598,1000000US170312304002012,35,3,9,3,0,0,29,6,0,29,32,3,17,16,1,57,2,6
13599,1000000US170312304002013,40,2,3,0,1,1,33,7,0,33,38,1,22,22,0,57,0,0
13600,1000000US170312304002014,42,0,10,0,0,0,32,10,0,32,42,2,22,18,4,61,0,0
13601,1000000US170312304002015,0,0,0,0,0,0,0,0,0,0,0,0,0,0,0,0,0,0
13602,1000000US170312304002016,19,4,6,0,0,0,9,10,0,9,15,0,12,11,1,21,0,0
13603,1000000US170312305001000,207,9,55,0,0,0,150,57,0,150,198,15,137,134,3,302,0,7
13604,1000000US170312305001001,123,3,8,2,0,0,117,6,0,117,120,5,53,49,4,183,1,6
13605,1000000US170312305001002,113,2,8,0,0,0,104,9,0,104,111,1,52,47,5,169,0,1
13606,1000000US170312305001003,122,3,6,6,0,0,119,3,0,119,119,11,51,47,4,200,6,6
13607,1000000US170312305001004,155,2,11,4,2,0,138,17,0,138,153,6,61,56,5,254,4,0
13608,1000000US170312305001005,73,1,2,0,3,0,68,5,0,68,72,0,37,31,6,117,0,1
13609,1000000US170312305001006,92,0,5,0,0,0,90,2,0,90,92,2,39,39,0,140,0,3
13610,1000000US170312305001007,83,0,7,0,0,1,77,6,0,77,83,6,31,30,1,113,0,1
13611,1000000US170312305001008,41,2,10,0,3,0,32,9,0,32,39,4,25,22,3,57,0,6
13612,1000000US170312305001009,76,0,1,2,0,0,75,1,0,75,76,1,28,28,0,111,2,0
13613,1000000US170312305001010,84,4,5,0,0,0,77,7,0,77,80,3,34,33,1,121,0,2
13614,1000000US170312305001011,92,5,14,1,0,0,74,18,0,74,87,3,52,43,9,138,1,2
13615,1000000US170312305001012,4,0,0,0,0,0,4,0,0,4,4,0,1,1,0,6,0,0
13616,1000000US170312305001013,71,0,6,0,0,0,69,2,0,69,71,3,36,30,6,101,0,4
13617,1000000US170312305001014,10,0,0,0,0,0,10,0,0,10,10,0,5,4,1,14,0,0
13618,1000000US170312305001015,54,8,6,0,0,0,41,13,0,41,46,0,23,21,2,84,0,1
13619,1000000US170312305001016,44,6,7,0,2,0,29,15,0,29,38,0,21,20,1,75,0,0
13620,1000000US170312305001017,65,0,1,0,0,0,64,1,0,64,65,1,31,23,8,92,0,0
13621,1000000US170312305001018,80,0,0,0,0,0,80,0,0,80,80,4,36,31,5,129,0,0
13622,1000000US170312305001019,0,0,0,0,0,0,0,0,0,0,0,0,0,0,0,0,0,0
13623,1000000US170312305002000,0,0,0,0,0,0,0,0,0,0,0,0,0,0,0,0,0,0
13624,1000000US170312305002001,0,0,0,0,0,0,0,0,0,0,0,0,0,0,0,0,0,0
13625,1000000US170312305002002,0,0,0,0,0,0,0,0,0,0,0,0,0,0,0,0,0,0
13626,1000000US170312305002003,0,0,0,0,0,0,0,0,0,0,0,0,0,0,0,0,0,0
13627,1000000US170312305002004,0,0,0,0,0,0,0,0,0,0,0,0,0,0,0,0,0,0
13628,1000000US170312305002005,0,0,0,0,0,0,0,0,0,0,0,0,0,0,0,0,0,0
13629,1000000US170312305002006,28,1,0,0,0,0,27,1,0,27,27,2,16,13,3,48,0,0
13630,1000000US170312305002007,15,0,2,0,0,0,13,2,0,13,15,0,8,7,1,26,0,0
13631,1000000US170312305002008,0,0,0,0,0,0,0,0,0,0,0,0,0,0,0,0,0,0
13632,1000000US170312305002009,64,3,0,0,0,0,61,3,0,61,61,1,29,28,1,98,0,0
13633,1000000US170312305002010,54,7,1,0,5,0,41,13,0,41,47,0,30,25,5,73,0,0
13634,1000000US170312305002011,105,12,9,0,0,0,84,21,0,84,93,0,35,34,1,157,0,0
13635,1000000US170312305002012,97,0,11,2,6,0,81,16,0,81,97,12,49,32,17,128,2,1
13636,1000000US170312305002013,61,1,5,0,2,0,57,4,0,57,60,0,25,23,2,86,0,4
13637,1000000US170312305002014,78,2,2,0,1,0,74,4,0,74,76,2,39,34,5,114,0,1
13638,1000000US170312305002015,93,2,22,0,0,1,72,21,0,72,91,2,61,55,6,133,0,3
13639,1000000US170312305002016,78,0,3,0,0,0,75,3,0,75,78,0,36,35,1,111,0,0
13640,1000000US170312305002017,41,0,1,0,0,0,40,1,0,40,41,0,14,14,0,55,0,1
13641,1000000US170312305002018,0,0,0,0,0,0,0,0,0,0,0,0,0,0,0,0,0,0
13642,1000000US170312305002019,1,0,1,0,0,0,0,1,0,0,1,0,0,0,0,1,0,0
13643,1000000US170312305002020,0,0,0,0,0,0,0,0,0,0,0,0,0,0,0,0,0,0
13644,1000000US170312305002021,0,0,0,0,0,0,0,0,0,0,0,0,0,0,0,0,0,0
13645,1000000US170312305002022,112,1,40,3,1,0,71,41,0,71,111,4,90,82,8,127,3,1
13646,1000000US170312305002023,0,0,0,0,0,0,0,0,0,0,0,0,0,0,0,0,0,0
13647,1000000US170312305002024,0,0,0,0,0,0,0,0,0,0,0,0,0,0,0,0,0,0
13648,1000000US170312305002025,0,0,0,0,0,0,0,0,0,0,0,0,0,0,0,0,0,0
13649,1000000US170312305002026,4,0,0,0,0,0,4,0,0,4,4,0,1,1,0,7,0,0
13650,1000000US170312305002027,0,0,0,0,0,0,0,0,0,0,0,0,0,0,0,0,0,0
13651,1000000US170312306001000,0,0,0,0,0,0,0,0,0,0,0,0,0,0,0,0,0,0
13652,1000000US170312306001001,0,0,0,0,0,0,0,0,0,0,0,0,0,0,0,0,0,0
13653,1000000US170312306001002,2,0,0,0,0,0,2,0,0,2,2,0,2,1,1,4,0,0
13654,1000000US170312306001003,9,0,0,0,0,0,9,0,0,9,9,0,6,5,1,13,0,0
13655,1000000US170312306001004,64,13,5,8,0,0,47,17,0,47,51,0,33,27,6,119,8,1
13656,1000000US170312306001005,59,2,3,0,0,0,54,5,0,54,57,0,30,26,4,75,0,0
13657,1000000US170312306001006,102,36,36,1,0,0,33,69,0,33,66,1,81,80,1,118,1,3
13658,1000000US170312306001007,0,0,0,0,0,0,0,0,0,0,0,0,0,0,0,0,0,0
13659,1000000US170312306001008,2,0,2,0,0,0,0,2,0,0,2,1,1,1,0,4,0,0
13660,1000000US170312306001009,83,2,6,2,0,0,75,8,0,75,81,11,29,28,1,121,2,0
13661,1000000US170312306001010,10,0,0,0,0,0,10,0,0,10,10,0,4,4,0,14,0,0
13662,1000000US170312306001011,79,1,12,4,0,3,64,15,0,64,78,2,45,40,5,124,4,1
13663,1000000US170312306001012,91,0,35,0,0,0,56,35,0,56,91,0,40,35,5,155,0,0
13664,1000000US170312306001013,0,0,0,0,0,0,0,0,0,0,0,0,0,0,0,0,0,0
13665,1000000US170312306001014,71,0,56,1,0,0,15,56,0,15,71,1,44,36,8,104,0,0
13666,1000000US170312306002000,3,1,0,0,0,0,2,1,0,2,2,0,7,2,5,3,0,0
13667,1000000US170312306002001,81,0,29,0,0,0,53,28,0,53,81,0,37,31,6,130,0,1
13668,1000000US170312306002002,113,3,85,0,2,0,25,88,0,25,110,0,56,51,5,176,0,1
13669,1000000US170312306002003,105,2,49,3,0,0,51,54,0,51,103,0,54,47,7,154,3,1
13670,1000000US170312306002004,53,0,5,4,0,0,48,5,0,48,53,2,30,26,4,81,4,0
13671,1000000US170312306002005,69,1,32,0,0,0,35,34,0,35,68,0,33,27,6,107,0,0
13672,1000000US170312306002006,77,4,26,0,0,0,47,30,0,47,73,0,29,27,2,116,0,0
13673,1000000US170312306002007,76,5,35,0,5,0,34,42,0,34,71,8,41,28,13,117,0,2
13674,1000000US170312306002008,90,5,44,0,0,2,40,50,0,40,85,0,51,46,5,121,0,0
13675,1000000US170312306002009,77,4,42,1,3,0,28,49,0,28,73,2,28,28,0,107,0,0
13676,1000000US170312306002010,70,2,53,2,0,0,17,53,0,17,68,2,45,32,13,100,2,2
13677,1000000US170312306002011,2,0,0,0,0,0,2,0,0,2,2,0,2,1,1,2,0,0
13678,1000000US170312306002012,44,3,35,0,1,0,5,39,0,5,41,0,35,25,10,60,0,0
13679,1000000US170312306003000,4,0,0,0,0,0,4,0,0,4,4,0,1,1,0,6,0,0
13680,1000000US170312306003001,22,0,2,0,0,0,20,2,0,20,22,0,10,9,1,34,0,0
13681,1000000US170312306003002,8,1,0,0,0,0,7,1,0,7,7,0,3,3,0,12,0,0
13682,1000000US170312306003003,21,2,0,0,0,0,19,2,0,19,19,0,12,10,2,27,0,0
13683,1000000US170312306003004,84,0,26,0,0,0,58,26,0,58,84,0,37,32,5,133,0,0
13684,1000000US170312306003005,78,1,11,2,0,0,66,12,0,66,77,0,32,30,2,107,2,0
13685,1000000US170312306003006,55,3,8,0,0,0,45,10,0,45,52,0,25,24,1,80,0,1
13686,1000000US170312306003007,45,1,0,1,0,0,44,1,0,44,44,6,21,20,1,72,1,0
13687,1000000US170312306003008,31,2,6,0,0,0,23,8,0,23,29,0,15,15,0,43,0,0
13688,1000000US170312306003009,14,1,1,0,0,0,12,2,0,12,13,0,7,6,1,20,0,0
13689,1000000US170312306003010,61,0,0,2,0,0,61,0,0,61,61,0,28,26,2,90,2,0
13690,1000000US170312306003011,0,0,0,0,0,0,0,0,0,0,0,0,0,0,0,0,0,0
13691,1000000US170312306003012,0,0,0,0,0,0,0,0,0,0,0,0,0,0,0,0,0,0
13692,1000000US170312306003013,0,0,0,0,0,0,0,0,0,0,0,0,0,0,0,0,0,0
13693,1000000US170312306003014,30,4,9,0,0,0,17,13,0,17,26,0,11,11,0,41,0,0
13694,1000000US170312306003015,57,2,8,0,0,0,50,7,0,50,55,0,34,27,7,75,0,3
13695,1000000US170312306003016,51,0,21,0,0,0,30,21,0,30,51,1,19,19,0,72,0,0
13696,1000000US170312306003017,0,0,0,0,0,0,0,0,0,0,0,0,0,0,0,0,0,0
13697,1000000US170312306003018,13,1,0,0,0,0,12,1,0,12,12,0,11,9,2,22,0,0
13698,1000000US170312306003019,64,0,38,0,0,0,26,38,0,26,64,0,31,31,0,95,0,0
13699,1000000US170312306004000,0,0,0,0,0,0,0,0,0,0,0,0,0,0,0,0,0,0
13700,1000000US170312306004001,53,0,21,0,0,0,32,21,0,32,53,1,16,16,0,72,0,0
13701,1000000US170312306004002,7,3,0,1,0,0,3,4,0,3,4,1,2,2,0,10,0,0
13702,1000000US170312306004003,4,0,3,1,0,0,1,3,0,1,4,0,3,3,0,5,1,0
13703,1000000US170312306004004,0,0,0,0,0,0,0,0,0,0,0,0,0,0,0,0,0,0
13704,1000000US170312306004005,2,0,0,0,0,0,2,0,0,2,2,0,1,1,0,4,0,0
13705,1000000US170312306004006,9,5,0,0,0,0,4,5,0,4,4,0,7,5,2,11,0,0
13706,1000000US170312306004007,54,1,1,0,0,0,52,2,0,52,53,2,26,23,3,93,0,0
13707,1000000US170312306004008,0,0,0,0,0,0,0,0,0,0,0,0,0,0,0,0,0,0
13708,1000000US170312306004009,0,0,0,0,0,0,0,0,0,0,0,0,0,0,0,0,0,0
13709,1000000US170312306004010,62,3,5,3,1,6,47,15,0,47,59,0,40,31,9,103,3,0
13710,1000000US170312306004011,4,0,4,1,0,0,0,4,0,0,4,1,1,1,0,6,1,0
13711,1000000US170312306004012,41,1,5,2,0,0,37,4,0,37,40,2,19,18,1,72,2,2
13712,1000000US170312306004013,65,2,41,3,0,0,23,42,0,23,63,1,31,30,1,84,3,1
13713,1000000US170312306004014,91,3,37,0,0,0,51,40,0,51,88,1,41,39,2,136,0,0
13714,1000000US170312306004015,0,0,0,0,0,0,0,0,0,0,0,0,0,0,0,0,0,0
13715,1000000US170312306004016,121,2,41,2,0,1,80,41,0,80,119,6,58,49,9,203,2,2
13716,1000000US170312306004017,105,3,36,5,0,0,67,38,0,67,102,1,54,48,6,189,5,1
13717,1000000US170312306005000,73,0,32,0,0,0,41,32,0,41,73,0,45,34,11,120,0,0
13718,1000000US170312306005001,80,8,27,3,0,0,48,32,0,48,72,6,42,39,3,111,3,3
13719,1000000US170312306005002,126,0,74,0,0,1,53,73,0,53,126,2,59,53,6,193,0,2
13720,1000000US170312306005003,120,2,44,0,0,1,74,46,0,74,118,2,51,40,11,184,0,0
13721,1000000US170312306005004,123,0,56,0,0,0,72,51,0,72,123,0,57,53,4,177,0,5
13722,1000000US170312306005005,61,3,20,0,0,0,45,16,0,45,58,0,30,23,7,87,0,7
13723,1000000US170312306005006,81,2,38,0,0,0,46,35,0,46,79,1,40,36,4,114,0,5
13724,1000000US170312306005007,117,2,63,0,0,3,56,61,0,56,115,3,57,49,8,167,0,4
13725,1000000US170312306005008,94,0,47,3,0,0,54,40,0,54,94,11,59,44,15,143,3,7
13726,1000000US170312306005009,76,3,51,3,0,0,30,46,0,30,73,13,35,32,3,120,3,8
13727,1000000US170312306005010,18,0,8,0,0,0,10,8,0,10,18,0,10,8,2,24,0,0
13728,1000000US170312306005011,20,0,4,0,0,0,16,4,0,16,20,1,8,6,2,32,0,0
13729,1000000US170312306006000,0,0,0,0,0,0,0,0,0,0,0,0,0,0,0,0,0,0
13730,1000000US170312306006001,0,0,0,0,0,0,0,0,0,0,0,0,0,0,0,0,0,0
13731,1000000US170312306006002,6,1,0,0,0,0,5,1,0,5,5,0,3,3,0,7,0,0
13732,1000000US170312306006003,0,0,0,0,0,0,0,0,0,0,0,0,0,0,0,0,0,0
13733,1000000US170312306006004,8,1,1,0,0,0,7,1,0,7,7,1,8,5,3,21,0,1
13734,1000000US170312306006005,0,0,0,0,0,0,0,0,0,0,0,0,0,0,0,0,0,0
13735,1000000US170312306006006,0,0,0,0,0,0,0,0,0,0,0,0,0,0,0,0,0,0
13736,1000000US170312306006007,0,0,0,0,0,0,0,0,0,0,0,0,0,0,0,0,0,0
13737,1000000US170312306006008,0,0,0,0,0,0,0,0,0,0,0,0,0,0,0,0,0,0
13738,1000000US170312306006009,0,0,0,0,0,0,0,0,0,0,0,0,0,0,0,0,0,0
13739,1000000US170312306006010,2,0,0,0,0,0,2,0,0,2,2,0,3,2,1,2,0,0
13740,1000000US170312306006011,4,0,0,0,0,0,4,0,0,4,4,0,2,2,0,4,0,0
13741,1000000US170312306006012,113,1,11,5,0,0,106,7,0,106,112,7,43,40,3,167,5,5
13742,1000000US170312306006013,103,10,14,0,0,1,79,24,0,79,93,1,51,49,2,158,0,0
13743,1000000US170312306006014,83,1,52,0,0,0,30,53,0,30,82,0,41,38,3,121,0,0
13744,1000000US170312306006015,101,6,50,4,0,0,49,52,0,49,95,7,51,47,4,146,4,4
13745,1000000US170312306006016,93,3,19,4,1,0,72,21,0,72,90,5,39,39,0,132,4,1
13746,1000000US170312306006017,74,0,17,0,1,0,57,17,0,57,74,1,39,36,3,112,0,0
13747,1000000US170312306006018,94,6,19,0,1,0,70,24,0,70,88,5,41,38,3,123,0,2
13748,1000000US170312306006019,58,4,17,0,0,0,38,20,0,38,54,0,24,23,1,81,0,1
13749,1000000US170312306006020,160,2,75,1,3,0,83,77,0,83,158,1,85,74,11,230,1,3
13750,1000000US170312306006021,0,0,0,0,0,0,0,0,0,0,0,0,0,0,0,0,0,0
13751,1000000US170312307001000,0,0,0,0,0,0,0,0,0,0,0,0,0,0,0,0,0,0
13752,1000000US170312307001001,0,0,0,0,0,0,0,0,0,0,0,0,0,0,0,0,0,0
13753,1000000US170312307001002,27,1,3,0,0,2,26,1,0,26,26,2,18,11,7,48,0,3
13754,1000000US170312307001003,14,1,5,0,0,0,11,3,0,11,13,0,7,7,0,26,0,3
13755,1000000US170312307001004,15,2,0,0,0,0,13,2,0,13,13,0,6,6,0,16,0,0
13756,1000000US170312307001005,40,2,0,0,1,0,37,3,0,37,38,3,16,13,3,58,0,0
13757,1000000US170312307001006,91,9,3,0,1,0,81,10,0,81,82,3,43,36,7,133,0,3
13758,1000000US170312307001007,95,0,4,1,0,0,92,3,0,92,95,4,36,35,1,133,1,1
13759,1000000US170312307001008,75,6,6,0,0,0,65,10,0,65,69,0,22,22,0,100,0,4
13760,1000000US170312307001009,108,9,21,10,2,0,79,29,0,79,99,3,54,48,6,155,10,3
13761,1000000US170312307001010,73,3,4,0,2,0,67,6,0,67,70,3,38,32,6,99,0,1
13762,1000000US170312307001011,52,1,8,4,1,0,43,9,0,43,51,1,19,19,0,73,4,1
13763,1000000US170312307001012,25,4,4,0,0,0,20,5,0,20,21,2,12,10,2,36,0,3
13764,1000000US170312307001013,43,3,1,0,0,0,39,4,0,39,40,0,24,20,4,68,0,0
13765,1000000US170312307001014,72,3,7,4,0,0,63,9,0,63,69,1,33,29,4,108,4,1
13766,1000000US170312307001015,108,4,8,0,1,0,99,9,0,99,104,12,52,45,7,156,0,3
13767,1000000US170312307001016,99,4,13,0,4,0,85,14,0,85,95,11,46,42,4,127,0,3
13768,1000000US170312307001017,83,4,4,0,0,0,75,8,0,75,79,2,34,31,3,116,0,0
13769,1000000US170312307001018,72,10,5,1,0,0,58,14,0,58,62,4,30,29,1,99,0,2
13770,1000000US170312307002000,4,0,3,0,0,0,1,3,0,1,4,0,2,2,0,4,0,0
13771,1000000US170312307002001,0,0,0,0,0,0,0,0,0,0,0,0,0,0,0,0,0,0
13772,1000000US170312307002002,18,0,4,0,0,0,13,5,0,13,18,0,6,6,0,21,0,0
13773,1000000US170312307002003,86,7,8,2,0,0,73,13,0,73,79,0,28,25,3,133,2,2
13774,1000000US170312307002004,97,6,23,2,3,0,66,31,0,66,91,1,43,42,1,144,2,2
13775,1000000US170312307002005,75,7,2,1,0,0,66,9,0,66,68,2,34,30,4,102,1,0
13776,1000000US170312307002006,108,4,6,0,1,0,103,5,0,103,104,7,53,48,5,175,0,5
13777,1000000US170312307002007,91,1,13,2,0,4,79,12,0,79,90,4,40,36,4,136,0,2
13778,1000000US170312307002008,54,0,0,0,0,0,54,0,0,54,54,0,26,25,1,75,0,0
13779,1000000US170312307002009,72,1,9,0,0,3,63,9,0,63,71,1,31,31,0,102,0,2
13780,1000000US170312307002010,11,3,0,0,0,0,8,3,0,8,8,1,6,6,0,14,0,0
13781,1000000US170312307002011,0,0,0,0,0,0,0,0,0,0,0,0,0,0,0,0,0,0
13782,1000000US170312307002012,30,0,8,0,1,0,25,5,0,25,30,0,15,15,0,46,0,4
13783,1000000US170312307002013,18,0,0,0,0,0,18,0,0,18,18,0,5,5,0,22,0,0
13784,1000000US170312307002014,47,1,2,0,0,1,45,2,0,45,46,0,25,19,6,67,0,1
13785,1000000US170312307002015,59,9,38,1,1,0,12,47,0,12,50,2,30,27,3,93,0,1
13786,1000000US170312307002016,61,2,41,0,0,0,20,41,0,20,59,1,22,19,3,82,0,2
13787,1000000US170312307002017,19,1,10,0,1,0,13,6,0,13,18,3,12,10,2,25,0,5
13788,1000000US170312307002018,10,0,0,0,1,0,9,1,0,9,10,0,8,5,3,13,0,0
13789,1000000US170312307003000,82,3,7,3,0,0,72,10,0,72,79,5,40,35,5,109,3,0
13790,1000000US170312307003001,89,5,6,1,0,7,78,11,0,78,84,2,37,30,7,122,1,0
13791,1000000US170312307003002,56,3,7,2,0,0,48,8,0,48,53,1,28,26,2,90,2,2
13792,1000000US170312307003003,45,0,17,1,1,0,29,16,0,29,45,3,20,18,2,69,1,1
13793,1000000US170312307003004,29,0,11,0,3,0,16,13,0,16,29,0,16,13,3,41,0,0
13794,1000000US170312307003005,14,0,0,0,0,0,14,0,0,14,14,0,5,5,0,18,0,0
13795,1000000US170312307003006,8,4,0,0,0,0,4,4,0,4,4,0,6,6,0,11,0,0
13796,1000000US170312307003007,19,2,2,0,0,0,15,4,0,15,17,0,12,11,1,33,0,0
13797,1000000US170312307003008,21,4,0,0,0,0,17,4,0,17,17,0,14,10,4,32,0,0
13798,1000000US170312307003009,7,0,0,0,0,0,7,0,0,7,7,1,2,2,0,8,0,0
13799,1000000US170312307003010,7,0,3,0,0,0,4,3,0,4,7,0,3,1,2,10,0,0
13800,1000000US170312307003011,6,0,0,0,0,0,6,0,0,6,6,0,1,1,0,6,0,0
13801,1000000US170312307003012,22,0,0,0,8,0,14,8,0,14,22,1,14,10,4,23,0,0
13802,1000000US170312307003013,27,7,9,0,0,0,11,16,0,11,20,0,14,12,2,52,0,0
13803,1000000US170312307003014,15,0,0,2,0,1,15,0,0,15,15,1,9,6,3,22,2,0
13804,1000000US170312307003015,47,1,16,0,0,0,30,17,0,30,46,0,23,20,3,77,0,0
13805,1000000US170312307003016,48,4,22,0,2,0,19,29,0,19,44,2,20,19,1,62,0,0
13806,1000000US170312307003017,82,11,36,0,0,0,35,47,0,35,71,0,25,25,0,120,0,0
13807,1000000US170312307003018,64,1,31,0,1,0,31,33,0,31,63,3,37,32,5,92,0,0
13808,1000000US170312307003019,129,1,60,5,0,0,73,56,0,73,128,7,67,53,14,205,4,7
13809,1000000US170312307003020,65,2,21,3,3,0,43,22,0,43,63,6,35,28,7,86,2,4
13810,1000000US170312307003021,80,4,2,8,0,0,75,5,0,75,76,6,30,27,3,106,8,1
13811,1000000US170312307003022,50,2,14,0,0,0,37,13,0,37,48,0,20,16,4,65,0,3
13812,1000000US170312307003023,8,0,0,0,0,0,8,0,0,8,8,0,3,3,0,10,0,0
13813,1000000US170312307003024,25,2,7,0,0,0,17,8,0,17,23,0,16,13,3,35,0,1
13814,1000000US170312307003025,26,0,11,4,0,0,12,14,0,12,26,9,14,11,3,55,4,0
13815,1000000US170312307003026,19,0,1,0,0,0,18,1,0,18,19,0,12,7,5,25,0,0
13816,1000000US170312307003027,11,0,1,0,0,0,11,0,0,11,11,0,5,5,0,13,0,1
13817,1000000US170312307004000,12,0,0,0,1,0,12,0,0,12,12,4,6,5,1,16,0,0
13818,1000000US170312307004001,0,0,0,0,0,0,0,0,0,0,0,0,0,0,0,0,0,0
13819,1000000US170312307004002,76,6,5,1,2,1,66,10,0,66,70,4,34,31,3,107,1,2
13820,1000000US170312307004003,109,2,21,3,2,0,88,21,0,88,107,4,50,48,2,168,3,3
13821,1000000US170312307004004,80,2,10,0,0,4,68,12,0,68,78,13,37,32,5,116,0,0
13822,1000000US170312307004005,27,0,0,0,0,0,27,0,0,27,27,0,15,13,2,34,0,0
13823,1000000US170312307004006,0,0,0,0,0,0,0,0,0,0,0,0,0,0,0,0,0,0
13824,1000000US170312307004007,0,0,0,0,0,0,0,0,0,0,0,0,0,0,0,0,0,0
13825,1000000US170312307004008,80,2,0,2,8,0,69,11,0,69,78,0,30,26,4,118,2,0
13826,1000000US170312307004009,65,0,4,3,0,0,63,2,0,63,65,3,36,30,6,99,1,2
13827,1000000US170312307004010,36,1,0,0,0,0,35,1,0,35,35,0,17,13,4,51,0,0
13828,1000000US170312307004011,1,0,0,0,0,0,1,0,0,1,1,0,1,1,0,2,0,0
13829,1000000US170312307004012,81,1,10,3,0,0,75,6,0,75,80,8,40,36,4,134,3,5
13830,1000000US170312307004013,93,1,9,0,0,0,88,5,0,88,92,11,45,38,7,131,0,5
13831,1000000US170312307004014,74,3,17,0,1,0,52,22,0,52,71,4,44,36,8,114,0,1
13832,1000000US170312307004015,95,2,5,0,0,0,90,5,0,90,93,1,42,39,3,137,0,2
13833,1000000US170312307004016,115,0,23,1,0,0,94,21,0,94,115,8,43,42,1,162,1,2
13834,1000000US170312307004017,48,4,0,0,0,0,44,4,0,44,44,0,16,16,0,74,0,0
13835,1000000US170312307004018,66,1,25,0,0,0,48,18,0,48,65,3,40,31,9,91,0,8
13836,1000000US170312307004019,24,0,0,0,0,0,24,0,0,24,24,0,13,12,1,32,0,0
13837,1000000US170312307004020,22,0,7,4,0,1,15,7,0,15,22,3,10,10,0,33,4,0
13838,1000000US170312307004021,128,3,14,0,0,0,112,16,0,112,125,2,56,51,5,178,0,1
13839,1000000US170312307004022,5,0,4,0,0,0,1,4,0,1,5,0,5,2,3,13,0,0
13840,1000000US170312307004023,99,5,17,2,0,0,75,24,0,75,94,0,56,47,9,152,2,0
13841,1000000US170312308001000,0,0,0,0,0,0,0,0,0,0,0,0,0,0,0,0,0,0
13842,1000000US170312308001001,0,0,0,0,0,0,0,0,0,0,0,0,0,0,0,0,0,0
13843,1000000US170312308001002,56,3,9,0,1,0,46,10,0,46,53,3,22,19,3,78,0,3
13844,1000000US170312308001003,71,4,8,0,0,0,62,9,0,62,67,7,38,34,4,92,0,3
13845,1000000US170312308001004,81,11,8,8,0,0,62,19,0,62,70,1,39,35,4,110,8,0
13846,1000000US170312308001005,106,1,3,0,1,1,104,2,0,104,105,3,42,38,4,156,0,3
13847,1000000US170312308001006,91,6,0,2,0,0,85,6,0,85,85,2,46,41,5,144,2,0
13848,1000000US170312308001007,87,18,1,1,1,0,68,19,0,68,69,6,30,29,1,125,1,1
13849,1000000US170312308001008,85,5,2,0,1,0,74,11,0,74,80,1,35,31,4,116,0,0
13850,1000000US170312308001009,92,1,7,1,0,0,89,3,0,89,91,4,35,34,1,129,1,5
13851,1000000US170312308001010,71,8,3,2,4,0,56,15,0,56,63,9,31,26,5,93,2,0
13852,1000000US170312308001011,62,5,1,0,0,0,56,6,0,56,57,1,34,27,7,102,0,0
13853,1000000US170312308001012,115,12,19,5,1,0,82,33,0,82,103,7,53,48,5,169,3,1
13854,1000000US170312308001013,0,0,0,0,0,0,0,0,0,0,0,0,0,0,0,0,0,0
13855,1000000US170312308001014,0,0,0,0,0,0,0,0,0,0,0,0,0,0,0,0,0,0
13856,1000000US170312308001015,0,0,0,0,0,0,0,0,0,0,0,0,0,0,0,0,0,0
13857,1000000US170312309001000,0,0,0,0,0,0,0,0,0,0,0,0,0,0,0,0,0,0
13858,1000000US170312309001001,0,0,0,0,0,0,0,0,0,0,0,0,0,0,0,0,0,0
13859,1000000US170312309001002,0,0,0,0,0,0,0,0,0,0,0,0,0,0,0,0,0,0
13860,1000000US170312309001003,5,0,0,0,0,0,5,0,0,5,5,0,2,2,0,8,0,0
13861,1000000US170312309001004,3,0,0,0,0,0,3,0,0,3,3,0,2,2,0,3,0,0
13862,1000000US170312309001005,7,1,0,0,0,0,6,1,0,6,6,0,3,3,0,13,0,0
13863,1000000US170312309001006,130,52,26,3,5,0,47,83,0,47,78,6,96,85,11,159,3,4
13864,1000000US170312309001007,70,21,11,0,0,0,40,30,0,40,49,0,38,35,3,90,0,2
13865,1000000US170312309001008,83,10,14,4,5,1,62,21,0,62,73,6,43,37,6,100,4,8
13866,1000000US170312309001009,101,9,13,4,0,0,82,19,0,82,92,9,57,47,10,147,0,4
13867,1000000US170312309001010,84,13,16,3,2,0,55,29,0,55,71,8,54,44,10,117,2,2
13868,1000000US170312309001011,56,17,16,3,2,0,27,29,0,27,39,7,33,25,8,74,1,5
13869,1000000US170312309001012,74,18,20,1,1,0,41,33,0,41,56,5,41,34,7,96,0,6
13870,1000000US170312309001013,76,8,20,3,0,0,50,26,0,50,68,5,48,39,9,112,0,2
13871,1000000US170312309001014,85,4,9,0,3,0,72,13,0,72,81,7,51,43,8,129,0,2
13872,1000000US170312309001015,62,14,16,4,0,1,32,30,0,32,48,3,27,27,0,84,4,0
13873,1000000US170312309001016,59,19,16,1,2,1,22,37,0,22,40,5,40,34,6,80,1,1
13874,1000000US170312309001017,68,20,13,0,1,0,38,30,0,38,48,11,35,33,2,83,0,4
13875,1000000US170312309001018,97,14,36,3,0,0,50,47,0,50,83,1,64,45,19,139,3,3
13876,1000000US170312309001019,94,19,37,0,1,0,37,57,0,37,75,1,47,43,4,120,0,0
13877,1000000US170312309001020,59,9,19,0,0,0,32,27,0,32,50,1,41,30,11,84,0,1
13878,1000000US170312309001021,35,7,9,2,0,0,19,16,0,19,28,7,22,19,3,41,1,1
13879,1000000US170312309001022,78,8,1,0,0,0,68,10,0,68,70,4,37,35,2,120,0,0
13880,1000000US170312309001023,0,0,0,0,0,0,0,0,0,0,0,0,0,0,0,0,0,0
13881,1000000US170312309002000,66,24,6,0,0,0,37,29,0,37,42,1,42,34,8,73,0,1
13882,1000000US170312309002001,70,23,10,0,1,0,37,33,0,37,47,2,45,37,8,81,0,1
13883,1000000US170312309002002,62,10,12,2,0,0,42,20,0,42,52,2,50,32,18,90,2,2
13884,1000000US170312309002003,52,1,19,1,0,0,35,17,0,35,51,0,32,28,4,96,1,3
13885,1000000US170312309002004,48,11,13,1,1,0,28,20,0,28,37,6,26,21,5,67,1,5
13886,1000000US170312309002005,78,8,11,0,0,0,61,17,0,61,70,1,41,38,3,133,0,2
13887,1000000US170312309002006,99,6,28,1,0,0,68,31,0,68,93,2,57,41,16,160,0,3
13888,1000000US170312309002007,145,23,60,4,1,1,62,83,0,62,122,11,69,61,8,205,0,5
13889,1000000US170312309002008,62,14,8,6,4,1,35,27,0,35,48,2,29,27,2,79,6,1
13890,1000000US170312309002009,78,6,23,4,1,0,54,24,0,54,72,2,28,28,0,140,2,6
13891,1000000US170312309002010,114,5,32,1,4,1,78,36,0,78,109,5,60,49,11,173,1,3
13892,1000000US170312309002011,65,17,16,0,1,0,32,33,0,32,48,1,42,38,4,101,0,1
13893,1000000US170312309002012,55,9,12,0,0,0,42,13,0,42,46,1,29,26,3,76,0,8
13894,1000000US170312309002013,60,18,7,0,3,1,35,25,0,35,42,6,32,29,3,73,0,3
13895,1000000US170312309002014,74,4,33,1,0,0,38,36,0,38,70,2,45,35,10,125,1,2
13896,1000000US170312309002015,71,22,24,1,0,0,31,40,0,31,49,0,50,35,15,89,1,6
13897,1000000US170312309002016,61,8,30,1,0,0,22,39,0,22,53,0,36,31,5,78,1,0
13898,1000000US170312309002017,16,4,1,0,0,0,11,5,0,11,12,0,10,7,3,19,0,0
13899,1000000US170312309002018,71,2,35,0,0,0,38,33,0,38,69,1,39,34,5,129,0,4
13900,1000000US170312309002019,83,1,19,2,2,0,64,19,0,64,82,5,46,35,11,112,0,2
13901,1000000US170312309003000,0,0,0,0,0,0,0,0,0,0,0,0,0,0,0,0,0,0
13902,1000000US170312309003001,0,0,0,0,0,0,0,0,0,0,0,0,0,0,0,0,0,0
13903,1000000US170312309003002,76,16,4,4,0,0,52,24,0,52,60,5,37,27,10,96,3,2
13904,1000000US170312309003003,84,8,13,1,0,5,63,21,0,63,76,10,40,34,6,110,0,1
13905,1000000US170312309003004,79,5,13,7,0,0,65,14,0,65,74,3,33,32,1,107,5,4
13906,1000000US170312309003005,113,1,3,4,4,0,109,4,0,109,112,8,61,51,10,195,4,1
13907,1000000US170312309003006,145,9,12,1,0,0,127,18,0,127,136,4,58,53,5,181,1,3
13908,1000000US170312309003007,90,8,9,1,5,0,69,21,0,69,82,2,30,29,1,116,1,2
13909,1000000US170312309003008,93,9,13,0,0,0,79,14,0,79,84,0,37,34,3,121,0,8
13910,1000000US170312309003009,81,3,6,6,0,0,73,8,0,73,78,7,34,31,3,106,6,1
13911,1000000US170312309003010,79,10,38,0,1,0,38,41,0,38,69,4,36,34,2,116,0,10
13912,1000000US170312309003011,53,4,3,0,1,0,48,5,0,48,49,1,26,23,3,70,0,2
13913,1000000US170312309003012,70,9,4,1,3,0,55,15,0,55,61,1,37,33,4,98,1,0
13914,1000000US170312309003013,59,3,11,1,0,0,44,15,0,44,56,0,33,25,8,86,1,0
13915,1000000US170312309003014,73,5,22,0,0,0,49,24,0,49,68,0,40,32,8,99,0,3
13916,1000000US170312311001000,0,0,0,0,0,0,0,0,0,0,0,0,0,0,0,0,0,0
13917,1000000US170312311001001,0,0,0,0,0,0,0,0,0,0,0,0,0,0,0,0,0,0
13918,1000000US170312311001002,1,0,1,0,0,0,0,1,0,0,1,0,1,1,0,2,0,0
13919,1000000US170312311001003,60,0,47,0,0,0,13,47,0,13,60,0,25,22,3,79,0,0
13920,1000000US170312311001004,62,0,51,0,0,0,14,48,0,14,62,4,27,25,2,80,0,3
13921,1000000US170312311001005,100,8,54,0,0,0,40,60,0,40,92,1,39,37,2,156,0,2
13922,1000000US170312311001006,34,0,27,0,0,0,7,27,0,7,34,0,25,21,4,55,0,0
13923,1000000US170312311001007,0,0,0,0,0,0,0,0,0,0,0,0,0,0,0,0,0,0
13924,1000000US170312311001008,78,1,54,2,0,0,26,52,0,26,77,9,44,39,5,130,0,4
13925,1000000US170312311001009,72,2,50,1,0,0,25,47,0,25,70,1,40,30,10,110,1,5
13926,1000000US170312311001010,76,1,64,0,0,0,11,65,0,11,75,0,33,33,0,95,0,0
13927,1000000US170312311001011,82,1,43,0,0,0,40,42,0,40,81,5,28,23,5,115,0,2
13928,1000000US170312311001012,71,0,71,0,0,0,1,70,0,1,71,0,38,29,9,106,0,1
13929,1000000US170312311001013,97,0,96,0,1,0,0,97,0,0,97,0,52,41,11,129,0,0
13930,1000000US170312311001014,46,0,42,0,0,0,10,36,0,10,46,0,24,21,3,63,0,6
13931,1000000US170312311001015,22,0,19,0,0,0,3,19,0,3,22,0,16,13,3,31,0,0
13932,1000000US170312311001016,31,1,27,0,0,0,3,28,0,3,30,0,23,14,9,41,0,0
13933,1000000US170312311001017,2,0,0,0,0,0,2,0,0,2,2,1,7,2,5,7,0,0
13934,1000000US170312311001018,28,0,13,0,0,0,15,13,0,15,28,0,20,11,9,37,0,0
13935,1000000US170312312001000,0,0,0,0,0,0,0,0,0,0,0,0,0,0,0,0,0,0
13936,1000000US170312312001001,0,0,0,0,0,0,0,0,0,0,0,0,0,0,0,0,0,0
13937,1000000US170312312001002,7,0,7,0,0,0,0,7,0,0,7,0,5,5,0,9,0,0
13938,1000000US170312312001003,49,7,10,0,0,0,34,15,0,34,42,5,41,27,14,79,0,2
13939,1000000US170312312001004,38,0,13,0,0,0,25,13,0,25,38,0,27,20,7,59,0,0
13940,1000000US170312312001005,32,0,18,0,0,0,15,17,0,15,32,0,25,14,11,41,0,1
13941,1000000US170312312001006,52,0,25,0,0,0,27,25,0,27,52,0,35,24,11,81,0,0
13942,1000000US170312312001007,84,1,36,0,1,0,48,36,0,48,83,4,40,30,10,128,0,1
13943,1000000US170312312001008,55,0,39,0,0,0,18,37,0,18,55,3,38,29,9,92,0,2
13944,1000000US170312312001009,40,1,19,0,0,0,25,15,0,25,39,0,17,16,1,63,0,5
13945,1000000US170312312001010,86,1,47,0,0,0,38,48,0,38,85,0,44,34,10,123,0,0
13946,1000000US170312312001011,81,0,64,1,0,0,19,62,0,19,81,1,54,39,15,127,1,3
13947,1000000US170312312001012,63,0,51,0,0,0,13,50,0,13,63,3,43,31,12,82,0,1
13948,1000000US170312312001013,83,4,68,1,0,0,10,73,0,10,79,2,42,29,13,117,1,0
13949,1000000US170312312001014,59,0,41,0,0,0,13,46,0,13,59,0,40,24,16,114,0,0
13950,1000000US170312312001015,67,0,59,0,0,0,8,59,0,8,67,0,40,33,7,94,0,0
13951,1000000US170312312002000,76,1,73,0,0,0,3,73,0,3,75,0,55,41,14,117,0,1
13952,1000000US170312312002001,84,0,72,1,0,0,17,67,0,17,84,2,43,34,9,126,1,5
13953,1000000US170312312002002,93,9,60,3,2,0,24,69,0,24,84,3,57,41,16,125,3,0
13954,1000000US170312312002003,61,0,48,0,0,0,13,48,0,13,61,0,37,27,10,84,0,0
13955,1000000US170312312002004,52,0,46,0,0,0,6,46,0,6,52,0,45,32,13,87,0,0
13956,1000000US170312312002005,86,7,71,0,0,0,9,77,0,9,79,1,43,34,9,135,0,1
13957,1000000US170312312002006,31,0,31,0,0,0,0,31,0,0,31,0,19,16,3,52,0,0
13958,1000000US170312312002007,35,0,35,0,0,0,0,35,0,0,35,0,29,15,14,49,0,0
13959,1000000US170312312002008,39,0,37,0,0,0,3,36,0,3,39,0,23,16,7,60,0,1
13960,1000000US170312312002009,60,0,60,0,0,0,0,60,0,0,60,0,33,27,6,91,0,0
13961,1000000US170312312002010,39,3,34,0,0,0,2,37,0,2,36,0,19,15,4,48,0,0
13962,1000000US170312312002011,71,0,68,0,0,0,5,66,0,5,71,1,35,28,7,105,0,2
13963,1000000US170312312002012,20,1,19,0,0,0,0,20,0,0,19,0,10,9,1,23,0,0
13964,1000000US170312312002013,19,0,19,0,0,0,0,19,0,0,19,0,16,11,5,26,0,0
13965,1000000US170312312002014,21,2,10,0,0,0,10,11,0,10,19,0,11,10,1,28,0,1
13966,1000000US170312312003000,77,1,38,1,0,0,42,35,0,42,76,1,50,37,13,121,1,4
13967,1000000US170312312003001,93,1,80,8,0,0,12,81,0,12,92,6,57,44,13,123,6,0
13968,1000000US170312312003002,108,5,78,0,0,0,33,75,0,33,103,1,53,40,13,181,0,8
13969,1000000US170312312003003,36,0,36,0,0,0,0,36,0,0,36,0,27,18,9,53,0,0
13970,1000000US170312312003004,86,0,70,0,0,0,16,70,0,16,86,1,47,39,8,126,0,0
13971,1000000US170312312003005,64,0,46,0,0,0,20,44,0,20,64,0,36,32,4,90,0,2
13972,1000000US170312312003006,65,0,65,3,0,0,0,65,0,0,65,3,32,25,7,87,3,0
13973,1000000US170312312003007,59,0,58,1,0,0,0,59,0,0,59,0,32,25,7,80,1,0
13974,1000000US170312312003008,40,0,36,0,0,0,4,36,0,4,40,0,23,14,9,65,0,0
13975,1000000US170312312003009,28,0,24,2,0,0,5,23,0,5,28,2,23,14,9,41,0,1
13976,1000000US170312312003010,38,3,32,0,0,0,3,35,0,3,35,0,21,17,4,54,0,0
13977,1000000US170312312003011,33,0,32,0,0,1,2,31,0,2,33,0,26,13,13,43,0,1
13978,1000000US170312312003012,3,0,3,0,0,0,0,3,0,0,3,0,2,1,1,4,0,0
13979,1000000US170312312003013,7,0,7,0,0,0,0,7,0,0,7,0,5,3,2,8,0,0
13980,1000000US170312312003014,13,0,13,0,0,0,0,13,0,0,13,0,3,3,0,14,0,0
13981,1000000US170312312004000,36,0,21,0,0,0,16,20,0,16,36,0,22,14,8,64,0,1
13982,1000000US170312312004001,7,0,7,0,0,0,0,7,0,0,7,0,2,2,0,14,0,0
13983,1000000US170312312004002,22,0,10,0,0,0,12,10,0,12,22,0,14,12,2,37,0,0
13984,1000000US170312312004003,75,8,54,0,0,0,13,62,0,13,67,0,47,34,13,108,0,0
13985,1000000US170312312004004,67,0,34,0,0,5,35,32,0,35,67,0,29,25,4,88,0,2
13986,1000000US170312312004005,55,3,33,0,0,0,23,32,0,23,52,2,31,28,3,74,0,4
13987,1000000US170312312004006,57,0,45,0,0,0,12,45,0,12,57,0,29,26,3,77,0,0
13988,1000000US170312312004007,49,2,14,0,0,0,36,13,0,36,47,0,26,22,4,72,0,3
13989,1000000US170312312004008,84,0,58,0,0,0,26,58,0,26,84,0,31,29,2,113,0,0
13990,1000000US170312312004009,74,2,45,0,1,0,27,47,0,27,72,0,34,30,4,127,0,0
13991,1000000US170312312004010,79,1,67,0,0,0,11,68,0,11,78,1,43,36,7,124,0,0
13992,1000000US170312312004011,82,2,63,2,0,4,20,62,0,20,80,7,43,36,7,124,2,3
13993,1000000US170312312004012,63,2,25,0,0,0,36,27,0,36,61,1,27,23,4,89,0,0
13994,1000000US170312312004013,77,0,43,0,1,0,35,42,0,35,77,1,32,28,4,131,0,1
13995,1000000US170312312004014,73,3,55,0,4,3,17,56,0,17,70,5,47,31,16,94,0,3
13996,1000000US170312312005000,22,0,12,0,0,0,10,12,0,10,22,1,18,12,6,37,0,0
13997,1000000US170312312005001,40,1,36,0,0,0,3,37,0,3,39,0,38,22,16,67,0,0
13998,1000000US170312312005002,74,1,43,0,0,0,34,40,0,34,73,0,34,31,3,117,0,4
13999,1000000US170312312005003,64,1,49,0,0,0,14,50,0,14,63,0,31,28,3,90,0,0
14000,1000000US170312312005004,90,1,64,1,0,0,25,65,0,25,89,0,55,38,17,128,1,0
14001,1000000US170312312005005,69,1,58,0,0,0,10,59,0,10,68,0,38,30,8,96,0,0
14002,1000000US170312312005006,37,0,20,1,0,0,17,20,0,17,37,1,31,23,8,65,1,0
14003,1000000US170312312005007,51,0,36,2,0,0,13,38,0,13,51,0,25,23,2,67,2,0
14004,1000000US170312312005008,5,0,5,0,0,0,0,5,0,0,5,0,4,3,1,5,0,0
14005,1000000US170312312005009,59,2,46,0,0,0,13,46,0,13,57,2,41,30,11,78,0,2
14006,1000000US170312312005010,17,0,6,0,0,0,13,4,0,13,17,0,8,7,1,20,0,2
14007,1000000US170312312005011,46,1,31,1,0,0,14,32,0,14,45,1,33,26,7,74,1,0
14008,1000000US170312312005012,79,2,50,0,0,0,30,49,0,30,77,2,35,29,6,121,0,3
14009,1000000US170312312005013,79,0,67,1,0,0,12,67,0,12,79,2,35,31,4,123,0,0
14010,1000000US170312312005014,39,0,32,0,0,0,7,32,0,7,39,0,26,19,7,59,0,0
14011,1000000US170312312005015,17,0,13,0,0,0,4,13,0,4,17,0,14,6,8,20,0,0
14012,1000000US170312312005016,38,3,31,0,0,0,4,34,0,4,35,0,34,19,15,54,0,0
14013,1000000US170312312005017,41,0,31,0,0,0,13,28,0,13,41,1,17,16,1,54,0,3
14014,1000000US170312312005018,8,0,0,0,0,0,8,0,0,8,8,0,2,2,0,8,0,0
14015,1000000US170312312005019,14,0,13,0,0,0,2,12,0,2,14,1,11,5,6,21,0,1
14016,1000000US170312315001000,40,0,39,0,0,0,1,39,0,1,40,0,28,20,8,58,0,0
14017,1000000US170312315001001,78,2,76,1,0,0,0,78,0,0,76,1,41,35,6,105,1,0
14018,1000000US170312315001002,64,3,54,0,0,0,7,57,0,7,61,2,33,23,10,97,0,0
14019,1000000US170312315001003,36,0,36,0,0,0,0,36,0,0,36,1,19,18,1,62,0,0
14020,1000000US170312315001004,20,0,20,0,0,0,0,20,0,0,20,0,12,10,2,32,0,0
14021,1000000US170312315001005,44,4,38,0,0,0,2,42,0,2,40,0,17,14,3,58,0,0
14022,1000000US170312315001006,40,1,38,0,1,0,0,40,0,0,39,1,35,25,10,52,0,0
14023,1000000US170312315001007,73,2,65,1,0,1,5,68,0,5,71,0,46,40,6,112,1,0
14024,1000000US170312315001008,57,0,57,0,0,0,0,57,0,0,57,0,31,22,9,94,0,0
14025,1000000US170312315001009,49,0,46,0,0,0,3,46,0,3,49,0,38,25,13,85,0,0
14026,1000000US170312315001010,11,0,11,0,0,0,0,11,0,0,11,0,14,7,7,13,0,0
14027,1000000US170312315001011,27,0,27,0,0,0,0,27,0,0,27,0,26,12,14,32,0,0
14028,1000000US170312315001012,14,1,12,0,1,0,1,13,0,1,13,1,14,7,7,19,0,0
14029,1000000US170312315001013,44,2,38,0,0,0,4,40,0,4,42,0,29,21,8,73,0,0
14030,1000000US170312315002000,19,0,19,0,0,0,0,19,0,0,19,0,10,7,3,25,0,0
14031,1000000US170312315002001,32,0,29,0,0,0,3,29,0,3,32,0,22,15,7,46,0,0
14032,1000000US170312315002002,20,0,20,0,0,0,0,20,0,0,20,0,9,8,1,27,0,0
14033,1000000US170312315002003,30,1,28,0,0,0,1,29,0,1,29,0,16,14,2,37,0,0
14034,1000000US170312315002004,18,0,18,0,0,0,3,15,0,3,18,0,12,9,3,29,0,3
14035,1000000US170312315002005,38,0,38,0,0,0,0,38,0,0,38,0,16,16,0,56,0,0
14036,1000000US170312315002006,28,3,22,0,0,0,3,25,0,3,25,0,18,16,2,37,0,0
14037,1000000US170312315002007,134,13,111,0,1,0,10,124,0,10,121,0,45,41,4,163,0,1
14038,1000000US170312315002008,65,3,62,0,0,0,0,65,0,0,62,0,35,32,3,77,0,0
14039,1000000US170312315002009,3,0,3,0,0,0,0,3,0,0,3,0,1,1,0,3,0,0
14040,1000000US170312315002010,5,0,5,0,0,0,0,5,0,0,5,0,3,3,0,5,0,0
14041,1000000US170312315002011,19,0,17,0,0,0,2,17,0,2,19,0,13,9,4,26,0,0
14042,1000000US170312315002012,70,1,63,0,0,0,8,62,0,8,69,0,39,36,3,98,0,2
14043,1000000US170312315002013,0,0,0,0,0,0,0,0,0,0,0,0,0,0,0,0,0,0
14044,1000000US170312315002014,0,0,0,0,0,0,0,0,0,0,0,0,0,0,0,0,0,0
14045,1000000US170312315002015,12,0,12,1,0,0,0,12,0,0,12,1,6,6,0,22,1,0
14046,1000000US170312315002016,8,0,8,0,0,0,0,8,0,0,8,0,4,4,0,11,0,0
14047,1000000US170312315002017,170,6,159,3,0,0,4,166,0,4,164,5,154,144,10,177,3,3
14048,1000000US170312315002018,71,3,62,0,2,0,4,67,0,4,68,2,22,20,2,89,0,0
14049,1000000US170312315002019,15,1,13,0,1,0,0,15,0,0,14,0,9,7,2,15,0,0
14050,1000000US170312315002020,22,0,22,0,0,0,2,20,0,2,22,2,12,9,3,27,0,2
14051,1000000US170312315002021,0,0,0,0,0,0,0,0,0,0,0,0,0,0,0,0,0,0
14052,1000000US170312315002022,0,0,0,0,0,0,0,0,0,0,0,0,0,0,0,0,0,0
14053,1000000US170312315002023,0,0,0,0,0,0,0,0,0,0,0,0,0,0,0,0,0,0
14054,1000000US170312315002024,0,0,0,0,0,0,0,0,0,0,0,0,0,0,0,0,0,0
14055,1000000US170312315002025,0,0,0,0,0,0,0,0,0,0,0,0,0,0,0,0,0,0
14056,1000000US170312315003000,32,0,32,0,0,0,0,32,0,0,32,0,12,11,1,44,0,0
14057,1000000US170312315003001,24,0,24,0,0,0,0,24,0,0,24,0,12,12,0,42,0,0
14058,1000000US170312315003002,30,0,30,0,0,0,0,30,0,0,30,0,23,16,7,54,0,0
14059,1000000US170312315003003,7,0,5,0,1,0,1,6,0,1,7,1,5,4,1,8,0,0
14060,1000000US170312315003004,54,2,52,0,0,0,0,54,0,0,52,0,27,25,2,80,0,0
14061,1000000US170312315003005,20,1,18,0,0,0,1,19,0,1,19,0,28,15,13,32,0,0
14062,1000000US170312315003006,6,0,6,0,0,0,0,6,0,0,6,0,3,3,0,7,0,0
14063,1000000US170312315003007,8,0,8,0,0,0,0,8,0,0,8,0,25,5,20,15,0,0
14064,1000000US170312315003008,17,0,17,0,0,0,0,17,0,0,17,0,24,8,16,30,0,0
14065,1000000US170312315003009,0,0,0,0,0,0,0,0,0,0,0,0,0,0,0,0,0,0
14066,1000000US170312315003010,0,0,0,0,0,0,0,0,0,0,0,0,0,0,0,0,0,0
14067,1000000US170312315003011,33,0,33,0,0,0,0,33,0,0,33,0,23,18,5,57,0,0
14068,1000000US170312315003012,1,0,0,0,0,0,1,0,0,1,1,0,1,1,0,1,0,0
14069,1000000US170312315003013,12,0,12,0,0,0,0,12,0,0,12,0,6,6,0,14,0,0
14070,1000000US170312315003014,0,0,0,0,0,0,0,0,0,0,0,0,0,0,0,0,0,0
14071,1000000US170312315003015,41,2,38,0,1,0,2,39,0,2,39,0,21,20,1,55,0,2
14072,1000000US170312315003016,11,0,10,1,0,0,0,11,0,0,11,0,13,5,8,15,1,0
14073,1000000US170312315004000,47,0,46,0,1,1,0,47,0,0,47,2,31,24,7,54,0,0
14074,1000000US170312315004001,55,5,50,0,0,0,0,55,0,0,50,0,36,25,11,77,0,0
14075,1000000US170312315004002,61,0,61,0,1,0,1,60,0,1,61,1,37,33,4,89,0,1
14076,1000000US170312315004003,86,3,80,0,0,0,1,85,0,1,83,3,36,27,9,112,0,0
14077,1000000US170312315004004,100,1,98,0,0,0,1,99,0,1,99,0,88,85,3,108,0,0
14078,1000000US170312315004005,0,0,0,0,0,0,0,0,0,0,0,0,7,0,7,0,0,0
14079,1000000US170312315004006,72,0,72,0,0,0,0,72,0,0,72,0,45,32,13,101,0,0
14080,1000000US170312315004007,82,0,80,0,0,0,6,76,0,6,82,3,33,30,3,121,0,4
14081,1000000US170312315004008,64,2,62,0,0,0,3,61,0,3,62,3,34,31,3,85,0,3
14082,1000000US170312315004009,33,0,28,0,0,0,6,27,0,6,33,0,20,17,3,53,0,1
14083,1000000US170312315004010,75,0,73,0,0,0,2,73,0,2,75,0,42,33,9,100,0,0
14084,1000000US170312315004011,44,0,44,0,2,0,2,42,0,2,44,2,26,17,9,60,0,2
14085,1000000US170312315005000,19,0,19,0,0,0,0,19,0,0,19,0,16,11,5,40,0,0
14086,1000000US170312315005001,3,0,3,0,0,0,0,3,0,0,3,0,2,2,0,3,0,0
14087,1000000US170312315005002,37,0,37,0,0,0,0,37,0,0,37,0,14,13,1,58,0,0
14088,1000000US170312315005003,66,0,66,0,0,0,2,64,0,2,66,0,38,25,13,97,0,2
14089,1000000US170312315005004,48,1,42,0,0,0,5,43,0,5,47,0,30,18,12,73,0,0
14090,1000000US170312315005005,35,1,32,0,0,0,2,33,0,2,34,2,18,16,2,50,0,0
14091,1000000US170312315005006,43,0,42,0,0,0,3,40,0,3,43,1,14,12,2,51,0,2
14092,1000000US170312315005007,46,3,39,0,0,0,5,41,0,5,43,0,30,21,9,61,0,1
14093,1000000US170312315005008,53,0,53,0,0,0,0,53,0,0,53,0,23,21,2,76,0,0
14094,1000000US170312315005009,27,0,23,0,0,0,4,23,0,4,27,0,13,12,1,31,0,0
14095,1000000US170312315005010,13,0,10,0,0,0,3,10,0,3,13,0,5,5,0,19,0,0
14096,1000000US170312315005011,113,1,102,0,0,0,17,96,0,17,112,0,54,44,10,182,0,7
14097,1000000US170312315005012,36,0,27,0,0,0,9,27,0,9,36,0,17,13,4,47,0,0
14098,1000000US170312315005013,24,0,23,0,0,0,2,22,0,2,24,0,9,8,1,41,0,1
14099,1000000US170312315005014,39,0,33,0,0,0,6,33,0,6,39,1,15,12,3,59,0,0
14100,1000000US170312315005015,25,0,14,0,0,0,11,14,0,11,25,3,13,9,4,45,0,0
14101,1000000US170312315005016,16,0,16,0,0,0,0,16,0,0,16,0,11,10,1,17,0,0
14102,1000000US170312315005017,16,2,14,0,0,0,0,16,0,0,14,0,6,6,0,19,0,0
14103,1000000US170312315005018,41,0,38,0,0,0,3,38,0,3,41,0,28,25,3,62,0,0
14104,1000000US170312315005019,50,1,44,0,0,0,5,45,0,5,49,0,26,23,3,67,0,0
14105,1000000US170312315005020,30,0,30,0,0,0,0,30,0,0,30,0,15,13,2,38,0,0
14106,1000000US170312315005021,39,1,34,1,0,0,3,36,0,3,38,0,17,17,0,59,1,0
14107,1000000US170312315005022,12,0,12,0,0,0,0,12,0,0,12,0,5,4,1,17,0,0
14108,1000000US170312315005023,39,2,35,0,0,0,2,37,0,2,37,0,24,20,4,53,0,0
14109,1000000US170312315005024,44,0,44,0,0,0,0,44,0,0,44,0,28,22,6,56,0,0
14110,1000000US170312315005025,0,0,0,0,0,0,0,0,0,0,0,0,0,0,0,0,0,0
14111,1000000US170312315005026,5,0,5,0,0,0,0,5,0,0,5,0,1,1,0,5,0,0
14112,1000000US170312315006000,2,0,2,0,0,0,0,2,0,0,2,0,4,2,2,3,0,0
14113,1000000US170312315006001,3,1,2,2,0,0,0,3,0,0,2,2,2,1,1,4,1,0
14114,1000000US170312315006002,14,0,13,0,0,0,2,12,0,2,14,0,7,5,2,28,0,1
14115,1000000US170312315006003,0,0,0,0,0,0,0,0,0,0,0,0,0,0,0,0,0,0
14116,1000000US170312315006004,21,0,18,0,0,0,3,18,0,3,21,0,9,7,2,38,0,0
14117,1000000US170312315006005,21,0,21,0,0,0,0,21,0,0,21,0,16,11,5,31,0,0
14118,1000000US170312315006006,23,0,23,0,0,0,2,21,0,2,23,1,12,10,2,34,0,2
14119,1000000US170312315006007,15,0,15,0,0,0,0,15,0,0,15,0,11,6,5,23,0,0
14120,1000000US170312315006008,43,0,36,0,0,0,7,36,0,7,43,0,13,12,1,54,0,0
14121,1000000US170312315006009,14,1,13,0,0,0,0,14,0,0,13,0,8,6,2,21,0,0
14122,1000000US170312315006010,26,0,25,1,0,0,1,25,0,1,26,0,19,15,4,33,1,0
14123,1000000US170312315006011,20,0,14,0,0,0,6,14,0,6,20,0,15,7,8,22,0,0
14124,1000000US170312315006012,42,0,42,0,0,0,0,42,0,0,42,0,25,18,7,72,0,0
14125,1000000US170312315006013,36,0,35,0,0,0,1,35,0,1,36,0,22,17,5,54,0,0
14126,1000000US170312315006014,38,0,38,0,0,0,0,38,0,0,38,0,24,18,6,59,0,0
14127,1000000US170312315006015,38,0,38,0,0,0,0,38,0,0,38,0,18,17,1,48,0,0
14128,1000000US170312315006016,30,0,30,0,0,0,0,30,0,0,30,0,10,7,3,47,0,0
14129,1000000US170312315006017,61,0,61,0,0,0,0,61,0,0,61,0,29,24,5,86,0,0
14130,1000000US170312315006018,24,0,23,0,0,0,1,23,0,1,24,0,16,13,3,32,0,0
14131,1000000US170312315006019,15,0,15,0,0,0,0,15,0,0,15,0,10,7,3,25,0,0
14132,1000000US170312315006020,34,0,31,0,0,0,3,31,0,3,34,0,20,16,4,62,0,0
14133,1000000US170312315006021,67,0,67,0,0,0,1,66,0,1,67,1,34,29,5,117,0,1
14134,1000000US170312315006022,0,0,0,0,0,0,0,0,0,0,0,0,0,0,0,0,0,0
14135,1000000US170312315006023,41,0,35,0,0,0,6,35,0,6,41,0,21,14,7,53,0,0
14136,1000000US170312315006024,1,0,1,0,0,0,0,1,0,0,1,0,1,1,0,2,0,0
14137,1000000US170312315006025,28,0,21,0,0,0,11,17,0,11,28,0,13,13,0,42,0,4
14138,1000000US170312315006026,6,0,5,0,0,0,2,4,0,2,6,0,8,3,5,7,0,1
14139,1000000US170312315006027,38,0,38,0,0,0,0,38,0,0,38,0,23,16,7,50,0,0
14140,1000000US170312315006028,10,0,10,0,0,0,0,10,0,0,10,0,14,7,7,18,0,0
14141,1000000US170312315006029,14,0,14,0,0,0,0,14,0,0,14,0,7,6,1,21,0,0
14142,1000000US170312315006030,42,0,38,0,0,0,4,38,0,4,42,0,24,19,5,62,0,0
14143,1000000US170312315006031,30,2,19,0,0,0,9,21,0,9,28,0,17,12,5,37,0,0
14144,1000000US170312315006032,22,0,18,0,0,0,6,16,0,6,22,0,13,9,4,35,0,2
14145,1000000US170312315006033,36,0,34,0,0,0,2,34,0,2,36,0,22,17,5,54,0,0
14146,1000000US170312315006034,28,0,28,0,0,0,0,28,0,0,28,0,19,14,5,55,0,0
14147,1000000US170312315006035,20,1,11,0,2,2,7,13,0,7,19,2,8,7,1,31,0,0
14148,1000000US170312315006036,26,0,25,0,0,0,2,24,0,2,26,0,21,12,9,36,0,1
14149,1000000US170312315006037,6,0,6,0,0,0,0,6,0,0,6,0,4,2,2,8,0,0
14150,1000000US170312315006038,12,0,12,0,0,1,0,12,0,0,12,1,9,5,4,15,0,0
14151,1000000US170312315006039,5,0,5,0,0,0,0,5,0,0,5,0,3,2,1,6,0,0
14152,1000000US170312315006040,11,0,11,0,0,0,0,11,0,0,11,0,4,4,0,12,0,0
14153,1000000US170312402001000,52,36,5,0,0,0,16,36,0,16,16,2,28,26,2,60,0,5
14154,1000000US170312402001001,305,246,2,0,41,1,18,287,0,18,59,4,206,199,7,342,0,0
14155,1000000US170312402001002,0,0,0,0,0,0,0,0,0,0,0,0,0,0,0,0,0,0
14156,1000000US170312402001003,17,14,0,0,2,0,1,16,0,1,3,0,9,9,0,26,0,0
14157,1000000US170312402001004,11,9,0,0,2,0,0,11,0,0,2,2,6,6,0,15,0,0
14158,1000000US170312402001005,45,39,0,0,4,0,2,43,0,2,6,3,31,28,3,50,0,0
14159,1000000US170312402001006,146,80,21,0,4,4,42,104,0,42,66,1,138,135,3,150,0,1
14160,1000000US170312402001007,51,46,0,0,2,0,3,48,0,3,5,0,32,30,2,58,0,0
14161,1000000US170312402001008,38,25,0,0,3,0,10,28,0,10,13,0,25,18,7,40,0,0
14162,1000000US170312402001009,33,28,0,0,0,0,5,28,0,5,5,0,20,19,1,39,0,0
14163,1000000US170312402001010,23,16,1,0,0,0,6,17,0,6,7,0,15,15,0,26,0,0
14164,1000000US170312402001011,14,7,0,0,1,0,6,8,0,6,7,0,8,8,0,19,0,0
14165,1000000US170312402001012,11,10,0,0,0,0,1,10,0,1,1,1,8,7,1,16,0,0
14166,1000000US170312402001013,23,12,1,0,1,0,10,13,0,10,11,0,9,9,0,34,0,1
14167,1000000US170312402001014,47,37,4,0,3,0,4,43,0,4,10,0,32,31,1,69,0,1
14168,1000000US170312402001015,21,18,0,0,2,0,1,20,0,1,3,2,14,14,0,29,0,0
14169,1000000US170312402001016,25,14,0,0,1,0,10,15,0,10,11,0,14,13,1,28,0,0
14170,1000000US170312402001017,0,0,0,0,0,0,0,0,0,0,0,0,0,0,0,0,0,0
14171,1000000US170312402001018,0,0,0,0,0,0,0,0,0,0,0,0,0,0,0,0,0,0
14172,1000000US170312402001019,24,15,0,0,2,0,7,17,0,7,9,1,13,12,1,33,0,0
14173,1000000US170312402001020,0,0,0,0,0,0,0,0,0,0,0,0,0,0,0,0,0,0
14174,1000000US170312402001021,54,39,0,0,5,0,10,44,0,10,15,1,33,33,0,60,0,0
14175,1000000US170312402001022,71,60,4,0,2,2,5,66,0,5,11,1,48,43,5,75,0,0
14176,1000000US170312402001023,29,23,2,0,2,0,4,25,0,4,6,0,18,16,2,34,0,2
14177,1000000US170312402001024,18,16,0,0,1,0,1,17,0,1,2,0,15,13,2,20,0,0
14178,1000000US170312402001025,39,31,1,1,4,0,3,36,0,3,8,1,28,22,6,39,0,0
14179,1000000US170312402001026,63,45,1,0,5,0,12,51,0,12,18,0,37,34,3,70,0,0
14180,1000000US170312402001027,22,19,2,0,0,0,1,21,0,1,3,0,11,10,1,35,0,0
14181,1000000US170312402001028,56,40,0,2,9,0,4,52,0,4,16,7,35,32,3,70,0,0
14182,1000000US170312402001029,14,14,0,0,0,0,0,14,0,0,0,0,7,6,1,15,0,0
14183,1000000US170312403001000,10,8,0,0,2,0,0,10,0,0,2,0,5,5,0,20,0,0
14184,1000000US170312403001001,17,14,2,0,1,0,0,17,0,0,3,0,10,9,1,17,0,0
14185,1000000US170312403001002,83,76,0,0,4,0,3,80,0,3,7,0,53,50,3,102,0,0
14186,1000000US170312403001003,9,9,0,0,0,0,0,9,0,0,0,0,5,5,0,14,0,0
14187,1000000US170312403001004,68,56,3,0,6,0,3,65,0,3,12,1,42,42,0,74,0,0
14188,1000000US170312403001005,58,46,0,3,9,0,3,55,0,3,12,5,35,34,1,68,0,0
14189,1000000US170312403001006,56,46,0,0,7,0,3,53,0,3,10,2,36,36,0,64,0,0
14190,1000000US170312403001007,33,18,0,0,6,0,9,24,0,9,15,0,19,19,0,42,0,0
14191,1000000US170312403001008,56,50,0,0,5,1,1,55,0,1,6,1,31,31,0,65,0,0
14192,1000000US170312403001009,30,26,0,0,1,0,3,27,0,3,4,0,21,20,1,31,0,0
14193,1000000US170312403001010,16,16,0,0,0,0,0,16,0,0,0,0,12,12,0,18,0,0
14194,1000000US170312403001011,17,10,0,0,0,0,7,10,0,7,7,0,9,9,0,20,0,0
14195,1000000US170312403001012,10,9,0,0,0,0,0,10,0,0,1,0,7,5,2,10,0,0
14196,1000000US170312403001013,16,16,0,0,0,0,0,16,0,0,0,0,9,9,0,21,0,0
14197,1000000US170312403001014,18,16,0,0,1,0,1,17,0,1,2,0,11,11,0,18,0,0
14198,1000000US170312403001015,12,11,0,0,0,0,1,11,0,1,1,0,8,7,1,14,0,0
14199,1000000US170312403001016,19,16,0,0,1,0,2,17,0,2,3,0,10,10,0,24,0,0
14200,1000000US170312403001017,4,4,0,0,0,0,0,4,0,0,0,0,2,2,0,5,0,0
14201,1000000US170312403001018,12,11,1,0,0,0,0,12,0,0,1,0,7,7,0,13,0,0
14202,1000000US170312403001019,9,6,0,0,1,0,1,8,0,1,3,2,7,7,0,9,0,0
14203,1000000US170312403001020,16,13,0,0,2,0,1,15,0,1,3,0,11,11,0,19,0,0
14204,1000000US170312403001021,37,31,0,0,6,0,0,37,0,0,6,2,32,25,7,49,0,0
14205,1000000US170312403001022,58,49,2,0,5,0,2,56,0,2,9,0,37,37,0,62,0,0
14206,1000000US170312403001023,6,6,0,0,0,0,0,6,0,0,0,0,5,4,1,6,0,0
14207,1000000US170312403001024,7,7,0,0,0,0,0,7,0,0,0,0,4,4,0,8,0,0
14208,1000000US170312403001025,62,55,0,0,0,0,6,56,0,6,7,0,34,32,2,63,0,0
14209,1000000US170312403001026,78,58,2,0,7,0,11,67,0,11,20,3,49,46,3,83,0,0
14210,1000000US170312403001027,69,42,1,8,5,1,20,49,0,20,27,3,36,34,2,84,7,0
14211,1000000US170312403001028,38,36,0,0,0,0,2,36,0,2,2,0,25,21,4,41,0,0
14212,1000000US170312403001029,44,27,0,0,4,0,13,31,0,13,17,2,27,26,1,45,0,0
14213,1000000US170312403001030,73,59,0,0,3,2,9,64,0,9,14,3,36,33,3,87,0,0
14214,1000000US170312403001031,65,56,0,1,3,0,4,61,0,4,9,2,42,40,2,72,1,0
14215,1000000US170312403001032,0,0,0,0,0,0,0,0,0,0,0,0,0,0,0,0,0,0
14216,1000000US170312403001033,16,14,0,0,2,0,0,16,0,0,2,0,9,9,0,16,0,0
14217,1000000US170312403001034,6,5,0,0,1,0,0,6,0,0,1,1,3,3,0,6,0,0
14218,1000000US170312403001035,11,7,0,0,0,0,4,7,0,4,4,0,6,6,0,13,0,0
14219,1000000US170312403001036,13,9,0,0,1,0,3,10,0,3,4,0,8,7,1,14,0,0
14220,1000000US170312405001000,0,0,0,0,0,0,0,0,0,0,0,0,0,0,0,0,0,0
14221,1000000US170312405001001,168,148,1,1,10,0,8,160,0,8,20,1,116,113,3,174,0,0
14222,1000000US170312405001002,237,201,7,0,21,0,9,228,0,9,36,5,165,162,3,263,0,0
14223,1000000US170312405001003,42,35,3,1,3,0,0,42,0,0,7,1,21,21,0,44,0,0
14224,1000000US170312405001004,11,11,0,0,0,0,0,11,0,0,0,0,3,2,1,11,0,0
14225,1000000US170312405001005,0,0,0,0,0,0,0,0,0,0,0,0,0,0,0,0,0,0
14226,1000000US170312405001006,17,15,0,0,0,0,2,15,0,2,2,0,8,7,1,23,0,0
14227,1000000US170312405001007,139,119,4,0,13,0,5,134,0,5,20,3,84,82,2,147,0,0
14228,1000000US170312405001008,210,177,4,3,15,2,12,198,0,12,33,7,140,134,6,241,0,1
14229,1000000US170312405001009,58,27,6,0,10,0,15,43,0,15,31,2,28,26,2,77,0,1
14230,1000000US170312405001010,53,33,1,5,4,0,14,39,0,14,20,1,31,29,2,60,5,0
14231,1000000US170312405001011,42,34,1,0,0,0,7,35,0,7,8,0,24,19,5,51,0,0
14232,1000000US170312405001012,48,46,0,0,0,0,2,46,0,2,2,0,34,31,3,51,0,0
14233,1000000US170312405001013,107,86,8,5,3,2,13,94,0,13,21,6,60,58,2,112,0,5
14234,1000000US170312405001014,68,57,2,0,9,0,0,68,0,0,11,0,39,39,0,83,0,0
14235,1000000US170312405001015,39,37,1,0,0,0,1,38,0,1,2,0,30,30,0,44,0,0
14236,1000000US170312405001016,62,51,2,0,6,0,2,60,0,2,11,1,40,38,2,67,0,0
14237,1000000US170312405001017,53,38,2,0,4,0,9,44,0,9,15,3,29,28,1,60,0,0
14238,1000000US170312405001018,41,35,0,0,5,0,1,40,0,1,6,0,24,22,2,43,0,0
14239,1000000US170312405001019,81,69,0,0,4,0,8,73,0,8,12,2,46,46,0,88,0,0
14240,1000000US170312405001020,79,54,7,0,6,0,12,67,0,12,25,1,40,40,0,96,0,0
14241,1000000US170312405001021,64,53,0,0,11,0,0,64,0,0,11,0,32,31,1,74,0,0
14242,1000000US170312405001022,47,45,1,1,0,0,1,46,0,1,2,2,26,25,1,51,0,0
14243,1000000US170312405001023,121,99,4,0,8,0,10,111,0,10,22,3,79,75,4,130,0,0
14244,1000000US170312405001024,68,58,3,0,3,0,3,65,0,3,10,1,40,39,1,72,0,0
14245,1000000US170312405001025,34,28,0,0,2,0,4,30,0,4,6,0,25,25,0,36,0,0
14246,1000000US170312405001026,52,46,1,0,4,0,0,52,0,0,6,2,33,32,1,53,0,0
14247,1000000US170312405001027,91,72,1,0,4,0,12,79,0,12,19,2,52,51,1,100,0,0
14248,1000000US170312406001000,53,44,0,1,4,0,4,49,0,4,9,2,35,29,6,59,0,0
14249,1000000US170312406001001,0,0,0,0,0,0,0,0,0,0,0,0,0,0,0,0,0,0
14250,1000000US170312406001002,6,4,0,0,0,0,2,4,0,2,2,0,5,3,2,6,0,0
14251,1000000US170312406001003,0,0,0,0,0,0,0,0,0,0,0,0,0,0,0,0,0,0
14252,1000000US170312406001004,212,162,8,0,12,1,32,180,0,32,50,6,136,131,5,248,0,0
14253,1000000US170312406001005,88,17,2,0,1,0,70,18,0,70,71,5,41,40,1,132,0,2
14254,1000000US170312406001006,98,18,8,0,3,0,72,26,0,72,80,2,45,42,3,131,0,3
14255,1000000US170312406001007,67,34,6,1,5,0,25,42,0,25,33,1,35,33,2,80,1,4
14256,1000000US170312406001008,62,24,6,3,0,0,33,29,0,33,38,0,35,30,5,91,3,2
14257,1000000US170312406001009,85,43,7,3,1,0,38,47,0,38,42,3,43,38,5,109,2,3
14258,1000000US170312406001010,81,30,6,2,1,0,44,37,0,44,51,0,43,40,3,110,2,0
14259,1000000US170312406001011,69,27,5,2,6,0,35,34,0,35,42,5,32,31,1,90,1,1
14260,1000000US170312406001012,46,36,5,0,2,0,5,41,0,5,10,0,33,25,8,47,0,2
14261,1000000US170312406001013,55,14,3,2,0,0,38,17,0,38,41,1,39,28,11,79,2,0
14262,1000000US170312406001014,77,28,1,0,8,1,40,37,0,40,49,4,41,39,2,102,0,0
14263,1000000US170312406001015,70,33,2,3,6,0,28,42,0,28,37,0,42,36,6,77,3,0
14264,1000000US170312406001016,7,5,0,0,0,0,2,5,0,2,2,0,6,5,1,7,0,0
14265,1000000US170312406001017,7,4,1,0,2,0,0,7,0,0,3,0,3,3,0,7,0,0
14266,1000000US170312406001018,0,0,0,0,0,0,0,0,0,0,0,0,0,0,0,0,0,0
14267,1000000US170312406001019,14,9,2,1,0,0,2,12,0,2,5,2,11,10,1,15,0,0
14268,1000000US170312406001020,46,11,0,0,0,0,35,11,0,35,35,0,26,23,3,67,0,0
14269,1000000US170312406001021,0,0,0,0,0,0,0,0,0,0,0,0,6,0,6,0,0,0
14270,1000000US170312407001000,0,0,0,0,0,0,0,0,0,0,0,0,0,0,0,0,0,0
14271,1000000US170312407001001,0,0,0,0,0,0,0,0,0,0,0,0,0,0,0,0,0,0
14272,1000000US170312407001002,0,0,0,0,0,0,0,0,0,0,0,0,0,0,0,0,0,0
14273,1000000US170312407001003,0,0,0,0,0,0,0,0,0,0,0,0,0,0,0,0,0,0
14274,1000000US170312407001004,6,0,2,0,4,0,2,4,0,2,6,0,2,2,0,9,0,2
14275,1000000US170312407001005,60,25,5,0,1,0,32,28,0,32,35,2,42,29,13,78,0,2
14276,1000000US170312407001006,63,18,10,5,1,0,35,28,0,35,45,2,35,30,5,85,4,1
14277,1000000US170312407001007,69,17,16,1,8,0,29,40,0,29,52,4,36,35,1,106,1,1
14278,1000000US170312407001008,83,36,8,3,2,0,40,43,0,40,47,4,45,40,5,111,1,3
14279,1000000US170312407001009,87,33,4,4,3,0,47,40,0,47,54,1,40,40,0,130,4,0
14280,1000000US170312407001010,80,26,1,2,5,1,47,33,0,47,54,3,48,43,5,112,0,0
14281,1000000US170312407001011,78,27,4,1,14,0,33,45,0,33,51,0,49,41,8,87,1,1
14282,1000000US170312407001012,60,10,6,1,2,0,41,19,0,41,50,3,30,26,4,97,0,0
14283,1000000US170312407001013,79,20,7,1,2,0,52,27,0,52,59,10,42,38,4,103,1,2
14284,1000000US170312407001014,62,14,23,0,0,0,26,36,0,26,48,1,37,36,1,107,0,1
14285,1000000US170312407001015,54,3,0,0,1,0,50,4,0,50,51,0,29,21,8,87,0,0
14286,1000000US170312407001016,117,37,7,1,7,1,66,51,0,66,80,3,59,58,1,163,1,0
14287,1000000US170312407001017,78,27,5,0,4,0,45,33,0,45,51,3,42,36,6,111,0,3
14288,1000000US170312407001018,0,0,0,0,0,0,0,0,0,0,0,0,0,0,0,0,0,0
14289,1000000US170312407001019,3,0,1,0,0,0,2,1,0,2,3,0,3,2,1,4,0,0
14290,1000000US170312407001020,14,4,0,0,2,0,8,6,0,8,10,0,11,8,3,14,0,0
14291,1000000US170312407001021,100,1,29,1,2,0,75,25,0,75,99,4,77,75,2,120,1,6
14292,1000000US170312407001022,10,8,0,0,2,0,0,10,0,0,2,0,5,5,0,11,0,0
14293,1000000US170312408001000,52,14,4,6,3,0,33,19,0,33,38,1,38,26,12,79,6,2
14294,1000000US170312408001001,122,21,11,7,1,0,97,25,0,97,101,11,51,47,4,172,5,8
14295,1000000US170312408001002,82,33,3,1,2,3,45,37,0,45,49,2,52,45,7,99,1,0
14296,1000000US170312408001003,49,23,1,0,0,0,25,24,0,25,26,0,33,22,11,59,0,0
14297,1000000US170312408001004,79,24,12,4,5,4,40,39,0,40,55,4,34,31,3,112,2,2
14298,1000000US170312408001005,94,21,40,3,3,0,34,60,0,34,73,7,89,74,15,104,1,4
14299,1000000US170312408001006,24,2,1,0,0,0,22,2,0,22,22,1,16,13,3,29,0,1
14300,1000000US170312408001007,4,4,0,0,0,0,0,4,0,0,0,0,2,2,0,4,0,0
14301,1000000US170312408001008,22,9,11,0,0,0,2,20,0,2,13,0,5,5,0,38,0,0
14302,1000000US170312408002000,41,14,1,1,3,0,23,18,0,23,27,1,25,22,3,56,1,0
14303,1000000US170312408002001,57,13,9,1,1,0,39,18,0,39,44,0,37,32,5,76,1,5
14304,1000000US170312408002002,60,8,7,2,0,0,47,13,0,47,52,2,54,26,28,91,2,2
14305,1000000US170312408002003,0,0,0,0,0,0,0,0,0,0,0,0,0,0,0,0,0,0
14306,1000000US170312408002004,0,0,0,0,0,0,0,0,0,0,0,0,0,0,0,0,0,0
14307,1000000US170312408002005,60,29,10,3,0,0,25,35,0,25,31,7,39,34,5,77,0,4
14308,1000000US170312408002006,49,11,8,2,0,2,32,17,0,32,38,4,31,25,6,66,2,2
14309,1000000US170312408002007,106,17,15,2,1,1,80,26,0,80,89,7,40,33,7,120,0,7
14310,1000000US170312408002008,75,9,4,2,1,0,62,13,0,62,66,4,37,34,3,111,2,1
14311,1000000US170312408002009,85,17,8,7,1,0,61,24,0,61,68,6,39,35,4,126,7,2
14312,1000000US170312408002010,103,11,26,1,0,0,74,29,0,74,92,1,44,29,15,111,1,9
14313,1000000US170312408002011,75,7,9,0,1,0,62,13,0,62,68,3,54,51,3,87,0,4
14314,1000000US170312409001000,0,0,0,0,0,0,0,0,0,0,0,0,0,0,0,0,0,0
14315,1000000US170312409001001,0,0,0,0,0,0,0,0,0,0,0,0,0,0,0,0,0,0
14316,1000000US170312409001002,0,0,0,0,0,0,0,0,0,0,0,0,0,0,0,0,0,0
14317,1000000US170312409001003,6,1,1,0,0,0,4,2,0,4,5,0,4,4,0,7,0,0
14318,1000000US170312409001004,0,0,0,0,0,0,0,0,0,0,0,0,0,0,0,0,0,0
14319,1000000US170312409001005,0,0,0,0,0,0,0,0,0,0,0,0,0,0,0,0,0,0
14320,1000000US170312409001006,48,6,10,2,1,0,33,15,0,33,42,3,32,32,0,72,2,2
14321,1000000US170312409001007,14,5,0,0,2,0,7,7,0,7,9,0,9,8,1,18,0,0
14322,1000000US170312409001008,0,0,0,0,0,0,0,0,0,0,0,0,0,0,0,0,0,0
14323,1000000US170312409001009,0,0,0,0,0,0,0,0,0,0,0,0,0,0,0,0,0,0
14324,1000000US170312409001010,0,0,0,0,0,0,0,0,0,0,0,0,0,0,0,0,0,0
14325,1000000US170312409001011,0,0,0,0,0,0,0,0,0,0,0,0,0,0,0,0,0,0
14326,1000000US170312409001012,70,24,6,3,10,0,29,41,0,29,46,1,43,36,7,91,2,0
14327,1000000US170312409001013,69,15,14,2,2,0,37,32,0,37,54,5,42,41,1,109,1,1
14328,1000000US170312409001014,0,0,0,0,0,0,0,0,0,0,0,0,0,0,0,0,0,0
14329,1000000US170312409001015,12,0,0,0,8,0,4,8,0,4,12,0,6,6,0,13,0,0
14330,1000000US170312409001016,0,0,0,0,0,0,0,0,0,0,0,0,0,0,0,0,0,0
14331,1000000US170312409001017,75,2,9,0,0,0,69,6,0,69,73,4,66,62,4,76,0,5
14332,1000000US170312409001018,11,4,0,0,2,0,5,6,0,5,7,0,7,6,1,13,0,0
14333,1000000US170312409001019,12,0,0,0,0,0,12,0,0,12,12,0,7,4,3,21,0,0
14334,1000000US170312409001020,45,5,31,0,0,0,9,36,0,9,40,0,27,26,1,57,0,0
14335,1000000US170312409001021,0,0,0,0,0,0,0,0,0,0,0,0,0,0,0,0,0,0
14336,1000000US170312409001022,0,0,0,0,0,0,0,0,0,0,0,0,0,0,0,0,0,0
14337,1000000US170312409001023,0,0,0,0,0,0,0,0,0,0,0,0,0,0,0,0,0,0
14338,1000000US170312409001024,63,25,18,1,1,3,22,41,0,22,38,11,30,29,1,83,0,4
14339,1000000US170312409001025,22,11,3,0,0,0,8,14,0,8,11,0,18,13,5,23,0,0
14340,1000000US170312409001026,0,0,0,0,0,0,0,0,0,0,0,0,0,0,0,0,0,0
14341,1000000US170312409001027,65,14,18,6,0,0,38,27,0,38,51,2,26,26,0,82,6,5
14342,1000000US170312409001028,0,0,0,0,0,0,0,0,0,0,0,0,0,0,0,0,0,0
14343,1000000US170312409001029,0,0,0,0,0,0,0,0,0,0,0,0,0,0,0,0,0,0
14344,1000000US170312409001030,23,5,2,1,0,0,15,8,0,15,18,0,15,12,3,30,1,0
14345,1000000US170312409001031,27,7,6,0,1,0,15,12,0,15,20,1,22,14,8,33,0,1
14346,1000000US170312409001032,53,27,3,0,1,0,21,32,0,21,26,1,40,31,9,62,0,0
14347,1000000US170312409001033,84,26,28,2,6,0,27,57,0,27,58,3,48,44,4,133,2,3
14348,1000000US170312409001034,75,22,6,7,4,0,45,30,0,45,53,2,42,32,10,99,7,1
14349,1000000US170312409001035,62,3,17,6,1,0,49,13,0,49,59,5,30,26,4,89,6,8
14350,1000000US170312409001036,37,10,3,0,0,0,26,11,0,26,27,2,20,16,4,45,0,2
14351,1000000US170312409001037,23,12,6,0,0,0,5,18,0,5,11,0,14,12,2,26,0,0
14352,1000000US170312410001000,0,0,0,0,0,0,0,0,0,0,0,0,1,0,1,0,0,0
14353,1000000US170312410001001,2,0,1,0,0,0,2,0,0,2,2,0,2,2,0,2,0,1
14354,1000000US170312410001002,73,12,8,3,0,0,55,18,0,55,61,0,47,33,14,111,3,2
14355,1000000US170312410001003,8,8,0,0,0,0,0,8,0,0,0,0,10,5,5,8,0,0
14356,1000000US170312410001004,103,26,42,0,2,0,38,65,0,38,77,4,64,45,19,147,0,6
14357,1000000US170312410001005,91,25,15,0,4,0,52,39,0,52,66,7,66,47,19,118,0,5
14358,1000000US170312410001006,87,15,15,0,0,0,60,27,0,60,72,3,46,42,4,115,0,3
14359,1000000US170312410001007,57,11,31,1,2,0,17,40,0,17,46,2,39,30,9,84,1,4
14360,1000000US170312410001008,68,26,6,0,1,0,35,33,0,35,42,2,43,36,7,97,0,0
14361,1000000US170312410001009,74,11,28,0,1,0,39,35,0,39,63,2,37,37,0,117,0,4
14362,1000000US170312410001010,95,36,21,0,1,0,41,54,0,41,59,0,60,54,6,125,0,4
14363,1000000US170312410001011,87,34,33,1,4,0,18,69,0,18,53,5,62,49,13,116,1,3
14364,1000000US170312410002000,0,0,0,0,0,0,0,0,0,0,0,0,0,0,0,0,0,0
14365,1000000US170312410002001,0,0,0,0,0,0,0,0,0,0,0,0,0,0,0,0,0,0
14366,1000000US170312410002002,56,6,1,7,4,0,45,11,0,45,50,0,31,25,6,72,7,0
14367,1000000US170312410002003,63,14,9,4,2,0,39,24,0,39,49,7,36,33,3,83,2,1
14368,1000000US170312410002004,60,28,8,0,1,0,23,37,0,23,32,1,34,30,4,72,0,0
14369,1000000US170312410002005,218,30,13,2,2,0,171,47,0,171,188,6,47,40,7,227,0,1
14370,1000000US170312410002006,25,2,12,0,0,0,11,14,0,11,23,0,14,12,2,48,0,0
14371,1000000US170312410002007,50,15,14,1,1,0,19,31,0,19,35,1,37,32,5,60,0,0
14372,1000000US170312410002008,79,23,28,0,3,1,29,50,0,29,56,5,49,39,10,121,0,1
14373,1000000US170312410002009,44,6,23,0,0,0,18,26,0,18,38,3,41,20,21,62,0,3
14374,1000000US170312410002010,50,2,6,0,0,0,44,6,0,44,48,4,28,26,2,75,0,3
14375,1000000US170312410002011,70,25,18,0,0,1,27,43,0,27,45,2,40,38,2,104,0,0
14376,1000000US170312410002012,4,0,0,0,0,0,4,0,0,4,4,0,2,2,0,5,0,0
14377,1000000US170312410002013,65,18,14,0,1,0,32,33,0,32,47,0,41,31,10,78,0,0
14378,1000000US170312411001000,31,15,2,1,2,3,8,23,0,8,16,11,18,17,1,34,0,0
14379,1000000US170312411001001,0,0,0,0,0,0,0,0,0,0,0,0,0,0,0,0,0,0
14380,1000000US170312411001002,0,0,0,0,0,0,0,0,0,0,0,0,0,0,0,0,0,0
14381,1000000US170312411001003,0,0,0,0,0,0,0,0,0,0,0,0,1,0,1,0,0,0
14382,1000000US170312411001004,68,34,12,2,2,0,25,43,0,25,34,8,43,34,9,78,2,6
14383,1000000US170312411001005,98,47,25,0,5,0,25,73,0,25,51,7,50,45,5,118,0,4
14384,1000000US170312411001006,117,59,19,0,6,0,39,78,0,39,58,5,66,60,6,141,0,6
14385,1000000US170312411001007,94,35,11,5,2,0,46,48,0,46,59,6,49,44,5,120,4,3
14386,1000000US170312411001008,96,48,7,0,8,1,34,62,0,34,48,5,60,59,1,118,0,1
14387,1000000US170312411001009,94,54,8,1,4,1,27,67,0,27,40,4,51,47,4,117,0,1
14388,1000000US170312411001010,56,23,4,0,9,0,20,36,0,20,33,2,38,35,3,63,0,0
14389,1000000US170312411001011,89,43,7,1,2,0,38,51,0,38,46,4,55,51,4,102,1,1
14390,1000000US170312411001012,79,42,3,1,12,0,21,58,0,21,37,2,46,37,9,88,0,0
14391,1000000US170312411001013,132,73,7,1,21,0,32,100,0,32,59,3,66,64,2,140,1,0
14392,1000000US170312411001014,119,56,16,4,11,0,35,84,0,35,63,8,70,59,11,160,3,0
14393,1000000US170312411001015,96,29,17,4,1,0,52,44,0,52,67,4,55,49,6,129,4,3
14394,1000000US170312411001016,61,28,12,6,3,0,15,46,0,15,33,8,41,38,3,78,2,0
14395,1000000US170312411001017,89,32,32,2,2,1,24,65,0,24,57,6,54,49,5,123,0,1
14396,1000000US170312411001018,91,34,6,2,11,1,40,51,0,40,57,2,52,49,3,97,2,0
14397,1000000US170312411001019,0,0,0,0,0,0,0,0,0,0,0,0,0,0,0,0,0,0
14398,1000000US170312411001020,30,15,12,1,1,0,4,26,0,4,15,2,18,14,4,42,1,2
14399,1000000US170312411002000,0,0,0,0,0,0,0,0,0,0,0,0,0,0,0,0,0,0
14400,1000000US170312411002001,0,0,0,0,0,0,0,0,0,0,0,0,4,0,4,0,0,0
14401,1000000US170312411002002,14,10,2,0,0,0,2,12,0,2,4,0,14,9,5,17,0,0
14402,1000000US170312411002003,30,20,0,0,5,0,5,25,0,5,10,1,21,17,4,30,0,0
14403,1000000US170312411002004,33,16,3,0,0,0,15,18,0,15,17,0,31,20,11,43,0,1
14404,1000000US170312411002005,93,28,20,0,1,0,47,46,0,47,65,2,47,45,2,135,0,3
14405,1000000US170312411002006,78,16,7,8,6,1,49,29,0,49,62,3,59,43,16,109,6,0
14406,1000000US170312411002007,156,97,32,4,5,1,22,134,0,22,59,9,96,89,7,197,2,3
14407,1000000US170312411002008,107,46,28,1,2,0,32,75,0,32,61,2,66,57,9,161,0,1
14408,1000000US170312411002009,82,25,17,0,4,0,36,46,0,36,57,3,36,35,1,107,0,0
14409,1000000US170312411002010,79,36,8,2,0,0,37,42,0,37,43,0,48,43,5,99,2,2
14410,1000000US170312411002011,111,40,23,0,12,0,39,72,0,39,71,2,79,62,17,151,0,5
14411,1000000US170312411002012,112,53,7,0,6,0,47,65,0,47,59,2,58,55,3,129,0,1
14412,1000000US170312411002013,129,74,29,10,3,0,24,105,0,24,55,10,71,64,7,148,6,0
14413,1000000US170312411002014,80,39,26,2,0,1,16,64,0,16,41,1,41,39,2,104,2,1
14414,1000000US170312411002015,61,18,20,3,0,0,32,29,0,32,43,3,38,31,7,81,0,9
14415,1000000US170312411002016,64,28,6,0,0,0,30,34,0,30,36,0,47,31,16,82,0,0
14416,1000000US170312411002017,96,44,22,0,3,0,33,63,0,33,52,1,54,50,4,123,0,6
14417,1000000US170312411002018,66,31,16,2,4,0,17,49,0,17,35,4,43,38,5,83,1,1
14418,1000000US170312411002019,60,26,20,3,3,0,14,46,0,14,34,3,35,34,1,88,2,3
14419,1000000US170312411002020,21,11,1,2,0,0,9,12,0,9,10,0,13,12,1,31,2,0
14420,1000000US170312411002021,8,3,0,0,0,1,5,3,0,5,5,0,3,3,0,8,0,0
14421,1000000US170312411002022,8,2,0,0,0,0,6,2,0,6,6,0,5,3,2,8,0,0
14422,1000000US170312412001000,28,25,0,0,3,0,0,28,0,0,3,1,14,14,0,32,0,0
14423,1000000US170312412001001,46,37,0,1,4,0,4,42,0,4,9,4,34,29,5,52,0,0
14424,1000000US170312412001002,0,0,0,0,0,0,0,0,0,0,0,0,0,0,0,0,0,0
14425,1000000US170312412001003,66,53,1,2,3,0,8,58,0,8,13,3,37,34,3,77,1,0
14426,1000000US170312412001004,54,39,0,0,4,0,11,43,0,11,15,0,31,29,2,63,0,0
14427,1000000US170312412001005,55,40,6,0,1,0,8,47,0,8,15,2,26,26,0,64,0,0
14428,1000000US170312412001006,53,38,1,0,3,0,8,45,0,8,15,0,30,30,0,61,0,0
14429,1000000US170312412001007,66,50,2,0,1,0,13,53,0,13,16,0,33,32,1,87,0,0
14430,1000000US170312412001008,69,38,2,0,14,1,16,53,0,16,31,3,42,38,4,90,0,0
14431,1000000US170312412001009,92,47,8,0,30,0,10,82,0,10,45,4,48,46,2,113,0,1
14432,1000000US170312412001010,71,29,21,0,11,0,10,61,0,10,42,0,43,39,4,92,0,0
14433,1000000US170312412001011,81,50,26,0,4,0,1,80,0,1,31,0,40,40,0,96,0,0
14434,1000000US170312412001012,63,47,2,0,5,0,9,54,0,9,16,3,36,33,3,81,0,0
14435,1000000US170312412001013,0,0,0,0,0,0,0,0,0,0,0,0,0,0,0,0,0,0
14436,1000000US170312412001014,0,0,0,0,0,0,0,0,0,0,0,0,0,0,0,0,0,0
14437,1000000US170312412002000,65,47,11,0,3,1,7,58,0,7,18,3,28,27,1,69,0,3
14438,1000000US170312412002001,17,11,0,0,0,0,6,11,0,6,6,0,11,11,0,17,0,0
14439,1000000US170312412002002,68,52,0,1,5,0,11,57,0,11,16,1,31,29,2,70,0,0
14440,1000000US170312412002003,71,41,7,1,6,0,18,53,0,18,30,3,40,38,2,79,0,0
14441,1000000US170312412002004,44,36,4,1,2,0,2,42,0,2,8,1,21,20,1,47,0,0
14442,1000000US170312412002005,62,39,4,0,1,0,18,44,0,18,23,0,38,33,5,67,0,0
14443,1000000US170312412002006,8,5,0,0,0,0,3,5,0,3,3,0,7,7,0,11,0,0
14444,1000000US170312412002007,117,3,11,2,1,2,110,7,0,110,114,4,100,100,0,118,0,8
14445,1000000US170312412002008,24,13,0,0,1,0,9,15,0,9,11,2,10,10,0,28,0,0
14446,1000000US170312412002009,60,41,6,3,0,0,14,46,0,14,19,1,48,34,14,74,2,1
14447,1000000US170312412002010,116,61,7,0,14,0,34,82,0,34,55,4,66,61,5,135,0,0
14448,1000000US170312412002011,0,0,0,0,0,0,0,0,0,0,0,0,0,0,0,0,0,0
14449,1000000US170312412002012,0,0,0,0,0,0,0,0,0,0,0,0,0,0,0,0,0,0
14450,1000000US170312412002013,61,30,21,2,6,2,1,60,0,1,31,3,29,29,0,73,1,0
14451,1000000US170312412002014,0,0,0,0,0,0,0,0,0,0,0,0,0,0,0,0,0,0
14452,1000000US170312412002015,0,0,0,0,0,0,0,0,0,0,0,0,0,0,0,0,0,0
14453,1000000US170312413001000,66,57,0,0,5,0,4,62,0,4,9,1,42,39,3,69,0,0
14454,1000000US170312413001001,7,6,1,0,0,0,0,7,0,0,1,0,8,4,4,7,0,0
14455,1000000US170312413001002,66,56,1,0,0,0,9,57,0,9,10,0,37,33,4,69,0,0
14456,1000000US170312413001003,56,49,1,0,5,0,1,55,0,1,7,1,37,35,2,66,0,0
14457,1000000US170312413001004,9,9,0,0,0,0,0,9,0,0,0,0,5,4,1,9,0,0
14458,1000000US170312413001005,14,13,0,0,0,0,1,13,0,1,1,0,9,9,0,18,0,0
14459,1000000US170312413001006,18,15,0,0,1,0,2,16,0,2,3,1,11,11,0,24,0,0
14460,1000000US170312413001007,234,123,75,0,3,1,32,202,0,32,111,5,31,30,1,245,0,0
14461,1000000US170312413001008,78,54,7,0,1,0,17,61,0,17,24,0,38,37,1,105,0,0
14462,1000000US170312413001009,17,15,0,0,2,0,0,17,0,0,2,0,12,10,2,25,0,0
14463,1000000US170312413001010,104,91,1,0,2,0,10,94,0,10,13,0,59,56,3,117,0,0
14464,1000000US170312413001011,25,24,1,0,0,0,0,25,0,0,1,0,15,14,1,30,0,0
14465,1000000US170312413001012,43,38,0,0,1,0,4,39,0,4,5,0,21,21,0,47,0,0
14466,1000000US170312413001013,79,74,1,0,1,0,3,76,0,3,5,1,40,40,0,88,0,0
14467,1000000US170312413001014,72,33,7,2,7,0,25,47,0,25,39,4,40,37,3,90,0,0
14468,1000000US170312413001015,45,27,7,0,0,0,13,32,0,13,18,4,27,26,1,61,0,2
14469,1000000US170312413001016,36,26,3,0,4,0,3,33,0,3,10,0,19,19,0,39,0,0
14470,1000000US170312413001017,87,69,2,3,10,0,3,84,0,3,18,3,44,40,4,90,3,0
14471,1000000US170312413001018,88,76,1,0,8,0,1,87,0,1,12,2,54,48,6,97,0,0
14472,1000000US170312413001019,20,17,0,0,2,0,1,19,0,1,3,0,18,16,2,20,0,0
14473,1000000US170312413001020,35,24,3,2,5,0,4,31,0,4,11,2,24,21,3,45,1,0
14474,1000000US170312413001021,69,53,3,0,7,0,7,62,0,7,16,0,55,46,9,78,0,1
14475,1000000US170312413001022,89,51,15,0,6,0,17,72,0,17,38,2,47,46,1,103,0,0
14476,1000000US170312413001023,108,60,24,1,12,1,13,95,0,13,48,4,51,50,1,135,1,0
14477,1000000US170312413001024,28,23,0,0,4,0,1,27,0,1,5,2,15,14,1,32,0,0
14478,1000000US170312413001025,133,100,3,0,11,1,19,114,0,19,33,3,70,69,1,148,0,0
14479,1000000US170312414001000,79,68,0,0,1,0,7,72,0,7,11,0,47,46,1,82,0,0
14480,1000000US170312414001001,37,26,2,0,6,0,4,33,0,4,11,1,21,19,2,39,0,1
14481,1000000US170312414001002,20,16,0,0,1,0,3,17,0,3,4,0,8,7,1,20,0,0
14482,1000000US170312414001003,113,56,20,1,6,0,31,82,0,31,57,2,82,77,5,120,1,1
14483,1000000US170312414001004,129,51,65,3,2,2,8,121,0,8,78,5,78,77,1,171,3,0
14484,1000000US170312414001005,32,29,0,0,3,0,0,32,0,0,3,2,18,18,0,32,0,0
14485,1000000US170312414001006,161,121,25,1,7,0,7,154,0,7,40,3,126,123,3,173,1,0
14486,1000000US170312414001007,106,81,1,0,6,0,16,90,0,16,25,6,65,55,10,112,0,0
14487,1000000US170312414001008,28,19,5,0,1,0,3,25,0,3,9,2,22,18,4,30,0,0
14488,1000000US170312414001009,122,102,5,6,6,1,9,113,0,9,20,4,58,57,1,134,3,1
14489,1000000US170312414001010,17,3,9,2,1,0,6,11,0,6,14,1,0,0,0,17,1,1
14490,1000000US170312414001011,239,85,33,0,7,0,127,112,0,127,154,4,223,215,8,244,0,11
14491,1000000US170312414001012,0,0,0,0,0,0,0,0,0,0,0,0,0,0,0,0,0,0
14492,1000000US170312414001013,19,13,0,0,3,0,3,16,0,3,6,0,12,10,2,21,0,0
14493,1000000US170312414001014,45,43,0,0,2,0,0,45,0,0,2,1,25,24,1,54,0,0
14494,1000000US170312414001015,17,15,0,0,0,0,2,15,0,2,2,1,10,10,0,23,0,0
14495,1000000US170312414002000,7,4,0,0,3,0,0,7,0,0,3,0,3,3,0,7,0,0
14496,1000000US170312414002001,175,145,2,1,9,1,19,156,0,19,30,4,103,93,10,184,0,0
14497,1000000US170312414002002,95,81,0,0,4,0,10,85,0,10,14,1,56,52,4,105,0,0
14498,1000000US170312414002003,64,58,0,0,1,0,5,59,0,5,6,0,32,32,0,83,0,0
14499,1000000US170312414002004,78,68,1,0,5,0,5,73,0,5,10,0,41,40,1,91,0,0
14500,1000000US170312414002005,15,15,0,0,0,0,0,15,0,0,0,0,9,9,0,17,0,0
14501,1000000US170312414002006,49,38,3,0,3,0,5,44,0,5,11,0,27,27,0,68,0,0
14502,1000000US170312414002007,117,89,5,1,6,0,16,101,0,16,28,2,73,68,5,150,1,0
14503,1000000US170312414002008,38,35,0,0,2,0,1,37,0,1,3,2,21,21,0,45,0,0
14504,1000000US170312414002009,30,27,0,0,2,0,2,28,0,2,3,0,22,21,1,32,0,0
14505,1000000US170312414002010,5,3,0,1,0,0,2,3,0,2,2,0,3,3,0,6,1,0
14506,1000000US170312414002011,59,54,2,0,1,0,2,57,0,2,5,0,32,32,0,62,0,0
14507,1000000US170312414002012,68,55,3,0,6,0,5,63,0,5,13,2,48,38,10,81,0,1
14508,1000000US170312414002013,34,21,0,2,7,0,5,29,0,5,13,2,17,17,0,34,2,0
14509,1000000US170312414003000,0,0,0,0,0,0,0,0,0,0,0,0,0,0,0,0,0,0
14510,1000000US170312414003001,19,19,0,0,0,0,0,19,0,0,0,0,13,12,1,19,0,0
14511,1000000US170312414003002,3,2,0,0,1,0,0,3,0,0,1,0,2,2,0,3,0,0
14512,1000000US170312414003003,79,56,7,1,6,1,8,71,0,8,23,3,37,37,0,80,1,0
14513,1000000US170312414003004,21,14,0,0,3,0,4,17,0,4,7,0,12,12,0,22,0,0
14514,1000000US170312414003005,74,64,1,0,6,0,3,71,0,3,10,1,39,35,4,79,0,0
14515,1000000US170312414003006,29,26,0,0,3,0,0,29,0,0,3,0,49,15,34,29,0,0
14516,1000000US170312414003007,60,50,0,0,7,1,4,56,0,4,10,4,37,35,2,74,0,0
14517,1000000US170312414003008,49,40,0,0,8,0,1,48,0,1,9,1,28,28,0,62,0,0
14518,1000000US170312414003009,7,7,0,0,0,0,0,7,0,0,0,0,4,4,0,7,0,0
14519,1000000US170312414003010,69,63,0,0,5,0,1,68,0,1,6,0,50,45,5,78,0,0
14520,1000000US170312414003011,10,10,0,0,0,0,0,10,0,0,0,0,7,6,1,11,0,0
14521,1000000US170312414003012,28,21,0,0,3,0,4,24,0,4,7,1,21,21,0,30,0,0
14522,1000000US170312414003013,100,82,5,0,8,0,5,95,0,5,18,0,60,55,5,110,0,0
14523,1000000US170312414003014,29,12,8,0,4,0,5,24,0,5,17,0,14,13,1,32,0,0
14524,1000000US170312414003015,170,127,2,0,9,0,33,137,0,33,43,1,96,94,2,190,0,0
14525,1000000US170312414003016,29,23,2,0,0,0,5,24,0,5,6,1,17,16,1,31,0,1
14526,1000000US170312414003017,48,33,2,0,3,0,10,38,0,10,15,0,23,23,0,58,0,0
14527,1000000US170312414003018,59,50,4,0,4,0,2,57,0,2,9,1,37,35,2,61,0,0
14528,1000000US170312414004000,0,0,0,0,0,0,0,0,0,0,0,0,0,0,0,0,0,0
14529,1000000US170312414004001,55,44,0,0,5,0,6,49,0,6,11,0,34,31,3,58,0,0
14530,1000000US170312414004002,130,105,3,0,8,0,13,117,0,13,25,3,72,70,2,141,0,0
14531,1000000US170312414004003,0,0,0,0,0,0,0,0,0,0,0,0,2,0,2,0,0,0
14532,1000000US170312414004004,85,62,1,2,10,0,12,73,0,12,23,2,43,41,2,101,1,0
14533,1000000US170312414004005,27,25,0,0,1,0,1,26,0,1,2,0,17,17,0,29,0,0
14534,1000000US170312414004006,52,44,3,1,1,0,4,48,0,4,8,2,30,27,3,59,0,1
14535,1000000US170312414004007,31,21,1,0,1,0,8,23,0,8,10,1,15,14,1,35,0,0
14536,1000000US170312414004008,40,38,1,0,1,0,0,40,0,0,2,0,25,23,2,47,0,0
14537,1000000US170312414004009,34,28,1,0,2,0,3,31,0,3,6,2,24,22,2,37,0,0
14538,1000000US170312414004010,56,48,1,0,3,0,5,51,0,5,8,3,34,31,3,73,0,1
14539,1000000US170312414004011,130,98,10,0,8,1,15,115,0,15,32,6,77,74,3,151,0,1
14540,1000000US170312414004012,209,140,29,1,11,0,28,181,0,28,69,5,119,111,8,247,0,1
14541,1000000US170312414004013,75,64,1,0,7,0,3,72,0,3,11,2,58,46,12,80,0,0
14542,1000000US170312414004014,66,42,4,0,1,0,20,46,0,20,24,2,33,32,1,76,0,1
14543,1000000US170312414004015,13,9,0,0,1,0,3,10,0,3,4,0,12,8,4,15,0,0
14544,1000000US170312414004016,43,37,1,0,2,0,4,39,0,4,6,0,26,26,0,47,0,1
14545,1000000US170312414004017,35,31,0,0,4,0,0,35,0,0,4,0,23,23,0,38,0,0
14546,1000000US170312414004018,35,21,0,0,1,0,13,22,0,13,14,3,22,19,3,39,0,0
14547,1000000US170312414004019,21,18,0,0,2,0,1,20,0,1,3,1,12,12,0,28,0,0
14548,1000000US170312414004020,81,65,1,0,11,0,1,80,0,1,16,2,40,40,0,81,0,0
14549,1000000US170312415001000,11,6,0,0,4,0,1,10,0,1,5,0,8,8,0,11,0,0
14550,1000000US170312415001001,74,57,1,0,5,0,12,62,0,12,17,1,38,36,2,79,0,1
14551,1000000US170312415001002,32,26,2,1,1,0,2,30,0,2,6,2,15,14,1,37,0,0
14552,1000000US170312415001003,27,20,0,0,2,0,5,22,0,5,7,0,20,19,1,32,0,0
14553,1000000US170312415001004,79,70,2,0,5,0,2,77,0,2,9,0,50,47,3,83,0,0
14554,1000000US170312415001005,33,26,3,0,0,0,4,29,0,4,7,0,17,16,1,36,0,0
14555,1000000US170312415001006,55,43,1,0,6,0,5,50,0,5,12,0,28,28,0,62,0,0
14556,1000000US170312415001007,73,42,2,1,4,0,22,51,0,22,31,6,37,36,1,84,0,0
14557,1000000US170312415001008,60,44,0,0,7,0,9,51,0,9,16,1,35,35,0,72,0,0
14558,1000000US170312415001009,51,38,1,0,5,0,7,44,0,7,13,2,32,28,4,53,0,0
14559,1000000US170312415001010,60,36,6,2,0,0,19,41,0,19,24,2,34,32,2,83,2,2
14560,1000000US170312415001011,19,16,1,0,0,0,2,17,0,2,3,0,10,10,0,28,0,0
14561,1000000US170312415001012,30,25,0,0,0,0,5,25,0,5,5,0,15,15,0,32,0,0
14562,1000000US170312415001013,54,37,1,0,5,0,11,43,0,11,17,2,30,28,2,69,0,0
14563,1000000US170312415001014,52,34,0,0,5,0,13,39,0,13,18,2,31,29,2,58,0,0
14564,1000000US170312415001015,32,25,0,0,4,1,3,29,0,3,7,1,19,19,0,41,0,0
14565,1000000US170312415001016,33,25,1,0,1,0,2,31,0,2,8,1,24,21,3,37,0,0
14566,1000000US170312415001017,45,18,0,1,0,0,26,19,0,26,27,0,23,20,3,50,1,0
14567,1000000US170312415001018,40,11,4,0,5,0,21,19,0,21,29,2,23,23,0,50,0,1
14568,1000000US170312415001019,35,3,1,1,0,0,30,5,0,30,32,1,22,19,3,47,0,0
14569,1000000US170312415001020,135,89,19,0,12,0,16,119,0,16,46,3,53,50,3,152,0,1
14570,1000000US170312415001021,77,38,1,0,2,0,36,41,0,36,39,0,43,42,1,87,0,0
14571,1000000US170312415001022,50,33,5,0,3,0,12,38,0,12,17,2,24,22,2,57,0,3
14572,1000000US170312415002000,10,8,0,0,0,0,2,8,0,2,2,0,5,5,0,12,0,0
14573,1000000US170312415002001,48,32,1,2,2,0,12,36,0,12,16,4,31,29,2,61,0,0
14574,1000000US170312415002002,35,31,1,0,1,0,2,33,0,2,4,0,24,24,0,39,0,0
14575,1000000US170312415002003,39,33,1,0,1,0,5,34,0,5,6,1,27,27,0,39,0,1
14576,1000000US170312415002004,58,49,0,0,4,0,5,53,0,5,9,0,39,34,5,65,0,0
14577,1000000US170312415002005,41,36,2,0,3,0,0,41,0,0,5,1,27,27,0,46,0,0
14578,1000000US170312415002006,77,52,5,1,9,0,8,69,0,8,25,4,36,36,0,86,1,0
14579,1000000US170312415002007,21,17,0,0,4,0,0,21,0,0,4,0,14,12,2,21,0,0
14580,1000000US170312415002008,47,33,0,1,3,0,10,37,0,10,14,1,26,26,0,50,0,0
14581,1000000US170312415002009,26,13,2,0,1,0,10,16,0,10,13,2,12,12,0,30,0,0
14582,1000000US170312415002010,56,27,0,0,4,0,25,31,0,25,29,0,29,27,2,64,0,0
14583,1000000US170312415002011,73,46,6,0,2,0,20,53,0,20,27,1,42,41,1,84,0,0
14584,1000000US170312415002012,0,0,0,0,0,0,0,0,0,0,0,0,0,0,0,0,0,0
14585,1000000US170312415002013,54,28,0,2,4,0,20,34,0,20,26,5,25,24,1,69,0,0
14586,1000000US170312415002014,20,11,0,0,3,0,6,14,0,6,9,0,15,15,0,21,0,0
14587,1000000US170312415002015,0,0,0,0,0,0,0,0,0,0,0,0,0,0,0,0,0,0
14588,1000000US170312415003000,47,41,0,0,4,1,2,45,0,2,6,1,30,29,1,47,0,0
14589,1000000US170312415003001,71,65,0,0,4,0,2,69,0,2,6,0,38,38,0,74,0,0
14590,1000000US170312415003002,16,12,0,0,1,0,3,13,0,3,4,0,10,10,0,18,0,0
14591,1000000US170312415003003,93,82,2,0,5,0,3,90,0,3,11,1,56,54,2,96,0,0
14592,1000000US170312415003004,91,77,2,2,6,0,5,86,0,5,14,3,55,52,3,106,0,0
14593,1000000US170312415003005,3,3,0,0,0,0,0,3,0,0,0,0,2,2,0,3,0,0
14594,1000000US170312415003006,25,11,4,0,4,0,10,15,0,10,14,5,14,13,1,30,0,1
14595,1000000US170312415003007,24,23,0,0,0,0,1,23,0,1,1,0,14,14,0,29,0,0
14596,1000000US170312415003008,85,69,2,0,1,0,13,72,0,13,16,1,47,45,2,99,0,0
14597,1000000US170312415003009,41,24,2,0,5,0,10,31,0,10,17,0,27,23,4,49,0,0
14598,1000000US170312415003010,24,16,3,0,2,0,4,20,0,4,8,0,20,19,1,26,0,1
14599,1000000US170312415003011,120,98,8,1,12,0,2,118,0,2,22,8,69,66,3,124,0,1
14600,1000000US170312415003012,132,112,4,2,8,1,6,126,0,6,20,4,67,63,4,138,0,1
14601,1000000US170312415003013,6,6,0,0,0,0,0,6,0,0,0,0,5,5,0,6,0,0
14602,1000000US170312416001000,0,0,0,0,0,0,0,0,0,0,0,0,0,0,0,0,0,0
14603,1000000US170312416001001,0,0,0,0,0,0,0,0,0,0,0,0,0,0,0,0,0,0
14604,1000000US170312416001002,126,93,4,0,8,0,21,105,0,21,33,0,65,64,1,154,0,0
14605,1000000US170312416001003,27,14,0,0,3,0,8,19,0,8,13,0,17,14,3,30,0,0
14606,1000000US170312416001004,74,54,1,1,2,0,17,57,0,17,20,0,53,45,8,87,1,1
14607,1000000US170312416001005,140,110,6,0,9,0,16,124,0,16,30,4,95,84,11,142,0,0
14608,1000000US170312416001006,163,97,0,1,11,0,54,109,0,54,66,2,106,98,8,191,1,0
14609,1000000US170312416001007,140,98,1,1,9,0,31,109,0,31,42,2,73,72,1,170,0,0
14610,1000000US170312416001008,101,60,2,3,3,0,36,65,0,36,41,2,56,51,5,119,2,2
14611,1000000US170312416001009,131,75,2,0,8,0,46,85,0,46,56,0,78,73,5,172,0,0
14612,1000000US170312416001010,9,7,0,0,1,0,1,8,0,1,2,0,6,6,0,9,0,0
14613,1000000US170312416001011,70,52,1,0,0,0,17,53,0,17,18,0,44,35,9,79,0,0
14614,1000000US170312416001012,26,9,2,0,8,0,8,18,0,8,17,1,14,14,0,35,0,2
14615,1000000US170312416001013,26,25,0,0,1,0,0,26,0,0,1,1,18,17,1,28,0,0
14616,1000000US170312416001014,180,144,3,0,5,0,26,154,0,26,36,5,92,88,4,187,0,0
14617,1000000US170312416002000,0,0,0,0,0,0,0,0,0,0,0,0,1,0,1,0,0,0
14618,1000000US170312416002001,52,32,1,3,0,0,19,33,0,19,20,1,29,24,5,68,2,0
14619,1000000US170312416002002,265,174,12,6,21,0,59,206,0,59,91,5,155,149,6,282,6,2
14620,1000000US170312416002003,229,116,12,3,17,0,83,146,0,83,113,2,136,130,6,271,3,0
14621,1000000US170312416002004,271,149,10,0,15,1,98,173,0,98,122,9,146,143,3,311,0,0
14622,1000000US170312416002005,191,124,12,2,7,0,48,143,0,48,67,7,117,108,9,217,2,1
14623,1000000US170312416002006,19,17,0,0,0,0,2,17,0,2,2,0,7,7,0,19,0,0
14624,1000000US170312416002007,0,0,0,0,0,0,0,0,0,0,0,0,0,0,0,0,0,0
14625,1000000US170312416002008,228,159,5,4,18,1,43,185,0,43,69,2,138,119,19,264,4,0
14626,1000000US170312416002009,178,105,20,4,20,1,33,145,0,33,73,10,106,96,10,201,4,0
14627,1000000US170312416002010,146,107,9,2,12,0,19,127,0,19,39,2,90,85,5,157,2,0
14628,1000000US170312416002011,69,56,6,0,2,0,5,64,0,5,13,0,60,44,16,73,0,0
14629,1000000US170312416002012,136,84,4,3,3,0,43,93,0,43,52,2,81,77,4,154,2,0
14630,1000000US170312416002013,31,20,0,0,1,0,10,21,0,10,11,0,14,14,0,34,0,0
14631,1000000US170312416002014,19,2,0,0,1,0,16,3,0,16,17,0,12,11,1,23,0,0
14632,1000000US170312420001000,54,6,45,0,0,0,3,51,0,3,48,1,22,22,0,62,0,0
14633,1000000US170312420001001,308,240,15,4,13,0,40,268,0,40,68,6,167,148,19,331,1,4
14634,1000000US170312420001002,170,118,4,2,2,0,45,125,0,45,52,4,100,88,12,193,2,0
14635,1000000US170312420001003,25,11,0,0,0,0,14,11,0,14,14,0,12,12,0,26,0,0
14636,1000000US170312420001004,106,53,2,1,5,0,45,61,0,45,53,2,55,52,3,124,0,0
14637,1000000US170312420001005,25,15,2,0,7,0,0,25,0,0,10,0,19,15,4,26,0,0
14638,1000000US170312420001006,50,20,4,0,4,0,22,28,0,22,30,0,24,24,0,66,0,0
14639,1000000US170312420001007,123,74,2,0,7,0,39,84,0,39,49,1,66,61,5,149,0,0
14640,1000000US170312420001008,100,79,0,0,2,0,18,82,0,18,21,0,64,57,7,110,0,0
14641,1000000US170312420001009,37,27,1,0,0,0,9,28,0,9,10,0,27,21,6,37,0,0
14642,1000000US170312420001010,102,55,6,0,13,0,28,74,0,28,47,3,56,54,2,112,0,0
14643,1000000US170312420001011,119,41,5,0,1,0,72,47,0,72,78,7,64,58,6,173,0,0
14644,1000000US170312420001012,127,89,12,4,10,0,15,112,0,15,38,6,69,65,4,146,2,0
14645,1000000US170312420002000,146,107,9,1,7,0,25,121,0,25,39,4,84,81,3,169,0,2
14646,1000000US170312420002001,0,0,0,0,0,0,0,0,0,0,0,0,0,0,0,0,0,0
14647,1000000US170312420002002,299,149,29,1,11,1,115,184,0,115,150,5,118,110,8,365,1,3
14648,1000000US170312420002003,21,6,0,0,0,0,14,7,0,14,15,0,20,11,9,24,0,0
14649,1000000US170312420002004,6,6,0,0,0,0,0,6,0,0,0,0,8,4,4,6,0,0
14650,1000000US170312420002005,79,55,2,1,3,0,19,60,0,19,24,0,44,42,2,98,1,0
14651,1000000US170312420002006,204,69,47,3,6,0,83,121,0,83,135,5,206,190,16,204,1,3
14652,1000000US170312420002007,141,69,7,0,6,1,59,82,0,59,72,4,83,74,9,183,0,0
14653,1000000US170312420002008,245,80,60,6,10,2,97,148,0,97,165,5,199,195,4,262,6,1
14654,1000000US170312420002009,27,11,2,0,5,0,9,18,0,9,16,0,12,12,0,29,0,0
14655,1000000US170312420002010,28,23,1,0,1,0,3,25,0,3,5,0,15,14,1,29,0,0
14656,1000000US170312420002011,75,45,0,0,4,0,27,48,0,27,30,2,48,35,13,95,0,0
14657,1000000US170312420002012,65,30,2,0,2,0,30,35,0,30,35,1,43,36,7,87,0,0
14658,1000000US170312420002013,99,48,0,0,8,0,43,56,0,43,51,2,56,49,7,134,0,0
14659,1000000US170312420002014,87,50,0,1,4,0,32,55,0,32,37,1,49,44,5,101,0,0
14660,1000000US170312420002015,1,0,0,0,0,0,1,0,0,1,1,1,1,1,0,1,0,0
14661,1000000US170312420002016,61,38,0,0,7,0,16,45,0,16,23,4,36,32,4,64,0,0
14662,1000000US170312420002017,33,23,1,1,3,0,5,28,0,5,10,5,16,15,1,34,0,0
14663,1000000US170312420002018,46,15,0,1,0,1,31,15,0,31,31,2,20,18,2,54,0,0
14664,1000000US170312420003000,585,125,436,9,7,1,25,560,0,25,460,12,346,302,44,710,6,7
14665,1000000US170312420003001,75,52,4,0,14,0,5,70,0,5,23,0,44,42,2,75,0,0
14666,1000000US170312420003002,79,55,6,0,10,0,8,71,0,8,24,2,51,48,3,83,0,0
14667,1000000US170312420003003,8,7,0,0,1,0,0,8,0,0,1,0,3,3,0,8,0,0
14668,1000000US170312420003004,4,4,0,0,0,0,0,4,0,0,0,0,2,2,0,4,0,0
14669,1000000US170312420003005,99,63,5,0,3,0,29,70,0,29,36,2,68,62,6,104,0,1
14670,1000000US170312420003006,0,0,0,0,0,0,0,0,0,0,0,0,0,0,0,0,0,0
14671,1000000US170312420003007,83,49,11,0,7,0,16,67,0,16,34,0,59,55,4,87,0,0
14672,1000000US170312421001000,0,0,0,0,0,0,0,0,0,0,0,0,2,0,2,0,0,0
14673,1000000US170312421001001,15,10,1,0,1,0,3,12,0,3,5,1,8,7,1,15,0,0
14674,1000000US170312421001002,70,41,1,0,4,0,20,50,0,20,29,0,45,41,4,74,0,0
14675,1000000US170312421001003,63,53,2,0,0,0,8,55,0,8,10,0,42,39,3,71,0,0
14676,1000000US170312421001004,85,63,3,1,8,0,10,75,0,10,22,7,50,41,9,93,0,0
14677,1000000US170312421001005,106,88,1,0,11,0,7,99,0,7,18,3,66,60,6,116,0,1
14678,1000000US170312421001006,72,52,1,0,2,0,16,56,0,16,20,0,45,43,2,93,0,0
14679,1000000US170312421001007,70,29,1,6,4,4,32,38,0,32,41,0,36,33,3,78,6,0
14680,1000000US170312421001008,85,43,2,5,4,0,35,50,0,35,42,4,38,38,0,100,4,0
14681,1000000US170312421001009,74,52,1,0,5,0,17,57,0,17,22,3,37,37,0,83,0,0
14682,1000000US170312421001010,92,71,0,2,1,0,20,72,0,20,21,1,51,48,3,108,2,0
14683,1000000US170312421001011,72,57,1,0,2,0,12,60,0,12,15,0,48,43,5,82,0,0
14684,1000000US170312421001012,45,36,2,0,2,0,6,39,0,6,9,0,28,25,3,51,0,1
14685,1000000US170312421001013,20,11,1,0,7,0,1,19,0,1,9,0,12,12,0,24,0,0
14686,1000000US170312421002000,46,40,1,0,2,1,2,44,0,2,6,3,33,28,5,50,0,0
14687,1000000US170312421002001,63,50,5,1,6,0,2,61,0,2,13,2,41,40,1,66,0,0
14688,1000000US170312421002002,40,30,3,0,7,0,2,38,0,2,10,3,30,27,3,41,0,0
14689,1000000US170312421002003,32,19,0,0,4,0,10,22,0,10,13,2,23,20,3,36,0,0
14690,1000000US170312421002004,48,39,1,0,5,0,4,44,0,4,9,3,33,31,2,49,0,1
14691,1000000US170312421002005,48,39,1,0,6,0,2,46,0,2,9,2,28,26,2,54,0,0
14692,1000000US170312421002006,80,56,1,0,2,0,21,59,0,21,24,0,48,45,3,98,0,0
14693,1000000US170312421002007,91,77,7,3,4,2,6,85,0,6,14,3,54,51,3,99,1,2
14694,1000000US170312421002008,83,67,3,0,9,0,4,79,0,4,16,1,52,50,2,86,0,0
14695,1000000US170312421002009,65,54,1,2,9,1,1,64,0,1,11,4,44,38,6,79,2,0
14696,1000000US170312421002010,72,47,2,0,0,0,23,49,0,23,25,0,48,44,4,88,0,0
14697,1000000US170312421002011,71,49,0,2,4,0,18,53,0,18,22,3,41,40,1,82,2,0
14698,1000000US170312421002012,68,54,7,0,0,0,7,61,0,7,14,0,43,43,0,79,0,0
14699,1000000US170312421002013,66,46,2,0,6,0,14,52,0,14,20,4,39,38,1,72,0,2
14700,1000000US170312421002014,51,23,0,0,1,0,27,24,0,27,28,0,29,26,3,72,0,0
14701,1000000US170312421002015,40,15,0,0,3,0,22,18,0,22,25,0,17,17,0,55,0,0
14702,1000000US170312421003000,0,0,0,0,0,0,0,0,0,0,0,0,0,0,0,0,0,0
14703,1000000US170312421003001,97,50,2,0,9,0,37,60,0,37,47,1,47,43,4,123,0,0
14704,1000000US170312421003002,49,42,0,0,2,0,5,44,0,5,7,0,26,24,2,52,0,0
14705,1000000US170312421003003,28,16,1,0,1,0,10,18,0,10,12,0,15,15,0,36,0,0
14706,1000000US170312421003004,29,22,1,0,4,0,3,26,0,3,7,0,17,16,1,31,0,1
14707,1000000US170312421003005,3,0,0,0,3,0,0,3,0,0,3,0,1,1,0,3,0,0
14708,1000000US170312421003006,41,35,1,1,2,1,4,37,0,4,6,1,26,25,1,50,0,0
14709,1000000US170312421003007,78,65,5,0,3,0,6,72,0,6,13,3,54,50,4,87,0,0
14710,1000000US170312421003008,89,66,4,0,5,0,14,75,0,14,23,4,54,52,2,115,0,0
14711,1000000US170312421003009,83,65,3,0,7,0,8,75,0,8,18,0,48,47,1,98,0,0
14712,1000000US170312421003010,81,68,1,1,4,1,6,75,0,6,13,3,49,48,1,89,0,0
14713,1000000US170312421003011,88,71,3,0,7,0,8,80,0,8,17,2,55,52,3,102,0,0
14714,1000000US170312421003012,83,45,2,0,7,0,29,54,0,29,38,0,45,44,1,95,0,0
14715,1000000US170312421003013,84,41,0,3,4,0,39,45,0,39,43,5,47,44,3,100,0,0
14716,1000000US170312421003014,12,10,0,0,0,0,2,10,0,2,2,0,8,8,0,12,0,0
14717,1000000US170312421003015,74,55,2,5,8,0,3,71,0,3,19,0,46,44,2,78,5,0
14718,1000000US170312421003016,14,3,0,0,1,0,10,4,0,10,11,0,8,6,2,20,0,0
14719,1000000US170312421003017,36,17,0,2,1,0,16,20,0,16,19,2,20,20,0,51,2,0
14720,1000000US170312421003018,50,42,1,0,2,0,6,44,0,6,8,1,32,31,1,60,0,1
14721,1000000US170312421003019,55,39,1,0,3,0,12,43,0,12,16,1,33,30,3,66,0,0
14722,1000000US170312421003020,60,35,3,0,5,0,17,43,0,17,25,2,33,27,6,71,0,0
14723,1000000US170312421003021,58,45,1,0,2,0,10,48,0,10,13,0,33,30,3,61,0,0
14724,1000000US170312421003022,67,50,2,0,6,0,9,58,0,9,17,1,36,36,0,81,0,0
14725,1000000US170312421003023,47,22,0,0,0,0,25,22,0,25,25,0,24,22,2,52,0,0
14726,1000000US170312421003024,17,12,0,0,1,0,4,13,0,4,5,0,10,8,2,19,0,0
14727,1000000US170312421003025,0,0,0,0,0,0,0,0,0,0,0,0,0,0,0,0,0,0
14728,1000000US170312421003026,2,2,0,0,0,0,0,2,0,0,0,0,2,2,0,2,0,0
14729,1000000US170312421003027,0,0,0,0,0,0,0,0,0,0,0,0,0,0,0,0,0,0
14730,1000000US170312422001000,2,0,0,0,0,0,2,0,0,2,2,0,6,1,5,2,0,0
14731,1000000US170312422001001,0,0,0,0,0,0,0,0,0,0,0,0,0,0,0,0,0,0
14732,1000000US170312422001002,15,13,1,0,0,0,1,14,0,1,2,0,11,10,1,17,0,0
14733,1000000US170312422001003,26,19,1,0,2,0,5,21,0,5,7,0,18,16,2,26,0,1
14734,1000000US170312422001004,47,39,0,0,6,0,2,45,0,2,8,0,30,29,1,48,0,0
14735,1000000US170312422001005,32,26,1,1,2,0,2,30,0,2,6,2,18,18,0,34,0,0
14736,1000000US170312422001006,38,0,10,1,2,0,26,12,0,26,38,0,21,16,5,62,1,0
14737,1000000US170312422001007,41,7,0,1,1,0,32,9,0,32,34,1,20,15,5,51,0,0
14738,1000000US170312422001008,16,13,0,0,2,0,1,15,0,1,3,0,10,10,0,19,0,0
14739,1000000US170312422001009,94,68,4,0,12,0,14,80,0,14,26,2,63,58,5,97,0,4
14740,1000000US170312422001010,67,54,0,0,3,0,10,57,0,10,13,1,39,38,1,67,0,0
14741,1000000US170312422001011,65,53,1,0,8,0,3,62,0,3,12,0,37,35,2,73,0,0
14742,1000000US170312422001012,119,96,5,0,10,0,8,111,0,8,23,0,64,60,4,124,0,0
14743,1000000US170312422001013,88,79,3,0,1,0,5,83,0,5,9,1,58,58,0,99,0,0
14744,1000000US170312422001014,33,26,1,0,4,0,2,31,0,2,7,0,21,21,0,36,0,0
14745,1000000US170312422001015,38,33,2,0,2,0,3,35,0,3,5,1,22,21,1,41,0,2
14746,1000000US170312422001016,31,21,0,1,6,2,6,25,0,6,10,2,14,14,0,32,1,0
14747,1000000US170312422001017,114,85,1,1,3,0,25,89,0,25,29,5,64,61,3,127,0,0
14748,1000000US170312422001018,85,75,1,0,1,0,8,77,0,8,10,1,59,56,3,96,0,0
14749,1000000US170312422001019,44,41,1,0,1,0,1,43,0,1,3,0,24,23,1,52,0,0
14750,1000000US170312422001020,63,46,2,1,5,0,10,53,0,10,17,3,41,36,5,72,1,0
14751,1000000US170312422001021,109,91,3,0,8,0,9,100,0,9,18,0,64,63,1,126,0,0
14752,1000000US170312422001022,115,80,3,0,7,0,25,90,0,25,35,1,63,62,1,142,0,0
14753,1000000US170312422001023,18,12,0,0,0,0,6,12,0,6,6,0,12,10,2,19,0,0
14754,1000000US170312422001024,18,14,0,0,4,0,0,18,0,0,4,0,9,9,0,19,0,0
14755,1000000US170312422001025,34,31,0,0,2,0,0,34,0,0,3,0,29,28,1,34,0,0
14756,1000000US170312422001026,93,46,1,0,10,0,35,58,0,35,47,0,47,43,4,102,0,0
14757,1000000US170312422001027,63,45,4,0,4,0,10,53,0,10,18,0,42,38,4,69,0,0
14758,1000000US170312422001028,5,3,0,0,2,0,0,5,0,0,2,0,3,3,0,5,0,0
14759,1000000US170312422002000,48,29,7,0,2,0,12,36,0,12,19,4,27,27,0,62,0,2
14760,1000000US170312422002001,85,60,3,0,4,0,18,67,0,18,25,3,51,45,6,111,0,0
14761,1000000US170312422002002,85,79,0,0,2,0,4,81,0,4,6,0,52,52,0,102,0,0
14762,1000000US170312422002003,127,85,1,0,4,0,35,92,0,35,42,1,78,73,5,156,0,0
14763,1000000US170312422002004,101,96,1,0,3,0,2,99,0,2,5,2,66,57,9,110,0,1
14764,1000000US170312422002005,121,93,4,1,7,0,16,105,0,16,28,3,80,75,5,136,0,0
14765,1000000US170312422002006,119,99,5,0,7,0,9,110,0,9,20,4,74,69,5,133,0,0
14766,1000000US170312422002007,120,97,3,0,8,0,12,108,0,12,23,2,77,73,4,132,0,0
14767,1000000US170312422002008,60,47,0,0,2,0,11,49,0,11,13,0,35,33,2,70,0,0
14768,1000000US170312422002009,95,59,1,2,3,0,31,64,0,31,36,1,57,53,4,112,2,0
14769,1000000US170312422002010,34,28,2,0,1,0,4,30,0,4,6,0,29,22,7,34,0,1
14770,1000000US170312422002011,58,29,2,0,0,0,27,31,0,27,29,1,32,30,2,67,0,0
14771,1000000US170312422002012,36,24,0,1,3,0,8,28,0,8,12,1,20,19,1,42,0,0
14772,1000000US170312422002013,79,61,5,1,7,0,8,71,0,8,18,5,53,49,4,89,0,0
14773,1000000US170312422002014,96,78,3,0,5,0,10,86,0,10,18,0,60,55,5,121,0,0
14774,1000000US170312422002015,74,59,1,0,4,0,10,64,0,10,15,0,48,46,2,87,0,0
14775,1000000US170312422002016,66,58,1,0,4,0,4,62,0,4,8,1,42,40,2,74,0,0
14776,1000000US170312422002017,66,45,1,2,0,0,20,46,0,20,21,2,41,38,3,77,2,0
14777,1000000US170312422002018,27,3,0,0,0,0,24,3,0,24,24,0,17,11,6,33,0,0
14778,1000000US170312422002019,32,18,2,0,4,0,8,24,0,8,14,2,19,18,1,34,0,0
14779,1000000US170312422002020,48,25,1,0,0,0,21,27,0,21,23,0,20,20,0,60,0,0
14780,1000000US170312422002021,15,13,0,0,1,0,2,13,0,2,2,0,6,6,0,16,0,0
14781,1000000US170312422002022,20,15,0,0,0,0,5,15,0,5,5,0,11,10,1,20,0,0
14782,1000000US170312422002023,17,9,0,0,0,0,8,9,0,8,8,0,8,8,0,21,0,0
14783,1000000US170312423001000,60,50,1,1,3,0,5,55,0,5,10,0,43,37,6,63,1,0
14784,1000000US170312423001001,110,91,5,0,7,0,7,103,0,7,19,2,63,57,6,114,0,0
14785,1000000US170312423001002,8,0,0,0,3,0,5,3,0,5,8,0,4,4,0,8,0,0
14786,1000000US170312423001003,67,36,6,0,6,0,19,48,0,19,31,5,38,35,3,75,0,0
14787,1000000US170312423001004,10,6,0,0,0,0,4,6,0,4,4,0,6,6,0,12,0,0
14788,1000000US170312423001005,11,6,0,1,0,0,5,6,0,5,5,0,4,4,0,13,1,0
14789,1000000US170312423001006,61,39,4,0,2,0,16,45,0,16,22,0,34,34,0,71,0,0
14790,1000000US170312423001007,15,13,0,0,1,0,1,14,0,1,2,0,14,14,0,15,0,0
14791,1000000US170312423001008,44,35,0,0,3,0,6,38,0,6,9,2,25,25,0,45,0,0
14792,1000000US170312423001009,42,36,1,0,2,0,4,38,0,4,6,2,29,29,0,47,0,0
14793,1000000US170312423001010,40,30,1,0,0,0,9,31,0,9,10,1,25,24,1,51,0,0
14794,1000000US170312423001011,46,37,0,0,4,0,4,42,0,4,9,0,27,27,0,51,0,0
14795,1000000US170312423001012,72,45,0,4,12,0,14,58,0,14,27,7,45,42,3,88,1,0
14796,1000000US170312423001013,47,29,2,5,1,1,15,32,0,15,18,5,29,27,2,59,3,0
14797,1000000US170312423001014,26,20,1,0,3,0,2,24,0,2,6,0,18,16,2,32,0,0
14798,1000000US170312423001015,34,29,0,0,1,0,4,30,0,4,5,0,20,20,0,42,0,0
14799,1000000US170312423001016,20,18,0,0,0,0,2,18,0,2,2,0,14,11,3,29,0,0
14800,1000000US170312423001017,38,24,1,0,4,0,9,29,0,9,14,2,24,22,2,42,0,0
14801,1000000US170312423001018,36,16,0,0,9,0,11,25,0,11,20,0,21,16,5,39,0,0
14802,1000000US170312423001019,47,38,0,0,0,0,9,38,0,9,9,0,32,29,3,52,0,0
14803,1000000US170312423001020,59,52,1,0,1,0,5,54,0,5,7,0,37,36,1,63,0,0
14804,1000000US170312423001021,56,55,0,0,1,0,0,56,0,0,1,0,44,39,5,58,0,0
14805,1000000US170312423001022,39,36,1,0,0,0,2,37,0,2,3,0,20,19,1,42,0,0
14806,1000000US170312423001023,49,37,2,1,2,0,7,42,0,7,12,1,32,29,3,50,0,0
14807,1000000US170312423001024,39,35,0,0,4,0,0,39,0,0,4,0,23,23,0,43,0,0
14808,1000000US170312423001025,58,51,0,0,4,0,3,55,0,3,7,0,32,28,4,67,0,0
14809,1000000US170312423001026,36,27,4,0,5,0,0,36,0,0,9,0,19,19,0,41,0,0
14810,1000000US170312423001027,19,18,0,0,0,0,1,18,0,1,1,0,16,15,1,22,0,0
14811,1000000US170312423001028,108,91,1,1,4,0,11,97,0,11,17,1,58,55,3,124,0,0
14812,1000000US170312423001029,18,17,0,0,1,0,0,18,0,0,1,0,12,12,0,18,0,0
14813,1000000US170312423002000,86,62,2,4,3,0,17,69,0,17,24,2,49,47,2,92,2,0
14814,1000000US170312423002001,63,52,2,0,2,0,8,55,0,8,11,0,33,32,1,66,0,1
14815,1000000US170312423002002,68,56,1,1,1,0,10,58,0,10,12,3,43,40,3,77,0,0
14816,1000000US170312423002003,55,48,1,0,1,0,5,50,0,5,7,0,27,27,0,59,0,0
14817,1000000US170312423002004,43,38,1,0,1,0,3,40,0,3,5,0,29,25,4,52,0,0
14818,1000000US170312423002005,13,10,0,0,2,0,1,12,0,1,3,0,15,7,8,13,0,0
14819,1000000US170312423002006,30,28,1,0,0,0,1,29,0,1,2,0,15,15,0,30,0,0
14820,1000000US170312423002007,37,30,0,1,4,0,5,32,0,5,7,4,22,21,1,41,0,0
14821,1000000US170312423002008,46,44,0,0,2,1,0,46,0,0,2,2,26,25,1,50,0,0
14822,1000000US170312423002009,71,53,2,2,6,0,6,65,0,6,18,4,39,36,3,73,0,0
14823,1000000US170312423002010,16,13,0,0,2,0,1,15,0,1,3,0,11,11,0,17,0,0
14824,1000000US170312423002011,43,43,0,0,0,0,0,43,0,0,0,0,28,28,0,43,0,0
14825,1000000US170312423002012,28,27,0,0,1,0,0,28,0,0,1,0,17,16,1,32,0,0
14826,1000000US170312423002013,94,84,1,0,2,0,7,87,0,7,10,0,62,60,2,103,0,0
14827,1000000US170312423002014,66,57,0,0,3,0,6,60,0,6,9,2,45,41,4,75,0,0
14828,1000000US170312423002015,7,7,0,0,0,0,0,7,0,0,0,0,3,3,0,7,0,0
14829,1000000US170312423002016,56,39,4,1,3,0,10,46,0,10,17,0,35,31,4,66,1,1
14830,1000000US170312423002017,62,48,2,2,4,0,7,55,0,7,14,4,45,41,4,65,2,0
14831,1000000US170312423002018,81,70,0,0,1,0,10,71,0,10,11,1,54,52,2,93,0,0
14832,1000000US170312423002019,65,58,0,0,3,1,4,61,0,4,7,1,40,39,1,72,0,0
14833,1000000US170312423002020,75,56,2,0,6,0,11,64,0,11,19,0,51,45,6,89,0,0
14834,1000000US170312423002021,0,0,0,0,0,0,0,0,0,0,0,0,0,0,0,0,0,0
14835,1000000US170312423002022,5,2,0,0,1,0,2,3,0,2,3,0,5,3,2,5,0,0
14836,1000000US170312423002023,46,35,4,1,1,0,5,41,0,5,11,0,27,26,1,53,1,0
14837,1000000US170312423002024,41,27,1,0,6,1,6,35,0,6,14,0,24,20,4,47,0,0
14838,1000000US170312423002025,59,56,1,0,0,0,2,57,0,2,3,0,35,31,4,68,0,0
14839,1000000US170312423002026,57,53,2,0,1,0,3,54,0,3,4,0,42,40,2,67,0,2
14840,1000000US170312423002027,19,17,0,0,2,0,0,19,0,0,2,1,8,8,0,22,0,0
14841,1000000US170312423002028,0,0,0,0,0,0,0,0,0,0,0,0,0,0,0,0,0,0
14842,1000000US170312423002029,173,138,8,2,11,0,16,157,0,16,35,4,110,105,5,182,2,1
14843,1000000US170312423002030,86,58,1,1,1,0,26,60,0,26,28,1,55,51,4,105,0,0
14844,1000000US170312424001000,8,8,0,0,0,0,0,8,0,0,0,0,0,0,0,8,0,0
14845,1000000US170312424001001,0,0,0,0,0,0,0,0,0,0,0,0,0,0,0,0,0,0
14846,1000000US170312424001002,85,58,4,0,6,0,18,67,0,18,27,4,53,44,9,99,0,1
14847,1000000US170312424001003,82,62,5,1,5,0,10,72,0,10,20,2,45,44,1,85,0,0
14848,1000000US170312424001004,103,84,4,0,10,0,5,98,0,5,19,1,65,63,2,117,0,0
14849,1000000US170312424001005,35,27,1,0,2,0,6,29,0,6,8,1,22,21,1,39,0,1
14850,1000000US170312424001006,23,18,0,0,0,0,5,18,0,5,5,0,15,15,0,27,0,0
14851,1000000US170312424001007,58,44,4,0,2,0,8,50,0,8,14,0,40,37,3,66,0,0
14852,1000000US170312424001008,57,54,0,0,2,0,1,56,0,1,3,1,39,35,4,60,0,0
14853,1000000US170312424001009,84,62,0,1,6,0,15,69,0,15,22,2,52,46,6,89,0,0
14854,1000000US170312424001010,28,27,0,0,0,0,1,27,0,1,1,0,16,15,1,29,0,0
14855,1000000US170312424001011,49,46,2,0,2,0,0,49,0,0,3,1,34,28,6,56,0,0
14856,1000000US170312424001012,57,52,3,2,0,0,2,55,0,2,5,2,39,35,4,65,0,1
14857,1000000US170312424001013,38,35,0,0,3,0,0,38,0,0,3,1,22,22,0,41,0,0
14858,1000000US170312424001014,53,49,1,1,1,0,2,51,0,2,4,1,34,29,5,59,1,0
14859,1000000US170312424001015,58,51,0,0,2,0,5,53,0,5,7,1,36,34,2,61,0,0
14860,1000000US170312424001016,60,46,0,1,6,0,6,54,0,6,14,4,38,34,4,61,1,0
14861,1000000US170312424001017,47,42,0,0,3,0,2,45,0,2,5,1,29,29,0,49,0,0
14862,1000000US170312424001018,26,25,0,0,0,0,1,25,0,1,1,0,19,15,4,28,0,0
14863,1000000US170312424001019,84,68,0,0,2,0,13,71,0,13,16,2,72,51,21,91,0,0
14864,1000000US170312424001020,40,28,0,0,1,0,11,29,0,11,12,0,34,22,12,46,0,0
14865,1000000US170312424002000,40,34,0,1,1,0,5,35,0,5,6,0,24,24,0,48,1,0
14866,1000000US170312424002001,36,33,0,0,2,0,1,35,0,1,3,0,29,26,3,38,0,0
14867,1000000US170312424002002,38,30,0,0,0,0,8,30,0,8,8,0,20,20,0,39,0,0
14868,1000000US170312424002003,37,37,0,0,0,0,0,37,0,0,0,0,23,21,2,42,0,0
14869,1000000US170312424002004,41,30,3,0,2,0,7,34,0,7,11,4,26,25,1,42,0,1
14870,1000000US170312424002005,54,52,0,0,1,0,1,53,0,1,2,0,41,37,4,56,0,0
14871,1000000US170312424002006,68,64,0,0,0,0,4,64,0,4,4,1,40,36,4,80,0,0
14872,1000000US170312424002007,62,55,1,0,3,0,1,61,0,1,7,1,39,38,1,71,0,0
14873,1000000US170312424002008,32,29,0,0,0,0,3,29,0,3,3,0,26,23,3,33,0,0
14874,1000000US170312424002009,73,62,4,0,4,0,3,70,0,3,11,6,45,40,5,79,0,0
14875,1000000US170312424002010,8,7,0,0,0,0,1,7,0,1,1,0,7,6,1,11,0,0
14876,1000000US170312424002011,63,60,0,0,0,0,3,60,0,3,3,0,44,40,4,70,0,0
14877,1000000US170312424002012,155,138,4,3,3,0,8,147,0,8,17,7,107,97,10,170,1,0
14878,1000000US170312424002013,81,80,0,0,1,0,0,81,0,0,1,0,50,46,4,86,0,0
14879,1000000US170312424002014,79,72,3,0,1,0,3,76,0,3,7,0,53,49,4,87,0,0
14880,1000000US170312424002015,86,77,0,1,4,0,4,82,0,4,9,2,66,58,8,96,0,0
14881,1000000US170312424002016,32,25,0,0,3,0,4,28,0,4,7,0,16,15,1,32,0,0
14882,1000000US170312424002017,61,54,1,0,4,0,2,59,0,2,7,1,39,37,2,69,0,0
14883,1000000US170312424002018,89,85,0,0,3,0,1,88,0,1,4,0,56,53,3,94,0,0
14884,1000000US170312424002019,31,22,1,0,7,0,1,30,0,1,9,0,22,20,2,33,0,0
14885,1000000US170312424002020,35,25,0,0,6,0,4,31,0,4,10,0,18,16,2,42,0,0
14886,1000000US170312424002021,3,3,0,0,0,0,0,3,0,0,0,0,1,1,0,3,0,0
14887,1000000US170312424002022,60,58,0,0,1,0,1,59,0,1,2,1,35,33,2,62,0,0
14888,1000000US170312424002023,42,42,0,0,0,0,0,42,0,0,0,0,27,23,4,52,0,0
14889,1000000US170312424002024,103,94,1,0,6,0,3,100,0,3,9,1,63,52,11,118,0,1
14890,1000000US170312424002025,35,30,2,0,1,0,1,34,0,1,5,0,22,20,2,35,0,0
14891,1000000US170312425001000,0,0,0,0,0,0,0,0,0,0,0,0,0,0,0,0,0,0
14892,1000000US170312425001001,11,0,2,0,1,0,9,2,0,9,11,0,7,5,2,15,0,1
14893,1000000US170312425001002,116,18,10,5,3,0,90,26,0,90,98,7,94,87,7,128,4,6
14894,1000000US170312425001003,97,47,10,0,1,1,47,50,0,47,50,11,66,55,11,110,0,8
14895,1000000US170312425001004,80,23,4,0,5,0,48,32,0,48,57,1,41,40,1,110,0,0
14896,1000000US170312425001005,73,27,4,0,1,0,42,31,0,42,46,2,49,43,6,92,0,1
14897,1000000US170312425001006,0,0,0,0,0,0,0,0,0,0,0,0,0,0,0,0,0,0
14898,1000000US170312425001007,79,22,6,3,6,0,45,34,0,45,57,7,52,44,8,102,2,1
14899,1000000US170312425001008,105,30,3,3,7,0,66,39,0,66,75,12,55,53,2,133,0,0
14900,1000000US170312425001009,74,34,1,0,9,0,29,45,0,29,40,0,51,41,10,92,0,0
14901,1000000US170312425001010,69,54,0,0,3,1,11,58,0,11,15,0,46,38,8,79,0,0
14902,1000000US170312425001011,0,0,0,0,0,0,0,0,0,0,0,0,0,0,0,0,0,0
14903,1000000US170312425001012,65,28,4,0,0,0,33,32,0,33,37,0,33,33,0,75,0,0
14904,1000000US170312425001013,101,51,11,3,0,0,40,61,0,40,50,3,53,49,4,129,1,2
14905,1000000US170312425001014,105,93,0,0,3,0,9,96,0,9,12,2,53,51,2,127,0,0
14906,1000000US170312425001015,80,67,1,0,4,0,8,72,0,8,13,1,48,47,1,86,0,0
14907,1000000US170312425001016,158,97,15,1,3,0,43,115,0,43,61,9,87,82,5,201,1,1
14908,1000000US170312425001017,130,34,9,1,1,1,91,39,0,91,96,6,80,69,11,175,0,5
14909,1000000US170312425001018,110,66,5,0,6,0,33,77,0,33,44,2,63,60,3,132,0,0
14910,1000000US170312425001019,38,25,2,4,3,0,8,30,0,8,13,0,16,16,0,42,4,0
14911,1000000US170312425002000,88,73,1,0,4,0,10,78,0,10,15,2,49,45,4,102,0,0
14912,1000000US170312425002001,67,36,3,1,9,0,20,47,0,20,31,1,39,37,2,84,1,0
14913,1000000US170312425002002,123,58,9,0,1,0,55,68,0,55,65,3,75,67,8,159,0,0
14914,1000000US170312425002003,137,79,3,1,2,0,52,85,0,52,58,2,79,68,11,177,0,1
14915,1000000US170312425002004,49,47,1,0,0,0,2,47,0,2,2,1,33,32,1,51,0,1
14916,1000000US170312425002005,131,117,2,0,3,0,7,124,0,7,14,1,84,77,7,148,0,0
14917,1000000US170312425002006,103,72,9,0,3,0,19,84,0,19,31,0,63,55,8,123,0,0
14918,1000000US170312425002007,0,0,0,0,0,0,0,0,0,0,0,0,0,0,0,0,0,0
14919,1000000US170312425002008,16,8,1,1,3,0,3,13,0,3,8,1,12,9,3,16,0,0
14920,1000000US170312425002009,0,0,0,0,0,0,0,0,0,0,0,0,0,0,0,0,0,0
14921,1000000US170312425002010,84,53,0,0,0,0,31,53,0,31,31,4,45,42,3,101,0,0
14922,1000000US170312425002011,96,89,0,0,1,0,5,91,0,5,7,1,47,47,0,108,0,0
14923,1000000US170312425002012,94,88,0,0,1,0,4,90,0,4,6,2,56,56,0,111,0,0
14924,1000000US170312425002013,119,72,5,0,3,0,44,75,0,44,47,7,76,69,7,138,0,3
14925,1000000US170312425002014,81,64,2,0,1,0,14,67,0,14,17,1,48,42,6,99,0,0
14926,1000000US170312425002015,55,44,5,0,2,0,4,51,0,4,11,0,28,28,0,56,0,0
14927,1000000US170312425002016,52,47,1,0,1,0,3,49,0,3,5,2,27,25,2,61,0,0
14928,1000000US170312425002017,65,49,3,0,1,0,13,52,0,13,16,2,38,35,3,76,0,0
14929,1000000US170312426001000,116,26,29,0,4,0,60,56,0,60,90,0,73,60,13,168,0,3
14930,1000000US170312426001001,76,21,6,1,1,0,48,28,0,48,55,4,56,44,12,110,0,0
14931,1000000US170312426001002,106,1,3,0,0,0,103,3,0,103,105,2,94,90,4,106,0,1
14932,1000000US170312426001003,70,16,20,3,1,0,34,36,0,34,54,6,41,36,5,83,2,1
14933,1000000US170312426001004,119,51,31,1,1,0,38,81,0,38,68,1,73,61,12,154,0,2
14934,1000000US170312426001005,108,29,41,1,3,0,36,72,0,36,79,7,50,44,6,156,0,0
14935,1000000US170312426001006,73,18,29,2,2,1,31,42,0,31,55,5,38,36,2,104,0,7
14936,1000000US170312426001007,21,8,4,2,0,0,9,12,0,9,13,2,22,15,7,24,1,0
14937,1000000US170312426001008,52,19,8,0,0,0,28,24,0,28,33,4,30,29,1,68,0,3
14938,1000000US170312426001009,111,15,11,0,5,2,84,27,0,84,96,6,51,50,1,145,0,1
14939,1000000US170312426001010,136,45,17,1,4,0,69,67,0,69,91,5,77,74,3,175,1,0
14940,1000000US170312426001011,45,13,4,0,1,0,29,16,0,29,32,0,26,22,4,54,0,2
14941,1000000US170312426001012,23,8,1,2,1,1,13,10,0,13,15,1,17,15,2,25,2,0
14942,1000000US170312426001013,26,1,1,0,0,0,25,1,0,25,25,1,19,13,6,33,0,1
14943,1000000US170312426001014,81,14,13,0,1,0,53,28,0,53,67,6,47,41,6,95,0,0
14944,1000000US170312426002000,76,26,3,3,3,0,44,32,0,44,50,4,47,43,4,97,2,0
14945,1000000US170312426002001,84,9,19,3,0,0,62,22,0,62,75,9,70,55,15,143,2,6
14946,1000000US170312426002002,100,32,13,10,3,0,59,41,0,59,68,3,57,52,5,135,9,7
14947,1000000US170312426002003,106,28,22,2,0,0,59,47,0,59,78,3,52,46,6,135,0,3
14948,1000000US170312426002004,182,103,26,0,6,0,56,126,0,56,79,15,96,95,1,209,0,9
14949,1000000US170312426002005,100,40,14,0,1,1,44,56,0,44,60,2,57,45,12,144,0,0
14950,1000000US170312426002006,110,44,7,1,0,1,61,49,0,61,66,0,62,55,7,148,1,2
14951,1000000US170312426002007,125,34,17,1,6,0,70,55,0,70,91,7,72,67,5,178,0,0
14952,1000000US170312426002008,51,16,3,0,6,0,26,25,0,26,35,3,26,26,0,59,0,0
14953,1000000US170312426002009,75,53,2,0,5,0,15,60,0,15,22,4,55,49,6,88,0,0
14954,1000000US170312426002010,65,38,11,1,4,0,15,50,0,15,27,3,46,42,4,83,0,3
14955,1000000US170312426002011,27,11,6,1,0,0,10,17,0,10,16,0,15,13,2,35,1,0
14956,1000000US170312426002012,74,28,6,1,0,0,41,33,0,41,46,5,42,39,3,95,1,2
14957,1000000US170312426002013,99,48,8,1,2,0,40,59,0,40,51,3,61,54,7,127,1,0
14958,1000000US170312426003000,110,59,4,0,5,0,45,65,0,45,51,0,68,61,7,135,0,0
14959,1000000US170312426003001,156,52,4,0,0,0,103,53,0,103,104,1,79,67,12,180,0,3
14960,1000000US170312426003002,142,79,7,2,3,0,52,90,0,52,63,3,84,79,5,157,2,0
14961,1000000US170312426003003,79,60,0,2,1,0,17,62,0,17,19,1,42,38,4,87,1,0
14962,1000000US170312426003004,98,83,2,0,2,0,11,87,0,11,15,0,55,50,5,121,0,0
14963,1000000US170312426003005,117,87,0,1,0,2,27,90,0,27,30,3,72,59,13,137,1,0
14964,1000000US170312426003006,105,83,1,0,1,1,20,85,0,20,22,4,76,65,11,125,0,0
14965,1000000US170312426003007,182,159,6,0,1,0,16,166,0,16,23,0,99,93,6,200,0,0
14966,1000000US170312426003008,154,117,0,0,2,0,35,119,0,35,37,1,72,68,4,178,0,0
14967,1000000US170312426003009,231,176,7,2,11,0,35,196,0,35,55,5,140,134,6,260,1,0
14968,1000000US170312426003010,44,32,1,0,0,0,12,32,0,12,12,1,26,25,1,52,0,1
14969,1000000US170312426004000,25,8,2,0,2,0,14,11,0,14,17,1,17,16,1,33,0,0
14970,1000000US170312426004001,27,9,0,0,0,0,18,9,0,18,18,1,13,12,1,41,0,0
14971,1000000US170312426004002,32,14,7,0,1,0,13,19,0,13,18,0,19,16,3,36,0,3
14972,1000000US170312426004003,99,46,23,0,1,0,40,59,0,40,53,0,53,50,3,126,0,10
14973,1000000US170312426004004,34,9,9,1,0,0,19,15,0,19,25,2,25,21,4,38,0,4
14974,1000000US170312426004005,59,4,22,3,1,0,33,26,0,33,55,0,51,48,3,60,3,1
14975,1000000US170312426004006,82,42,4,0,2,0,34,48,0,34,40,1,44,38,6,93,0,0
14976,1000000US170312426004007,84,37,10,0,0,0,39,45,0,39,47,4,45,44,1,116,0,2
14977,1000000US170312426004008,79,55,1,0,1,0,22,57,0,22,24,0,47,42,5,91,0,0
14978,1000000US170312426004009,66,48,1,0,5,0,13,53,0,13,18,1,38,32,6,82,0,1
14979,1000000US170312426004010,77,40,13,0,1,0,24,53,0,24,37,3,40,37,3,95,0,1
14980,1000000US170312426004011,52,18,5,4,0,0,28,24,0,28,34,2,38,32,6,70,2,0
14981,1000000US170312426004012,48,24,5,3,5,0,12,36,0,12,24,3,27,26,1,58,1,0
14982,1000000US170312426004013,35,28,0,0,3,0,4,31,0,4,7,0,20,18,2,37,0,0
14983,1000000US170312426004014,40,24,1,0,3,0,12,28,0,12,16,0,22,20,2,47,0,0
14984,1000000US170312427001000,36,5,5,2,0,0,26,10,0,26,31,1,21,18,3,44,2,1
14985,1000000US170312427001001,80,28,17,1,0,0,38,42,0,38,52,1,45,40,5,96,1,3
14986,1000000US170312427001002,64,11,26,1,0,0,28,36,0,28,53,2,40,35,5,93,1,2
14987,1000000US170312427001003,44,5,11,0,2,0,28,16,0,28,39,0,42,23,19,65,0,2
14988,1000000US170312427001004,67,10,28,0,1,0,31,36,0,31,57,2,48,37,11,119,0,3
14989,1000000US170312427001005,90,14,32,0,0,0,54,36,0,54,76,4,43,39,4,130,0,10
14990,1000000US170312427001006,79,24,21,0,1,0,34,45,0,34,55,4,41,37,4,111,0,1
14991,1000000US170312427001007,130,21,50,1,3,0,59,71,0,59,109,4,62,60,2,186,0,2
14992,1000000US170312427001008,90,18,30,0,0,2,44,46,0,44,72,3,50,46,4,135,0,4
14993,1000000US170312427001009,67,21,17,1,0,0,28,39,0,28,46,1,35,34,1,107,0,0
14994,1000000US170312427001010,102,7,27,0,1,0,70,32,0,70,95,6,49,43,6,154,0,2
14995,1000000US170312427001011,99,35,35,2,0,1,31,68,0,31,64,8,50,46,4,132,0,2
14996,1000000US170312427001012,97,19,13,1,0,0,67,30,0,67,78,0,54,45,9,133,1,2
14997,1000000US170312427001013,89,32,28,0,0,0,34,55,0,34,57,1,56,47,9,125,0,5
14998,1000000US170312427001014,142,32,51,3,0,1,61,81,0,61,110,3,69,65,4,202,2,3
14999,1000000US170312427001015,136,74,9,0,9,0,46,90,0,46,62,5,85,71,14,168,0,1
15000,1000000US170312427001016,25,23,0,0,0,0,2,23,0,2,2,0,26,14,12,26,0,0
15001,1000000US170312427001017,0,0,0,0,0,0,0,0,0,0,0,0,0,0,0,0,0,0
15002,1000000US170312427001018,0,0,0,0,0,0,0,0,0,0,0,0,1,0,1,0,0,0
15003,1000000US170312427001019,3,1,0,0,0,0,2,1,0,2,2,0,3,2,1,3,0,0
15004,1000000US170312427001020,0,0,0,0,0,0,0,0,0,0,0,0,0,0,0,0,0,0
15005,1000000US170312427001021,0,0,0,0,0,0,0,0,0,0,0,0,0,0,0,0,0,0
15006,1000000US170312428001000,7,3,1,0,1,1,2,5,0,2,4,0,5,5,0,7,0,0
15007,1000000US170312428001001,35,24,1,0,0,0,9,26,0,9,11,0,28,19,9,39,0,0
15008,1000000US170312428001002,57,51,0,0,0,0,6,51,0,6,6,0,32,31,1,67,0,0
15009,1000000US170312428001003,25,16,4,3,1,0,5,20,0,5,9,4,11,11,0,28,2,2
15010,1000000US170312428001004,3,2,0,0,1,0,0,3,0,0,1,0,1,1,0,3,0,0
15011,1000000US170312428001005,19,5,3,0,2,0,9,10,0,9,14,0,11,9,2,24,0,0
15012,1000000US170312428001006,42,35,0,3,0,0,6,36,0,6,7,3,32,23,9,49,0,0
15013,1000000US170312428001007,11,8,0,0,0,0,3,8,0,3,3,0,7,7,0,12,0,0
15014,1000000US170312428001008,0,0,0,0,0,0,0,0,0,0,0,0,0,0,0,0,0,0
15015,1000000US170312428001009,51,48,0,0,1,0,2,49,0,2,3,0,31,25,6,60,0,0
15016,1000000US170312428001010,62,53,0,1,1,0,7,55,0,7,9,1,37,34,3,80,0,0
15017,1000000US170312428001011,85,68,0,0,5,0,12,73,0,12,17,0,45,42,3,96,0,0
15018,1000000US170312428001012,90,79,1,0,6,0,4,86,0,4,11,0,55,51,4,108,0,0
15019,1000000US170312428001013,77,58,1,0,1,0,17,60,0,17,19,1,46,43,3,94,0,0
15020,1000000US170312428001014,7,5,0,0,1,0,1,6,0,1,2,1,4,4,0,7,0,0
15021,1000000US170312428001015,39,32,1,0,3,0,3,36,0,3,7,1,22,21,1,49,0,0
15022,1000000US170312428001016,58,46,3,0,1,0,11,47,0,11,12,1,28,27,1,72,0,3
15023,1000000US170312428001017,45,32,0,0,0,0,13,32,0,13,13,0,22,21,1,58,0,0
15024,1000000US170312428001018,69,56,1,0,2,1,9,60,0,9,13,0,40,37,3,78,0,0
15025,1000000US170312428001019,0,0,0,0,0,0,0,0,0,0,0,0,0,0,0,0,0,0
15026,1000000US170312428001020,45,27,6,0,3,0,9,36,0,9,18,2,29,25,4,50,0,0
15027,1000000US170312428001021,11,11,0,0,0,0,0,11,0,0,0,0,9,8,1,12,0,0
15028,1000000US170312428001022,38,31,1,0,0,0,6,32,0,6,7,0,21,19,2,44,0,0
15029,1000000US170312428001023,9,9,0,0,0,0,0,9,0,0,0,0,5,5,0,9,0,0
15030,1000000US170312428001024,51,41,3,1,2,0,6,45,0,6,10,2,28,26,2,64,1,0
15031,1000000US170312428001025,43,33,0,0,0,0,10,33,0,10,10,0,25,21,4,51,0,0
15032,1000000US170312428001026,0,0,0,0,0,0,0,0,0,0,0,0,0,0,0,0,0,0
15033,1000000US170312428001027,66,50,4,2,5,0,10,56,0,10,16,3,38,36,2,78,2,0
15034,1000000US170312428001028,34,20,0,0,0,0,14,20,0,14,14,0,15,15,0,38,0,0
15035,1000000US170312428001029,28,26,0,0,1,0,1,27,0,1,2,0,20,20,0,33,0,0
15036,1000000US170312428001030,15,3,0,0,0,0,12,3,0,12,12,1,9,8,1,15,0,0
15037,1000000US170312428001031,0,0,0,0,0,0,0,0,0,0,0,0,0,0,0,0,0,0
15038,1000000US170312428001032,10,9,1,0,0,0,0,10,0,0,1,1,10,10,0,10,0,0
15039,1000000US170312428001033,14,7,1,0,0,0,6,8,0,6,7,0,6,6,0,14,0,0
15040,1000000US170312428001034,23,11,1,0,0,0,11,12,0,11,12,0,19,13,6,32,0,0
15041,1000000US170312428001035,21,18,0,0,0,0,3,18,0,3,3,0,12,12,0,26,0,0
15042,1000000US170312428001036,0,0,0,0,0,0,0,0,0,0,0,0,0,0,0,0,0,0
15043,1000000US170312428001037,0,0,0,0,0,0,0,0,0,0,0,0,0,0,0,0,0,0
15044,1000000US170312428001038,0,0,0,0,0,0,0,0,0,0,0,0,0,0,0,0,0,0
15045,1000000US170312428001039,10,9,0,0,1,0,0,10,0,0,1,0,8,7,1,10,0,0
15046,1000000US170312428001040,0,0,0,0,0,0,0,0,0,0,0,0,0,0,0,0,0,0
15047,1000000US170312428001041,15,8,4,0,1,0,2,13,0,2,7,0,11,10,1,15,0,0
15048,1000000US170312428001042,0,0,0,0,0,0,0,0,0,0,0,0,0,0,0,0,0,0
15049,1000000US170312428001043,2,0,0,0,0,0,2,0,0,2,2,0,1,1,0,4,0,0
15050,1000000US170312428001044,0,0,0,0,0,0,0,0,0,0,0,0,0,0,0,0,0,0
15051,1000000US170312428001045,0,0,0,0,0,0,0,0,0,0,0,0,0,0,0,0,0,0
15052,1000000US170312428001046,0,0,0,0,0,0,0,0,0,0,0,0,0,0,0,0,0,0
15053,1000000US170312429001000,31,19,1,0,2,0,9,22,0,9,12,1,22,22,0,32,0,0
15054,1000000US170312429001001,54,48,1,0,2,0,3,51,0,3,6,0,31,31,0,57,0,0
15055,1000000US170312429001002,81,69,3,2,4,1,4,77,0,4,12,3,58,53,5,83,0,1
15056,1000000US170312429001003,0,0,0,0,0,0,0,0,0,0,0,0,0,0,0,0,0,0
15057,1000000US170312429001004,1,1,0,0,0,0,0,1,0,0,0,0,1,1,0,1,0,0
15058,1000000US170312429001005,71,54,1,1,2,0,13,58,0,13,17,4,54,50,4,82,0,0
15059,1000000US170312429001006,86,77,0,0,2,0,7,79,0,7,9,0,55,50,5,108,0,0
15060,1000000US170312429001007,61,55,0,0,0,0,6,55,0,6,6,1,41,37,4,65,0,0
15061,1000000US170312429001008,74,59,0,0,2,0,13,61,0,13,15,2,40,38,2,85,0,0
15062,1000000US170312429001009,15,13,0,0,0,0,2,13,0,2,2,0,9,9,0,16,0,0
15063,1000000US170312429001010,105,89,1,2,4,0,10,95,0,10,16,1,64,61,3,118,2,0
15064,1000000US170312429001011,32,19,0,0,0,0,13,19,0,13,13,0,30,18,12,38,0,0
15065,1000000US170312429001012,8,8,0,0,0,0,0,8,0,0,0,0,4,4,0,12,0,0
15066,1000000US170312429001013,103,67,0,0,2,0,34,69,0,34,36,2,57,56,1,126,0,0
15067,1000000US170312429001014,8,6,0,0,0,0,2,6,0,2,2,0,8,7,1,10,0,0
15068,1000000US170312429001015,18,16,0,0,0,0,2,16,0,2,2,0,13,11,2,20,0,0
15069,1000000US170312429001016,25,21,3,0,0,0,1,24,0,1,4,0,17,16,1,34,0,0
15070,1000000US170312429001017,45,38,1,1,3,0,2,43,0,2,7,1,30,30,0,48,0,0
15071,1000000US170312429001018,79,40,1,2,3,0,33,46,0,33,39,5,47,44,3,102,0,0
15072,1000000US170312429001019,87,58,3,0,2,0,24,63,0,24,29,1,57,51,6,108,0,0
15073,1000000US170312429001020,45,27,3,0,1,0,14,31,0,14,18,0,25,24,1,62,0,0
15074,1000000US170312429002000,41,28,2,2,1,0,10,31,0,10,13,3,22,21,1,43,1,0
15075,1000000US170312429002001,0,0,0,0,0,0,0,0,0,0,0,0,0,0,0,0,0,0
15076,1000000US170312429002002,35,24,0,1,2,0,8,27,0,8,11,3,25,24,1,40,0,0
15077,1000000US170312429002003,36,29,0,0,1,0,6,30,0,6,7,2,28,26,2,40,0,0
15078,1000000US170312429002004,20,18,0,0,1,0,1,19,0,1,2,0,14,12,2,22,0,0
15079,1000000US170312429002005,23,13,0,0,1,1,9,14,0,9,10,1,11,10,1,33,0,0
15080,1000000US170312429002006,2,0,0,0,0,0,2,0,0,2,2,0,3,1,2,2,0,0
15081,1000000US170312429002007,27,15,0,0,5,0,7,20,0,7,12,0,21,14,7,30,0,0
15082,1000000US170312429002008,54,24,0,0,2,0,28,26,0,28,30,3,36,30,6,62,0,0
15083,1000000US170312429002009,42,8,2,2,0,0,31,11,0,31,34,0,22,21,1,53,2,0
15084,1000000US170312429002010,36,29,3,0,0,0,4,32,0,4,7,1,21,20,1,41,0,0
15085,1000000US170312429002011,12,4,0,0,0,0,8,4,0,8,8,0,5,5,0,17,0,0
15086,1000000US170312429002012,18,7,0,0,2,0,9,9,0,9,11,2,14,9,5,26,0,0
15087,1000000US170312429002013,16,7,0,0,0,0,9,7,0,9,9,0,11,9,2,17,0,0
15088,1000000US170312429002014,2,2,0,0,0,0,0,2,0,0,0,0,2,2,0,2,0,0
15089,1000000US170312429002015,4,4,0,0,0,0,0,4,0,0,0,0,2,2,0,4,0,0
15090,1000000US170312429002016,0,0,0,0,0,0,0,0,0,0,0,0,0,0,0,0,0,0
15091,1000000US170312429002017,14,13,0,0,0,0,1,13,0,1,1,0,8,8,0,15,0,0
15092,1000000US170312429002018,12,7,0,0,0,0,5,7,0,5,5,0,10,10,0,14,0,0
15093,1000000US170312429002019,0,0,0,0,0,0,0,0,0,0,0,0,0,0,0,0,0,0
15094,1000000US170312429002020,0,0,0,0,0,0,0,0,0,0,0,0,0,0,0,0,0,0
15095,1000000US170312429002021,0,0,0,0,0,0,0,0,0,0,0,0,0,0,0,0,0,0
15096,1000000US170312429002022,0,0,0,0,0,0,0,0,0,0,0,0,0,0,0,0,0,0
15097,1000000US170312429002023,2,1,1,0,0,0,0,2,0,0,1,1,3,2,1,2,0,0
15098,1000000US170312429002024,0,0,0,0,0,0,0,0,0,0,0,0,0,0,0,0,0,0
15099,1000000US170312430001000,12,4,0,0,0,0,8,4,0,8,8,0,7,7,0,19,0,0
15100,1000000US170312430001001,70,31,4,0,1,1,36,34,0,36,39,6,49,39,10,86,0,2
15101,1000000US170312430001002,129,96,4,0,13,1,15,114,0,15,33,1,78,72,6,148,0,0
15102,1000000US170312430001003,115,54,2,0,11,0,48,67,0,48,61,3,65,58,7,145,0,0
15103,1000000US170312430001004,87,52,3,0,5,0,27,60,0,27,35,0,57,44,13,95,0,0
15104,1000000US170312430001005,62,31,4,1,1,0,24,38,0,24,31,3,37,33,4,78,1,0
15105,1000000US170312430001006,94,55,4,0,6,0,32,62,0,32,39,3,46,43,3,105,0,3
15106,1000000US170312430001007,51,28,0,0,3,0,20,31,0,20,23,0,28,26,2,64,0,0
15107,1000000US170312430001008,91,59,5,0,4,0,23,68,0,23,32,2,58,51,7,108,0,0
15108,1000000US170312430001009,40,37,0,0,0,0,3,37,0,3,3,0,28,21,7,51,0,0
15109,1000000US170312430002000,77,61,4,0,1,0,11,66,0,11,16,3,44,39,5,86,0,0
15110,1000000US170312430002001,77,57,4,1,4,0,13,64,0,13,20,4,46,43,3,86,1,0
15111,1000000US170312430002002,67,55,0,0,1,0,11,56,0,11,12,1,36,32,4,79,0,0
15112,1000000US170312430002003,98,62,1,0,3,0,31,67,0,31,36,0,61,53,8,118,0,0
15113,1000000US170312430002004,92,52,3,0,0,0,40,52,0,40,40,0,55,53,2,126,0,3
15114,1000000US170312430002005,111,56,8,2,8,0,42,69,0,42,55,4,61,55,6,132,1,2
15115,1000000US170312430002006,56,39,4,1,2,1,13,43,0,13,17,4,32,29,3,68,0,1
15116,1000000US170312430002007,110,61,2,0,6,0,41,69,0,41,49,1,64,63,1,135,0,0
15117,1000000US170312430002008,80,33,2,1,3,0,42,38,0,42,47,1,45,41,4,100,0,1
15118,1000000US170312430002009,57,25,5,0,1,0,29,28,0,29,32,0,37,29,8,71,0,3
15119,1000000US170312430002010,49,32,1,0,4,0,12,37,0,12,17,3,34,29,5,59,0,0
15120,1000000US170312430002011,50,34,1,0,0,0,15,35,0,15,16,0,31,25,6,63,0,0
15121,1000000US170312430002012,70,45,4,0,5,0,18,52,0,18,25,1,48,43,5,79,0,2
15122,1000000US170312430002013,60,45,6,0,3,0,6,54,0,6,15,1,42,39,3,63,0,0
15123,1000000US170312430002014,6,4,2,0,0,0,0,6,0,0,2,0,4,4,0,6,0,0
15124,1000000US170312430002015,11,7,1,0,0,0,3,8,0,3,4,0,7,7,0,16,0,0
15125,1000000US170312430002016,4,0,2,0,0,0,3,1,0,3,4,0,2,2,0,7,0,1
15126,1000000US170312430002017,11,9,0,0,0,0,2,9,0,2,2,0,7,7,0,11,0,0
15127,1000000US170312430002018,0,0,0,0,0,0,0,0,0,0,0,0,0,0,0,0,0,0
15128,1000000US170312430002019,0,0,0,0,0,0,0,0,0,0,0,0,0,0,0,0,0,0
15129,1000000US170312430002020,0,0,0,0,0,0,0,0,0,0,0,0,0,0,0,0,0,0
15130,1000000US170312431001000,81,18,7,1,4,0,54,27,0,54,63,3,44,41,3,103,1,2
15131,1000000US170312431001001,87,54,4,0,5,0,23,64,0,23,33,3,57,49,8,99,0,0
15132,1000000US170312431001002,117,58,3,4,3,0,52,65,0,52,59,3,63,61,2,135,4,0
15133,1000000US170312431001003,91,63,1,0,4,0,23,68,0,23,28,0,64,57,7,109,0,0
15134,1000000US170312431001004,82,44,1,0,3,0,34,48,0,34,38,1,39,37,2,116,0,0
15135,1000000US170312431001005,116,30,13,2,3,0,75,41,0,75,86,0,45,44,1,136,2,5
15136,1000000US170312431001006,115,24,1,0,2,0,88,27,0,88,91,1,60,51,9,142,0,0
15137,1000000US170312431001007,104,58,0,0,4,2,40,64,0,40,46,0,61,54,7,125,0,0
15138,1000000US170312431001008,100,42,0,5,5,0,53,47,0,53,58,2,59,53,6,124,3,0
15139,1000000US170312431001009,78,49,2,0,0,0,27,51,0,27,29,2,45,42,3,96,0,0
15140,1000000US170312431001010,92,40,0,0,1,0,51,41,0,51,52,0,42,41,1,119,0,0
15141,1000000US170312431001011,99,43,2,2,3,0,51,48,0,51,56,0,59,49,10,133,2,0
15142,1000000US170312431002000,68,28,3,1,4,0,33,35,0,33,40,1,40,35,5,85,1,0
15143,1000000US170312431002001,0,0,0,0,0,0,0,0,0,0,0,0,0,0,0,0,0,0
15144,1000000US170312431002002,93,50,2,0,2,0,39,54,0,39,43,0,40,39,1,122,0,0
15145,1000000US170312431002003,74,20,0,0,3,0,51,23,0,51,54,3,38,36,2,83,0,0
15146,1000000US170312431002004,82,23,8,1,2,0,52,30,0,52,59,6,47,40,7,98,1,3
15147,1000000US170312431002005,45,26,2,0,0,0,17,28,0,17,19,0,25,24,1,60,0,0
15148,1000000US170312431002006,48,42,1,0,0,0,5,43,0,5,6,0,25,23,2,60,0,0
15149,1000000US170312431002007,31,24,2,0,1,0,4,27,0,4,7,1,22,21,1,40,0,0
15150,1000000US170312431002008,50,37,0,0,1,0,12,38,0,12,13,0,39,29,10,55,0,0
15151,1000000US170312431002009,57,42,1,1,4,1,9,48,0,9,15,2,32,29,3,76,1,0
15152,1000000US170312431002010,9,1,2,0,3,0,3,6,0,3,8,0,12,6,6,10,0,0
15153,1000000US170312431002011,9,7,1,0,1,0,0,9,0,0,2,0,6,6,0,10,0,0
15154,1000000US170312431002012,18,3,2,0,2,0,11,7,0,11,15,0,11,11,0,27,0,0
15155,1000000US170312431002013,52,28,4,0,5,0,17,35,0,17,24,0,28,28,0,62,0,2
15156,1000000US170312431002014,1,1,0,0,0,0,0,1,0,0,0,0,1,1,0,1,0,0
15157,1000000US170312431002015,12,2,0,0,0,0,10,2,0,10,10,0,5,5,0,16,0,0
15158,1000000US170312431002016,0,0,0,0,0,0,0,0,0,0,0,0,0,0,0,0,0,0
15159,1000000US170312431002017,0,0,0,0,0,0,0,0,0,0,0,0,0,0,0,0,0,0
15160,1000000US170312431002018,0,0,0,0,0,0,0,0,0,0,0,0,0,0,0,0,0,0
15161,1000000US170312431002019,0,0,0,0,0,0,0,0,0,0,0,0,0,0,0,0,0,0
15162,1000000US170312431002020,0,0,0,0,0,0,0,0,0,0,0,0,0,0,0,0,0,0
15163,1000000US170312432001000,0,0,0,0,0,0,0,0,0,0,0,0,6,0,6,0,0,0
15164,1000000US170312432001001,25,9,2,1,0,0,13,12,0,13,16,0,16,14,2,28,1,0
15165,1000000US170312432001002,101,53,2,0,5,0,41,60,0,41,48,0,52,49,3,131,0,0
15166,1000000US170312432001003,32,31,0,0,0,0,1,31,0,1,1,0,22,21,1,32,0,0
15167,1000000US170312432001004,125,53,6,1,1,0,63,62,0,63,72,6,64,59,5,146,0,2
15168,1000000US170312432001005,111,32,5,0,6,0,74,37,0,74,79,6,40,40,0,141,0,5
15169,1000000US170312432001006,98,69,7,0,4,0,22,76,0,22,29,5,52,50,2,114,0,4
15170,1000000US170312432001007,59,48,2,0,1,0,8,51,0,8,11,1,35,34,1,60,0,0
15171,1000000US170312432001008,106,72,4,1,4,0,25,81,0,25,34,2,79,72,7,119,1,0
15172,1000000US170312432001009,148,46,2,2,0,0,98,50,0,98,102,4,61,59,2,190,0,0
15173,1000000US170312432001010,69,54,4,0,3,0,8,61,0,8,15,0,46,38,8,77,0,0
15174,1000000US170312432001011,83,36,0,0,4,0,43,40,0,43,47,0,41,37,4,110,0,0
15175,1000000US170312432002000,69,26,2,3,2,0,37,32,0,37,43,1,29,27,2,97,3,0
15176,1000000US170312432002001,141,80,10,3,7,0,47,94,0,47,61,5,82,78,4,172,0,3
15177,1000000US170312432002002,87,51,0,0,13,0,23,64,0,23,36,2,52,47,5,106,0,0
15178,1000000US170312432002003,61,36,0,0,5,0,20,41,0,20,25,0,35,32,3,76,0,0
15179,1000000US170312432002004,88,61,6,2,4,0,16,72,0,16,27,0,53,49,4,97,2,0
15180,1000000US170312432002005,30,20,0,0,4,0,6,24,0,6,10,1,20,17,3,36,0,0
15181,1000000US170312432002006,14,3,0,0,0,0,11,3,0,11,11,0,12,9,3,19,0,0
15182,1000000US170312432002007,0,0,0,0,0,0,0,0,0,0,0,0,0,0,0,0,0,0
15183,1000000US170312432002008,4,0,4,1,0,0,0,4,0,0,4,1,0,0,0,15,0,0
15184,1000000US170312432002009,39,28,0,0,3,0,8,31,0,8,11,1,30,24,6,41,0,0
15185,1000000US170312432002010,6,6,0,0,0,0,0,6,0,0,0,0,4,3,1,10,0,0
15186,1000000US170312432002011,48,31,4,0,4,0,12,36,0,12,17,3,28,27,1,50,0,0
15187,1000000US170312432002012,43,26,4,0,0,0,13,30,0,13,17,0,21,20,1,51,0,0
15188,1000000US170312432002013,14,6,4,0,1,0,4,10,0,4,8,0,13,7,6,19,0,1
15189,1000000US170312432002014,27,10,2,0,2,0,13,14,0,13,17,1,22,17,5,28,0,0
15190,1000000US170312432002015,3,2,0,0,1,0,0,3,0,0,1,0,1,1,0,3,0,0
15191,1000000US170312432002016,25,22,0,0,0,0,3,22,0,3,3,0,31,16,15,31,0,0
15192,1000000US170312432002017,102,57,15,0,3,0,30,72,0,30,45,4,80,71,9,114,0,3
15193,1000000US170312432002018,21,10,3,0,1,0,7,14,0,7,11,0,12,11,1,22,0,0
15194,1000000US170312432002019,2,1,0,0,1,0,1,1,0,1,1,1,1,1,0,2,0,0
15195,1000000US170312432002020,1,1,0,0,0,0,0,1,0,0,0,0,3,1,2,1,0,0
15196,1000000US170312432002021,11,8,2,0,2,0,0,11,0,0,3,2,5,5,0,12,0,0
15197,1000000US170312432002022,0,0,0,0,0,0,0,0,0,0,0,0,0,0,0,0,0,0
15198,1000000US170312432002023,0,0,0,0,0,0,0,0,0,0,0,0,0,0,0,0,0,0
15199,1000000US170312432002024,0,0,0,0,0,0,0,0,0,0,0,0,0,0,0,0,0,0
15200,1000000US170312432002025,8,8,0,0,0,0,0,8,0,0,0,0,10,5,5,9,0,0
15201,1000000US170312432002026,8,4,0,0,0,0,4,4,0,4,4,0,4,4,0,11,0,0
15202,1000000US170312432002027,0,0,0,0,0,0,0,0,0,0,0,0,0,0,0,0,0,0
15203,1000000US170312432002028,0,0,0,0,0,0,0,0,0,0,0,0,0,0,0,0,0,0
15204,1000000US170312433001000,66,51,4,0,3,0,10,56,0,10,15,3,35,34,1,75,0,1
15205,1000000US170312433001001,20,14,0,0,3,0,3,17,0,3,6,0,11,11,0,21,0,0
15206,1000000US170312433001002,67,32,2,2,1,0,32,35,0,32,35,9,30,29,1,79,0,0
15207,1000000US170312433001003,85,57,3,0,6,0,20,65,0,20,28,0,49,42,7,98,0,1
15208,1000000US170312433001004,0,0,0,0,0,0,0,0,0,0,0,0,0,0,0,0,0,0
15209,1000000US170312433001005,93,76,0,0,2,0,14,79,0,14,17,0,65,61,4,99,0,0
15210,1000000US170312433001006,96,62,0,0,11,0,23,73,0,23,34,5,67,61,6,110,0,0
15211,1000000US170312433001007,41,14,2,1,0,0,24,17,0,24,27,1,22,21,1,58,1,0
15212,1000000US170312433001008,66,47,1,2,8,0,11,55,0,11,19,3,47,41,6,78,2,0
15213,1000000US170312433001009,54,34,4,7,0,0,12,42,0,12,20,1,34,28,6,58,7,2
15214,1000000US170312433001010,53,44,1,2,3,0,3,50,0,3,9,0,33,33,0,59,2,0
15215,1000000US170312433001011,74,46,5,0,2,0,21,53,0,21,28,0,53,48,5,85,0,0
15216,1000000US170312433002000,71,51,2,4,5,0,10,61,0,10,20,3,48,45,3,80,3,0
15217,1000000US170312433002001,83,50,0,1,3,0,29,54,0,29,33,0,53,45,8,101,1,0
15218,1000000US170312433002002,65,47,0,0,0,0,18,47,0,18,18,0,35,32,3,86,0,0
15219,1000000US170312433002003,49,33,0,0,4,0,12,37,0,12,16,0,32,30,2,58,0,0
15220,1000000US170312433002004,74,57,2,0,6,0,9,65,0,9,17,0,53,49,4,83,0,0
15221,1000000US170312433002005,79,68,2,1,2,0,7,72,0,7,11,1,50,48,2,91,0,0
15222,1000000US170312433002006,87,54,0,1,3,0,29,58,0,29,33,1,54,48,6,118,0,0
15223,1000000US170312433002007,74,30,2,3,2,0,40,34,0,40,44,8,52,42,10,96,3,0
15224,1000000US170312433002008,50,23,0,0,0,0,27,23,0,27,27,0,27,26,1,62,0,0
15225,1000000US170312433002009,52,41,0,1,1,0,9,43,0,9,11,4,45,36,9,55,1,0
15226,1000000US170312433002010,57,52,0,1,3,0,1,56,0,1,5,0,37,37,0,62,1,0
15227,1000000US170312433002011,49,37,0,0,1,0,11,38,0,11,12,1,27,26,1,58,0,0
15228,1000000US170312433002012,0,0,0,0,0,0,0,0,0,0,0,0,0,0,0,0,0,0
15229,1000000US170312433002013,48,31,5,0,2,0,9,39,0,9,17,0,26,25,1,51,0,0
15230,1000000US170312433002014,74,56,1,1,2,1,15,59,0,15,18,0,40,39,1,93,1,1
15231,1000000US170312433002015,0,0,0,0,0,0,0,0,0,0,0,0,0,0,0,0,0,0
15232,1000000US170312433002016,36,27,1,1,4,0,3,33,0,3,9,1,20,20,0,41,0,0
15233,1000000US170312433002017,18,13,0,0,0,0,5,13,0,5,5,0,12,12,0,26,0,0
15234,1000000US170312433002018,0,0,0,0,0,0,0,0,0,0,0,0,0,0,0,0,0,0
15235,1000000US170312433002019,96,84,0,0,6,0,6,90,0,6,12,1,57,52,5,109,0,0
15236,1000000US170312433002020,39,34,0,0,5,0,0,39,0,0,5,0,27,25,2,42,0,0
15237,1000000US170312433002021,65,52,2,0,7,1,4,61,0,4,13,1,39,37,2,69,0,0
15238,1000000US170312433002022,13,8,0,0,0,0,5,8,0,5,5,0,8,7,1,18,0,0
15239,1000000US170312433002023,127,101,5,0,7,0,14,113,0,14,26,3,69,65,4,145,0,0
15240,1000000US170312433002024,0,0,0,0,0,0,0,0,0,0,0,0,0,0,0,0,0,0
15241,1000000US170312433002025,5,3,0,0,0,0,2,3,0,2,2,0,6,5,1,5,0,0
15242,1000000US170312433002026,0,0,0,0,0,0,0,0,0,0,0,0,0,0,0,0,0,0
15243,1000000US170312433002027,0,0,0,0,0,0,0,0,0,0,0,0,0,0,0,0,0,0
15244,1000000US170312433002028,15,13,0,0,2,0,0,15,0,0,2,0,9,8,1,17,0,0
15245,1000000US170312433002029,0,0,0,0,0,0,0,0,0,0,0,0,0,0,0,0,0,0
15246,1000000US170312434001000,0,0,0,0,0,0,0,0,0,0,0,0,0,0,0,0,0,0
15247,1000000US170312434001001,0,0,0,0,0,0,0,0,0,0,0,0,0,0,0,0,0,0
15248,1000000US170312434001002,0,0,0,0,0,0,0,0,0,0,0,0,0,0,0,0,0,0
15249,1000000US170312434001003,0,0,0,0,0,0,0,0,0,0,0,0,0,0,0,0,0,0
15250,1000000US170312434001004,0,0,0,0,0,0,0,0,0,0,0,0,0,0,0,0,0,0
15251,1000000US170312434001005,0,0,0,0,0,0,0,0,0,0,0,0,0,0,0,0,0,0
15252,1000000US170312434001006,0,0,0,0,0,0,0,0,0,0,0,0,0,0,0,0,0,0
15253,1000000US170312434001007,77,36,4,3,6,0,31,46,0,31,41,1,46,40,6,89,3,0
15254,1000000US170312434001008,57,17,5,0,3,0,35,22,0,35,40,1,29,28,1,67,0,3
15255,1000000US170312434001009,43,8,0,0,0,0,35,8,0,35,35,1,21,21,0,54,0,0
15256,1000000US170312434001010,67,42,2,0,2,0,21,46,0,21,25,0,40,38,2,84,0,0
15257,1000000US170312434001011,80,45,2,1,5,0,27,53,0,27,35,5,49,49,0,85,0,0
15258,1000000US170312434001012,6,0,3,0,0,0,3,3,0,3,6,3,3,2,1,11,0,0
15259,1000000US170312434001013,22,6,0,0,0,1,16,6,0,16,16,0,11,11,0,28,0,0
15260,1000000US170312434001014,79,21,5,3,0,0,53,26,0,53,58,0,36,35,1,92,3,0
15261,1000000US170312434001015,45,15,1,0,8,0,20,25,0,20,30,1,21,21,0,47,0,0
15262,1000000US170312434001016,29,8,5,0,0,0,20,9,0,20,21,5,11,10,1,45,0,4
15263,1000000US170312434001017,39,6,5,1,1,0,27,12,0,27,33,3,19,19,0,61,1,1
15264,1000000US170312434001018,61,23,11,0,1,0,26,35,0,26,38,0,34,31,3,98,0,0
15265,1000000US170312434001019,64,43,5,1,3,0,14,50,0,14,21,1,44,43,1,69,0,1
15266,1000000US170312434001020,37,7,13,0,2,0,15,22,0,15,30,0,18,16,2,49,0,0
15267,1000000US170312434001021,64,30,8,2,1,4,30,34,0,30,34,9,36,34,2,70,2,5
15268,1000000US170312434001022,44,11,0,2,4,0,29,15,0,29,33,5,25,22,3,51,0,0
15269,1000000US170312434001023,70,20,20,0,3,0,27,43,0,27,50,8,35,35,0,94,0,0
15270,1000000US170312434001024,96,56,0,1,2,0,36,60,0,36,40,2,61,54,7,119,1,0
15271,1000000US170312434001025,143,43,14,0,5,8,84,59,0,84,100,2,79,77,2,184,0,1
15272,1000000US170312434002000,38,22,2,0,4,1,11,27,0,11,16,1,18,18,0,46,0,0
15273,1000000US170312434002001,96,56,11,0,3,0,26,70,0,26,40,1,50,49,1,117,0,0
15274,1000000US170312434002002,79,46,4,0,9,0,21,58,0,21,33,3,43,40,3,92,0,1
15275,1000000US170312434002003,50,31,1,1,4,0,14,36,0,14,19,1,35,32,3,56,0,0
15276,1000000US170312434002004,0,0,0,0,0,0,0,0,0,0,0,0,0,0,0,0,0,0
15277,1000000US170312434002005,2,0,0,0,0,0,2,0,0,2,2,0,2,1,1,3,0,0
15278,1000000US170312434002006,0,0,0,0,0,0,0,0,0,0,0,0,0,0,0,0,0,0
15279,1000000US170312434002007,10,10,0,0,0,0,0,10,0,0,0,0,9,8,1,10,0,0
15280,1000000US170312434002008,29,16,1,0,0,0,12,17,0,12,13,0,21,16,5,34,0,0
15281,1000000US170312434002009,0,0,0,0,0,0,0,0,0,0,0,0,0,0,0,0,0,0
15282,1000000US170312434002010,45,33,1,1,2,0,10,35,0,10,12,4,30,27,3,50,0,1
15283,1000000US170312434002011,11,7,0,0,0,0,4,7,0,4,4,0,16,9,7,13,0,0
15284,1000000US170312434002012,44,27,0,0,1,0,16,28,0,16,17,0,19,17,2,49,0,0
15285,1000000US170312434002013,15,8,0,0,4,1,3,12,0,3,7,0,12,11,1,16,0,0
15286,1000000US170312434002014,29,24,0,0,0,0,5,24,0,5,5,0,19,17,2,33,0,0
15287,1000000US170312434002015,64,50,7,1,4,0,2,62,0,2,14,3,41,40,1,71,0,0
15288,1000000US170312434002016,1,1,0,0,0,0,0,1,0,0,0,0,1,1,0,1,0,0
15289,1000000US170312434003000,90,33,3,4,2,3,52,38,0,52,57,0,45,43,2,113,4,0
15290,1000000US170312434003001,15,13,0,0,0,0,2,13,0,2,2,0,8,8,0,20,0,0
15291,1000000US170312434003002,65,40,3,0,0,0,22,43,0,22,25,1,36,35,1,81,0,0
15292,1000000US170312434003003,57,25,2,7,1,0,28,29,0,28,32,1,30,26,4,64,7,0
15293,1000000US170312434003004,76,46,4,3,2,0,23,53,0,23,30,2,51,49,2,90,2,0
15294,1000000US170312434003005,53,37,0,0,3,0,13,40,0,13,16,1,40,38,2,64,0,0
15295,1000000US170312434003006,17,14,3,0,0,0,0,17,0,0,3,0,9,9,0,18,0,0
15296,1000000US170312434003007,120,94,3,0,4,0,19,101,0,19,26,3,81,77,4,127,0,0
15297,1000000US170312434003008,52,44,1,0,1,0,6,46,0,6,8,1,42,34,8,52,0,0
15298,1000000US170312434003009,101,91,5,0,2,0,4,97,0,4,10,2,67,67,0,108,0,1
15299,1000000US170312434003010,0,0,0,0,0,0,0,0,0,0,0,0,0,0,0,0,0,0
15300,1000000US170312434003011,82,69,0,1,4,0,10,72,0,10,13,0,51,48,3,92,1,0
15301,1000000US170312434003012,0,0,0,0,0,0,0,0,0,0,0,0,0,0,0,0,0,0
15302,1000000US170312434003013,0,0,0,0,0,0,0,0,0,0,0,0,0,0,0,0,0,0
15303,1000000US170312434003014,65,54,1,0,5,0,5,60,0,5,11,0,43,36,7,69,0,0
15304,1000000US170312434003015,0,0,0,0,0,0,0,0,0,0,0,0,0,0,0,0,0,0
15305,1000000US170312434003016,0,0,0,0,0,0,0,0,0,0,0,0,0,0,0,0,0,0
15306,1000000US170312434003017,83,59,4,0,7,0,14,69,0,14,24,3,48,47,1,91,0,0
15307,1000000US170312434003018,9,8,0,0,1,0,0,9,0,0,1,1,8,6,2,9,0,0
15308,1000000US170312434003019,13,11,2,0,0,0,0,13,0,0,2,0,5,5,0,15,0,0
15309,1000000US170312435001000,0,0,0,0,0,0,0,0,0,0,0,0,0,0,0,0,0,0
15310,1000000US170312435001001,212,11,188,1,0,1,14,198,0,14,201,3,150,147,3,339,1,1
15311,1000000US170312435001002,13,10,1,1,0,0,3,10,0,3,3,1,10,9,1,13,1,1
15312,1000000US170312435001003,3,3,0,0,0,0,0,3,0,0,0,0,1,1,0,3,0,0
15313,1000000US170312435001004,0,0,0,0,0,0,0,0,0,0,0,0,0,0,0,0,0,0
15314,1000000US170312435001005,13,8,0,0,2,0,2,11,0,2,5,1,9,8,1,13,0,0
15315,1000000US170312435001006,3,1,0,0,0,0,2,1,0,2,2,0,2,2,0,3,0,0
15316,1000000US170312435001007,84,68,6,4,3,0,5,79,0,5,16,3,46,41,5,89,1,1
15317,1000000US170312435001008,78,51,4,0,5,0,19,59,0,19,27,2,51,46,5,85,0,2
15318,1000000US170312435001009,0,0,0,0,0,0,0,0,0,0,0,0,0,0,0,0,0,0
15319,1000000US170312435001010,35,27,1,0,1,0,6,29,0,6,8,1,30,19,11,40,0,0
15320,1000000US170312435001011,0,0,0,0,0,0,0,0,0,0,0,0,0,0,0,0,0,0
15321,1000000US170312435001012,32,24,2,0,5,0,1,31,0,1,8,0,22,18,4,35,0,0
15322,1000000US170312435001013,19,12,7,0,0,0,0,19,0,0,7,0,7,7,0,24,0,0
15323,1000000US170312435001014,21,10,0,0,1,0,10,11,0,10,11,1,11,10,1,21,0,0
15324,1000000US170312435001015,14,14,0,0,0,0,0,14,0,0,0,0,12,8,4,14,0,0
15325,1000000US170312435001016,14,14,0,0,0,0,0,14,0,0,0,0,12,10,2,14,0,0
15326,1000000US170312435001017,55,29,3,0,4,0,19,36,0,19,26,0,31,30,1,66,0,0
15327,1000000US170312435001018,30,26,0,0,1,0,3,27,0,3,4,0,25,23,2,31,0,0
15328,1000000US170312435001019,43,36,2,0,1,0,5,38,0,5,7,3,39,33,6,46,0,0
15329,1000000US170312435001020,27,20,2,0,2,0,4,23,0,4,7,3,21,21,0,27,0,0
15330,1000000US170312435001021,18,16,0,0,0,0,2,16,0,2,2,0,18,9,9,18,0,0
15331,1000000US170312435001022,30,27,0,0,1,0,2,28,0,2,3,0,21,20,1,32,0,0
15332,1000000US170312435001023,35,15,1,0,1,0,18,17,0,18,20,0,25,21,4,39,0,0
15333,1000000US170312435001024,19,12,0,0,3,2,2,17,0,2,7,0,9,8,1,19,0,0
15334,1000000US170312435001025,100,79,4,2,4,0,10,90,0,10,21,3,74,64,10,110,1,0
15335,1000000US170312435001026,28,21,0,0,2,0,5,23,0,5,7,1,13,13,0,29,0,0
15336,1000000US170312435001027,0,0,0,0,0,0,0,0,0,0,0,0,0,0,0,0,0,0
15337,1000000US170312435001028,5,4,1,0,1,0,0,5,0,0,1,1,4,4,0,7,0,0
15338,1000000US170312435001029,0,0,0,0,0,0,0,0,0,0,0,0,0,0,0,0,0,0
15339,1000000US170312435001030,0,0,0,0,0,0,0,0,0,0,0,0,0,0,0,0,0,0
15340,1000000US170312435001031,0,0,0,0,0,0,0,0,0,0,0,0,0,0,0,0,0,0
15341,1000000US170312435001032,0,0,0,0,0,0,0,0,0,0,0,0,0,0,0,0,0,0
15342,1000000US170312435001033,2,1,0,0,1,0,0,2,0,0,1,1,1,1,0,2,0,0
15343,1000000US170312435001034,0,0,0,0,0,0,0,0,0,0,0,0,0,0,0,0,0,0
15344,1000000US170312435001035,0,0,0,0,0,0,0,0,0,0,0,0,0,0,0,0,0,0
15345,1000000US170312435001036,0,0,0,0,0,0,0,0,0,0,0,0,0,0,0,0,0,0
15346,1000000US170312435001037,7,7,0,0,0,0,0,7,0,0,0,0,6,4,2,7,0,0
15347,1000000US170312435001038,0,0,0,0,0,0,0,0,0,0,0,0,0,0,0,0,0,0
15348,1000000US170312435001039,0,0,0,0,0,0,0,0,0,0,0,0,0,0,0,0,0,0
15349,1000000US170312435001040,12,12,0,0,0,0,0,12,0,0,0,0,11,8,3,12,0,0
15350,1000000US170312435001041,13,11,0,0,2,0,0,13,0,0,2,0,8,8,0,15,0,0
15351,1000000US170312435002000,1,0,1,0,0,0,0,1,0,0,1,0,0,0,0,1,0,0
15352,1000000US170312435002001,0,0,0,0,0,0,0,0,0,0,0,0,0,0,0,0,0,0
15353,1000000US170312435002002,0,0,0,0,0,0,0,0,0,0,0,0,0,0,0,0,0,0
15354,1000000US170312435002003,0,0,0,0,0,0,0,0,0,0,0,0,0,0,0,0,0,0
15355,1000000US170312435002004,0,0,0,0,0,0,0,0,0,0,0,0,0,0,0,0,0,0
15356,1000000US170312435002005,0,0,0,0,0,0,0,0,0,0,0,0,0,0,0,0,0,0
15357,1000000US170312435002006,24,23,1,0,0,0,0,24,0,0,1,0,16,15,1,26,0,0
15358,1000000US170312435002007,0,0,0,0,0,0,0,0,0,0,0,0,11,0,11,0,0,0
15359,1000000US170312435002008,69,58,3,1,6,0,1,68,0,1,11,1,40,40,0,78,0,0
15360,1000000US170312435002009,0,0,0,0,0,0,0,0,0,0,0,0,0,0,0,0,0,0
15361,1000000US170312435002010,33,25,0,0,7,0,3,30,0,3,8,0,18,18,0,35,0,0
15362,1000000US170312435002011,62,48,3,1,7,1,3,59,0,3,14,1,41,40,1,69,1,0
15363,1000000US170312435002012,0,0,0,0,0,0,0,0,0,0,0,0,0,0,0,0,0,0
15364,1000000US170312435002013,17,6,2,0,0,0,9,8,0,9,11,0,12,10,2,22,0,0
15365,1000000US170312435002014,7,5,1,0,1,0,0,7,0,0,2,0,6,5,1,7,0,0
15366,1000000US170312435002015,2,1,0,0,1,0,0,2,0,0,1,0,1,1,0,3,0,0
15367,1000000US170312435002016,31,19,5,0,4,0,3,28,0,3,12,2,23,20,3,34,0,0
15368,1000000US170312435002017,16,15,0,0,1,0,0,16,0,0,1,0,9,9,0,19,0,0
15369,1000000US170312435002018,35,25,0,0,7,0,4,31,0,4,10,1,23,23,0,37,0,0
15370,1000000US170312435002019,60,50,1,0,7,0,2,58,0,2,10,0,39,39,0,64,0,0
15371,1000000US170312435002020,0,0,0,0,0,0,0,0,0,0,0,0,0,0,0,0,0,0
15372,1000000US170312435002021,35,30,3,0,2,0,0,35,0,0,5,0,30,22,8,39,0,0
15373,1000000US170312435002022,71,58,2,1,8,0,2,69,0,2,13,1,49,47,2,77,0,0
15374,1000000US170312435002023,268,215,10,2,16,2,20,248,0,20,53,11,194,179,15,287,0,1
15375,1000000US170312435002024,202,169,7,1,15,1,10,192,0,10,33,2,137,126,11,218,1,0
15376,1000000US170312435002025,0,0,0,0,0,0,0,0,0,0,0,0,0,0,0,0,0,0
15377,1000000US170312435002026,41,33,1,1,7,0,1,40,0,1,8,1,24,24,0,45,1,0
15378,1000000US170312435002027,34,24,1,0,8,0,1,33,0,1,10,0,28,17,11,37,0,0
15379,1000000US170312435002028,43,36,1,1,5,0,0,43,0,0,7,0,25,24,1,44,1,0
15380,1000000US170312435002029,132,103,7,1,11,0,9,123,0,9,29,1,84,80,4,145,1,0
15381,1000000US170312435002030,143,116,3,4,14,0,7,136,0,7,27,6,89,84,5,154,0,0
15382,1000000US170312435002031,0,0,0,0,0,0,0,0,0,0,0,0,0,0,0,0,0,0
15383,1000000US170312435002032,0,0,0,0,0,0,0,0,0,0,0,0,0,0,0,0,0,0
15384,1000000US170312435002033,0,0,0,0,0,0,0,0,0,0,0,0,0,0,0,0,0,0
15385,1000000US170312435002034,0,0,0,0,0,0,0,0,0,0,0,0,0,0,0,0,0,0
15386,1000000US170312435002035,60,40,3,1,15,0,2,58,0,2,20,1,34,33,1,77,1,0
15387,1000000US170312435002036,0,0,0,0,0,0,0,0,0,0,0,0,0,0,0,0,0,0
15388,1000000US170312435002037,0,0,0,0,0,0,0,0,0,0,0,0,0,0,0,0,0,0
15389,1000000US170312435002038,85,63,6,0,11,0,4,81,0,4,22,3,54,53,1,113,0,0
15390,1000000US170312435002039,38,30,0,0,6,0,2,36,0,2,8,0,28,23,5,41,0,0
15391,1000000US170312435002040,93,74,3,0,12,0,4,89,0,4,19,4,55,53,2,104,0,0
15392,1000000US170312435002041,0,0,0,0,0,0,0,0,0,0,0,0,0,0,0,0,0,0
15393,1000000US170312435002042,0,0,0,0,0,0,0,0,0,0,0,0,0,0,0,0,0,0
15394,1000000US170312435002043,6,6,0,0,0,0,0,6,0,0,0,0,5,5,0,8,0,0
15395,1000000US170312435002044,0,0,0,0,0,0,0,0,0,0,0,0,0,0,0,0,0,0
15396,1000000US170312435002045,0,0,0,0,0,0,0,0,0,0,0,0,0,0,0,0,0,0
15397,1000000US170312435002046,0,0,0,0,0,0,0,0,0,0,0,0,0,0,0,0,0,0
15398,1000000US170312435002047,0,0,0,0,0,0,0,0,0,0,0,0,0,0,0,0,0,0
15399,1000000US170312435002048,0,0,0,0,0,0,0,0,0,0,0,0,0,0,0,0,0,0
15400,1000000US170312435002049,0,0,0,0,0,0,0,0,0,0,0,0,0,0,0,0,0,0
15401,1000000US170312435002050,0,0,0,0,0,0,0,0,0,0,0,0,0,0,0,0,0,0
15402,1000000US170312502001000,0,0,0,0,0,0,0,0,0,0,0,0,0,0,0,0,0,0
15403,1000000US170312502001001,0,0,0,0,0,0,0,0,0,0,0,0,0,0,0,0,0,0
15404,1000000US170312502001002,0,0,0,0,0,0,0,0,0,0,0,0,0,0,0,0,0,0
15405,1000000US170312502001003,0,0,0,0,0,0,0,0,0,0,0,0,0,0,0,0,0,0
15406,1000000US170312502001004,5,0,5,0,0,0,0,5,0,0,5,0,5,3,2,7,0,0
15407,1000000US170312502001005,0,0,0,0,0,0,0,0,0,0,0,0,0,0,0,0,0,0
15408,1000000US170312502001006,0,0,0,0,0,0,0,0,0,0,0,0,0,0,0,0,0,0
15409,1000000US170312502001007,68,9,15,0,1,0,46,22,0,46,59,4,41,32,9,113,0,3
15410,1000000US170312502001008,31,1,6,0,0,0,24,7,0,24,30,2,11,10,1,46,0,0
15411,1000000US170312502001009,36,0,27,0,1,0,8,28,0,8,36,0,19,17,2,50,0,0
15412,1000000US170312502001010,29,1,13,0,0,0,15,14,0,15,28,0,14,14,0,45,0,0
15413,1000000US170312502001011,68,1,38,1,3,0,33,35,0,33,67,5,27,24,3,82,1,6
15414,1000000US170312502001012,83,8,40,0,0,0,38,45,0,38,75,0,34,33,1,125,0,3
15415,1000000US170312502001013,118,3,57,0,0,0,58,60,0,58,115,5,39,35,4,156,0,0
15416,1000000US170312502001014,89,6,38,0,0,0,45,44,0,45,83,0,33,31,2,119,0,0
15417,1000000US170312502001015,73,5,42,3,4,0,33,40,0,33,68,1,31,30,1,103,3,7
15418,1000000US170312502001016,20,1,9,0,0,0,10,10,0,10,19,2,10,10,0,33,0,0
15419,1000000US170312502001017,53,1,40,0,6,0,6,47,0,6,52,0,19,19,0,68,0,0
15420,1000000US170312502001018,59,0,47,0,2,0,11,48,0,11,59,0,25,24,1,84,0,1
15421,1000000US170312502001019,15,0,11,4,0,0,1,14,0,1,15,1,8,6,2,16,4,1
15422,1000000US170312502001020,60,3,49,0,0,0,8,52,0,8,57,0,24,21,3,86,0,0
15423,1000000US170312502001021,50,2,42,0,0,0,6,44,0,6,48,0,26,24,2,66,0,0
15424,1000000US170312502001022,30,0,18,1,0,0,15,15,0,15,30,6,15,14,1,46,1,3
15425,1000000US170312502001023,49,1,42,0,0,2,4,45,0,4,48,0,18,17,1,55,0,0
15426,1000000US170312502001024,60,2,45,1,0,0,13,47,0,13,58,6,28,27,1,78,1,1
15427,1000000US170312502001025,40,5,30,0,0,0,5,35,0,5,35,0,23,16,7,64,0,0
15428,1000000US170312502002000,0,0,0,0,0,0,0,0,0,0,0,0,0,0,0,0,0,0
15429,1000000US170312502002001,60,6,21,1,0,0,33,27,0,33,54,1,23,21,2,82,1,1
15430,1000000US170312502002002,83,1,57,0,6,0,20,63,0,20,82,0,38,37,1,100,0,1
15431,1000000US170312502002003,21,0,15,0,0,0,6,15,0,6,21,0,13,11,2,40,0,0
15432,1000000US170312502002004,90,0,42,0,0,0,51,39,0,51,90,0,51,40,11,124,0,5
15433,1000000US170312502002005,73,3,54,3,0,0,17,56,0,17,70,1,48,35,13,94,3,1
15434,1000000US170312502002006,85,3,46,0,0,0,36,49,0,36,82,0,35,34,1,117,0,0
15435,1000000US170312502002007,63,1,45,0,0,0,17,46,0,17,62,0,27,25,2,81,0,3
15436,1000000US170312502002008,36,4,29,1,0,0,3,33,0,3,32,0,21,21,0,44,1,0
15437,1000000US170312502002009,17,0,16,1,0,0,0,17,0,0,17,0,10,8,2,30,1,0
15438,1000000US170312502002010,61,0,39,0,0,0,20,41,0,20,61,3,28,27,1,95,0,0
15439,1000000US170312502002011,70,6,43,0,1,0,20,50,0,20,64,1,43,36,7,99,0,0
15440,1000000US170312502002012,78,1,61,0,0,0,16,62,0,16,77,4,39,26,13,100,0,0
15441,1000000US170312502002013,80,1,71,0,0,0,17,63,0,17,79,0,37,27,10,113,0,9
15442,1000000US170312502002014,58,6,49,0,0,0,6,52,0,6,52,1,34,33,1,65,0,3
15443,1000000US170312502002015,31,0,26,2,0,0,5,26,0,5,31,2,26,19,7,43,2,0
15444,1000000US170312503001000,40,2,19,0,7,0,12,28,0,12,38,0,31,21,10,50,0,0
15445,1000000US170312503001001,44,3,12,0,3,0,26,18,0,26,41,1,25,20,5,61,0,0
15446,1000000US170312503001002,51,2,22,0,3,0,24,27,0,24,49,0,27,25,2,79,0,0
15447,1000000US170312503001003,0,0,0,0,0,0,0,0,0,0,0,0,0,0,0,0,0,0
15448,1000000US170312503001004,12,0,4,0,6,0,2,10,0,2,12,0,5,5,0,12,0,0
15449,1000000US170312503001005,0,0,0,0,0,0,0,0,0,0,0,0,0,0,0,0,0,0
15450,1000000US170312503001006,31,0,29,0,1,0,2,29,0,2,31,1,19,16,3,38,0,0
15451,1000000US170312503001007,0,0,0,0,0,0,0,0,0,0,0,0,0,0,0,0,0,0
15452,1000000US170312503001008,0,0,0,0,0,0,0,0,0,0,0,0,0,0,0,0,0,0
15453,1000000US170312503001009,30,2,21,0,0,0,7,23,0,7,28,0,16,14,2,47,0,0
15454,1000000US170312503001010,21,0,12,0,1,0,8,13,0,8,21,2,6,6,0,30,0,0
15455,1000000US170312503001011,39,5,12,0,1,2,24,15,0,24,34,4,28,19,9,55,0,3
15456,1000000US170312503001012,18,2,9,0,5,0,2,16,0,2,16,0,13,10,3,27,0,0
15457,1000000US170312503001013,0,0,0,0,0,0,0,0,0,0,0,0,0,0,0,0,0,0
15458,1000000US170312503001014,4,0,2,0,0,0,2,2,0,2,4,0,2,2,0,8,0,0
15459,1000000US170312503001015,37,0,26,0,0,0,11,26,0,11,37,2,13,11,2,61,0,0
15460,1000000US170312503001016,26,0,15,0,0,0,11,15,0,11,26,0,14,12,2,43,0,0
15461,1000000US170312503001017,153,4,114,0,2,0,34,119,0,34,149,1,81,69,12,221,0,1
15462,1000000US170312503001018,30,2,28,0,0,0,0,30,0,0,28,0,18,17,1,39,0,0
15463,1000000US170312503001019,30,2,26,2,0,0,1,29,0,1,28,1,17,16,1,51,2,1
15464,1000000US170312503001020,65,0,54,0,0,0,11,54,0,11,65,4,30,29,1,90,0,0
15465,1000000US170312503001021,67,0,39,0,0,0,28,39,0,28,67,0,27,26,1,107,0,0
15466,1000000US170312503001022,58,1,43,1,2,0,12,46,0,12,57,1,27,24,3,80,1,0
15467,1000000US170312503001023,74,2,50,6,1,0,15,59,0,15,72,0,24,24,0,93,6,0
15468,1000000US170312503001024,76,0,54,0,0,0,22,54,0,22,76,0,22,22,0,105,0,0
15469,1000000US170312503001025,59,0,51,0,0,0,7,52,0,7,59,0,27,25,2,87,0,2
15470,1000000US170312503001026,0,0,0,0,0,0,0,0,0,0,0,0,0,0,0,0,0,0
15471,1000000US170312503002000,53,1,39,1,3,0,12,41,0,12,52,2,18,17,1,85,1,2
15472,1000000US170312503002001,47,2,43,0,1,0,2,45,0,2,45,1,20,18,2,61,0,0
15473,1000000US170312503002002,49,3,39,0,0,0,9,40,0,9,46,0,18,18,0,73,0,2
15474,1000000US170312503002003,41,1,30,0,0,0,11,30,0,11,40,0,22,21,1,64,0,1
15475,1000000US170312503002004,38,0,32,0,0,0,6,32,0,6,38,0,15,15,0,48,0,0
15476,1000000US170312503002005,49,0,36,0,0,0,13,36,0,13,49,0,19,19,0,73,0,0
15477,1000000US170312503002006,50,0,30,0,0,0,20,30,0,20,50,0,27,23,4,67,0,0
15478,1000000US170312503002007,33,0,26,0,0,0,7,26,0,7,33,0,15,14,1,41,0,0
15479,1000000US170312503002008,49,2,47,0,0,0,2,47,0,2,47,0,32,25,7,66,0,2
15480,1000000US170312503002009,57,1,53,0,0,0,3,54,0,3,56,0,32,30,2,71,0,0
15481,1000000US170312503002010,61,0,48,0,0,0,15,46,0,15,61,0,35,31,4,92,0,2
15482,1000000US170312503002011,73,0,73,0,0,0,0,73,0,0,73,0,30,27,3,96,0,0
15483,1000000US170312503002012,0,0,0,0,0,0,0,0,0,0,0,0,0,0,0,0,0,0
15484,1000000US170312503002013,39,0,39,0,0,0,0,39,0,0,39,0,23,19,4,51,0,0
15485,1000000US170312503002014,22,0,21,0,0,0,2,20,0,2,22,1,21,17,4,34,0,1
15486,1000000US170312503002015,24,1,22,0,0,0,1,23,0,1,23,0,15,13,2,27,0,0
15487,1000000US170312503002016,21,0,21,0,0,0,0,21,0,0,21,0,15,15,0,38,0,0
15488,1000000US170312503002017,26,0,24,0,2,0,0,26,0,0,26,0,18,13,5,32,0,0
15489,1000000US170312503003000,67,0,50,2,1,0,17,50,0,17,67,0,42,32,10,93,2,3
15490,1000000US170312503003001,86,7,58,1,0,0,19,67,0,19,79,0,45,38,7,128,1,0
15491,1000000US170312503003002,84,7,63,2,3,0,17,67,0,17,77,1,52,42,10,124,2,3
15492,1000000US170312503003003,80,0,58,0,0,0,22,58,0,22,80,0,56,41,15,121,0,0
15493,1000000US170312503003004,111,3,106,0,0,0,2,109,0,2,108,3,52,49,3,148,0,0
15494,1000000US170312503003005,71,0,71,0,0,0,0,71,0,0,71,0,47,35,12,102,0,0
15495,1000000US170312503003006,68,1,57,2,0,1,8,60,0,8,67,1,52,38,14,101,2,0
15496,1000000US170312503003007,83,0,78,2,1,0,3,80,0,3,83,1,51,44,7,125,2,0
15497,1000000US170312503003008,92,2,61,0,6,2,23,69,0,23,90,2,53,40,13,123,0,0
15498,1000000US170312503003009,77,1,47,0,0,0,29,48,0,29,76,0,55,38,17,126,0,0
15499,1000000US170312503003010,73,0,38,0,0,0,36,37,0,36,73,2,34,30,4,113,0,1
15500,1000000US170312503003011,68,6,61,0,0,0,2,66,0,2,62,0,34,29,5,100,0,1
15501,1000000US170312503003012,68,0,68,0,0,0,0,68,0,0,68,0,39,33,6,87,0,0
15502,1000000US170312503003013,53,0,36,0,0,0,20,33,0,20,53,0,30,28,2,72,0,3
15503,1000000US170312503003014,22,0,22,0,0,0,0,22,0,0,22,0,14,10,4,32,0,0
15504,1000000US170312503003015,32,2,30,0,0,0,0,32,0,0,30,0,71,22,49,45,0,0
15505,1000000US170312503004000,71,1,52,0,0,0,18,53,0,18,70,2,40,35,5,90,0,0
15506,1000000US170312503004001,60,0,52,0,0,0,8,52,0,8,60,0,37,28,9,82,0,0
15507,1000000US170312503004002,56,0,48,0,0,0,8,48,0,8,56,0,35,28,7,87,0,0
15508,1000000US170312503004003,68,0,65,0,0,0,5,63,0,5,68,1,34,32,2,91,0,2
15509,1000000US170312503004004,70,0,70,0,0,0,0,70,0,0,70,0,41,34,7,95,0,0
15510,1000000US170312503004005,68,0,66,0,0,0,2,66,0,2,68,0,37,34,3,105,0,0
15511,1000000US170312503004006,63,0,58,0,2,0,3,60,0,3,63,0,40,32,8,88,0,0
15512,1000000US170312503004007,21,0,8,0,0,0,13,8,0,13,21,0,12,10,2,25,0,0
15513,1000000US170312503004008,0,0,0,0,0,0,0,0,0,0,0,0,0,0,0,0,0,0
15514,1000000US170312503004009,0,0,0,0,0,0,0,0,0,0,0,0,0,0,0,0,0,0
15515,1000000US170312503004010,14,1,12,0,0,0,1,13,0,1,13,0,11,7,4,19,0,0
15516,1000000US170312504001000,0,0,0,0,0,0,0,0,0,0,0,0,0,0,0,0,0,0
15517,1000000US170312504001001,0,0,0,0,0,0,0,0,0,0,0,0,0,0,0,0,0,0
15518,1000000US170312504001002,0,0,0,0,0,0,0,0,0,0,0,0,0,0,0,0,0,0
15519,1000000US170312504001003,0,0,0,0,0,0,0,0,0,0,0,0,0,0,0,0,0,0
15520,1000000US170312504001004,0,0,0,0,0,0,0,0,0,0,0,0,0,0,0,0,0,0
15521,1000000US170312504001005,0,0,0,0,0,0,0,0,0,0,0,0,0,0,0,0,0,0
15522,1000000US170312504001006,150,0,133,0,0,0,18,132,0,18,150,0,70,66,4,210,0,1
15523,1000000US170312504001007,54,0,54,0,0,0,1,53,0,1,54,0,33,26,7,64,0,1
15524,1000000US170312504001008,61,1,56,1,0,4,2,59,0,2,60,1,32,31,1,87,1,2
15525,1000000US170312504001009,60,0,46,0,0,0,14,46,0,14,60,0,32,30,2,82,0,0
15526,1000000US170312504001010,52,0,51,0,0,0,1,51,0,1,52,0,31,28,3,68,0,0
15527,1000000US170312504001011,49,0,46,0,0,0,3,46,0,3,49,0,32,26,6,66,0,0
15528,1000000US170312504001012,64,2,44,1,0,0,18,46,0,18,62,2,36,33,3,86,1,0
15529,1000000US170312504002000,6,0,6,0,0,0,0,6,0,0,6,0,2,2,0,7,0,0
15530,1000000US170312504002001,50,0,48,0,0,0,2,48,0,2,50,0,36,31,5,75,0,0
15531,1000000US170312504002002,51,0,46,1,0,1,3,48,0,3,51,0,34,28,6,57,1,0
15532,1000000US170312504002003,80,0,74,0,0,0,6,74,0,6,80,1,38,35,3,102,0,0
15533,1000000US170312504002004,22,0,19,3,0,0,3,19,0,3,22,0,15,8,7,34,3,0
15534,1000000US170312504002005,18,0,16,0,0,0,2,16,0,2,18,0,9,8,1,28,0,0
15535,1000000US170312504002006,26,0,24,0,0,0,2,24,0,2,26,0,10,10,0,28,0,0
15536,1000000US170312504002007,36,0,33,0,0,0,3,33,0,3,36,0,10,9,1,50,0,0
15537,1000000US170312504002008,38,1,34,0,0,0,3,35,0,3,37,0,23,19,4,62,0,0
15538,1000000US170312504002009,34,0,32,0,0,0,2,32,0,2,34,0,16,15,1,39,0,0
15539,1000000US170312504002010,40,0,34,0,3,0,6,34,0,6,40,5,10,9,1,48,0,0
15540,1000000US170312504002011,27,2,21,0,0,0,4,23,0,4,25,0,11,11,0,34,0,0
15541,1000000US170312504002012,35,0,31,0,0,0,4,31,0,4,35,0,13,12,1,41,0,0
15542,1000000US170312504002013,37,4,27,0,0,0,6,31,0,6,33,0,25,24,1,50,0,0
15543,1000000US170312504002014,32,0,19,0,0,0,13,19,0,13,32,0,23,17,6,49,0,0
15544,1000000US170312504002015,47,0,41,0,1,0,6,41,0,6,47,1,24,15,9,60,0,0
15545,1000000US170312504002016,58,1,44,0,0,0,13,45,0,13,57,4,22,22,0,90,0,0
15546,1000000US170312504002017,35,0,35,0,0,0,0,35,0,0,35,0,23,19,4,47,0,0
15547,1000000US170312504002018,31,0,26,0,0,0,5,26,0,5,31,0,11,11,0,38,0,0
15548,1000000US170312504002019,29,1,27,0,0,0,1,28,0,1,28,0,11,10,1,43,0,0
15549,1000000US170312504002020,24,5,13,0,0,0,6,18,0,6,19,0,10,10,0,32,0,0
15550,1000000US170312504002021,12,0,9,0,0,0,4,8,0,4,12,0,3,3,0,17,0,1
15551,1000000US170312504002022,32,0,29,0,0,0,3,29,0,3,32,0,15,13,2,38,0,0
15552,1000000US170312504002023,0,0,0,0,0,0,0,0,0,0,0,0,0,0,0,0,0,0
15553,1000000US170312504002024,11,1,5,0,0,0,5,6,0,5,10,0,5,5,0,16,0,0
15554,1000000US170312504002025,18,0,18,1,0,0,0,18,0,0,18,1,7,6,1,22,1,0
15555,1000000US170312504003000,90,0,90,0,0,0,0,90,0,0,90,1,47,40,7,104,0,0
15556,1000000US170312504003001,83,0,67,0,0,0,18,65,0,18,83,0,47,33,14,112,0,2
15557,1000000US170312504003002,83,0,75,0,0,0,11,72,0,11,83,0,43,38,5,124,0,3
15558,1000000US170312504003003,74,0,67,0,0,3,7,67,0,7,74,0,49,39,10,100,0,0
15559,1000000US170312504003004,78,2,76,0,0,0,0,78,0,0,76,0,50,41,9,102,0,0
15560,1000000US170312504003005,95,2,84,1,2,0,12,83,0,12,93,1,47,43,4,117,1,5
15561,1000000US170312504003006,62,0,38,0,0,0,24,38,0,24,62,0,32,29,3,93,0,0
15562,1000000US170312504003007,53,1,47,3,0,1,6,47,0,6,52,4,32,26,6,81,3,1
15563,1000000US170312504003008,57,3,46,1,0,0,8,49,0,8,54,0,30,28,2,88,1,1
15564,1000000US170312504003009,53,0,45,0,0,1,8,45,0,8,53,1,31,25,6,77,0,0
15565,1000000US170312504003010,71,0,70,0,0,0,1,70,0,1,71,0,37,30,7,87,0,0
15566,1000000US170312504003011,70,1,64,2,1,1,5,65,0,5,69,1,36,33,3,97,2,1
15567,1000000US170312504003012,46,0,42,4,0,0,2,44,0,2,46,0,24,21,3,73,4,0
15568,1000000US170312504003013,16,0,15,0,0,0,2,14,0,2,16,1,9,9,0,22,0,1
15569,1000000US170312504003014,73,0,71,1,0,0,1,72,0,1,73,0,50,43,7,116,1,0
15570,1000000US170312504004000,78,0,70,0,0,0,8,70,0,8,78,3,47,44,3,109,0,0
15571,1000000US170312504004001,90,0,90,0,1,0,0,90,0,0,90,2,48,45,3,122,0,0
15572,1000000US170312504004002,79,0,65,5,0,0,14,65,0,14,79,0,45,44,1,114,5,0
15573,1000000US170312504004003,85,5,80,0,0,0,0,85,0,0,80,0,49,47,2,105,0,0
15574,1000000US170312504004004,79,2,73,4,0,0,4,75,0,4,77,0,40,36,4,108,4,0
15575,1000000US170312504004005,46,0,44,0,0,0,2,44,0,2,46,0,20,19,1,59,0,0
15576,1000000US170312504004006,39,9,22,0,0,0,8,31,0,8,30,0,14,13,1,50,0,0
15577,1000000US170312504004007,55,2,53,0,0,0,2,53,0,2,53,0,26,25,1,67,0,2
15578,1000000US170312504004008,78,4,72,0,0,0,2,76,0,2,74,0,32,30,2,102,0,0
15579,1000000US170312504004009,62,0,46,1,0,0,16,46,0,16,62,0,37,33,4,91,1,0
15580,1000000US170312504004010,49,0,46,0,0,0,3,46,0,3,49,0,32,27,5,63,0,0
15581,1000000US170312504004011,36,3,20,0,0,0,13,23,0,13,33,0,23,18,5,51,0,0
15582,1000000US170312504004012,10,0,10,0,0,0,0,10,0,0,10,0,6,6,0,17,0,0
15583,1000000US170312504004013,25,1,17,1,0,0,7,18,0,7,24,2,9,9,0,35,1,0
15584,1000000US170312504004014,4,0,2,0,0,0,2,2,0,2,4,0,3,3,0,8,0,0
15585,1000000US170312504005000,46,0,36,0,1,0,10,36,0,10,46,0,15,15,0,58,0,1
15586,1000000US170312504005001,0,0,0,0,0,0,0,0,0,0,0,0,0,0,0,0,0,0
15587,1000000US170312504005002,53,4,38,2,0,0,11,42,0,11,49,2,25,22,3,73,2,0
15588,1000000US170312504005003,54,5,47,0,0,0,2,52,0,2,49,1,24,22,2,80,0,0
15589,1000000US170312504005004,74,1,73,0,0,0,2,72,0,2,73,0,30,30,0,108,0,2
15590,1000000US170312504005005,63,0,54,0,0,0,9,54,0,9,63,0,24,21,3,85,0,0
15591,1000000US170312504005006,103,1,77,0,0,0,25,78,0,25,102,2,51,49,2,146,0,0
15592,1000000US170312504005007,112,4,93,0,0,0,17,95,0,17,108,0,51,45,6,143,0,2
15593,1000000US170312504005008,73,11,51,0,0,0,11,62,0,11,62,0,40,35,5,109,0,0
15594,1000000US170312504005009,40,5,26,0,0,0,11,29,0,11,35,0,20,20,0,51,0,2
15595,1000000US170312504005010,38,6,32,0,0,0,0,38,0,0,32,0,19,18,1,41,0,0
15596,1000000US170312504005011,0,0,0,0,0,0,0,0,0,0,0,0,0,0,0,0,0,0
15597,1000000US170312504005012,26,0,23,0,0,0,3,23,0,3,26,0,16,16,0,40,0,0
15598,1000000US170312504005013,33,0,31,0,0,0,3,30,0,3,33,0,12,12,0,45,0,1
15599,1000000US170312504005014,27,1,10,0,4,0,12,15,0,12,26,0,8,8,0,38,0,0
15600,1000000US170312504005015,33,2,23,0,0,0,8,25,0,8,31,0,12,12,0,40,0,0
15601,1000000US170312504005016,73,6,66,0,0,0,2,71,0,2,67,0,32,32,0,96,0,1
15602,1000000US170312504005017,76,0,76,0,0,0,1,75,0,1,76,1,41,40,1,112,0,1
15603,1000000US170312504005018,76,0,75,0,0,0,2,74,0,2,76,0,37,35,2,100,0,1
15604,1000000US170312504005019,61,0,61,1,0,0,2,59,0,2,61,1,29,28,1,79,1,2
15605,1000000US170312504005020,41,0,37,0,0,0,4,37,0,4,41,0,13,13,0,51,0,0
15606,1000000US170312504005021,54,0,52,0,0,0,2,52,0,2,54,0,21,20,1,69,0,0
15607,1000000US170312504005022,37,1,36,0,0,0,0,37,0,0,36,0,27,27,0,42,0,0
15608,1000000US170312504005023,0,0,0,0,0,0,0,0,0,0,0,0,0,0,0,0,0,0
15609,1000000US170312504005024,9,0,9,0,0,0,0,9,0,0,9,0,7,5,2,10,0,0
15610,1000000US170312504005025,6,0,6,0,0,0,0,6,0,0,6,0,4,3,1,7,0,0
15611,1000000US170312505001000,0,0,0,0,0,0,0,0,0,0,0,0,0,0,0,0,0,0
15612,1000000US170312505001001,58,5,29,3,0,0,24,34,0,24,53,3,20,20,0,76,0,0
15613,1000000US170312505001002,53,2,28,1,0,0,22,31,0,22,51,0,23,20,3,77,1,0
15614,1000000US170312505001003,36,16,15,0,0,0,5,31,0,5,20,0,18,17,1,56,0,0
15615,1000000US170312505001004,36,5,19,0,2,0,12,24,0,12,31,1,21,21,0,54,0,1
15616,1000000US170312505001005,38,9,20,0,2,0,7,31,0,7,29,0,20,19,1,50,0,0
15617,1000000US170312505001006,40,15,13,0,1,0,11,29,0,11,25,0,24,23,1,57,0,0
15618,1000000US170312505001007,55,9,26,0,0,0,20,35,0,20,46,0,20,20,0,79,0,0
15619,1000000US170312505001008,36,14,16,0,2,0,4,32,0,4,22,0,19,18,1,47,0,0
15620,1000000US170312505001009,51,5,26,0,0,0,20,31,0,20,46,0,21,20,1,73,0,0
15621,1000000US170312505001010,35,11,13,0,5,0,6,29,0,6,24,3,20,18,2,41,0,0
15622,1000000US170312505001011,41,9,10,1,7,0,15,26,0,15,32,5,18,18,0,55,0,0
15623,1000000US170312505001012,36,15,9,0,0,0,12,24,0,12,21,0,20,20,0,49,0,0
15624,1000000US170312505001013,49,16,7,0,8,0,18,31,0,18,33,3,19,19,0,53,0,0
15625,1000000US170312505001014,42,16,12,2,0,0,15,27,0,15,26,2,20,18,2,57,0,2
15626,1000000US170312505001015,44,16,23,0,2,0,5,39,0,5,28,2,19,18,1,57,0,2
15627,1000000US170312505001016,43,12,15,5,1,0,13,30,0,13,31,5,19,19,0,64,1,0
15628,1000000US170312505001017,40,22,12,0,6,0,3,37,0,3,18,0,20,19,1,48,0,0
15629,1000000US170312505001018,33,14,16,1,0,0,3,30,0,3,19,2,17,17,0,38,1,0
15630,1000000US170312505001019,45,9,28,0,0,0,8,37,0,8,36,3,17,17,0,58,0,0
15631,1000000US170312505001020,35,10,16,0,7,0,4,31,0,4,25,0,17,17,0,42,0,2
15632,1000000US170312505001021,47,12,26,0,1,0,8,39,0,8,35,2,22,21,1,58,0,0
15633,1000000US170312505001022,41,8,28,0,4,0,3,38,0,3,33,0,21,21,0,58,0,0
15634,1000000US170312505002000,52,5,38,0,1,0,8,44,0,8,47,0,31,29,2,77,0,0
15635,1000000US170312505002001,72,9,58,0,0,0,8,64,0,8,63,3,33,32,1,94,0,3
15636,1000000US170312505002002,50,2,40,0,1,0,8,42,0,8,48,2,28,27,1,61,0,1
15637,1000000US170312505002003,47,14,28,0,0,0,5,42,0,5,33,1,22,21,1,62,0,0
15638,1000000US170312505002004,57,10,26,0,15,1,6,51,0,6,47,2,23,22,1,77,0,0
15639,1000000US170312505002005,78,14,53,0,0,0,11,67,0,11,64,2,36,35,1,102,0,0
15640,1000000US170312505002006,42,12,15,0,8,0,8,34,0,8,30,1,19,18,1,53,0,1
15641,1000000US170312505002007,33,9,21,0,0,0,3,30,0,3,24,0,15,15,0,42,0,0
15642,1000000US170312505002008,24,18,4,0,0,0,2,22,0,2,6,0,15,15,0,28,0,0
15643,1000000US170312505002009,33,18,12,0,0,0,2,31,0,2,15,1,17,17,0,42,0,0
15644,1000000US170312505002010,28,14,13,0,0,0,1,27,0,1,14,0,17,15,2,35,0,0
15645,1000000US170312505002011,27,18,8,0,0,0,1,26,0,1,9,0,15,14,1,36,0,0
15646,1000000US170312505002012,37,19,10,0,0,0,8,29,0,8,18,1,18,18,0,48,0,0
15647,1000000US170312505002013,61,29,8,0,3,0,21,40,0,21,32,0,30,28,2,67,0,0
15648,1000000US170312505002014,30,15,12,0,1,0,3,27,0,3,15,0,14,14,0,35,0,1
15649,1000000US170312505002015,30,16,9,0,2,0,3,27,0,3,14,0,14,14,0,36,0,0
15650,1000000US170312505002016,30,3,15,0,0,0,12,18,0,12,27,0,14,14,0,37,0,0
15651,1000000US170312505002017,35,8,19,1,7,0,1,34,0,1,27,0,15,15,0,48,1,0
15652,1000000US170312505002018,30,10,14,0,2,0,4,26,0,4,20,0,13,13,0,41,0,0
15653,1000000US170312505002019,31,12,9,0,6,0,4,27,0,4,19,0,12,12,0,39,0,0
15654,1000000US170312505002020,26,9,12,0,0,0,6,20,0,6,17,0,13,13,0,36,0,1
15655,1000000US170312505002021,27,7,17,0,0,0,3,24,0,3,20,0,13,13,0,31,0,0
15656,1000000US170312505002022,28,4,14,0,0,0,10,18,0,10,24,0,12,12,0,34,0,0
15657,1000000US170312505002023,29,3,14,0,0,0,12,17,0,12,26,0,12,12,0,34,0,0
15658,1000000US170312505002024,34,5,26,0,1,0,2,32,0,2,29,0,13,13,0,49,0,0
15659,1000000US170312505002025,44,2,41,0,0,0,1,43,0,1,42,0,29,27,2,50,0,0
15660,1000000US170312505002026,42,6,35,0,1,0,2,40,0,2,36,0,19,19,0,58,0,2
15661,1000000US170312505002027,55,4,47,0,0,0,5,50,0,5,51,0,29,27,2,65,0,1
15662,1000000US170312505002028,0,0,0,0,0,0,0,0,0,0,0,0,0,0,0,0,0,0
15663,1000000US170312505002029,41,11,14,0,3,0,14,27,0,14,30,0,21,21,0,49,0,1
15664,1000000US170312505002030,0,0,0,0,0,0,0,0,0,0,0,0,0,0,0,0,0,0
15665,1000000US170312505002031,0,0,0,0,0,0,0,0,0,0,0,0,0,0,0,0,0,0
15666,1000000US170312505002032,0,0,0,0,0,0,0,0,0,0,0,0,0,0,0,0,0,0
15667,1000000US170312505002033,0,0,0,0,0,0,0,0,0,0,0,0,0,0,0,0,0,0
15668,1000000US170312505002034,0,0,0,0,0,0,0,0,0,0,0,0,0,0,0,0,0,0
15669,1000000US170312505003000,53,19,8,0,4,0,22,31,0,22,34,3,19,19,0,67,0,0
15670,1000000US170312505003001,44,25,12,0,0,0,8,36,0,8,19,1,21,20,1,61,0,1
15671,1000000US170312505003002,33,15,9,0,4,0,7,26,0,7,18,3,17,16,1,44,0,0
15672,1000000US170312505003003,47,27,9,0,1,0,10,37,0,10,20,2,19,19,0,67,0,0
15673,1000000US170312505003004,42,32,2,0,2,0,6,36,0,6,10,0,19,18,1,52,0,0
15674,1000000US170312505003005,37,22,4,2,2,0,9,28,0,9,15,0,18,18,0,47,2,0
15675,1000000US170312505003006,40,25,3,0,6,0,6,34,0,6,15,0,16,16,0,45,0,0
15676,1000000US170312505003007,48,17,22,0,2,0,7,41,0,7,31,0,20,18,2,51,0,0
15677,1000000US170312505003008,30,19,9,0,0,0,2,28,0,2,11,0,15,15,0,46,0,0
15678,1000000US170312505003009,32,23,2,0,5,0,2,30,0,2,9,0,15,15,0,48,0,0
15679,1000000US170312505003010,21,16,0,0,0,0,5,16,0,5,5,0,12,9,3,22,0,0
15680,1000000US170312505003011,18,7,9,0,0,0,2,16,0,2,11,0,8,8,0,23,0,0
15681,1000000US170312505003012,33,20,9,3,1,0,2,31,0,2,13,0,16,15,1,50,3,0
15682,1000000US170312505003013,33,19,11,0,0,0,5,28,0,5,14,2,14,14,0,49,0,2
15683,1000000US170312505003014,23,13,5,0,1,0,4,19,0,4,10,1,11,11,0,33,0,0
15684,1000000US170312505003015,19,14,4,1,0,0,0,19,0,0,5,0,12,11,1,22,1,0
15685,1000000US170312505003016,22,10,10,0,0,0,2,20,0,2,12,0,12,12,0,31,0,0
15686,1000000US170312505003017,28,13,9,0,0,0,6,22,0,6,15,0,15,14,1,40,0,0
15687,1000000US170312505003018,25,8,11,0,0,0,6,19,0,6,17,0,13,11,2,35,0,0
15688,1000000US170312505003019,22,13,3,0,2,0,4,18,0,4,9,0,13,12,1,27,0,0
15689,1000000US170312505003020,0,0,0,0,0,0,0,0,0,0,0,0,0,0,0,0,0,0
15690,1000000US170312505003021,1,0,1,0,0,0,0,1,0,0,1,0,3,1,2,1,0,0
15691,1000000US170312505003022,34,12,14,1,5,0,3,31,0,3,22,2,19,19,0,41,1,0
15692,1000000US170312505003023,2,0,0,0,0,0,2,0,0,2,2,0,1,1,0,2,0,0
15693,1000000US170312505003024,5,0,0,0,0,0,5,0,0,5,5,0,1,1,0,6,0,0
15694,1000000US170312505004000,24,8,7,0,2,0,7,17,0,7,16,1,10,10,0,34,0,0
15695,1000000US170312505004001,23,9,0,0,0,0,14,9,0,14,14,0,9,9,0,35,0,0
15696,1000000US170312505004002,11,3,8,0,0,0,0,11,0,0,8,0,6,6,0,13,0,0
15697,1000000US170312505004003,33,18,0,0,8,0,7,26,0,7,15,1,14,13,1,46,0,0
15698,1000000US170312505004004,33,15,8,0,0,0,10,23,0,10,18,0,13,13,0,47,0,0
15699,1000000US170312505004005,25,13,3,0,0,0,9,16,0,9,12,0,14,14,0,38,0,0
15700,1000000US170312505004006,36,25,9,0,0,0,1,35,0,1,11,1,15,15,0,41,0,0
15701,1000000US170312505004007,40,9,20,0,0,0,11,29,0,11,31,0,17,17,0,52,0,0
15702,1000000US170312505004008,44,27,13,0,0,0,4,40,0,4,17,0,20,20,0,59,0,0
15703,1000000US170312505004009,47,27,13,0,0,0,7,40,0,7,20,0,18,18,0,57,0,0
15704,1000000US170312505004010,25,13,3,3,1,0,8,17,0,8,12,0,12,12,0,37,3,0
15705,1000000US170312505004011,28,11,11,0,0,0,6,22,0,6,17,0,13,13,0,38,0,0
15706,1000000US170312505004012,26,10,13,0,1,0,2,24,0,2,16,1,13,13,0,44,0,0
15707,1000000US170312505004013,28,15,6,0,2,0,5,23,0,5,13,0,13,13,0,46,0,0
15708,1000000US170312505004014,32,16,12,0,0,0,4,28,0,4,16,0,15,15,0,46,0,0
15709,1000000US170312505004015,47,25,14,0,2,0,10,37,0,10,22,0,25,21,4,54,0,4
15710,1000000US170312505004016,40,21,0,0,1,1,17,23,0,17,19,1,18,16,2,56,0,0
15711,1000000US170312505004017,32,18,6,0,0,0,8,24,0,8,14,0,15,14,1,43,0,0
15712,1000000US170312505004018,47,17,22,0,0,0,8,39,0,8,30,0,22,20,2,66,0,0
15713,1000000US170312505004019,46,12,25,0,0,0,9,37,0,9,34,0,21,18,3,70,0,0
15714,1000000US170312505004020,0,0,0,0,0,0,0,0,0,0,0,0,0,0,0,0,0,0
15715,1000000US170312505004021,37,16,12,0,0,0,10,27,0,10,21,1,19,18,1,52,0,1
15716,1000000US170312505004022,40,24,9,0,1,0,7,33,0,7,16,0,18,18,0,55,0,1
15717,1000000US170312505004023,42,21,11,2,6,0,5,37,0,5,21,5,18,18,0,56,0,2
15718,1000000US170312505005000,0,0,0,0,0,0,0,0,0,0,0,0,0,0,0,0,0,0
15719,1000000US170312505005001,27,19,3,0,0,0,5,22,0,5,8,0,15,15,0,36,0,0
15720,1000000US170312505005002,33,18,5,0,0,0,10,23,0,10,15,0,14,14,0,42,0,0
15721,1000000US170312505005003,28,20,8,0,0,0,0,28,0,0,8,0,16,14,2,34,0,0
15722,1000000US170312505005004,32,26,3,3,0,0,5,27,0,5,6,3,12,12,0,44,0,2
15723,1000000US170312505005005,24,12,0,0,0,0,12,12,0,12,12,0,11,11,0,31,0,0
15724,1000000US170312505005006,24,16,7,0,0,0,1,23,0,1,8,0,13,12,1,28,0,0
15725,1000000US170312505005007,23,12,4,0,0,0,7,16,0,7,11,1,13,11,2,27,0,0
15726,1000000US170312505005008,27,11,13,0,2,0,0,27,0,0,16,1,12,12,0,31,0,0
15727,1000000US170312505005009,25,16,8,0,0,0,2,23,0,2,9,0,17,16,1,39,0,1
15728,1000000US170312505005010,24,13,9,0,0,0,3,21,0,3,11,0,11,11,0,37,0,1
15729,1000000US170312505005011,32,15,10,0,0,0,7,25,0,7,17,0,19,19,0,39,0,0
15730,1000000US170312505005012,33,15,14,0,3,0,2,31,0,2,18,1,17,16,1,47,0,1
15731,1000000US170312505005013,30,24,4,0,0,0,2,28,0,2,6,0,14,14,0,36,0,0
15732,1000000US170312505005014,30,15,9,0,1,0,5,25,0,5,15,0,15,14,1,39,0,0
15733,1000000US170312505005015,32,11,4,0,0,0,17,15,0,17,21,0,15,14,1,39,0,0
15734,1000000US170312505005016,17,9,4,0,0,0,4,13,0,4,8,0,8,8,0,22,0,0
15735,1000000US170312505005017,31,8,7,1,0,0,16,15,0,16,23,0,15,14,1,39,1,0
15736,1000000US170312505005018,34,14,6,0,3,0,12,22,0,12,20,0,15,15,0,41,0,0
15737,1000000US170312505005019,26,18,5,0,0,0,3,23,0,3,8,0,14,14,0,35,0,0
15738,1000000US170312505005020,17,5,9,0,0,0,3,14,0,3,12,0,8,7,1,24,0,0
15739,1000000US170312505005021,13,7,5,0,1,0,0,13,0,0,6,0,7,6,1,19,0,0
15740,1000000US170312505005022,12,2,0,0,4,0,6,6,0,6,10,0,7,5,2,17,0,0
15741,1000000US170312505005023,18,8,2,0,2,0,8,10,0,8,10,2,7,7,0,22,0,2
15742,1000000US170312505006000,0,0,0,0,0,0,0,0,0,0,0,0,0,0,0,0,0,0
15743,1000000US170312505006001,87,56,5,2,3,0,25,62,0,25,31,3,55,53,2,99,0,2
15744,1000000US170312505006002,17,11,1,0,5,0,0,17,0,0,6,0,6,6,0,20,0,0
15745,1000000US170312505006003,0,0,0,0,0,0,0,0,0,0,0,0,0,0,0,0,0,0
15746,1000000US170312505006004,51,24,10,1,4,0,13,38,0,13,27,0,30,30,0,72,1,0
15747,1000000US170312505006005,320,218,21,3,8,0,74,246,0,74,102,10,222,203,19,359,3,2
15748,1000000US170312505006006,0,0,0,0,0,0,0,0,0,0,0,0,0,0,0,0,0,0
15749,1000000US170312505006007,0,0,0,0,0,0,0,0,0,0,0,0,0,0,0,0,0,0
15750,1000000US170312505006008,0,0,0,0,0,0,0,0,0,0,0,0,0,0,0,0,0,0
15751,1000000US170312505006009,23,11,2,0,0,0,10,13,0,10,12,1,13,10,3,30,0,0
15752,1000000US170312505006010,27,11,0,0,2,0,14,13,0,14,16,0,11,9,2,32,0,0
15753,1000000US170312505006011,19,9,0,0,0,0,10,9,0,10,10,0,9,9,0,32,0,0
15754,1000000US170312505006012,24,20,2,0,0,0,2,22,0,2,4,0,10,10,0,27,0,0
15755,1000000US170312505006013,17,11,1,1,1,0,4,13,0,4,6,1,8,8,0,24,1,0
15756,1000000US170312505006014,34,9,11,4,1,0,13,21,0,13,25,4,10,10,0,44,4,0
15757,1000000US170312505006015,17,13,0,0,4,0,0,17,0,0,4,0,8,8,0,18,0,0
15758,1000000US170312505006016,61,26,6,0,4,0,28,33,0,28,35,2,39,36,3,81,0,3
15759,1000000US170312505007000,36,24,0,0,4,0,8,28,0,8,12,0,16,14,2,51,0,0
15760,1000000US170312505007001,38,19,1,1,0,0,13,25,0,13,19,1,19,16,3,57,0,0
15761,1000000US170312505007002,33,17,7,0,1,0,8,25,0,8,16,1,15,15,0,46,0,0
15762,1000000US170312505007003,205,105,22,0,7,0,73,132,0,73,100,3,131,124,7,249,0,1
15763,1000000US170312505007004,157,59,55,1,15,0,28,129,0,28,98,5,96,92,4,194,1,0
15764,1000000US170312505007005,30,18,4,0,0,0,8,22,0,8,12,0,13,13,0,39,0,0
15765,1000000US170312505007006,33,15,3,0,0,0,15,18,0,15,18,2,16,15,1,58,0,0
15766,1000000US170312505007007,28,21,1,0,0,0,6,22,0,6,7,0,12,12,0,33,0,0
15767,1000000US170312505007008,30,18,4,1,2,0,5,25,0,5,12,3,13,13,0,32,0,0
15768,1000000US170312505007009,27,13,10,0,1,0,3,24,0,3,14,1,11,10,1,33,0,0
15769,1000000US170312505007010,10,4,3,0,1,0,2,8,0,2,6,0,6,6,0,12,0,0
15770,1000000US170312505007011,19,9,8,0,0,0,2,17,0,2,10,1,12,9,3,25,0,0
15771,1000000US170312505007012,19,16,0,0,0,0,3,16,0,3,3,0,11,11,0,27,0,0
15772,1000000US170312505007013,23,14,1,0,1,0,7,16,0,7,9,1,13,11,2,25,0,0
15773,1000000US170312505007014,0,0,0,0,0,0,0,0,0,0,0,0,0,0,0,0,0,0
15774,1000000US170312505007015,5,4,0,0,0,0,0,5,0,0,1,0,4,4,0,7,0,0
15775,1000000US170312505007016,36,15,4,0,4,0,13,23,0,13,21,4,13,12,1,45,0,0
15776,1000000US170312505007017,26,15,5,0,1,0,5,21,0,5,11,0,13,13,0,31,0,0
15777,1000000US170312505007018,38,26,4,0,0,0,8,30,0,8,12,0,16,15,1,50,0,0
15778,1000000US170312505007019,29,7,11,0,2,0,9,20,0,9,22,1,13,13,0,42,0,0
15779,1000000US170312505007020,0,0,0,0,0,0,0,0,0,0,0,0,0,0,0,0,0,0
15780,1000000US170312505007021,41,18,7,0,2,0,14,27,0,14,23,0,17,16,1,51,0,0
15781,1000000US170312505007022,39,7,22,1,0,0,9,30,0,9,32,1,16,16,0,51,0,0
15782,1000000US170312505007023,37,20,11,0,0,0,6,31,0,6,17,1,18,18,0,48,0,0
15783,1000000US170312505007024,16,12,2,0,0,0,2,14,0,2,4,0,10,9,1,18,0,0
15784,1000000US170312505007025,0,0,0,0,0,0,0,0,0,0,0,0,0,0,0,0,0,0
15785,1000000US170312505007026,0,0,0,0,0,0,0,0,0,0,0,0,0,0,0,0,0,0
15786,1000000US170312505007027,0,0,0,0,0,0,0,0,0,0,0,0,0,0,0,0,0,0
15787,1000000US170312505007028,0,0,0,0,0,0,0,0,0,0,0,0,0,0,0,0,0,0
15788,1000000US170312506001000,0,0,0,0,0,0,0,0,0,0,0,0,0,0,0,0,0,0
15789,1000000US170312506001001,46,1,44,0,0,0,1,45,0,1,45,0,37,23,14,58,0,0
15790,1000000US170312506001002,15,0,12,1,0,0,2,13,0,2,15,0,11,10,1,30,1,0
15791,1000000US170312506001003,4,0,4,0,0,0,0,4,0,0,4,0,9,3,6,4,0,0
15792,1000000US170312506001004,39,0,39,0,0,0,2,37,0,2,39,0,15,15,0,64,0,2
15793,1000000US170312506001005,53,0,39,0,0,0,14,39,0,14,53,0,16,16,0,70,0,0
15794,1000000US170312506001006,87,0,84,1,0,0,3,84,0,3,87,1,34,28,6,127,1,0
15795,1000000US170312506001007,49,1,42,0,0,0,12,37,0,12,48,0,21,19,2,60,0,6
15796,1000000US170312506001008,0,0,0,0,0,0,0,0,0,0,0,0,0,0,0,0,0,0
15797,1000000US170312506001009,28,0,27,0,1,0,0,28,0,0,28,0,14,13,1,37,0,0
15798,1000000US170312506001010,31,0,26,0,0,0,6,25,0,6,31,0,14,12,2,49,0,1
15799,1000000US170312506001011,41,0,34,0,0,0,7,34,0,7,41,0,15,14,1,56,0,0
15800,1000000US170312506001012,46,1,42,0,0,0,3,43,0,3,45,0,15,14,1,58,0,0
15801,1000000US170312506001013,40,0,40,0,0,0,0,40,0,0,40,0,14,14,0,49,0,0
15802,1000000US170312506001014,48,4,39,0,0,0,5,43,0,5,44,0,24,21,3,74,0,0
15803,1000000US170312506001015,56,3,49,0,0,0,4,52,0,4,53,0,17,17,0,70,0,0
15804,1000000US170312506001016,65,0,61,0,0,0,6,59,0,6,65,1,28,27,1,104,0,2
15805,1000000US170312506001017,35,0,31,0,0,0,5,30,0,5,35,0,19,16,3,42,0,1
15806,1000000US170312506001018,38,0,28,0,3,0,7,31,0,7,38,0,16,14,2,58,0,0
15807,1000000US170312506002000,74,1,59,0,0,0,15,59,0,15,73,2,41,32,9,92,0,1
15808,1000000US170312506002001,83,1,76,0,0,0,6,77,0,6,82,0,25,25,0,112,0,0
15809,1000000US170312506002002,39,0,35,3,1,0,3,36,0,3,39,3,26,19,7,60,0,0
15810,1000000US170312506002003,55,0,35,1,0,0,19,36,0,19,55,1,19,19,0,64,1,0
15811,1000000US170312506002004,42,1,33,0,0,0,8,34,0,8,41,1,22,19,3,63,0,0
15812,1000000US170312506002005,63,0,63,2,0,0,0,63,0,0,63,3,26,23,3,97,2,0
15813,1000000US170312506002006,30,6,22,0,1,0,1,29,0,1,24,1,11,11,0,35,0,0
15814,1000000US170312506002007,25,0,24,0,0,0,2,23,0,2,25,0,14,10,4,42,0,1
15815,1000000US170312506002008,62,0,58,0,0,0,4,58,0,4,62,0,31,31,0,86,0,0
15816,1000000US170312506002009,24,0,24,0,0,0,0,24,0,0,24,0,9,8,1,38,0,0
15817,1000000US170312506002010,49,0,45,0,0,0,4,45,0,4,49,0,18,18,0,65,0,0
15818,1000000US170312506002011,70,0,70,0,0,0,0,70,0,0,70,0,49,45,4,107,0,0
15819,1000000US170312506002012,52,0,52,0,0,0,0,52,0,0,52,0,27,23,4,70,0,0
15820,1000000US170312506002013,51,0,49,1,1,0,2,49,0,2,51,2,23,20,3,79,1,0
15821,1000000US170312506002014,2,0,2,0,0,0,0,2,0,0,2,0,3,1,2,2,0,0
15822,1000000US170312506002015,35,0,33,0,0,0,2,33,0,2,35,0,18,18,0,45,0,0
15823,1000000US170312506002016,69,0,69,0,0,0,0,69,0,0,69,0,26,25,1,87,0,0
15824,1000000US170312506003000,45,0,45,0,0,0,1,44,0,1,45,0,18,17,1,70,0,1
15825,1000000US170312506003001,41,2,33,0,0,0,6,35,0,6,39,0,18,18,0,52,0,0
15826,1000000US170312506003002,41,1,38,0,0,0,2,39,0,2,40,0,18,17,1,60,0,0
15827,1000000US170312506003003,53,0,53,0,0,0,0,53,0,0,53,0,18,17,1,70,0,0
15828,1000000US170312506003004,58,4,54,0,0,0,1,57,0,1,54,0,18,18,0,88,0,1
15829,1000000US170312506003005,50,0,48,0,0,0,2,48,0,2,50,0,20,16,4,62,0,0
15830,1000000US170312506003006,57,0,53,0,0,0,4,53,0,4,57,0,19,18,1,79,0,0
15831,1000000US170312506003007,92,5,86,3,0,0,1,91,0,1,87,4,59,50,9,116,3,1
15832,1000000US170312506003008,73,2,67,1,0,0,6,67,0,6,71,0,43,37,6,97,1,2
15833,1000000US170312506003009,63,0,63,0,1,0,0,63,0,0,63,1,21,20,1,84,0,0
15834,1000000US170312506003010,71,1,68,0,2,0,3,68,0,3,70,3,29,26,3,94,0,1
15835,1000000US170312506003011,36,1,35,0,0,0,0,36,0,0,35,0,16,13,3,54,0,0
15836,1000000US170312506003012,51,0,51,0,0,0,0,51,0,0,51,0,28,23,5,66,0,0
15837,1000000US170312506003013,51,0,51,1,1,0,1,50,0,1,51,2,24,21,3,59,1,1
15838,1000000US170312506003014,39,0,37,0,0,0,2,37,0,2,39,0,16,16,0,49,0,0
15839,1000000US170312506003015,47,0,40,0,0,0,9,38,0,9,47,0,15,14,1,74,0,2
15840,1000000US170312506003016,28,4,24,0,0,0,0,28,0,0,24,0,14,14,0,34,0,0
15841,1000000US170312506003017,5,0,5,0,0,0,0,5,0,0,5,0,7,4,3,14,0,0
15842,1000000US170312506003018,0,0,0,0,0,0,0,0,0,0,0,0,0,0,0,0,0,0
15843,1000000US170312506003019,0,0,0,0,0,0,0,0,0,0,0,0,0,0,0,0,0,0
15844,1000000US170312506004000,0,0,0,0,0,0,0,0,0,0,0,0,0,0,0,0,0,0
15845,1000000US170312506004001,14,0,14,0,0,0,0,14,0,0,14,0,12,7,5,19,0,0
15846,1000000US170312506004002,0,0,0,0,0,0,0,0,0,0,0,0,0,0,0,0,0,0
15847,1000000US170312506004003,0,0,0,0,0,0,0,0,0,0,0,0,0,0,0,0,0,0
15848,1000000US170312506004004,29,2,22,0,3,0,2,27,0,2,27,0,14,14,0,37,0,0
15849,1000000US170312506004005,43,0,43,0,0,0,2,41,0,2,43,0,14,14,0,52,0,2
15850,1000000US170312506004006,46,6,34,1,1,0,5,41,0,5,40,0,17,17,0,54,1,1
15851,1000000US170312506004007,51,0,36,0,11,0,4,47,0,4,51,0,18,17,1,68,0,0
15852,1000000US170312506004008,38,2,31,0,0,0,5,33,0,5,36,0,17,14,3,40,0,0
15853,1000000US170312506004009,33,0,29,0,0,0,4,29,0,4,33,4,13,12,1,41,0,0
15854,1000000US170312506004010,49,0,48,1,0,0,0,49,0,0,49,0,31,27,4,58,1,0
15855,1000000US170312506004011,63,0,63,0,0,0,0,63,0,0,63,0,33,31,2,87,0,0
15856,1000000US170312506004012,47,0,42,0,2,0,3,44,0,3,47,2,15,14,1,61,0,0
15857,1000000US170312506004013,17,0,17,0,0,0,0,17,0,0,17,0,8,7,1,20,0,0
15858,1000000US170312506004014,78,0,70,0,0,6,8,70,0,8,78,6,40,39,1,121,0,0
15859,1000000US170312506004015,91,0,88,0,0,0,3,88,0,3,91,0,42,40,2,109,0,0
15860,1000000US170312506004016,52,0,52,0,0,0,0,52,0,0,52,0,18,17,1,61,0,0
15861,1000000US170312506004017,63,0,55,0,0,0,8,55,0,8,63,0,18,18,0,78,0,0
15862,1000000US170312506004018,55,2,53,0,0,0,0,55,0,0,53,0,18,17,1,69,0,0
15863,1000000US170312506004019,51,1,50,0,0,0,0,51,0,0,50,0,18,16,2,71,0,0
15864,1000000US170312507001000,83,2,76,0,0,0,5,78,0,5,81,0,38,36,2,115,0,0
15865,1000000US170312507001001,52,2,41,0,0,0,9,43,0,9,50,1,43,26,17,87,0,0
15866,1000000US170312507001002,41,0,41,0,0,0,1,40,0,1,41,0,23,17,6,56,0,1
15867,1000000US170312507001003,41,0,39,0,0,0,2,39,0,2,41,0,15,15,0,48,0,0
15868,1000000US170312507001004,68,0,58,0,0,0,10,58,0,10,68,1,29,27,2,95,0,0
15869,1000000US170312507001005,68,0,67,0,0,0,2,66,0,2,68,1,32,23,9,83,0,1
15870,1000000US170312507001006,50,0,50,0,0,0,0,50,0,0,50,0,35,28,7,66,0,0
15871,1000000US170312507001007,60,1,59,0,0,0,2,58,0,2,59,0,34,27,7,79,0,2
15872,1000000US170312507001008,106,0,99,0,0,0,8,98,0,8,106,0,54,50,4,154,0,1
15873,1000000US170312507001009,52,0,43,0,0,0,11,41,0,11,52,0,19,17,2,70,0,2
15874,1000000US170312507001010,43,1,34,0,0,0,8,35,0,8,42,0,18,16,2,55,0,0
15875,1000000US170312507001011,94,0,94,0,0,0,1,93,0,1,94,0,39,37,2,113,0,1
15876,1000000US170312507001012,66,0,58,0,0,0,10,56,0,10,66,0,36,33,3,88,0,2
15877,1000000US170312507001013,104,0,97,0,0,0,7,97,0,7,104,0,53,49,4,129,0,0
15878,1000000US170312507002000,93,1,92,0,0,0,1,92,0,1,92,0,47,46,1,132,0,1
15879,1000000US170312507002001,74,0,74,0,0,0,1,73,0,1,74,0,36,34,2,96,0,1
15880,1000000US170312507002002,24,0,21,0,0,0,3,21,0,3,24,2,11,11,0,30,0,0
15881,1000000US170312507002003,44,0,44,0,0,0,0,44,0,0,44,0,27,22,5,52,0,0
15882,1000000US170312507002004,110,1,109,0,0,0,0,110,0,0,109,0,64,55,9,141,0,0
15883,1000000US170312507002005,117,1,115,0,0,0,3,114,0,3,116,0,72,68,4,158,0,2
15884,1000000US170312507002006,26,0,26,0,0,0,0,26,0,0,26,0,12,11,1,30,0,0
15885,1000000US170312507002007,18,0,18,0,0,0,0,18,0,0,18,0,11,9,2,19,0,0
15886,1000000US170312507002008,62,0,62,0,0,0,0,62,0,0,62,0,32,27,5,92,0,0
15887,1000000US170312507002009,53,0,53,0,0,2,0,53,0,0,53,2,31,28,3,79,0,0
15888,1000000US170312507002010,27,0,27,0,0,0,0,27,0,0,27,0,13,12,1,33,0,0
15889,1000000US170312507002011,12,0,12,0,0,0,0,12,0,0,12,0,9,7,2,14,0,0
15890,1000000US170312507002012,38,0,38,0,0,0,0,38,0,0,38,0,29,20,9,57,0,0
15891,1000000US170312507002013,71,0,71,1,0,0,2,69,0,2,71,1,35,30,5,96,1,2
15892,1000000US170312507002014,41,0,41,0,0,0,0,41,0,0,41,0,28,24,4,55,0,0
15893,1000000US170312507002015,26,0,26,0,0,0,0,26,0,0,26,0,17,16,1,36,0,0
15894,1000000US170312507002016,24,1,23,1,0,0,0,24,0,0,23,1,15,13,2,34,1,0
15895,1000000US170312507003000,47,0,47,0,0,0,0,47,0,0,47,0,30,25,5,54,0,0
15896,1000000US170312507003001,84,0,83,0,0,0,2,82,0,2,84,1,43,39,4,111,0,1
15897,1000000US170312507003002,66,0,64,0,0,0,2,64,0,2,66,0,35,30,5,93,0,2
15898,1000000US170312507003003,40,0,40,0,0,0,0,40,0,0,40,0,23,21,2,52,0,0
15899,1000000US170312507003004,35,0,35,0,0,0,0,35,0,0,35,0,19,17,2,48,0,0
15900,1000000US170312507003005,36,0,36,0,0,0,0,36,0,0,36,0,11,11,0,55,0,0
15901,1000000US170312507003006,74,3,67,0,0,2,4,70,0,4,71,2,27,24,3,105,0,2
15902,1000000US170312507003007,76,0,72,0,0,0,6,70,0,6,76,0,42,39,3,111,0,2
15903,1000000US170312507003008,100,0,100,0,0,0,0,100,0,0,100,0,48,43,5,152,0,0
15904,1000000US170312507003009,50,1,49,0,0,0,0,50,0,0,49,0,23,22,1,67,0,0
15905,1000000US170312507003010,25,0,25,0,0,0,0,25,0,0,25,0,16,14,2,28,0,0
15906,1000000US170312507003011,19,0,14,0,0,0,10,9,0,10,19,0,7,7,0,21,0,5
15907,1000000US170312507003012,14,0,12,2,0,0,0,14,0,0,14,0,22,7,15,20,2,0
15908,1000000US170312507003013,35,0,35,0,0,0,0,35,0,0,35,0,12,12,0,46,0,0
15909,1000000US170312507003014,51,0,44,0,0,0,7,44,0,7,51,5,37,28,9,85,0,0
15910,1000000US170312507004000,34,1,29,0,4,0,0,34,0,0,33,0,16,16,0,52,0,0
15911,1000000US170312507004001,0,0,0,0,0,0,0,0,0,0,0,0,0,0,0,0,0,0
15912,1000000US170312507004002,52,0,48,0,0,0,5,47,0,5,52,0,23,19,4,66,0,1
15913,1000000US170312507004003,61,0,51,0,0,0,10,51,0,10,61,0,26,23,3,85,0,0
15914,1000000US170312507004004,58,0,55,0,0,0,4,54,0,4,58,1,21,21,0,70,0,1
15915,1000000US170312507004005,56,0,38,0,3,0,18,38,0,18,56,3,20,18,2,84,0,0
15916,1000000US170312507004006,114,1,108,0,0,0,6,108,0,6,113,0,59,54,5,156,0,2
15917,1000000US170312507004007,95,1,93,1,0,0,5,90,0,5,94,1,47,41,6,122,1,4
15918,1000000US170312507004008,90,1,89,0,0,0,0,90,0,0,89,0,47,41,6,107,0,0
15919,1000000US170312507004009,71,0,71,0,0,0,0,71,0,0,71,0,27,24,3,91,0,0
15920,1000000US170312507004010,37,0,36,0,0,0,1,36,0,1,37,0,20,17,3,45,0,0
15921,1000000US170312507004011,25,0,25,0,0,0,0,25,0,0,25,0,19,18,1,34,0,0
15922,1000000US170312507004012,24,0,24,0,0,0,0,24,0,0,24,0,16,16,0,35,0,0
15923,1000000US170312507004013,47,0,46,0,0,0,1,46,0,1,47,0,25,25,0,73,0,0
15924,1000000US170312507004014,29,2,27,0,0,0,0,29,0,0,27,0,16,15,1,42,0,0
15925,1000000US170312507004015,40,1,39,0,0,0,0,40,0,0,39,0,21,21,0,49,0,0
15926,1000000US170312507005000,30,2,18,0,0,0,11,19,0,11,28,0,26,14,12,45,0,1
15927,1000000US170312507005001,28,0,22,0,4,0,2,26,0,2,28,0,30,13,17,39,0,0
15928,1000000US170312507005002,0,0,0,0,0,0,0,0,0,0,0,0,0,0,0,0,0,0
15929,1000000US170312507005003,42,0,38,0,1,0,5,37,0,5,42,0,29,21,8,51,0,2
15930,1000000US170312507005004,21,0,21,0,0,0,0,21,0,0,21,0,16,11,5,30,0,0
15931,1000000US170312507005005,71,0,69,0,0,0,3,68,0,3,71,0,44,38,6,95,0,2
15932,1000000US170312507005006,39,0,39,0,0,0,2,37,0,2,39,0,19,16,3,53,0,2
15933,1000000US170312507005007,50,0,48,0,0,0,4,46,0,4,50,1,24,23,1,61,0,2
15934,1000000US170312507005008,59,1,58,0,0,0,1,58,0,1,58,0,27,25,2,70,0,1
15935,1000000US170312507005009,61,0,61,0,0,0,0,61,0,0,61,1,27,25,2,70,0,0
15936,1000000US170312507005010,70,3,67,0,0,0,0,70,0,0,67,0,27,27,0,90,0,0
15937,1000000US170312507005011,59,0,49,0,0,0,10,49,0,10,59,0,24,24,0,89,0,0
15938,1000000US170312507005012,63,0,59,0,0,0,5,58,0,5,63,0,34,29,5,79,0,1
15939,1000000US170312507005013,108,0,107,0,0,0,1,107,0,1,108,1,49,46,3,146,0,0
15940,1000000US170312507005014,61,0,61,0,0,0,0,61,0,0,61,0,22,21,1,77,0,0
15941,1000000US170312507005015,77,3,74,0,0,0,0,77,0,0,74,0,32,31,1,92,0,0
15942,1000000US170312507005016,51,4,38,0,0,0,9,42,0,9,47,0,23,23,0,67,0,0
15943,1000000US170312507005017,83,0,83,0,0,0,0,83,0,0,83,0,44,44,0,119,0,0
15944,1000000US170312507005018,72,0,68,0,0,0,4,68,0,4,72,0,21,20,1,98,0,0
15945,1000000US170312507005019,88,1,82,1,0,0,5,83,0,5,87,1,37,36,1,115,1,0
15946,1000000US170312507005020,46,1,42,0,0,0,3,43,0,3,45,0,28,23,5,61,0,0
15947,1000000US170312508001000,0,0,0,0,0,0,0,0,0,0,0,0,0,0,0,0,0,0
15948,1000000US170312508001001,2,0,0,0,0,0,2,0,0,2,2,0,6,1,5,4,0,0
15949,1000000US170312508001002,0,0,0,0,0,0,0,0,0,0,0,0,1,0,1,0,0,0
15950,1000000US170312508001003,59,0,59,0,0,0,1,58,0,1,59,0,32,29,3,81,0,1
15951,1000000US170312508001004,57,0,47,2,0,0,8,49,0,8,57,0,34,27,7,94,2,0
15952,1000000US170312508001005,59,0,54,0,0,0,9,50,0,9,59,2,28,23,5,98,0,4
15953,1000000US170312508001006,54,1,34,0,0,0,19,35,0,19,53,0,27,24,3,86,0,0
15954,1000000US170312508001007,35,1,24,0,0,0,10,25,0,10,34,0,13,13,0,56,0,0
15955,1000000US170312508001008,39,0,26,0,0,0,13,26,0,13,39,0,14,13,1,51,0,0
15956,1000000US170312508001009,36,0,23,0,0,0,13,23,0,13,36,0,14,13,1,44,0,0
15957,1000000US170312508001010,41,0,33,0,0,0,8,33,0,8,41,0,14,13,1,57,0,0
15958,1000000US170312508001011,64,0,50,0,11,0,3,61,0,3,64,0,20,19,1,76,0,0
15959,1000000US170312508001012,59,0,56,0,0,0,3,56,0,3,59,0,27,26,1,84,0,0
15960,1000000US170312508001013,0,0,0,0,0,0,0,0,0,0,0,0,0,0,0,0,0,0
15961,1000000US170312508001014,32,0,26,0,3,0,3,29,0,3,32,0,12,11,1,43,0,0
15962,1000000US170312508001015,84,1,75,0,0,1,9,75,0,9,83,0,44,37,7,109,0,1
15963,1000000US170312508001016,63,0,63,0,0,0,1,62,0,1,63,0,43,36,7,95,0,1
15964,1000000US170312508001017,77,0,77,0,0,0,0,77,0,0,77,0,44,27,17,98,0,0
15965,1000000US170312508001018,0,0,0,0,0,0,0,0,0,0,0,0,0,0,0,0,0,0
15966,1000000US170312508001019,73,0,68,0,0,0,5,68,0,5,73,0,29,26,3,98,0,0
15967,1000000US170312508001020,36,0,30,0,0,0,6,30,0,6,36,0,22,18,4,46,0,0
15968,1000000US170312508001021,65,1,53,0,0,0,11,54,0,11,64,3,43,36,7,101,0,0
15969,1000000US170312508002000,53,1,42,4,0,0,13,40,0,13,52,1,20,18,2,64,4,3
15970,1000000US170312508002001,0,0,0,0,0,0,0,0,0,0,0,0,0,0,0,0,0,0
15971,1000000US170312508002002,55,0,47,0,0,0,8,47,0,8,55,0,19,19,0,71,0,0
15972,1000000US170312508002003,69,2,57,0,0,0,14,55,0,14,67,3,28,26,2,90,0,4
15973,1000000US170312508002004,81,0,72,0,0,0,9,72,0,9,81,0,36,33,3,105,0,0
15974,1000000US170312508002005,51,2,30,0,0,0,20,31,0,20,49,0,47,27,20,68,0,1
15975,1000000US170312508002006,32,0,32,0,0,0,0,32,0,0,32,0,16,14,2,40,0,0
15976,1000000US170312508002007,48,2,41,0,0,0,5,43,0,5,46,0,20,20,0,58,0,0
15977,1000000US170312508002008,57,0,46,0,0,0,11,46,0,11,57,0,21,21,0,65,0,0
15978,1000000US170312508002009,74,0,70,0,2,0,2,72,0,2,74,0,43,37,6,117,0,0
15979,1000000US170312508002010,58,1,50,1,0,0,11,47,0,11,57,0,28,27,1,70,1,4
15980,1000000US170312508002011,71,0,67,0,1,0,4,67,0,4,71,0,35,35,0,101,0,1
15981,1000000US170312508002012,43,0,33,0,0,0,10,33,0,10,43,0,18,17,1,58,0,0
15982,1000000US170312508002013,71,1,65,0,1,0,5,66,0,5,70,0,37,31,6,97,0,1
15983,1000000US170312508002014,4,0,4,0,0,0,0,4,0,0,4,0,3,3,0,4,0,0
15984,1000000US170312508002015,83,0,73,0,0,0,10,73,0,10,83,0,49,34,15,133,0,0
15985,1000000US170312508002016,20,0,1,0,0,0,19,1,0,19,20,0,13,9,4,26,0,0
15986,1000000US170312510001000,0,0,0,0,0,0,0,0,0,0,0,0,0,0,0,0,0,0
15987,1000000US170312510001001,0,0,0,0,0,0,0,0,0,0,0,0,0,0,0,0,0,0
15988,1000000US170312510001002,0,0,0,0,0,0,0,0,0,0,0,0,0,0,0,0,0,0
15989,1000000US170312510001003,57,0,51,0,0,1,9,48,0,9,57,1,26,23,3,80,0,3
15990,1000000US170312510001004,27,0,26,0,0,0,1,26,0,1,27,0,16,14,2,32,0,0
15991,1000000US170312510001005,0,0,0,0,0,0,0,0,0,0,0,0,0,0,0,0,0,0
15992,1000000US170312510001006,60,0,47,4,0,0,13,47,0,13,60,1,33,23,10,79,4,0
15993,1000000US170312510001007,47,0,43,0,0,0,4,43,0,4,47,0,14,12,2,63,0,0
15994,1000000US170312510001008,21,2,18,0,0,0,1,20,0,1,19,0,14,14,0,34,0,0
15995,1000000US170312510001009,0,0,0,0,0,0,0,0,0,0,0,0,0,0,0,0,0,0
15996,1000000US170312510001010,0,0,0,0,0,0,0,0,0,0,0,0,0,0,0,0,0,0
15997,1000000US170312510001011,60,0,58,0,0,0,2,58,0,2,60,0,31,29,2,119,0,0
15998,1000000US170312510001012,91,1,86,1,0,1,4,87,0,4,90,3,56,43,13,134,1,0
15999,1000000US170312510001013,17,0,17,0,0,0,0,17,0,0,17,0,6,6,0,32,0,0
16000,1000000US170312510001014,57,0,55,0,0,0,2,55,0,2,57,0,32,30,2,91,0,0
16001,1000000US170312510001015,75,4,65,0,0,0,6,69,0,6,71,1,33,28,5,110,0,0
16002,1000000US170312510001016,0,0,0,0,0,0,0,0,0,0,0,0,0,0,0,0,0,0
16003,1000000US170312510001017,0,0,0,0,0,0,0,0,0,0,0,0,3,0,3,0,0,0
16004,1000000US170312510001018,0,0,0,0,0,0,0,0,0,0,0,0,0,0,0,0,0,0
16005,1000000US170312510001019,0,0,0,0,0,0,0,0,0,0,0,0,0,0,0,0,0,0
16006,1000000US170312510001020,6,0,0,0,0,0,6,0,0,6,6,0,2,2,0,6,0,0
16007,1000000US170312510001021,26,1,24,0,0,0,1,25,0,1,25,0,11,11,0,39,0,0
16008,1000000US170312510001022,0,0,0,0,0,0,0,0,0,0,0,0,0,0,0,0,0,0
16009,1000000US170312510001023,0,0,0,0,0,0,0,0,0,0,0,0,0,0,0,0,0,0
16010,1000000US170312510001024,8,1,7,0,0,0,0,8,0,0,7,0,6,5,1,12,0,0
16011,1000000US170312510001025,56,1,55,0,0,0,2,54,0,2,55,0,30,27,3,80,0,2
16012,1000000US170312510001026,50,0,38,2,0,0,13,37,0,13,50,0,22,15,7,65,2,1
16013,1000000US170312510001027,0,0,0,0,0,0,0,0,0,0,0,0,0,0,0,0,0,0
16014,1000000US170312510001028,42,0,42,0,0,0,0,42,0,0,42,0,22,19,3,64,0,0
16015,1000000US170312510001029,0,0,0,0,0,0,0,0,0,0,0,0,0,0,0,0,0,0
16016,1000000US170312510001030,1,0,1,0,0,0,0,1,0,0,1,0,1,1,0,1,0,0
16017,1000000US170312510001031,0,0,0,0,0,0,0,0,0,0,0,0,0,0,0,0,0,0
16018,1000000US170312510001032,39,1,38,0,0,0,0,39,0,0,38,0,27,23,4,61,0,0
16019,1000000US170312510001033,51,0,45,0,0,0,8,43,0,8,51,0,33,26,7,79,0,2
16020,1000000US170312510001034,0,0,0,0,0,0,0,0,0,0,0,0,0,0,0,0,0,0
16021,1000000US170312510001035,0,0,0,0,0,0,0,0,0,0,0,0,0,0,0,0,0,0
16022,1000000US170312511001000,206,1,202,1,1,0,3,203,0,3,205,1,216,198,18,206,1,1
16023,1000000US170312511001001,0,0,0,0,0,0,0,0,0,0,0,0,0,0,0,0,0,0
16024,1000000US170312511001002,52,0,52,0,0,0,5,47,0,5,52,0,27,25,2,74,0,5
16025,1000000US170312511001003,13,0,13,0,0,0,0,13,0,0,13,0,6,6,0,23,0,0
16026,1000000US170312511001004,52,0,51,0,0,0,1,51,0,1,52,0,28,25,3,82,0,0
16027,1000000US170312511001005,28,0,28,0,0,0,0,28,0,0,28,0,16,13,3,35,0,0
16028,1000000US170312511001006,103,0,101,0,0,0,3,100,0,3,103,2,75,63,12,169,0,2
16029,1000000US170312511001007,61,0,59,1,0,0,1,60,0,1,61,0,36,31,5,86,1,0
16030,1000000US170312511001008,82,1,77,0,2,0,4,78,0,4,81,0,56,45,11,116,0,2
16031,1000000US170312511001009,63,0,43,0,0,0,20,43,0,20,63,0,35,24,11,93,0,0
16032,1000000US170312511001010,82,0,77,0,0,0,5,77,0,5,82,0,40,37,3,113,0,0
16033,1000000US170312511002000,69,4,54,8,0,0,3,66,0,3,65,0,31,24,7,96,8,0
16034,1000000US170312511002001,67,0,60,2,3,0,4,63,0,4,67,1,40,28,12,87,1,0
16035,1000000US170312511002002,76,0,72,0,4,0,0,76,0,0,76,0,30,26,4,100,0,0
16036,1000000US170312511002003,48,0,48,0,0,0,0,48,0,0,48,0,23,21,2,64,0,0
16037,1000000US170312511002004,29,1,28,0,0,0,0,29,0,0,28,0,18,15,3,39,0,0
16038,1000000US170312511002005,78,0,78,0,0,0,0,78,0,0,78,0,41,37,4,95,0,0
16039,1000000US170312511002006,70,3,64,0,0,0,3,67,0,3,67,0,38,27,11,93,0,0
16040,1000000US170312511002007,71,0,67,0,0,0,6,65,0,6,71,1,33,28,5,92,0,2
16041,1000000US170312511002008,65,1,61,1,0,0,4,61,0,4,64,0,38,33,5,101,1,1
16042,1000000US170312511002009,85,0,85,0,0,0,0,85,0,0,85,0,43,35,8,132,0,0
16043,1000000US170312511002010,81,0,77,0,0,0,4,77,0,4,81,0,44,34,10,104,0,0
16044,1000000US170312511002011,15,0,15,0,0,0,0,15,0,0,15,0,18,8,10,17,0,0
16045,1000000US170312511002012,27,0,27,0,0,0,0,27,0,0,27,0,17,14,3,44,0,0
16046,1000000US170312511003000,59,0,53,0,0,0,8,51,0,8,59,0,25,25,0,83,0,2
16047,1000000US170312511003001,88,0,86,1,0,0,4,84,0,4,88,3,47,42,5,119,1,2
16048,1000000US170312511003002,74,4,68,0,0,0,2,72,0,2,70,1,46,34,12,100,0,0
16049,1000000US170312511003003,76,0,74,0,0,0,3,73,0,3,76,1,54,47,7,98,0,1
16050,1000000US170312511003004,59,0,59,0,0,0,0,59,0,0,59,0,31,28,3,89,0,0
16051,1000000US170312511003005,55,0,55,0,0,0,1,54,0,1,55,0,28,26,2,85,0,1
16052,1000000US170312511003006,71,0,69,0,0,0,2,69,0,2,71,2,36,28,8,119,0,0
16053,1000000US170312511003007,41,0,40,6,0,0,2,39,0,2,41,7,26,21,5,60,6,1
16054,1000000US170312511003008,17,2,14,0,0,0,1,16,0,1,15,0,0,0,0,17,0,0
16055,1000000US170312511003009,27,0,27,0,0,0,0,27,0,0,27,0,18,14,4,40,0,0
16056,1000000US170312511003010,68,0,58,1,0,0,10,58,0,10,68,1,26,26,0,83,1,0
16057,1000000US170312511003011,35,0,35,0,0,0,0,35,0,0,35,0,17,14,3,54,0,0
16058,1000000US170312511003012,1,0,1,0,0,0,0,1,0,0,1,0,2,1,1,2,0,0
16059,1000000US170312511003013,12,0,12,0,0,0,0,12,0,0,12,0,6,5,1,18,0,0
16060,1000000US170312511003014,19,0,19,0,0,0,0,19,0,0,19,0,10,8,2,29,0,0
16061,1000000US170312511004000,0,0,0,0,0,0,0,0,0,0,0,0,0,0,0,0,0,0
16062,1000000US170312511004001,0,0,0,0,0,0,0,0,0,0,0,0,1,0,1,0,0,0
16063,1000000US170312511004002,5,0,5,0,0,0,0,5,0,0,5,0,4,3,1,8,0,0
16064,1000000US170312511004003,64,1,61,0,0,0,2,62,0,2,63,0,20,19,1,86,0,0
16065,1000000US170312511004004,77,0,67,0,0,0,11,66,0,11,77,1,37,30,7,103,0,1
16066,1000000US170312511004005,98,0,98,0,0,0,0,98,0,0,98,0,73,45,28,154,0,0
16067,1000000US170312511004006,82,0,82,1,0,1,0,82,0,0,82,2,76,46,30,110,1,0
16068,1000000US170312511004007,73,1,69,0,0,0,4,69,0,4,72,1,30,26,4,113,0,1
16069,1000000US170312511004008,91,0,91,0,0,0,0,91,0,0,91,1,39,33,6,123,0,0
16070,1000000US170312511004009,68,0,68,0,0,0,0,68,0,0,68,0,32,27,5,84,0,0
16071,1000000US170312511004010,79,0,79,0,0,0,1,78,0,1,79,1,41,36,5,112,0,1
16072,1000000US170312511004011,72,0,72,0,0,0,0,72,0,0,72,0,47,40,7,117,0,0
16073,1000000US170312511004012,45,0,44,1,0,0,1,44,0,1,45,0,28,23,5,71,1,1
16074,1000000US170312511004013,53,0,53,0,0,0,0,53,0,0,53,0,21,21,0,61,0,0
16075,1000000US170312511004014,75,0,58,5,0,0,13,62,0,13,75,4,42,33,9,103,4,0
16076,1000000US170312512001000,0,0,0,0,0,0,0,0,0,0,0,0,0,0,0,0,0,0
16077,1000000US170312512001001,17,5,0,0,0,0,12,5,0,12,12,0,4,3,1,27,0,0
16078,1000000US170312512001002,22,0,22,0,0,0,0,22,0,0,22,0,13,13,0,26,0,0
16079,1000000US170312512001003,21,0,21,0,0,0,0,21,0,0,21,1,12,8,4,26,0,0
16080,1000000US170312512001004,33,0,33,0,0,0,3,30,0,3,33,0,12,12,0,54,0,3
16081,1000000US170312512001005,16,0,12,0,0,0,4,12,0,4,16,0,8,8,0,21,0,0
16082,1000000US170312512001006,24,0,24,0,0,0,0,24,0,0,24,0,12,11,1,29,0,0
16083,1000000US170312512001007,27,0,27,0,0,0,0,27,0,0,27,0,18,17,1,40,0,0
16084,1000000US170312512001008,19,0,11,0,0,0,8,11,0,8,19,0,8,7,1,26,0,0
16085,1000000US170312512001009,26,0,23,0,0,0,3,23,0,3,26,0,13,10,3,30,0,0
16086,1000000US170312512001010,21,1,17,0,0,0,3,18,0,3,20,0,15,12,3,33,0,0
16087,1000000US170312512001011,39,3,36,0,0,0,0,39,0,0,36,0,17,17,0,61,0,0
16088,1000000US170312512001012,29,0,29,0,0,0,0,29,0,0,29,0,14,12,2,40,0,0
16089,1000000US170312512001013,43,0,42,0,0,0,1,42,0,1,43,1,16,15,1,55,0,0
16090,1000000US170312512001014,13,0,13,0,0,0,0,13,0,0,13,0,10,7,3,19,0,0
16091,1000000US170312512001015,16,0,16,0,0,0,0,16,0,0,16,0,10,10,0,20,0,0
16092,1000000US170312512001016,27,1,24,0,0,0,2,25,0,2,26,0,12,11,1,31,0,0
16093,1000000US170312512001017,29,0,25,0,0,0,4,25,0,4,29,0,10,9,1,37,0,0
16094,1000000US170312512001018,44,0,44,0,0,0,0,44,0,0,44,1,20,18,2,56,0,0
16095,1000000US170312512001019,12,0,11,0,1,0,0,12,0,0,12,0,6,6,0,21,0,0
16096,1000000US170312512001020,19,0,19,0,0,0,0,19,0,0,19,0,8,6,2,22,0,0
16097,1000000US170312512001021,22,0,19,0,0,0,3,19,0,3,22,0,13,12,1,25,0,0
16098,1000000US170312512001022,11,0,11,0,0,0,0,11,0,0,11,0,5,5,0,17,0,0
16099,1000000US170312512001023,3,0,3,0,0,0,0,3,0,0,3,0,2,1,1,4,0,0
16100,1000000US170312512002000,87,2,84,1,0,0,0,87,0,0,85,0,36,35,1,130,1,0
16101,1000000US170312512002001,96,1,95,3,0,0,1,95,0,1,95,3,40,35,5,137,3,1
16102,1000000US170312512002002,51,0,51,0,0,0,0,51,0,0,51,0,23,20,3,72,0,0
16103,1000000US170312512002003,56,0,55,0,0,0,1,55,0,1,56,0,22,18,4,70,0,0
16104,1000000US170312512002004,41,0,36,0,0,0,5,36,0,5,41,0,19,14,5,56,0,0
16105,1000000US170312512002005,47,1,45,0,0,0,2,45,0,2,46,0,17,16,1,63,0,1
16106,1000000US170312512002006,24,1,23,0,0,0,0,24,0,0,23,0,12,12,0,27,0,0
16107,1000000US170312512002007,23,2,21,0,0,0,0,23,0,0,21,0,16,10,6,25,0,0
16108,1000000US170312512002008,48,0,48,0,0,0,0,48,0,0,48,0,26,25,1,71,0,0
16109,1000000US170312512002009,43,0,34,0,0,0,9,34,0,9,43,0,22,20,2,63,0,0
16110,1000000US170312512002010,58,2,53,0,0,0,3,55,0,3,56,0,23,23,0,90,0,0
16111,1000000US170312512002011,33,2,31,0,0,0,0,33,0,0,31,0,18,12,6,46,0,0
16112,1000000US170312512002012,0,0,0,0,0,0,0,0,0,0,0,0,0,0,0,0,0,0
16113,1000000US170312512002013,9,0,9,1,0,0,0,9,0,0,9,1,28,3,25,11,1,0
16114,1000000US170312512002014,22,0,22,0,0,0,0,22,0,0,22,0,22,11,11,32,0,0
16115,1000000US170312512003000,51,0,47,0,0,0,5,46,0,5,51,0,18,17,1,63,0,1
16116,1000000US170312512003001,77,0,77,0,0,0,0,77,0,0,77,0,42,35,7,108,0,0
16117,1000000US170312512003002,76,0,61,0,1,0,15,61,0,15,76,1,34,30,4,109,0,0
16118,1000000US170312512003003,73,3,70,0,0,0,0,73,0,0,70,0,25,25,0,105,0,0
16119,1000000US170312512003004,62,0,56,0,0,0,7,55,0,7,62,0,32,27,5,83,0,1
16120,1000000US170312512003005,58,0,56,0,0,0,2,56,0,2,58,0,32,26,6,70,0,0
16121,1000000US170312512003006,59,0,55,0,0,0,4,55,0,4,59,0,24,22,2,101,0,0
16122,1000000US170312512003007,49,0,48,0,0,0,1,48,0,1,49,0,23,21,2,55,0,0
16123,1000000US170312512003008,31,0,23,0,0,0,8,23,0,8,31,0,13,12,1,40,0,0
16124,1000000US170312512003009,6,0,6,0,0,0,0,6,0,0,6,0,1,1,0,6,0,0
16125,1000000US170312512003010,0,0,0,0,0,0,0,0,0,0,0,0,0,0,0,0,0,0
16126,1000000US170312512003011,63,0,63,1,0,0,0,63,0,0,63,1,28,24,4,81,1,0
16127,1000000US170312512003012,63,0,59,0,0,0,4,59,0,4,63,0,36,27,9,88,0,0
16128,1000000US170312512004000,0,0,0,0,0,0,0,0,0,0,0,0,0,0,0,0,0,0
16129,1000000US170312512004001,51,0,51,0,0,0,4,47,0,4,51,0,17,15,2,67,0,4
16130,1000000US170312512004002,46,0,40,0,0,0,6,40,0,6,46,0,16,12,4,81,0,0
16131,1000000US170312512004003,55,0,49,0,0,0,7,48,0,7,55,0,18,17,1,70,0,1
16132,1000000US170312512004004,38,1,37,0,0,0,0,38,0,0,37,0,16,16,0,53,0,0
16133,1000000US170312512004005,47,0,47,3,0,0,1,46,0,1,47,3,17,16,1,62,3,1
16134,1000000US170312512004006,51,0,51,0,0,0,0,51,0,0,51,0,17,17,0,78,0,0
16135,1000000US170312512004007,46,1,39,0,0,0,6,40,0,6,45,0,17,17,0,59,0,0
16136,1000000US170312512004008,28,0,26,1,0,0,2,26,0,2,28,1,18,13,5,37,0,0
16137,1000000US170312512004009,67,1,66,0,0,0,3,64,0,3,66,1,31,28,3,101,0,3
16138,1000000US170312512004010,75,0,70,0,0,0,5,70,0,5,75,0,32,26,6,116,0,0
16139,1000000US170312512004011,71,0,66,0,0,0,5,66,0,5,71,0,25,24,1,97,0,0
16140,1000000US170312512004012,72,0,70,2,0,0,2,70,0,2,72,2,25,22,3,98,2,0
16141,1000000US170312512004013,53,1,52,0,0,0,1,52,0,1,52,4,17,16,1,74,0,1
16142,1000000US170312512004014,45,0,40,0,0,0,5,40,0,5,45,0,16,15,1,63,0,0
16143,1000000US170312512004015,39,0,37,0,0,0,2,37,0,2,39,0,17,16,1,62,0,0
16144,1000000US170312512004016,49,0,49,0,0,0,0,49,0,0,49,0,17,16,1,64,0,0
16145,1000000US170312512004017,51,1,50,0,0,0,0,51,0,0,50,1,18,17,1,71,0,0
16146,1000000US170312512004018,65,0,65,0,0,0,2,63,0,2,65,0,17,17,0,91,0,2
16147,1000000US170312512004019,0,0,0,0,0,0,0,0,0,0,0,0,0,0,0,0,0,0
16148,1000000US170312512004020,46,0,36,0,0,0,10,36,0,10,46,0,14,14,0,66,0,0
16149,1000000US170312512004021,85,1,84,0,0,0,0,85,0,0,84,0,33,32,1,102,0,0
16150,1000000US170312512004022,58,0,57,1,0,0,0,58,0,0,58,1,23,22,1,92,0,0
16151,1000000US170312512004023,54,1,52,0,0,0,1,53,0,1,53,0,29,25,4,70,0,0
16152,1000000US170312513001000,45,0,41,2,0,0,6,39,0,6,45,2,27,23,4,68,0,2
16153,1000000US170312513001001,0,0,0,0,0,0,0,0,0,0,0,0,0,0,0,0,0,0
16154,1000000US170312513001002,7,0,3,0,0,0,4,3,0,4,7,0,6,3,3,13,0,0
16155,1000000US170312513001003,27,1,24,0,1,1,1,26,0,1,26,1,22,13,9,32,0,0
16156,1000000US170312513001004,66,0,60,0,0,0,6,60,0,6,66,0,41,34,7,91,0,0
16157,1000000US170312513001005,86,1,84,0,0,0,4,82,0,4,85,0,46,41,5,114,0,3
16158,1000000US170312513001006,90,2,88,3,0,0,2,88,0,2,88,3,48,37,11,116,1,2
16159,1000000US170312513001007,34,0,34,0,0,0,0,34,0,0,34,0,19,17,2,59,0,0
16160,1000000US170312513001008,50,1,45,0,0,0,4,46,0,4,49,0,27,22,5,63,0,0
16161,1000000US170312513001009,45,0,42,0,0,0,3,42,0,3,45,0,29,17,12,73,0,0
16162,1000000US170312513001010,42,0,36,0,0,0,7,35,0,7,42,0,31,22,9,63,0,1
16163,1000000US170312513001011,73,4,63,0,0,0,6,67,0,6,69,0,37,34,3,122,0,0
16164,1000000US170312513001012,48,0,44,0,0,0,4,44,0,4,48,0,26,18,8,60,0,0
16165,1000000US170312513001013,25,0,23,0,0,0,2,23,0,2,25,0,10,10,0,31,0,0
16166,1000000US170312513001014,67,1,62,0,1,1,4,63,0,4,66,2,44,33,11,110,0,0
16167,1000000US170312513002000,0,0,0,0,0,0,0,0,0,0,0,0,0,0,0,0,0,0
16168,1000000US170312513002001,44,0,44,0,0,0,0,44,0,0,44,0,22,19,3,54,0,0
16169,1000000US170312513002002,62,0,62,0,0,0,0,62,0,0,62,0,36,31,5,82,0,0
16170,1000000US170312513002003,63,0,63,0,0,0,0,63,0,0,63,0,33,27,6,83,0,0
16171,1000000US170312513002004,76,0,68,3,0,0,7,69,0,7,76,1,42,35,7,100,3,0
16172,1000000US170312513002005,50,1,46,0,0,0,3,47,0,3,49,0,20,20,0,65,0,0
16173,1000000US170312513002006,52,0,52,0,0,0,0,52,0,0,52,0,28,24,4,76,0,0
16174,1000000US170312513002007,56,0,54,0,0,0,3,53,0,3,56,0,34,27,7,71,0,1
16175,1000000US170312513002008,69,0,69,0,0,0,0,69,0,0,69,0,33,32,1,93,0,0
16176,1000000US170312513002009,62,0,62,0,0,0,0,62,0,0,62,0,37,30,7,101,0,0
16177,1000000US170312513002010,48,0,45,0,0,0,3,45,0,3,48,1,26,19,7,73,0,0
16178,1000000US170312513002011,7,0,7,0,0,0,0,7,0,0,7,0,3,3,0,7,0,0
16179,1000000US170312513002012,20,0,20,0,0,0,0,20,0,0,20,0,9,9,0,27,0,0
16180,1000000US170312513003000,72,3,63,1,0,0,5,67,0,5,69,1,27,26,1,95,0,0
16181,1000000US170312513003001,75,1,73,0,0,0,1,74,0,1,74,0,28,26,2,109,0,0
16182,1000000US170312513003002,56,1,53,0,0,0,4,52,0,4,55,1,31,23,8,89,0,2
16183,1000000US170312513003003,32,0,30,0,0,0,2,30,0,2,32,0,16,15,1,37,0,0
16184,1000000US170312513003004,83,0,78,0,0,0,5,78,0,5,83,4,55,48,7,137,0,0
16185,1000000US170312513003005,20,1,17,0,2,0,1,19,0,1,19,0,16,11,5,30,0,1
16186,1000000US170312513003006,45,0,45,0,0,0,0,45,0,0,45,0,24,18,6,68,0,0
16187,1000000US170312513003007,30,1,29,3,0,0,1,29,0,1,29,3,19,17,2,47,0,1
16188,1000000US170312513003008,92,0,89,6,0,0,4,88,0,4,92,7,60,52,8,149,0,1
16189,1000000US170312513003009,33,0,27,0,0,0,4,29,0,4,33,1,17,15,2,43,0,0
16190,1000000US170312513003010,38,2,36,0,0,0,1,37,0,1,36,0,18,16,2,53,0,1
16191,1000000US170312513003011,14,0,14,0,0,0,0,14,0,0,14,0,7,5,2,14,0,0
16192,1000000US170312513004000,81,1,79,2,0,0,1,80,0,1,80,3,33,33,0,104,2,0
16193,1000000US170312513004001,35,0,35,0,0,0,0,35,0,0,35,0,20,15,5,46,0,0
16194,1000000US170312513004002,45,0,40,5,0,0,0,45,0,0,45,0,19,17,2,60,5,0
16195,1000000US170312513004003,36,0,36,0,0,0,0,36,0,0,36,1,14,14,0,41,0,0
16196,1000000US170312513004004,55,0,55,0,0,0,2,53,0,2,55,2,39,25,14,78,0,2
16197,1000000US170312513004005,25,2,18,0,0,0,5,20,0,5,23,0,14,12,2,39,0,0
16198,1000000US170312513004006,59,0,58,0,0,0,1,58,0,1,59,0,35,31,4,80,0,0
16199,1000000US170312513004007,67,3,63,2,0,0,0,67,0,0,64,3,44,33,11,90,2,0
16200,1000000US170312513004008,44,0,44,0,0,0,0,44,0,0,44,0,22,17,5,60,0,0
16201,1000000US170312513004009,70,3,65,1,0,0,5,65,0,5,67,3,40,32,8,92,1,3
16202,1000000US170312513004010,83,0,83,2,0,0,2,81,0,2,83,2,46,41,5,117,0,2
16203,1000000US170312513004011,83,0,82,1,0,0,1,82,0,1,83,1,47,40,7,114,1,0
16204,1000000US170312513005000,69,0,69,0,0,0,0,69,0,0,69,0,37,30,7,100,0,0
16205,1000000US170312513005001,43,0,43,1,0,0,0,43,0,0,43,1,21,15,6,61,1,0
16206,1000000US170312513005002,54,1,53,0,0,0,0,54,0,0,53,0,26,24,2,71,0,0
16207,1000000US170312513005003,60,0,60,1,0,0,0,60,0,0,60,1,48,34,14,81,1,0
16208,1000000US170312513005004,76,2,63,0,0,0,11,65,0,11,74,5,45,38,7,104,0,0
16209,1000000US170312513005005,41,1,40,2,0,0,4,37,0,4,40,2,24,20,4,61,2,4
16210,1000000US170312513005006,67,0,66,0,1,0,0,67,0,0,67,0,36,30,6,92,0,0
16211,1000000US170312513005007,43,0,43,0,0,0,0,43,0,0,43,0,14,14,0,48,0,0
16212,1000000US170312513005008,22,0,22,0,0,0,0,22,0,0,22,0,11,10,1,28,0,0
16213,1000000US170312513005009,18,0,18,0,0,0,0,18,0,0,18,0,11,10,1,32,0,0
16214,1000000US170312513005010,63,3,56,0,0,0,5,58,0,5,60,0,35,34,1,81,0,1
16215,1000000US170312513005011,68,0,68,0,0,0,0,68,0,0,68,0,35,33,2,93,0,0
16216,1000000US170312513005012,53,5,47,1,0,0,0,53,0,0,48,1,30,26,4,66,0,0
16217,1000000US170312513005013,61,3,58,1,0,0,0,61,0,0,58,1,27,26,1,82,1,0
16218,1000000US170312513005014,60,0,58,0,0,0,2,58,0,2,60,0,35,30,5,81,0,0
16219,1000000US170312513005015,51,2,47,0,1,0,2,49,0,2,49,0,31,26,5,76,0,0
16220,1000000US170312513005016,100,2,84,0,0,0,16,84,0,16,98,0,43,42,1,121,0,2
16221,1000000US170312513005017,4,0,4,0,0,0,3,1,0,3,4,1,2,1,1,4,0,3
16222,1000000US170312514001000,35,0,30,1,0,0,5,30,0,5,35,0,26,18,8,49,1,0
16223,1000000US170312514001001,16,2,12,0,0,0,2,14,0,2,14,0,7,7,0,24,0,0
16224,1000000US170312514001002,46,0,46,0,0,0,0,46,0,0,46,0,27,23,4,57,0,0
16225,1000000US170312514001003,28,0,28,6,0,0,0,28,0,0,28,6,9,9,0,38,0,0
16226,1000000US170312514001004,5,1,4,0,0,0,0,5,0,0,4,0,12,3,9,5,0,0
16227,1000000US170312514001005,64,0,64,0,0,0,0,64,0,0,64,0,25,25,0,77,0,0
16228,1000000US170312514001006,70,6,57,1,0,0,7,63,0,7,64,1,31,30,1,96,1,0
16229,1000000US170312514001007,51,0,49,0,0,0,2,49,0,2,51,0,35,27,8,69,0,0
16230,1000000US170312514001008,35,0,35,0,0,0,0,35,0,0,35,0,17,17,0,54,0,0
16231,1000000US170312514001009,28,0,28,0,0,0,0,28,0,0,28,0,10,9,1,38,0,0
16232,1000000US170312514001010,53,2,51,0,0,0,0,53,0,0,51,0,33,28,5,69,0,0
16233,1000000US170312514001011,88,2,73,0,1,0,12,76,0,12,86,0,39,35,4,133,0,0
16234,1000000US170312514001012,31,4,26,0,0,0,1,30,0,1,27,0,13,10,3,37,0,0
16235,1000000US170312514002000,16,2,14,0,0,0,0,16,0,0,14,0,5,5,0,16,0,0
16236,1000000US170312514002001,13,0,12,0,0,0,1,12,0,1,13,0,9,7,2,18,0,0
16237,1000000US170312514002002,51,0,45,2,0,0,6,45,0,6,51,2,28,23,5,77,0,0
16238,1000000US170312514002003,37,0,37,0,0,0,0,37,0,0,37,0,17,16,1,49,0,0
16239,1000000US170312514002004,42,0,41,0,0,0,1,41,0,1,42,0,34,27,7,71,0,0
16240,1000000US170312514002005,34,0,34,0,0,0,0,34,0,0,34,0,17,16,1,55,0,0
16241,1000000US170312514002006,0,0,0,0,0,0,0,0,0,0,0,0,0,0,0,0,0,0
16242,1000000US170312514002007,52,1,51,0,1,0,0,52,0,0,51,1,34,29,5,72,0,0
16243,1000000US170312514002008,91,2,87,0,0,0,2,89,0,2,89,0,49,47,2,149,0,0
16244,1000000US170312514002009,41,5,35,0,1,0,0,41,0,0,36,1,18,18,0,54,0,0
16245,1000000US170312514002010,45,7,38,0,0,0,0,45,0,0,38,0,18,18,0,55,0,0
16246,1000000US170312514002011,53,1,51,5,0,0,1,52,0,1,52,4,0,0,0,53,5,1
16247,1000000US170312514002012,14,0,10,0,0,0,4,10,0,4,14,0,7,7,0,21,0,0
16248,1000000US170312514002013,24,0,24,0,0,0,0,24,0,0,24,0,10,10,0,37,0,0
16249,1000000US170312514003000,5,0,5,0,0,0,0,5,0,0,5,0,13,3,10,9,0,0
16250,1000000US170312514003001,14,1,13,1,0,0,0,14,0,0,13,1,15,12,3,14,1,0
16251,1000000US170312514003002,122,2,119,1,0,0,1,121,0,1,120,1,107,75,32,160,1,0
16252,1000000US170312514003003,89,0,87,0,0,0,0,89,0,0,89,0,49,47,2,123,0,0
16253,1000000US170312514003004,37,0,37,0,0,0,0,37,0,0,37,0,22,20,2,54,0,0
16254,1000000US170312514003005,62,0,62,3,0,0,0,62,0,0,62,3,35,33,2,85,3,0
16255,1000000US170312514003006,58,2,56,0,0,0,0,58,0,0,56,0,49,35,14,78,0,0
16256,1000000US170312514003007,66,0,66,0,1,0,3,63,0,3,66,1,32,29,3,82,0,3
16257,1000000US170312514003008,56,0,56,0,0,0,0,56,0,0,56,0,28,21,7,85,0,0
16258,1000000US170312514003009,124,8,113,1,0,0,2,122,0,2,116,1,77,59,18,174,1,0
16259,1000000US170312514003010,56,3,51,0,0,0,2,54,0,2,53,0,29,25,4,84,0,0
16260,1000000US170312514003011,64,0,60,0,0,0,4,60,0,4,64,0,38,34,4,76,0,0
16261,1000000US170312514003012,59,0,57,0,0,0,2,57,0,2,59,0,29,22,7,73,0,0
16262,1000000US170312514003013,67,2,63,3,0,0,2,65,0,2,65,3,34,28,6,100,2,0
16263,1000000US170312514003014,49,4,45,0,0,0,0,49,0,0,45,0,26,25,1,79,0,0
16264,1000000US170312514003015,49,2,47,0,0,0,5,44,0,5,47,3,24,22,2,60,0,5
16265,1000000US170312514004000,0,0,0,0,0,0,0,0,0,0,0,0,0,0,0,0,0,0
16266,1000000US170312514004001,181,0,179,2,2,2,3,178,0,3,181,4,168,160,8,181,1,3
16267,1000000US170312514004002,0,0,0,0,0,0,0,0,0,0,0,0,0,0,0,0,0,0
16268,1000000US170312514004003,0,0,0,0,0,0,0,0,0,0,0,0,0,0,0,0,0,0
16269,1000000US170312514004004,44,0,43,3,2,0,1,43,0,1,44,4,22,22,0,57,3,1
16270,1000000US170312514004005,42,4,37,0,0,0,2,40,0,2,38,0,30,20,10,52,0,1
16271,1000000US170312514004006,14,2,12,0,0,0,0,14,0,0,12,0,13,9,4,23,0,0
16272,1000000US170312514004007,44,8,34,1,0,0,2,42,0,2,36,2,26,22,4,61,0,0
16273,1000000US170312514004008,102,15,83,2,2,0,1,101,0,1,87,2,86,78,8,111,1,1
16274,1000000US170312514004009,51,9,42,0,0,0,0,51,0,0,42,0,29,28,1,70,0,0
16275,1000000US170312514004010,82,2,80,0,0,0,0,82,0,0,80,0,36,33,3,106,0,0
16276,1000000US170312514004011,38,3,34,0,0,0,2,36,0,2,35,0,18,16,2,54,0,1
16277,1000000US170312514004012,20,5,13,0,0,1,3,17,0,3,15,0,9,9,0,28,0,1
16278,1000000US170312514004013,41,8,31,0,0,0,10,31,0,10,33,4,15,15,0,60,0,8
16279,1000000US170312514004014,13,10,3,0,0,0,0,13,0,0,3,0,5,5,0,16,0,0
16280,1000000US170312514004015,8,0,8,0,0,0,0,8,0,0,8,0,3,3,0,11,0,0
16281,1000000US170312514004016,53,0,52,1,0,0,1,52,0,1,53,0,58,39,19,75,1,0
16282,1000000US170312514004017,137,0,135,1,4,0,4,133,0,4,137,5,88,80,8,189,1,4
16283,1000000US170312514004018,65,1,64,1,0,0,0,65,0,0,64,1,34,32,2,78,0,0
16284,1000000US170312514004019,0,0,0,0,0,0,0,0,0,0,0,0,0,0,0,0,0,0
16285,1000000US170312514004020,0,0,0,0,0,0,0,0,0,0,0,0,0,0,0,0,0,0
16286,1000000US170312514004021,0,0,0,0,0,0,0,0,0,0,0,0,0,0,0,0,0,0
16287,1000000US170312514004022,0,0,0,0,0,0,0,0,0,0,0,0,0,0,0,0,0,0
16288,1000000US170312514004023,0,0,0,0,0,0,0,0,0,0,0,0,0,0,0,0,0,0
16289,1000000US170312514004024,0,0,0,0,0,0,0,0,0,0,0,0,0,0,0,0,0,0
16290,1000000US170312514004025,0,0,0,0,0,0,0,0,0,0,0,0,0,0,0,0,0,0
16291,1000000US170312514004026,0,0,0,0,0,0,0,0,0,0,0,0,0,0,0,0,0,0
16292,1000000US170312514004027,0,0,0,0,0,0,0,0,0,0,0,0,2,0,2,0,0,0
16293,1000000US170312514004028,2,0,2,0,0,0,0,2,0,0,2,0,2,1,1,2,0,0
16294,1000000US170312515001000,64,0,64,1,0,0,0,64,0,0,64,1,35,26,9,78,1,0
16295,1000000US170312515001001,39,0,35,0,0,0,5,34,0,5,39,0,22,17,5,61,0,1
16296,1000000US170312515001002,65,0,65,2,0,0,0,65,0,0,65,2,25,23,2,97,2,0
16297,1000000US170312515001003,75,0,68,0,0,0,7,68,0,7,75,0,35,30,5,109,0,0
16298,1000000US170312515001004,32,0,30,2,0,0,2,30,0,2,32,2,30,17,13,58,2,0
16299,1000000US170312515001005,50,2,48,0,0,0,0,50,0,0,48,0,18,18,0,60,0,0
16300,1000000US170312515001006,47,0,46,1,0,0,0,47,0,0,47,0,28,19,9,62,1,0
16301,1000000US170312515001007,69,0,67,1,0,0,2,67,0,2,69,1,30,26,4,101,1,0
16302,1000000US170312515001008,64,0,64,0,0,0,0,64,0,0,64,0,30,22,8,100,0,0
16303,1000000US170312515001009,48,4,44,0,0,0,0,48,0,0,44,0,21,16,5,73,0,0
16304,1000000US170312515001010,47,1,45,0,0,0,6,41,0,6,46,0,28,18,10,64,0,5
16305,1000000US170312515001011,63,0,63,0,0,0,0,63,0,0,63,2,30,27,3,91,0,0
16306,1000000US170312515002000,35,0,35,0,0,0,0,35,0,0,35,0,20,16,4,46,0,0
16307,1000000US170312515002001,32,0,28,0,0,0,0,32,0,0,32,0,15,10,5,49,0,0
16308,1000000US170312515002002,26,0,26,0,1,0,0,26,0,0,26,1,9,9,0,47,0,0
16309,1000000US170312515002003,56,0,56,0,0,0,0,56,0,0,56,0,25,17,8,75,0,0
16310,1000000US170312515002004,0,0,0,0,0,0,0,0,0,0,0,0,0,0,0,0,0,0
16311,1000000US170312515002005,64,0,62,0,1,0,2,62,0,2,64,1,27,23,4,92,0,0
16312,1000000US170312515002006,13,0,13,0,0,0,0,13,0,0,13,0,9,7,2,26,0,0
16313,1000000US170312515002007,0,0,0,0,0,0,0,0,0,0,0,0,0,0,0,0,0,0
16314,1000000US170312515002008,49,0,49,0,1,0,0,49,0,0,49,1,17,15,2,64,0,0
16315,1000000US170312515002009,48,0,48,0,0,0,0,48,0,0,48,0,19,17,2,67,0,0
16316,1000000US170312515002010,17,1,16,0,0,0,0,17,0,0,16,0,5,5,0,21,0,0
16317,1000000US170312515002011,35,0,35,0,0,0,0,35,0,0,35,0,14,13,1,57,0,0
16318,1000000US170312515002012,21,0,21,0,0,0,0,21,0,0,21,0,10,9,1,27,0,0
16319,1000000US170312515002013,27,0,27,0,0,0,0,27,0,0,27,1,12,11,1,48,0,0
16320,1000000US170312515002014,10,0,10,0,0,0,0,10,0,0,10,0,7,5,2,15,0,0
16321,1000000US170312515002015,38,0,38,0,0,0,0,38,0,0,38,0,21,18,3,69,0,0
16322,1000000US170312515002016,48,0,48,0,0,0,0,48,0,0,48,0,22,20,2,67,0,0
16323,1000000US170312515002017,7,0,7,0,0,0,0,7,0,0,7,0,3,3,0,7,0,0
16324,1000000US170312515002018,20,0,20,0,0,0,0,20,0,0,20,0,9,8,1,33,0,0
16325,1000000US170312515002019,49,2,47,0,0,0,0,49,0,0,47,0,22,21,1,67,0,0
16326,1000000US170312515002020,27,5,22,0,1,0,0,27,0,0,22,1,9,9,0,35,0,0
16327,1000000US170312515002021,0,0,0,0,0,0,0,0,0,0,0,0,2,0,2,0,0,0
16328,1000000US170312515002022,20,0,20,0,0,0,0,20,0,0,20,0,9,9,0,30,0,0
16329,1000000US170312515002023,15,0,15,0,0,0,0,15,0,0,15,0,5,5,0,15,0,0
16330,1000000US170312515003000,100,0,100,0,0,0,0,100,0,0,100,0,50,42,8,155,0,0
16331,1000000US170312515003001,13,0,13,0,0,0,0,13,0,0,13,1,6,5,1,21,0,0
16332,1000000US170312515003002,79,0,78,1,0,0,0,79,0,0,79,0,33,33,0,142,1,0
16333,1000000US170312515003003,0,0,0,0,0,0,0,0,0,0,0,0,0,0,0,0,0,0
16334,1000000US170312515003004,64,1,63,0,0,0,0,64,0,0,63,0,32,30,2,93,0,0
16335,1000000US170312515003005,42,1,39,0,0,0,2,40,0,2,41,1,30,19,11,58,0,0
16336,1000000US170312515003006,69,0,69,0,0,0,1,68,0,1,69,1,29,25,4,87,0,1
16337,1000000US170312515003007,232,1,230,5,0,0,5,227,0,5,231,6,174,142,32,327,3,4
16338,1000000US170312515003008,73,0,73,0,0,0,0,73,0,0,73,0,38,31,7,101,0,0
16339,1000000US170312515003009,58,0,58,0,0,0,0,58,0,0,58,0,33,26,7,91,0,0
16340,1000000US170312515004000,37,0,37,0,0,0,0,37,0,0,37,0,15,14,1,46,0,0
16341,1000000US170312515004001,5,0,5,0,0,0,0,5,0,0,5,0,3,3,0,7,0,0
16342,1000000US170312515004002,49,0,49,0,0,0,3,46,0,3,49,3,18,17,1,71,0,3
16343,1000000US170312515004003,45,0,45,0,0,0,0,45,0,0,45,0,17,16,1,68,0,0
16344,1000000US170312515004004,62,3,59,0,0,0,0,62,0,0,59,1,38,28,10,92,0,0
16345,1000000US170312515004005,66,4,62,0,0,0,0,66,0,0,62,0,41,29,12,97,0,0
16346,1000000US170312515004006,373,20,327,4,7,1,28,345,0,28,353,5,56,51,5,425,2,11
16347,1000000US170312515004007,155,3,143,3,6,0,3,152,0,3,152,2,77,64,13,190,1,1
16348,1000000US170312515004008,109,0,109,0,0,0,0,109,0,0,109,0,74,59,15,194,0,0
16349,1000000US170312515004009,31,1,30,0,0,0,0,31,0,0,30,1,15,15,0,35,0,0
16350,1000000US170312515004010,27,2,25,0,0,0,0,27,0,0,25,0,16,12,4,41,0,0
16351,1000000US170312515004011,99,0,99,0,0,0,0,99,0,0,99,0,64,59,5,146,0,0
16352,1000000US170312515004012,28,0,28,0,0,0,0,28,0,0,28,0,26,19,7,39,0,0
16353,1000000US170312515004013,152,5,142,0,1,1,7,145,0,7,147,2,115,96,19,193,0,3
16354,1000000US170312515004014,23,5,18,0,0,0,0,23,0,0,18,0,10,8,2,33,0,0
16355,1000000US170312515004015,0,0,0,0,0,0,0,0,0,0,0,0,0,0,0,0,0,0
16356,1000000US170312515004016,9,0,9,0,0,0,0,9,0,0,9,0,6,5,1,18,0,0
16357,1000000US170312515004017,16,0,16,0,0,0,0,16,0,0,16,0,7,6,1,25,0,0
16358,1000000US170312515004018,0,0,0,0,0,0,0,0,0,0,0,0,1,0,1,0,0,0
16359,1000000US170312515004019,18,0,17,0,0,0,1,17,0,1,18,0,20,13,7,25,0,0
16360,1000000US170312515004020,0,0,0,0,0,0,0,0,0,0,0,0,0,0,0,0,0,0
16361,1000000US170312515004021,0,0,0,0,0,0,0,0,0,0,0,0,0,0,0,0,0,0
16362,1000000US170312515004022,0,0,0,0,0,0,0,0,0,0,0,0,1,0,1,0,0,0
16363,1000000US170312515004023,37,0,37,0,0,0,0,37,0,0,37,0,17,15,2,53,0,0
16364,1000000US170312516001000,5,0,5,0,0,0,0,5,0,0,5,0,10,3,7,5,0,0
16365,1000000US170312516001001,52,0,48,0,0,0,4,48,0,4,52,0,21,17,4,92,0,0
16366,1000000US170312516001002,57,1,56,0,0,0,2,55,0,2,56,0,37,24,13,74,0,2
16367,1000000US170312516001003,58,0,57,1,0,0,0,58,0,0,58,0,25,21,4,69,1,0
16368,1000000US170312516001004,85,1,84,1,0,0,0,85,0,0,84,1,46,34,12,109,1,0
16369,1000000US170312516001005,60,0,56,1,0,0,4,56,0,4,60,1,33,26,7,83,1,0
16370,1000000US170312516001006,28,0,27,0,0,0,1,27,0,1,28,0,21,15,6,56,0,0
16371,1000000US170312516001007,68,2,65,0,0,0,1,67,0,1,66,0,30,24,6,88,0,0
16372,1000000US170312516001008,77,1,76,0,0,0,3,74,0,3,76,1,43,37,6,117,0,3
16373,1000000US170312516001009,48,0,47,1,0,0,0,48,0,0,48,0,32,23,9,65,1,0
16374,1000000US170312516001010,74,0,73,1,0,0,1,73,0,1,74,0,36,32,4,117,1,0
16375,1000000US170312516001011,102,12,86,0,0,0,6,96,0,6,90,1,62,48,14,149,0,2
16376,1000000US170312516001012,54,3,51,0,0,0,0,54,0,0,51,0,33,27,6,90,0,0
16377,1000000US170312516001013,58,0,58,0,0,0,0,58,0,0,58,0,38,29,9,89,0,0
16378,1000000US170312516001014,64,0,62,2,0,0,4,60,0,4,64,2,29,26,3,94,0,2
16379,1000000US170312516001015,53,0,53,0,0,0,0,53,0,0,53,1,31,22,9,80,0,0
16380,1000000US170312516002000,53,0,53,0,0,0,0,53,0,0,53,4,29,26,3,84,0,0
16381,1000000US170312516002001,58,0,56,0,0,0,5,53,0,5,58,0,34,29,5,83,0,3
16382,1000000US170312516002002,64,0,60,0,0,0,4,60,0,4,64,0,35,29,6,87,0,0
16383,1000000US170312516002003,70,0,70,0,0,0,0,70,0,0,70,0,55,28,27,77,0,0
16384,1000000US170312516002004,63,0,61,0,1,0,1,62,0,1,63,0,44,34,10,104,0,0
16385,1000000US170312516002005,49,0,47,0,0,0,2,47,0,2,49,0,20,18,2,74,0,0
16386,1000000US170312516002006,34,0,34,0,0,0,0,34,0,0,34,0,22,18,4,52,0,0
16387,1000000US170312516002007,48,0,47,0,0,0,1,47,0,1,48,0,27,18,9,63,0,0
16388,1000000US170312516002008,62,1,54,1,0,0,7,55,0,7,61,0,31,27,4,97,1,0
16389,1000000US170312516002009,48,0,48,0,0,0,0,48,0,0,48,0,21,16,5,61,0,0
16390,1000000US170312516002010,51,0,51,0,0,0,0,51,0,0,51,0,24,19,5,73,0,0
16391,1000000US170312516002011,59,0,59,0,2,0,0,59,0,0,59,2,25,20,5,78,0,0
16392,1000000US170312516002012,32,1,31,1,0,0,0,32,0,0,31,1,24,17,7,42,1,0
16393,1000000US170312516002013,22,0,22,0,0,0,0,22,0,0,22,0,11,7,4,28,0,0
16394,1000000US170312516002014,32,0,30,0,0,0,2,30,0,2,32,0,26,13,13,46,0,0
16395,1000000US170312516002015,38,0,38,0,0,0,0,38,0,0,38,0,14,14,0,56,0,0
16396,1000000US170312516003000,80,0,74,0,0,0,7,73,0,7,80,0,33,33,0,117,0,1
16397,1000000US170312516003001,55,0,55,0,0,0,0,55,0,0,55,0,34,30,4,69,0,0
16398,1000000US170312516003002,36,0,36,0,0,0,1,35,0,1,36,0,21,16,5,40,0,1
16399,1000000US170312516003003,31,0,31,0,0,0,0,31,0,0,31,0,20,18,2,47,0,0
16400,1000000US170312516003004,58,0,56,4,0,0,0,58,0,0,58,3,34,29,5,87,4,0
16401,1000000US170312516003005,35,0,34,0,0,0,1,34,0,1,35,0,19,14,5,56,0,0
16402,1000000US170312516003006,61,0,55,2,0,0,7,54,0,7,61,2,23,19,4,91,2,1
16403,1000000US170312516003007,73,0,71,2,0,0,2,71,0,2,73,0,35,30,5,101,2,2
16404,1000000US170312516003008,76,0,76,0,0,0,0,76,0,0,76,0,47,32,15,106,0,0
16405,1000000US170312516003009,81,0,81,0,0,0,0,81,0,0,81,0,40,35,5,103,0,0
16406,1000000US170312516003010,59,0,57,0,0,0,2,57,0,2,59,0,28,24,4,69,0,0
16407,1000000US170312516003011,34,0,34,0,0,0,0,34,0,0,34,0,22,17,5,60,0,0
16408,1000000US170312516003012,2,0,1,0,0,0,2,0,0,2,2,0,4,1,3,2,0,1
16409,1000000US170312516003013,33,0,33,0,0,0,0,33,0,0,33,0,21,14,7,43,0,0
16410,1000000US170312516003014,60,0,54,0,0,0,6,54,0,6,60,0,29,28,1,83,0,0
16411,1000000US170312516003015,65,0,65,0,0,0,0,65,0,0,65,0,36,28,8,93,0,0
16412,1000000US170312517001000,0,0,0,0,0,0,0,0,0,0,0,0,0,0,0,0,0,0
16413,1000000US170312517001001,0,0,0,0,0,0,0,0,0,0,0,0,0,0,0,0,0,0
16414,1000000US170312517001002,7,0,7,0,0,0,0,7,0,0,7,0,2,2,0,9,0,0
16415,1000000US170312517001003,0,0,0,0,0,0,0,0,0,0,0,0,0,0,0,0,0,0
16416,1000000US170312517001004,0,0,0,0,0,0,0,0,0,0,0,0,2,0,2,0,0,0
16417,1000000US170312517001005,14,0,14,0,0,0,0,14,0,0,14,0,12,5,7,25,0,0
16418,1000000US170312517001006,67,0,64,0,0,0,3,64,0,3,67,0,33,27,6,93,0,0
16419,1000000US170312517001007,51,0,48,0,0,0,4,47,0,4,51,1,27,25,2,76,0,1
16420,1000000US170312517001008,36,0,36,0,0,0,0,36,0,0,36,0,14,13,1,69,0,0
16421,1000000US170312517001009,3,1,2,0,0,0,0,3,0,0,2,0,3,2,1,6,0,0
16422,1000000US170312517001010,30,0,30,0,0,0,0,30,0,0,30,0,13,9,4,43,0,0
16423,1000000US170312517001011,23,0,23,0,0,0,0,23,0,0,23,0,13,8,5,31,0,0
16424,1000000US170312517001012,22,0,22,0,0,0,0,22,0,0,22,0,9,8,1,23,0,0
16425,1000000US170312517001013,11,1,4,0,0,0,6,5,0,6,10,0,8,7,1,20,0,0
16426,1000000US170312517001014,0,0,0,0,0,0,0,0,0,0,0,0,0,0,0,0,0,0
16427,1000000US170312517001015,0,0,0,0,0,0,0,0,0,0,0,0,0,0,0,0,0,0
16428,1000000US170312517001016,0,0,0,0,0,0,0,0,0,0,0,0,0,0,0,0,0,0
16429,1000000US170312517001017,0,0,0,0,0,0,0,0,0,0,0,0,0,0,0,0,0,0
16430,1000000US170312517001018,54,1,51,0,0,0,2,52,0,2,53,0,19,19,0,77,0,0
16431,1000000US170312517001019,47,0,47,0,0,0,2,45,0,2,47,2,25,19,6,77,0,2
16432,1000000US170312517001020,54,0,52,1,0,0,7,47,0,7,54,0,29,23,6,82,1,5
16433,1000000US170312517001021,19,1,18,0,0,0,0,19,0,0,18,0,10,10,0,27,0,0
16434,1000000US170312517001022,11,2,9,0,0,0,0,11,0,0,9,0,9,4,5,13,0,0
16435,1000000US170312517001023,0,0,0,0,0,0,0,0,0,0,0,0,0,0,0,0,0,0
16436,1000000US170312517001024,36,0,24,0,0,0,12,24,0,12,36,0,16,14,2,62,0,0
16437,1000000US170312517001025,27,0,23,0,0,0,6,21,0,6,27,1,14,11,3,39,0,2
16438,1000000US170312517001026,7,0,0,0,0,0,7,0,0,7,7,0,3,3,0,10,0,0
16439,1000000US170312517001027,14,0,12,0,0,0,2,12,0,2,14,0,8,7,1,18,0,0
16440,1000000US170312517001028,24,0,22,0,0,0,2,22,0,2,24,0,13,6,7,32,0,0
16441,1000000US170312517001029,15,0,11,0,0,0,4,11,0,4,15,0,7,6,1,15,0,0
16442,1000000US170312517001030,44,0,39,0,0,0,5,39,0,5,44,1,18,16,2,72,0,0
16443,1000000US170312517001031,45,0,39,0,0,0,6,39,0,6,45,0,19,16,3,64,0,0
16444,1000000US170312517001032,0,0,0,0,0,0,0,0,0,0,0,0,0,0,0,0,0,0
16445,1000000US170312517001033,11,0,11,0,0,0,0,11,0,0,11,0,7,5,2,11,0,0
16446,1000000US170312517001034,49,0,47,0,1,0,2,47,0,2,49,0,18,15,3,63,0,0
16447,1000000US170312517001035,22,0,22,0,0,0,0,22,0,0,22,0,14,11,3,28,0,0
16448,1000000US170312517001036,7,0,7,0,0,0,0,7,0,0,7,0,4,4,0,7,0,0
16449,1000000US170312517001037,11,1,10,0,0,0,0,11,0,0,10,0,5,5,0,12,0,0
16450,1000000US170312517001038,1,0,1,0,0,0,0,1,0,0,1,0,2,1,1,1,0,0
16451,1000000US170312517001039,0,0,0,0,0,0,0,0,0,0,0,0,0,0,0,0,0,0
16452,1000000US170312517001040,0,0,0,0,0,0,0,0,0,0,0,0,2,0,2,0,0,0
16453,1000000US170312517001041,0,0,0,0,0,0,0,0,0,0,0,0,0,0,0,0,0,0
16454,1000000US170312517001042,32,0,32,0,0,0,0,32,0,0,32,0,17,16,1,54,0,0
16455,1000000US170312517001043,21,0,21,0,0,0,0,21,0,0,21,0,8,8,0,38,0,0
16456,1000000US170312517001044,42,0,39,0,0,0,7,35,0,7,42,0,18,18,0,54,0,4
16457,1000000US170312517001045,41,2,39,0,0,0,0,41,0,0,39,0,16,13,3,67,0,0
16458,1000000US170312517001046,31,0,31,0,0,0,0,31,0,0,31,0,22,15,7,45,0,0
16459,1000000US170312517001047,25,0,23,0,0,0,2,23,0,2,25,0,14,13,1,31,0,0
16460,1000000US170312517001048,4,0,4,0,0,0,0,4,0,0,4,0,6,2,4,6,0,0
16461,1000000US170312517001049,45,4,29,0,0,0,12,33,0,12,41,0,16,14,2,60,0,0
16462,1000000US170312517001050,29,0,29,0,0,0,0,29,0,0,29,0,19,11,8,35,0,0
16463,1000000US170312517001051,0,0,0,0,0,0,0,0,0,0,0,0,0,0,0,0,0,0
16464,1000000US170312518001000,87,0,87,0,0,0,0,87,0,0,87,0,45,43,2,102,0,0
16465,1000000US170312518001001,15,0,13,0,0,0,2,13,0,2,15,0,6,6,0,20,0,0
16466,1000000US170312518001002,25,0,25,0,0,0,1,24,0,1,25,1,11,11,0,36,0,1
16467,1000000US170312518001003,81,0,81,0,0,0,0,81,0,0,81,0,49,42,7,129,0,0
16468,1000000US170312518001004,175,0,175,4,0,0,0,175,0,0,175,6,99,96,3,299,4,0
16469,1000000US170312518001005,2,2,0,0,0,0,0,2,0,0,0,0,0,0,0,2,0,0
16470,1000000US170312518001006,120,0,120,0,0,0,0,120,0,0,120,0,88,69,19,174,0,0
16471,1000000US170312518001007,0,0,0,0,0,0,0,0,0,0,0,0,0,0,0,0,0,0
16472,1000000US170312518001008,50,0,49,1,0,0,2,48,0,2,50,0,30,23,7,79,1,2
16473,1000000US170312518001009,43,2,41,0,0,0,0,43,0,0,41,0,30,22,8,59,0,0
16474,1000000US170312518001010,167,0,167,2,0,0,7,160,0,7,167,4,105,91,14,289,2,7
16475,1000000US170312518002000,0,0,0,0,0,0,0,0,0,0,0,0,0,0,0,0,0,0
16476,1000000US170312518002001,0,0,0,0,0,0,0,0,0,0,0,0,0,0,0,0,0,0
16477,1000000US170312518002002,0,0,0,0,0,0,0,0,0,0,0,0,0,0,0,0,0,0
16478,1000000US170312518002003,0,0,0,0,0,0,0,0,0,0,0,0,0,0,0,0,0,0
16479,1000000US170312518002004,2,0,2,0,0,0,0,2,0,0,2,0,1,1,0,2,0,0
16480,1000000US170312518002005,115,0,115,1,0,0,0,115,0,0,115,2,76,57,19,151,1,0
16481,1000000US170312518002006,47,1,46,0,0,0,0,47,0,0,46,0,30,25,5,77,0,0
16482,1000000US170312518002007,18,0,18,0,0,0,0,18,0,0,18,0,19,10,9,26,0,0
16483,1000000US170312518002008,74,0,72,0,0,0,2,72,0,2,74,0,39,31,8,115,0,0
16484,1000000US170312518002009,68,0,67,1,0,0,0,68,0,0,68,0,32,30,2,88,1,0
16485,1000000US170312518002010,11,0,10,1,0,0,0,11,0,0,11,0,9,9,0,12,1,0
16486,1000000US170312518002011,20,0,20,1,1,0,1,19,0,1,20,2,14,9,5,40,1,1
16487,1000000US170312518002012,121,0,119,2,0,0,2,119,0,2,121,0,76,63,13,169,2,2
16488,1000000US170312518002013,24,0,24,0,0,0,0,24,0,0,24,0,14,14,0,30,0,0
16489,1000000US170312518002014,36,0,36,0,0,0,0,36,0,0,36,0,23,19,4,49,0,0
16490,1000000US170312518002015,42,0,42,0,0,0,0,42,0,0,42,0,25,18,7,55,0,0
16491,1000000US170312518002016,54,0,54,0,0,0,0,54,0,0,54,0,22,18,4,72,0,0
16492,1000000US170312518002017,72,0,72,0,0,0,2,70,0,2,72,0,33,32,1,121,0,2
16493,1000000US170312518003000,0,0,0,0,0,0,0,0,0,0,0,0,0,0,0,0,0,0
16494,1000000US170312518003001,0,0,0,0,0,0,0,0,0,0,0,0,0,0,0,0,0,0
16495,1000000US170312518003002,0,0,0,0,0,0,0,0,0,0,0,0,0,0,0,0,0,0
16496,1000000US170312518003003,0,0,0,0,0,0,0,0,0,0,0,0,0,0,0,0,0,0
16497,1000000US170312518003004,18,0,18,0,0,0,0,18,0,0,18,0,10,8,2,19,0,0
16498,1000000US170312518003005,0,0,0,0,0,0,0,0,0,0,0,0,0,0,0,0,0,0
16499,1000000US170312518003006,74,0,71,0,0,0,6,68,0,6,74,0,40,32,8,105,0,3
16500,1000000US170312518003007,53,0,53,1,0,0,0,53,0,0,53,1,31,30,1,81,1,0
16501,1000000US170312518003008,79,0,79,0,0,0,0,79,0,0,79,0,42,38,4,104,0,0
16502,1000000US170312518003009,0,0,0,0,0,0,0,0,0,0,0,0,0,0,0,0,0,0
16503,1000000US170312518003010,108,0,108,0,0,0,0,108,0,0,108,0,64,52,12,166,0,0
16504,1000000US170312518003011,31,0,29,0,0,0,2,29,0,2,31,0,20,15,5,49,0,0
16505,1000000US170312518003012,0,0,0,0,0,0,0,0,0,0,0,0,0,0,0,0,0,0
16506,1000000US170312518003013,0,0,0,0,0,0,0,0,0,0,0,0,0,0,0,0,0,0
16507,1000000US170312518003014,65,0,56,7,0,0,9,56,0,9,65,6,32,27,5,95,6,0
16508,1000000US170312518003015,50,0,50,0,0,0,0,50,0,0,50,0,27,17,10,70,0,0
16509,1000000US170312518003016,15,0,15,0,0,0,0,15,0,0,15,0,14,10,4,23,0,0
16510,1000000US170312518003017,73,0,73,0,0,1,0,73,0,0,73,1,47,37,10,96,0,0
16511,1000000US170312518003018,39,0,38,1,0,0,0,39,0,0,39,0,22,18,4,60,1,0
16512,1000000US170312518003019,70,0,70,0,0,0,0,70,0,0,70,0,32,30,2,99,0,0
16513,1000000US170312518003020,3,0,3,0,0,0,0,3,0,0,3,0,2,2,0,3,0,0
16514,1000000US170312518003021,0,0,0,0,0,0,0,0,0,0,0,0,0,0,0,0,0,0
16515,1000000US170312518003022,8,0,8,0,0,0,0,8,0,0,8,0,8,5,3,11,0,0
16516,1000000US170312518004000,3,1,1,0,0,0,1,2,0,1,2,0,15,3,12,3,0,0
16517,1000000US170312518004001,12,0,12,0,0,0,0,12,0,0,12,0,8,6,2,17,0,0
16518,1000000US170312518004002,55,0,54,0,0,0,2,53,0,2,55,0,23,22,1,71,0,1
16519,1000000US170312518004003,10,0,10,0,0,0,0,10,0,0,10,0,6,6,0,15,0,0
16520,1000000US170312518004004,24,0,24,0,0,0,0,24,0,0,24,0,18,12,6,31,0,0
16521,1000000US170312518004005,33,0,33,0,0,0,0,33,0,0,33,0,30,15,15,55,0,0
16522,1000000US170312518004006,0,0,0,0,0,0,0,0,0,0,0,0,0,0,0,0,0,0
16523,1000000US170312518004007,0,0,0,0,0,0,0,0,0,0,0,0,0,0,0,0,0,0
16524,1000000US170312518004008,36,1,35,0,0,0,0,36,0,0,35,0,25,17,8,53,0,0
16525,1000000US170312518004009,46,0,46,0,0,0,0,46,0,0,46,0,33,23,10,59,0,0
16526,1000000US170312518004010,42,0,42,0,0,0,0,42,0,0,42,0,26,21,5,53,0,0
16527,1000000US170312518004011,29,2,26,1,0,0,1,28,0,1,27,0,16,16,0,40,1,0
16528,1000000US170312518004012,52,0,52,0,0,0,0,52,0,0,52,0,30,23,7,70,0,0
16529,1000000US170312518004013,107,1,106,0,0,0,1,106,0,1,106,0,62,58,4,157,0,1
16530,1000000US170312518004014,54,0,54,0,0,0,0,54,0,0,54,0,29,22,7,81,0,0
16531,1000000US170312518004015,0,0,0,0,0,0,0,0,0,0,0,0,0,0,0,0,0,0
16532,1000000US170312518005000,0,0,0,0,0,0,0,0,0,0,0,0,0,0,0,0,0,0
16533,1000000US170312518005001,18,0,18,0,0,0,0,18,0,0,18,0,8,7,1,24,0,0
16534,1000000US170312518005002,98,1,97,0,0,0,0,98,0,0,97,0,54,47,7,127,0,0
16535,1000000US170312518005003,19,0,16,1,0,0,3,16,0,3,19,0,8,8,0,24,1,0
16536,1000000US170312518005004,15,0,15,0,0,0,0,15,0,0,15,0,8,7,1,18,0,0
16537,1000000US170312518005005,5,0,5,0,0,0,0,5,0,0,5,0,6,3,3,8,0,0
16538,1000000US170312518005006,47,1,46,0,0,0,0,47,0,0,46,0,33,23,10,72,0,0
16539,1000000US170312518005007,34,0,34,0,0,0,0,34,0,0,34,0,18,14,4,42,0,0
16540,1000000US170312518005008,19,0,19,0,0,0,0,19,0,0,19,0,21,10,11,21,0,0
16541,1000000US170312518005009,27,0,22,1,0,0,5,22,0,5,27,0,16,12,4,37,1,0
16542,1000000US170312518005010,27,0,26,0,0,0,2,25,0,2,27,0,25,16,9,31,0,1
16543,1000000US170312518005011,33,0,33,0,0,0,0,33,0,0,33,0,30,15,15,56,0,0
16544,1000000US170312518005012,59,0,59,0,0,0,3,56,0,3,59,0,30,26,4,86,0,3
16545,1000000US170312518005013,74,0,74,0,0,0,0,74,0,0,74,0,41,34,7,121,0,0
16546,1000000US170312518005014,87,1,86,1,0,0,1,86,0,1,86,1,41,34,7,123,1,1
16547,1000000US170312518005015,108,2,106,0,0,0,1,107,0,1,106,0,60,55,5,167,0,1
16548,1000000US170312518005016,105,0,105,1,1,0,0,105,0,0,105,4,49,45,4,160,1,0
16549,1000000US170312518005017,71,0,71,1,0,0,0,71,0,0,71,1,59,37,22,113,1,0
16550,1000000US170312519001000,0,0,0,0,0,0,0,0,0,0,0,0,0,0,0,0,0,0
16551,1000000US170312519001001,0,0,0,0,0,0,0,0,0,0,0,0,0,0,0,0,0,0
16552,1000000US170312519001002,13,0,13,0,0,0,0,13,0,0,13,0,8,5,3,17,0,0
16553,1000000US170312519001003,58,1,57,0,0,0,1,57,0,1,57,0,27,23,4,78,0,1
16554,1000000US170312519001004,46,0,46,0,0,0,1,45,0,1,46,0,28,23,5,72,0,1
16555,1000000US170312519001005,30,3,26,0,0,0,1,29,0,1,27,0,13,12,1,52,0,0
16556,1000000US170312519001006,20,3,17,0,0,0,0,20,0,0,17,0,14,11,3,26,0,0
16557,1000000US170312519001007,80,5,71,1,0,0,3,77,0,3,75,0,35,33,2,128,1,0
16558,1000000US170312519001008,21,0,21,0,0,0,0,21,0,0,21,0,9,8,1,31,0,0
16559,1000000US170312519001009,42,0,41,1,0,0,0,42,0,0,42,0,21,20,1,61,1,0
16560,1000000US170312519001010,15,0,15,0,0,0,0,15,0,0,15,0,5,3,2,17,0,0
16561,1000000US170312519001011,17,0,13,0,0,0,4,13,0,4,17,0,6,6,0,21,0,0
16562,1000000US170312519001012,49,1,46,0,0,0,0,49,0,0,48,1,30,30,0,96,0,0
16563,1000000US170312519001013,52,0,52,0,0,0,0,52,0,0,52,0,27,24,3,75,0,0
16564,1000000US170312519001014,28,0,28,0,0,0,0,28,0,0,28,0,12,12,0,42,0,0
16565,1000000US170312519001015,65,0,65,0,0,0,2,63,0,2,65,3,48,38,10,108,0,2
16566,1000000US170312519002000,0,0,0,0,0,0,0,0,0,0,0,0,0,0,0,0,0,0
16567,1000000US170312519002001,32,0,32,0,0,0,0,32,0,0,32,0,27,19,8,47,0,0
16568,1000000US170312519002002,0,0,0,0,0,0,0,0,0,0,0,0,0,0,0,0,0,0
16569,1000000US170312519002003,2,0,1,0,0,0,1,1,0,1,2,0,1,1,0,6,0,0
16570,1000000US170312519002004,15,0,15,0,0,0,0,15,0,0,15,0,15,12,3,22,0,0
16571,1000000US170312519002005,0,0,0,0,0,0,0,0,0,0,0,0,0,0,0,0,0,0
16572,1000000US170312519002006,19,0,15,0,0,0,4,15,0,4,19,0,12,6,6,23,0,0
16573,1000000US170312519002007,13,0,13,0,0,0,0,13,0,0,13,0,15,9,6,15,0,0
16574,1000000US170312519002008,49,0,49,0,0,0,0,49,0,0,49,0,23,17,6,67,0,0
16575,1000000US170312519002009,48,0,48,0,0,0,0,48,0,0,48,0,19,18,1,61,0,0
16576,1000000US170312519002010,22,0,22,0,0,0,0,22,0,0,22,0,12,8,4,25,0,0
16577,1000000US170312519002011,153,3,146,0,0,0,4,149,0,4,150,0,62,58,4,200,0,0
16578,1000000US170312519002012,49,1,47,0,0,0,1,48,0,1,48,0,23,21,2,62,0,0
16579,1000000US170312519002013,86,0,85,0,0,0,4,82,0,4,86,0,35,30,5,124,0,3
16580,1000000US170312519002014,85,0,85,0,0,0,0,85,0,0,85,0,42,36,6,117,0,0
16581,1000000US170312519002015,62,1,61,0,0,0,0,62,0,0,61,0,27,24,3,81,0,0
16582,1000000US170312519002016,72,0,64,3,6,0,9,63,0,9,72,3,30,30,0,107,3,1
16583,1000000US170312519002017,24,0,24,0,0,0,0,24,0,0,24,0,17,10,7,29,0,0
16584,1000000US170312519002018,42,0,42,0,0,0,1,41,0,1,42,0,23,19,4,52,0,1
16585,1000000US170312519002019,108,0,108,1,0,0,0,108,0,0,108,2,68,55,13,155,1,0
16586,1000000US170312519002020,46,0,46,0,0,0,0,46,0,0,46,2,14,14,0,62,0,0
16587,1000000US170312519002021,94,0,94,0,0,0,1,93,0,1,94,0,48,46,2,123,0,1
16588,1000000US170312519002022,21,0,21,0,0,0,0,21,0,0,21,0,9,9,0,31,0,0
16589,1000000US170312519002023,10,0,10,0,0,0,0,10,0,0,10,0,9,5,4,14,0,0
16590,1000000US170312519002024,11,0,11,0,0,0,0,11,0,0,11,0,5,4,1,14,0,0
16591,1000000US170312519002025,36,0,36,0,0,0,0,36,0,0,36,0,22,14,8,51,0,0
16592,1000000US170312519002026,0,0,0,0,0,0,0,0,0,0,0,0,0,0,0,0,0,0
16593,1000000US170312519002027,9,0,9,0,0,0,0,9,0,0,9,0,6,5,1,9,0,0
16594,1000000US170312519002028,22,0,22,0,0,0,0,22,0,0,22,0,19,15,4,33,0,0
16595,1000000US170312519003000,0,0,0,0,0,0,0,0,0,0,0,0,0,0,0,0,0,0
16596,1000000US170312519003001,0,0,0,0,0,0,0,0,0,0,0,0,0,0,0,0,0,0
16597,1000000US170312519003002,32,1,27,0,0,0,4,28,0,4,31,1,20,17,3,42,0,0
16598,1000000US170312519003003,29,0,29,0,0,0,0,29,0,0,29,1,12,12,0,47,0,0
16599,1000000US170312519003004,24,0,24,0,0,0,0,24,0,0,24,0,15,10,5,32,0,0
16600,1000000US170312519003005,0,0,0,0,0,0,0,0,0,0,0,0,0,0,0,0,0,0
16601,1000000US170312519003006,6,0,6,0,0,0,0,6,0,0,6,0,2,2,0,6,0,0
16602,1000000US170312519003007,56,0,56,0,0,0,0,56,0,0,56,0,27,23,4,95,0,0
16603,1000000US170312519003008,0,0,0,0,0,0,0,0,0,0,0,0,0,0,0,0,0,0
16604,1000000US170312519003009,100,0,100,0,0,0,0,100,0,0,100,1,70,59,11,128,0,0
16605,1000000US170312519003010,156,0,156,0,0,0,0,156,0,0,156,0,110,80,30,266,0,0
16606,1000000US170312519003011,311,38,260,1,1,0,13,298,0,13,273,0,47,39,8,317,1,2
16607,1000000US170312519003012,43,0,42,0,0,0,2,41,0,2,43,0,75,29,46,63,0,1
16608,1000000US170312519003013,138,0,137,0,0,0,1,137,0,1,138,1,120,73,47,248,0,0
16609,1000000US170312519004000,79,0,78,0,0,0,1,78,0,1,79,0,46,41,5,116,0,0
16610,1000000US170312519004001,112,1,105,3,0,0,5,107,0,5,111,1,64,60,4,167,2,1
16611,1000000US170312519004002,122,1,121,0,0,0,0,122,0,0,121,0,57,49,8,189,0,0
16612,1000000US170312519004003,140,0,138,0,0,0,4,136,0,4,140,0,87,66,21,232,0,2
16613,1000000US170312519004004,119,3,104,0,1,0,11,108,0,11,116,1,67,53,14,173,0,0
16614,1000000US170312519004005,231,1,228,1,1,1,3,228,0,3,230,3,156,147,9,357,1,2
16615,1000000US170312519004006,25,0,25,0,0,0,1,24,0,1,25,0,72,10,62,41,0,1
16616,1000000US170312519004007,210,2,203,3,0,0,7,203,0,7,208,5,173,155,18,268,3,5
16617,1000000US170312519004008,67,0,67,0,0,0,0,67,0,0,67,0,37,29,8,105,0,0
16618,1000000US170312519004009,102,0,99,0,0,0,6,96,0,6,102,4,52,46,6,169,0,3
16619,1000000US170312519004010,84,0,84,0,0,0,0,84,0,0,84,0,64,35,29,128,0,0
16620,1000000US170312519004011,74,0,73,0,0,1,0,74,0,0,74,0,47,44,3,109,0,0
16621,1000000US170312519004012,5,0,5,0,0,0,0,5,0,0,5,0,2,1,1,5,0,0
16622,1000000US170312519004013,31,0,31,0,0,0,0,31,0,0,31,0,24,14,10,40,0,0
16623,1000000US170312519004014,21,0,21,0,0,0,0,21,0,0,21,0,15,11,4,34,0,0
16624,1000000US170312520001000,0,0,0,0,0,0,0,0,0,0,0,0,0,0,0,0,0,0
16625,1000000US170312520001001,0,0,0,0,0,0,0,0,0,0,0,0,0,0,0,0,0,0
16626,1000000US170312520001002,0,0,0,0,0,0,0,0,0,0,0,0,0,0,0,0,0,0
16627,1000000US170312520001003,0,0,0,0,0,0,0,0,0,0,0,0,0,0,0,0,0,0
16628,1000000US170312520001004,52,1,51,0,0,0,1,51,0,1,51,0,37,33,4,71,0,1
16629,1000000US170312520001005,0,0,0,0,0,0,0,0,0,0,0,0,0,0,0,0,0,0
16630,1000000US170312520001006,22,2,20,0,0,0,0,22,0,0,20,0,12,11,1,37,0,0
16631,1000000US170312520001007,92,2,90,0,0,0,0,92,0,0,90,0,89,70,19,108,0,0
16632,1000000US170312520001008,90,0,90,0,0,0,0,90,0,0,90,0,59,43,16,142,0,0
16633,1000000US170312520001009,32,0,32,0,0,0,0,32,0,0,32,0,16,13,3,44,0,0
16634,1000000US170312520001010,40,0,40,0,0,0,0,40,0,0,40,1,17,16,1,53,0,0
16635,1000000US170312520001011,22,0,21,0,0,0,1,21,0,1,22,0,14,9,5,32,0,0
16636,1000000US170312520001012,26,0,26,0,0,0,0,26,0,0,26,0,11,11,0,33,0,0
16637,1000000US170312520001013,118,1,117,1,1,0,1,117,0,1,117,2,98,95,3,130,1,1
16638,1000000US170312520001014,29,0,25,2,1,0,2,27,0,2,29,1,14,14,0,34,2,0
16639,1000000US170312520002000,151,3,146,1,0,0,2,149,0,2,148,1,98,91,7,219,1,0
16640,1000000US170312520002001,101,1,97,0,0,0,5,96,0,5,100,0,49,45,4,155,0,2
16641,1000000US170312520002002,107,0,106,0,0,0,1,106,0,1,107,0,74,72,2,158,0,0
16642,1000000US170312520002003,41,0,41,0,0,0,0,41,0,0,41,0,27,26,1,52,0,0
16643,1000000US170312520002004,164,1,160,1,0,0,3,161,0,3,163,0,96,84,12,226,1,1
16644,1000000US170312520002005,43,0,43,0,0,0,0,43,0,0,43,0,28,20,8,62,0,0
16645,1000000US170312520002006,45,0,45,0,0,0,0,45,0,0,45,0,40,25,15,72,0,0
16646,1000000US170312520002007,89,2,87,0,0,0,0,89,0,0,87,0,47,42,5,119,0,0
16647,1000000US170312520002008,163,0,162,0,1,0,0,163,0,0,163,0,127,117,10,198,0,0
16648,1000000US170312520002009,89,0,88,2,0,0,3,86,0,3,89,3,41,33,8,134,2,2
16649,1000000US170312520002010,119,0,118,1,0,0,0,119,0,0,119,0,57,55,2,240,1,0
16650,1000000US170312520002011,90,1,88,0,0,0,1,89,0,1,89,0,50,45,5,116,0,0
16651,1000000US170312520002012,119,1,110,0,0,1,7,112,0,7,118,1,97,84,13,136,0,0
16652,1000000US170312520002013,24,0,24,0,0,0,0,24,0,0,24,0,10,10,0,37,0,0
16653,1000000US170312520002014,43,0,43,1,0,0,0,43,0,0,43,2,28,27,1,67,1,0
16654,1000000US170312520002015,53,0,53,0,0,0,0,53,0,0,53,1,37,36,1,59,0,0
16655,1000000US170312520002016,38,0,37,0,0,0,1,37,0,1,38,0,23,22,1,58,0,0
16656,1000000US170312520002017,8,0,8,0,0,0,0,8,0,0,8,0,4,4,0,9,0,0
16657,1000000US170312520003000,0,0,0,0,0,0,0,0,0,0,0,0,0,0,0,0,0,0
16658,1000000US170312520003001,7,0,7,0,0,0,0,7,0,0,7,0,6,6,0,10,0,0
16659,1000000US170312520003002,3,0,3,0,0,0,0,3,0,0,3,0,6,3,3,4,0,0
16660,1000000US170312520003003,195,0,193,3,1,0,6,189,0,6,195,5,96,92,4,239,3,6
16661,1000000US170312520003004,125,1,124,0,0,0,0,125,0,0,124,0,79,78,1,157,0,0
16662,1000000US170312520003005,79,0,79,0,0,0,0,79,0,0,79,0,64,55,9,89,0,0
16663,1000000US170312520003006,63,0,61,0,0,1,1,62,0,1,63,0,42,31,11,76,0,0
16664,1000000US170312520003007,80,0,80,0,0,0,1,79,0,1,80,0,47,37,10,116,0,1
16665,1000000US170312520003008,103,0,103,0,1,0,0,103,0,0,103,2,62,51,11,170,0,0
16666,1000000US170312520003009,64,1,63,0,0,0,2,62,0,2,63,0,38,34,4,112,0,2
16667,1000000US170312520003010,123,4,118,0,0,0,1,122,0,1,119,0,1,1,0,124,0,0
16668,1000000US170312520003011,57,0,57,2,2,0,0,57,0,0,57,2,38,32,6,91,0,0
16669,1000000US170312520003012,70,2,59,0,0,0,9,61,0,9,68,0,41,40,1,93,0,0
16670,1000000US170312520003013,56,0,56,0,0,0,0,56,0,0,56,0,27,26,1,70,0,0
16671,1000000US170312520003014,17,0,17,0,0,0,0,17,0,0,17,0,13,10,3,21,0,0
16672,1000000US170312520003015,27,0,27,0,0,0,0,27,0,0,27,0,13,13,0,37,0,0
16673,1000000US170312520003016,63,1,62,0,0,0,0,63,0,0,62,0,31,28,3,94,0,0
16674,1000000US170312520003017,66,6,60,0,0,1,1,65,0,1,60,2,60,43,17,84,0,1
16675,1000000US170312520003018,51,2,48,1,0,0,1,50,0,1,49,0,40,35,5,63,1,1
16676,1000000US170312520003019,27,4,23,0,0,0,0,27,0,0,23,0,10,10,0,29,0,0
16677,1000000US170312520004000,63,7,52,0,2,0,2,61,0,2,56,0,63,59,4,64,0,0
16678,1000000US170312520004001,10,0,10,0,0,0,0,10,0,0,10,0,5,5,0,13,0,0
16679,1000000US170312520004002,25,2,23,0,0,0,0,25,0,0,23,0,9,9,0,33,0,0
16680,1000000US170312520004003,52,1,48,2,0,0,2,50,0,2,51,1,84,25,59,79,2,0
16681,1000000US170312520004004,46,0,44,0,0,0,2,44,0,2,46,0,24,19,5,72,0,0
16682,1000000US170312520004005,58,0,58,0,0,0,0,58,0,0,58,0,31,25,6,89,0,0
16683,1000000US170312520004006,64,2,62,0,0,0,0,64,0,0,62,0,27,24,3,82,0,0
16684,1000000US170312520004007,22,0,22,0,0,0,0,22,0,0,22,0,9,6,3,38,0,0
16685,1000000US170312520004008,21,2,18,0,1,0,1,20,0,1,19,0,13,13,0,32,0,1
16686,1000000US170312520004009,192,6,185,1,0,0,3,189,0,3,186,3,163,156,7,209,1,2
16687,1000000US170312520004010,50,2,48,1,0,0,1,49,0,1,48,1,35,30,5,72,0,1
16688,1000000US170312520004011,69,3,66,1,0,0,0,69,0,0,66,1,31,29,2,91,1,0
16689,1000000US170312520004012,118,1,117,0,0,0,0,118,0,0,117,0,61,56,5,193,0,0
16690,1000000US170312520004013,52,0,52,0,0,0,0,52,0,0,52,2,32,29,3,77,0,0
16691,1000000US170312520004014,73,8,64,1,0,0,1,72,0,1,65,0,42,35,7,95,1,0
16692,1000000US170312521011000,46,0,45,1,0,0,1,45,0,1,46,1,31,27,4,79,1,1
16693,1000000US170312521011001,19,0,19,0,0,0,0,19,0,0,19,0,10,10,0,25,0,0
16694,1000000US170312521011002,0,0,0,0,0,0,0,0,0,0,0,0,0,0,0,0,0,0
16695,1000000US170312521011003,10,0,10,0,0,0,0,10,0,0,10,0,28,8,20,10,0,0
16696,1000000US170312521011004,25,1,24,0,0,0,1,24,0,1,24,1,42,17,25,28,0,1
16697,1000000US170312521011005,141,1,140,1,0,0,2,139,0,2,140,1,123,109,14,173,1,2
16698,1000000US170312521011006,94,0,91,0,2,0,1,93,0,1,94,0,61,59,2,115,0,0
16699,1000000US170312521011007,79,0,79,0,0,0,0,79,0,0,79,0,35,30,5,113,0,0
16700,1000000US170312521011008,54,0,54,0,0,0,0,54,0,0,54,1,33,22,11,84,0,0
16701,1000000US170312521011009,38,0,38,1,0,0,0,38,0,0,38,1,47,32,15,44,1,0
16702,1000000US170312521011010,0,0,0,0,0,0,0,0,0,0,0,0,0,0,0,0,0,0
16703,1000000US170312521011011,76,0,76,2,0,2,1,75,0,1,76,5,49,45,4,98,2,1
16704,1000000US170312521011012,53,5,46,0,0,2,2,51,0,2,48,2,34,27,7,73,0,0
16705,1000000US170312521011013,60,0,59,0,0,0,1,59,0,1,60,0,35,28,7,71,0,0
16706,1000000US170312521011014,110,6,102,0,0,0,2,108,0,2,104,2,59,54,5,137,0,0
16707,1000000US170312521011015,0,0,0,0,0,0,0,0,0,0,0,0,0,0,0,0,0,0
16708,1000000US170312521011016,56,2,54,0,0,0,0,56,0,0,54,0,41,27,14,81,0,0
16709,1000000US170312521011017,53,0,53,0,0,0,0,53,0,0,53,0,29,22,7,73,0,0
16710,1000000US170312521011018,62,0,62,0,0,0,0,62,0,0,62,0,24,24,0,73,0,0
16711,1000000US170312521011019,0,0,0,0,0,0,0,0,0,0,0,0,0,0,0,0,0,0
16712,1000000US170312521011020,0,0,0,0,0,0,0,0,0,0,0,0,0,0,0,0,0,0
16713,1000000US170312521011021,0,0,0,0,0,0,0,0,0,0,0,0,0,0,0,0,0,0
16714,1000000US170312521011022,5,2,1,0,2,0,0,5,0,0,3,0,0,0,0,5,0,0
16715,1000000US170312521011023,0,0,0,0,0,0,0,0,0,0,0,0,0,0,0,0,0,0
16716,1000000US170312521011024,0,0,0,0,0,0,0,0,0,0,0,0,0,0,0,0,0,0
16717,1000000US170312521011025,0,0,0,0,0,0,0,0,0,0,0,0,0,0,0,0,0,0
16718,1000000US170312521011026,0,0,0,0,0,0,0,0,0,0,0,0,0,0,0,0,0,0
16719,1000000US170312521011027,0,0,0,0,0,0,0,0,0,0,0,0,0,0,0,0,0,0
16720,1000000US170312521011028,69,4,64,0,0,0,1,68,0,1,65,2,35,34,1,88,0,0
16721,1000000US170312521011029,0,0,0,0,0,0,0,0,0,0,0,0,0,0,0,0,0,0
16722,1000000US170312521021000,53,0,53,0,0,0,0,53,0,0,53,0,31,29,2,85,0,0
16723,1000000US170312521021001,39,0,39,0,0,0,0,39,0,0,39,0,24,22,2,52,0,0
16724,1000000US170312521021002,106,0,106,0,0,0,0,106,0,0,106,0,63,52,11,124,0,0
16725,1000000US170312521021003,70,0,70,0,0,0,0,70,0,0,70,0,41,37,4,111,0,0
16726,1000000US170312521021004,60,0,60,0,0,0,0,60,0,0,60,0,30,30,0,82,0,0
16727,1000000US170312521021005,129,1,128,0,0,0,0,129,0,0,128,0,57,55,2,161,0,0
16728,1000000US170312521021006,48,0,48,0,0,0,0,48,0,0,48,0,23,19,4,74,0,0
16729,1000000US170312521021007,68,0,68,1,0,0,0,68,0,0,68,1,37,34,3,95,1,0
16730,1000000US170312521021008,125,0,125,0,0,0,0,125,0,0,125,7,70,65,5,185,0,0
16731,1000000US170312521021009,167,0,166,2,0,0,0,167,0,0,167,2,73,65,8,224,1,0
16732,1000000US170312521021010,76,0,76,0,0,0,1,75,0,1,76,0,46,36,10,102,0,1
16733,1000000US170312521021011,0,0,0,0,0,0,0,0,0,0,0,0,0,0,0,0,0,0
16734,1000000US170312521021012,57,1,56,0,0,0,0,57,0,0,56,0,30,29,1,63,0,0
16735,1000000US170312521021013,152,0,152,2,0,0,0,152,0,0,152,2,64,62,2,197,2,0
16736,1000000US170312521021014,156,0,156,0,0,0,0,156,0,0,156,0,73,69,4,224,0,0
16737,1000000US170312521022000,0,0,0,0,0,0,0,0,0,0,0,0,0,0,0,0,0,0
16738,1000000US170312521022001,35,2,33,0,0,0,0,35,0,0,33,0,21,18,3,39,0,0
16739,1000000US170312521022002,120,0,113,2,0,0,5,115,0,5,120,4,64,59,5,175,0,0
16740,1000000US170312521022003,135,0,135,0,0,0,0,135,0,0,135,0,79,66,13,192,0,0
16741,1000000US170312521022004,160,0,158,4,1,0,0,160,0,0,160,6,88,78,10,243,3,0
16742,1000000US170312521022005,68,1,67,0,0,0,0,68,0,0,67,0,34,30,4,94,0,0
16743,1000000US170312521022006,24,0,23,0,0,0,1,23,0,1,24,0,12,12,0,31,0,0
16744,1000000US170312521022007,60,0,60,0,0,0,0,60,0,0,60,0,28,28,0,88,0,0
16745,1000000US170312521022008,110,0,109,1,0,3,1,109,0,1,110,4,54,52,2,145,1,1
16746,1000000US170312521022009,111,6,98,5,0,0,3,108,0,3,105,0,63,59,4,158,5,1
16747,1000000US170312521022010,99,0,97,1,0,0,0,99,0,0,99,2,49,41,8,141,1,0
16748,1000000US170312521022011,97,0,97,0,0,0,1,96,0,1,97,0,53,45,8,122,0,1
16749,1000000US170312521022012,39,0,39,0,0,0,0,39,0,0,39,0,21,18,3,47,0,0
16750,1000000US170312521023000,117,2,115,0,1,0,0,117,0,0,115,1,69,59,10,174,0,0
16751,1000000US170312521023001,101,0,101,1,0,0,0,101,0,0,101,1,49,42,7,139,1,0
16752,1000000US170312521023002,142,1,141,0,0,0,0,142,0,0,141,0,72,61,11,193,0,0
16753,1000000US170312521023003,76,0,76,0,0,0,5,71,0,5,76,0,57,35,22,93,0,5
16754,1000000US170312521023004,148,1,144,3,0,0,0,148,0,0,147,1,70,62,8,194,3,0
16755,1000000US170312521023005,107,0,107,0,0,0,2,105,0,2,107,0,54,52,2,152,0,2
16756,1000000US170312521023006,42,1,41,0,0,0,0,42,0,0,41,1,24,24,0,68,0,0
16757,1000000US170312521023007,59,0,59,0,0,0,0,59,0,0,59,0,40,40,0,94,0,0
16758,1000000US170312521023008,111,0,111,0,0,0,0,111,0,0,111,1,59,58,1,183,0,0
16759,1000000US170312521023009,43,0,42,1,0,0,0,43,0,0,43,0,17,16,1,69,1,0
16760,1000000US170312521023010,100,0,100,0,0,0,0,100,0,0,100,1,38,38,0,143,0,0
16761,1000000US170312521023011,143,0,142,0,1,0,0,143,0,0,143,1,87,78,9,205,0,0
16762,1000000US170312521023012,0,0,0,0,0,0,0,0,0,0,0,0,0,0,0,0,0,0
16763,1000000US170312521023013,66,1,64,1,0,0,0,66,0,0,65,0,37,35,2,100,1,0
16764,1000000US170312521023014,51,0,51,0,0,0,1,50,0,1,51,0,26,23,3,68,0,1
16765,1000000US170312521023015,37,0,37,0,0,0,0,37,0,0,37,0,19,17,2,58,0,0
16766,1000000US170312521024000,8,0,8,0,0,0,0,8,0,0,8,0,3,3,0,11,0,0
16767,1000000US170312521024001,31,0,31,0,0,0,0,31,0,0,31,3,15,13,2,35,0,0
16768,1000000US170312521024002,12,0,12,0,0,0,0,12,0,0,12,0,8,8,0,24,0,0
16769,1000000US170312521024003,118,0,118,0,0,0,0,118,0,0,118,0,64,59,5,174,0,0
16770,1000000US170312521024004,126,0,126,0,0,0,0,126,0,0,126,0,57,51,6,168,0,0
16771,1000000US170312521024005,36,0,35,0,0,5,1,35,0,1,36,4,14,13,1,50,0,1
16772,1000000US170312521024006,32,0,32,0,0,0,0,32,0,0,32,0,13,11,2,49,0,0
16773,1000000US170312521024007,123,2,118,2,0,0,3,120,0,3,121,2,62,55,7,164,2,0
16774,1000000US170312521024008,128,0,128,0,0,0,1,127,0,1,128,0,64,56,8,181,0,1
16775,1000000US170312521024009,80,0,80,0,0,0,0,80,0,0,80,0,27,27,0,116,0,0
16776,1000000US170312521024010,137,0,137,0,0,0,1,136,0,1,137,0,77,65,12,196,0,1
16777,1000000US170312521024011,69,2,67,0,0,0,0,69,0,0,67,0,34,26,8,83,0,0
16778,1000000US170312522011000,2,0,2,0,0,0,0,2,0,0,2,0,1,1,0,2,0,0
16779,1000000US170312522011001,53,0,53,0,0,0,0,53,0,0,53,0,45,32,13,70,0,0
16780,1000000US170312522011002,63,0,63,0,0,0,0,63,0,0,63,0,41,34,7,87,0,0
16781,1000000US170312522011003,133,0,129,0,0,0,4,129,0,4,133,0,80,70,10,186,0,0
16782,1000000US170312522011004,145,0,141,3,0,0,1,144,0,1,145,0,82,72,10,204,3,0
16783,1000000US170312522011005,22,0,22,0,0,0,0,22,0,0,22,0,9,9,0,31,0,0
16784,1000000US170312522011006,165,0,165,3,0,0,0,165,0,0,165,3,85,78,7,226,3,0
16785,1000000US170312522012000,91,2,89,0,0,0,0,91,0,0,89,0,58,49,9,135,0,0
16786,1000000US170312522012001,0,0,0,0,0,0,0,0,0,0,0,0,0,0,0,0,0,0
16787,1000000US170312522012002,27,0,27,0,0,0,0,27,0,0,27,0,13,12,1,38,0,0
16788,1000000US170312522012003,23,0,23,0,0,0,0,23,0,0,23,1,12,12,0,29,0,0
16789,1000000US170312522012004,207,13,189,0,0,0,5,202,0,5,194,0,0,0,0,207,0,0
16790,1000000US170312522012005,135,1,133,0,0,0,1,134,0,1,134,0,86,69,17,175,0,0
16791,1000000US170312522012006,104,2,102,0,0,0,2,102,0,2,102,2,75,54,21,175,0,2
16792,1000000US170312522013000,169,0,169,1,0,0,1,168,0,1,169,1,86,81,5,198,1,1
16793,1000000US170312522013001,139,35,99,0,1,0,5,134,0,5,104,0,0,0,0,139,0,0
16794,1000000US170312522013002,51,0,51,0,0,0,0,51,0,0,51,0,25,25,0,64,0,0
16795,1000000US170312522013003,81,1,79,1,0,0,0,81,0,0,80,0,37,36,1,93,1,0
16796,1000000US170312522013004,199,0,198,1,0,0,1,198,0,1,199,0,92,90,2,251,1,1
16797,1000000US170312522013005,25,0,25,0,0,0,0,25,0,0,25,0,17,16,1,35,0,0
16798,1000000US170312522013006,27,0,27,0,0,0,0,27,0,0,27,0,18,16,2,32,0,0
16799,1000000US170312522013007,201,0,200,0,0,0,4,197,0,4,201,1,97,91,6,266,0,3
16800,1000000US170312522013008,68,0,68,0,0,0,0,68,0,0,68,0,30,30,0,74,0,0
16801,1000000US170312522013009,36,0,36,0,0,0,0,36,0,0,36,0,16,15,1,45,0,0
16802,1000000US170312522013010,25,0,25,0,0,0,0,25,0,0,25,0,13,12,1,28,0,0
16803,1000000US170312522013011,96,0,96,0,0,0,0,96,0,0,96,0,67,52,15,132,0,0
16804,1000000US170312522013012,26,0,25,1,0,0,0,26,0,0,26,0,15,14,1,31,1,0
16805,1000000US170312522013013,0,0,0,0,0,0,0,0,0,0,0,0,0,0,0,0,0,0
16806,1000000US170312522021000,0,0,0,0,0,0,0,0,0,0,0,0,0,0,0,0,0,0
16807,1000000US170312522021001,0,0,0,0,0,0,0,0,0,0,0,0,2,0,2,0,0,0
16808,1000000US170312522021002,0,0,0,0,0,0,0,0,0,0,0,0,1,0,1,0,0,0
16809,1000000US170312522021003,91,0,91,0,0,0,0,91,0,0,91,0,46,38,8,133,0,0
16810,1000000US170312522021004,65,0,65,0,0,0,0,65,0,0,65,0,35,29,6,90,0,0
16811,1000000US170312522021005,87,0,86,0,0,0,2,85,0,2,87,1,46,41,5,105,0,1
16812,1000000US170312522021006,81,0,80,2,1,0,3,78,0,3,81,2,43,41,2,107,0,3
16813,1000000US170312522021007,0,0,0,0,0,0,0,0,0,0,0,0,0,0,0,0,0,0
16814,1000000US170312522021008,62,0,62,0,0,0,2,60,0,2,62,1,33,27,6,89,0,2
16815,1000000US170312522021009,61,0,59,0,0,0,2,59,0,2,61,0,33,30,3,85,0,0
16816,1000000US170312522021010,53,0,53,0,0,0,0,53,0,0,53,1,40,30,10,75,0,0
16817,1000000US170312522021011,84,0,84,0,0,0,0,84,0,0,84,1,41,37,4,121,0,0
16818,1000000US170312522021012,0,0,0,0,0,0,0,0,0,0,0,0,0,0,0,0,0,0
16819,1000000US170312522021013,33,0,33,1,0,0,0,33,0,0,33,1,26,17,9,42,1,0
16820,1000000US170312522021014,76,2,74,0,0,0,0,76,0,0,74,0,37,36,1,118,0,0
16821,1000000US170312522022000,0,0,0,0,0,0,0,0,0,0,0,0,0,0,0,0,0,0
16822,1000000US170312522022001,178,0,178,0,0,0,0,178,0,0,178,1,108,98,10,299,0,0
16823,1000000US170312522022002,189,1,187,0,1,1,0,189,0,0,188,5,113,108,5,308,0,0
16824,1000000US170312522022003,0,0,0,0,0,0,0,0,0,0,0,0,1,0,1,0,0,0
16825,1000000US170312522022004,0,0,0,0,0,0,0,0,0,0,0,0,0,0,0,0,0,0
16826,1000000US170312522022005,107,0,101,0,2,0,4,103,0,4,107,0,55,51,4,147,0,0
16827,1000000US170312522022006,168,0,168,2,1,0,7,161,0,7,168,3,88,83,5,227,2,7
16828,1000000US170312522023000,0,0,0,0,0,0,0,0,0,0,0,0,0,0,0,0,0,0
16829,1000000US170312522023001,109,0,109,0,0,0,0,109,0,0,109,2,57,51,6,160,0,0
16830,1000000US170312522023002,59,0,59,0,0,0,0,59,0,0,59,0,35,31,4,84,0,0
16831,1000000US170312522023003,3,0,3,0,0,0,0,3,0,0,3,0,2,2,0,10,0,0
16832,1000000US170312522023004,0,0,0,0,0,0,0,0,0,0,0,0,0,0,0,0,0,0
16833,1000000US170312522023005,0,0,0,0,0,0,0,0,0,0,0,0,0,0,0,0,0,0
16834,1000000US170312522023006,43,15,27,1,0,0,1,42,0,1,28,0,0,0,0,43,1,1
16835,1000000US170312522023007,65,0,65,1,0,0,0,65,0,0,65,1,63,60,3,65,1,0
16836,1000000US170312522023008,45,0,45,0,0,0,0,45,0,0,45,0,32,23,9,52,0,0
16837,1000000US170312522023009,78,0,78,0,0,0,0,78,0,0,78,0,33,32,1,95,0,0
16838,1000000US170312522023010,13,0,13,0,0,0,0,13,0,0,13,0,11,8,3,18,0,0
16839,1000000US170312522023011,0,0,0,0,0,0,0,0,0,0,0,0,0,0,0,0,0,0
16840,1000000US170312522023012,0,0,0,0,0,0,0,0,0,0,0,0,0,0,0,0,0,0
16841,1000000US170312522023013,0,0,0,0,0,0,0,0,0,0,0,0,0,0,0,0,0,0
16842,1000000US170312522023014,73,0,73,0,0,0,0,73,0,0,73,0,39,33,6,108,0,0
16843,1000000US170312522023015,10,0,8,0,2,0,0,10,0,0,10,0,7,6,1,11,0,0
16844,1000000US170312522023016,68,0,67,0,0,0,1,67,0,1,68,0,38,34,4,95,0,0
16845,1000000US170312522023017,85,0,85,0,0,0,0,85,0,0,85,0,31,28,3,114,0,0
16846,1000000US170312522023018,6,0,6,0,0,0,0,6,0,0,6,0,3,3,0,10,0,0
16847,1000000US170312522023019,74,0,74,0,0,0,1,73,0,1,74,0,36,34,2,102,0,1
16848,1000000US170312522023020,2,0,2,0,0,0,0,2,0,0,2,0,2,2,0,2,0,0
16849,1000000US170312522024000,9,0,9,0,0,0,0,9,0,0,9,0,7,4,3,12,0,0
16850,1000000US170312522024001,119,0,119,0,0,0,0,119,0,0,119,0,79,56,23,166,0,0
16851,1000000US170312522024002,0,0,0,0,0,0,0,0,0,0,0,0,0,0,0,0,0,0
16852,1000000US170312522024003,12,0,12,0,0,0,0,12,0,0,12,0,6,6,0,19,0,0
16853,1000000US170312522024004,130,0,129,0,0,0,1,129,0,1,130,2,82,68,14,215,0,0
16854,1000000US170312522024005,106,0,106,0,0,0,0,106,0,0,106,0,98,64,34,156,0,0
16855,1000000US170312522025000,0,0,0,0,0,0,0,0,0,0,0,0,0,0,0,0,0,0
16856,1000000US170312522025001,122,1,119,1,0,0,2,120,0,2,121,1,69,59,10,172,1,0
16857,1000000US170312522025002,86,0,86,0,0,0,0,86,0,0,86,0,63,38,25,100,0,0
16858,1000000US170312522025003,4,0,4,0,0,0,0,4,0,0,4,0,3,2,1,6,0,0
16859,1000000US170312522025004,1,0,1,0,0,0,0,1,0,0,1,0,3,1,2,1,0,0
16860,1000000US170312522025005,88,2,86,0,0,0,0,88,0,0,86,0,59,45,14,108,0,0
16861,1000000US170312522025006,120,2,112,0,0,0,8,112,0,8,118,0,71,53,18,154,0,2
16862,1000000US170312522025007,99,0,94,1,4,0,1,98,0,1,99,5,65,46,19,154,1,0
16863,1000000US170312522025008,9,0,9,0,1,0,0,9,0,0,9,1,7,7,0,16,0,0
16864,1000000US170312522025009,97,1,89,0,0,0,11,86,0,11,96,0,54,38,16,142,0,4
16865,1000000US170312522025010,102,0,102,0,0,0,0,102,0,0,102,0,51,45,6,133,0,0
16866,1000000US170312522025011,5,0,5,0,0,0,0,5,0,0,5,0,3,3,0,5,0,0
16867,1000000US170312522025012,89,0,89,0,0,0,0,89,0,0,89,0,45,37,8,135,0,0
16868,1000000US170312601001000,31,0,24,0,0,0,8,23,0,8,31,1,16,13,3,57,0,1
16869,1000000US170312601001001,13,0,13,0,0,0,0,13,0,0,13,0,7,6,1,15,0,0
16870,1000000US170312601001002,46,0,45,0,0,0,1,45,0,1,46,0,29,22,7,72,0,0
16871,1000000US170312601001003,0,0,0,0,0,0,0,0,0,0,0,0,0,0,0,0,0,0
16872,1000000US170312601001004,9,0,9,0,0,0,0,9,0,0,9,0,5,5,0,22,0,0
16873,1000000US170312601001005,38,0,38,0,0,0,1,37,0,1,38,0,17,13,4,57,0,1
16874,1000000US170312601001006,25,4,21,0,0,0,0,25,0,0,21,0,31,14,17,44,0,0
16875,1000000US170312601001007,87,0,82,0,0,0,5,82,0,5,87,0,42,33,9,138,0,0
16876,1000000US170312601001008,0,0,0,0,0,0,0,0,0,0,0,0,0,0,0,0,0,0
16877,1000000US170312601001009,61,1,60,0,0,0,0,61,0,0,60,0,41,34,7,82,0,0
16878,1000000US170312601001010,32,1,30,0,1,0,1,31,0,1,31,0,14,14,0,41,0,0
16879,1000000US170312601001011,40,0,39,0,0,0,1,39,0,1,40,1,19,19,0,56,0,0
16880,1000000US170312601001012,1,0,1,0,0,0,0,1,0,0,1,0,2,1,1,1,0,0
16881,1000000US170312601001013,2,0,2,0,0,0,0,2,0,0,2,0,3,1,2,3,0,0
16882,1000000US170312601001014,0,0,0,0,0,0,0,0,0,0,0,0,0,0,0,0,0,0
16883,1000000US170312601001015,3,0,3,0,0,0,0,3,0,0,3,0,4,2,2,6,0,0
16884,1000000US170312601001016,72,3,61,3,2,2,8,64,0,8,69,5,40,35,5,97,2,2
16885,1000000US170312601001017,50,0,50,0,0,0,0,50,0,0,50,0,24,19,5,78,0,0
16886,1000000US170312601001018,31,1,30,0,0,0,0,31,0,0,30,0,204,17,187,43,0,0
16887,1000000US170312601001019,142,2,138,2,0,0,1,141,0,1,140,1,130,127,3,145,2,1
16888,1000000US170312601001020,0,0,0,0,0,0,0,0,0,0,0,0,0,0,0,0,0,0
16889,1000000US170312601001021,257,3,252,4,0,0,1,256,0,1,254,2,288,219,69,291,4,1
16890,1000000US170312602001000,0,0,0,0,0,0,0,0,0,0,0,0,0,0,0,0,0,0
16891,1000000US170312602001001,0,0,0,0,0,0,0,0,0,0,0,0,0,0,0,0,0,0
16892,1000000US170312602001002,0,0,0,0,0,0,0,0,0,0,0,0,0,0,0,0,0,0
16893,1000000US170312602001003,43,4,37,0,0,0,2,41,0,2,39,0,17,16,1,48,0,0
16894,1000000US170312602001004,16,4,12,0,0,0,0,16,0,0,12,0,10,4,6,18,0,0
16895,1000000US170312602001005,34,3,31,0,0,0,0,34,0,0,31,0,18,11,7,44,0,0
16896,1000000US170312602001006,45,0,45,0,0,0,0,45,0,0,45,1,21,18,3,70,0,0
16897,1000000US170312602001007,0,0,0,0,0,0,0,0,0,0,0,0,0,0,0,0,0,0
16898,1000000US170312602001008,20,0,20,0,0,0,1,19,0,1,20,0,8,8,0,37,0,1
16899,1000000US170312602001009,23,3,20,0,0,0,0,23,0,0,20,0,1,1,0,23,0,0
16900,1000000US170312602001010,0,0,0,0,0,0,0,0,0,0,0,0,0,0,0,0,0,0
16901,1000000US170312602001011,31,0,31,0,0,0,0,31,0,0,31,0,21,14,7,52,0,0
16902,1000000US170312602001012,39,0,34,5,0,0,6,33,0,6,39,1,25,19,6,63,5,1
16903,1000000US170312602001013,86,0,84,0,0,0,2,84,0,2,86,0,38,33,5,140,0,0
16904,1000000US170312602001014,16,0,12,0,0,0,4,12,0,4,16,0,10,10,0,21,0,0
16905,1000000US170312602001015,0,0,0,0,0,0,0,0,0,0,0,0,0,0,0,0,0,0
16906,1000000US170312602001016,2,0,2,0,0,0,0,2,0,0,2,1,13,1,12,4,0,0
16907,1000000US170312602001017,11,0,11,0,0,0,0,11,0,0,11,0,12,6,6,22,0,0
16908,1000000US170312602001018,23,0,23,0,0,0,0,23,0,0,23,0,10,10,0,34,0,0
16909,1000000US170312602001019,28,0,28,3,0,0,0,28,0,0,28,3,23,10,13,49,3,0
16910,1000000US170312602001020,21,0,21,1,0,0,0,21,0,0,21,1,12,9,3,38,1,0
16911,1000000US170312602001021,0,0,0,0,0,0,0,0,0,0,0,0,0,0,0,0,0,0
16912,1000000US170312602001022,47,0,47,0,0,0,0,47,0,0,47,0,126,19,107,64,0,0
16913,1000000US170312602001023,129,2,127,0,0,0,0,129,0,0,127,1,71,55,16,188,0,0
16914,1000000US170312602001024,51,0,51,0,0,0,0,51,0,0,51,0,43,26,17,79,0,0
16915,1000000US170312602001025,82,0,81,0,0,0,1,81,0,1,82,0,52,38,14,119,0,0
16916,1000000US170312602001026,0,0,0,0,0,0,0,0,0,0,0,0,1,0,1,0,0,0
16917,1000000US170312602001027,0,0,0,0,0,0,0,0,0,0,0,0,0,0,0,0,0,0
16918,1000000US170312602001028,19,0,19,0,0,0,0,19,0,0,19,0,21,14,7,23,0,0
16919,1000000US170312603001000,0,0,0,0,0,0,0,0,0,0,0,0,0,0,0,0,0,0
16920,1000000US170312603001001,0,0,0,0,0,0,0,0,0,0,0,0,0,0,0,0,0,0
16921,1000000US170312603001002,0,0,0,0,0,0,0,0,0,0,0,0,0,0,0,0,0,0
16922,1000000US170312603001003,9,0,9,0,0,0,0,9,0,0,9,0,6,4,2,11,0,0
16923,1000000US170312603001004,39,0,33,0,0,0,6,33,0,6,39,0,14,12,2,50,0,0
16924,1000000US170312603001005,14,0,13,0,0,0,1,13,0,1,14,1,7,6,1,20,0,0
16925,1000000US170312603001006,0,0,0,0,0,0,0,0,0,0,0,0,0,0,0,0,0,0
16926,1000000US170312603001007,11,1,10,0,0,0,0,11,0,0,10,0,9,8,1,11,0,0
16927,1000000US170312603001008,0,0,0,0,0,0,0,0,0,0,0,0,0,0,0,0,0,0
16928,1000000US170312603001009,7,0,7,0,0,0,0,7,0,0,7,0,3,3,0,10,0,0
16929,1000000US170312603001010,0,0,0,0,0,0,0,0,0,0,0,0,0,0,0,0,0,0
16930,1000000US170312603001011,54,0,53,1,0,0,1,53,0,1,54,0,42,28,14,83,1,1
16931,1000000US170312603001012,100,2,98,2,0,0,4,96,0,4,98,2,53,40,13,134,2,4
16932,1000000US170312603001013,53,0,53,0,0,0,0,53,0,0,53,0,30,23,7,94,0,0
16933,1000000US170312603001014,31,1,30,0,0,0,0,31,0,0,30,0,18,13,5,50,0,0
16934,1000000US170312603001015,62,0,62,0,0,0,0,62,0,0,62,0,39,24,15,95,0,0
16935,1000000US170312603001016,92,0,90,1,0,0,2,90,0,2,92,1,36,31,5,123,1,1
16936,1000000US170312603001017,9,0,9,0,0,0,0,9,0,0,9,0,22,7,15,18,0,0
16937,1000000US170312603001018,58,0,58,0,0,0,1,57,0,1,58,0,28,22,6,111,0,1
16938,1000000US170312603001019,34,0,32,2,0,0,0,34,0,0,34,0,20,19,1,51,2,0
16939,1000000US170312603001020,26,0,26,0,0,0,0,26,0,0,26,0,14,12,2,41,0,0
16940,1000000US170312603001021,59,0,59,0,0,0,1,58,0,1,59,0,62,32,30,80,0,1
16941,1000000US170312603001022,28,0,28,0,0,0,0,28,0,0,28,0,14,13,1,40,0,0
16942,1000000US170312603001023,34,0,34,0,0,0,0,34,0,0,34,0,14,14,0,48,0,0
16943,1000000US170312603001024,8,0,8,0,0,0,1,7,0,1,8,0,7,6,1,10,0,1
16944,1000000US170312603001025,81,0,78,3,0,0,2,79,0,2,81,4,56,36,20,136,3,0
16945,1000000US170312603001026,128,1,125,2,0,0,2,126,0,2,127,2,131,75,56,168,1,0
16946,1000000US170312603001027,52,0,51,0,0,0,1,51,0,1,52,1,40,37,3,78,0,0
16947,1000000US170312603001028,53,0,53,0,0,0,0,53,0,0,53,0,50,47,3,64,0,0
16948,1000000US170312603001029,7,0,7,0,0,0,0,7,0,0,7,0,3,3,0,13,0,0
16949,1000000US170312603001030,20,0,20,0,0,0,0,20,0,0,20,0,10,8,2,25,0,0
16950,1000000US170312604001000,0,0,0,0,0,0,0,0,0,0,0,0,0,0,0,0,0,0
16951,1000000US170312604001001,0,0,0,0,0,0,0,0,0,0,0,0,0,0,0,0,0,0
16952,1000000US170312604001002,0,0,0,0,0,0,0,0,0,0,0,0,0,0,0,0,0,0
16953,1000000US170312604001003,0,0,0,0,0,0,0,0,0,0,0,0,0,0,0,0,0,0
16954,1000000US170312604001004,0,0,0,0,0,0,0,0,0,0,0,0,0,0,0,0,0,0
16955,1000000US170312604001005,0,0,0,0,0,0,0,0,0,0,0,0,0,0,0,0,0,0
16956,1000000US170312604001006,35,0,35,0,0,0,0,35,0,0,35,0,20,14,6,42,0,0
16957,1000000US170312604001007,0,0,0,0,0,0,0,0,0,0,0,0,0,0,0,0,0,0
16958,1000000US170312604001008,0,0,0,0,0,0,0,0,0,0,0,0,0,0,0,0,0,0
16959,1000000US170312604001009,1,0,1,0,0,0,0,1,0,0,1,0,1,1,0,1,0,0
16960,1000000US170312604001010,0,0,0,0,0,0,0,0,0,0,0,0,0,0,0,0,0,0
16961,1000000US170312604001011,53,0,53,0,0,0,0,53,0,0,53,0,29,25,4,67,0,0
16962,1000000US170312604001012,10,0,10,0,0,0,0,10,0,0,10,0,11,3,8,18,0,0
16963,1000000US170312604001013,33,0,33,0,0,0,0,33,0,0,33,0,24,15,9,45,0,0
16964,1000000US170312604001014,95,0,92,0,0,0,4,91,0,4,95,0,54,45,9,118,0,1
16965,1000000US170312604001015,2,0,2,0,0,0,0,2,0,0,2,0,2,2,0,6,0,0
16966,1000000US170312604001016,77,0,77,0,0,0,1,76,0,1,77,0,37,29,8,101,0,1
16967,1000000US170312604001017,0,0,0,0,0,0,0,0,0,0,0,0,0,0,0,0,0,0
16968,1000000US170312604001018,0,0,0,0,0,0,0,0,0,0,0,0,0,0,0,0,0,0
16969,1000000US170312604001019,0,0,0,0,0,0,0,0,0,0,0,0,0,0,0,0,0,0
16970,1000000US170312604001020,49,0,49,0,0,0,0,49,0,0,49,0,27,24,3,60,0,0
16971,1000000US170312604001021,15,0,15,0,0,0,1,14,0,1,15,1,10,9,1,28,0,1
16972,1000000US170312604001022,52,0,52,0,0,0,0,52,0,0,52,0,29,28,1,76,0,0
16973,1000000US170312604001023,25,0,25,0,0,0,0,25,0,0,25,0,8,8,0,37,0,0
16974,1000000US170312604001024,15,0,15,0,0,0,0,15,0,0,15,1,13,10,3,17,0,0
16975,1000000US170312604001025,0,0,0,0,0,0,0,0,0,0,0,0,0,0,0,0,0,0
16976,1000000US170312604001026,22,0,22,0,0,0,0,22,0,0,22,0,12,11,1,35,0,0
16977,1000000US170312604001027,0,0,0,0,0,0,0,0,0,0,0,0,0,0,0,0,0,0
16978,1000000US170312604001028,0,0,0,0,0,0,0,0,0,0,0,0,0,0,0,0,0,0
16979,1000000US170312604001029,39,0,39,0,0,0,0,39,0,0,39,0,23,21,2,58,0,0
16980,1000000US170312604001030,49,0,37,0,0,0,11,38,0,11,49,1,36,24,12,86,0,0
16981,1000000US170312604001031,127,0,127,1,0,0,9,118,0,9,127,2,63,54,9,174,1,9
16982,1000000US170312604001032,90,2,88,4,0,0,0,90,0,0,88,5,50,40,10,127,0,0
16983,1000000US170312604001033,21,0,21,0,0,0,0,21,0,0,21,0,57,10,47,38,0,0
16984,1000000US170312604001034,0,0,0,0,0,0,0,0,0,0,0,0,0,0,0,0,0,0
16985,1000000US170312604001035,20,0,20,0,0,0,0,20,0,0,20,2,17,9,8,29,0,0
16986,1000000US170312604001036,13,0,13,0,0,0,0,13,0,0,13,0,6,6,0,21,0,0
16987,1000000US170312604001037,30,0,30,0,0,0,1,29,0,1,30,0,16,11,5,54,0,1
16988,1000000US170312604001038,0,0,0,0,0,0,0,0,0,0,0,0,0,0,0,0,0,0
16989,1000000US170312604001039,1,0,1,0,0,0,0,1,0,0,1,0,3,1,2,1,0,0
16990,1000000US170312604001040,27,0,27,0,0,0,1,26,0,1,27,0,17,10,7,32,0,1
16991,1000000US170312605001000,5,0,5,0,0,0,0,5,0,0,5,0,11,3,8,8,0,0
16992,1000000US170312605001001,3,0,3,0,0,0,0,3,0,0,3,0,2,2,0,4,0,0
16993,1000000US170312605001002,33,1,31,1,0,0,0,33,0,0,32,0,18,18,0,45,1,0
16994,1000000US170312605001003,45,0,45,0,0,0,0,45,0,0,45,0,27,18,9,62,0,0
16995,1000000US170312605001004,57,3,54,0,0,0,0,57,0,0,54,0,48,27,21,68,0,0
16996,1000000US170312605001005,52,0,52,1,0,0,0,52,0,0,52,1,23,19,4,68,1,0
16997,1000000US170312605001006,104,0,103,1,0,1,2,102,0,2,104,3,55,46,9,143,1,1
16998,1000000US170312605001007,0,0,0,0,0,0,0,0,0,0,0,0,0,0,0,0,0,0
16999,1000000US170312605001008,31,2,27,0,0,0,2,29,0,2,29,0,14,13,1,36,0,0
17000,1000000US170312605001009,1,0,1,0,0,0,0,1,0,0,1,0,2,1,1,4,0,0
17001,1000000US170312605001010,44,0,44,0,0,0,0,44,0,0,44,0,19,19,0,52,0,0
17002,1000000US170312605001011,23,0,23,0,0,0,0,23,0,0,23,0,15,12,3,37,0,0
17003,1000000US170312605001012,87,0,87,0,0,0,1,86,0,1,87,1,55,38,17,122,0,1
17004,1000000US170312605001013,98,0,98,1,0,0,0,98,0,0,98,1,43,35,8,159,1,0
17005,1000000US170312605001014,87,0,87,1,0,0,0,87,0,0,87,1,62,41,21,137,1,0
17006,1000000US170312605001015,64,0,64,0,0,0,0,64,0,0,64,1,36,30,6,118,0,0
17007,1000000US170312605001016,75,0,75,0,0,0,0,75,0,0,75,0,47,36,11,118,0,0
17008,1000000US170312605001017,9,0,9,4,0,0,0,9,0,0,9,4,11,2,9,10,1,0
17009,1000000US170312605001018,29,0,29,0,0,0,0,29,0,0,29,0,16,12,4,38,0,0
17010,1000000US170312605001019,12,0,12,0,0,0,0,12,0,0,12,0,5,5,0,16,0,0
17011,1000000US170312605001020,13,0,13,0,0,0,0,13,0,0,13,0,7,6,1,21,0,0
17012,1000000US170312605001021,0,0,0,0,0,0,0,0,0,0,0,0,0,0,0,0,0,0
17013,1000000US170312605001022,26,0,26,0,0,0,0,26,0,0,26,0,12,11,1,34,0,0
17014,1000000US170312605001023,8,0,8,0,0,0,0,8,0,0,8,0,5,4,1,13,0,0
17015,1000000US170312605001024,7,0,7,0,0,0,0,7,0,0,7,0,10,4,6,7,0,0
17016,1000000US170312605001025,18,0,18,0,0,0,0,18,0,0,18,0,13,9,4,30,0,0
17017,1000000US170312605001026,15,0,15,0,0,0,0,15,0,0,15,0,18,7,11,15,0,0
17018,1000000US170312605001027,43,0,43,0,0,0,0,43,0,0,43,0,22,21,1,69,0,0
17019,1000000US170312605001028,48,0,48,0,0,0,0,48,0,0,48,0,26,21,5,61,0,0
17020,1000000US170312605001029,11,0,11,0,0,0,0,11,0,0,11,0,21,8,13,25,0,0
17021,1000000US170312605001030,46,0,46,0,0,0,0,46,0,0,46,0,27,22,5,62,0,0
17022,1000000US170312605001031,3,0,3,0,0,0,0,3,0,0,3,0,4,2,2,6,0,0
17023,1000000US170312605001032,38,0,38,0,0,0,0,38,0,0,38,0,23,18,5,56,0,0
17024,1000000US170312605001033,31,0,31,0,0,0,0,31,0,0,31,0,15,13,2,56,0,0
17025,1000000US170312605001034,0,0,0,0,0,0,0,0,0,0,0,0,0,0,0,0,0,0
17026,1000000US170312605001035,5,0,5,0,0,0,0,5,0,0,5,0,3,3,0,8,0,0
17027,1000000US170312605001036,4,0,4,0,0,0,0,4,0,0,4,0,3,2,1,5,0,0
17028,1000000US170312605001037,65,0,63,0,0,0,2,63,0,2,65,2,32,27,5,84,0,0
17029,1000000US170312605001038,0,0,0,0,0,0,0,0,0,0,0,0,0,0,0,0,0,0
17030,1000000US170312605001039,13,0,13,0,0,0,0,13,0,0,13,0,12,7,5,20,0,0
17031,1000000US170312605001040,58,0,58,0,0,0,0,58,0,0,58,0,25,23,2,96,0,0
17032,1000000US170312605001041,7,0,7,0,0,0,0,7,0,0,7,0,10,4,6,7,0,0
17033,1000000US170312605001042,0,0,0,0,0,0,0,0,0,0,0,0,0,0,0,0,0,0
17034,1000000US170312605001043,0,0,0,0,0,0,0,0,0,0,0,0,0,0,0,0,0,0
17035,1000000US170312605001044,5,0,5,0,0,0,0,5,0,0,5,0,4,4,0,14,0,0
17036,1000000US170312606001000,6,0,6,0,0,0,0,6,0,0,6,0,5,4,1,7,0,0
17037,1000000US170312606001001,16,0,16,0,0,0,0,16,0,0,16,0,8,7,1,18,0,0
17038,1000000US170312606001002,112,5,102,0,0,0,0,112,0,0,107,7,56,40,16,169,0,0
17039,1000000US170312606001003,33,0,33,0,0,0,0,33,0,0,33,0,25,14,11,55,0,0
17040,1000000US170312606001004,55,0,55,0,0,0,0,55,0,0,55,0,29,23,6,78,0,0
17041,1000000US170312606001005,67,0,67,0,0,0,3,64,0,3,67,0,35,29,6,97,0,3
17042,1000000US170312606001006,70,0,70,0,0,0,0,70,0,0,70,0,53,34,19,106,0,0
17043,1000000US170312606001007,65,0,65,0,0,0,0,65,0,0,65,0,41,32,9,106,0,0
17044,1000000US170312606001008,69,0,69,0,0,0,1,68,0,1,69,0,55,34,21,120,0,1
17045,1000000US170312606001009,106,2,103,0,0,0,1,105,0,1,104,0,53,43,10,154,0,0
17046,1000000US170312606001010,67,0,67,0,0,0,0,67,0,0,67,0,53,39,14,121,0,0
17047,1000000US170312606001011,52,0,52,0,0,0,0,52,0,0,52,0,34,20,14,77,0,0
17048,1000000US170312606002000,31,0,27,0,0,0,7,24,0,7,31,0,24,13,11,43,0,3
17049,1000000US170312606002001,28,0,27,0,0,0,1,27,0,1,28,0,36,17,19,49,0,0
17050,1000000US170312606002002,97,0,97,4,0,0,0,97,0,0,97,6,60,43,17,134,4,0
17051,1000000US170312606002003,87,1,80,0,0,0,6,81,0,6,86,0,48,37,11,119,0,0
17052,1000000US170312606002004,63,2,60,0,1,0,1,62,0,1,61,1,29,28,1,83,0,0
17053,1000000US170312606002005,91,0,91,0,0,0,0,91,0,0,91,0,47,37,10,125,0,0
17054,1000000US170312606002006,66,0,66,0,0,0,0,66,0,0,66,0,34,26,8,94,0,0
17055,1000000US170312606002007,79,6,73,0,0,0,0,79,0,0,73,0,42,40,2,127,0,0
17056,1000000US170312606002008,41,0,41,0,0,0,0,41,0,0,41,0,25,20,5,65,0,0
17057,1000000US170312606002009,93,0,92,0,1,0,0,93,0,0,93,0,53,44,9,154,0,0
17058,1000000US170312606002010,58,0,57,0,0,0,1,57,0,1,58,0,37,29,8,78,0,0
17059,1000000US170312606002011,43,0,43,0,0,0,0,43,0,0,43,0,22,18,4,57,0,0
17060,1000000US170312606002012,56,0,56,0,0,0,0,56,0,0,56,0,35,21,14,78,0,0
17061,1000000US170312606002013,37,0,37,2,0,0,0,37,0,0,37,2,18,14,4,54,2,0
17062,1000000US170312606002014,37,0,37,0,0,0,0,37,0,0,37,0,27,17,10,46,0,0
17063,1000000US170312606002015,0,0,0,0,0,0,0,0,0,0,0,0,0,0,0,0,0,0
17064,1000000US170312606002016,0,0,0,0,0,0,0,0,0,0,0,0,0,0,0,0,0,0
17065,1000000US170312606002017,0,0,0,0,0,0,0,0,0,0,0,0,0,0,0,0,0,0
17066,1000000US170312606002018,0,0,0,0,0,0,0,0,0,0,0,0,0,0,0,0,0,0
17067,1000000US170312606002019,54,2,52,0,0,0,0,54,0,0,52,0,25,22,3,64,0,0
17068,1000000US170312606002020,0,0,0,0,0,0,0,0,0,0,0,0,0,0,0,0,0,0
17069,1000000US170312606002021,0,0,0,0,0,0,0,0,0,0,0,0,0,0,0,0,0,0
17070,1000000US170312606002022,0,0,0,0,0,0,0,0,0,0,0,0,0,0,0,0,0,0
17071,1000000US170312607001000,0,0,0,0,0,0,0,0,0,0,0,0,0,0,0,0,0,0
17072,1000000US170312607001001,7,0,7,0,0,0,0,7,0,0,7,0,2,2,0,8,0,0
17073,1000000US170312607001002,0,0,0,0,0,0,0,0,0,0,0,0,2,0,2,0,0,0
17074,1000000US170312607001003,43,2,38,2,1,0,1,42,0,1,41,3,26,16,10,62,2,1
17075,1000000US170312607001004,27,0,27,0,0,0,0,27,0,0,27,0,24,15,9,39,0,0
17076,1000000US170312607001005,39,0,39,0,0,0,0,39,0,0,39,0,22,17,5,70,0,0
17077,1000000US170312607001006,73,0,73,0,0,0,0,73,0,0,73,0,41,34,7,114,0,0
17078,1000000US170312607001007,79,1,78,2,0,0,1,78,0,1,78,3,58,42,16,129,2,1
17079,1000000US170312607001008,65,0,63,1,0,1,1,64,0,1,65,1,44,31,13,109,1,0
17080,1000000US170312607001009,57,0,57,0,0,0,0,57,0,0,57,0,34,25,9,79,0,0
17081,1000000US170312607001010,63,0,63,0,0,0,0,63,0,0,63,0,31,24,7,83,0,0
17082,1000000US170312607001011,34,1,33,0,0,0,0,34,0,0,33,0,21,16,5,54,0,0
17083,1000000US170312607002000,97,0,97,0,0,0,0,97,0,0,97,0,44,37,7,116,0,0
17084,1000000US170312607002001,47,0,47,0,0,0,0,47,0,0,47,0,32,22,10,57,0,0
17085,1000000US170312607002002,33,0,33,0,0,0,0,33,0,0,33,0,48,15,33,52,0,0
17086,1000000US170312607002003,84,2,81,0,1,0,1,83,0,1,82,0,47,31,16,130,0,1
17087,1000000US170312607002004,50,0,50,0,0,0,0,50,0,0,50,0,31,20,11,78,0,0
17088,1000000US170312607002005,61,0,61,0,0,0,0,61,0,0,61,0,39,23,16,86,0,0
17089,1000000US170312607002006,40,0,40,0,0,0,0,40,0,0,40,0,21,17,4,57,0,0
17090,1000000US170312607002007,53,0,53,0,0,0,4,49,0,4,53,0,27,24,3,80,0,4
17091,1000000US170312607002008,64,1,61,0,0,0,0,64,0,0,63,0,36,33,3,98,0,0
17092,1000000US170312607002009,86,0,86,0,0,0,0,86,0,0,86,0,45,40,5,112,0,0
17093,1000000US170312607002010,46,0,46,0,0,0,0,46,0,0,46,0,24,19,5,70,0,0
17094,1000000US170312607002011,44,3,41,0,0,0,1,43,0,1,41,0,30,25,5,62,0,1
17095,1000000US170312607002012,29,0,29,0,0,0,0,29,0,0,29,0,25,17,8,57,0,0
17096,1000000US170312607002013,50,0,50,0,0,0,0,50,0,0,50,0,23,20,3,70,0,0
17097,1000000US170312607002014,58,1,56,3,0,1,0,58,0,0,57,4,25,23,2,82,3,0
17098,1000000US170312607002015,54,0,54,1,0,0,0,54,0,0,54,1,21,21,0,78,1,0
17099,1000000US170312607002016,0,0,0,0,0,0,0,0,0,0,0,0,0,0,0,0,0,0
17100,1000000US170312607002017,0,0,0,0,0,0,0,0,0,0,0,0,0,0,0,0,0,0
17101,1000000US170312607002018,0,0,0,0,0,0,0,0,0,0,0,0,0,0,0,0,0,0
17102,1000000US170312607002019,0,0,0,0,0,0,0,0,0,0,0,0,0,0,0,0,0,0
17103,1000000US170312607002020,0,0,0,0,0,0,0,0,0,0,0,0,0,0,0,0,0,0
17104,1000000US170312607002021,0,0,0,0,0,0,0,0,0,0,0,0,0,0,0,0,0,0
17105,1000000US170312607002022,0,0,0,0,0,0,0,0,0,0,0,0,0,0,0,0,0,0
17106,1000000US170312607002023,0,0,0,0,0,0,0,0,0,0,0,0,0,0,0,0,0,0
17107,1000000US170312607002024,0,0,0,0,0,0,0,0,0,0,0,0,0,0,0,0,0,0
17108,1000000US170312608001000,21,0,21,0,0,0,0,21,0,0,21,0,11,10,1,28,0,0
17109,1000000US170312608001001,0,0,0,0,0,0,0,0,0,0,0,0,0,0,0,0,0,0
17110,1000000US170312608001002,84,3,80,0,1,2,0,84,0,0,81,2,46,45,1,115,0,0
17111,1000000US170312608001003,72,5,65,0,0,0,2,70,0,2,67,0,31,24,7,98,0,0
17112,1000000US170312608001004,71,1,70,0,0,0,0,71,0,0,70,0,40,33,7,122,0,0
17113,1000000US170312608001005,44,0,44,0,0,0,0,44,0,0,44,0,21,21,0,52,0,0
17114,1000000US170312608001006,75,0,74,0,0,0,1,74,0,1,75,0,39,30,9,102,0,0
17115,1000000US170312608001007,46,0,46,0,0,0,2,44,0,2,46,0,33,27,6,74,0,2
17116,1000000US170312608001008,36,0,32,2,0,0,4,32,0,4,36,0,26,23,3,42,2,0
17117,1000000US170312608001009,44,0,44,0,0,0,0,44,0,0,44,0,26,19,7,68,0,0
17118,1000000US170312608001010,47,1,45,0,0,0,1,46,0,1,46,0,25,23,2,76,0,0
17119,1000000US170312608001011,64,0,64,0,0,0,0,64,0,0,64,0,21,19,2,96,0,0
17120,1000000US170312608001012,0,0,0,0,0,0,0,0,0,0,0,0,0,0,0,0,0,0
17121,1000000US170312608001013,9,0,9,0,0,0,0,9,0,0,9,0,6,6,0,13,0,0
17122,1000000US170312608001014,7,0,7,0,0,0,0,7,0,0,7,0,4,3,1,7,0,0
17123,1000000US170312608001015,20,0,20,0,0,0,0,20,0,0,20,0,8,6,2,33,0,0
17124,1000000US170312608001016,38,0,38,0,0,0,0,38,0,0,38,0,24,20,4,55,0,0
17125,1000000US170312608001017,185,3,175,7,0,0,2,183,0,2,182,3,148,136,12,209,7,0
17126,1000000US170312608001018,25,0,25,0,0,0,0,25,0,0,25,0,16,14,2,30,0,0
17127,1000000US170312608001019,32,0,32,0,0,0,0,32,0,0,32,0,28,15,13,46,0,0
17128,1000000US170312608002000,69,1,68,4,0,0,3,66,0,3,68,5,53,40,13,88,2,3
17129,1000000US170312608002001,62,3,59,3,0,0,0,62,0,0,59,3,32,25,7,92,3,0
17130,1000000US170312608002002,40,0,40,0,0,0,0,40,0,0,40,0,38,21,17,61,0,0
17131,1000000US170312608002003,66,1,64,1,1,0,1,65,0,1,65,2,41,33,8,109,1,0
17132,1000000US170312608002004,62,1,54,0,0,0,7,55,0,7,61,0,35,30,5,102,0,0
17133,1000000US170312608002005,40,0,40,0,0,0,0,40,0,0,40,0,23,19,4,62,0,0
17134,1000000US170312608002006,70,0,69,0,0,0,0,70,0,0,70,0,40,33,7,109,0,0
17135,1000000US170312608002007,66,0,66,0,0,0,0,66,0,0,66,0,48,32,16,97,0,0
17136,1000000US170312608002008,44,2,42,0,0,0,0,44,0,0,42,0,30,22,8,73,0,0
17137,1000000US170312608002009,23,0,23,0,0,0,0,23,0,0,23,0,15,10,5,31,0,0
17138,1000000US170312608002010,57,0,57,0,0,0,0,57,0,0,57,0,31,29,2,88,0,0
17139,1000000US170312608002011,58,0,58,1,0,0,4,54,0,4,58,1,31,27,4,76,0,4
17140,1000000US170312608002012,73,1,72,0,0,0,0,73,0,0,72,0,45,31,14,95,0,0
17141,1000000US170312608002013,88,0,82,1,1,0,4,84,0,4,88,1,51,38,13,123,1,0
17142,1000000US170312608002014,44,0,44,0,0,0,1,43,0,1,44,0,25,24,1,67,0,1
17143,1000000US170312608002015,0,0,0,0,0,0,0,0,0,0,0,0,0,0,0,0,0,0
17144,1000000US170312608002016,0,0,0,0,0,0,0,0,0,0,0,0,0,0,0,0,0,0
17145,1000000US170312608002017,0,0,0,0,0,0,0,0,0,0,0,0,0,0,0,0,0,0
17146,1000000US170312608002018,0,0,0,0,0,0,0,0,0,0,0,0,0,0,0,0,0,0
17147,1000000US170312608002019,0,0,0,0,0,0,0,0,0,0,0,0,0,0,0,0,0,0
17148,1000000US170312608002020,0,0,0,0,0,0,0,0,0,0,0,0,0,0,0,0,0,0
17149,1000000US170312609001000,15,0,15,0,0,0,0,15,0,0,15,0,7,6,1,18,0,0
17150,1000000US170312609001001,4,0,4,0,0,0,0,4,0,0,4,0,2,2,0,6,0,0
17151,1000000US170312609001002,50,0,50,0,0,0,0,50,0,0,50,0,27,21,6,79,0,0
17152,1000000US170312609001003,55,0,55,0,0,0,0,55,0,0,55,0,50,25,25,77,0,0
17153,1000000US170312609001004,14,0,13,0,0,0,1,13,0,1,14,0,22,7,15,19,0,0
17154,1000000US170312609001005,61,0,61,0,0,0,0,61,0,0,61,0,36,27,9,90,0,0
17155,1000000US170312609001006,37,0,37,0,0,0,0,37,0,0,37,0,35,21,14,64,0,0
17156,1000000US170312609001007,50,0,50,0,0,0,1,49,0,1,50,0,30,24,6,85,0,1
17157,1000000US170312609001008,14,0,14,0,0,0,0,14,0,0,14,0,12,5,7,21,0,0
17158,1000000US170312609001009,158,0,156,3,0,0,4,154,0,4,158,2,119,86,33,298,3,2
17159,1000000US170312609001010,37,0,37,0,0,0,0,37,0,0,37,1,33,23,10,56,0,0
17160,1000000US170312609001011,0,0,0,0,0,0,0,0,0,0,0,0,0,0,0,0,0,0
17161,1000000US170312609001012,63,12,48,0,0,0,4,59,0,4,51,0,10,6,4,101,0,1
17162,1000000US170312609001013,0,0,0,0,0,0,0,0,0,0,0,0,0,0,0,0,0,0
17163,1000000US170312609002000,6,0,6,0,0,0,0,6,0,0,6,0,3,2,1,8,0,0
17164,1000000US170312609002001,0,0,0,0,0,0,0,0,0,0,0,0,0,0,0,0,0,0
17165,1000000US170312609002002,7,0,7,0,0,0,0,7,0,0,7,0,2,2,0,7,0,0
17166,1000000US170312609002003,61,0,61,0,0,0,1,60,0,1,61,0,39,28,11,79,0,1
17167,1000000US170312609002004,29,0,29,0,0,0,0,29,0,0,29,0,21,14,7,51,0,0
17168,1000000US170312609002005,37,0,37,0,0,0,0,37,0,0,37,0,30,15,15,63,0,0
17169,1000000US170312609002006,67,1,66,0,0,0,0,67,0,0,66,0,33,26,7,111,0,0
17170,1000000US170312609002007,28,0,28,0,0,0,0,28,0,0,28,0,21,15,6,46,0,0
17171,1000000US170312609002008,103,0,103,0,0,0,0,103,0,0,103,0,66,50,16,153,0,0
17172,1000000US170312609002009,29,0,29,0,0,0,0,29,0,0,29,0,24,16,8,42,0,0
17173,1000000US170312609002010,4,0,4,0,0,0,0,4,0,0,4,0,3,3,0,6,0,0
17174,1000000US170312610001000,19,0,19,0,0,0,0,19,0,0,19,0,13,10,3,20,0,0
17175,1000000US170312610001001,42,0,40,0,0,0,2,40,0,2,42,0,24,20,4,56,0,0
17176,1000000US170312610001002,2,0,2,0,0,0,0,2,0,0,2,0,4,2,2,5,0,0
17177,1000000US170312610001003,0,0,0,0,0,0,0,0,0,0,0,0,0,0,0,0,0,0
17178,1000000US170312610001004,0,0,0,0,0,0,0,0,0,0,0,0,0,0,0,0,0,0
17179,1000000US170312610001005,0,0,0,0,0,0,0,0,0,0,0,0,0,0,0,0,0,0
17180,1000000US170312610001006,6,0,6,0,0,0,0,6,0,0,6,0,3,3,0,10,0,0
17181,1000000US170312610001007,0,0,0,0,0,0,0,0,0,0,0,0,0,0,0,0,0,0
17182,1000000US170312610001008,11,0,11,0,0,0,0,11,0,0,11,0,5,5,0,21,0,0
17183,1000000US170312610001009,0,0,0,0,0,0,0,0,0,0,0,0,0,0,0,0,0,0
17184,1000000US170312610001010,32,0,32,0,0,0,0,32,0,0,32,0,20,13,7,43,0,0
17185,1000000US170312610001011,1,0,1,0,0,0,0,1,0,0,1,0,1,1,0,1,0,0
17186,1000000US170312610001012,50,0,50,0,0,0,0,50,0,0,50,0,24,23,1,71,0,0
17187,1000000US170312610001013,68,0,68,0,0,0,0,68,0,0,68,0,39,34,5,95,0,0
17188,1000000US170312610001014,62,0,62,0,0,0,0,62,0,0,62,0,30,26,4,73,0,0
17189,1000000US170312610001015,42,1,41,0,0,0,0,42,0,0,41,0,28,15,13,48,0,0
17190,1000000US170312610001016,0,0,0,0,0,0,0,0,0,0,0,0,0,0,0,0,0,0
17191,1000000US170312610001017,17,0,17,0,0,0,0,17,0,0,17,0,8,7,1,21,0,0
17192,1000000US170312610001018,0,0,0,0,0,0,0,0,0,0,0,0,0,0,0,0,0,0
17193,1000000US170312610001019,33,0,33,0,0,0,0,33,0,0,33,0,29,19,10,60,0,0
17194,1000000US170312610001020,75,0,75,0,0,0,0,75,0,0,75,0,37,31,6,92,0,0
17195,1000000US170312610001021,21,0,21,0,0,0,0,21,0,0,21,0,17,9,8,24,0,0
17196,1000000US170312610001022,18,0,18,0,0,0,0,18,0,0,18,0,10,9,1,31,0,0
17197,1000000US170312610001023,9,0,9,0,0,0,0,9,0,0,9,0,6,6,0,10,0,0
17198,1000000US170312610001024,3,0,3,0,0,0,0,3,0,0,3,0,2,2,0,4,0,0
17199,1000000US170312610001025,0,0,0,0,0,0,0,0,0,0,0,0,0,0,0,0,0,0
17200,1000000US170312610001026,5,0,5,0,0,0,0,5,0,0,5,0,4,2,2,5,0,0
17201,1000000US170312610001027,16,0,16,0,0,0,0,16,0,0,16,0,8,8,0,18,0,0
17202,1000000US170312610001028,0,0,0,0,0,0,0,0,0,0,0,0,0,0,0,0,0,0
17203,1000000US170312610001029,23,0,23,0,0,0,0,23,0,0,23,0,9,9,0,26,0,0
17204,1000000US170312610001030,28,0,28,0,0,0,0,28,0,0,28,0,19,15,4,33,0,0
17205,1000000US170312610001031,4,0,4,0,0,0,0,4,0,0,4,0,4,3,1,6,0,0
17206,1000000US170312610001032,0,0,0,0,0,0,0,0,0,0,0,0,0,0,0,0,0,0
17207,1000000US170312610001033,0,0,0,0,0,0,0,0,0,0,0,0,0,0,0,0,0,0
17208,1000000US170312610001034,50,0,50,0,3,0,4,46,0,4,50,3,28,21,7,67,0,4
17209,1000000US170312610001035,70,0,66,1,1,1,1,69,0,1,70,0,47,35,12,104,1,0
17210,1000000US170312610001036,41,0,40,0,1,0,0,41,0,0,41,0,33,23,10,64,0,0
17211,1000000US170312610001037,3,0,3,0,0,0,0,3,0,0,3,0,5,2,3,4,0,0
17212,1000000US170312610001038,7,0,7,0,0,0,0,7,0,0,7,0,4,2,2,9,0,0
17213,1000000US170312610002000,0,0,0,0,0,0,0,0,0,0,0,0,0,0,0,0,0,0
17214,1000000US170312610002001,49,1,47,0,0,0,1,48,0,1,48,0,27,21,6,67,0,0
17215,1000000US170312610002002,33,0,33,0,0,0,0,33,0,0,33,0,16,11,5,48,0,0
17216,1000000US170312610002003,8,0,8,0,0,0,0,8,0,0,8,0,3,3,0,8,0,0
17217,1000000US170312610002004,25,0,25,0,0,0,0,25,0,0,25,0,11,11,0,46,0,0
17218,1000000US170312610002005,61,0,61,0,0,0,1,60,0,1,61,0,48,34,14,89,0,1
17219,1000000US170312610002006,38,0,38,0,0,0,0,38,0,0,38,0,17,17,0,57,0,0
17220,1000000US170312610002007,45,0,45,0,0,0,0,45,0,0,45,0,25,21,4,61,0,0
17221,1000000US170312610002008,34,0,34,0,0,0,0,34,0,0,34,0,26,18,8,56,0,0
17222,1000000US170312610002009,38,0,37,0,0,0,1,37,0,1,38,0,26,21,5,50,0,0
17223,1000000US170312610002010,27,0,27,0,0,0,1,26,0,1,27,0,35,14,21,35,0,1
17224,1000000US170312610002011,20,0,20,0,0,0,0,20,0,0,20,0,12,8,4,33,0,0
17225,1000000US170312610002012,5,0,5,0,0,0,0,5,0,0,5,0,4,3,1,7,0,0
17226,1000000US170312610002013,6,0,6,0,0,0,0,6,0,0,6,0,5,2,3,8,0,0
17227,1000000US170312610002014,6,0,6,0,0,0,0,6,0,0,6,0,4,4,0,9,0,0
17228,1000000US170312610002015,14,0,14,0,0,0,0,14,0,0,14,0,4,4,0,24,0,0
17229,1000000US170312610002016,0,0,0,0,0,0,0,0,0,0,0,0,0,0,0,0,0,0
17230,1000000US170312610002017,3,0,3,0,0,0,0,3,0,0,3,0,5,2,3,3,0,0
17231,1000000US170312610002018,0,0,0,0,0,0,0,0,0,0,0,0,0,0,0,0,0,0
17232,1000000US170312610002019,49,0,49,0,0,0,0,49,0,0,49,0,20,20,0,61,0,0
17233,1000000US170312610002020,31,0,31,0,0,0,0,31,0,0,31,0,17,16,1,43,0,0
17234,1000000US170312610002021,59,0,59,0,0,0,0,59,0,0,59,0,34,28,6,73,0,0
17235,1000000US170312610002022,86,1,85,0,0,0,0,86,0,0,85,1,36,30,6,114,0,0
17236,1000000US170312610002023,41,0,40,0,0,1,1,40,0,1,41,1,33,24,9,59,0,0
17237,1000000US170312610002024,13,0,12,1,0,0,0,13,0,0,13,0,8,7,1,15,1,0
17238,1000000US170312610002025,6,0,6,0,0,0,0,6,0,0,6,0,6,4,2,7,0,0
17239,1000000US170312610002026,3,0,3,0,0,0,0,3,0,0,3,0,2,2,0,5,0,0
17240,1000000US170312610002027,0,0,0,0,0,0,0,0,0,0,0,0,0,0,0,0,0,0
17241,1000000US170312610002028,34,0,34,0,0,0,0,34,0,0,34,0,20,17,3,53,0,0
17242,1000000US170312610002029,39,0,39,0,0,0,1,38,0,1,39,0,14,14,0,73,0,1
17243,1000000US170312610002030,51,0,51,0,0,0,0,51,0,0,51,0,28,23,5,79,0,0
17244,1000000US170312610002031,33,0,33,0,0,0,0,33,0,0,33,0,24,17,7,53,0,0
17245,1000000US170312610002032,0,0,0,0,0,0,0,0,0,0,0,0,0,0,0,0,0,0
17246,1000000US170312610002033,15,0,15,0,0,0,0,15,0,0,15,0,7,7,0,32,0,0
17247,1000000US170312610002034,24,0,24,0,0,0,0,24,0,0,24,0,15,9,6,30,0,0
17248,1000000US170312705001000,2,0,1,0,0,0,1,1,0,1,2,0,0,0,0,2,0,0
17249,1000000US170312705001001,0,0,0,0,0,0,0,0,0,0,0,0,0,0,0,0,0,0
17250,1000000US170312705001002,1,0,1,0,0,0,0,1,0,0,1,0,0,0,0,1,0,0
17251,1000000US170312705001003,0,0,0,0,0,0,0,0,0,0,0,0,0,0,0,0,0,0
17252,1000000US170312705001004,1,0,1,0,0,0,0,1,0,0,1,0,2,1,1,1,0,0
17253,1000000US170312705001005,0,0,0,0,0,0,0,0,0,0,0,0,0,0,0,0,0,0
17254,1000000US170312705001006,0,0,0,0,0,0,0,0,0,0,0,0,0,0,0,0,0,0
17255,1000000US170312705001007,7,0,7,0,0,0,0,7,0,0,7,0,2,2,0,7,0,0
17256,1000000US170312705001008,0,0,0,0,0,0,0,0,0,0,0,0,0,0,0,0,0,0
17257,1000000US170312705001009,4,0,4,0,0,0,0,4,0,0,4,0,1,1,0,8,0,0
17258,1000000US170312705001010,0,0,0,0,0,0,0,0,0,0,0,0,0,0,0,0,0,0
17259,1000000US170312705001011,0,0,0,0,0,0,0,0,0,0,0,0,0,0,0,0,0,0
17260,1000000US170312705001012,200,1,199,1,0,0,3,197,0,3,199,2,37,32,5,244,1,3
17261,1000000US170312705001013,14,0,14,0,0,0,0,14,0,0,14,0,8,8,0,21,0,0
17262,1000000US170312705001014,33,0,33,0,0,0,0,33,0,0,33,0,18,17,1,48,0,0
17263,1000000US170312705001015,0,0,0,0,0,0,0,0,0,0,0,0,0,0,0,0,0,0
17264,1000000US170312705001016,0,0,0,0,0,0,0,0,0,0,0,0,0,0,0,0,0,0
17265,1000000US170312705001017,0,0,0,0,0,0,0,0,0,0,0,0,0,0,0,0,0,0
17266,1000000US170312705001018,130,0,128,2,1,0,2,128,0,2,130,1,146,121,25,130,2,1
17267,1000000US170312705001019,0,0,0,0,0,0,0,0,0,0,0,0,0,0,0,0,0,0
17268,1000000US170312705001020,0,0,0,0,0,0,0,0,0,0,0,0,0,0,0,0,0,0
17269,1000000US170312705001021,0,0,0,0,0,0,0,0,0,0,0,0,0,0,0,0,0,0
17270,1000000US170312705001022,0,0,0,0,0,0,0,0,0,0,0,0,0,0,0,0,0,0
17271,1000000US170312705001023,0,0,0,0,0,0,0,0,0,0,0,0,0,0,0,0,0,0
17272,1000000US170312705001024,0,0,0,0,0,0,0,0,0,0,0,0,0,0,0,0,0,0
17273,1000000US170312705001025,0,0,0,0,0,0,0,0,0,0,0,0,0,0,0,0,0,0
17274,1000000US170312705001026,0,0,0,0,0,0,0,0,0,0,0,0,0,0,0,0,0,0
17275,1000000US170312705001027,0,0,0,0,0,0,0,0,0,0,0,0,0,0,0,0,0,0
17276,1000000US170312705001028,0,0,0,0,0,0,0,0,0,0,0,0,0,0,0,0,0,0
17277,1000000US170312705001029,9,0,7,0,0,0,2,7,0,2,9,0,18,1,17,13,0,0
17278,1000000US170312705001030,1,0,1,0,0,0,0,1,0,0,1,0,2,1,1,1,0,0
17279,1000000US170312705001031,17,0,17,0,0,0,0,17,0,0,17,0,19,9,10,26,0,0
17280,1000000US170312705001032,35,0,35,0,0,0,0,35,0,0,35,0,19,18,1,65,0,0
17281,1000000US170312705001033,7,0,7,0,0,0,0,7,0,0,7,0,8,3,5,8,0,0
17282,1000000US170312705001034,0,0,0,0,0,0,0,0,0,0,0,0,0,0,0,0,0,0
17283,1000000US170312705001035,46,1,43,2,0,0,1,45,0,1,45,1,23,23,0,65,2,0
17284,1000000US170312705001036,0,0,0,0,0,0,0,0,0,0,0,0,0,0,0,0,0,0
17285,1000000US170312705001037,0,0,0,0,0,0,0,0,0,0,0,0,0,0,0,0,0,0
17286,1000000US170312705001038,65,0,58,0,0,0,11,54,0,11,65,1,30,28,2,91,0,4
17287,1000000US170312705001039,21,0,17,2,0,0,4,17,0,4,21,0,12,11,1,33,2,0
17288,1000000US170312705001040,26,0,26,0,0,0,0,26,0,0,26,0,18,12,6,35,0,0
17289,1000000US170312705001041,38,1,37,0,0,0,0,38,0,0,37,0,26,21,5,61,0,0
17290,1000000US170312705001042,86,0,86,0,0,0,0,86,0,0,86,0,46,37,9,134,0,0
17291,1000000US170312705001043,94,0,92,1,1,0,1,93,0,1,94,1,60,48,12,144,0,0
17292,1000000US170312705001044,47,0,47,0,0,0,0,47,0,0,47,0,29,20,9,74,0,0
17293,1000000US170312705001045,65,0,65,1,0,0,0,65,0,0,65,3,48,29,19,86,1,0
17294,1000000US170312705001046,77,1,76,0,0,0,1,76,0,1,76,4,48,41,7,113,0,1
17295,1000000US170312705001047,63,0,63,0,0,0,0,63,0,0,63,0,39,28,11,95,0,0
17296,1000000US170312705001048,105,0,105,0,0,0,2,103,0,2,105,2,71,65,6,183,0,2
17297,1000000US170312712001000,12,0,12,0,0,0,0,12,0,0,12,0,6,5,1,14,0,0
17298,1000000US170312712001001,0,0,0,0,0,0,0,0,0,0,0,0,0,0,0,0,0,0
17299,1000000US170312712001002,0,0,0,0,0,0,0,0,0,0,0,0,0,0,0,0,0,0
17300,1000000US170312712001003,65,0,65,0,0,0,0,65,0,0,65,0,66,28,38,94,0,0
17301,1000000US170312712001004,2,0,2,0,0,0,0,2,0,0,2,0,5,2,3,5,0,0
17302,1000000US170312712001005,0,0,0,0,0,0,0,0,0,0,0,0,0,0,0,0,0,0
17303,1000000US170312712001006,23,0,23,0,0,0,0,23,0,0,23,0,23,14,9,50,0,0
17304,1000000US170312712001007,14,0,13,0,0,0,1,13,0,1,14,0,9,5,4,18,0,0
17305,1000000US170312712001008,7,0,7,0,0,0,0,7,0,0,7,0,6,2,4,8,0,0
17306,1000000US170312712001009,5,0,5,0,0,0,0,5,0,0,5,0,2,2,0,5,0,0
17307,1000000US170312712001010,0,0,0,0,0,0,0,0,0,0,0,0,2,0,2,0,0,0
17308,1000000US170312712001011,54,8,45,0,0,0,1,53,0,1,46,0,34,25,9,72,0,0
17309,1000000US170312712001012,0,0,0,0,0,0,0,0,0,0,0,0,0,0,0,0,0,0
17310,1000000US170312712001013,86,4,81,3,1,0,4,82,0,4,82,10,48,40,8,125,0,3
17311,1000000US170312712001014,29,0,29,0,0,0,2,27,0,2,29,0,19,13,6,39,0,2
17312,1000000US170312712001015,72,7,58,1,2,0,7,65,0,7,65,1,12,10,2,79,1,2
17313,1000000US170312712001016,44,1,43,0,0,0,5,39,0,5,43,0,25,25,0,73,0,5
17314,1000000US170312712001017,54,0,54,0,0,0,2,52,0,2,54,1,31,24,7,83,0,2
17315,1000000US170312712001018,13,0,13,0,0,0,0,13,0,0,13,0,10,7,3,17,0,0
17316,1000000US170312712001019,4,0,4,0,0,0,0,4,0,0,4,0,8,2,6,6,0,0
17317,1000000US170312712001020,10,0,10,0,0,0,0,10,0,0,10,0,6,4,2,13,0,0
17318,1000000US170312712001021,58,0,58,0,0,0,0,58,0,0,58,0,26,23,3,78,0,0
17319,1000000US170312712001022,32,3,29,0,0,0,0,32,0,0,29,0,19,15,4,63,0,0
17320,1000000US170312712001023,28,11,15,0,0,0,2,26,0,2,17,0,10,10,0,40,0,0
17321,1000000US170312712001024,10,0,10,0,0,0,0,10,0,0,10,0,6,5,1,24,0,0
17322,1000000US170312712001025,0,0,0,0,0,0,0,0,0,0,0,0,0,0,0,0,0,0
17323,1000000US170312712001026,8,0,8,0,0,0,0,8,0,0,8,0,6,5,1,10,0,0
17324,1000000US170312712001027,4,0,4,0,0,0,0,4,0,0,4,0,2,1,1,5,0,0
17325,1000000US170312712001028,24,0,24,0,0,0,1,23,0,1,24,0,17,10,7,32,0,1
17326,1000000US170312712001029,23,0,23,0,0,0,0,23,0,0,23,0,13,11,2,31,0,0
17327,1000000US170312712001030,21,0,21,0,0,0,0,21,0,0,21,0,12,6,6,27,0,0
17328,1000000US170312712001031,2,0,2,0,0,0,0,2,0,0,2,0,1,1,0,3,0,0
17329,1000000US170312712001032,0,0,0,0,0,0,0,0,0,0,0,0,0,0,0,0,0,0
17330,1000000US170312712001033,5,0,5,0,0,0,0,5,0,0,5,0,2,2,0,5,0,0
17331,1000000US170312712001034,0,0,0,0,0,0,0,0,0,0,0,0,0,0,0,0,0,0
17332,1000000US170312712001035,0,0,0,0,0,0,0,0,0,0,0,0,0,0,0,0,0,0
17333,1000000US170312712001036,0,0,0,0,0,0,0,0,0,0,0,0,0,0,0,0,0,0
17334,1000000US170312712001037,0,0,0,0,0,0,0,0,0,0,0,0,0,0,0,0,0,0
17335,1000000US170312712001038,0,0,0,0,0,0,0,0,0,0,0,0,0,0,0,0,0,0
17336,1000000US170312712001039,0,0,0,0,0,0,0,0,0,0,0,0,0,0,0,0,0,0
17337,1000000US170312712001040,14,0,14,0,0,0,0,14,0,0,14,0,9,9,0,20,0,0
17338,1000000US170312712001041,14,0,14,0,0,0,0,14,0,0,14,0,7,4,3,20,0,0
17339,1000000US170312712001042,8,0,8,0,0,0,0,8,0,0,8,0,11,6,5,13,0,0
17340,1000000US170312712001043,30,0,30,0,0,0,0,30,0,0,30,0,17,14,3,39,0,0
17341,1000000US170312712001044,30,0,30,0,0,0,0,30,0,0,30,0,20,14,6,47,0,0
17342,1000000US170312712001045,10,0,10,0,0,0,0,10,0,0,10,0,5,5,0,12,0,0
17343,1000000US170312713001000,0,0,0,0,0,0,0,0,0,0,0,0,0,0,0,0,0,0
17344,1000000US170312713001001,126,7,111,3,1,1,6,120,0,6,119,1,84,80,4,220,2,1
17345,1000000US170312713001002,56,0,55,1,0,0,1,55,0,1,56,0,35,22,13,84,1,1
17346,1000000US170312713001003,68,0,68,0,0,0,0,68,0,0,68,0,41,36,5,102,0,0
17347,1000000US170312713001004,0,0,0,0,0,0,0,0,0,0,0,0,0,0,0,0,0,0
17348,1000000US170312713001005,40,0,38,0,0,0,2,38,0,2,40,0,25,16,9,58,0,0
17349,1000000US170312713001006,0,0,0,0,0,0,0,0,0,0,0,0,0,0,0,0,0,0
17350,1000000US170312713001007,82,2,80,0,0,0,2,80,0,2,80,1,42,41,1,121,0,2
17351,1000000US170312713001008,0,0,0,0,0,0,0,0,0,0,0,0,0,0,0,0,0,0
17352,1000000US170312713001009,19,0,19,0,0,0,0,19,0,0,19,0,8,8,0,29,0,0
17353,1000000US170312713001010,0,0,0,0,0,0,0,0,0,0,0,0,0,0,0,0,0,0
17354,1000000US170312713001011,0,0,0,0,0,0,0,0,0,0,0,0,0,0,0,0,0,0
17355,1000000US170312713001012,7,0,7,0,0,0,0,7,0,0,7,0,6,3,3,10,0,0
17356,1000000US170312713001013,0,0,0,0,0,0,0,0,0,0,0,0,0,0,0,0,0,0
17357,1000000US170312713001014,0,0,0,0,0,0,0,0,0,0,0,0,0,0,0,0,0,0
17358,1000000US170312713001015,13,0,13,2,0,0,0,13,0,0,13,2,12,8,4,20,2,0
17359,1000000US170312713001016,37,0,37,0,0,0,0,37,0,0,37,0,22,18,4,52,0,0
17360,1000000US170312713001017,0,0,0,0,0,0,0,0,0,0,0,0,0,0,0,0,0,0
17361,1000000US170312713001018,52,0,52,0,0,0,0,52,0,0,52,0,42,31,11,81,0,0
17362,1000000US170312713001019,42,0,42,1,0,0,0,42,0,0,42,2,26,18,8,63,1,0
17363,1000000US170312713001020,11,0,11,0,0,0,0,11,0,0,11,0,9,9,0,14,0,0
17364,1000000US170312713001021,0,0,0,0,0,0,0,0,0,0,0,0,0,0,0,0,0,0
17365,1000000US170312713001022,0,0,0,0,0,0,0,0,0,0,0,0,0,0,0,0,0,0
17366,1000000US170312713001023,1,0,1,0,0,0,0,1,0,0,1,0,7,1,6,1,0,0
17367,1000000US170312713001024,18,0,18,0,0,0,0,18,0,0,18,0,18,13,5,24,0,0
17368,1000000US170312713001025,20,0,20,0,0,0,0,20,0,0,20,0,4,4,0,22,0,0
17369,1000000US170312713001026,95,0,95,0,0,0,1,94,0,1,95,1,50,43,7,144,0,1
17370,1000000US170312713001027,0,0,0,0,0,0,0,0,0,0,0,0,6,0,6,0,0,0
17371,1000000US170312713001028,0,0,0,0,0,0,0,0,0,0,0,0,0,0,0,0,0,0
17372,1000000US170312713001029,0,0,0,0,0,0,0,0,0,0,0,0,0,0,0,0,0,0
17373,1000000US170312713001030,0,0,0,0,0,0,0,0,0,0,0,0,0,0,0,0,0,0
17374,1000000US170312713001031,0,0,0,0,0,0,0,0,0,0,0,0,0,0,0,0,0,0
17375,1000000US170312713001032,0,0,0,0,0,0,0,0,0,0,0,0,0,0,0,0,0,0
17376,1000000US170312713001033,0,0,0,0,0,0,0,0,0,0,0,0,0,0,0,0,0,0
17377,1000000US170312714001000,71,0,69,2,0,0,2,69,0,2,71,0,40,37,3,119,2,0
17378,1000000US170312714001001,3,0,3,0,0,0,0,3,0,0,3,0,1,1,0,3,0,0
17379,1000000US170312714001002,4,0,4,0,0,0,0,4,0,0,4,0,2,2,0,4,0,0
17380,1000000US170312714001003,61,0,61,1,0,0,0,61,0,0,61,3,28,28,0,97,0,0
17381,1000000US170312714001004,31,0,31,0,0,0,0,31,0,0,31,0,21,20,1,55,0,0
17382,1000000US170312714001005,69,0,68,0,0,0,2,67,0,2,69,0,73,37,36,96,0,2
17383,1000000US170312714001006,19,6,13,0,0,0,0,19,0,0,13,0,12,11,1,20,0,0
17384,1000000US170312714001007,9,0,9,0,0,0,0,9,0,0,9,0,4,3,1,9,0,0
17385,1000000US170312714001008,31,5,26,0,0,0,0,31,0,0,26,0,17,14,3,41,0,0
17386,1000000US170312714001009,37,0,37,0,0,0,0,37,0,0,37,0,15,15,0,43,0,0
17387,1000000US170312714001010,103,5,96,4,1,0,2,101,0,2,98,4,55,46,9,136,4,1
17388,1000000US170312714001011,77,0,75,2,0,0,2,75,0,2,77,0,52,44,8,114,2,2
17389,1000000US170312714001012,44,0,44,0,0,0,0,44,0,0,44,0,42,26,16,60,0,0
17390,1000000US170312714001013,57,1,53,0,3,0,0,57,0,0,56,0,35,32,3,81,0,0
17391,1000000US170312714001014,39,6,31,0,0,0,2,37,0,2,33,0,7,6,1,44,0,0
17392,1000000US170312714001015,34,0,34,0,0,0,0,34,0,0,34,0,13,11,2,56,0,0
17393,1000000US170312714001016,60,2,55,3,0,0,3,57,0,3,58,4,37,26,11,77,3,0
17394,1000000US170312714001017,7,0,7,0,0,0,0,7,0,0,7,0,6,5,1,10,0,0
17395,1000000US170312714001018,35,0,35,0,0,0,0,35,0,0,35,0,22,20,2,46,0,0
17396,1000000US170312714001019,0,0,0,0,0,0,0,0,0,0,0,0,0,0,0,0,0,0
17397,1000000US170312714001020,12,0,11,0,0,1,0,12,0,0,12,0,6,5,1,29,0,0
17398,1000000US170312714001021,58,1,54,1,0,0,3,55,0,3,57,1,35,30,5,82,0,1
17399,1000000US170312714001022,0,0,0,0,0,0,0,0,0,0,0,0,0,0,0,0,0,0
17400,1000000US170312714001023,17,0,17,0,0,0,0,17,0,0,17,0,13,12,1,32,0,0
17401,1000000US170312714001024,6,0,6,0,0,0,0,6,0,0,6,1,2,1,1,9,0,0
17402,1000000US170312714001025,30,0,30,0,0,0,0,30,0,0,30,0,14,12,2,39,0,0
17403,1000000US170312714001026,59,0,59,0,0,0,0,59,0,0,59,0,39,33,6,87,0,0
17404,1000000US170312714001027,23,4,19,0,0,0,0,23,0,0,19,0,12,10,2,30,0,0
17405,1000000US170312714001028,0,0,0,0,0,0,0,0,0,0,0,0,0,0,0,0,0,0
17406,1000000US170312714001029,26,0,24,0,1,0,1,25,0,1,26,0,20,17,3,33,0,0
17407,1000000US170312714001030,0,0,0,0,0,0,0,0,0,0,0,0,0,0,0,0,0,0
17408,1000000US170312714001031,0,0,0,0,0,0,0,0,0,0,0,0,0,0,0,0,0,0
17409,1000000US170312714001032,0,0,0,0,0,0,0,0,0,0,0,0,0,0,0,0,0,0
17410,1000000US170312714001033,53,1,51,0,0,0,1,52,0,1,52,0,27,23,4,75,0,0
17411,1000000US170312715001000,65,0,64,0,1,0,0,65,0,0,65,0,26,25,1,83,0,0
17412,1000000US170312715001001,0,0,0,0,0,0,0,0,0,0,0,0,0,0,0,0,0,0
17413,1000000US170312715001002,28,3,25,0,0,0,0,28,0,0,25,0,17,16,1,31,0,0
17414,1000000US170312715001003,43,2,41,0,0,0,0,43,0,0,41,0,31,22,9,58,0,0
17415,1000000US170312715001004,63,0,63,0,0,0,0,63,0,0,63,0,31,26,5,76,0,0
17416,1000000US170312715001005,95,0,95,0,0,0,0,95,0,0,95,0,50,36,14,159,0,0
17417,1000000US170312715001006,56,0,56,0,0,0,0,56,0,0,56,5,35,25,10,85,0,0
17418,1000000US170312715001007,29,0,29,0,0,0,0,29,0,0,29,0,13,12,1,35,0,0
17419,1000000US170312715001008,52,0,52,0,0,0,0,52,0,0,52,0,39,24,15,84,0,0
17420,1000000US170312715001009,59,0,58,0,0,0,1,58,0,1,59,0,42,29,13,103,0,0
17421,1000000US170312715001010,78,0,78,1,0,0,1,77,0,1,78,1,60,35,25,110,1,1
17422,1000000US170312715001011,112,0,112,2,0,0,0,112,0,0,112,2,64,61,3,148,1,0
17423,1000000US170312715001012,20,0,20,0,0,0,0,20,0,0,20,0,10,9,1,24,0,0
17424,1000000US170312715001013,49,1,47,1,0,0,1,48,0,1,48,1,28,27,1,65,0,0
17425,1000000US170312715001014,31,0,30,0,0,0,1,30,0,1,31,0,18,18,0,40,0,0
17426,1000000US170312715001015,117,7,100,3,1,0,10,107,0,10,110,4,55,53,2,164,3,0
17427,1000000US170312715001016,99,0,99,0,0,0,1,98,0,1,99,0,57,43,14,132,0,1
17428,1000000US170312718001000,18,0,18,0,0,0,0,18,0,0,18,0,8,8,0,21,0,0
17429,1000000US170312718001001,15,0,15,0,0,0,0,15,0,0,15,0,16,8,8,20,0,0
17430,1000000US170312718001002,42,0,42,0,0,0,1,41,0,1,42,0,21,20,1,62,0,1
17431,1000000US170312718001003,31,0,29,0,0,0,2,29,0,2,31,1,19,16,3,47,0,0
17432,1000000US170312718001004,43,0,43,0,0,0,1,42,0,1,43,0,25,22,3,73,0,1
17433,1000000US170312718001005,21,0,21,0,0,0,0,21,0,0,21,0,8,8,0,33,0,0
17434,1000000US170312718001006,3,0,3,0,0,0,0,3,0,0,3,0,2,2,0,10,0,0
17435,1000000US170312718001007,29,0,29,0,0,0,0,29,0,0,29,0,19,12,7,44,0,0
17436,1000000US170312718001008,37,2,35,0,0,0,0,37,0,0,35,0,23,21,2,61,0,0
17437,1000000US170312718001009,41,0,41,0,0,0,0,41,0,0,41,0,23,21,2,57,0,0
17438,1000000US170312718001010,21,1,20,0,0,0,0,21,0,0,20,0,14,11,3,34,0,0
17439,1000000US170312718001011,57,1,56,0,0,0,0,57,0,0,56,0,37,30,7,92,0,0
17440,1000000US170312718001012,18,0,16,0,0,0,2,16,0,2,18,0,9,7,2,26,0,0
17441,1000000US170312718001013,40,0,40,0,0,0,0,40,0,0,40,0,23,17,6,43,0,0
17442,1000000US170312718001014,29,0,29,0,0,0,0,29,0,0,29,0,12,11,1,42,0,0
17443,1000000US170312718001015,0,0,0,0,0,0,0,0,0,0,0,0,0,0,0,0,0,0
17444,1000000US170312718001016,53,0,53,0,0,0,0,53,0,0,53,0,27,23,4,77,0,0
17445,1000000US170312718001017,12,0,12,0,0,0,0,12,0,0,12,0,8,6,2,15,0,0
17446,1000000US170312718001018,58,0,56,0,0,0,2,56,0,2,58,1,40,34,6,91,0,0
17447,1000000US170312718001019,18,0,18,0,0,0,0,18,0,0,18,0,14,10,4,31,0,0
17448,1000000US170312718001020,36,4,32,0,0,0,0,36,0,0,32,0,19,18,1,49,0,0
17449,1000000US170312718001021,4,1,0,0,0,0,3,1,0,3,3,0,2,2,0,5,0,0
17450,1000000US170312718001022,6,0,6,0,0,0,0,6,0,0,6,0,4,4,0,9,0,0
17451,1000000US170312718001023,14,0,12,1,0,0,2,12,0,2,14,1,8,7,1,28,1,0
17452,1000000US170312801001000,9,9,0,0,0,0,0,9,0,0,0,0,6,5,1,9,0,0
17453,1000000US170312801001001,335,291,19,0,16,2,9,326,0,9,44,2,230,208,22,354,0,0
17454,1000000US170312801001002,0,0,0,0,0,0,0,0,0,0,0,0,0,0,0,0,0,0
17455,1000000US170312801001003,0,0,0,0,0,0,0,0,0,0,0,0,0,0,0,0,0,0
17456,1000000US170312801001004,0,0,0,0,0,0,0,0,0,0,0,0,0,0,0,0,0,0
17457,1000000US170312801001005,411,306,26,5,55,0,24,387,0,24,105,11,350,302,48,420,1,3
17458,1000000US170312801001006,0,0,0,0,0,0,0,0,0,0,0,0,0,0,0,0,0,0
17459,1000000US170312801001007,0,0,0,0,0,0,0,0,0,0,0,0,0,0,0,0,0,0
17460,1000000US170312801001008,178,136,8,0,23,0,11,167,0,11,42,1,207,114,93,184,0,0
17461,1000000US170312801001009,0,0,0,0,0,0,0,0,0,0,0,0,0,0,0,0,0,0
17462,1000000US170312801001010,197,144,10,0,37,1,6,191,0,6,53,8,132,129,3,211,0,1
17463,1000000US170312801001011,0,0,0,0,0,0,0,0,0,0,0,0,0,0,0,0,0,0
17464,1000000US170312801001012,578,384,31,6,122,0,31,547,0,31,194,15,451,421,30,588,1,0
17465,1000000US170312801001013,0,0,0,0,0,0,0,0,0,0,0,0,0,0,0,0,0,0
17466,1000000US170312801001014,0,0,0,0,0,0,0,0,0,0,0,0,0,0,0,0,0,0
17467,1000000US170312801001015,182,157,5,0,10,0,9,173,0,9,25,2,145,139,6,190,0,0
17468,1000000US170312801001016,206,167,6,1,21,0,11,195,0,11,39,0,131,129,2,235,1,0
17469,1000000US170312801001017,248,152,19,2,63,0,12,236,0,12,96,2,166,160,6,280,2,0
17470,1000000US170312801001018,105,88,3,0,10,0,4,101,0,4,17,0,61,60,1,120,0,0
17471,1000000US170312801001019,162,137,2,0,15,0,7,155,0,7,25,2,112,104,8,175,0,0
17472,1000000US170312801001020,82,50,14,1,16,0,2,80,0,2,32,7,44,44,0,104,0,0
17473,1000000US170312801001021,0,0,0,0,0,0,0,0,0,0,0,0,0,0,0,0,0,0
17474,1000000US170312801001022,0,0,0,0,0,0,0,0,0,0,0,0,0,0,0,0,0,0
17475,1000000US170312801001023,104,75,6,0,13,0,10,94,0,10,29,0,75,73,2,109,0,0
17476,1000000US170312801001024,0,0,0,0,0,0,0,0,0,0,0,0,0,0,0,0,0,0
17477,1000000US170312801001025,248,180,7,1,48,1,14,234,0,14,68,2,198,185,13,255,1,1
17478,1000000US170312801001026,0,0,0,0,0,0,0,0,0,0,0,0,0,0,0,0,0,0
17479,1000000US170312801001027,0,0,0,0,0,0,0,0,0,0,0,0,0,0,0,0,0,0
17480,1000000US170312801001028,0,0,0,0,0,0,0,0,0,0,0,0,0,0,0,0,0,0
17481,1000000US170312801001029,0,0,0,0,0,0,0,0,0,0,0,0,0,0,0,0,0,0
17482,1000000US170312801001030,0,0,0,0,0,0,0,0,0,0,0,0,0,0,0,0,0,0
17483,1000000US170312801001031,2,1,0,0,0,0,1,1,0,1,1,0,1,1,0,2,0,0
17484,1000000US170312801001032,0,0,0,0,0,0,0,0,0,0,0,0,0,0,0,0,0,0
17485,1000000US170312801001033,87,62,4,0,18,0,3,84,0,3,25,0,61,52,9,96,0,0
17486,1000000US170312801001034,0,0,0,0,0,0,0,0,0,0,0,0,0,0,0,0,0,0
17487,1000000US170312801001035,18,10,0,1,7,0,0,18,0,0,8,0,9,9,0,21,1,0
17488,1000000US170312801001036,0,0,0,0,0,0,0,0,0,0,0,0,0,0,0,0,0,0
17489,1000000US170312801001037,0,0,0,0,0,0,0,0,0,0,0,0,0,0,0,0,0,0
17490,1000000US170312801001038,321,205,13,1,72,0,28,293,0,28,116,6,222,204,18,347,1,0
17491,1000000US170312801002000,0,0,0,0,0,0,0,0,0,0,0,0,0,0,0,0,0,0
17492,1000000US170312801002001,474,402,19,0,35,1,19,455,0,19,72,5,339,314,25,496,0,1
17493,1000000US170312801002002,0,0,0,0,0,0,0,0,0,0,0,0,0,0,0,0,0,0
17494,1000000US170312801002003,0,0,0,0,0,0,0,0,0,0,0,0,0,0,0,0,0,0
17495,1000000US170312801002004,0,0,0,0,0,0,0,0,0,0,0,0,0,0,0,0,0,0
17496,1000000US170312801002005,332,239,19,2,60,0,13,319,0,13,93,7,274,249,25,338,0,1
17497,1000000US170312801002006,15,13,0,0,1,0,1,14,0,1,2,0,4,4,0,15,0,0
17498,1000000US170312801002007,0,0,0,0,0,0,0,0,0,0,0,0,0,0,0,0,0,0
17499,1000000US170312801002008,0,0,0,0,0,0,0,0,0,0,0,0,0,0,0,0,0,0
17500,1000000US170312801002009,0,0,0,0,0,0,0,0,0,0,0,0,0,0,0,0,0,0
17501,1000000US170312801002010,0,0,0,0,0,0,0,0,0,0,0,0,0,0,0,0,0,0
17502,1000000US170312801002011,277,189,7,1,71,0,9,268,0,9,88,4,236,198,38,280,0,0
17503,1000000US170312801002012,0,0,0,0,0,0,0,0,0,0,0,0,0,0,0,0,0,0
17504,1000000US170312801002013,16,15,0,0,0,0,1,15,0,1,1,0,14,10,4,20,0,0
17505,1000000US170312801002014,0,0,0,0,0,0,0,0,0,0,0,0,0,0,0,0,0,0
17506,1000000US170312801002015,0,0,0,0,0,0,0,0,0,0,0,0,0,0,0,0,0,0
17507,1000000US170312801002016,0,0,0,0,0,0,0,0,0,0,0,0,0,0,0,0,0,0
17508,1000000US170312801002017,0,0,0,0,0,0,0,0,0,0,0,0,0,0,0,0,0,0
17509,1000000US170312801002018,0,0,0,0,0,0,0,0,0,0,0,0,0,0,0,0,0,0
17510,1000000US170312801002019,5,5,0,0,0,0,0,5,0,0,0,0,5,2,3,5,0,0
17511,1000000US170312801002020,0,0,0,0,0,0,0,0,0,0,0,0,0,0,0,0,0,0
17512,1000000US170312801002021,0,0,0,0,0,0,0,0,0,0,0,0,0,0,0,0,0,0
17513,1000000US170312801002022,0,0,0,0,0,0,0,0,0,0,0,0,0,0,0,0,0,0
17514,1000000US170312801002023,0,0,0,0,0,0,0,0,0,0,0,0,0,0,0,0,0,0
17515,1000000US170312801002024,10,1,3,0,6,0,0,10,0,0,9,0,1,0,1,11,0,0
17516,1000000US170312801002025,0,0,0,0,0,0,0,0,0,0,0,0,0,0,0,0,0,0
17517,1000000US170312801002026,7,1,4,0,1,0,1,6,0,1,6,0,0,0,0,7,0,0
17518,1000000US170312801002027,0,0,0,0,0,0,0,0,0,0,0,0,0,0,0,0,0,0
17519,1000000US170312801002028,0,0,0,0,0,0,0,0,0,0,0,0,0,0,0,0,0,0
17520,1000000US170312801002029,0,0,0,0,0,0,0,0,0,0,0,0,0,0,0,0,0,0
17521,1000000US170312801002030,0,0,0,0,0,0,0,0,0,0,0,0,0,0,0,0,0,0
17522,1000000US170312801002031,0,0,0,0,0,0,0,0,0,0,0,0,0,0,0,0,0,0
17523,1000000US170312804001000,0,0,0,0,0,0,0,0,0,0,0,0,0,0,0,0,0,0
17524,1000000US170312804001001,0,0,0,0,0,0,0,0,0,0,0,0,0,0,0,0,0,0
17525,1000000US170312804001002,0,0,0,0,0,0,0,0,0,0,0,0,0,0,0,0,0,0
17526,1000000US170312804001003,0,0,0,0,0,0,0,0,0,0,0,0,0,0,0,0,0,0
17527,1000000US170312804001004,0,0,0,0,0,0,0,0,0,0,0,0,0,0,0,0,0,0
17528,1000000US170312804001005,0,0,0,0,0,0,0,0,0,0,0,0,0,0,0,0,0,0
17529,1000000US170312804001006,0,0,0,0,0,0,0,0,0,0,0,0,0,0,0,0,0,0
17530,1000000US170312804001007,0,0,0,0,0,0,0,0,0,0,0,0,0,0,0,0,0,0
17531,1000000US170312804001008,0,0,0,0,0,0,0,0,0,0,0,0,0,0,0,0,0,0
17532,1000000US170312804001009,0,0,0,0,0,0,0,0,0,0,0,0,0,0,0,0,0,0
17533,1000000US170312804001010,1,0,1,0,0,0,0,1,0,0,1,0,1,1,0,1,0,0
17534,1000000US170312804001011,0,0,0,0,0,0,0,0,0,0,0,0,1,0,1,0,0,0
17535,1000000US170312804001012,6,2,3,0,0,0,1,5,0,1,4,0,4,4,0,8,0,0
17536,1000000US170312804001013,0,0,0,0,0,0,0,0,0,0,0,0,0,0,0,0,0,0
17537,1000000US170312804001014,3,2,1,0,0,0,0,3,0,0,1,0,5,3,2,3,0,0
17538,1000000US170312804001015,0,0,0,0,0,0,0,0,0,0,0,0,0,0,0,0,0,0
17539,1000000US170312804001016,0,0,0,0,0,0,0,0,0,0,0,0,0,0,0,0,0,0
17540,1000000US170312804001017,2,1,1,1,0,0,0,2,0,0,1,1,1,1,0,2,1,0
17541,1000000US170312804001018,0,0,0,0,0,0,0,0,0,0,0,0,0,0,0,0,0,0
17542,1000000US170312804001019,0,0,0,0,0,0,0,0,0,0,0,0,0,0,0,0,0,0
17543,1000000US170312804001020,9,6,1,0,2,0,0,9,0,0,3,0,6,6,0,12,0,0
17544,1000000US170312804001021,3,3,0,0,0,0,0,3,0,0,0,0,2,2,0,3,0,0
17545,1000000US170312804001022,0,0,0,0,0,0,0,0,0,0,0,0,0,0,0,0,0,0
17546,1000000US170312804001023,12,0,1,1,0,0,11,1,0,11,12,1,5,4,1,14,1,0
17547,1000000US170312804001024,0,0,0,0,0,0,0,0,0,0,0,0,0,0,0,0,0,0
17548,1000000US170312804001025,0,0,0,0,0,0,0,0,0,0,0,0,0,0,0,0,0,0
17549,1000000US170312804001026,0,0,0,0,0,0,0,0,0,0,0,0,0,0,0,0,0,0
17550,1000000US170312804001027,47,0,47,0,0,0,0,47,0,0,47,0,22,22,0,67,0,0
17551,1000000US170312804001028,0,0,0,0,0,0,0,0,0,0,0,0,0,0,0,0,0,0
17552,1000000US170312804001029,30,1,26,0,1,0,2,28,0,2,29,0,19,18,1,61,0,0
17553,1000000US170312804001030,45,0,43,2,0,0,0,45,0,0,45,0,24,22,2,75,2,0
17554,1000000US170312804001031,22,0,22,0,0,0,1,21,0,1,22,0,13,13,0,38,0,1
17555,1000000US170312804001032,0,0,0,0,0,0,0,0,0,0,0,0,1,0,1,0,0,0
17556,1000000US170312804001033,11,0,9,0,2,0,0,11,0,0,11,0,32,11,21,11,0,0
17557,1000000US170312804001034,36,0,36,0,0,0,2,34,0,2,36,1,14,14,0,60,0,2
17558,1000000US170312804001035,279,26,239,4,0,2,16,263,0,16,253,7,73,72,1,340,4,3
17559,1000000US170312804001036,0,0,0,0,0,0,0,0,0,0,0,0,0,0,0,0,0,0
17560,1000000US170312804001037,109,5,102,2,0,0,1,108,0,1,104,0,78,68,10,168,2,1
17561,1000000US170312804001038,0,0,0,0,0,0,0,0,0,0,0,0,0,0,0,0,0,0
17562,1000000US170312804001039,0,0,0,0,0,0,0,0,0,0,0,0,0,0,0,0,0,0
17563,1000000US170312804001040,69,0,67,0,0,0,3,66,0,3,69,0,63,49,14,125,0,1
17564,1000000US170312804001041,70,6,60,0,2,0,3,67,0,3,64,0,45,44,1,101,0,1
17565,1000000US170312804001042,206,37,132,1,19,0,19,187,0,19,169,4,151,137,14,260,1,1
17566,1000000US170312804001043,11,0,11,0,0,0,0,11,0,0,11,0,9,9,0,17,0,0
17567,1000000US170312808001000,45,13,26,0,0,0,6,39,0,6,32,0,23,19,4,65,0,0
17568,1000000US170312808001001,0,0,0,0,0,0,0,0,0,0,0,0,0,0,0,0,0,0
17569,1000000US170312808001002,0,0,0,0,0,0,0,0,0,0,0,0,0,0,0,0,0,0
17570,1000000US170312808001003,7,0,7,0,0,0,0,7,0,0,7,0,3,2,1,9,0,0
17571,1000000US170312808001004,128,0,126,1,0,0,1,127,0,1,128,0,125,118,7,131,1,0
17572,1000000US170312808001005,0,0,0,0,0,0,0,0,0,0,0,0,0,0,0,0,0,0
17573,1000000US170312808001006,7,2,5,0,0,0,0,7,0,0,5,0,12,4,8,7,0,0
17574,1000000US170312808001007,0,0,0,0,0,0,0,0,0,0,0,0,0,0,0,0,0,0
17575,1000000US170312808001008,0,0,0,0,0,0,0,0,0,0,0,0,0,0,0,0,0,0
17576,1000000US170312808001009,0,0,0,0,0,0,0,0,0,0,0,0,0,0,0,0,0,0
17577,1000000US170312808001010,0,0,0,0,0,0,0,0,0,0,0,0,1,0,1,0,0,0
17578,1000000US170312808001011,100,0,100,0,0,0,0,100,0,0,100,0,53,47,6,177,0,0
17579,1000000US170312808001012,0,0,0,0,0,0,0,0,0,0,0,0,0,0,0,0,0,0
17580,1000000US170312808001013,2,0,2,0,0,0,0,2,0,0,2,0,1,1,0,2,0,0
17581,1000000US170312808001014,19,0,15,0,0,0,5,14,0,5,19,0,9,9,0,31,0,1
17582,1000000US170312808001015,33,0,31,1,0,0,2,31,0,2,33,1,14,12,2,36,1,0
17583,1000000US170312808001016,0,0,0,0,0,0,0,0,0,0,0,0,0,0,0,0,0,0
17584,1000000US170312808001017,9,0,9,0,0,0,0,9,0,0,9,0,6,5,1,17,0,0
17585,1000000US170312808001018,141,5,136,0,0,0,1,140,0,1,136,0,70,64,6,244,0,1
17586,1000000US170312808001019,20,2,18,0,0,0,1,19,0,1,18,0,8,7,1,26,0,1
17587,1000000US170312808001020,7,0,6,0,2,0,0,7,0,0,7,1,3,3,0,10,0,0
17588,1000000US170312808001021,0,0,0,0,0,0,0,0,0,0,0,0,0,0,0,0,0,0
17589,1000000US170312809001000,0,0,0,0,0,0,0,0,0,0,0,0,0,0,0,0,0,0
17590,1000000US170312809001001,0,0,0,0,0,0,0,0,0,0,0,0,0,0,0,0,0,0
17591,1000000US170312809001002,52,10,42,0,0,0,0,52,0,0,42,0,41,28,13,60,0,0
17592,1000000US170312809001003,57,13,22,0,16,0,7,50,0,7,44,2,37,33,4,73,0,0
17593,1000000US170312809001004,3,2,0,0,0,0,1,2,0,1,1,0,1,1,0,3,0,0
17594,1000000US170312809001005,48,4,37,0,1,0,6,42,0,6,44,1,22,19,3,63,0,0
17595,1000000US170312809001006,41,1,37,0,1,0,2,39,0,2,40,0,23,22,1,63,0,0
17596,1000000US170312809001007,350,3,344,1,1,1,1,349,0,1,347,2,261,215,46,680,1,1
17597,1000000US170312819001000,0,0,0,0,0,0,0,0,0,0,0,0,0,0,0,0,0,0
17598,1000000US170312819001001,0,0,0,0,0,0,0,0,0,0,0,0,0,0,0,0,0,0
17599,1000000US170312819001002,0,0,0,0,0,0,0,0,0,0,0,0,0,0,0,0,0,0
17600,1000000US170312819001003,0,0,0,0,0,0,0,0,0,0,0,0,0,0,0,0,0,0
17601,1000000US170312819001004,0,0,0,0,0,0,0,0,0,0,0,0,0,0,0,0,0,0
17602,1000000US170312819001005,0,0,0,0,0,0,0,0,0,0,0,0,0,0,0,0,0,0
17603,1000000US170312819001006,0,0,0,0,0,0,0,0,0,0,0,0,0,0,0,0,0,0
17604,1000000US170312819001007,0,0,0,0,0,0,0,0,0,0,0,0,0,0,0,0,0,0
17605,1000000US170312819001008,19,16,0,0,3,0,0,19,0,0,3,0,22,12,10,19,0,0
17606,1000000US170312819001009,0,0,0,0,0,0,0,0,0,0,0,0,0,0,0,0,0,0
17607,1000000US170312819001010,0,0,0,0,0,0,0,0,0,0,0,0,0,0,0,0,0,0
17608,1000000US170312819001011,0,0,0,0,0,0,0,0,0,0,0,0,0,0,0,0,0,0
17609,1000000US170312819001012,619,480,47,3,69,0,20,599,0,20,139,9,444,421,23,658,1,2
17610,1000000US170312819001013,0,0,0,0,0,0,0,0,0,0,0,0,0,0,0,0,0,0
17611,1000000US170312819001014,0,0,0,0,0,0,0,0,0,0,0,0,0,0,0,0,0,0
17612,1000000US170312819001015,0,0,0,0,0,0,0,0,0,0,0,0,0,0,0,0,0,0
17613,1000000US170312819001016,0,0,0,0,0,0,0,0,0,0,0,0,0,0,0,0,0,0
17614,1000000US170312819001017,0,0,0,0,0,0,0,0,0,0,0,0,0,0,0,0,0,0
17615,1000000US170312819001018,70,25,43,1,1,0,1,69,0,1,45,2,67,65,2,73,1,0
17616,1000000US170312819001019,0,0,0,0,0,0,0,0,0,0,0,0,1,0,1,0,0,0
17617,1000000US170312819001020,0,0,0,0,0,0,0,0,0,0,0,0,0,0,0,0,0,0
17618,1000000US170312819001021,239,189,8,5,25,0,17,222,0,17,50,5,164,154,10,255,3,1
17619,1000000US170312819001022,0,0,0,0,0,0,0,0,0,0,0,0,0,0,0,0,0,0
17620,1000000US170312819001023,5,5,0,0,0,0,0,5,0,0,0,0,3,3,0,5,0,0
17621,1000000US170312819001024,71,59,6,0,3,0,3,68,0,3,12,0,45,43,2,81,0,0
17622,1000000US170312819001025,0,0,0,0,0,0,0,0,0,0,0,0,0,0,0,0,0,0
17623,1000000US170312819001026,0,0,0,0,0,0,0,0,0,0,0,0,0,0,0,0,0,0
17624,1000000US170312819001027,36,30,0,0,4,0,2,34,0,2,6,0,77,20,57,36,0,0
17625,1000000US170312819001028,78,19,2,2,24,0,2,76,0,2,59,10,32,29,3,82,1,1
17626,1000000US170312819001029,135,93,10,0,28,0,4,131,0,4,42,0,97,90,7,138,0,0
17627,1000000US170312819002000,1519,567,151,13,686,2,109,1410,0,109,952,50,1141,1011,130,1558,9,6
17628,1000000US170312819002001,0,0,0,0,0,0,0,0,0,0,0,0,0,0,0,0,0,0
17629,1000000US170312819003000,0,0,0,0,0,0,0,0,0,0,0,0,0,0,0,0,0,0
17630,1000000US170312819003001,0,0,0,0,0,0,0,0,0,0,0,0,0,0,0,0,0,0
17631,1000000US170312819003002,0,0,0,0,0,0,0,0,0,0,0,0,0,0,0,0,0,0
17632,1000000US170312819003003,0,0,0,0,0,0,0,0,0,0,0,0,0,0,0,0,0,0
17633,1000000US170312819003004,303,243,4,0,42,0,13,290,0,13,60,4,211,197,14,318,0,1
17634,1000000US170312819003005,0,0,0,0,0,0,0,0,0,0,0,0,0,0,0,0,0,0
17635,1000000US170312819003006,0,0,0,0,0,0,0,0,0,0,0,0,0,0,0,0,0,0
17636,1000000US170312819003007,0,0,0,0,0,0,0,0,0,0,0,0,0,0,0,0,0,0
17637,1000000US170312819003008,364,190,17,1,134,1,23,341,0,23,174,11,261,247,14,407,1,0
17638,1000000US170312819003009,0,0,0,0,0,0,0,0,0,0,0,0,0,0,0,0,0,0
17639,1000000US170312819003010,1175,516,121,9,468,7,75,1100,0,75,659,61,1148,845,303,1214,4,9
17640,1000000US170312819003011,0,0,0,0,0,0,0,0,0,0,0,0,0,0,0,0,0,0
17641,1000000US170312819003012,0,0,0,0,0,0,0,0,0,0,0,0,0,0,0,0,0,0
17642,1000000US170312819003013,0,0,0,0,0,0,0,0,0,0,0,0,0,0,0,0,0,0
17643,1000000US170312819003014,0,0,0,0,0,0,0,0,0,0,0,0,0,0,0,0,0,0
17644,1000000US170312819003015,0,0,0,0,0,0,0,0,0,0,0,0,0,0,0,0,0,0
17645,1000000US170312819003016,0,0,0,0,0,0,0,0,0,0,0,0,0,0,0,0,0,0
17646,1000000US170312819003017,0,0,0,0,0,0,0,0,0,0,0,0,0,0,0,0,0,0
17647,1000000US170312827001000,0,0,0,0,0,0,0,0,0,0,0,0,3,0,3,0,0,0
17648,1000000US170312827001001,87,12,29,2,14,0,33,54,0,33,75,3,47,43,4,116,2,0
17649,1000000US170312827001002,1,0,0,0,0,0,1,0,0,1,1,0,1,1,0,1,0,0
17650,1000000US170312827001003,27,6,17,0,1,0,3,24,0,3,21,0,12,12,0,37,0,0
17651,1000000US170312827001004,68,26,10,0,3,0,31,37,0,31,42,1,42,39,3,82,0,1
17652,1000000US170312827001005,69,6,47,0,4,0,13,56,0,13,63,0,35,30,5,93,0,0
17653,1000000US170312827001006,0,0,0,0,0,0,0,0,0,0,0,0,0,0,0,0,0,0
17654,1000000US170312827001007,89,19,33,0,12,0,25,64,0,25,70,3,48,42,6,110,0,0
17655,1000000US170312827001008,66,7,36,1,0,0,25,41,0,25,59,1,36,31,5,107,1,2
17656,1000000US170312827001009,98,22,15,3,8,0,53,45,0,53,76,1,51,47,4,128,3,0
17657,1000000US170312827001010,0,0,0,0,0,0,0,0,0,0,0,0,0,0,0,0,0,0
17658,1000000US170312827001011,37,14,17,0,3,0,4,33,0,4,23,1,23,21,2,48,0,1
17659,1000000US170312827001012,170,27,46,1,18,0,80,90,0,80,143,4,89,73,16,206,1,1
17660,1000000US170312827001013,23,2,18,0,0,0,3,20,0,3,21,0,14,11,3,36,0,0
17661,1000000US170312827001014,66,15,24,0,5,0,24,42,0,24,51,6,31,26,5,85,0,0
17662,1000000US170312827001015,0,0,0,0,0,0,0,0,0,0,0,0,0,0,0,0,0,0
17663,1000000US170312827002000,0,0,0,0,0,0,0,0,0,0,0,0,0,0,0,0,0,0
17664,1000000US170312827002001,0,0,0,0,0,0,0,0,0,0,0,0,0,0,0,0,0,0
17665,1000000US170312827002002,0,0,0,0,0,0,0,0,0,0,0,0,0,0,0,0,0,0
17666,1000000US170312827002003,0,0,0,0,0,0,0,0,0,0,0,0,0,0,0,0,0,0
17667,1000000US170312827002004,0,0,0,0,0,0,0,0,0,0,0,0,0,0,0,0,0,0
17668,1000000US170312827002005,33,8,8,2,9,0,9,24,0,9,25,4,19,17,2,39,0,1
17669,1000000US170312827002006,0,0,0,0,0,0,0,0,0,0,0,0,0,0,0,0,0,0
17670,1000000US170312827002007,26,11,8,1,2,0,4,22,0,4,15,0,16,16,0,32,1,0
17671,1000000US170312827002008,0,0,0,0,0,0,0,0,0,0,0,0,0,0,0,0,0,0
17672,1000000US170312827002009,0,0,0,0,0,0,0,0,0,0,0,0,0,0,0,0,0,0
17673,1000000US170312827002010,40,12,7,0,14,0,9,31,0,9,28,2,19,18,1,48,0,0
17674,1000000US170312827002011,46,20,21,0,5,0,0,46,0,0,26,3,29,28,1,57,0,0
17675,1000000US170312827002012,93,25,30,0,17,0,21,72,0,21,68,3,60,51,9,127,0,0
17676,1000000US170312827002013,21,0,15,0,0,0,6,15,0,6,21,0,12,11,1,36,0,0
17677,1000000US170312827002014,153,44,65,0,22,0,24,129,0,24,109,6,95,82,13,195,0,2
17678,1000000US170312827002015,21,2,16,0,2,0,1,20,0,1,19,0,12,11,1,26,0,0
17679,1000000US170312827002016,0,0,0,0,0,0,0,0,0,0,0,0,0,0,0,0,0,0
17680,1000000US170312827002017,0,0,0,0,0,0,0,0,0,0,0,0,0,0,0,0,0,0
17681,1000000US170312827002018,54,21,18,0,10,0,6,48,0,6,33,2,29,25,4,65,0,0
17682,1000000US170312827002019,47,15,19,0,11,0,3,44,0,3,32,2,28,27,1,52,0,1
17683,1000000US170312827002020,44,17,13,0,10,0,5,39,0,5,27,2,29,28,1,50,0,1
17684,1000000US170312827002021,49,9,24,0,11,0,5,44,0,5,40,0,26,22,4,61,0,0
17685,1000000US170312827002022,13,2,9,2,0,0,4,9,0,4,11,2,6,6,0,17,0,2
17686,1000000US170312827002023,3,3,0,0,0,0,0,3,0,0,0,0,2,2,0,3,0,0
17687,1000000US170312827002024,92,14,62,0,7,0,10,82,0,10,78,0,59,47,12,141,0,1
17688,1000000US170312827002025,37,12,4,0,12,0,9,28,0,9,25,1,26,21,5,43,0,0
17689,1000000US170312827002026,57,2,40,0,0,0,15,42,0,15,55,0,39,32,7,94,0,0
17690,1000000US170312827002027,44,11,14,0,0,0,19,25,0,19,33,0,27,22,5,67,0,0
17691,1000000US170312827002028,10,0,10,0,0,0,0,10,0,0,10,0,8,6,2,17,0,0
17692,1000000US170312827002029,18,0,6,0,0,1,12,6,0,12,18,1,12,11,1,25,0,0
17693,1000000US170312827002030,0,0,0,0,0,0,0,0,0,0,0,0,0,0,0,0,0,0
17694,1000000US170312827002031,0,0,0,0,0,0,0,0,0,0,0,0,0,0,0,0,0,0
17695,1000000US170312827002032,0,0,0,0,0,0,0,0,0,0,0,0,0,0,0,0,0,0
17696,1000000US170312827002033,62,11,43,0,2,0,6,56,0,6,51,2,36,34,2,105,0,0
17697,1000000US170312828001000,148,68,25,0,40,0,16,132,0,16,80,3,87,80,7,170,0,0
17698,1000000US170312828001001,44,20,10,0,4,0,17,27,0,17,24,1,24,22,2,59,0,7
17699,1000000US170312828001002,103,38,26,0,16,0,25,78,0,25,65,3,54,51,3,125,0,1
17700,1000000US170312828001003,97,38,18,3,7,0,33,64,0,33,59,1,52,48,4,111,3,0
17701,1000000US170312828001004,55,7,39,0,0,0,9,46,0,9,48,0,27,25,2,83,0,0
17702,1000000US170312828001005,86,20,36,1,2,0,28,58,0,28,66,2,52,40,12,113,1,1
17703,1000000US170312828001006,136,53,10,0,22,0,51,85,0,51,83,1,65,62,3,152,0,0
17704,1000000US170312828001007,175,55,9,0,47,0,67,108,0,67,120,7,84,77,7,210,0,1
17705,1000000US170312828001008,161,68,26,0,26,0,43,118,0,43,93,2,84,74,10,188,0,2
17706,1000000US170312828001009,19,11,4,0,2,0,2,17,0,2,8,0,12,12,0,21,0,0
17707,1000000US170312828001010,61,11,4,0,2,0,44,17,0,44,50,2,43,31,12,92,0,0
17708,1000000US170312828001011,52,11,8,0,10,0,21,31,0,21,41,3,26,24,2,62,0,0
17709,1000000US170312828001012,16,5,1,1,1,0,8,8,0,8,11,1,16,9,7,18,1,0
17710,1000000US170312828001013,33,13,14,0,0,0,5,28,0,5,20,0,21,21,0,37,0,0
17711,1000000US170312828001014,87,44,15,0,12,0,16,71,0,16,43,0,59,53,6,105,0,0
17712,1000000US170312828001015,60,11,8,4,0,0,41,19,0,41,49,3,38,31,7,75,4,0
17713,1000000US170312828001016,21,10,3,0,2,0,6,15,0,6,11,1,14,14,0,26,0,0
17714,1000000US170312828001017,34,13,4,0,0,0,17,17,0,17,21,0,16,15,1,39,0,0
17715,1000000US170312828001018,5,3,1,0,0,0,1,4,0,1,2,0,5,5,0,5,0,0
17716,1000000US170312828001019,0,0,0,0,0,0,0,0,0,0,0,0,0,0,0,0,0,0
17717,1000000US170312828001020,0,0,0,0,0,0,0,0,0,0,0,0,0,0,0,0,0,0
17718,1000000US170312831001000,86,56,6,2,13,0,10,76,0,10,30,4,51,41,10,90,0,0
17719,1000000US170312831001001,49,20,1,0,24,0,5,44,0,5,29,2,26,20,6,55,0,0
17720,1000000US170312831001002,0,0,0,0,0,0,0,0,0,0,0,0,0,0,0,0,0,0
17721,1000000US170312831001003,0,0,0,0,0,0,0,0,0,0,0,0,0,0,0,0,0,0
17722,1000000US170312831001004,26,0,22,0,1,0,4,22,0,4,26,0,24,23,1,26,0,0
17723,1000000US170312831001005,56,2,39,0,13,0,2,54,0,2,54,0,27,27,0,73,0,0
17724,1000000US170312831001006,403,31,311,1,48,0,17,386,0,17,372,2,271,252,19,581,1,2
17725,1000000US170312831001007,252,50,150,5,31,0,24,228,0,24,202,5,129,124,5,357,5,3
17726,1000000US170312831001008,45,36,2,0,5,0,1,44,0,1,9,0,29,27,2,49,0,0
17727,1000000US170312831002000,197,139,3,2,42,1,12,185,0,12,58,7,98,90,8,211,0,0
17728,1000000US170312831002001,65,42,4,0,14,0,2,63,0,2,23,1,39,36,3,69,0,0
17729,1000000US170312831002002,207,151,8,1,31,0,16,191,0,16,56,5,114,110,4,229,0,0
17730,1000000US170312831002003,135,58,14,2,44,0,20,115,0,20,77,5,73,68,5,145,2,0
17731,1000000US170312831002004,663,188,81,1,365,1,27,636,0,27,475,11,457,409,48,716,1,0
17732,1000000US170312831002005,0,0,0,0,0,0,0,0,0,0,0,0,0,0,0,0,0,0
17733,1000000US170312831002006,24,16,3,0,4,0,1,23,0,1,8,0,13,11,2,26,0,0
17734,1000000US170312831002007,76,37,2,0,28,0,9,67,0,9,39,2,38,34,4,76,0,0
17735,1000000US170312832001000,195,137,9,0,30,0,21,174,0,21,58,1,129,119,10,219,0,1
17736,1000000US170312832001001,0,0,0,0,0,0,0,0,0,0,0,0,0,0,0,0,0,0
17737,1000000US170312832001002,0,0,0,0,0,0,0,0,0,0,0,0,0,0,0,0,0,0
17738,1000000US170312832001003,0,0,0,0,0,0,0,0,0,0,0,0,0,0,0,0,0,0
17739,1000000US170312832001004,82,45,14,1,15,0,9,73,0,9,37,4,40,38,2,100,0,1
17740,1000000US170312832001005,40,27,0,0,6,0,9,31,0,9,13,1,28,24,4,43,0,0
17741,1000000US170312832001006,28,11,1,1,3,0,13,15,0,13,17,0,13,13,0,36,1,0
17742,1000000US170312832001007,85,48,11,1,18,0,7,78,0,7,37,2,44,40,4,98,1,0
17743,1000000US170312832001008,9,0,9,0,0,0,0,9,0,0,9,0,8,8,0,11,0,0
17744,1000000US170312832001009,128,27,66,1,24,0,11,117,0,11,101,2,70,67,3,174,1,0
17745,1000000US170312832001010,57,22,15,3,16,0,4,53,0,4,35,3,30,30,0,82,3,0
17746,1000000US170312832001011,24,0,23,0,0,0,1,23,0,1,24,0,11,11,0,42,0,0
17747,1000000US170312832001012,101,64,10,3,17,0,9,92,0,9,37,1,57,57,0,113,2,0
17748,1000000US170312832001013,143,89,20,8,28,4,4,139,0,4,54,11,76,74,2,191,6,0
17749,1000000US170312832001014,114,62,36,0,9,0,7,107,0,7,52,3,56,55,1,154,0,0
17750,1000000US170312832001015,10,2,8,0,0,0,1,9,0,1,8,0,6,6,0,13,0,1
17751,1000000US170312832001016,76,33,32,0,10,0,1,75,0,1,43,0,40,38,2,118,0,0
17752,1000000US170312832001017,58,14,39,0,5,0,0,58,0,0,44,0,30,30,0,74,0,0
17753,1000000US170312832001018,35,0,35,0,0,0,0,35,0,0,35,0,25,24,1,52,0,0
17754,1000000US170312832001019,103,3,99,0,0,0,1,102,0,1,100,1,54,54,0,144,0,0
17755,1000000US170312838001000,0,0,0,0,0,0,0,0,0,0,0,0,0,0,0,0,0,0
17756,1000000US170312838001001,320,93,150,5,43,0,34,286,0,34,227,12,165,163,2,400,4,0
17757,1000000US170312838001002,65,0,65,1,2,0,0,65,0,0,65,4,44,40,4,109,1,0
17758,1000000US170312838001003,163,35,93,5,16,0,21,142,0,21,128,9,92,88,4,257,3,0
17759,1000000US170312838001004,0,0,0,0,0,0,0,0,0,0,0,0,0,0,0,0,0,0
17760,1000000US170312838001005,0,0,0,0,0,0,0,0,0,0,0,0,0,0,0,0,0,0
17761,1000000US170312838001006,0,0,0,0,0,0,0,0,0,0,0,0,0,0,0,0,0,0
17762,1000000US170312838002000,405,2,399,1,2,0,3,402,0,3,403,5,231,204,27,604,1,1
17763,1000000US170312838002001,402,2,398,1,1,1,2,400,0,2,400,3,195,190,5,407,0,0
17764,1000000US170312838002002,158,0,158,0,0,0,2,156,0,2,158,0,79,74,5,263,0,2
17765,1000000US170312838002003,210,112,15,1,50,4,34,176,0,34,98,4,129,122,7,230,1,1
17766,1000000US170312838002004,415,220,37,2,100,5,59,356,0,59,195,18,264,252,12,461,2,3
17767,1000000US170312838002005,301,162,27,4,58,3,52,249,0,52,139,11,186,176,10,337,1,3
17768,1000000US170312838002006,330,192,45,2,49,1,48,282,0,48,138,16,196,190,6,364,0,4
17769,1000000US170312838002007,222,132,13,0,44,2,37,185,0,37,90,6,141,132,9,256,0,0
17770,1000000US170312838002008,0,0,0,0,0,0,0,0,0,0,0,0,0,0,0,0,0,0
17771,1000000US170312838002009,0,0,0,0,0,0,0,0,0,0,0,0,0,0,0,0,0,0
17772,1000000US170312909001000,23,0,23,0,0,0,0,23,0,0,23,0,11,9,2,29,0,0
17773,1000000US170312909001001,73,1,70,1,0,0,1,72,0,1,72,1,58,56,2,132,1,0
17774,1000000US170312909001002,0,0,0,0,0,0,0,0,0,0,0,0,0,0,0,0,0,0
17775,1000000US170312909001003,43,0,41,1,1,0,2,41,0,2,43,1,27,27,0,54,1,1
17776,1000000US170312909001004,31,0,31,0,0,0,1,30,0,1,31,0,18,15,3,40,0,1
17777,1000000US170312909001005,45,0,45,0,0,0,0,45,0,0,45,0,28,25,3,85,0,0
17778,1000000US170312909001006,37,0,37,0,0,0,0,37,0,0,37,0,22,17,5,51,0,0
17779,1000000US170312909001007,27,0,27,0,0,0,0,27,0,0,27,0,13,11,2,50,0,0
17780,1000000US170312909001008,49,5,44,0,0,0,1,48,0,1,44,0,20,20,0,62,0,1
17781,1000000US170312909001009,30,0,30,0,0,0,0,30,0,0,30,0,17,15,2,45,0,0
17782,1000000US170312909001010,4,0,4,0,0,0,0,4,0,0,4,0,6,2,4,4,0,0
17783,1000000US170312909001011,2,2,0,0,0,0,0,2,0,0,0,0,1,1,0,2,0,0
17784,1000000US170312909001012,94,1,90,2,0,0,4,90,0,4,93,2,54,44,10,147,2,1
17785,1000000US170312909001013,46,1,45,0,0,0,0,46,0,0,45,0,22,18,4,76,0,0
17786,1000000US170312909001014,32,2,30,0,0,0,0,32,0,0,30,0,27,17,10,51,0,0
17787,1000000US170312909001015,2,0,2,0,0,0,0,2,0,0,2,0,1,1,0,2,0,0
17788,1000000US170312909001016,76,1,74,1,0,0,0,76,0,0,75,0,48,37,11,128,1,0
17789,1000000US170312909001017,47,2,45,0,0,0,0,47,0,0,45,0,33,23,10,79,0,0
17790,1000000US170312909001018,24,0,24,0,0,0,0,24,0,0,24,0,24,15,9,38,0,0
17791,1000000US170312909002000,9,0,9,0,0,0,0,9,0,0,9,0,12,6,6,11,0,0
17792,1000000US170312909002001,56,1,55,0,0,0,0,56,0,0,55,2,33,23,10,102,0,0
17793,1000000US170312909002002,33,1,32,0,0,0,0,33,0,0,32,0,21,15,6,38,0,0
17794,1000000US170312909002003,48,0,42,0,0,0,6,42,0,6,48,0,29,26,3,65,0,0
17795,1000000US170312909002004,66,2,59,0,0,0,6,60,0,6,64,2,37,29,8,104,0,1
17796,1000000US170312909002005,112,0,111,1,0,0,1,111,0,1,112,0,78,64,14,205,1,1
17797,1000000US170312909002006,24,0,24,0,0,0,0,24,0,0,24,0,19,13,6,43,0,0
17798,1000000US170312909002007,23,1,22,0,0,0,0,23,0,0,22,0,9,8,1,32,0,0
17799,1000000US170312909002008,34,0,34,0,0,0,0,34,0,0,34,1,19,15,4,44,0,0
17800,1000000US170312909002009,37,0,32,0,0,0,5,32,0,5,37,0,24,23,1,62,0,0
17801,1000000US170312909002010,35,3,32,0,0,0,0,35,0,0,32,0,26,21,5,55,0,0
17802,1000000US170312909002011,38,0,30,0,0,0,8,30,0,8,38,0,22,15,7,59,0,0
17803,1000000US170312909002012,45,1,37,0,0,1,7,38,0,7,44,1,19,17,2,69,0,0
17804,1000000US170312909002013,35,0,35,0,0,0,0,35,0,0,35,0,30,17,13,49,0,0
17805,1000000US170312909002014,35,0,35,0,0,0,0,35,0,0,35,0,20,18,2,53,0,0
17806,1000000US170312909002015,0,0,0,0,0,0,0,0,0,0,0,0,0,0,0,0,0,0
17807,1000000US170312909002016,9,0,9,0,0,0,0,9,0,0,9,0,12,5,7,9,0,0
17808,1000000US170312909002017,0,0,0,0,0,0,0,0,0,0,0,0,0,0,0,0,0,0
17809,1000000US170312909002018,0,0,0,0,0,0,0,0,0,0,0,0,0,0,0,0,0,0
17810,1000000US170312909002019,2,0,2,0,0,0,0,2,0,0,2,1,1,1,0,3,0,0
17811,1000000US170312909003000,27,0,27,0,0,0,0,27,0,0,27,0,19,16,3,43,0,0
17812,1000000US170312909003001,66,0,60,0,0,0,6,60,0,6,66,0,43,30,13,94,0,0
17813,1000000US170312909003002,0,0,0,0,0,0,0,0,0,0,0,0,0,0,0,0,0,0
17814,1000000US170312909003003,50,0,50,0,0,0,0,50,0,0,50,0,27,25,2,64,0,0
17815,1000000US170312909003004,59,0,59,0,0,0,0,59,0,0,59,0,40,35,5,86,0,0
17816,1000000US170312909003005,29,0,29,0,0,0,0,29,0,0,29,0,21,12,9,41,0,0
17817,1000000US170312909003006,45,0,45,0,0,0,0,45,0,0,45,0,30,25,5,80,0,0
17818,1000000US170312909003007,80,1,78,0,0,0,1,79,0,1,79,0,38,35,3,130,0,0
17819,1000000US170312909003008,22,1,21,0,0,0,0,22,0,0,21,0,13,12,1,25,0,0
17820,1000000US170312909003009,34,0,32,1,0,0,3,31,0,3,34,1,17,15,2,43,0,1
17821,1000000US170312909003010,33,0,31,1,0,0,2,31,0,2,33,1,17,13,4,34,0,0
17822,1000000US170312909003011,38,0,38,0,0,0,0,38,0,0,38,0,27,15,12,50,0,0
17823,1000000US170312909003012,35,0,33,0,0,0,2,33,0,2,35,0,24,20,4,46,0,0
17824,1000000US170312909003013,46,0,45,2,0,0,5,41,0,5,46,6,26,24,2,58,0,4
17825,1000000US170312909003014,19,0,19,0,0,0,0,19,0,0,19,0,15,9,6,31,0,0
17826,1000000US170312909003015,71,0,71,0,0,0,2,69,0,2,71,7,39,33,6,108,0,2
17827,1000000US170312909003016,31,0,31,0,0,0,0,31,0,0,31,0,16,13,3,47,0,0
17828,1000000US170312909003017,14,0,14,0,0,0,0,14,0,0,14,0,7,6,1,24,0,0
17829,1000000US170312909003018,28,0,28,0,0,0,0,28,0,0,28,0,23,14,9,38,0,0
17830,1000000US170312909003019,49,0,49,0,0,0,0,49,0,0,49,0,24,21,3,85,0,0
17831,1000000US170312909003020,12,0,12,0,0,0,0,12,0,0,12,0,6,5,1,16,0,0
17832,1000000US170312909003021,0,0,0,0,0,0,0,0,0,0,0,0,0,0,0,0,0,0
17833,1000000US170312909003022,11,0,9,0,0,0,2,9,0,2,11,0,5,5,0,16,0,0
17834,1000000US170312909003023,1,0,1,0,0,0,0,1,0,0,1,0,3,1,2,1,0,0
17835,1000000US170312909003024,9,0,9,0,0,0,0,9,0,0,9,0,7,4,3,10,0,0
17836,1000000US170312909004000,7,0,7,0,0,0,0,7,0,0,7,0,5,4,1,10,0,0
17837,1000000US170312909004001,3,0,3,0,0,0,0,3,0,0,3,0,3,1,2,3,0,0
17838,1000000US170312909004002,38,0,38,0,0,0,0,38,0,0,38,0,22,20,2,65,0,0
17839,1000000US170312909004003,0,0,0,0,0,0,0,0,0,0,0,0,0,0,0,0,0,0
17840,1000000US170312909004004,37,0,37,1,0,1,0,37,0,0,37,1,22,18,4,49,1,0
17841,1000000US170312909004005,15,0,15,1,0,1,0,15,0,0,15,2,12,9,3,31,1,0
17842,1000000US170312909004006,33,0,30,0,0,0,3,30,0,3,33,0,23,17,6,46,0,0
17843,1000000US170312909004007,48,0,48,1,0,0,1,47,0,1,48,1,27,23,4,74,1,1
17844,1000000US170312909004008,68,0,67,1,0,0,2,66,0,2,68,0,40,33,7,93,1,2
17845,1000000US170312909004009,36,0,33,0,0,0,3,33,0,3,36,0,25,18,7,61,0,0
17846,1000000US170312909004010,73,3,69,0,0,0,1,72,0,1,70,0,39,31,8,100,0,0
17847,1000000US170312909004011,68,0,68,0,0,0,0,68,0,0,68,0,34,27,7,99,0,0
17848,1000000US170312909004012,51,0,50,0,0,0,1,50,0,1,51,0,35,23,12,73,0,0
17849,1000000US170312909004013,92,0,92,0,0,0,0,92,0,0,92,1,40,36,4,119,0,0
17850,1000000US170312909004014,40,0,40,0,0,0,0,40,0,0,40,1,15,14,1,60,0,0
17851,1000000US170312909004015,0,0,0,0,0,0,0,0,0,0,0,0,0,0,0,0,0,0
17852,1000000US170312909004016,0,0,0,0,0,0,0,0,0,0,0,0,0,0,0,0,0,0
17853,1000000US170312909004017,0,0,0,0,0,0,0,0,0,0,0,0,0,0,0,0,0,0
17854,1000000US170312909004018,0,0,0,0,0,0,0,0,0,0,0,0,0,0,0,0,0,0
17855,1000000US170312909004019,3,0,3,0,0,0,0,3,0,0,3,0,2,2,0,3,0,0
17856,1000000US170312909004020,10,0,10,0,0,0,0,10,0,0,10,0,6,6,0,13,0,0
17857,1000000US170312909004021,13,0,10,0,0,0,3,10,0,3,13,0,7,7,0,18,0,0
17858,1000000US170312909004022,0,0,0,0,0,0,0,0,0,0,0,0,0,0,0,0,0,0
17859,1000000US170312909004023,63,0,63,0,0,0,0,63,0,0,63,0,36,35,1,98,0,0
17860,1000000US170312909004024,48,0,48,0,0,0,2,46,0,2,48,1,33,21,12,84,0,2
17861,1000000US170312909004025,28,0,28,0,0,0,0,28,0,0,28,0,20,12,8,33,0,0
17862,1000000US170312909004026,41,0,36,0,0,0,5,36,0,5,41,0,22,18,4,69,0,0
17863,1000000US170312909004027,25,0,25,0,0,0,0,25,0,0,25,0,14,11,3,33,0,0
17864,1000000US170312909004028,10,0,10,0,0,0,0,10,0,0,10,0,6,6,0,18,0,0
17865,1000000US170312909004029,23,0,23,0,0,0,0,23,0,0,23,0,15,11,4,30,0,0
17866,1000000US170312912001000,0,0,0,0,0,0,0,0,0,0,0,0,1,0,1,0,0,0
17867,1000000US170312912001001,65,0,65,0,0,0,0,65,0,0,65,0,41,32,9,100,0,0
17868,1000000US170312912001002,101,0,90,0,3,0,8,93,0,8,101,0,58,58,0,161,0,0
17869,1000000US170312912001003,21,0,20,1,0,0,1,20,0,1,21,0,13,13,0,28,1,0
17870,1000000US170312912001004,17,0,17,0,0,0,0,17,0,0,17,0,11,5,6,23,0,0
17871,1000000US170312912001005,86,0,85,1,0,0,1,85,0,1,86,1,89,51,38,115,1,0
17872,1000000US170312912001006,0,0,0,0,0,0,0,0,0,0,0,0,0,0,0,0,0,0
17873,1000000US170312912001007,0,0,0,0,0,0,0,0,0,0,0,0,0,0,0,0,0,0
17874,1000000US170312912001008,0,0,0,0,0,0,0,0,0,0,0,0,0,0,0,0,0,0
17875,1000000US170312912001009,67,0,67,0,0,0,0,67,0,0,67,0,49,38,11,133,0,0
17876,1000000US170312912001010,100,0,100,0,0,0,0,100,0,0,100,0,55,49,6,149,0,0
17877,1000000US170312912001011,91,0,90,0,0,0,1,90,0,1,91,1,48,39,9,150,0,0
17878,1000000US170312912001012,43,0,43,0,0,0,0,43,0,0,43,0,28,21,7,66,0,0
17879,1000000US170312912001013,56,0,56,0,0,0,0,56,0,0,56,0,41,25,16,70,0,0
17880,1000000US170312912001014,62,0,62,0,2,0,0,62,0,0,62,2,40,29,11,92,0,0
17881,1000000US170312912001015,35,0,35,0,0,0,0,35,0,0,35,0,32,18,14,79,0,0
17882,1000000US170312912002000,8,0,8,0,0,0,0,8,0,0,8,0,5,4,1,8,0,0
17883,1000000US170312912002001,7,0,7,0,0,0,0,7,0,0,7,0,9,6,3,9,0,0
17884,1000000US170312912002002,48,0,47,0,0,0,2,46,0,2,48,0,37,27,10,97,0,1
17885,1000000US170312912002003,50,0,49,0,0,0,1,49,0,1,50,0,25,22,3,75,0,0
17886,1000000US170312912002004,81,3,77,1,0,0,1,80,0,1,78,1,68,50,18,147,1,0
17887,1000000US170312912002005,7,0,7,0,0,0,0,7,0,0,7,0,5,3,2,9,0,0
17888,1000000US170312912002006,49,0,48,0,0,0,1,48,0,1,49,0,40,21,19,78,0,0
17889,1000000US170312912002007,0,0,0,0,0,0,0,0,0,0,0,0,0,0,0,0,0,0
17890,1000000US170312912002008,0,0,0,0,0,0,0,0,0,0,0,0,0,0,0,0,0,0
17891,1000000US170312912002009,28,0,28,0,0,0,0,28,0,0,28,0,32,17,15,68,0,0
17892,1000000US170312912002010,8,0,8,0,0,0,0,8,0,0,8,0,5,5,0,12,0,0
17893,1000000US170312912002011,78,0,76,0,0,0,2,76,0,2,78,0,54,42,12,128,0,0
17894,1000000US170312912002012,61,0,53,0,0,0,8,53,0,8,61,0,38,26,12,69,0,0
17895,1000000US170312912002013,53,1,52,0,0,0,1,52,0,1,52,0,37,26,11,81,0,1
17896,1000000US170312912002014,46,0,46,0,0,0,0,46,0,0,46,0,31,24,7,82,0,0
17897,1000000US170312912002015,34,0,34,0,0,0,0,34,0,0,34,0,18,16,2,57,0,0
17898,1000000US170312912002016,67,0,67,0,0,0,0,67,0,0,67,0,35,27,8,104,0,0
17899,1000000US170312912002017,34,0,33,0,1,0,0,34,0,0,34,0,23,14,9,50,0,0
17900,1000000US170312916001000,0,0,0,0,0,0,0,0,0,0,0,0,0,0,0,0,0,0
17901,1000000US170312916001001,0,0,0,0,0,0,0,0,0,0,0,0,1,0,1,0,0,0
17902,1000000US170312916001002,26,7,3,1,0,0,19,7,0,19,19,1,17,13,4,35,0,3
17903,1000000US170312916001003,21,4,7,1,1,0,10,11,0,10,17,2,15,14,1,22,0,0
17904,1000000US170312916001004,154,15,48,1,1,0,93,61,0,93,139,6,83,68,15,221,0,3
17905,1000000US170312916001005,35,8,10,2,0,0,19,16,0,19,27,1,27,19,8,49,2,2
17906,1000000US170312916001006,0,0,0,0,0,0,0,0,0,0,0,0,0,0,0,0,0,0
17907,1000000US170312916001007,0,0,0,0,0,0,0,0,0,0,0,0,0,0,0,0,0,0
17908,1000000US170312916001008,0,0,0,0,0,0,0,0,0,0,0,0,0,0,0,0,0,0
17909,1000000US170312916001009,56,2,4,3,0,0,51,5,0,51,54,4,20,20,0,82,3,1
17910,1000000US170312916001010,67,5,5,0,2,0,56,11,0,56,62,5,26,25,1,110,0,1
17911,1000000US170312916001011,37,1,6,0,0,0,30,7,0,30,36,1,23,17,6,61,0,0
17912,1000000US170312916001012,40,4,13,3,5,0,18,22,0,18,36,0,23,17,6,63,3,0
17913,1000000US170312916001013,0,0,0,0,0,0,0,0,0,0,0,0,0,0,0,0,0,0
17914,1000000US170312916001014,14,0,5,0,0,0,9,5,0,9,14,0,7,6,1,22,0,0
17915,1000000US170312916001015,64,4,19,0,4,0,39,25,0,39,60,4,33,26,7,96,0,1
17916,1000000US170312916001016,76,0,57,1,0,1,24,52,0,24,76,1,45,42,3,103,1,5
17917,1000000US170312916001017,126,9,15,4,5,0,96,30,0,96,117,2,65,58,7,191,4,1
17918,1000000US170312916001018,0,0,0,0,0,0,0,0,0,0,0,0,0,0,0,0,0,0
17919,1000000US170312916001019,0,0,0,0,0,0,0,0,0,0,0,0,0,0,0,0,0,0
17920,1000000US170312922001000,42,0,42,0,0,0,0,42,0,0,42,0,35,18,17,61,0,0
17921,1000000US170312922001001,48,0,48,0,0,0,1,47,0,1,48,0,32,22,10,74,0,1
17922,1000000US170312922001002,35,0,34,0,0,0,1,34,0,1,35,0,22,20,2,54,0,0
17923,1000000US170312922001003,79,1,76,0,0,0,2,77,0,2,78,0,33,33,0,102,0,0
17924,1000000US170312922001004,83,0,76,1,0,0,5,78,0,5,83,0,41,36,5,118,1,0
17925,1000000US170312922001005,67,4,63,0,0,0,0,67,0,0,63,0,41,32,9,96,0,0
17926,1000000US170312922001006,40,0,34,0,0,0,6,34,0,6,40,3,36,24,12,58,0,0
17927,1000000US170312922001007,59,0,51,0,0,0,4,55,0,4,59,0,41,26,15,99,0,1
17928,1000000US170312922001008,69,0,69,0,0,0,0,69,0,0,69,1,44,34,10,96,0,0
17929,1000000US170312922001009,36,0,36,0,0,0,0,36,0,0,36,0,23,20,3,62,0,0
17930,1000000US170312922001010,1,0,1,0,0,0,0,1,0,0,1,0,4,1,3,1,0,0
17931,1000000US170312922001011,24,0,20,0,0,0,4,20,0,4,24,0,15,9,6,42,0,0
17932,1000000US170312922001012,0,0,0,0,0,0,0,0,0,0,0,0,0,0,0,0,0,0
17933,1000000US170312922001013,0,0,0,0,0,0,0,0,0,0,0,0,0,0,0,0,0,0
17934,1000000US170312922001014,3,0,3,0,0,0,0,3,0,0,3,0,1,1,0,6,0,0
17935,1000000US170312922001015,0,0,0,0,0,0,0,0,0,0,0,0,0,0,0,0,0,0
17936,1000000US170312922002000,39,0,38,1,0,0,0,39,0,0,39,1,29,18,11,69,1,0
17937,1000000US170312922002001,79,0,79,0,0,0,0,79,0,0,79,0,54,38,16,109,0,0
17938,1000000US170312922002002,16,1,14,0,0,0,1,15,0,1,15,0,13,10,3,23,0,0
17939,1000000US170312922002003,56,0,56,2,0,0,1,55,0,1,56,2,40,29,11,83,2,1
17940,1000000US170312922002004,43,0,42,0,0,0,1,42,0,1,43,0,28,24,4,71,0,0
17941,1000000US170312922002005,85,4,81,0,0,0,0,85,0,0,81,0,46,38,8,142,0,0
17942,1000000US170312922002006,94,1,86,0,1,0,3,91,0,3,93,1,47,42,5,130,0,1
17943,1000000US170312922002007,91,3,87,0,1,0,0,91,0,0,88,0,49,45,4,125,0,0
17944,1000000US170312922002008,119,1,118,0,0,0,0,119,0,0,118,0,73,60,13,167,0,0
17945,1000000US170312922002009,41,0,41,0,0,0,0,41,0,0,41,0,31,21,10,58,0,0
17946,1000000US170312922002010,0,0,0,0,0,0,0,0,0,0,0,0,0,0,0,0,0,0
17947,1000000US170312922002011,37,0,37,0,0,0,1,36,0,1,37,0,29,16,13,64,0,1
17948,1000000US170312922002012,0,0,0,0,0,0,0,0,0,0,0,0,0,0,0,0,0,0
17949,1000000US170312922002013,70,3,67,0,0,0,0,70,0,0,67,0,42,35,7,102,0,0
17950,1000000US170312922002014,0,0,0,0,0,0,0,0,0,0,0,0,0,0,0,0,0,0
17951,1000000US170312922002015,0,0,0,0,0,0,0,0,0,0,0,0,0,0,0,0,0,0
17952,1000000US170312922002016,14,0,14,0,0,0,0,14,0,0,14,0,8,8,0,24,0,0
17953,1000000US170312922002017,30,0,30,0,0,0,0,30,0,0,30,0,27,17,10,45,0,0
17954,1000000US170312922002018,54,4,50,0,0,0,0,54,0,0,50,0,27,24,3,77,0,0
17955,1000000US170312922002019,0,0,0,0,0,0,0,0,0,0,0,0,0,0,0,0,0,0
17956,1000000US170312922003000,39,3,36,0,0,0,0,39,0,0,36,1,26,17,9,56,0,0
17957,1000000US170312922003001,38,0,38,1,0,0,0,38,0,0,38,7,17,13,4,54,1,0
17958,1000000US170312922003002,43,0,42,0,1,0,0,43,0,0,43,0,29,24,5,61,0,0
17959,1000000US170312922003003,30,0,30,0,0,0,0,30,0,0,30,0,22,12,10,39,0,0
17960,1000000US170312922003004,99,5,94,0,0,0,1,98,0,1,94,1,52,46,6,141,0,1
17961,1000000US170312922003005,58,0,58,1,0,0,1,57,0,1,58,5,32,31,1,77,0,1
17962,1000000US170312922003006,62,4,57,0,0,0,1,61,0,1,58,0,33,32,1,107,0,0
17963,1000000US170312922003007,69,1,67,0,0,0,1,68,0,1,68,0,43,38,5,107,0,0
17964,1000000US170312922003008,44,0,44,0,0,0,0,44,0,0,44,0,24,22,2,52,0,0
17965,1000000US170312922003009,66,0,56,0,0,0,10,56,0,10,66,0,36,28,8,109,0,0
17966,1000000US170312922003010,0,0,0,0,0,0,0,0,0,0,0,0,0,0,0,0,0,0
17967,1000000US170312922003011,0,0,0,0,0,0,0,0,0,0,0,0,0,0,0,0,0,0
17968,1000000US170312924001000,68,0,68,1,0,0,1,67,0,1,68,1,36,28,8,118,1,1
17969,1000000US170312924001001,41,0,41,0,0,0,0,41,0,0,41,0,28,18,10,60,0,0
17970,1000000US170312924001002,0,0,0,0,0,0,0,0,0,0,0,0,0,0,0,0,0,0
17971,1000000US170312924001003,64,0,64,0,0,0,0,64,0,0,64,0,49,34,15,125,0,0
17972,1000000US170312924001004,113,0,111,1,1,0,1,112,0,1,113,1,63,56,7,184,1,0
17973,1000000US170312924001005,78,0,76,0,0,0,2,76,0,2,78,0,45,39,6,93,0,0
17974,1000000US170312924001006,26,0,24,0,0,0,2,24,0,2,26,0,13,12,1,32,0,0
17975,1000000US170312924001007,22,0,22,0,0,0,0,22,0,0,22,0,19,12,7,31,0,0
17976,1000000US170312924001008,95,0,95,0,0,0,0,95,0,0,95,0,59,45,14,135,0,0
17977,1000000US170312924001009,30,0,28,0,0,0,2,28,0,2,30,0,28,15,13,49,0,0
17978,1000000US170312924001010,29,0,29,0,0,0,0,29,0,0,29,0,16,12,4,44,0,0
17979,1000000US170312924001011,40,2,37,1,0,0,0,40,0,0,38,0,18,17,1,56,1,0
17980,1000000US170312924001012,56,0,56,0,0,0,0,56,0,0,56,0,30,24,6,78,0,0
17981,1000000US170312924002000,0,0,0,0,0,0,0,0,0,0,0,0,0,0,0,0,0,0
17982,1000000US170312924002001,0,0,0,0,0,0,0,0,0,0,0,0,0,0,0,0,0,0
17983,1000000US170312924002002,38,0,38,0,0,0,0,38,0,0,38,0,35,23,12,57,0,0
17984,1000000US170312924002003,31,0,31,0,0,0,0,31,0,0,31,0,25,15,10,53,0,0
17985,1000000US170312924002004,39,0,38,0,2,0,0,39,0,0,39,1,24,18,6,55,0,0
17986,1000000US170312924002005,4,0,4,0,0,0,0,4,0,0,4,0,6,3,3,7,0,0
17987,1000000US170312924002006,43,0,43,0,0,0,1,42,0,1,43,1,33,27,6,73,0,1
17988,1000000US170312924002007,79,0,71,0,0,0,9,70,0,9,79,1,56,38,18,130,0,1
17989,1000000US170312924002008,70,0,67,0,0,0,3,67,0,3,70,0,34,26,8,95,0,0
17990,1000000US170312924002009,79,2,76,0,0,0,2,77,0,2,77,1,52,37,15,106,0,1
17991,1000000US170312924002010,44,2,42,0,0,0,0,44,0,0,42,0,17,17,0,55,0,0
17992,1000000US170312924002011,54,1,52,0,0,0,2,52,0,2,53,0,32,27,5,78,0,1
17993,1000000US170312924002012,61,0,61,2,0,1,0,61,0,0,61,3,38,34,4,91,2,0
17994,1000000US170312924002013,14,0,14,0,0,0,0,14,0,0,14,0,8,8,0,25,0,0
17995,1000000US170312924002014,15,0,14,0,1,0,0,15,0,0,15,0,9,7,2,20,0,0
17996,1000000US170312924002015,51,3,44,0,0,0,4,47,0,4,48,0,48,30,18,95,0,0
17997,1000000US170312924002016,46,0,45,1,0,0,0,46,0,0,46,1,27,20,7,63,0,0
17998,1000000US170312924002017,46,2,44,0,0,0,0,46,0,0,44,0,24,24,0,66,0,0
17999,1000000US170312924002018,43,2,41,0,0,0,0,43,0,0,41,0,26,21,5,61,0,0
18000,1000000US170312924002019,21,0,20,0,0,0,1,20,0,1,21,0,8,7,1,25,0,0
18001,1000000US170312924002020,26,0,26,0,0,0,0,26,0,0,26,0,22,16,6,35,0,0
18002,1000000US170312924002021,26,0,26,0,0,0,0,26,0,0,26,0,11,8,3,35,0,0
18003,1000000US170312924002022,4,0,4,0,0,0,0,4,0,0,4,0,2,2,0,5,0,0
18004,1000000US170312924002023,0,0,0,0,0,0,0,0,0,0,0,0,1,0,1,0,0,0
18005,1000000US170312924002024,2,0,2,0,0,0,0,2,0,0,2,0,1,1,0,2,0,0
18006,1000000US170312924002025,0,0,0,0,0,0,0,0,0,0,0,0,0,0,0,0,0,0
18007,1000000US170312924002026,0,0,0,0,0,0,0,0,0,0,0,0,0,0,0,0,0,0
18008,1000000US170312924002027,0,0,0,0,0,0,0,0,0,0,0,0,2,0,2,0,0,0
18009,1000000US170312924002028,0,0,0,0,0,0,0,0,0,0,0,0,0,0,0,0,0,0
18010,1000000US170312924002029,0,0,0,0,0,0,0,0,0,0,0,0,0,0,0,0,0,0
18011,1000000US170312924002030,0,0,0,0,0,0,0,0,0,0,0,0,0,0,0,0,0,0
18012,1000000US170312924002031,0,0,0,0,0,0,0,0,0,0,0,0,0,0,0,0,0,0
18013,1000000US170312924002032,21,0,21,0,0,0,0,21,0,0,21,0,17,11,6,31,0,0
18014,1000000US170312924002033,0,0,0,0,0,0,0,0,0,0,0,0,0,0,0,0,0,0
18015,1000000US170312924002034,0,0,0,0,0,0,0,0,0,0,0,0,0,0,0,0,0,0
18016,1000000US170312924002035,0,0,0,0,0,0,0,0,0,0,0,0,0,0,0,0,0,0
18017,1000000US170312924002036,0,0,0,0,0,0,0,0,0,0,0,0,0,0,0,0,0,0
18018,1000000US170312925001000,9,0,9,0,0,0,0,9,0,0,9,0,8,7,1,14,0,0
18019,1000000US170312925001001,3,0,3,0,0,0,0,3,0,0,3,0,3,3,0,6,0,0
18020,1000000US170312925001002,14,0,13,0,0,0,1,13,0,1,14,0,12,7,5,26,0,0
18021,1000000US170312925001003,0,0,0,0,0,0,0,0,0,0,0,0,0,0,0,0,0,0
18022,1000000US170312925001004,54,0,53,1,0,0,0,54,0,0,54,0,29,28,1,80,1,0
18023,1000000US170312925001005,9,0,9,0,0,0,0,9,0,0,9,0,7,5,2,12,0,0
18024,1000000US170312925001006,0,0,0,0,0,0,0,0,0,0,0,0,0,0,0,0,0,0
18025,1000000US170312925001007,101,0,101,0,0,0,0,101,0,0,101,1,42,40,2,169,0,0
18026,1000000US170312925001008,49,1,48,0,0,0,0,49,0,0,48,0,20,19,1,69,0,0
18027,1000000US170312925001009,29,0,29,0,0,0,0,29,0,0,29,0,13,9,4,42,0,0
18028,1000000US170312925001010,32,0,30,0,0,0,2,30,0,2,32,0,15,14,1,39,0,0
18029,1000000US170312925001011,48,0,44,0,3,0,6,42,0,6,48,2,21,20,1,82,0,3
18030,1000000US170312925001012,34,1,28,0,3,0,7,27,0,7,33,2,18,17,1,60,0,3
18031,1000000US170312925001013,24,0,20,0,0,0,4,20,0,4,24,0,15,10,5,31,0,0
18032,1000000US170312925001014,50,0,50,1,0,0,0,50,0,0,50,1,15,15,0,63,0,0
18033,1000000US170312925001015,295,1,291,4,0,1,1,294,0,1,294,5,140,134,6,514,3,0
18034,1000000US170312925001016,4,0,4,0,0,0,0,4,0,0,4,0,3,2,1,4,0,0
18035,1000000US170312925001017,92,0,92,1,0,0,0,92,0,0,92,1,55,51,4,121,1,0
18036,1000000US170312925002000,2,0,2,0,0,0,0,2,0,0,2,0,1,1,0,3,0,0
18037,1000000US170312925002001,0,0,0,0,0,0,0,0,0,0,0,0,0,0,0,0,0,0
18038,1000000US170312925002002,11,0,10,1,0,0,0,11,0,0,11,0,6,5,1,11,1,0
18039,1000000US170312925002003,110,1,108,0,0,1,1,109,0,1,109,0,54,46,8,143,0,0
18040,1000000US170312925002004,42,0,42,0,0,0,0,42,0,0,42,1,20,18,2,57,0,0
18041,1000000US170312925002005,6,0,6,0,0,0,0,6,0,0,6,0,4,4,0,11,0,0
18042,1000000US170312925002006,0,0,0,0,0,0,0,0,0,0,0,0,0,0,0,0,0,0
18043,1000000US170312925002007,65,0,64,0,0,0,2,63,0,2,65,0,33,28,5,99,0,1
18044,1000000US170312925002008,47,0,47,0,0,0,0,47,0,0,47,0,43,28,15,63,0,0
18045,1000000US170312925002009,48,0,47,0,0,1,1,47,0,1,48,0,34,28,6,60,0,0
18046,1000000US170312925002010,20,0,20,0,0,0,0,20,0,0,20,0,10,10,0,39,0,0
18047,1000000US170312925002011,67,0,63,0,0,0,4,63,0,4,67,0,31,27,4,108,0,0
18048,1000000US170312925002012,72,2,69,0,0,0,3,69,0,3,70,0,46,35,11,97,0,2
18049,1000000US170312925002013,71,4,66,0,0,0,1,70,0,1,67,0,48,40,8,98,0,0
18050,1000000US170312925002014,84,2,77,0,0,0,5,79,0,5,82,0,39,37,2,124,0,0
18051,1000000US170312925002015,67,0,66,1,0,0,1,66,0,1,67,2,37,31,6,75,1,0
18052,1000000US170312925002016,6,0,6,0,0,0,0,6,0,0,6,0,8,3,5,9,0,0
18053,1000000US170312925002017,56,0,56,0,0,0,0,56,0,0,56,0,35,32,3,66,0,0
18054,1000000US170312925002018,82,0,78,0,0,0,4,78,0,4,82,0,52,42,10,118,0,0
18055,1000000US170312925002019,87,1,86,2,0,0,0,87,0,0,86,2,53,44,9,129,2,0
18056,1000000US170312925003000,62,0,60,0,0,0,2,60,0,2,62,0,42,29,13,104,0,0
18057,1000000US170312925003001,59,0,59,0,1,0,0,59,0,0,59,1,35,33,2,73,0,0
18058,1000000US170312925003002,5,0,5,0,0,0,0,5,0,0,5,0,4,3,1,10,0,0
18059,1000000US170312925003003,3,0,3,0,0,0,0,3,0,0,3,0,3,3,0,3,0,0
18060,1000000US170312925003004,0,0,0,0,0,0,0,0,0,0,0,0,0,0,0,0,0,0
18061,1000000US170312925003005,51,0,51,1,0,0,1,50,0,1,51,2,25,22,3,57,1,1
18062,1000000US170312925003006,26,1,25,0,0,0,0,26,0,0,25,0,16,15,1,37,0,0
18063,1000000US170312925003007,41,0,41,0,0,0,0,41,0,0,41,1,29,23,6,61,0,0
18064,1000000US170312925003008,80,0,80,0,0,0,0,80,0,0,80,0,46,42,4,101,0,0
18065,1000000US170312925003009,79,0,79,0,0,0,1,78,0,1,79,0,53,42,11,100,0,1
18066,1000000US170312925003010,53,0,53,0,0,0,2,51,0,2,53,0,37,32,5,70,0,2
18067,1000000US170312925003011,21,1,20,0,0,0,0,21,0,0,20,0,7,7,0,22,0,0
18068,1000000US170312925003012,16,0,16,0,0,0,0,16,0,0,16,0,8,8,0,18,0,0
18069,1000000US170312925003013,84,1,82,4,0,0,3,81,0,3,83,5,40,38,2,108,4,3
18070,1000000US170312925003014,56,0,56,0,0,0,0,56,0,0,56,0,30,26,4,69,0,0
18071,1000000US170312925003015,11,0,11,0,0,0,0,11,0,0,11,0,6,6,0,12,0,0
18072,1000000US170312925003016,72,1,71,0,0,0,0,72,0,0,71,0,46,41,5,99,0,0
18073,1000000US170312925003017,31,0,31,0,0,0,0,31,0,0,31,0,22,15,7,39,0,0
18074,1000000US170312925004000,0,0,0,0,0,0,0,0,0,0,0,0,0,0,0,0,0,0
18075,1000000US170312925004001,0,0,0,0,0,0,0,0,0,0,0,0,4,0,4,0,0,0
18076,1000000US170312925004002,50,1,48,0,1,0,2,48,0,2,49,0,25,24,1,75,0,2
18077,1000000US170312925004003,33,0,31,0,0,0,2,31,0,2,33,0,22,21,1,43,0,0
18078,1000000US170312925004004,10,0,10,0,0,0,0,10,0,0,10,0,13,6,7,18,0,0
18079,1000000US170312925004005,87,0,87,0,0,0,2,85,0,2,87,1,39,34,5,142,0,2
18080,1000000US170312925004006,0,0,0,0,0,0,0,0,0,0,0,0,0,0,0,0,0,0
18081,1000000US170312925004007,0,0,0,0,0,0,0,0,0,0,0,0,0,0,0,0,0,0
18082,1000000US170312925004008,0,0,0,0,0,0,0,0,0,0,0,0,0,0,0,0,0,0
18083,1000000US170312925004009,0,0,0,0,0,0,0,0,0,0,0,0,0,0,0,0,0,0
18084,1000000US170312925004010,0,0,0,0,0,0,0,0,0,0,0,0,0,0,0,0,0,0
18085,1000000US170312925004011,0,0,0,0,0,0,0,0,0,0,0,0,0,0,0,0,0,0
18086,1000000US170312925004012,0,0,0,0,0,0,0,0,0,0,0,0,0,0,0,0,0,0
18087,1000000US170312925004013,0,0,0,0,0,0,0,0,0,0,0,0,0,0,0,0,0,0
18088,1000000US170312925004014,0,0,0,0,0,0,0,0,0,0,0,0,0,0,0,0,0,0
18089,1000000US170312925004015,0,0,0,0,0,0,0,0,0,0,0,0,0,0,0,0,0,0
18090,1000000US170312925004016,54,0,54,0,0,0,1,53,0,1,54,1,22,21,1,84,0,1
18091,1000000US170312925004017,0,0,0,0,0,0,0,0,0,0,0,0,0,0,0,0,0,0
18092,1000000US170312925004018,9,0,9,0,0,0,0,9,0,0,9,0,4,4,0,11,0,0
18093,1000000US170312925004019,11,0,6,0,0,0,5,6,0,5,11,0,5,5,0,12,0,0
18094,1000000US170312925004020,0,0,0,0,0,0,0,0,0,0,0,0,0,0,0,0,0,0
18095,1000000US170312925004021,48,3,41,0,0,0,2,46,0,2,45,1,22,21,1,64,0,0
18096,1000000US170312925004022,47,0,47,0,0,0,0,47,0,0,47,0,35,31,4,66,0,0
18097,1000000US170313005001000,5,0,5,0,0,0,0,5,0,0,5,0,2,2,0,5,0,0
18098,1000000US170313005001001,22,0,18,0,0,0,4,18,0,4,22,0,14,11,3,30,0,0
18099,1000000US170313005001002,51,0,42,0,0,0,9,42,0,9,51,0,36,25,11,92,0,0
18100,1000000US170313005001003,60,3,56,0,0,0,2,58,0,2,57,0,30,25,5,87,0,1
18101,1000000US170313005001004,38,3,30,0,0,0,5,33,0,5,35,0,29,21,8,61,0,0
18102,1000000US170313005001005,82,1,76,0,0,0,5,77,0,5,81,0,33,26,7,113,0,0
18103,1000000US170313005001006,0,0,0,0,0,0,0,0,0,0,0,0,0,0,0,0,0,0
18104,1000000US170313005001007,34,1,2,0,0,0,33,1,0,33,33,2,21,15,6,57,0,2
18105,1000000US170313005001008,69,1,3,0,1,0,65,4,0,65,68,1,31,25,6,92,0,1
18106,1000000US170313005001009,57,3,0,0,0,0,54,3,0,54,54,1,25,22,3,92,0,0
18107,1000000US170313005001010,39,0,1,0,1,0,38,1,0,38,39,3,18,14,4,52,0,0
18108,1000000US170313005001011,38,3,0,0,0,0,35,3,0,35,35,0,22,17,5,60,0,0
18109,1000000US170313005001012,43,0,0,0,0,0,43,0,0,43,43,0,20,17,3,68,0,0
18110,1000000US170313005001013,0,0,0,0,0,0,0,0,0,0,0,0,0,0,0,0,0,0
18111,1000000US170313005002000,127,9,1,2,0,0,115,12,0,115,118,3,54,48,6,181,2,0
18112,1000000US170313005002001,133,0,0,0,0,0,133,0,0,133,133,0,54,44,10,190,0,0
18113,1000000US170313005002002,135,1,4,0,1,0,130,5,0,130,134,5,50,49,1,172,0,3
18114,1000000US170313005002003,121,2,1,0,0,0,117,4,0,117,119,4,50,48,2,163,0,0
18115,1000000US170313005002004,117,0,0,1,0,0,116,1,0,116,117,3,48,43,5,195,0,0
18116,1000000US170313005002005,118,1,0,5,1,0,117,1,0,117,117,4,46,44,2,184,5,0
18117,1000000US170313005002006,126,1,0,3,0,0,125,1,0,125,125,3,49,45,4,181,3,0
18118,1000000US170313005002007,89,0,1,0,0,0,88,1,0,88,89,0,40,33,7,118,0,0
18119,1000000US170313005002008,19,9,1,0,2,0,7,12,0,7,10,0,6,5,1,20,0,0
18120,1000000US170313005002009,108,5,4,0,0,0,99,9,0,99,103,3,44,40,4,171,0,0
18121,1000000US170313005002010,96,0,4,3,0,0,94,2,0,94,96,1,43,38,5,132,3,2
18122,1000000US170313005002011,112,8,3,7,4,0,100,12,0,100,104,8,46,42,4,171,6,1
18123,1000000US170313005002012,63,7,0,2,0,0,56,7,0,56,56,0,41,29,12,89,2,0
18124,1000000US170313005002013,109,1,0,8,0,0,108,1,0,108,108,7,44,39,5,154,5,0
18125,1000000US170313005002014,98,3,0,0,0,0,95,3,0,95,95,0,39,37,2,135,0,0
18126,1000000US170313005002015,108,0,3,5,0,0,108,0,0,108,108,4,46,38,8,145,5,3
18127,1000000US170313005002016,6,0,0,0,0,0,6,0,0,6,6,0,3,2,1,9,0,0
18128,1000000US170313005002017,30,0,1,1,0,0,30,0,0,30,30,3,19,16,3,38,0,1
18129,1000000US170313005002018,0,0,0,0,0,0,0,0,0,0,0,0,0,0,0,0,0,0
18130,1000000US170313006001000,24,0,24,0,0,0,0,24,0,0,24,0,11,11,0,39,0,0
18131,1000000US170313006001001,43,0,43,0,0,0,2,41,0,2,43,2,38,23,15,79,0,2
18132,1000000US170313006001002,0,0,0,0,0,0,0,0,0,0,0,0,0,0,0,0,0,0
18133,1000000US170313006001003,87,2,78,1,0,0,6,81,0,6,85,0,49,44,5,153,1,0
18134,1000000US170313006001004,25,0,22,0,0,0,5,20,0,5,25,2,22,16,6,32,0,2
18135,1000000US170313006001005,0,0,0,0,0,0,0,0,0,0,0,0,0,0,0,0,0,0
18136,1000000US170313006001006,8,2,6,0,0,0,0,8,0,0,6,0,5,4,1,14,0,0
18137,1000000US170313006001007,3,0,3,0,0,0,0,3,0,0,3,0,1,1,0,4,0,0
18138,1000000US170313006001008,48,0,41,1,0,0,7,41,0,7,48,1,26,21,5,61,0,0
18139,1000000US170313006001009,0,0,0,0,0,0,0,0,0,0,0,0,0,0,0,0,0,0
18140,1000000US170313006001010,0,0,0,0,0,0,0,0,0,0,0,0,0,0,0,0,0,0
18141,1000000US170313006001011,0,0,0,0,0,0,0,0,0,0,0,0,0,0,0,0,0,0
18142,1000000US170313006001012,40,2,30,0,0,0,8,32,0,8,38,0,23,19,4,58,0,0
18143,1000000US170313006001013,4,0,4,0,0,0,0,4,0,0,4,0,4,2,2,6,0,0
18144,1000000US170313006001014,142,25,85,1,0,0,31,111,0,31,117,0,25,18,7,161,1,0
18145,1000000US170313006001015,86,1,14,6,0,0,71,15,0,71,85,2,39,35,4,134,6,0
18146,1000000US170313006001016,182,3,30,1,0,0,154,28,0,154,179,2,78,71,7,297,1,5
18147,1000000US170313006001017,63,11,11,0,0,0,41,22,0,41,52,0,29,27,2,97,0,0
18148,1000000US170313006001018,62,6,9,0,4,0,46,16,0,46,56,3,27,25,2,92,0,0
18149,1000000US170313006001019,53,2,4,0,0,0,47,6,0,47,51,0,21,19,2,83,0,0
18150,1000000US170313006001020,47,0,2,3,0,0,45,2,0,45,47,6,21,17,4,78,3,0
18151,1000000US170313006002000,82,2,2,0,2,0,77,5,0,77,80,4,37,31,6,135,0,1
18152,1000000US170313006002001,59,3,0,1,0,0,56,3,0,56,56,2,27,25,2,91,1,0
18153,1000000US170313006002002,70,3,5,4,0,0,60,10,0,60,67,1,34,26,8,106,4,0
18154,1000000US170313006002003,83,11,1,0,0,0,71,12,0,71,72,1,32,27,5,100,0,0
18155,1000000US170313006002004,84,1,0,0,0,0,83,1,0,83,83,5,39,37,2,120,0,0
18156,1000000US170313006002005,97,1,1,3,1,0,96,1,0,96,96,4,38,34,4,138,0,1
18157,1000000US170313006002006,61,4,0,2,3,0,53,8,0,53,57,0,31,27,4,91,2,0
18158,1000000US170313006002007,104,3,5,1,0,0,99,5,0,99,101,8,37,35,2,157,1,3
18159,1000000US170313006002008,96,3,13,3,0,0,93,3,0,93,93,4,38,36,2,139,3,13
18160,1000000US170313006002009,90,1,1,0,0,0,87,3,0,87,89,0,41,37,4,145,0,0
18161,1000000US170313006002010,78,0,0,2,1,0,78,0,0,78,78,6,33,30,3,118,2,0
18162,1000000US170313006002011,100,0,0,0,0,0,100,0,0,100,100,1,33,30,3,142,0,0
18163,1000000US170313006002012,103,1,0,2,0,0,102,1,0,102,102,6,42,41,1,147,0,0
18164,1000000US170313006002013,50,3,0,2,0,0,47,3,0,47,47,4,26,22,4,69,2,0
18165,1000000US170313006002014,89,2,0,2,0,0,87,2,0,87,87,3,40,37,3,119,2,0
18166,1000000US170313006002015,7,1,0,0,0,0,6,1,0,6,6,0,6,3,3,7,0,0
18167,1000000US170313007001000,0,0,0,0,0,0,0,0,0,0,0,0,0,0,0,0,0,0
18168,1000000US170313007001001,0,0,0,0,0,0,0,0,0,0,0,0,0,0,0,0,0,0
18169,1000000US170313007001002,74,0,0,0,0,0,74,0,0,74,74,5,35,29,6,119,0,0
18170,1000000US170313007001003,63,0,3,0,3,0,60,3,0,60,63,6,35,27,8,109,0,0
18171,1000000US170313007001004,42,2,3,1,0,0,36,6,0,36,40,8,21,17,4,80,1,0
18172,1000000US170313007001005,74,2,6,0,0,0,67,7,0,67,72,3,31,29,2,111,0,1
18173,1000000US170313007001006,0,0,0,0,0,0,0,0,0,0,0,0,0,0,0,0,0,0
18174,1000000US170313007001007,11,0,5,0,0,0,6,5,0,6,11,0,5,5,0,12,0,0
18175,1000000US170313007001008,13,0,3,2,0,0,10,3,0,10,13,3,6,6,0,27,2,0
18176,1000000US170313007001009,48,0,6,0,0,0,42,6,0,42,48,0,28,22,6,94,0,0
18177,1000000US170313007001010,67,0,3,4,0,0,67,0,0,67,67,5,29,25,4,114,2,3
18178,1000000US170313007001011,29,5,17,0,0,0,7,22,0,7,24,0,21,15,6,38,0,0
18179,1000000US170313007001012,127,2,8,3,0,0,118,9,0,118,125,4,55,47,8,218,1,1
18180,1000000US170313007001013,109,12,3,3,0,0,93,16,0,93,97,5,54,50,4,187,3,0
18181,1000000US170313007001014,48,4,0,1,0,0,44,4,0,44,44,1,24,18,6,73,0,0
18182,1000000US170313007001015,47,1,0,0,0,0,46,1,0,46,46,0,24,17,7,72,0,0
18183,1000000US170313007001016,150,1,12,0,0,0,138,12,0,138,149,4,61,56,5,223,0,1
18184,1000000US170313007001017,73,4,3,0,0,0,69,4,0,69,69,3,23,23,0,103,0,3
18185,1000000US170313007001018,98,6,13,3,0,0,82,16,0,82,92,9,51,42,9,136,3,3
18186,1000000US170313007001019,124,1,1,0,0,0,123,1,0,123,123,14,58,52,6,212,0,1
18187,1000000US170313007001020,79,2,8,1,0,0,70,9,0,70,77,14,33,28,5,121,0,1
18188,1000000US170313007001021,63,2,1,3,0,0,59,4,0,59,61,3,34,27,7,103,1,0
18189,1000000US170313007001022,128,2,4,6,3,0,119,9,0,119,126,6,53,49,4,201,6,1
18190,1000000US170313007002000,129,0,0,3,0,0,129,0,0,129,129,4,66,53,13,199,3,0
18191,1000000US170313007002001,97,0,0,0,0,0,97,0,0,97,97,8,44,37,7,137,0,0
18192,1000000US170313007002002,109,6,2,0,0,0,103,6,0,103,103,0,62,46,16,156,0,2
18193,1000000US170313007002003,107,2,5,2,0,0,103,4,0,103,105,2,47,42,5,163,2,3
18194,1000000US170313007002004,137,2,1,1,2,0,131,6,0,131,135,4,60,56,4,208,1,0
18195,1000000US170313007002005,87,4,0,0,0,0,83,4,0,83,83,1,42,33,9,131,0,0
18196,1000000US170313007002006,106,5,0,0,0,0,101,5,0,101,101,0,52,44,8,165,0,0
18197,1000000US170313007002007,114,2,0,3,0,0,112,2,0,112,112,14,49,37,12,166,2,0
18198,1000000US170313007002008,7,0,0,0,0,0,7,0,0,7,7,0,3,3,0,9,0,0
18199,1000000US170313007003000,107,0,0,0,0,0,107,0,0,107,107,0,53,42,11,173,0,0
18200,1000000US170313007003001,115,1,0,4,0,0,114,1,0,114,114,5,55,42,13,182,0,0
18201,1000000US170313007003002,78,3,0,5,0,0,75,3,0,75,75,13,43,35,8,124,0,0
18202,1000000US170313007003003,134,2,4,4,0,0,128,6,0,128,132,15,64,55,9,214,4,0
18203,1000000US170313007003004,151,0,0,6,0,0,151,0,0,151,151,18,57,53,4,241,0,0
18204,1000000US170313007003005,152,2,0,0,0,0,147,5,0,147,150,1,61,54,7,235,0,0
18205,1000000US170313007003006,91,0,0,0,0,0,90,1,0,90,91,3,44,39,5,126,0,0
18206,1000000US170313007003007,127,0,5,2,0,0,124,3,0,124,127,4,60,56,4,212,0,2
18207,1000000US170313008001000,34,0,1,0,0,0,31,3,0,31,34,0,15,12,3,57,0,0
18208,1000000US170313008001001,14,0,0,0,0,0,14,0,0,14,14,0,6,5,1,23,0,0
18209,1000000US170313008001002,71,5,9,1,0,0,57,14,0,57,66,0,31,28,3,116,1,0
18210,1000000US170313008001003,47,0,5,1,0,0,41,6,0,41,47,1,19,18,1,66,1,0
18211,1000000US170313008001004,42,3,0,0,0,0,39,3,0,39,39,0,23,18,5,63,0,0
18212,1000000US170313008001005,37,0,4,0,0,0,34,3,0,34,37,1,15,15,0,63,0,1
18213,1000000US170313008001006,65,0,8,8,0,0,60,5,0,60,65,1,26,26,0,105,8,3
18214,1000000US170313008001007,45,0,4,0,0,0,41,4,0,41,45,1,25,21,4,97,0,0
18215,1000000US170313008001008,63,4,3,0,0,0,56,7,0,56,59,0,46,29,17,111,0,0
18216,1000000US170313008001009,58,0,0,0,0,0,58,0,0,58,58,1,27,22,5,84,0,0
18217,1000000US170313008001010,114,1,2,0,0,0,111,3,0,111,113,0,50,43,7,197,0,0
18218,1000000US170313008001011,69,0,0,3,0,0,69,0,0,69,69,5,30,27,3,105,2,0
18219,1000000US170313008001012,99,1,8,0,0,0,89,10,0,89,98,0,54,39,15,152,0,0
18220,1000000US170313008001013,12,2,0,0,0,0,10,2,0,10,10,0,8,7,1,29,0,0
18221,1000000US170313008001014,43,0,0,0,0,0,43,0,0,43,43,0,19,18,1,78,0,0
18222,1000000US170313008001015,43,0,2,0,0,0,41,2,0,41,43,0,24,22,2,81,0,0
18223,1000000US170313008001016,0,0,0,0,0,0,0,0,0,0,0,0,0,0,0,0,0,0
18224,1000000US170313008001017,20,0,2,0,0,1,18,2,0,18,20,1,10,10,0,29,0,0
18225,1000000US170313008001018,41,0,1,3,0,0,37,4,0,37,41,0,17,17,0,61,3,0
18226,1000000US170313008001019,0,0,0,0,0,0,0,0,0,0,0,0,0,0,0,0,0,0
18227,1000000US170313008001020,39,0,5,0,0,0,34,5,0,34,39,0,20,20,0,77,0,0
18228,1000000US170313008001021,76,0,7,2,0,0,69,7,0,69,76,0,38,31,7,119,2,0
18229,1000000US170313008001022,102,2,0,0,0,0,100,2,0,100,100,4,43,38,5,156,0,0
18230,1000000US170313008001023,81,0,2,11,0,0,80,1,0,80,81,6,41,32,9,117,8,1
18231,1000000US170313008001024,123,0,0,0,0,0,115,8,0,115,123,0,57,46,11,209,0,0
18232,1000000US170313008002000,29,1,2,2,1,0,25,4,0,25,28,3,15,13,2,47,1,0
18233,1000000US170313008002001,111,0,1,0,1,0,109,2,0,109,111,4,56,50,6,193,0,0
18234,1000000US170313008002002,135,2,0,3,0,0,133,2,0,133,133,8,59,55,4,194,3,0
18235,1000000US170313008002003,107,4,0,0,0,0,103,4,0,103,103,1,51,44,7,151,0,0
18236,1000000US170313008002004,132,6,0,5,0,0,126,6,0,126,126,18,81,66,15,192,2,0
18237,1000000US170313008002005,115,1,3,1,0,0,114,1,0,114,114,3,54,40,14,178,1,3
18238,1000000US170313008002006,115,9,1,5,0,0,105,10,0,105,106,0,54,42,12,176,5,0
18239,1000000US170313008002007,108,1,0,1,0,0,106,2,0,106,107,3,55,43,12,186,0,0
18240,1000000US170313008002008,125,2,0,0,0,0,123,2,0,123,123,3,50,48,2,191,0,0
18241,1000000US170313008002009,91,0,0,0,0,0,91,0,0,91,91,2,40,37,3,133,0,0
18242,1000000US170313008002010,109,0,0,1,0,0,109,0,0,109,109,4,42,38,4,166,1,0
18243,1000000US170313008002011,87,0,1,2,0,0,86,1,0,86,87,2,44,35,9,122,2,0
18244,1000000US170313008002012,113,0,4,0,0,0,109,4,0,109,113,3,48,47,1,186,0,0
18245,1000000US170313008002013,112,0,2,9,3,0,109,3,0,109,112,9,58,44,14,152,2,2
18246,1000000US170313008002014,77,3,0,0,0,0,74,3,0,74,74,1,47,36,11,110,0,0
18247,1000000US170313008002015,31,0,1,0,0,0,31,0,0,31,31,0,12,11,1,38,0,1
18248,1000000US170313009001000,43,2,1,4,0,0,40,3,0,40,41,5,22,17,5,61,0,0
18249,1000000US170313009001001,131,7,4,0,0,0,121,10,0,121,124,3,57,52,5,185,0,2
18250,1000000US170313009001002,102,1,10,0,0,0,91,11,0,91,101,1,56,48,8,164,0,0
18251,1000000US170313009001003,163,1,2,0,0,0,162,1,0,162,162,12,71,68,3,332,0,2
18252,1000000US170313009001004,147,15,0,0,0,0,132,15,0,132,132,5,63,58,5,254,0,0
18253,1000000US170313009001005,137,0,4,10,0,0,135,2,0,135,137,3,59,52,7,239,10,2
18254,1000000US170313009001006,115,0,0,5,0,0,112,3,0,112,115,3,54,52,2,189,5,0
18255,1000000US170313009001007,75,2,0,0,0,0,73,2,0,73,73,0,45,30,15,107,0,0
18256,1000000US170313009001008,89,0,5,0,0,0,89,0,0,89,89,5,46,40,6,145,0,5
18257,1000000US170313009001009,73,0,3,8,0,0,73,0,0,73,73,3,35,29,6,95,8,3
18258,1000000US170313009001010,119,0,1,0,0,0,118,1,0,118,119,5,58,50,8,206,0,0
18259,1000000US170313009001011,0,0,0,0,0,0,0,0,0,0,0,0,0,0,0,0,0,0
18260,1000000US170313009001012,0,0,0,0,0,0,0,0,0,0,0,0,0,0,0,0,0,0
18261,1000000US170313009002000,18,0,0,0,0,0,18,0,0,18,18,0,14,9,5,37,0,0
18262,1000000US170313009002001,1,0,0,0,0,0,1,0,0,1,1,0,1,1,0,1,0,0
18263,1000000US170313009002002,2,0,0,0,0,0,2,0,0,2,2,0,1,1,0,3,0,0
18264,1000000US170313009002003,6,0,0,0,0,0,6,0,0,6,6,2,4,3,1,9,0,0
18265,1000000US170313009002004,49,3,6,0,0,1,40,9,0,40,46,1,24,21,3,65,0,0
18266,1000000US170313009002005,96,7,0,0,1,0,88,8,0,88,89,1,56,44,12,144,0,0
18267,1000000US170313009002006,148,13,0,4,2,0,132,16,0,132,135,1,74,65,9,238,4,0
18268,1000000US170313009002007,130,0,6,2,0,1,125,5,0,125,130,9,57,56,1,204,0,1
18269,1000000US170313009002008,123,1,0,4,0,0,122,1,0,122,122,0,54,50,4,192,4,0
18270,1000000US170313009002009,0,0,0,0,0,0,0,0,0,0,0,0,0,0,0,0,0,0
18271,1000000US170313009002010,85,1,0,1,0,0,84,1,0,84,84,6,43,33,10,121,1,0
18272,1000000US170313009002011,175,1,2,7,0,0,173,2,0,173,174,3,65,63,2,249,7,1
18273,1000000US170313009002012,119,1,1,0,0,0,118,1,0,118,118,10,54,47,7,179,0,1
18274,1000000US170313009002013,15,0,0,0,0,0,15,0,0,15,15,0,13,6,7,28,0,0
18275,1000000US170313009002014,46,0,4,3,0,0,45,1,0,45,46,7,28,18,10,61,3,3
18276,1000000US170313009002015,43,0,0,2,0,0,43,0,0,43,43,5,22,18,4,72,2,0
18277,1000000US170313009002016,49,0,3,0,0,0,49,0,0,49,49,0,31,22,9,88,0,3
18278,1000000US170313009002017,38,0,5,0,0,0,38,0,0,38,38,8,23,15,8,51,0,5
18279,1000000US170313009002018,91,2,0,1,0,0,89,2,0,89,89,0,45,37,8,147,1,0
18280,1000000US170313009002019,75,0,0,0,0,0,75,0,0,75,75,7,46,33,13,111,0,0
18281,1000000US170313009003000,104,2,16,1,0,0,86,18,0,86,102,0,44,42,2,153,1,0
18282,1000000US170313009003001,77,2,3,0,0,0,72,5,0,72,75,0,41,33,8,125,0,0
18283,1000000US170313009003002,147,0,0,0,0,0,147,0,0,147,147,4,72,62,10,254,0,0
18284,1000000US170313009003003,111,5,0,1,0,0,106,5,0,106,106,1,54,46,8,191,1,0
18285,1000000US170313009003004,145,2,1,0,0,0,143,2,0,143,143,2,66,60,6,236,0,1
18286,1000000US170313009003005,76,0,2,1,0,0,76,0,0,76,76,0,39,34,5,114,1,2
18287,1000000US170313011001000,176,21,25,4,1,2,130,46,0,130,155,8,82,74,8,239,1,3
18288,1000000US170313011001001,76,0,0,3,0,0,76,0,0,76,76,0,45,33,12,125,3,0
18289,1000000US170313011001002,102,7,4,0,0,0,91,11,0,91,95,8,56,44,12,159,0,0
18290,1000000US170313011001003,65,19,0,0,1,0,45,20,0,45,46,4,41,32,9,98,0,0
18291,1000000US170313011001004,209,19,10,0,3,0,182,27,0,182,190,11,97,91,6,335,0,2
18292,1000000US170313011001005,16,0,0,0,0,0,16,0,0,16,16,0,8,7,1,27,0,0
18293,1000000US170313011001006,86,6,1,5,0,0,80,6,0,80,80,0,34,33,1,132,5,1
18294,1000000US170313011001007,7,1,1,0,0,0,5,2,0,5,6,0,2,2,0,15,0,0
18295,1000000US170313011001008,85,0,0,0,0,0,85,0,0,85,85,1,36,29,7,126,0,0
18296,1000000US170313011001009,7,1,0,1,1,0,5,2,0,5,6,4,4,4,0,8,0,0
18297,1000000US170313011001010,0,0,0,0,0,0,0,0,0,0,0,0,0,0,0,0,0,0
18298,1000000US170313011002000,2,0,2,0,0,0,0,2,0,0,2,0,27,2,25,3,0,0
18299,1000000US170313011002001,164,9,1,3,0,0,155,9,0,155,155,4,106,78,28,243,2,1
18300,1000000US170313011002002,60,1,0,0,0,0,59,1,0,59,59,0,48,29,19,106,0,0
18301,1000000US170313011002003,98,2,0,6,0,0,96,2,0,96,96,1,50,41,9,175,6,0
18302,1000000US170313011002004,128,4,0,6,0,0,124,4,0,124,124,9,52,49,3,200,4,0
18303,1000000US170313011002005,109,4,1,4,0,0,105,4,0,105,105,4,62,44,18,158,4,1
18304,1000000US170313011002006,68,0,0,0,0,0,68,0,0,68,68,0,49,34,15,97,0,0
18305,1000000US170313011002007,139,4,0,2,4,0,135,4,0,135,135,1,64,55,9,229,2,0
18306,1000000US170313011002008,0,0,0,0,0,0,0,0,0,0,0,0,0,0,0,0,0,0
18307,1000000US170313011002009,0,0,0,0,0,0,0,0,0,0,0,0,0,0,0,0,0,0
18308,1000000US170313011002010,54,0,2,4,0,0,52,2,0,52,54,0,36,26,10,73,4,0
18309,1000000US170313011002011,44,1,41,1,0,0,1,43,0,1,43,1,29,23,6,69,0,0
18310,1000000US170313011002012,0,0,0,0,0,0,0,0,0,0,0,0,0,0,0,0,0,0
18311,1000000US170313011002013,0,0,0,0,0,0,0,0,0,0,0,0,0,0,0,0,0,0
18312,1000000US170313012001000,0,0,0,0,0,0,0,0,0,0,0,0,0,0,0,0,0,0
18313,1000000US170313012001001,18,0,1,0,0,0,17,1,0,17,18,0,9,8,1,33,0,0
18314,1000000US170313012001002,37,1,3,0,0,0,33,4,0,33,36,3,24,18,6,58,0,0
18315,1000000US170313012001003,153,12,0,0,0,0,141,12,0,141,141,2,75,66,9,246,0,0
18316,1000000US170313012001004,122,5,5,2,0,0,113,9,0,113,117,6,47,41,6,188,0,1
18317,1000000US170313012001005,16,0,0,0,0,0,16,0,0,16,16,1,6,6,0,25,0,0
18318,1000000US170313012001006,76,8,15,3,2,0,52,24,0,52,68,4,49,39,10,105,1,1
18319,1000000US170313012001007,84,4,3,2,0,0,77,7,0,77,80,0,45,36,9,133,2,0
18320,1000000US170313012001008,136,0,1,3,0,0,135,1,0,135,136,4,64,59,5,219,3,0
18321,1000000US170313012001009,139,15,2,0,0,0,121,18,0,121,124,5,62,57,5,203,0,1
18322,1000000US170313012001010,95,2,2,1,0,0,91,4,0,91,93,4,53,41,12,137,1,0
18323,1000000US170313012001011,0,0,0,0,0,0,0,0,0,0,0,0,0,0,0,0,0,0
18324,1000000US170313012001012,0,0,0,0,0,0,0,0,0,0,0,0,0,0,0,0,0,0
18325,1000000US170313012001013,0,0,0,0,0,0,0,0,0,0,0,0,0,0,0,0,0,0
18326,1000000US170313012002000,77,1,9,0,2,0,68,9,0,68,76,5,38,32,6,118,0,3
18327,1000000US170313012002001,24,1,3,0,0,0,20,4,0,20,23,0,24,13,11,39,0,0
18328,1000000US170313012002002,56,4,0,0,0,0,52,4,0,52,52,0,19,19,0,89,0,0
18329,1000000US170313012002003,26,1,0,0,0,0,25,1,0,25,25,0,18,10,8,41,0,0
18330,1000000US170313012002004,17,0,3,0,0,0,14,3,0,14,17,0,10,10,0,22,0,0
18331,1000000US170313012002005,74,3,0,0,0,0,71,3,0,71,71,0,41,29,12,93,0,0
18332,1000000US170313012002006,87,4,0,1,0,0,83,4,0,83,83,1,51,41,10,138,1,0
18333,1000000US170313012002007,90,3,85,0,0,0,1,89,0,1,87,0,105,40,65,133,0,0
18334,1000000US170313012002008,1,0,1,0,0,0,0,1,0,0,1,0,1,1,0,1,0,0
18335,1000000US170313012002009,0,0,0,0,0,0,0,0,0,0,0,0,0,0,0,0,0,0
18336,1000000US170313012003000,88,11,3,1,0,0,74,14,0,74,77,3,31,27,4,123,1,0
18337,1000000US170313012003001,45,0,2,0,0,0,41,4,0,41,45,0,23,20,3,60,0,0
18338,1000000US170313012003002,91,3,0,1,0,0,88,3,0,88,88,0,57,38,19,139,1,0
18339,1000000US170313012003003,96,5,3,0,0,0,89,7,0,89,91,0,43,39,4,133,0,1
18340,1000000US170313012003004,6,0,0,0,0,0,6,0,0,6,6,1,3,3,0,9,0,0
18341,1000000US170313012003005,31,0,0,0,0,0,31,0,0,31,31,0,13,13,0,50,0,0
18342,1000000US170313012003006,92,0,0,0,0,0,92,0,0,92,92,0,41,36,5,158,0,0
18343,1000000US170313012003007,119,4,0,8,0,0,115,4,0,115,115,5,64,51,13,179,4,0
18344,1000000US170313012003008,92,2,5,0,0,0,84,8,0,84,90,1,49,41,8,136,0,0
18345,1000000US170313012003009,185,2,12,11,0,1,168,17,0,168,183,15,92,78,14,253,11,4
18346,1000000US170313012003010,9,0,0,0,0,0,9,0,0,9,9,0,6,6,0,17,0,0
18347,1000000US170313012003011,90,0,5,1,0,0,90,0,0,90,90,3,43,38,5,139,1,5
18348,1000000US170313012003012,82,8,1,0,0,0,73,9,0,73,74,0,38,31,7,114,0,0
18349,1000000US170313012003013,37,0,0,0,0,0,37,0,0,37,37,0,23,16,7,54,0,0
18350,1000000US170313012003014,71,2,1,0,0,0,68,3,0,68,69,0,23,23,0,111,0,0
18351,1000000US170313012003015,37,2,0,0,0,0,35,2,0,35,35,5,22,16,6,53,0,0
18352,1000000US170313012003016,83,14,6,1,0,0,63,20,0,63,69,8,50,34,16,108,0,0
18353,1000000US170313012003017,99,3,0,4,0,0,96,3,0,96,96,10,41,36,5,155,4,0
18354,1000000US170313016001000,78,0,1,0,0,0,76,2,0,76,78,4,39,29,10,115,0,0
18355,1000000US170313016001001,84,0,0,1,0,0,84,0,0,84,84,3,34,29,5,130,0,0
18356,1000000US170313016001002,66,0,0,0,0,0,66,0,0,66,66,0,37,26,11,110,0,0
18357,1000000US170313016001003,94,2,0,0,0,0,92,2,0,92,92,5,44,38,6,117,0,0
18358,1000000US170313016001004,26,4,0,2,0,0,22,4,0,22,22,2,21,15,6,38,2,0
18359,1000000US170313016001005,1,0,1,0,0,0,1,0,0,1,1,0,1,1,0,1,0,1
18360,1000000US170313016001006,115,1,4,7,0,0,112,3,0,112,114,3,48,48,0,176,7,2
18361,1000000US170313016001007,83,1,1,0,0,6,82,1,0,82,82,14,37,32,5,134,0,1
18362,1000000US170313016001008,112,4,3,0,0,0,108,4,0,108,108,0,39,37,2,161,0,3
18363,1000000US170313016001009,139,0,0,4,0,0,139,0,0,139,139,3,48,48,0,215,4,0
18364,1000000US170313016001010,87,0,0,2,0,0,87,0,0,87,87,7,44,33,11,130,1,0
18365,1000000US170313016001011,97,0,4,7,0,0,97,0,0,97,97,2,43,39,4,129,5,4
18366,1000000US170313016001012,116,1,0,10,0,0,115,1,0,115,115,4,47,43,4,160,10,0
18367,1000000US170313016001013,108,1,3,0,0,2,107,1,0,107,107,12,38,35,3,145,0,3
18368,1000000US170313016001014,15,0,0,0,0,0,15,0,0,15,15,0,5,5,0,23,0,0
18369,1000000US170313016001015,59,0,0,4,0,0,59,0,0,59,59,0,30,26,4,78,4,0
18370,1000000US170313016001016,115,3,3,0,0,0,109,6,0,109,112,7,56,46,10,170,0,3
18371,1000000US170313016001017,81,6,0,3,0,0,75,6,0,75,75,4,44,37,7,115,0,0
18372,1000000US170313016002000,115,0,0,1,0,0,115,0,0,115,115,3,49,43,6,183,1,0
18373,1000000US170313016002001,103,3,4,0,0,0,99,4,0,99,100,1,46,40,6,136,0,4
18374,1000000US170313016002002,114,0,3,0,0,0,114,0,0,114,114,1,50,44,6,181,0,3
18375,1000000US170313016002003,97,5,0,1,0,0,92,5,0,92,92,2,40,36,4,153,1,0
18376,1000000US170313016002004,118,4,0,0,0,8,114,4,0,114,114,13,50,43,7,180,0,0
18377,1000000US170313016002005,87,7,0,0,0,0,80,7,0,80,80,5,43,37,6,137,0,0
18378,1000000US170313016002006,110,0,0,12,0,0,110,0,0,110,110,2,47,42,5,164,12,0
18379,1000000US170313016002007,92,0,1,3,0,0,92,0,0,92,92,3,38,36,2,145,3,1
18380,1000000US170313016002008,102,0,4,13,0,0,101,1,0,101,102,4,41,40,1,150,9,4
18381,1000000US170313016002009,68,0,0,0,0,0,68,0,0,68,68,0,34,29,5,102,0,0
18382,1000000US170313016002010,96,4,3,1,0,0,89,7,0,89,92,0,44,38,6,158,1,1
18383,1000000US170313016002011,90,0,1,0,0,0,90,0,0,90,90,2,51,41,10,139,0,1
18384,1000000US170313016002012,115,2,2,4,0,0,113,2,0,113,113,7,52,46,6,164,4,2
18385,1000000US170313016002013,115,1,0,0,0,0,114,1,0,114,114,5,49,44,5,193,0,0
18386,1000000US170313016002014,96,0,0,2,0,0,96,0,0,96,96,0,40,35,5,137,2,0
18387,1000000US170313016002015,118,6,8,2,0,0,105,13,0,105,112,1,47,41,6,185,2,1
18388,1000000US170313017011000,98,0,0,2,1,0,97,1,0,97,98,0,48,42,6,130,2,0
18389,1000000US170313017011001,163,1,2,1,0,0,160,3,0,160,162,5,65,61,4,229,1,0
18390,1000000US170313017011002,142,2,6,0,0,0,137,5,0,137,140,0,51,50,1,201,0,3
18391,1000000US170313017011003,77,1,0,3,0,0,76,1,0,76,76,1,37,36,1,115,3,0
18392,1000000US170313017011004,10,0,0,0,0,0,10,0,0,10,10,0,3,3,0,11,0,0
18393,1000000US170313017011005,68,0,0,4,0,2,68,0,0,68,68,8,30,27,3,99,4,0
18394,1000000US170313017011006,117,0,0,0,0,0,117,0,0,117,117,0,49,44,5,174,0,0
18395,1000000US170313017011007,92,1,0,4,0,0,91,1,0,91,91,1,35,33,2,119,4,0
18396,1000000US170313017011008,6,0,0,0,0,0,6,0,0,6,6,0,4,2,2,8,0,0
18397,1000000US170313017011009,96,3,0,0,0,0,93,3,0,93,93,0,34,33,1,145,0,0
18398,1000000US170313017011010,93,1,0,0,0,0,91,2,0,91,92,0,39,35,4,145,0,0
18399,1000000US170313017012000,80,0,1,0,0,0,80,0,0,80,80,2,39,33,6,115,0,1
18400,1000000US170313017012001,88,3,0,5,0,0,85,3,0,85,85,0,43,35,8,129,5,0
18401,1000000US170313017012002,95,1,0,0,0,0,94,1,0,94,94,0,42,39,3,178,0,0
18402,1000000US170313017012003,89,0,0,0,0,0,89,0,0,89,89,7,35,35,0,143,0,0
18403,1000000US170313017012004,69,0,0,2,0,0,69,0,0,69,69,6,34,27,7,95,0,0
18404,1000000US170313017012005,114,3,7,3,0,0,109,5,0,109,111,6,39,38,1,165,3,5
18405,1000000US170313017012006,99,0,1,1,0,0,99,0,0,99,99,1,39,35,4,137,1,1
18406,1000000US170313017012007,91,4,0,1,0,0,86,5,0,86,87,0,45,37,8,122,1,0
18407,1000000US170313017012008,99,1,0,1,1,0,95,4,0,95,98,7,43,37,6,140,1,0
18408,1000000US170313017012009,125,0,4,4,0,0,121,4,0,121,125,14,49,48,1,189,4,2
18409,1000000US170313017013000,9,3,0,0,0,0,6,3,0,6,6,0,5,5,0,11,0,0
18410,1000000US170313017013001,15,0,0,0,0,0,15,0,0,15,15,0,7,4,3,20,0,0
18411,1000000US170313017013002,112,0,0,3,2,0,111,1,0,111,112,3,40,36,4,157,3,0
18412,1000000US170313017013003,61,0,0,1,0,0,61,0,0,61,61,3,25,19,6,85,1,0
18413,1000000US170313017013004,141,0,0,0,0,0,141,0,0,141,141,3,63,55,8,185,0,0
18414,1000000US170313017013005,21,0,0,2,0,0,21,0,0,21,21,1,6,6,0,28,2,0
18415,1000000US170313017013006,92,1,0,0,0,0,91,1,0,91,91,3,34,32,2,114,0,0
18416,1000000US170313017013007,103,1,0,0,0,1,102,1,0,102,102,1,44,38,6,163,0,0
18417,1000000US170313017013008,118,3,2,1,0,0,115,3,0,115,115,1,45,44,1,175,0,2
18418,1000000US170313017013009,94,1,4,0,0,0,93,1,0,93,93,5,37,33,4,126,0,4
18419,1000000US170313017013010,92,0,0,4,0,0,92,0,0,92,92,3,34,33,1,140,4,0
18420,1000000US170313017013011,86,0,0,0,0,0,86,0,0,86,86,2,33,33,0,125,0,0
18421,1000000US170313017013012,91,1,0,0,0,0,90,1,0,90,90,0,32,31,1,135,0,0
18422,1000000US170313017013013,90,0,2,3,0,0,88,2,0,88,90,3,39,37,2,128,3,0
18423,1000000US170313017021000,90,5,0,2,0,0,85,5,0,85,85,0,39,32,7,142,2,0
18424,1000000US170313017021001,92,4,0,0,0,0,88,4,0,88,88,0,53,38,15,147,0,0
18425,1000000US170313017021002,103,3,0,0,0,0,100,3,0,100,100,7,41,36,5,137,0,0
18426,1000000US170313017021003,136,2,1,0,0,3,134,2,0,134,134,3,52,49,3,195,0,1
18427,1000000US170313017021004,89,3,1,6,3,0,86,3,0,86,86,5,40,35,5,149,3,1
18428,1000000US170313017021005,117,0,0,1,0,1,116,1,0,116,117,6,43,41,2,184,1,0
18429,1000000US170313017021006,0,0,0,0,0,0,0,0,0,0,0,0,0,0,0,0,0,0
18430,1000000US170313017021007,102,2,2,4,0,0,100,2,0,100,100,1,45,40,5,161,4,2
18431,1000000US170313017021008,70,2,0,6,0,0,68,2,0,68,68,0,34,29,5,110,6,0
18432,1000000US170313017022000,117,1,0,6,2,0,116,1,0,116,116,2,51,47,4,180,6,0
18433,1000000US170313017022001,89,6,0,0,0,0,83,6,0,83,83,0,35,32,3,119,0,0
18434,1000000US170313017022002,89,3,0,5,0,0,86,3,0,86,86,5,41,36,5,131,5,0
18435,1000000US170313017022003,103,1,0,2,0,0,102,1,0,102,102,3,42,40,2,170,1,0
18436,1000000US170313017022004,124,4,0,2,0,0,120,4,0,120,120,8,53,47,6,196,2,0
18437,1000000US170313017022005,74,7,0,0,0,0,67,7,0,67,67,5,26,25,1,104,0,0
18438,1000000US170313017022006,95,0,0,0,0,0,95,0,0,95,95,6,38,33,5,154,0,0
18439,1000000US170313017022007,80,0,0,3,0,0,80,0,0,80,80,0,33,29,4,136,3,0
18440,1000000US170313017022008,99,3,0,2,0,0,96,3,0,96,96,2,50,41,9,174,2,0
18441,1000000US170313017022009,105,4,0,3,0,0,101,4,0,101,101,1,44,41,3,160,3,0
18442,1000000US170313017023000,100,2,0,3,3,0,97,3,0,97,98,3,38,35,3,140,3,0
18443,1000000US170313017023001,82,0,3,3,0,0,79,3,0,79,82,3,31,30,1,109,2,1
18444,1000000US170313017023002,71,3,1,2,0,0,67,4,0,67,68,0,39,32,7,123,2,0
18445,1000000US170313017023003,83,7,0,6,1,0,74,9,0,74,76,4,41,36,5,139,6,0
18446,1000000US170313017023004,98,1,1,0,0,0,97,1,0,97,97,1,39,36,3,144,0,1
18447,1000000US170313017023005,77,4,0,2,0,0,73,4,0,73,73,2,32,27,5,115,2,0
18448,1000000US170313017023006,103,1,1,0,0,0,101,2,0,101,102,3,39,36,3,151,0,0
18449,1000000US170313017023007,66,3,0,2,0,0,62,4,0,62,63,0,39,35,4,110,2,0
18450,1000000US170313017023008,89,3,2,2,0,0,86,3,0,86,86,0,39,37,2,129,2,2
18451,1000000US170313017023009,84,6,2,0,0,0,78,6,0,78,78,0,44,36,8,136,0,2
18452,1000000US170313018011000,92,2,0,0,0,0,90,2,0,90,90,0,41,39,2,148,0,0
18453,1000000US170313018011001,92,6,0,0,0,0,86,6,0,86,86,0,47,38,9,138,0,0
18454,1000000US170313018011002,111,3,1,2,1,0,108,3,0,108,108,1,40,37,3,180,2,1
18455,1000000US170313018011003,82,2,0,1,0,0,80,2,0,80,80,0,40,37,3,134,1,0
18456,1000000US170313018011004,86,3,0,2,0,0,83,3,0,83,83,5,41,36,5,125,2,0
18457,1000000US170313018011005,86,0,0,0,0,0,85,1,0,85,86,0,38,31,7,122,0,0
18458,1000000US170313018011006,105,6,0,0,2,0,97,8,0,97,99,4,53,46,7,151,0,0
18459,1000000US170313018011007,110,2,1,10,1,0,107,3,0,107,108,12,49,43,6,164,9,1
18460,1000000US170313018011008,65,2,0,0,0,0,63,2,0,63,63,0,21,19,2,88,0,0
18461,1000000US170313018012000,0,0,0,0,0,0,0,0,0,0,0,0,0,0,0,0,0,0
18462,1000000US170313018012001,44,2,0,5,0,0,42,2,0,42,42,0,17,17,0,76,5,0
18463,1000000US170313018012002,54,8,0,0,0,0,46,8,0,46,46,0,25,21,4,81,0,0
18464,1000000US170313018012003,0,0,0,0,0,0,0,0,0,0,0,0,0,0,0,0,0,0
18465,1000000US170313018012004,45,1,0,2,0,0,43,2,0,43,44,0,17,17,0,67,2,0
18466,1000000US170313018012005,0,0,0,0,0,0,0,0,0,0,0,0,0,0,0,0,0,0
18467,1000000US170313018012006,0,0,0,0,0,0,0,0,0,0,0,0,0,0,0,0,0,0
18468,1000000US170313018012007,64,0,0,4,0,0,64,0,0,64,64,2,23,22,1,84,4,0
18469,1000000US170313018012008,19,1,0,0,0,0,18,1,0,18,18,0,11,8,3,33,0,0
18470,1000000US170313018012009,65,0,0,0,0,0,65,0,0,65,65,5,22,21,1,104,0,0
18471,1000000US170313018012010,53,0,2,0,0,0,51,2,0,51,53,0,20,19,1,95,0,0
18472,1000000US170313018012011,45,2,2,0,0,0,41,4,0,41,43,0,23,18,5,70,0,0
18473,1000000US170313018012012,74,5,2,0,1,0,69,5,0,69,69,4,38,33,5,120,0,2
18474,1000000US170313018012013,66,0,3,2,0,0,66,0,0,66,66,0,29,27,2,93,2,3
18475,1000000US170313018012014,81,5,3,1,0,0,76,5,0,76,76,7,31,30,1,128,1,3
18476,1000000US170313018012015,66,2,0,4,0,0,64,2,0,64,64,0,25,23,2,101,4,0
18477,1000000US170313018012016,101,1,0,0,0,0,100,1,0,100,100,3,43,39,4,162,0,0
18478,1000000US170313018012017,90,3,2,0,0,0,85,5,0,85,87,0,48,39,9,137,0,0
18479,1000000US170313018012018,29,1,0,0,0,0,28,1,0,28,28,1,14,12,2,42,0,0
18480,1000000US170313018012019,105,0,7,2,5,0,98,7,0,98,105,5,45,43,2,148,2,0
18481,1000000US170313018012020,89,0,5,0,0,0,84,5,0,84,89,1,43,35,8,138,0,0
18482,1000000US170313018012021,98,0,0,1,2,0,97,1,0,97,98,0,37,34,3,154,1,0
18483,1000000US170313018012022,30,0,0,0,0,0,30,0,0,30,30,0,14,12,2,46,0,0
18484,1000000US170313018012023,12,0,0,0,0,0,12,0,0,12,12,0,5,5,0,17,0,0
18485,1000000US170313018012024,18,2,0,0,0,0,16,2,0,16,16,0,12,9,3,22,0,0
18486,1000000US170313018012025,0,0,0,0,0,0,0,0,0,0,0,0,0,0,0,0,0,0
18487,1000000US170313018012026,0,0,0,0,0,0,0,0,0,0,0,0,0,0,0,0,0,0
18488,1000000US170313018012027,0,0,0,0,0,0,0,0,0,0,0,0,0,0,0,0,0,0
18489,1000000US170313018012028,0,0,0,0,0,0,0,0,0,0,0,0,0,0,0,0,0,0
18490,1000000US170313018012029,67,0,0,0,0,0,67,0,0,67,67,0,29,27,2,96,0,0
18491,1000000US170313018012030,81,2,0,0,0,0,79,2,0,79,79,0,35,29,6,121,0,0
18492,1000000US170313018012031,58,10,0,0,0,0,48,10,0,48,48,0,29,22,7,89,0,0
18493,1000000US170313018012032,77,2,0,3,0,0,75,2,0,75,75,0,33,31,2,111,3,0
18494,1000000US170313018012033,80,1,0,0,0,0,79,1,0,79,79,4,33,32,1,107,0,0
18495,1000000US170313018012034,62,0,0,1,0,0,61,1,0,61,62,1,24,22,2,94,0,0
18496,1000000US170313018012035,62,1,1,4,0,0,61,1,0,61,61,6,29,28,1,115,4,1
18497,1000000US170313018012036,40,2,0,0,0,0,38,2,0,38,38,0,16,15,1,56,0,0
18498,1000000US170313018012037,24,5,0,0,0,0,19,5,0,19,19,1,11,11,0,31,0,0
18499,1000000US170313018012038,0,0,0,0,0,0,0,0,0,0,0,0,0,0,0,0,0,0
18500,1000000US170313018012039,0,0,0,0,0,0,0,0,0,0,0,0,0,0,0,0,0,0
18501,1000000US170313018012040,0,0,0,0,0,0,0,0,0,0,0,0,0,0,0,0,0,0
18502,1000000US170313018012041,12,0,4,0,0,0,11,1,0,11,12,0,7,5,2,17,0,3
18503,1000000US170313018021000,19,0,0,2,0,0,19,0,0,19,19,0,6,6,0,36,2,0
18504,1000000US170313018021001,30,0,1,0,0,0,30,0,0,30,30,0,16,15,1,41,0,1
18505,1000000US170313018021002,66,0,1,2,0,0,65,1,0,65,66,5,33,27,6,117,2,0
18506,1000000US170313018021003,38,0,0,0,0,0,38,0,0,38,38,0,13,13,0,56,0,0
18507,1000000US170313018021004,23,0,1,0,0,0,23,0,0,23,23,0,9,9,0,33,0,1
18508,1000000US170313018021005,20,0,0,0,0,0,20,0,0,20,20,3,9,8,1,25,0,0
18509,1000000US170313018021006,7,0,0,0,0,0,7,0,0,7,7,0,10,5,5,13,0,0
18510,1000000US170313018021007,36,0,0,0,0,0,36,0,0,36,36,0,9,9,0,53,0,0
18511,1000000US170313018021008,67,0,0,0,0,0,67,0,0,67,67,0,33,25,8,102,0,0
18512,1000000US170313018021009,51,1,1,2,0,0,50,1,0,50,50,2,18,17,1,67,2,1
18513,1000000US170313018021010,57,2,0,4,0,0,55,2,0,55,55,5,23,23,0,75,4,0
18514,1000000US170313018021011,52,0,2,2,0,0,51,1,0,51,52,7,29,22,7,86,2,1
18515,1000000US170313018021012,10,0,0,0,0,0,10,0,0,10,10,0,5,5,0,14,0,0
18516,1000000US170313018021013,0,0,0,0,0,0,0,0,0,0,0,0,0,0,0,0,0,0
18517,1000000US170313018021014,24,0,3,0,1,0,23,1,0,23,24,4,11,9,2,35,0,2
18518,1000000US170313018021015,15,0,0,0,0,0,15,0,0,15,15,0,10,6,4,20,0,0
18519,1000000US170313018021016,26,4,0,1,0,0,22,4,0,22,22,0,15,9,6,30,1,0
18520,1000000US170313018021017,3,0,0,0,0,0,3,0,0,3,3,0,1,1,0,6,0,0
18521,1000000US170313018022000,16,2,0,0,0,0,14,2,0,14,14,0,5,5,0,21,0,0
18522,1000000US170313018022001,23,0,2,0,0,0,21,2,0,21,23,0,13,13,0,46,0,0
18523,1000000US170313018022002,37,1,2,0,0,0,34,3,0,34,36,0,14,14,0,58,0,0
18524,1000000US170313018022003,29,1,0,0,0,0,28,1,0,28,28,1,16,11,5,49,0,0
18525,1000000US170313018022004,19,0,13,0,0,0,6,13,0,6,19,0,7,6,1,24,0,0
18526,1000000US170313018022005,148,1,17,4,4,0,132,16,0,132,147,4,81,75,6,215,4,3
18527,1000000US170313018022006,80,2,0,3,0,0,78,2,0,78,78,0,50,36,14,134,3,0
18528,1000000US170313018022007,0,0,0,0,0,0,0,0,0,0,0,0,0,0,0,0,0,0
18529,1000000US170313018022008,10,0,0,0,0,0,10,0,0,10,10,0,10,5,5,18,0,0
18530,1000000US170313018022009,32,1,0,0,0,0,31,1,0,31,31,3,21,16,5,47,0,0
18531,1000000US170313018022010,62,4,2,0,0,0,56,6,0,56,58,4,31,31,0,98,0,0
18532,1000000US170313018022011,71,0,0,1,0,0,71,0,0,71,71,2,29,26,3,117,0,0
18533,1000000US170313018022012,54,0,0,0,0,0,54,0,0,54,54,2,22,19,3,72,0,0
18534,1000000US170313018022013,44,2,0,0,0,0,42,2,0,42,42,0,20,17,3,60,0,0
18535,1000000US170313018022014,66,0,0,3,0,0,66,0,0,66,66,0,23,23,0,99,3,0
18536,1000000US170313018022015,77,0,0,2,2,0,76,1,0,76,77,5,31,29,2,130,2,0
18537,1000000US170313018022016,37,1,0,0,0,0,36,1,0,36,36,0,16,15,1,58,0,0
18538,1000000US170313018022017,25,0,0,0,0,0,25,0,0,25,25,0,11,10,1,32,0,0
18539,1000000US170313018022018,21,1,2,0,0,0,20,1,0,20,20,0,10,8,2,32,0,2
18540,1000000US170313018022019,41,0,0,0,0,0,41,0,0,41,41,0,22,18,4,62,0,0
18541,1000000US170313018023000,9,3,0,1,0,0,6,3,0,6,6,1,5,5,0,12,1,0
18542,1000000US170313018023001,17,0,0,0,0,0,17,0,0,17,17,0,6,6,0,20,0,0
18543,1000000US170313018023002,8,0,0,0,0,0,8,0,0,8,8,0,9,4,5,13,0,0
18544,1000000US170313018023003,13,0,0,0,0,0,13,0,0,13,13,0,7,7,0,15,0,0
18545,1000000US170313018023004,24,0,0,0,0,0,24,0,0,24,24,0,16,11,5,32,0,0
18546,1000000US170313018023005,26,0,0,0,3,0,26,0,0,26,26,1,11,10,1,32,0,0
18547,1000000US170313018023006,95,0,3,1,0,0,95,0,0,95,95,1,34,34,0,141,1,3
18548,1000000US170313018023007,79,1,0,6,0,0,78,1,0,78,78,5,29,29,0,128,6,0
18549,1000000US170313018023008,57,4,3,0,0,0,53,4,0,53,53,0,20,19,1,71,0,3
18550,1000000US170313018023009,111,1,0,0,0,0,110,1,0,110,110,0,45,42,3,163,0,0
18551,1000000US170313018023010,86,2,0,0,1,0,82,4,0,82,84,2,32,32,0,122,0,0
18552,1000000US170313018023011,93,1,0,0,1,3,91,2,0,91,92,3,37,33,4,126,0,0
18553,1000000US170313018023012,106,0,0,2,3,0,106,0,0,106,106,3,42,34,8,152,2,0
18554,1000000US170313018023013,76,2,0,0,0,1,74,2,0,74,74,4,27,24,3,108,0,0
18555,1000000US170313018023014,73,4,0,0,0,3,69,4,0,69,69,3,29,22,7,97,0,0
18556,1000000US170313018023015,69,2,3,0,0,0,67,2,0,67,67,0,28,27,1,105,0,3
18557,1000000US170313018023016,0,0,0,0,0,0,0,0,0,0,0,0,0,0,0,0,0,0
18558,1000000US170313018031000,75,1,0,0,1,0,74,1,0,74,74,1,36,28,8,103,0,0
18559,1000000US170313018031001,76,0,0,0,0,0,76,0,0,76,76,0,37,29,8,112,0,0
18560,1000000US170313018031002,122,0,4,1,0,0,122,0,0,122,122,1,48,44,4,182,1,4
18561,1000000US170313018031003,94,4,0,3,0,0,90,4,0,90,90,2,41,36,5,133,3,0
18562,1000000US170313018031004,94,2,2,2,0,0,92,2,0,92,92,6,37,33,4,153,0,2
18563,1000000US170313018031005,122,0,0,0,0,0,122,0,0,122,122,0,59,46,13,181,0,0
18564,1000000US170313018031006,218,14,3,11,0,1,202,16,0,202,204,26,90,81,9,345,10,1
18565,1000000US170313018031007,12,0,0,3,0,0,12,0,0,12,12,2,6,5,1,22,3,0
18566,1000000US170313018031008,117,0,2,0,0,0,117,0,0,117,117,2,55,53,2,175,0,2
18567,1000000US170313018031009,99,3,0,0,1,0,95,4,0,95,96,6,40,36,4,158,0,0
18568,1000000US170313018031010,118,0,0,4,0,0,118,0,0,118,118,5,41,38,3,182,3,0
18569,1000000US170313018032000,107,2,2,0,0,0,103,4,0,103,105,0,43,42,1,165,0,0
18570,1000000US170313018032001,0,0,0,0,0,0,0,0,0,0,0,0,0,0,0,0,0,0
18571,1000000US170313018032002,112,3,0,2,0,0,109,3,0,109,109,5,47,46,1,196,0,0
18572,1000000US170313018032003,135,0,0,1,4,0,134,1,0,134,135,4,52,49,3,210,1,0
18573,1000000US170313018032004,118,2,1,3,0,0,115,3,0,115,116,0,47,46,1,203,3,0
18574,1000000US170313018032005,127,1,2,0,0,1,126,1,0,126,126,0,58,52,6,202,0,2
18575,1000000US170313018032006,100,1,1,1,3,0,96,4,0,96,99,0,46,36,10,156,1,1
18576,1000000US170313018032007,116,0,0,0,0,0,116,0,0,116,116,0,48,45,3,178,0,0
18577,1000000US170313018032008,91,7,1,0,0,0,83,8,0,83,84,0,41,37,4,136,0,0
18578,1000000US170313018032009,57,0,0,1,0,0,57,0,0,57,57,0,29,28,1,94,1,0
18579,1000000US170313018032010,91,2,0,2,0,0,89,2,0,89,89,9,38,34,4,146,2,0
18580,1000000US170313018032011,77,0,0,0,0,0,77,0,0,77,77,0,30,30,0,130,0,0
18581,1000000US170313018032012,77,0,0,0,0,0,76,1,0,76,77,0,33,29,4,105,0,0
18582,1000000US170313018032013,83,0,0,0,0,0,83,0,0,83,83,0,30,29,1,117,0,0
18583,1000000US170313018032014,81,2,2,0,0,1,77,4,0,77,79,3,28,24,4,123,0,0
18584,1000000US170313018032015,98,3,2,0,0,0,93,5,0,93,95,4,34,32,2,137,0,0
18585,1000000US170313018032016,41,0,0,0,0,0,41,0,0,41,41,0,16,16,0,60,0,0
18586,1000000US170313018032017,44,1,2,0,0,0,43,1,0,43,43,0,20,19,1,75,0,2
18587,1000000US170313018032018,34,7,0,0,0,0,27,7,0,27,27,0,10,10,0,44,0,0
18588,1000000US170313018032019,47,0,0,1,0,0,47,0,0,47,47,1,18,18,0,65,0,0
18589,1000000US170313018033000,123,7,4,5,0,0,114,9,0,114,116,3,53,48,5,200,5,2
18590,1000000US170313018033001,81,5,0,0,0,0,76,5,0,76,76,0,40,32,8,121,0,0
18591,1000000US170313018033002,116,3,0,3,0,0,113,3,0,113,113,0,48,44,4,182,3,0
18592,1000000US170313018033003,72,1,0,2,0,0,71,1,0,71,71,5,33,30,3,114,2,0
18593,1000000US170313018033004,102,2,1,4,1,1,100,2,0,100,100,5,47,40,7,151,1,1
18594,1000000US170313018033005,87,5,3,0,0,0,82,5,0,82,82,0,37,34,3,122,0,3
18595,1000000US170313018033006,52,3,1,1,0,0,49,3,0,49,49,1,29,22,7,78,0,1
18596,1000000US170313018033007,74,2,4,3,1,0,67,7,0,67,72,2,27,25,2,101,3,0
18597,1000000US170313102001000,79,21,2,3,4,0,52,27,0,52,58,1,40,33,7,91,3,0
18598,1000000US170313102001001,115,37,9,7,1,0,70,45,0,70,78,4,56,52,4,153,6,3
18599,1000000US170313102001002,0,0,0,0,0,0,0,0,0,0,0,0,0,0,0,0,0,0
18600,1000000US170313102001003,0,0,0,0,0,0,0,0,0,0,0,0,0,0,0,0,0,0
18601,1000000US170313102001004,0,0,0,0,0,0,0,0,0,0,0,0,0,0,0,0,0,0
18602,1000000US170313102001005,0,0,0,0,0,0,0,0,0,0,0,0,0,0,0,0,0,0
18603,1000000US170313102001006,0,0,0,0,0,0,0,0,0,0,0,0,0,0,0,0,0,0
18604,1000000US170313102001007,43,10,0,0,0,0,33,10,0,33,33,1,23,20,3,51,0,0
18605,1000000US170313102001008,56,10,5,0,0,0,42,14,0,42,46,0,38,28,10,80,0,1
18606,1000000US170313102001009,41,15,3,0,0,0,23,18,0,23,26,0,21,20,1,54,0,0
18607,1000000US170313102001010,16,11,0,0,1,0,4,12,0,4,5,1,14,10,4,16,0,0
18608,1000000US170313102001011,21,4,2,0,3,0,13,8,0,13,17,1,11,11,0,23,0,1
18609,1000000US170313102001012,42,18,5,0,3,0,16,26,0,16,24,0,26,23,3,49,0,0
18610,1000000US170313102001013,0,0,0,0,0,0,0,0,0,0,0,0,0,0,0,0,0,0
18611,1000000US170313102001014,0,0,0,0,0,0,0,0,0,0,0,0,0,0,0,0,0,0
18612,1000000US170313102001015,3,0,0,0,0,0,3,0,0,3,3,0,4,2,2,6,0,0
18613,1000000US170313102001016,33,19,4,0,4,0,6,27,0,6,14,1,21,20,1,34,0,0
18614,1000000US170313102001017,48,3,2,5,1,0,42,6,0,42,45,3,25,23,2,70,2,0
18615,1000000US170313102001018,17,7,0,1,0,0,10,7,0,10,10,2,11,11,0,23,0,0
18616,1000000US170313102001019,0,0,0,0,0,0,0,0,0,0,0,0,0,0,0,0,0,0
18617,1000000US170313102001020,7,0,7,0,0,0,0,7,0,0,7,0,0,0,0,8,0,0
18618,1000000US170313102001021,3,1,0,0,0,0,2,1,0,2,2,0,2,2,0,3,0,0
18619,1000000US170313102001022,10,3,0,0,0,0,7,3,0,7,7,0,14,8,6,13,0,0
18620,1000000US170313102001023,0,0,0,0,0,0,0,0,0,0,0,0,0,0,0,0,0,0
18621,1000000US170313102001024,0,0,0,0,0,0,0,0,0,0,0,0,0,0,0,0,0,0
18622,1000000US170313102001025,0,0,0,0,0,0,0,0,0,0,0,0,0,0,0,0,0,0
18623,1000000US170313102002000,0,0,0,0,0,0,0,0,0,0,0,0,0,0,0,0,0,0
18624,1000000US170313102002001,0,0,0,0,0,0,0,0,0,0,0,0,0,0,0,0,0,0
18625,1000000US170313102002002,48,17,5,3,2,0,23,25,0,23,31,4,34,25,9,59,1,0
18626,1000000US170313102002003,9,1,0,0,1,0,7,2,0,7,8,0,5,5,0,12,0,0
18627,1000000US170313102002004,57,23,7,0,8,0,17,40,0,17,34,1,35,34,1,67,0,0
18628,1000000US170313102002005,7,5,1,0,1,0,0,7,0,0,2,0,5,4,1,7,0,0
18629,1000000US170313102002006,10,3,0,0,0,0,7,3,0,7,7,0,10,6,4,11,0,0
18630,1000000US170313102002007,0,0,0,0,0,0,0,0,0,0,0,0,0,0,0,0,0,0
18631,1000000US170313102002008,0,0,0,0,0,0,0,0,0,0,0,0,0,0,0,0,0,0
18632,1000000US170313102002009,1,0,0,0,0,0,1,0,0,1,1,0,0,0,0,1,0,0
18633,1000000US170313102002010,31,19,0,0,0,0,12,19,0,12,12,0,30,21,9,34,0,0
18634,1000000US170313102002011,36,10,3,2,4,0,18,18,0,18,26,3,23,20,3,42,2,0
18635,1000000US170313102002012,35,9,2,0,2,0,22,13,0,22,26,0,25,22,3,44,0,0
18636,1000000US170313102002013,5,0,0,1,0,0,5,0,0,5,5,1,2,2,0,7,0,0
18637,1000000US170313102002014,17,6,0,0,0,0,11,6,0,11,11,0,11,10,1,21,0,0
18638,1000000US170313102002015,87,40,10,1,3,0,36,51,0,36,47,3,35,31,4,100,0,1
18639,1000000US170313102002016,15,12,2,1,0,0,1,14,0,1,3,2,16,11,5,15,0,0
18640,1000000US170313102002017,19,7,2,1,0,0,9,10,0,9,12,1,8,8,0,19,0,0
18641,1000000US170313102002018,0,0,0,0,0,0,0,0,0,0,0,0,0,0,0,0,0,0
18642,1000000US170313102002019,17,7,2,0,0,0,8,9,0,8,10,0,11,8,3,18,0,0
18643,1000000US170313102002020,3,2,0,0,1,0,0,3,0,0,1,0,3,2,1,3,0,0
18644,1000000US170313102002021,10,9,1,0,0,0,0,10,0,0,1,0,7,6,1,10,0,0
18645,1000000US170313102002022,22,4,0,0,0,0,17,5,0,17,18,0,12,10,2,27,0,0
18646,1000000US170313102002023,17,11,2,0,1,0,3,14,0,3,6,0,17,13,4,17,0,0
18647,1000000US170313102002024,2,2,0,0,0,0,0,2,0,0,0,0,2,2,0,2,0,0
18648,1000000US170313102002025,63,19,2,0,0,0,42,21,0,42,44,0,38,32,6,71,0,0
18649,1000000US170313102002026,0,0,0,0,0,0,0,0,0,0,0,0,0,0,0,0,0,0
18650,1000000US170313102002027,10,3,0,0,2,0,5,5,0,5,7,1,6,6,0,18,0,0
18651,1000000US170313102002028,6,4,1,0,0,0,1,5,0,1,2,0,5,5,0,6,0,0
18652,1000000US170313102002029,22,8,0,1,3,0,10,12,0,10,14,0,13,13,0,25,1,0
18653,1000000US170313102002030,13,0,0,0,0,0,13,0,0,13,13,0,9,8,1,17,0,0
18654,1000000US170313102002031,9,7,0,0,0,0,2,7,0,2,2,0,6,5,1,9,0,0
18655,1000000US170313103001000,158,75,11,1,18,0,52,106,0,52,83,8,87,80,7,186,1,0
18656,1000000US170313103001001,41,7,4,4,1,1,29,12,0,29,34,6,15,14,1,57,3,0
18657,1000000US170313103001002,1,0,0,0,0,0,1,0,0,1,1,0,1,1,0,1,0,0
18658,1000000US170313103001003,14,2,0,0,0,0,12,2,0,12,12,0,10,9,1,17,0,0
18659,1000000US170313103001004,70,9,2,0,6,0,60,10,0,60,61,2,39,32,7,99,0,1
18660,1000000US170313103001005,28,25,3,0,0,0,0,28,0,0,3,2,35,20,15,28,0,0
18661,1000000US170313103001006,0,0,0,0,0,0,0,0,0,0,0,0,0,0,0,0,0,0
18662,1000000US170313103001007,37,20,2,2,1,0,14,23,0,14,17,1,27,19,8,46,2,1
18663,1000000US170313103001008,35,15,0,0,2,0,18,17,0,18,20,3,18,16,2,43,0,0
18664,1000000US170313103001009,10,2,0,0,0,0,8,2,0,8,8,0,4,3,1,12,0,0
18665,1000000US170313103001010,0,0,0,0,0,0,0,0,0,0,0,0,0,0,0,0,0,0
18666,1000000US170313103001011,52,8,0,11,1,0,42,10,0,42,44,2,26,22,4,60,10,0
18667,1000000US170313103001012,42,1,3,4,0,0,38,4,0,38,41,0,22,17,5,61,4,0
18668,1000000US170313103001013,33,2,4,0,1,0,26,7,0,26,31,1,16,15,1,39,0,0
18669,1000000US170313103001014,36,13,0,0,2,0,21,15,0,21,23,1,20,19,1,47,0,0
18670,1000000US170313103001015,14,1,1,0,0,0,12,2,0,12,13,0,7,6,1,20,0,0
18671,1000000US170313103001016,57,24,0,2,1,0,32,25,0,32,33,0,35,28,7,63,2,0
18672,1000000US170313103001017,15,8,2,1,1,2,5,10,0,5,7,2,11,8,3,15,0,1
18673,1000000US170313103001018,69,13,5,0,4,0,54,15,0,54,56,12,33,31,2,107,0,3
18674,1000000US170313103001019,43,11,4,1,2,0,26,17,0,26,32,0,29,23,6,65,1,0
18675,1000000US170313103001020,30,9,0,1,0,0,21,9,0,21,21,0,18,18,0,37,1,0
18676,1000000US170313103001021,13,7,1,0,0,0,5,8,0,5,6,0,6,6,0,15,0,0
18677,1000000US170313103001022,3,3,0,0,0,0,0,3,0,0,0,0,1,1,0,3,0,0
18678,1000000US170313103001023,20,17,0,0,2,0,1,19,0,1,3,0,19,17,2,20,0,0
18679,1000000US170313103001024,0,0,0,0,0,0,0,0,0,0,0,0,0,0,0,0,0,0
18680,1000000US170313103001025,42,23,0,1,2,0,17,25,0,17,19,0,26,22,4,48,1,0
18681,1000000US170313103001026,37,8,0,0,4,0,25,12,0,25,29,2,18,16,2,48,0,0
18682,1000000US170313103001027,8,0,0,1,1,0,8,0,0,8,8,1,6,6,0,17,1,0
18683,1000000US170313103001028,51,7,0,0,0,0,44,7,0,44,44,0,26,23,3,78,0,0
18684,1000000US170313103001029,65,12,4,2,0,0,49,16,0,49,53,2,31,29,2,77,1,0
18685,1000000US170313103001030,20,13,1,0,1,0,5,15,0,5,7,1,11,11,0,22,0,0
18686,1000000US170313103001031,41,18,2,0,6,0,15,26,0,15,23,0,25,25,0,45,0,0
18687,1000000US170313103001032,135,6,9,2,0,0,120,15,0,120,129,3,72,66,6,209,2,0
18688,1000000US170313103001033,49,19,0,0,1,0,29,20,0,29,30,5,24,19,5,55,0,0
18689,1000000US170313103001034,0,0,0,0,0,0,0,0,0,0,0,0,0,0,0,0,0,0
18690,1000000US170313103001035,22,5,0,0,0,2,17,5,0,17,17,1,13,12,1,32,0,0
18691,1000000US170313103001036,4,3,0,0,0,0,1,3,0,1,1,0,3,2,1,6,0,0
18692,1000000US170313103001037,0,0,0,0,0,0,0,0,0,0,0,0,0,0,0,0,0,0
18693,1000000US170313103001038,0,0,0,0,0,0,0,0,0,0,0,0,0,0,0,0,0,0
18694,1000000US170313103001039,0,0,0,0,0,0,0,0,0,0,0,0,0,0,0,0,0,0
18695,1000000US170313103001040,13,7,0,0,0,0,6,7,0,6,6,2,14,7,7,15,0,0
18696,1000000US170313103001041,3,0,3,0,0,0,0,3,0,0,3,0,1,1,0,4,0,0
18697,1000000US170313103001042,0,0,0,0,0,0,0,0,0,0,0,0,0,0,0,0,0,0
18698,1000000US170313103001043,0,0,0,0,0,0,0,0,0,0,0,0,0,0,0,0,0,0
18699,1000000US170313103001044,0,0,0,0,0,0,0,0,0,0,0,0,0,0,0,0,0,0
18700,1000000US170313103001045,0,0,0,0,0,0,0,0,0,0,0,0,0,0,0,0,0,0
18701,1000000US170313103001046,0,0,0,0,0,0,0,0,0,0,0,0,0,0,0,0,0,0
18702,1000000US170313104001000,128,34,8,1,6,0,82,46,0,82,94,3,80,73,7,151,1,1
18703,1000000US170313104001001,74,32,1,3,4,0,36,38,0,36,42,4,47,36,11,84,1,0
18704,1000000US170313104001002,0,0,0,0,0,0,0,0,0,0,0,0,0,0,0,0,0,0
18705,1000000US170313104001003,120,43,22,1,7,0,53,67,0,53,77,6,81,74,7,142,1,5
18706,1000000US170313104001004,38,3,0,4,0,0,35,3,0,35,35,1,22,19,3,46,4,0
18707,1000000US170313104001005,38,10,0,0,2,0,26,12,0,26,28,0,22,21,1,50,0,0
18708,1000000US170313104001006,43,16,1,1,0,0,26,17,0,26,27,0,19,17,2,63,1,0
18709,1000000US170313104001007,36,9,2,2,0,0,25,11,0,25,27,2,20,20,0,47,0,0
18710,1000000US170313104001008,26,7,7,0,1,1,12,14,0,12,19,1,20,13,7,31,0,0
18711,1000000US170313104001009,44,11,0,0,1,0,32,12,0,32,33,0,26,25,1,59,0,0
18712,1000000US170313104001010,18,2,1,1,0,0,16,2,0,16,16,1,10,9,1,29,0,1
18713,1000000US170313104001011,41,6,1,0,0,0,34,7,0,34,35,0,21,19,2,56,0,0
18714,1000000US170313104001012,26,4,8,2,2,0,10,16,0,10,22,0,18,15,3,37,2,0
18715,1000000US170313104001013,60,11,8,0,0,0,41,19,0,41,49,0,32,28,4,72,0,0
18716,1000000US170313104001014,61,6,6,3,0,0,49,12,0,49,55,8,39,36,3,99,3,0
18717,1000000US170313104001015,24,0,1,1,4,0,20,4,0,20,24,3,12,11,1,36,0,1
18718,1000000US170313104001016,42,4,1,3,2,0,35,7,0,35,38,6,17,17,0,73,0,0
18719,1000000US170313104001017,83,9,2,5,5,0,70,13,0,70,74,6,51,42,9,115,3,2
18720,1000000US170313104001018,54,9,3,2,0,0,45,9,0,45,45,0,37,31,6,86,2,3
18721,1000000US170313104001019,42,4,0,1,2,0,36,6,0,36,38,5,20,20,0,54,0,0
18722,1000000US170313104001020,2,0,0,0,0,0,2,0,0,2,2,0,1,1,0,2,0,0
18723,1000000US170313104001021,0,0,0,0,0,0,0,0,0,0,0,0,0,0,0,0,0,0
18724,1000000US170313105001000,78,16,2,0,0,0,60,18,0,60,62,3,42,39,3,111,0,0
18725,1000000US170313105001001,48,1,1,2,0,0,46,2,0,46,47,1,19,18,1,65,2,0
18726,1000000US170313105001002,54,11,2,0,1,0,40,14,0,40,43,0,33,25,8,72,0,0
18727,1000000US170313105001003,103,11,5,0,2,0,90,13,0,90,92,5,59,51,8,143,0,3
18728,1000000US170313105001004,19,3,1,0,0,0,15,4,0,15,16,0,9,9,0,23,0,0
18729,1000000US170313105001005,95,8,1,0,1,1,85,10,0,85,87,4,46,42,4,121,0,0
18730,1000000US170313105001006,28,4,2,0,0,0,22,6,0,22,24,0,22,14,8,44,0,0
18731,1000000US170313105001007,17,0,0,0,0,0,17,0,0,17,17,1,6,6,0,22,0,0
18732,1000000US170313105001008,65,2,4,0,1,0,61,4,0,61,63,4,29,26,3,79,0,3
18733,1000000US170313105001009,35,9,0,2,2,1,24,11,0,24,26,1,23,17,6,44,2,0
18734,1000000US170313105001010,28,6,2,0,1,0,20,8,0,20,22,3,23,15,8,38,0,0
18735,1000000US170313105001011,62,3,6,3,0,0,55,7,0,55,59,3,33,25,8,94,3,2
18736,1000000US170313105001012,23,7,0,1,0,0,16,7,0,16,16,0,18,16,2,28,1,0
18737,1000000US170313105001013,30,5,2,1,0,0,23,7,0,23,25,0,22,15,7,37,1,0
18738,1000000US170313105001014,75,7,1,6,1,0,67,8,0,67,68,4,34,29,5,114,5,0
18739,1000000US170313105001015,62,5,0,0,0,0,57,5,0,57,57,0,25,23,2,79,0,0
18740,1000000US170313105001016,49,3,0,0,4,0,42,7,0,42,46,5,23,20,3,69,0,0
18741,1000000US170313105001017,6,0,3,1,0,0,3,3,0,3,6,0,0,0,0,6,1,0
18742,1000000US170313105001018,42,3,0,0,0,0,39,3,0,39,39,6,24,18,6,56,0,0
18743,1000000US170313105001019,65,6,2,0,0,0,57,8,0,57,59,0,30,29,1,76,0,0
18744,1000000US170313105001020,21,2,0,0,0,0,19,2,0,19,19,0,7,7,0,30,0,0
18745,1000000US170313105001021,29,6,0,2,1,0,21,8,0,21,23,2,17,16,1,37,2,0
18746,1000000US170313105001022,49,6,0,0,0,0,43,6,0,43,43,2,28,23,5,66,0,0
18747,1000000US170313105001023,42,1,2,1,3,0,36,6,0,36,41,1,22,20,2,64,0,0
18748,1000000US170313105001024,15,5,0,0,0,0,10,5,0,10,10,0,7,7,0,25,0,0
18749,1000000US170313105001025,0,0,0,0,0,0,0,0,0,0,0,0,0,0,0,0,0,0
18750,1000000US170313105001026,30,8,0,0,0,0,22,8,0,22,22,2,26,20,6,44,0,0
18751,1000000US170313105001027,0,0,0,0,0,0,0,0,0,0,0,0,0,0,0,0,0,0
18752,1000000US170313105001028,16,0,0,0,0,0,16,0,0,16,16,0,5,5,0,24,0,0
18753,1000000US170313105001029,0,0,0,0,0,0,0,0,0,0,0,0,0,0,0,0,0,0
18754,1000000US170313105001030,46,5,7,3,0,0,34,12,0,34,41,0,18,18,0,64,3,0
18755,1000000US170313105001031,15,0,0,0,0,0,15,0,0,15,15,0,6,6,0,25,0,0
18756,1000000US170313105001032,0,0,0,0,0,0,0,0,0,0,0,0,0,0,0,0,0,0
18757,1000000US170313106001000,34,1,2,5,0,0,32,2,0,32,33,2,13,13,0,44,5,1
18758,1000000US170313106001001,319,44,128,6,5,0,142,177,0,142,275,5,272,239,33,355,5,2
18759,1000000US170313106001002,44,5,3,0,1,0,36,8,0,36,39,2,20,19,1,60,0,0
18760,1000000US170313106001003,35,13,0,0,2,0,20,15,0,20,22,0,10,10,0,45,0,0
18761,1000000US170313106001004,149,36,1,0,3,0,110,39,0,110,113,2,74,62,12,180,0,0
18762,1000000US170313106001005,124,16,6,2,0,0,103,21,0,103,108,3,76,60,16,162,1,1
18763,1000000US170313106001006,35,14,1,0,0,0,20,15,0,20,21,0,21,17,4,39,0,0
18764,1000000US170313106001007,0,0,0,0,0,0,0,0,0,0,0,0,0,0,0,0,0,0
18765,1000000US170313106001008,74,8,7,0,3,0,56,18,0,56,66,0,40,38,2,89,0,0
18766,1000000US170313106001009,20,2,0,1,1,0,16,4,0,16,18,3,11,9,2,21,0,0
18767,1000000US170313106001010,28,7,6,1,2,0,12,16,0,12,21,1,14,14,0,37,0,0
18768,1000000US170313106001011,53,5,0,0,0,0,48,5,0,48,48,0,25,25,0,78,0,0
18769,1000000US170313106001012,27,3,3,0,0,0,21,6,0,21,24,0,19,15,4,43,0,0
18770,1000000US170313106001013,21,13,2,0,0,0,6,15,0,6,8,2,11,10,1,23,0,0
18771,1000000US170313106001014,108,22,4,7,1,0,83,25,0,83,86,7,56,46,10,148,2,3
18772,1000000US170313106001015,59,2,12,1,0,0,51,8,0,51,57,1,34,24,10,83,1,6
18773,1000000US170313106001016,90,13,2,0,7,0,69,21,0,69,77,1,49,44,5,117,0,1
18774,1000000US170313106001017,39,14,4,0,9,0,12,27,0,12,25,0,21,21,0,47,0,0
18775,1000000US170313106001018,100,14,10,0,4,2,77,23,0,77,86,5,40,39,1,128,0,3
18776,1000000US170313106001019,0,0,0,0,0,0,0,0,0,0,0,0,0,0,0,0,0,0
18777,1000000US170313106001020,86,35,10,2,0,0,42,44,0,42,51,2,49,47,2,100,1,1
18778,1000000US170313106001021,126,26,14,7,5,0,81,45,0,81,100,6,72,65,7,156,6,1
18779,1000000US170313106001022,141,11,4,0,0,0,128,13,0,128,130,3,59,59,0,195,0,2
18780,1000000US170313106002000,115,18,9,1,2,0,89,26,0,89,97,6,61,55,6,153,0,3
18781,1000000US170313106002001,168,50,11,3,9,0,103,65,0,103,118,7,89,82,7,219,3,2
18782,1000000US170313106002002,146,18,0,0,2,1,126,20,0,126,128,1,82,66,16,182,0,0
18783,1000000US170313106002003,69,7,1,6,3,0,57,12,0,57,62,2,41,30,11,96,6,0
18784,1000000US170313106002004,48,11,5,0,1,0,32,16,0,32,37,2,37,23,14,69,0,0
18785,1000000US170313106002005,68,12,2,0,2,1,51,17,0,51,56,0,40,36,4,86,0,0
18786,1000000US170313106002006,0,0,0,0,0,0,0,0,0,0,0,0,0,0,0,0,0,0
18787,1000000US170313106002007,0,0,0,0,0,0,0,0,0,0,0,0,1,0,1,0,0,0
18788,1000000US170313106002008,168,27,14,1,2,0,134,34,0,134,141,5,81,63,18,218,1,8
18789,1000000US170313106002009,11,0,0,0,0,0,11,0,0,11,11,0,7,6,1,15,0,0
18790,1000000US170313106002010,0,0,0,0,0,0,0,0,0,0,0,0,0,0,0,0,0,0
18791,1000000US170313106002011,2,0,0,0,0,0,2,0,0,2,2,0,2,2,0,2,0,0
18792,1000000US170313106002012,25,4,1,0,0,0,20,5,0,20,21,0,12,11,1,30,0,0
18793,1000000US170313106002013,83,6,0,2,0,0,77,6,0,77,77,0,41,38,3,106,2,0
18794,1000000US170313106002014,62,9,0,0,0,0,53,9,0,53,53,0,41,33,8,93,0,0
18795,1000000US170313106002015,15,4,0,0,0,0,11,4,0,11,11,0,6,6,0,16,0,0
18796,1000000US170313106002016,121,24,6,2,0,0,83,38,0,83,97,3,70,63,7,153,0,1
18797,1000000US170313106002017,76,15,1,0,1,0,59,17,0,59,61,1,39,36,3,109,0,0
18798,1000000US170313106002018,62,17,13,0,6,0,29,33,0,29,45,2,16,16,0,64,0,3
18799,1000000US170313106002019,103,22,2,2,2,0,77,26,0,77,81,5,58,48,10,132,0,0
18800,1000000US170313106003000,179,12,13,2,5,0,146,33,0,146,167,6,107,100,7,256,1,0
18801,1000000US170313106003001,132,36,3,5,2,0,90,42,0,90,96,9,80,72,8,166,2,0
18802,1000000US170313106003002,34,4,3,3,0,0,26,8,0,26,30,3,23,18,5,39,0,0
18803,1000000US170313106003003,96,23,8,1,1,0,64,32,0,64,73,2,60,55,5,123,0,0
18804,1000000US170313106003004,94,10,6,5,0,0,77,17,0,77,84,1,54,49,5,132,5,2
18805,1000000US170313106003005,44,2,0,1,1,0,41,3,0,41,42,3,34,22,12,77,0,0
18806,1000000US170313106003006,69,9,0,3,0,0,58,11,0,58,60,3,34,31,3,102,2,0
18807,1000000US170313106003007,45,19,2,0,0,0,26,19,0,26,26,0,24,23,1,57,0,2
18808,1000000US170313106003008,35,6,1,3,0,0,29,6,0,29,29,2,21,18,3,55,3,1
18809,1000000US170313106003009,12,0,1,0,0,0,11,1,0,11,12,0,5,5,0,21,0,0
18810,1000000US170313106003010,3,0,2,0,0,0,1,2,0,1,3,0,4,3,1,5,0,0
18811,1000000US170313106003011,36,3,0,0,0,0,33,3,0,33,33,0,21,17,4,55,0,0
18812,1000000US170313106003012,38,5,5,2,2,0,29,9,0,29,33,0,31,23,8,51,2,3
18813,1000000US170313106003013,99,15,3,1,5,0,76,23,0,76,84,2,49,47,2,149,1,0
18814,1000000US170313106003014,191,16,26,6,2,0,152,39,0,152,175,2,26,25,1,221,6,6
18815,1000000US170313106003015,108,37,11,2,2,0,57,51,0,57,71,4,60,57,3,125,0,0
18816,1000000US170313106003016,0,0,0,0,0,0,0,0,0,0,0,0,0,0,0,0,0,0
18817,1000000US170313106003017,74,2,2,2,2,0,69,5,0,69,72,8,34,30,4,114,2,1
18818,1000000US170313106003018,0,0,0,0,0,0,0,0,0,0,0,0,0,0,0,0,0,0
18819,1000000US170313106003019,46,5,2,1,0,0,41,5,0,41,41,3,26,18,8,67,0,2
18820,1000000US170313106003020,115,12,9,1,6,0,89,26,0,89,103,4,59,52,7,160,0,1
18821,1000000US170313106003021,0,0,0,0,0,0,0,0,0,0,0,0,0,0,0,0,0,0
18822,1000000US170313106003022,0,0,0,0,0,0,0,0,0,0,0,0,0,0,0,0,0,0
18823,1000000US170313106003023,0,0,0,0,0,0,0,0,0,0,0,0,0,0,0,0,0,0
18824,1000000US170313107001000,0,0,0,0,0,0,0,0,0,0,0,0,0,0,0,0,0,0
18825,1000000US170313107001001,107,3,5,3,4,2,99,8,0,99,104,5,60,52,8,150,1,2
18826,1000000US170313107001002,108,10,2,4,4,0,92,16,0,92,98,2,54,52,2,162,4,0
18827,1000000US170313107001003,0,0,0,0,0,0,0,0,0,0,0,0,0,0,0,0,0,0
18828,1000000US170313107001004,68,2,0,2,0,0,66,2,0,66,66,2,35,31,4,96,2,0
18829,1000000US170313107001005,65,13,2,2,0,0,50,15,0,50,52,0,46,36,10,86,2,0
18830,1000000US170313107001006,42,10,1,0,1,0,30,12,0,30,32,1,34,23,11,57,0,0
18831,1000000US170313107001007,35,4,0,0,0,0,31,4,0,31,31,0,15,13,2,44,0,0
18832,1000000US170313107001008,79,0,1,4,0,2,79,0,0,79,79,0,51,32,19,133,4,1
18833,1000000US170313107001009,0,0,0,0,0,0,0,0,0,0,0,0,0,0,0,0,0,0
18834,1000000US170313107001010,33,0,0,2,0,0,33,0,0,33,33,0,17,14,3,57,2,0
18835,1000000US170313107001011,107,13,4,1,2,0,93,14,0,93,94,13,59,58,1,141,1,4
18836,1000000US170313107001012,67,38,1,1,3,0,24,43,0,24,29,1,39,36,3,78,1,0
18837,1000000US170313107001013,31,29,1,0,1,0,0,31,0,0,2,0,0,0,0,31,0,0
18838,1000000US170313107001014,131,11,3,0,0,0,119,12,0,119,120,4,76,62,14,187,0,2
18839,1000000US170313107001015,131,8,0,1,6,0,116,15,0,116,123,6,54,53,1,186,1,0
18840,1000000US170313107001016,45,19,0,0,3,0,23,22,0,23,26,0,21,18,3,47,0,0
18841,1000000US170313107001017,21,6,0,0,0,0,15,6,0,15,15,0,16,11,5,25,0,0
18842,1000000US170313107001018,72,23,9,3,1,0,42,30,0,42,49,3,65,64,1,78,1,2
18843,1000000US170313107001019,11,6,0,0,0,0,5,6,0,5,5,0,5,5,0,13,0,0
18844,1000000US170313107001020,0,0,0,0,0,0,0,0,0,0,0,0,0,0,0,0,0,0
18845,1000000US170313107001021,17,3,1,0,0,0,14,3,0,14,14,0,13,8,5,18,0,1
18846,1000000US170313107001022,85,1,3,10,0,0,80,5,0,80,84,12,53,34,19,103,10,0
18847,1000000US170313108001000,33,10,6,2,0,0,19,14,0,19,23,2,18,17,1,48,0,2
18848,1000000US170313108001001,42,7,0,0,1,0,34,8,0,34,35,0,18,17,1,51,0,0
18849,1000000US170313108001002,68,6,5,2,1,0,60,8,0,60,62,7,29,27,2,91,2,3
18850,1000000US170313108001003,25,0,2,1,0,0,25,0,0,25,25,3,15,13,2,39,1,2
18851,1000000US170313108001004,141,27,3,0,3,0,110,31,0,110,114,5,79,66,13,187,0,2
18852,1000000US170313108001005,136,28,3,5,2,0,103,33,0,103,108,0,79,69,10,187,5,0
18853,1000000US170313108001006,116,25,6,5,5,0,81,35,0,81,91,4,61,55,6,172,5,1
18854,1000000US170313108001007,18,1,0,0,0,0,17,1,0,17,17,0,11,9,2,23,0,0
18855,1000000US170313108001008,9,1,2,0,0,0,6,3,0,6,8,0,8,6,2,19,0,0
18856,1000000US170313108001009,76,4,2,7,1,0,69,7,0,69,72,10,36,33,3,97,7,0
18857,1000000US170313108001010,110,15,6,5,6,0,87,23,0,87,95,4,50,44,6,134,5,5
18858,1000000US170313108002000,55,13,4,4,0,0,38,17,0,38,42,2,26,23,3,66,4,0
18859,1000000US170313108002001,82,11,5,1,0,0,68,14,0,68,71,3,43,41,2,128,0,2
18860,1000000US170313108002002,53,5,2,6,0,0,44,9,0,44,48,1,30,25,5,68,5,0
18861,1000000US170313108002003,75,8,2,0,2,0,63,12,0,63,67,0,38,35,3,104,0,0
18862,1000000US170313108002004,113,2,1,7,0,0,109,4,0,109,111,4,56,50,6,180,6,0
18863,1000000US170313108002005,0,0,0,0,0,0,0,0,0,0,0,0,0,0,0,0,0,0
18864,1000000US170313108002006,51,9,1,1,4,0,37,14,0,37,42,0,33,25,8,56,1,0
18865,1000000US170313108002007,158,22,1,3,2,0,131,27,0,131,136,3,91,75,16,246,3,0
18866,1000000US170313108002008,188,29,16,9,1,0,141,47,0,141,159,10,86,77,9,269,8,1
18867,1000000US170313108003000,10,3,0,0,0,0,7,3,0,7,7,0,4,4,0,13,0,0
18868,1000000US170313108003001,125,14,11,0,0,0,105,20,0,105,111,0,75,60,15,179,0,5
18869,1000000US170313108003002,143,6,4,2,1,1,132,11,0,132,137,8,57,53,4,202,2,1
18870,1000000US170313108003003,91,9,3,0,0,0,79,12,0,79,82,1,42,39,3,124,0,0
18871,1000000US170313108003004,112,18,3,1,0,0,93,19,0,93,94,2,51,46,5,135,1,2
18872,1000000US170313108003005,42,3,1,0,0,0,38,4,0,38,39,1,22,18,4,61,0,0
18873,1000000US170313108003006,111,4,1,4,0,0,107,4,0,107,107,1,61,56,5,179,3,1
18874,1000000US170313108003007,30,4,3,0,0,0,26,4,0,26,26,2,21,14,7,48,0,3
18875,1000000US170313108003008,82,10,2,1,0,0,71,11,0,71,72,1,44,34,10,122,0,1
18876,1000000US170313108003009,135,14,0,1,0,0,121,14,0,121,121,1,66,57,9,203,1,0
18877,1000000US170313108003010,60,8,0,0,1,0,52,8,0,52,52,1,45,25,20,76,0,0
18878,1000000US170313108003011,100,4,1,0,0,0,96,4,0,96,96,1,54,41,13,143,0,1
18879,1000000US170313108003012,82,5,2,0,2,0,75,7,0,75,77,2,41,36,5,120,0,0
18880,1000000US170313108003013,104,14,0,1,2,0,89,15,0,89,90,2,47,43,4,136,1,0
18881,1000000US170313108003014,90,13,1,1,0,0,76,14,0,76,77,3,48,42,6,125,0,0
18882,1000000US170313108003015,112,15,0,0,0,0,97,15,0,97,97,0,46,43,3,161,0,0
18883,1000000US170313108003016,109,5,1,0,0,0,104,5,0,104,104,3,53,45,8,172,0,1
18884,1000000US170313108003017,118,10,2,0,4,0,103,15,0,103,108,10,57,54,3,152,0,1
18885,1000000US170313109001000,0,0,0,0,0,0,0,0,0,0,0,0,0,0,0,0,0,0
18886,1000000US170313109001001,0,0,0,0,0,0,0,0,0,0,0,0,0,0,0,0,0,0
18887,1000000US170313109001002,0,0,0,0,0,0,0,0,0,0,0,0,0,0,0,0,0,0
18888,1000000US170313109001003,23,14,0,0,0,0,9,14,0,9,9,0,12,12,0,30,0,0
18889,1000000US170313109001004,71,7,2,1,0,0,64,7,0,64,64,0,32,30,2,104,1,2
18890,1000000US170313109001005,148,20,7,5,2,0,119,29,0,119,128,0,73,68,5,206,5,1
18891,1000000US170313109001006,156,29,4,1,3,0,119,37,0,119,127,0,78,73,5,215,1,0
18892,1000000US170313109001007,154,30,3,0,5,0,117,37,0,117,124,6,90,75,15,223,0,1
18893,1000000US170313109001008,0,0,0,0,0,0,0,0,0,0,0,0,0,0,0,0,0,0
18894,1000000US170313109001009,0,0,0,0,0,0,0,0,0,0,0,0,0,0,0,0,0,0
18895,1000000US170313109001010,25,5,1,0,1,0,18,7,0,18,20,0,15,14,1,30,0,0
18896,1000000US170313109001011,89,21,0,0,0,0,67,22,0,67,68,3,56,48,8,122,0,0
18897,1000000US170313109001012,104,16,8,2,1,0,81,23,0,81,88,6,68,56,12,153,2,2
18898,1000000US170313109001013,54,6,1,0,2,0,45,9,0,45,48,1,25,21,4,86,0,0
18899,1000000US170313109001014,87,7,3,6,2,0,78,9,0,78,80,4,37,34,3,134,6,1
18900,1000000US170313109001015,120,19,1,2,4,0,97,23,0,97,101,5,65,61,4,174,1,1
18901,1000000US170313109001016,111,0,2,1,0,0,111,0,0,111,111,2,47,40,7,165,1,2
18902,1000000US170313109001017,66,10,4,1,0,0,55,11,0,55,56,3,33,28,5,96,0,3
18903,1000000US170313109002000,138,10,1,1,0,0,128,10,0,128,128,2,62,60,2,194,1,1
18904,1000000US170313109002001,75,8,2,3,2,0,61,14,0,61,67,1,44,35,9,99,3,0
18905,1000000US170313109002002,117,20,1,7,0,0,96,21,0,96,97,3,57,53,4,186,4,0
18906,1000000US170313109002003,113,13,0,0,1,0,100,13,0,100,100,0,58,53,5,175,0,0
18907,1000000US170313109002004,138,15,13,4,3,0,104,34,0,104,123,8,70,63,7,189,2,0
18908,1000000US170313109002005,125,8,2,0,1,0,114,11,0,114,117,2,62,57,5,189,0,0
18909,1000000US170313109002006,141,16,3,2,2,0,121,20,0,121,125,5,73,70,3,208,2,1
18910,1000000US170313109002007,58,7,4,0,1,0,50,8,0,50,51,0,25,24,1,84,0,4
18911,1000000US170313109002008,74,17,2,2,0,0,53,21,0,53,57,0,44,37,7,94,2,0
18912,1000000US170313109002009,98,15,4,2,6,1,74,24,0,74,83,4,54,51,3,139,2,0
18913,1000000US170313109003000,0,0,0,0,0,0,0,0,0,0,0,0,0,0,0,0,0,0
18914,1000000US170313109003001,0,0,0,0,0,0,0,0,0,0,0,0,0,0,0,0,0,0
18915,1000000US170313109003002,84,4,1,1,1,0,78,6,0,78,80,7,41,35,6,118,0,0
18916,1000000US170313109003003,108,4,0,2,0,0,104,4,0,104,104,3,49,41,8,146,2,0
18917,1000000US170313109003004,54,13,4,1,0,0,38,16,0,38,41,5,31,29,2,66,0,1
18918,1000000US170313109003005,114,4,1,1,0,1,110,4,0,110,110,6,53,44,9,176,1,1
18919,1000000US170313109003006,119,6,2,2,1,0,110,9,0,110,113,3,62,56,6,179,1,0
18920,1000000US170313109003007,118,23,7,0,0,0,89,29,0,89,95,0,64,56,8,156,0,1
18921,1000000US170313109003008,154,12,0,8,1,0,141,13,0,141,142,7,86,68,18,224,8,0
18922,1000000US170313109003009,121,15,1,2,5,0,101,20,0,101,106,3,57,48,9,164,2,0
18923,1000000US170313109003010,86,13,1,0,2,0,71,15,0,71,73,4,47,40,7,123,0,0
18924,1000000US170313109003011,144,32,7,2,2,0,105,39,0,105,112,6,80,64,16,171,2,2
18925,1000000US170313109003012,88,19,1,0,4,0,64,24,0,64,69,2,49,42,7,114,0,0
18926,1000000US170313109003013,143,7,1,0,1,0,134,9,0,134,136,4,73,63,10,191,0,0
18927,1000000US170313201001000,0,0,0,0,0,0,0,0,0,0,0,0,0,0,0,0,0,0
18928,1000000US170313201001001,0,0,0,0,0,0,0,0,0,0,0,0,0,0,0,0,0,0
18929,1000000US170313201001002,0,0,0,0,0,0,0,0,0,0,0,0,0,0,0,0,0,0
18930,1000000US170313201001003,0,0,0,0,0,0,0,0,0,0,0,0,0,0,0,0,0,0
18931,1000000US170313201001004,0,0,0,0,0,0,0,0,0,0,0,0,0,0,0,0,0,0
18932,1000000US170313201001005,787,613,23,5,122,0,27,760,0,27,174,14,629,480,149,859,4,1
18933,1000000US170313201001006,0,0,0,0,0,0,0,0,0,0,0,0,0,0,0,0,0,0
18934,1000000US170313201001007,0,0,0,0,0,0,0,0,0,0,0,0,0,0,0,0,0,0
18935,1000000US170313201001008,0,0,0,0,0,0,0,0,0,0,0,0,0,0,0,0,0,0
18936,1000000US170313201001009,1075,757,104,17,162,1,44,1031,0,44,318,22,915,779,136,1153,9,2
18937,1000000US170313201001010,0,0,0,0,0,0,0,0,0,0,0,0,0,0,0,0,0,0
18938,1000000US170313201001011,0,0,0,0,0,0,0,0,0,0,0,0,0,0,0,0,0,0
18939,1000000US170313201001012,0,0,0,0,0,0,0,0,0,0,0,0,0,0,0,0,0,0
18940,1000000US170313201001013,2,1,0,0,1,0,0,2,0,0,1,0,2,1,1,2,0,0
18941,1000000US170313201001014,0,0,0,0,0,0,0,0,0,0,0,0,0,0,0,0,0,0
18942,1000000US170313201001015,429,332,12,2,60,2,24,405,0,24,97,9,347,255,92,467,2,1
18943,1000000US170313201001016,3,2,1,0,0,0,0,3,0,0,1,0,0,0,0,3,0,0
18944,1000000US170313201001017,0,0,0,0,0,0,0,0,0,0,0,0,0,0,0,0,0,0
18945,1000000US170313201001018,443,250,98,3,61,0,37,406,0,37,193,14,164,141,23,452,2,5
18946,1000000US170313201001019,0,0,0,0,0,0,0,0,0,0,0,0,0,0,0,0,0,0
18947,1000000US170313201001020,69,53,5,0,7,0,4,65,0,4,16,0,136,45,91,78,0,0
18948,1000000US170313201001021,0,0,0,0,0,0,0,0,0,0,0,0,0,0,0,0,0,0
18949,1000000US170313201001022,3,0,2,0,1,0,0,3,0,0,3,0,0,0,0,4,0,0
18950,1000000US170313201002000,0,0,0,0,0,0,0,0,0,0,0,0,0,0,0,0,0,0
18951,1000000US170313201002001,0,0,0,0,0,0,0,0,0,0,0,0,0,0,0,0,0,0
18952,1000000US170313201002002,0,0,0,0,0,0,0,0,0,0,0,0,0,0,0,0,0,0
18953,1000000US170313201002003,0,0,0,0,0,0,0,0,0,0,0,0,0,0,0,0,0,0
18954,1000000US170313201002004,0,0,0,0,0,0,0,0,0,0,0,0,0,0,0,0,0,0
18955,1000000US170313201002005,0,0,0,0,0,0,0,0,0,0,0,0,0,0,0,0,0,0
18956,1000000US170313201002006,0,0,0,0,0,0,0,0,0,0,0,0,0,0,0,0,0,0
18957,1000000US170313201002007,0,0,0,0,0,0,0,0,0,0,0,0,0,0,0,0,0,0
18958,1000000US170313201002008,0,0,0,0,0,0,0,0,0,0,0,0,0,0,0,0,0,0
18959,1000000US170313201002009,0,0,0,0,0,0,0,0,0,0,0,0,0,0,0,0,0,0
18960,1000000US170313201002010,0,0,0,0,0,0,0,0,0,0,0,0,0,0,0,0,0,0
18961,1000000US170313201002011,0,0,0,0,0,0,0,0,0,0,0,0,0,0,0,0,0,0
18962,1000000US170313201002012,0,0,0,0,0,0,0,0,0,0,0,0,0,0,0,0,0,0
18963,1000000US170313201002013,0,0,0,0,0,0,0,0,0,0,0,0,0,0,0,0,0,0
18964,1000000US170313201002014,0,0,0,0,0,0,0,0,0,0,0,0,0,0,0,0,0,0
18965,1000000US170313201002015,0,0,0,0,0,0,0,0,0,0,0,0,0,0,0,0,0,0
18966,1000000US170313201002016,0,0,0,0,0,0,0,0,0,0,0,0,0,0,0,0,0,0
18967,1000000US170313201002017,567,282,48,6,171,2,64,503,0,64,285,10,505,420,85,583,4,2
18968,1000000US170313201002018,0,0,0,0,0,0,0,0,0,0,0,0,0,0,0,0,0,0
18969,1000000US170313201002019,4,2,1,0,1,0,0,4,0,0,2,1,0,0,0,4,0,0
18970,1000000US170313201002020,0,0,0,0,0,0,0,0,0,0,0,0,0,0,0,0,0,0
18971,1000000US170313201002021,211,141,17,3,26,0,25,186,0,25,70,9,190,147,43,217,1,2
18972,1000000US170313201002022,0,0,0,0,0,0,0,0,0,0,0,0,0,0,0,0,0,0
18973,1000000US170313201002023,0,0,0,0,0,0,0,0,0,0,0,0,0,0,0,0,0,0
18974,1000000US170313201002024,0,0,0,0,0,0,0,0,0,0,0,0,1,0,1,0,0,0
18975,1000000US170313201002025,230,164,3,1,47,0,15,215,0,15,66,5,183,151,32,238,0,0
18976,1000000US170313201002026,0,0,0,0,0,0,0,0,0,0,0,0,0,0,0,0,0,0
18977,1000000US170313201002027,4,3,0,0,0,1,0,4,0,0,1,0,0,0,0,4,0,0
18978,1000000US170313201002028,0,0,0,0,0,0,0,0,0,0,0,0,0,0,0,0,0,0
18979,1000000US170313201002029,591,326,27,4,200,0,35,556,0,35,265,21,519,360,159,623,4,0
18980,1000000US170313201002030,0,0,0,0,0,0,0,0,0,0,0,0,0,0,0,0,0,0
18981,1000000US170313201002031,0,0,0,0,0,0,0,0,0,0,0,0,0,0,0,0,0,0
18982,1000000US170313201002032,589,351,36,4,161,1,36,553,0,36,238,12,479,404,75,627,4,1
18983,1000000US170313201002033,0,0,0,0,0,0,0,0,0,0,0,0,0,0,0,0,0,0
18984,1000000US170313201002034,1,0,1,0,0,0,0,1,0,0,1,0,0,0,0,1,0,0
18985,1000000US170313201003000,0,0,0,0,0,0,0,0,0,0,0,0,0,0,0,0,0,0
18986,1000000US170313201003001,0,0,0,0,0,0,0,0,0,0,0,0,0,0,0,0,0,0
18987,1000000US170313201003002,0,0,0,0,0,0,0,0,0,0,0,0,0,0,0,0,0,0
18988,1000000US170313201003003,2,1,1,0,0,0,0,2,0,0,1,0,0,0,0,2,0,0
18989,1000000US170313201003004,0,0,0,0,0,0,0,0,0,0,0,0,0,0,0,0,0,0
18990,1000000US170313201003005,0,0,0,0,0,0,0,0,0,0,0,0,0,0,0,0,0,0
18991,1000000US170313201003006,0,0,0,0,0,0,0,0,0,0,0,0,0,0,0,0,0,0
18992,1000000US170313201003007,0,0,0,0,0,0,0,0,0,0,0,0,0,0,0,0,0,0
18993,1000000US170313201003008,1299,835,90,6,254,1,117,1182,0,117,464,46,1365,939,426,1333,2,2
18994,1000000US170313201003009,0,0,0,0,0,0,0,0,0,0,0,0,0,0,0,0,0,0
18995,1000000US170313201003010,1,1,0,0,0,0,0,1,0,0,0,0,2,1,1,1,0,0
18996,1000000US170313201003011,0,0,0,0,0,0,0,0,0,0,0,0,0,0,0,0,0,0
18997,1000000US170313201003012,9,6,2,0,1,0,0,9,0,0,3,0,10,3,7,10,0,0
18998,1000000US170313201003013,0,0,0,0,0,0,0,0,0,0,0,0,0,0,0,0,0,0
18999,1000000US170313201004000,0,0,0,0,0,0,0,0,0,0,0,0,0,0,0,0,0,0
19000,1000000US170313201004001,0,0,0,0,0,0,0,0,0,0,0,0,0,0,0,0,0,0
19001,1000000US170313201004002,0,0,0,0,0,0,0,0,0,0,0,0,0,0,0,0,0,0
19002,1000000US170313201004003,0,0,0,0,0,0,0,0,0,0,0,0,0,0,0,0,0,0
19003,1000000US170313201004004,0,0,0,0,0,0,0,0,0,0,0,0,0,0,0,0,0,0
19004,1000000US170313201004005,0,0,0,0,0,0,0,0,0,0,0,0,0,0,0,0,0,0
19005,1000000US170313201004006,0,0,0,0,0,0,0,0,0,0,0,0,0,0,0,0,0,0
19006,1000000US170313201004007,1329,828,75,5,342,1,79,1250,0,79,501,32,1180,908,272,1425,2,0
19007,1000000US170313201004008,270,190,12,0,46,0,22,248,0,22,80,3,200,157,43,315,0,0
19008,1000000US170313201004009,0,0,0,0,0,0,0,0,0,0,0,0,0,0,0,0,0,0
19009,1000000US170313201004010,0,0,0,0,0,0,0,0,0,0,0,0,0,0,0,0,0,0
19010,1000000US170313201004011,0,0,0,0,0,0,0,0,0,0,0,0,0,0,0,0,0,0
19011,1000000US170313201004012,0,0,0,0,0,0,0,0,0,0,0,0,0,0,0,0,0,0
19012,1000000US170313201004013,0,0,0,0,0,0,0,0,0,0,0,0,0,0,0,0,0,0
19013,1000000US170313201004014,0,0,0,0,0,0,0,0,0,0,0,0,0,0,0,0,0,0
19014,1000000US170313201004015,0,0,0,0,0,0,0,0,0,0,0,0,0,0,0,0,0,0
19015,1000000US170313201004016,0,0,0,0,0,0,0,0,0,0,0,0,0,0,0,0,0,0
19016,1000000US170313201004017,64,34,9,0,18,0,3,61,0,3,30,1,53,42,11,67,0,0
19017,1000000US170313201004018,1373,865,134,3,280,1,84,1289,0,84,508,25,1073,891,182,1517,1,6
19018,1000000US170313201004019,0,0,0,0,0,0,0,0,0,0,0,0,6,0,6,0,0,0
19019,1000000US170313201004020,809,598,82,4,98,0,31,778,0,31,211,8,690,556,134,863,2,2
19020,1000000US170313201004021,0,0,0,0,0,0,0,0,0,0,0,0,0,0,0,0,0,0
19021,1000000US170313201004022,0,0,0,0,0,0,0,0,0,0,0,0,0,0,0,0,0,0
19022,1000000US170313201004023,0,0,0,0,0,0,0,0,0,0,0,0,0,0,0,0,0,0
19023,1000000US170313201004024,0,0,0,0,0,0,0,0,0,0,0,0,0,0,0,0,0,0
19024,1000000US170313201004025,0,0,0,0,0,0,0,0,0,0,0,0,0,0,0,0,0,0
19025,1000000US170313201004026,0,0,0,0,0,0,0,0,0,0,0,0,0,0,0,0,0,0
19026,1000000US170313201004027,0,0,0,0,0,0,0,0,0,0,0,0,0,0,0,0,0,0
19027,1000000US170313201004028,0,0,0,0,0,0,0,0,0,0,0,0,0,0,0,0,0,0
19028,1000000US170313201004029,0,0,0,0,0,0,0,0,0,0,0,0,0,0,0,0,0,0
19029,1000000US170313201004030,0,0,0,0,0,0,0,0,0,0,0,0,0,0,0,0,0,0
19030,1000000US170313204001000,0,0,0,0,0,0,0,0,0,0,0,0,0,0,0,0,0,0
19031,1000000US170313204001001,0,0,0,0,0,0,0,0,0,0,0,0,0,0,0,0,0,0
19032,1000000US170313204001002,0,0,0,0,0,0,0,0,0,0,0,0,0,0,0,0,0,0
19033,1000000US170313204001003,0,0,0,0,0,0,0,0,0,0,0,0,0,0,0,0,0,0
19034,1000000US170313204001004,0,0,0,0,0,0,0,0,0,0,0,0,0,0,0,0,0,0
19035,1000000US170313204001005,0,0,0,0,0,0,0,0,0,0,0,0,0,0,0,0,0,0
19036,1000000US170313204001006,0,0,0,0,0,0,0,0,0,0,0,0,0,0,0,0,0,0
19037,1000000US170313204001007,0,0,0,0,0,0,0,0,0,0,0,0,0,0,0,0,0,0
19038,1000000US170313204001008,0,0,0,0,0,0,0,0,0,0,0,0,0,0,0,0,0,0
19039,1000000US170313204001009,46,28,0,0,18,0,0,46,0,0,18,0,357,28,329,49,0,0
19040,1000000US170313204001010,42,26,6,2,7,0,2,40,0,2,16,3,34,31,3,42,0,0
19041,1000000US170313204001011,0,0,0,0,0,0,0,0,0,0,0,0,0,0,0,0,0,0
19042,1000000US170313204001012,55,43,0,0,7,0,5,50,0,5,12,0,220,36,184,57,0,0
19043,1000000US170313204001013,0,0,0,0,0,0,0,0,0,0,0,0,0,0,0,0,0,0
19044,1000000US170313204001014,0,0,0,0,0,0,0,0,0,0,0,0,0,0,0,0,0,0
19045,1000000US170313204001015,0,0,0,0,0,0,0,0,0,0,0,0,0,0,0,0,0,0
19046,1000000US170313204001016,214,148,8,2,41,0,16,198,0,16,66,3,244,134,110,238,1,0
19047,1000000US170313204001017,95,72,8,0,9,0,6,89,0,6,23,0,72,62,10,98,0,0
19048,1000000US170313204001018,1,0,1,1,0,0,0,1,0,0,1,1,1,1,0,1,0,0
19049,1000000US170313204001019,0,0,0,0,0,0,0,0,0,0,0,0,0,0,0,0,0,0
19050,1000000US170313204001020,1,0,1,0,0,0,0,1,0,0,1,0,0,0,0,1,0,0
19051,1000000US170313204001021,0,0,0,0,0,0,0,0,0,0,0,0,0,0,0,0,0,0
19052,1000000US170313204001022,0,0,0,0,0,0,0,0,0,0,0,0,0,0,0,0,0,0
19053,1000000US170313204001023,0,0,0,0,0,0,0,0,0,0,0,0,0,0,0,0,0,0
19054,1000000US170313204001024,0,0,0,0,0,0,0,0,0,0,0,0,0,0,0,0,0,0
19055,1000000US170313204001025,0,0,0,0,0,0,0,0,0,0,0,0,0,0,0,0,0,0
19056,1000000US170313204001026,0,0,0,0,0,0,0,0,0,0,0,0,0,0,0,0,0,0
19057,1000000US170313204001027,1,0,1,0,0,0,0,1,0,0,1,0,0,0,0,1,0,0
19058,1000000US170313204001028,0,0,0,0,0,0,0,0,0,0,0,0,0,0,0,0,0,0
19059,1000000US170313204001029,0,0,0,0,0,0,0,0,0,0,0,0,0,0,0,0,0,0
19060,1000000US170313204001030,0,0,0,0,0,0,0,0,0,0,0,0,0,0,0,0,0,0
19061,1000000US170313204001031,0,0,0,0,0,0,0,0,0,0,0,0,0,0,0,0,0,0
19062,1000000US170313204001032,436,313,83,2,16,1,22,414,0,22,123,10,2,2,0,437,1,0
19063,1000000US170313204001033,123,91,22,1,4,1,6,117,0,6,32,4,0,0,0,123,1,2
19064,1000000US170313204001034,0,0,0,0,0,0,0,0,0,0,0,0,0,0,0,0,0,0
19065,1000000US170313204001035,0,0,0,0,0,0,0,0,0,0,0,0,0,0,0,0,0,0
19066,1000000US170313204001036,1,0,1,0,0,0,0,1,0,0,1,0,1,1,0,1,0,0
19067,1000000US170313204001037,0,0,0,0,0,0,0,0,0,0,0,0,0,0,0,0,0,0
19068,1000000US170313204001038,0,0,0,0,0,0,0,0,0,0,0,0,0,0,0,0,0,0
19069,1000000US170313204001039,0,0,0,0,0,0,0,0,0,0,0,0,0,0,0,0,0,0
19070,1000000US170313204001040,0,0,0,0,0,0,0,0,0,0,0,0,0,0,0,0,0,0
19071,1000000US170313204001041,0,0,0,0,0,0,0,0,0,0,0,0,0,0,0,0,0,0
19072,1000000US170313204001042,0,0,0,0,0,0,0,0,0,0,0,0,0,0,0,0,0,0
19073,1000000US170313204001043,1462,928,354,24,50,4,139,1323,0,139,534,56,7,7,0,1470,19,19
19074,1000000US170313204001044,0,0,0,0,0,0,0,0,0,0,0,0,0,0,0,0,0,0
19075,1000000US170313206001000,0,0,0,0,0,0,0,0,0,0,0,0,0,0,0,0,0,0
19076,1000000US170313206001001,0,0,0,0,0,0,0,0,0,0,0,0,0,0,0,0,0,0
19077,1000000US170313206001002,0,0,0,0,0,0,0,0,0,0,0,0,0,0,0,0,0,0
19078,1000000US170313206001003,0,0,0,0,0,0,0,0,0,0,0,0,0,0,0,0,0,0
19079,1000000US170313206001004,0,0,0,0,0,0,0,0,0,0,0,0,0,0,0,0,0,0
19080,1000000US170313206001005,0,0,0,0,0,0,0,0,0,0,0,0,0,0,0,0,0,0
19081,1000000US170313206001006,0,0,0,0,0,0,0,0,0,0,0,0,0,0,0,0,0,0
19082,1000000US170313206001007,0,0,0,0,0,0,0,0,0,0,0,0,0,0,0,0,0,0
19083,1000000US170313206001008,1039,511,195,9,279,4,58,981,0,58,528,30,881,741,140,1080,5,4
19084,1000000US170313206001009,387,236,34,1,100,3,16,371,0,16,151,13,252,229,23,429,1,0
19085,1000000US170313206001010,48,36,9,0,3,0,0,48,0,0,12,0,42,37,5,48,0,0
19086,1000000US170313206001011,343,229,28,2,63,1,22,321,0,22,114,11,243,211,32,377,1,1
19087,1000000US170313206001012,0,0,0,0,0,0,0,0,0,0,0,0,0,0,0,0,0,0
19088,1000000US170313206002000,0,0,0,0,0,0,0,0,0,0,0,0,0,0,0,0,0,0
19089,1000000US170313206002001,0,0,0,0,0,0,0,0,0,0,0,0,0,0,0,0,0,0
19090,1000000US170313206002002,0,0,0,0,0,0,0,0,0,0,0,0,0,0,0,0,0,0
19091,1000000US170313206002003,167,21,140,2,2,0,5,162,0,5,146,4,169,163,6,167,1,1
19092,1000000US170313206002004,0,0,0,0,0,0,0,0,0,0,0,0,0,0,0,0,0,0
19093,1000000US170313206002005,615,417,116,8,38,1,44,571,0,44,198,21,40,4,36,616,4,5
19094,1000000US170313206002006,0,0,0,0,0,0,0,0,0,0,0,0,0,0,0,0,0,0
19095,1000000US170313206002007,0,0,0,0,0,0,0,0,0,0,0,0,0,0,0,0,0,0
19096,1000000US170313206002008,0,0,0,0,0,0,0,0,0,0,0,0,0,0,0,0,0,0
19097,1000000US170313206002009,0,0,0,0,0,0,0,0,0,0,0,0,0,0,0,0,0,0
19098,1000000US170313206002010,47,43,0,0,4,0,0,47,0,0,4,0,34,28,6,53,0,0
19099,1000000US170313206002011,0,0,0,0,0,0,0,0,0,0,0,0,0,0,0,0,0,0
19100,1000000US170313206002012,723,455,94,1,131,0,49,674,0,49,268,19,492,453,39,774,0,3
19101,1000000US170313206002013,146,94,27,0,24,0,4,142,0,4,52,5,341,91,250,156,0,1
19102,1000000US170313206002014,27,23,4,0,0,0,0,27,0,0,4,0,24,19,5,27,0,0
19103,1000000US170313206002015,112,90,9,0,7,0,8,104,0,8,22,0,82,76,6,130,0,1
19104,1000000US170313206002016,372,238,60,1,59,2,17,355,0,17,134,7,264,228,36,399,1,1
19105,1000000US170313206002017,0,0,0,0,0,0,0,0,0,0,0,0,0,0,0,0,0,0
19106,1000000US170313206002018,0,0,0,0,0,0,0,0,0,0,0,0,0,0,0,0,0,0
19107,1000000US170313206002019,0,0,0,0,0,0,0,0,0,0,0,0,0,0,0,0,0,0
19108,1000000US170313301001000,784,353,267,4,104,0,63,721,0,63,431,19,668,570,98,856,2,5
19109,1000000US170313301001001,684,368,121,2,162,1,30,654,0,30,316,22,569,496,73,715,0,1
19110,1000000US170313301001002,0,0,0,0,0,0,0,0,0,0,0,0,0,0,0,0,0,0
19111,1000000US170313301001003,38,30,4,0,0,0,4,34,0,4,8,0,27,25,2,40,0,0
19112,1000000US170313301001004,0,0,0,0,0,0,0,0,0,0,0,0,0,0,0,0,0,0
19113,1000000US170313301001005,319,209,23,1,69,0,18,301,0,18,110,11,253,219,34,336,0,0
19114,1000000US170313301001006,0,0,0,0,0,0,0,0,0,0,0,0,0,0,0,0,0,0
19115,1000000US170313301001007,165,116,26,0,12,2,13,152,0,13,49,2,116,107,9,177,0,0
19116,1000000US170313301001008,110,77,12,1,8,1,11,99,0,11,33,2,72,70,2,119,0,0
19117,1000000US170313301001009,0,0,0,0,0,0,0,0,0,0,0,0,0,0,0,0,0,0
19118,1000000US170313301001010,1024,628,118,1,219,1,60,964,0,60,396,18,671,607,64,1183,0,5
19119,1000000US170313301002000,190,131,28,0,28,1,3,187,0,3,59,6,160,132,28,204,0,0
19120,1000000US170313301002001,0,0,0,0,0,0,0,0,0,0,0,0,0,0,0,0,0,0
19121,1000000US170313301002002,259,189,33,0,19,0,20,239,0,20,70,4,189,172,17,286,0,0
19122,1000000US170313301002003,332,185,60,0,72,2,18,314,0,18,147,7,251,222,29,387,0,2
19123,1000000US170313301002004,198,147,22,1,19,0,12,186,0,12,51,3,138,133,5,217,0,1
19124,1000000US170313301002005,1062,618,138,5,227,5,75,987,0,75,444,28,771,694,77,1144,1,2
19125,1000000US170313301002006,180,32,86,0,60,0,2,178,0,2,148,0,17,15,2,186,0,0
19126,1000000US170313301002007,25,16,3,0,2,0,4,21,0,4,9,0,17,17,0,29,0,0
19127,1000000US170313301002008,0,0,0,0,0,0,0,0,0,0,0,0,0,0,0,0,0,0
19128,1000000US170313301002009,119,75,29,0,10,0,5,114,0,5,44,4,81,78,3,126,0,0
19129,1000000US170313301002010,68,42,15,0,10,0,3,65,0,3,26,2,43,40,3,80,0,0
19130,1000000US170313301002011,172,108,33,2,20,1,11,161,0,11,64,3,127,125,2,184,2,0
19131,1000000US170313301002012,463,294,59,3,78,3,38,425,0,38,169,14,337,314,23,503,1,3
19132,1000000US170313301002013,208,114,34,0,42,2,18,190,0,18,94,2,128,120,8,253,0,2
19133,1000000US170313301002014,0,0,0,0,0,0,0,0,0,0,0,0,0,0,0,0,0,0
19134,1000000US170313301002015,332,224,46,0,41,0,18,314,0,18,108,6,226,202,24,416,0,0
19135,1000000US170313301002016,2,1,0,0,0,0,1,1,0,1,1,0,1,1,0,4,0,0
19136,1000000US170313301002017,0,0,0,0,0,0,0,0,0,0,0,0,0,0,0,0,0,0
19137,1000000US170313301002018,193,16,166,4,2,1,10,183,0,10,177,3,49,40,9,193,1,3
19138,1000000US170313301002019,39,34,4,0,1,0,0,39,0,0,5,0,24,23,1,48,0,0
19139,1000000US170313301002020,81,41,19,2,16,1,5,76,0,5,40,4,53,47,6,96,0,0
19140,1000000US170313301003000,1225,711,161,3,315,0,45,1180,0,45,514,22,960,755,205,1369,1,4
19141,1000000US170313301003001,0,0,0,0,0,0,0,0,0,0,0,0,0,0,0,0,0,0
19142,1000000US170313301003002,2,0,0,0,0,0,2,0,0,2,2,0,1,1,0,2,0,0
19143,1000000US170313301003003,46,33,5,0,6,0,2,44,0,2,13,1,28,26,2,66,0,0
19144,1000000US170313301003004,345,226,31,1,71,0,14,331,0,14,119,10,233,218,15,378,1,0
19145,1000000US170313301003005,434,252,72,0,78,0,33,401,0,33,182,3,279,254,25,521,0,0
19146,1000000US170313301003006,276,160,60,2,43,0,11,265,0,11,116,7,167,158,9,339,2,0
19147,1000000US170313301003007,438,18,413,3,2,0,4,434,0,4,420,3,413,400,13,441,3,1
19148,1000000US170313301003008,334,195,99,4,25,1,16,318,0,16,139,7,248,240,8,357,3,2
19149,1000000US170313301003009,720,455,67,2,152,0,44,676,0,44,265,15,569,497,72,767,1,2
19150,1000000US170313301003010,215,32,172,6,1,0,9,206,0,9,183,6,212,207,5,221,5,2
19151,1000000US170313301003011,81,47,19,1,8,1,10,71,0,10,34,2,54,43,11,96,1,2
19152,1000000US170313301003012,371,227,91,3,25,2,27,344,0,27,144,6,279,257,22,385,2,3
19153,1000000US170313301003013,464,282,82,2,72,0,27,437,0,27,182,14,325,306,19,508,1,2
19154,1000000US170313301003014,188,145,15,2,8,0,18,170,0,18,43,5,137,126,11,204,0,0
19155,1000000US170313301003015,0,0,0,0,0,0,0,0,0,0,0,0,0,0,0,0,0,0
19156,1000000US170313301003016,3,1,0,0,2,0,0,3,0,0,2,0,2,2,0,4,0,0
19157,1000000US170313301003017,2,1,0,1,0,0,0,2,0,0,1,1,1,1,0,2,0,0
19158,1000000US170313301003018,88,49,22,0,14,0,4,84,0,4,39,1,196,64,132,96,0,1
19159,1000000US170313301004000,0,0,0,0,0,0,0,0,0,0,0,0,0,0,0,0,0,0
19160,1000000US170313301004001,0,0,0,0,0,0,0,0,0,0,0,0,0,0,0,0,0,0
19161,1000000US170313301004002,0,0,0,0,0,0,0,0,0,0,0,0,0,0,0,0,0,0
19162,1000000US170313301004003,0,0,0,0,0,0,0,0,0,0,0,0,0,0,0,0,0,0
19163,1000000US170313301004004,0,0,0,0,0,0,0,0,0,0,0,0,0,0,0,0,0,0
19164,1000000US170313301004005,0,0,0,0,0,0,0,0,0,0,0,0,0,0,0,0,0,0
19165,1000000US170313301004006,0,0,0,0,0,0,0,0,0,0,0,0,0,0,0,0,0,0
19166,1000000US170313301004007,0,0,0,0,0,0,0,0,0,0,0,0,0,0,0,0,0,0
19167,1000000US170313301004008,0,0,0,0,0,0,0,0,0,0,0,0,0,0,0,0,0,0
19168,1000000US170313301004009,0,0,0,0,0,0,0,0,0,0,0,0,0,0,0,0,0,0
19169,1000000US170313301004010,0,0,0,0,0,0,0,0,0,0,0,0,0,0,0,0,0,0
19170,1000000US170313301004011,0,0,0,0,0,0,0,0,0,0,0,0,0,0,0,0,0,0
19171,1000000US170313301004012,0,0,0,0,0,0,0,0,0,0,0,0,0,0,0,0,0,0
19172,1000000US170313301004013,0,0,0,0,0,0,0,0,0,0,0,0,0,0,0,0,0,0
19173,1000000US170313301004014,0,0,0,0,0,0,0,0,0,0,0,0,0,0,0,0,0,0
19174,1000000US170313301004015,0,0,0,0,0,0,0,0,0,0,0,0,0,0,0,0,0,0
19175,1000000US170313301004016,0,0,0,0,0,0,0,0,0,0,0,0,0,0,0,0,0,0
19176,1000000US170313301004017,0,0,0,0,0,0,0,0,0,0,0,0,0,0,0,0,0,0
19177,1000000US170313301004018,0,0,0,0,0,0,0,0,0,0,0,0,0,0,0,0,0,0
19178,1000000US170313301004019,0,0,0,0,0,0,0,0,0,0,0,0,0,0,0,0,0,0
19179,1000000US170313301004020,0,0,0,0,0,0,0,0,0,0,0,0,0,0,0,0,0,0
19180,1000000US170313301004021,500,285,102,2,91,1,28,472,0,28,215,12,498,316,182,572,1,5
19181,1000000US170313301004022,411,222,65,3,98,0,28,383,0,28,189,9,490,247,243,459,2,2
19182,1000000US170313301004023,0,0,0,0,0,0,0,0,0,0,0,0,0,0,0,0,0,0
19183,1000000US170313301004024,0,0,0,0,0,0,0,0,0,0,0,0,0,0,0,0,0,0
19184,1000000US170313301004025,0,0,0,0,0,0,0,0,0,0,0,0,0,0,0,0,0,0
19185,1000000US170313301004026,0,0,0,0,0,0,0,0,0,0,0,0,0,0,0,0,0,0
19186,1000000US170313301004027,0,0,0,0,0,0,0,0,0,0,0,0,0,0,0,0,0,0
19187,1000000US170313301004028,0,0,0,0,0,0,0,0,0,0,0,0,0,0,0,0,0,0
19188,1000000US170313301004029,0,0,0,0,0,0,0,0,0,0,0,0,0,0,0,0,0,0
19189,1000000US170313301004030,0,0,0,0,0,0,0,0,0,0,0,0,0,0,0,0,0,0
19190,1000000US170313301004031,0,0,0,0,0,0,0,0,0,0,0,0,0,0,0,0,0,0
19191,1000000US170313301004032,0,0,0,0,0,0,0,0,0,0,0,0,0,0,0,0,0,0
19192,1000000US170313301004033,0,0,0,0,0,0,0,0,0,0,0,0,0,0,0,0,0,0
19193,1000000US170313301004034,0,0,0,0,0,0,0,0,0,0,0,0,0,0,0,0,0,0
19194,1000000US170313301004035,0,0,0,0,0,0,0,0,0,0,0,0,0,0,0,0,0,0
19195,1000000US170313301004036,0,0,0,0,0,0,0,0,0,0,0,0,0,0,0,0,0,0
19196,1000000US170313301004037,0,0,0,0,0,0,0,0,0,0,0,0,0,0,0,0,0,0
19197,1000000US170313301004038,0,0,0,0,0,0,0,0,0,0,0,0,0,0,0,0,0,0
19198,1000000US170313301004039,0,0,0,0,0,0,0,0,0,0,0,0,0,0,0,0,0,0
19199,1000000US170313301004040,80,52,16,0,7,0,5,75,0,5,28,4,59,52,7,90,0,0
19200,1000000US170313301004041,35,25,4,0,2,0,2,33,0,2,10,0,20,19,1,49,0,0
19201,1000000US170313301004042,160,101,35,0,13,0,12,148,0,12,59,1,138,101,37,180,0,1
19202,1000000US170313301004043,193,138,27,4,11,0,16,177,0,16,55,5,140,138,2,207,4,0
19203,1000000US170313301004044,123,75,17,1,23,0,8,115,0,8,48,1,94,83,11,130,1,1
19204,1000000US170313301004045,1,1,0,0,0,0,0,1,0,0,0,0,1,1,0,1,0,0
19205,1000000US170313301004046,636,8,615,10,1,0,25,611,0,25,628,18,448,437,11,929,6,17
19206,1000000US170313301004047,37,24,8,0,3,0,2,35,0,2,13,0,28,26,2,40,0,0
19207,1000000US170313301004048,1,0,0,0,1,0,0,1,0,0,1,0,1,1,0,1,0,0
19208,1000000US170313301004049,61,30,17,2,6,1,6,55,0,6,31,2,43,36,7,71,2,0
19209,1000000US170313301004050,0,0,0,0,0,0,0,0,0,0,0,0,0,0,0,0,0,0
19210,1000000US170313301004051,0,0,0,0,0,0,0,0,0,0,0,0,0,0,0,0,0,0
19211,1000000US170313301004052,0,0,0,0,0,0,0,0,0,0,0,0,0,0,0,0,0,0
19212,1000000US170313301004053,0,0,0,0,0,0,0,0,0,0,0,0,0,0,0,0,0,0
19213,1000000US170313301004054,0,0,0,0,0,0,0,0,0,0,0,0,0,0,0,0,0,0
19214,1000000US170313301004055,356,18,325,3,9,0,10,346,0,10,338,5,286,270,16,468,2,6
19215,1000000US170313301004056,0,0,0,0,0,0,0,0,0,0,0,0,341,0,341,0,0,0
19216,1000000US170313301004057,0,0,0,0,0,0,0,0,0,0,0,0,0,0,0,0,0,0
19217,1000000US170313301004058,0,0,0,0,0,0,0,0,0,0,0,0,0,0,0,0,0,0
19218,1000000US170313301004059,0,0,0,0,0,0,0,0,0,0,0,0,2,0,2,0,0,0
19219,1000000US170313301004060,0,0,0,0,0,0,0,0,0,0,0,0,0,0,0,0,0,0
19220,1000000US170313301004061,0,0,0,0,0,0,0,0,0,0,0,0,0,0,0,0,0,0
19221,1000000US170313301004062,0,0,0,0,0,0,0,0,0,0,0,0,0,0,0,0,0,0
19222,1000000US170313301004063,0,0,0,0,0,0,0,0,0,0,0,0,0,0,0,0,0,0
19223,1000000US170313301004064,0,0,0,0,0,0,0,0,0,0,0,0,0,0,0,0,0,0
19224,1000000US170313301004065,0,0,0,0,0,0,0,0,0,0,0,0,0,0,0,0,0,0
19225,1000000US170313301004066,0,0,0,0,0,0,0,0,0,0,0,0,0,0,0,0,0,0
19226,1000000US170313301004067,0,0,0,0,0,0,0,0,0,0,0,0,0,0,0,0,0,0
19227,1000000US170313301004068,0,0,0,0,0,0,0,0,0,0,0,0,0,0,0,0,0,0
19228,1000000US170313301004069,0,0,0,0,0,0,0,0,0,0,0,0,0,0,0,0,0,0
19229,1000000US170313301004070,0,0,0,0,0,0,0,0,0,0,0,0,0,0,0,0,0,0
19230,1000000US170313301004071,0,0,0,0,0,0,0,0,0,0,0,0,0,0,0,0,0,0
19231,1000000US170313301004072,0,0,0,0,0,0,0,0,0,0,0,0,0,0,0,0,0,0
19232,1000000US170313301004073,0,0,0,0,0,0,0,0,0,0,0,0,0,0,0,0,0,0
19233,1000000US170313301004074,0,0,0,0,0,0,0,0,0,0,0,0,0,0,0,0,0,0
19234,1000000US170313301004075,0,0,0,0,0,0,0,0,0,0,0,0,0,0,0,0,0,0
19235,1000000US170313301004076,0,0,0,0,0,0,0,0,0,0,0,0,0,0,0,0,0,0
19236,1000000US170313301004077,0,0,0,0,0,0,0,0,0,0,0,0,0,0,0,0,0,0
19237,1000000US170313301004078,0,0,0,0,0,0,0,0,0,0,0,0,0,0,0,0,0,0
19238,1000000US170313301004079,0,0,0,0,0,0,0,0,0,0,0,0,0,0,0,0,0,0
19239,1000000US170313301004080,0,0,0,0,0,0,0,0,0,0,0,0,0,0,0,0,0,0
19240,1000000US170313301004081,0,0,0,0,0,0,0,0,0,0,0,0,0,0,0,0,0,0
19241,1000000US170313301004082,0,0,0,0,0,0,0,0,0,0,0,0,0,0,0,0,0,0
19242,1000000US170313301004083,0,0,0,0,0,0,0,0,0,0,0,0,0,0,0,0,0,0
19243,1000000US170313301004084,0,0,0,0,0,0,0,0,0,0,0,0,0,0,0,0,0,0
19244,1000000US170313301004085,0,0,0,0,0,0,0,0,0,0,0,0,0,0,0,0,0,0
19245,1000000US170313302001000,477,8,367,1,101,0,5,472,0,5,469,4,302,269,33,709,0,3
19246,1000000US170313302001001,0,0,0,0,0,0,0,0,0,0,0,0,0,0,0,0,0,0
19247,1000000US170313302001002,424,10,214,4,200,0,4,420,0,4,414,9,351,331,20,428,4,0
19248,1000000US170313302002000,0,0,0,0,0,0,0,0,0,0,0,0,0,0,0,0,0,0
19249,1000000US170313302002001,0,0,0,0,0,0,0,0,0,0,0,0,0,0,0,0,0,0
19250,1000000US170313302002002,0,0,0,0,0,0,0,0,0,0,0,0,0,0,0,0,0,0
19251,1000000US170313302002003,0,0,0,0,0,0,0,0,0,0,0,0,0,0,0,0,0,0
19252,1000000US170313302002004,0,0,0,0,0,0,0,0,0,0,0,0,0,0,0,0,0,0
19253,1000000US170313302002005,0,0,0,0,0,0,0,0,0,0,0,0,0,0,0,0,0,0
19254,1000000US170313302002006,746,432,149,2,125,1,36,710,0,36,314,14,414,405,9,1010,0,1
19255,1000000US170313302002007,91,27,44,0,19,0,1,90,0,1,64,0,39,38,1,133,0,0
19256,1000000US170313302002008,10,4,1,0,5,0,0,10,0,0,6,0,4,4,0,12,0,0
19257,1000000US170313302002009,0,0,0,0,0,0,0,0,0,0,0,0,0,0,0,0,0,0
19258,1000000US170313302002010,11,6,4,0,0,0,1,10,0,1,5,0,7,7,0,13,0,0
19259,1000000US170313302002011,452,350,46,0,41,0,17,435,0,17,102,5,316,298,18,493,0,1
19260,1000000US170313302002012,101,61,10,0,24,0,6,95,0,6,40,0,50,50,0,169,0,0
19261,1000000US170313302002013,148,75,27,1,38,0,10,138,0,10,73,6,93,88,5,175,0,1
19262,1000000US170313302002014,0,0,0,0,0,0,0,0,0,0,0,0,0,0,0,0,0,0
19263,1000000US170313302002015,0,0,0,0,0,0,0,0,0,0,0,0,0,0,0,0,0,0
19264,1000000US170313302002016,0,0,0,0,0,0,0,0,0,0,0,0,0,0,0,0,0,0
19265,1000000US170313302002017,0,0,0,0,0,0,0,0,0,0,0,0,0,0,0,0,0,0
19266,1000000US170313302002018,0,0,0,0,0,0,0,0,0,0,0,0,0,0,0,0,0,0
19267,1000000US170313302002019,0,0,0,0,0,0,0,0,0,0,0,0,0,0,0,0,0,0
19268,1000000US170313302002020,0,0,0,0,0,0,0,0,0,0,0,0,0,0,0,0,0,0
19269,1000000US170313302002021,0,0,0,0,0,0,0,0,0,0,0,0,0,0,0,0,0,0
19270,1000000US170313302002022,0,0,0,0,0,0,0,0,0,0,0,0,0,0,0,0,0,0
19271,1000000US170313302002023,0,0,0,0,0,0,0,0,0,0,0,0,0,0,0,0,0,0
19272,1000000US170313302002024,0,0,0,0,0,0,0,0,0,0,0,0,0,0,0,0,0,0
19273,1000000US170313302002025,0,0,0,0,0,0,0,0,0,0,0,0,0,0,0,0,0,0
19274,1000000US170313302002026,0,0,0,0,0,0,0,0,0,0,0,0,0,0,0,0,0,0
19275,1000000US170313302002027,0,0,0,0,0,0,0,0,0,0,0,0,0,0,0,0,0,0
19276,1000000US170313302002028,0,0,0,0,0,0,0,0,0,0,0,0,0,0,0,0,0,0
19277,1000000US170313302002029,0,0,0,0,0,0,0,0,0,0,0,0,0,0,0,0,0,0
19278,1000000US170313302002030,0,0,0,0,0,0,0,0,0,0,0,0,0,0,0,0,0,0
19279,1000000US170313302002031,0,0,0,0,0,0,0,0,0,0,0,0,0,0,0,0,0,0
19280,1000000US170313302002032,140,75,42,2,18,0,5,135,0,5,65,2,82,80,2,171,0,0
19281,1000000US170313302002033,0,0,0,0,0,0,0,0,0,0,0,0,0,0,0,0,0,0
19282,1000000US170313302002034,166,80,38,3,39,0,8,158,0,8,86,7,97,94,3,220,2,1
19283,1000000US170313302002035,56,22,23,0,10,0,3,53,0,3,34,3,32,31,1,69,0,1
19284,1000000US170313302002036,0,0,0,0,0,0,0,0,0,0,0,0,0,0,0,0,0,0
19285,1000000US170313302002037,0,0,0,0,0,0,0,0,0,0,0,0,0,0,0,0,0,0
19286,1000000US170313302002038,192,113,25,0,45,0,10,182,0,10,79,3,131,126,5,204,0,0
19287,1000000US170313302002039,0,0,0,0,0,0,0,0,0,0,0,0,0,0,0,0,0,0
19288,1000000US170313302002040,0,0,0,0,0,0,0,0,0,0,0,0,0,0,0,0,0,0
19289,1000000US170313403001000,110,7,0,0,103,0,0,110,0,0,103,0,44,41,3,127,0,0
19290,1000000US170313403001001,0,0,0,0,0,0,0,0,0,0,0,0,0,0,0,0,0,0
19291,1000000US170313403001002,0,0,0,0,0,0,0,0,0,0,0,0,0,0,0,0,0,0
19292,1000000US170313403001003,0,0,0,0,0,0,0,0,0,0,0,0,0,0,0,0,0,0
19293,1000000US170313403001004,189,4,0,0,183,0,3,186,0,3,185,0,78,74,4,235,0,0
19294,1000000US170313403001005,0,0,0,0,0,0,0,0,0,0,0,0,0,0,0,0,0,0
19295,1000000US170313403001006,35,3,0,0,28,0,4,31,0,4,32,0,20,18,2,42,0,0
19296,1000000US170313403001007,0,0,0,0,0,0,0,0,0,0,0,0,0,0,0,0,0,0
19297,1000000US170313403001008,0,0,0,0,0,0,0,0,0,0,0,0,0,0,0,0,0,0
19298,1000000US170313403001009,2,2,0,0,0,0,0,2,0,0,0,0,3,2,1,4,0,0
19299,1000000US170313403001010,0,0,0,0,0,0,0,0,0,0,0,0,0,0,0,0,0,0
19300,1000000US170313403001011,0,0,0,0,0,0,0,0,0,0,0,0,0,0,0,0,0,0
19301,1000000US170313403001012,0,0,0,0,0,0,0,0,0,0,0,0,0,0,0,0,0,0
19302,1000000US170313403001013,0,0,0,0,0,0,0,0,0,0,0,0,0,0,0,0,0,0
19303,1000000US170313403001014,152,1,12,1,139,0,0,152,0,0,151,2,115,109,6,158,0,0
19304,1000000US170313403001015,0,0,0,0,0,0,0,0,0,0,0,0,0,0,0,0,0,0
19305,1000000US170313403001016,0,0,0,0,0,0,0,0,0,0,0,0,0,0,0,0,0,0
19306,1000000US170313403001017,31,2,0,0,28,0,1,30,0,1,29,0,17,14,3,37,0,0
19307,1000000US170313403001018,57,14,2,0,41,0,0,57,0,0,43,0,22,20,2,67,0,0
19308,1000000US170313403001019,41,10,0,0,30,0,4,37,0,4,31,0,23,22,1,61,0,0
19309,1000000US170313403001020,72,19,0,0,53,0,0,72,0,0,53,1,40,35,5,91,0,0
19310,1000000US170313403001021,114,13,0,0,98,0,3,111,0,3,101,0,53,48,5,141,0,0
19311,1000000US170313403001022,29,0,0,0,29,0,0,29,0,0,29,0,10,9,1,33,0,0
19312,1000000US170313403001023,15,0,0,0,12,0,3,12,0,3,15,1,7,7,0,15,0,0
19313,1000000US170313403001024,24,2,0,0,19,0,3,21,0,3,22,0,11,11,0,35,0,0
19314,1000000US170313403001025,38,0,0,0,37,0,1,37,0,1,38,0,16,16,0,51,0,0
19315,1000000US170313403001026,32,17,0,0,15,0,0,32,0,0,15,0,19,19,0,43,0,0
19316,1000000US170313403001027,33,9,0,1,19,0,4,29,0,4,24,1,13,13,0,43,0,0
19317,1000000US170313403001028,60,23,0,0,34,0,3,57,0,3,37,0,28,28,0,78,0,0
19318,1000000US170313403001029,3,0,0,0,3,0,0,3,0,0,3,0,1,1,0,3,0,0
19319,1000000US170313403001030,12,6,0,0,6,0,0,12,0,0,6,0,5,5,0,13,0,0
19320,1000000US170313403001031,30,22,0,0,8,0,0,30,0,0,8,0,18,18,0,36,0,0
19321,1000000US170313403001032,27,18,0,0,8,0,1,26,0,1,9,0,19,15,4,29,0,0
19322,1000000US170313403001033,41,20,0,0,17,0,4,37,0,4,21,0,23,19,4,53,0,0
19323,1000000US170313403001034,34,9,0,1,21,0,4,30,0,4,25,0,17,16,1,48,1,0
19324,1000000US170313403001035,0,0,0,0,0,0,0,0,0,0,0,0,0,0,0,0,0,0
19325,1000000US170313403001036,18,8,0,0,10,0,0,18,0,0,10,0,10,8,2,22,0,0
19326,1000000US170313403001037,57,0,0,0,55,0,5,52,0,5,57,3,19,19,0,67,0,0
19327,1000000US170313403001038,36,5,0,0,31,0,0,36,0,0,31,0,11,11,0,48,0,0
19328,1000000US170313403001039,49,13,0,0,33,0,3,46,0,3,36,1,16,16,0,52,0,0
19329,1000000US170313403001040,134,69,3,0,51,0,11,123,0,11,65,1,77,72,5,154,0,0
19330,1000000US170313404001000,0,0,0,0,0,0,0,0,0,0,0,0,0,0,0,0,0,0
19331,1000000US170313404001001,0,0,0,0,0,0,0,0,0,0,0,0,0,0,0,0,0,0
19332,1000000US170313404001002,53,0,0,0,53,0,0,53,0,0,53,0,24,22,2,68,0,0
19333,1000000US170313404001003,15,0,0,0,15,0,0,15,0,0,15,0,6,6,0,16,0,0
19334,1000000US170313404001004,0,0,0,0,0,0,0,0,0,0,0,0,0,0,0,0,0,0
19335,1000000US170313404001005,0,0,0,0,0,0,0,0,0,0,0,0,0,0,0,0,0,0
19336,1000000US170313404001006,46,2,0,0,41,0,3,43,0,3,44,0,20,17,3,61,0,0
19337,1000000US170313404001007,0,0,0,0,0,0,0,0,0,0,0,0,0,0,0,0,0,0
19338,1000000US170313404001008,0,0,0,0,0,0,0,0,0,0,0,0,0,0,0,0,0,0
19339,1000000US170313404001009,0,0,0,0,0,0,0,0,0,0,0,0,0,0,0,0,0,0
19340,1000000US170313404001010,0,0,0,0,0,0,0,0,0,0,0,0,0,0,0,0,0,0
19341,1000000US170313404001011,0,0,0,0,0,0,0,0,0,0,0,0,0,0,0,0,0,0
19342,1000000US170313404001012,187,2,3,0,182,0,0,187,0,0,185,1,84,82,2,243,0,0
19343,1000000US170313404001013,0,0,0,0,0,0,0,0,0,0,0,0,0,0,0,0,0,0
19344,1000000US170313404001014,2,0,0,0,2,0,0,2,0,0,2,0,1,1,0,4,0,0
19345,1000000US170313404001015,92,15,0,0,67,0,10,82,0,10,77,0,43,38,5,105,0,0
19346,1000000US170313404001016,105,17,1,2,82,0,4,101,0,4,88,2,49,48,1,128,1,0
19347,1000000US170313404001017,78,3,0,0,70,0,5,73,0,5,75,0,33,32,1,96,0,0
19348,1000000US170313404001018,136,24,0,1,100,0,11,125,0,11,112,1,52,50,2,165,1,0
19349,1000000US170313404001019,161,32,2,0,123,0,4,157,0,4,129,1,74,69,5,204,0,0
19350,1000000US170313404001020,82,0,0,0,82,0,0,82,0,0,82,0,38,38,0,102,0,0
19351,1000000US170313404001021,112,17,18,0,68,0,9,103,0,9,95,3,54,50,4,135,0,0
19352,1000000US170313404001022,77,8,1,0,60,0,8,69,0,8,69,1,43,37,6,90,0,0
19353,1000000US170313404001023,72,21,0,0,47,0,4,68,0,4,51,8,35,31,4,78,0,0
19354,1000000US170313404001024,66,14,0,0,42,0,10,56,0,10,52,0,40,37,3,84,0,0
19355,1000000US170313404001025,20,14,0,0,6,0,0,20,0,0,6,0,13,13,0,30,0,0
19356,1000000US170313404001026,0,0,0,0,0,0,0,0,0,0,0,0,0,0,0,0,0,0
19357,1000000US170313404001027,0,0,0,0,0,0,0,0,0,0,0,0,0,0,0,0,0,0
19358,1000000US170313404001028,0,0,0,0,0,0,0,0,0,0,0,0,0,0,0,0,0,0
19359,1000000US170313404001029,72,34,0,0,35,0,3,69,0,3,38,1,42,37,5,85,0,0
19360,1000000US170313404001030,47,18,1,0,28,0,0,47,0,0,29,0,29,24,5,50,0,0
19361,1000000US170313404001031,50,18,1,0,30,0,1,49,0,1,32,0,24,23,1,59,0,0
19362,1000000US170313404001032,1,0,0,0,1,0,0,1,0,0,1,0,8,1,7,1,0,0
19363,1000000US170313404001033,23,1,0,0,22,0,0,23,0,0,22,0,10,9,1,25,0,0
19364,1000000US170313404001034,28,6,0,0,22,0,0,28,0,0,22,0,11,11,0,29,0,0
19365,1000000US170313404001035,40,13,0,2,18,0,7,33,0,7,27,0,22,19,3,42,2,0
19366,1000000US170313405001000,0,0,0,0,0,0,0,0,0,0,0,0,0,0,0,0,0,0
19367,1000000US170313405001001,0,0,0,0,0,0,0,0,0,0,0,0,0,0,0,0,0,0
19368,1000000US170313405001002,0,0,0,0,0,0,0,0,0,0,0,0,0,0,0,0,0,0
19369,1000000US170313405001003,0,0,0,0,0,0,0,0,0,0,0,0,0,0,0,0,0,0
19370,1000000US170313405001004,0,0,0,0,0,0,0,0,0,0,0,0,0,0,0,0,0,0
19371,1000000US170313405001005,0,0,0,0,0,0,0,0,0,0,0,0,0,0,0,0,0,0
19372,1000000US170313405001006,0,0,0,0,0,0,0,0,0,0,0,0,0,0,0,0,0,0
19373,1000000US170313405001007,0,0,0,0,0,0,0,0,0,0,0,0,0,0,0,0,0,0
19374,1000000US170313405001008,0,0,0,0,0,0,0,0,0,0,0,0,0,0,0,0,0,0
19375,1000000US170313405001009,0,0,0,0,0,0,0,0,0,0,0,0,0,0,0,0,0,0
19376,1000000US170313405001010,0,0,0,0,0,0,0,0,0,0,0,0,0,0,0,0,0,0
19377,1000000US170313405001011,0,0,0,0,0,0,0,0,0,0,0,0,0,0,0,0,0,0
19378,1000000US170313405001012,0,0,0,0,0,0,0,0,0,0,0,0,0,0,0,0,0,0
19379,1000000US170313405001013,0,0,0,0,0,0,0,0,0,0,0,0,0,0,0,0,0,0
19380,1000000US170313405001014,233,5,108,1,118,0,4,229,0,4,228,3,190,183,7,233,1,1
19381,1000000US170313405001015,64,53,0,0,1,0,10,54,0,10,11,1,40,36,4,74,0,0
19382,1000000US170313405001016,128,75,5,1,40,0,8,120,0,8,53,1,75,72,3,138,1,0
19383,1000000US170313405001017,104,50,1,7,33,0,13,91,0,13,54,7,57,54,3,127,1,0
19384,1000000US170313405001018,0,0,0,0,0,0,0,0,0,0,0,0,0,0,0,0,0,0
19385,1000000US170313405001019,16,1,0,0,11,0,4,12,0,4,15,0,5,5,0,18,0,0
19386,1000000US170313405001020,30,15,0,0,11,0,4,26,0,4,15,1,19,18,1,32,0,0
19387,1000000US170313405001021,63,47,1,1,3,0,12,51,0,12,16,0,46,40,6,70,1,0
19388,1000000US170313405001022,84,56,2,0,16,0,12,72,0,12,28,3,53,41,12,95,0,2
19389,1000000US170313405001023,102,63,1,0,23,0,15,87,0,15,39,0,57,54,3,119,0,0
19390,1000000US170313405001024,55,44,0,0,9,0,2,53,0,2,11,0,36,35,1,60,0,0
19391,1000000US170313405001025,93,60,0,0,26,0,7,86,0,7,33,2,54,49,5,111,0,0
19392,1000000US170313405001026,135,99,1,3,20,0,15,120,0,15,36,5,73,73,0,154,3,0
19393,1000000US170313405001027,240,2,97,2,136,0,7,233,0,7,238,0,188,175,13,244,2,0
19394,1000000US170313405001028,0,0,0,0,0,0,0,0,0,0,0,0,0,0,0,0,0,0
19395,1000000US170313405001029,0,0,0,0,0,0,0,0,0,0,0,0,0,0,0,0,0,0
19396,1000000US170313405001030,0,0,0,0,0,0,0,0,0,0,0,0,0,0,0,0,0,0
19397,1000000US170313405001031,0,0,0,0,0,0,0,0,0,0,0,0,0,0,0,0,0,0
19398,1000000US170313405001032,0,0,0,0,0,0,0,0,0,0,0,0,0,0,0,0,0,0
19399,1000000US170313405001033,0,0,0,0,0,0,0,0,0,0,0,0,0,0,0,0,0,0
19400,1000000US170313405001034,0,0,0,0,0,0,0,0,0,0,0,0,0,0,0,0,0,0
19401,1000000US170313405001035,0,0,0,0,0,0,0,0,0,0,0,0,0,0,0,0,0,0
19402,1000000US170313405001036,44,33,0,0,11,0,0,44,0,0,11,0,15,15,0,51,0,0
19403,1000000US170313405001037,0,0,0,0,0,0,0,0,0,0,0,0,0,0,0,0,0,0
19404,1000000US170313405001038,0,0,0,0,0,0,0,0,0,0,0,0,0,0,0,0,0,0
19405,1000000US170313405001039,14,12,0,0,1,0,1,13,0,1,2,0,10,10,0,18,0,0
19406,1000000US170313405001040,0,0,0,0,0,0,0,0,0,0,0,0,0,0,0,0,0,0
19407,1000000US170313405001041,0,0,0,0,0,0,0,0,0,0,0,0,0,0,0,0,0,0
19408,1000000US170313405001042,0,0,0,0,0,0,0,0,0,0,0,0,0,0,0,0,0,0
19409,1000000US170313406001000,0,0,0,0,0,0,0,0,0,0,0,0,4,0,4,0,0,0
19410,1000000US170313406001001,0,0,0,0,0,0,0,0,0,0,0,0,0,0,0,0,0,0
19411,1000000US170313406001002,0,0,0,0,0,0,0,0,0,0,0,0,0,0,0,0,0,0
19412,1000000US170313406001003,0,0,0,0,0,0,0,0,0,0,0,0,0,0,0,0,0,0
19413,1000000US170313406001004,0,0,0,0,0,0,0,0,0,0,0,0,0,0,0,0,0,0
19414,1000000US170313406001005,0,0,0,0,0,0,0,0,0,0,0,0,0,0,0,0,0,0
19415,1000000US170313406001006,0,0,0,0,0,0,0,0,0,0,0,0,0,0,0,0,0,0
19416,1000000US170313406001007,0,0,0,0,0,0,0,0,0,0,0,0,0,0,0,0,0,0
19417,1000000US170313406001008,0,0,0,0,0,0,0,0,0,0,0,0,0,0,0,0,0,0
19418,1000000US170313406001009,0,0,0,0,0,0,0,0,0,0,0,0,0,0,0,0,0,0
19419,1000000US170313406001010,0,0,0,0,0,0,0,0,0,0,0,0,0,0,0,0,0,0
19420,1000000US170313406001011,1,0,0,0,0,0,1,0,0,1,1,0,1,1,0,1,0,0
19421,1000000US170313406001012,0,0,0,0,0,0,0,0,0,0,0,0,0,0,0,0,0,0
19422,1000000US170313406001013,0,0,0,0,0,0,0,0,0,0,0,0,0,0,0,0,0,0
19423,1000000US170313406001014,0,0,0,0,0,0,0,0,0,0,0,0,0,0,0,0,0,0
19424,1000000US170313406001015,0,0,0,0,0,0,0,0,0,0,0,0,0,0,0,0,0,0
19425,1000000US170313406001016,0,0,0,0,0,0,0,0,0,0,0,0,0,0,0,0,0,0
19426,1000000US170313406001017,77,0,77,0,0,0,0,77,0,0,77,0,45,39,6,136,0,0
19427,1000000US170313406001018,178,0,178,0,0,0,0,178,0,0,178,0,99,87,12,257,0,0
19428,1000000US170313406001019,0,0,0,0,0,0,0,0,0,0,0,0,0,0,0,0,0,0
19429,1000000US170313406001020,134,0,134,2,0,0,0,134,0,0,134,4,119,118,1,134,2,0
19430,1000000US170313406001021,81,0,81,1,0,0,0,81,0,0,81,2,60,40,20,108,1,0
19431,1000000US170313406001022,17,1,16,0,0,0,0,17,0,0,16,0,14,12,2,23,0,0
19432,1000000US170313406001023,95,0,95,0,0,0,0,95,0,0,95,0,66,53,13,144,0,0
19433,1000000US170313406001024,0,0,0,0,0,0,0,0,0,0,0,0,0,0,0,0,0,0
19434,1000000US170313406001025,0,0,0,0,0,0,0,0,0,0,0,0,0,0,0,0,0,0
19435,1000000US170313406001026,0,0,0,0,0,0,0,0,0,0,0,0,0,0,0,0,0,0
19436,1000000US170313406001027,0,0,0,0,0,0,0,0,0,0,0,0,0,0,0,0,0,0
19437,1000000US170313406001028,0,0,0,0,0,0,0,0,0,0,0,0,0,0,0,0,0,0
19438,1000000US170313406001029,48,0,48,0,0,0,0,48,0,0,48,0,32,26,6,77,0,0
19439,1000000US170313406001030,15,0,15,0,0,0,0,15,0,0,15,0,10,9,1,27,0,0
19440,1000000US170313406001031,0,0,0,0,0,0,0,0,0,0,0,0,0,0,0,0,0,0
19441,1000000US170313501001000,0,0,0,0,0,0,0,0,0,0,0,0,0,0,0,0,0,0
19442,1000000US170313501001001,0,0,0,0,0,0,0,0,0,0,0,0,0,0,0,0,0,0
19443,1000000US170313501001002,0,0,0,0,0,0,0,0,0,0,0,0,0,0,0,0,0,0
19444,1000000US170313501001003,0,0,0,0,0,0,0,0,0,0,0,0,0,0,0,0,0,0
19445,1000000US170313501001004,0,0,0,0,0,0,0,0,0,0,0,0,0,0,0,0,0,0
19446,1000000US170313501001005,0,0,0,0,0,0,0,0,0,0,0,0,0,0,0,0,0,0
19447,1000000US170313501001006,0,0,0,0,0,0,0,0,0,0,0,0,0,0,0,0,0,0
19448,1000000US170313501001007,0,0,0,0,0,0,0,0,0,0,0,0,0,0,0,0,0,0
19449,1000000US170313501001008,0,0,0,0,0,0,0,0,0,0,0,0,0,0,0,0,0,0
19450,1000000US170313501001009,0,0,0,0,0,0,0,0,0,0,0,0,0,0,0,0,0,0
19451,1000000US170313501001010,403,22,250,4,128,0,7,396,0,7,381,14,332,278,54,427,0,4
19452,1000000US170313501001011,440,9,207,1,217,0,8,432,0,8,431,6,333,278,55,452,1,1
19453,1000000US170313501001012,0,0,0,0,0,0,0,0,0,0,0,0,0,0,0,0,0,0
19454,1000000US170313501001013,0,0,0,0,0,0,0,0,0,0,0,0,0,0,0,0,0,0
19455,1000000US170313501002000,0,0,0,0,0,0,0,0,0,0,0,0,0,0,0,0,0,0
19456,1000000US170313501002001,0,0,0,0,0,0,0,0,0,0,0,0,0,0,0,0,0,0
19457,1000000US170313501002002,0,0,0,0,0,0,0,0,0,0,0,0,0,0,0,0,0,0
19458,1000000US170313501002003,0,0,0,0,0,0,0,0,0,0,0,0,0,0,0,0,0,0
19459,1000000US170313501002004,0,0,0,0,0,0,0,0,0,0,0,0,0,0,0,0,0,0
19460,1000000US170313501002005,0,0,0,0,0,0,0,0,0,0,0,0,0,0,0,0,0,0
19461,1000000US170313501002006,381,38,210,2,125,0,14,367,0,14,343,10,328,294,34,418,1,3
19462,1000000US170313501002007,373,36,243,2,88,0,8,365,0,8,337,10,328,283,45,402,2,3
19463,1000000US170313501002008,0,0,0,0,0,0,0,0,0,0,0,0,0,0,0,0,0,0
19464,1000000US170313501002009,0,0,0,0,0,0,0,0,0,0,0,0,0,0,0,0,0,0
19465,1000000US170313501002010,415,30,211,2,172,0,4,411,0,4,385,11,340,305,35,445,2,1
19466,1000000US170313504001000,0,0,0,0,0,0,0,0,0,0,0,0,0,0,0,0,0,0
19467,1000000US170313504001001,0,0,0,0,0,0,0,0,0,0,0,0,0,0,0,0,0,0
19468,1000000US170313504001002,0,0,0,0,0,0,0,0,0,0,0,0,0,0,0,0,0,0
19469,1000000US170313504001003,76,0,76,2,0,0,0,76,0,0,76,2,247,46,201,111,2,0
19470,1000000US170313504001004,0,0,0,0,0,0,0,0,0,0,0,0,0,0,0,0,0,0
19471,1000000US170313504001005,0,0,0,0,0,0,0,0,0,0,0,0,43,0,43,0,0,0
19472,1000000US170313504001006,37,0,37,0,0,0,0,37,0,0,37,0,141,21,120,55,0,0
19473,1000000US170313504001007,144,0,141,3,1,0,6,138,0,6,144,2,234,83,151,223,3,3
19474,1000000US170313504001008,0,0,0,0,0,0,0,0,0,0,0,0,0,0,0,0,0,0
19475,1000000US170313504001009,0,0,0,0,0,0,0,0,0,0,0,0,0,0,0,0,0,0
19476,1000000US170313504001010,0,0,0,0,0,0,0,0,0,0,0,0,0,0,0,0,0,0
19477,1000000US170313510001000,0,0,0,0,0,0,0,0,0,0,0,0,0,0,0,0,0,0
19478,1000000US170313510001001,0,0,0,0,0,0,0,0,0,0,0,0,0,0,0,0,0,0
19479,1000000US170313510001002,0,0,0,0,0,0,0,0,0,0,0,0,0,0,0,0,0,0
19480,1000000US170313510001003,0,0,0,0,0,0,0,0,0,0,0,0,0,0,0,0,0,0
19481,1000000US170313510001004,0,0,0,0,0,0,0,0,0,0,0,0,0,0,0,0,0,0
19482,1000000US170313510001005,32,2,30,0,0,0,0,32,0,0,30,1,20,18,2,40,0,0
19483,1000000US170313510001006,30,0,30,0,1,0,0,30,0,0,30,3,14,14,0,32,0,0
19484,1000000US170313510001007,0,0,0,0,0,0,0,0,0,0,0,0,0,0,0,0,0,0
19485,1000000US170313510001008,0,0,0,0,0,0,0,0,0,0,0,0,0,0,0,0,0,0
19486,1000000US170313510001009,337,11,316,1,4,0,8,329,0,8,326,5,239,221,18,433,1,2
19487,1000000US170313510001010,63,8,51,0,3,0,1,62,0,1,55,0,36,35,1,84,0,0
19488,1000000US170313510002000,252,7,192,2,52,0,4,248,0,4,245,4,203,182,21,282,1,3
19489,1000000US170313510002001,122,3,96,0,23,0,1,121,0,1,119,1,91,84,7,126,0,0
19490,1000000US170313510002002,0,0,0,0,0,0,0,0,0,0,0,0,0,0,0,0,0,0
19491,1000000US170313510002003,0,0,0,0,0,0,0,0,0,0,0,0,0,0,0,0,0,0
19492,1000000US170313510002004,283,3,249,2,27,1,5,278,0,5,280,4,235,205,30,323,1,2
19493,1000000US170313510002005,0,0,0,0,0,0,0,0,0,0,0,0,0,0,0,0,0,0
19494,1000000US170313510002006,0,0,0,0,0,0,0,0,0,0,0,0,0,0,0,0,0,0
19495,1000000US170313510003000,65,9,54,0,0,0,0,65,0,0,56,0,45,41,4,80,0,0
19496,1000000US170313510003001,432,32,229,5,164,0,2,430,0,2,400,6,305,270,35,475,4,2
19497,1000000US170313510003002,0,0,0,0,0,0,0,0,0,0,0,0,0,0,0,0,0,0
19498,1000000US170313510003003,0,0,0,0,0,0,0,0,0,0,0,0,0,0,0,0,0,0
19499,1000000US170313510003004,345,11,245,10,81,0,14,331,0,14,334,11,244,226,18,389,4,6
19500,1000000US170313510003005,530,24,391,12,114,0,5,525,0,5,506,23,413,352,61,558,5,3
19501,1000000US170313510003006,0,0,0,0,0,0,0,0,0,0,0,0,0,0,0,0,0,0
19502,1000000US170313510003007,405,21,269,6,111,0,4,401,0,4,384,9,313,269,44,445,3,0
19503,1000000US170313510003008,0,0,0,0,0,0,0,0,0,0,0,0,0,0,0,0,0,0
19504,1000000US170313510003009,0,0,0,0,0,0,0,0,0,0,0,0,0,0,0,0,0,0
19505,1000000US170313510003010,0,0,0,0,0,0,0,0,0,0,0,0,0,0,0,0,0,0
19506,1000000US170313511001000,714,0,705,9,5,0,10,704,0,10,714,12,490,472,18,1151,9,8
19507,1000000US170313511001001,118,10,106,0,0,0,6,112,0,6,108,1,78,68,10,155,0,4
19508,1000000US170313511001002,344,1,339,2,0,0,1,343,0,1,343,1,254,238,16,599,2,0
19509,1000000US170313511001003,3,0,3,0,0,0,0,3,0,0,3,0,2,2,0,5,0,0
19510,1000000US170313511002000,0,0,0,0,0,0,0,0,0,0,0,0,0,0,0,0,0,0
19511,1000000US170313511002001,2,0,2,0,0,0,0,2,0,0,2,0,4,1,3,7,0,0
19512,1000000US170313511002002,0,0,0,0,0,0,0,0,0,0,0,0,0,0,0,0,0,0
19513,1000000US170313511002003,0,0,0,0,0,0,0,0,0,0,0,0,0,0,0,0,0,0
19514,1000000US170313511002004,0,0,0,0,0,0,0,0,0,0,0,0,0,0,0,0,0,0
19515,1000000US170313511002005,0,0,0,0,0,0,0,0,0,0,0,0,0,0,0,0,0,0
19516,1000000US170313511002006,25,0,25,0,0,0,0,25,0,0,25,0,20,12,8,43,0,0
19517,1000000US170313511003000,0,0,0,0,0,0,0,0,0,0,0,0,0,0,0,0,0,0
19518,1000000US170313511003001,0,0,0,0,0,0,0,0,0,0,0,0,0,0,0,0,0,0
19519,1000000US170313511003002,0,0,0,0,0,0,0,0,0,0,0,0,0,0,0,0,0,0
19520,1000000US170313511003003,0,0,0,0,0,0,0,0,0,0,0,0,0,0,0,0,0,0
19521,1000000US170313511003004,0,0,0,0,0,0,0,0,0,0,0,0,0,0,0,0,0,0
19522,1000000US170313511003005,0,0,0,0,0,0,0,0,0,0,0,0,0,0,0,0,0,0
19523,1000000US170313514001000,3,0,3,0,0,0,0,3,0,0,3,0,3,3,0,3,0,0
19524,1000000US170313514001001,1,1,0,0,0,0,0,1,0,0,0,0,1,1,0,1,0,0
19525,1000000US170313514001002,0,0,0,0,0,0,0,0,0,0,0,0,0,0,0,0,0,0
19526,1000000US170313514001003,0,0,0,0,0,0,0,0,0,0,0,0,0,0,0,0,0,0
19527,1000000US170313514001004,0,0,0,0,0,0,0,0,0,0,0,0,0,0,0,0,0,0
19528,1000000US170313514001005,0,0,0,0,0,0,0,0,0,0,0,0,0,0,0,0,0,0
19529,1000000US170313514001006,0,0,0,0,0,0,0,0,0,0,0,0,0,0,0,0,0,0
19530,1000000US170313514001007,0,0,0,0,0,0,0,0,0,0,0,0,0,0,0,0,0,0
19531,1000000US170313514001008,0,0,0,0,0,0,0,0,0,0,0,0,0,0,0,0,0,0
19532,1000000US170313514001009,45,0,45,0,0,0,0,45,0,0,45,0,26,26,0,57,0,0
19533,1000000US170313514001010,116,2,113,0,1,0,0,116,0,0,114,0,112,110,2,116,0,0
19534,1000000US170313514001011,167,0,166,1,1,0,2,165,0,2,167,2,97,95,2,310,1,1
19535,1000000US170313514001012,0,0,0,0,0,0,0,0,0,0,0,0,0,0,0,0,0,0
19536,1000000US170313514001013,0,0,0,0,0,0,0,0,0,0,0,0,0,0,0,0,0,0
19537,1000000US170313514001014,0,0,0,0,0,0,0,0,0,0,0,0,0,0,0,0,0,0
19538,1000000US170313514001015,14,0,14,1,0,0,0,14,0,0,14,2,10,5,5,16,1,0
19539,1000000US170313514001016,35,0,35,0,0,0,0,35,0,0,35,0,27,19,8,42,0,0
19540,1000000US170313514001017,12,0,12,0,0,0,0,12,0,0,12,0,16,8,8,18,0,0
19541,1000000US170313514001018,0,0,0,0,0,0,0,0,0,0,0,0,0,0,0,0,0,0
19542,1000000US170313514001019,14,0,14,0,0,0,0,14,0,0,14,0,7,6,1,15,0,0
19543,1000000US170313514001020,18,0,18,0,0,0,0,18,0,0,18,0,10,9,1,29,0,0
19544,1000000US170313514001021,16,1,15,0,0,0,0,16,0,0,15,0,13,12,1,20,0,0
19545,1000000US170313514001022,95,8,81,1,0,0,7,88,0,7,87,1,13,13,0,103,1,1
19546,1000000US170313514001023,14,0,12,0,0,0,2,12,0,2,14,0,10,7,3,16,0,0
19547,1000000US170313514001024,30,0,29,0,1,1,0,30,0,0,30,1,17,15,2,37,0,0
19548,1000000US170313514001025,2,0,2,0,0,0,0,2,0,0,2,0,2,1,1,2,0,0
19549,1000000US170313514001026,0,0,0,0,0,0,0,0,0,0,0,0,0,0,0,0,0,0
19550,1000000US170313514001027,0,0,0,0,0,0,0,0,0,0,0,0,0,0,0,0,0,0
19551,1000000US170313514001028,15,0,15,0,0,0,0,15,0,0,15,0,13,9,4,20,0,0
19552,1000000US170313514001029,116,7,108,0,1,0,0,116,0,0,109,1,124,110,14,120,0,0
19553,1000000US170313514001030,177,3,167,8,2,2,0,177,0,0,174,4,122,114,8,275,7,0
19554,1000000US170313514001031,29,2,27,0,0,0,0,29,0,0,27,0,29,21,8,38,0,0
19555,1000000US170313514001032,29,0,29,0,0,0,0,29,0,0,29,0,16,10,6,38,0,0
19556,1000000US170313514001033,2,0,2,0,0,0,0,2,0,0,2,0,1,1,0,2,0,0
19557,1000000US170313514001034,23,3,19,0,0,0,2,21,0,2,20,1,16,13,3,28,0,1
19558,1000000US170313514001035,109,1,108,0,0,0,0,109,0,0,108,2,80,77,3,131,0,0
19559,1000000US170313515001000,0,0,0,0,0,0,0,0,0,0,0,0,0,0,0,0,0,0
19560,1000000US170313515001001,0,0,0,0,0,0,0,0,0,0,0,0,1,0,1,0,0,0
19561,1000000US170313515001002,0,0,0,0,0,0,0,0,0,0,0,0,0,0,0,0,0,0
19562,1000000US170313515002000,71,21,31,1,17,0,1,70,0,1,50,0,50,42,8,74,1,0
19563,1000000US170313515002001,12,0,12,0,0,0,0,12,0,0,12,0,7,4,3,16,0,0
19564,1000000US170313515002002,4,0,4,0,0,0,0,4,0,0,4,0,5,3,2,10,0,0
19565,1000000US170313515002003,29,0,29,0,0,0,0,29,0,0,29,0,23,13,10,43,0,0
19566,1000000US170313515002004,41,5,34,0,1,0,1,40,0,1,36,0,35,22,13,53,0,0
19567,1000000US170313515002005,30,7,21,0,2,0,0,30,0,0,23,0,19,14,5,47,0,0
19568,1000000US170313515002006,6,0,6,0,0,0,0,6,0,0,6,0,4,2,2,12,0,0
19569,1000000US170313515002007,0,0,0,0,0,0,0,0,0,0,0,0,0,0,0,0,0,0
19570,1000000US170313602001000,362,3,354,0,2,2,1,361,0,1,359,3,268,244,24,479,0,0
19571,1000000US170313602001001,0,0,0,0,0,0,0,0,0,0,0,0,0,0,0,0,0,0
19572,1000000US170313602001002,0,0,0,0,0,0,0,0,0,0,0,0,0,0,0,0,0,0
19573,1000000US170313602001003,27,0,27,0,0,0,0,27,0,0,27,0,21,17,4,39,0,0
19574,1000000US170313602001004,123,1,121,0,0,0,1,122,0,1,122,1,99,94,5,189,0,0
19575,1000000US170313602001005,5,0,5,0,0,0,0,5,0,0,5,0,3,2,1,8,0,0
19576,1000000US170313602001006,31,0,31,0,0,0,0,31,0,0,31,0,18,18,0,58,0,0
19577,1000000US170313602001007,32,0,30,1,0,0,2,30,0,2,32,0,20,20,0,80,1,0
19578,1000000US170313602001008,112,0,112,1,0,0,0,112,0,0,112,2,79,68,11,187,1,0
19579,1000000US170313602001009,32,1,30,0,0,0,2,30,0,2,31,0,22,17,5,41,0,1
19580,1000000US170313602001010,60,1,56,0,1,0,1,59,0,1,59,1,31,30,1,105,0,0
19581,1000000US170313602001011,20,0,20,0,0,0,0,20,0,0,20,0,12,11,1,34,0,0
19582,1000000US170313602001012,37,2,31,1,2,0,2,35,0,2,35,1,25,22,3,46,1,1
19583,1000000US170313602001013,78,0,78,2,0,0,3,75,0,3,78,2,55,52,3,140,2,3
19584,1000000US170313602001014,12,0,12,0,0,0,0,12,0,0,12,0,4,4,0,20,0,0
19585,1000000US170313602001015,8,0,8,0,0,0,0,8,0,0,8,0,3,3,0,17,0,0
19586,1000000US170313801001000,0,0,0,0,0,0,0,0,0,0,0,0,0,0,0,0,0,0
19587,1000000US170313801001001,0,0,0,0,0,0,0,0,0,0,0,0,0,0,0,0,0,0
19588,1000000US170313801001002,104,4,98,2,0,0,4,100,0,4,100,4,73,57,16,136,2,2
19589,1000000US170313801001003,15,2,13,0,0,0,0,15,0,0,13,2,12,9,3,16,0,0
19590,1000000US170313801001004,24,2,16,0,0,0,8,16,0,8,22,1,18,17,1,28,0,2
19591,1000000US170313801001005,4,0,4,0,0,0,0,4,0,0,4,0,3,2,1,5,0,0
19592,1000000US170313801001006,0,0,0,0,0,0,0,0,0,0,0,0,0,0,0,0,0,0
19593,1000000US170313801001007,9,0,9,0,0,0,0,9,0,0,9,0,11,7,4,17,0,0
19594,1000000US170313801001008,33,4,28,0,0,0,1,32,0,1,29,0,29,20,9,46,0,0
19595,1000000US170313801001009,16,3,13,0,0,0,0,16,0,0,13,0,9,9,0,19,0,0
19596,1000000US170313801001010,27,2,24,1,0,1,4,23,0,4,25,1,15,13,2,38,1,3
19597,1000000US170313801001011,92,0,92,0,0,0,2,90,0,2,92,0,52,52,0,132,0,2
19598,1000000US170313801001012,14,2,12,0,0,0,0,14,0,0,12,2,9,8,1,27,0,0
19599,1000000US170313801001013,55,2,52,0,0,0,2,53,0,2,53,0,31,25,6,64,0,1
19600,1000000US170313801001014,10,1,9,0,0,0,0,10,0,0,9,0,8,7,1,12,0,0
19601,1000000US170313801001015,43,1,40,0,2,0,0,43,0,0,42,1,20,19,1,51,0,0
19602,1000000US170313801001016,0,0,0,0,0,0,0,0,0,0,0,0,43,0,43,0,0,0
19603,1000000US170313801001017,58,0,58,0,0,0,0,58,0,0,58,1,34,25,9,74,0,0
19604,1000000US170313801001018,38,1,37,3,0,0,1,37,0,1,37,3,33,23,10,57,3,1
19605,1000000US170313801001019,57,3,54,3,0,0,1,56,0,1,54,4,35,33,2,77,3,1
19606,1000000US170313801001020,42,4,37,0,0,0,1,41,0,1,38,1,27,25,2,52,0,0
19607,1000000US170313801001021,14,1,13,0,0,0,0,14,0,0,13,0,9,7,2,22,0,0
19608,1000000US170313801001022,22,0,22,0,0,0,1,21,0,1,22,0,17,15,2,29,0,1
19609,1000000US170313801001023,10,0,10,0,0,0,0,10,0,0,10,0,6,6,0,17,0,0
19610,1000000US170313801001024,21,0,21,1,0,0,0,21,0,0,21,2,18,15,3,22,1,0
19611,1000000US170313801001025,13,1,10,0,1,0,1,12,0,1,12,0,6,6,0,19,0,0
19612,1000000US170313801001026,30,0,29,0,0,0,2,28,0,2,30,0,19,15,4,39,0,1
19613,1000000US170313801001027,0,0,0,0,0,0,0,0,0,0,0,0,0,0,0,0,0,0
19614,1000000US170313801001028,83,1,82,0,0,0,0,83,0,0,82,0,42,40,2,132,0,0
19615,1000000US170313801001029,55,6,48,0,1,1,0,55,0,0,49,1,34,31,3,71,0,0
19616,1000000US170313801001030,41,0,41,0,0,0,0,41,0,0,41,0,27,18,9,41,0,0
19617,1000000US170313801001031,16,0,16,0,0,0,0,16,0,0,16,0,12,9,3,18,0,0
19618,1000000US170313801001032,507,2,500,7,2,1,4,503,0,4,505,7,478,425,53,542,6,3
19619,1000000US170313801001033,11,0,11,0,0,0,0,11,0,0,11,0,9,7,2,12,0,0
19620,1000000US170313801001034,6,0,6,0,0,0,0,6,0,0,6,0,3,2,1,9,0,0
19621,1000000US170313801001035,70,0,69,2,2,0,0,70,0,0,70,3,29,29,0,92,1,0
19622,1000000US170313801001036,6,0,6,0,0,0,0,6,0,0,6,0,3,3,0,8,0,0
19623,1000000US170313802001000,0,0,0,0,0,0,0,0,0,0,0,0,0,0,0,0,0,0
19624,1000000US170313802001001,0,0,0,0,0,0,0,0,0,0,0,0,0,0,0,0,0,0
19625,1000000US170313802001002,53,6,46,1,0,0,1,52,0,1,47,4,33,31,2,67,1,0
19626,1000000US170313802001003,153,5,146,2,1,0,3,150,0,3,148,5,146,121,25,180,1,2
19627,1000000US170313802001004,49,0,49,2,0,0,0,49,0,0,49,2,32,27,5,75,2,0
19628,1000000US170313802001005,15,0,15,2,0,0,0,15,0,0,15,2,8,8,0,29,2,0
19629,1000000US170313802002000,570,2,566,5,0,0,0,570,0,0,568,6,525,479,46,577,5,0
19630,1000000US170313802002001,0,0,0,0,0,0,0,0,0,0,0,0,0,0,0,0,0,0
19631,1000000US170313802002002,53,1,52,1,0,0,0,53,0,0,52,2,28,26,2,64,0,0
19632,1000000US170313802002003,8,0,8,0,0,0,0,8,0,0,8,0,8,4,4,9,0,0
19633,1000000US170313802002004,10,0,10,1,0,0,0,10,0,0,10,1,8,8,0,15,0,0
19634,1000000US170313802002005,179,0,175,2,2,0,1,178,0,1,179,2,118,115,3,229,2,1
19635,1000000US170313802002006,217,1,212,7,0,0,1,216,0,1,216,3,198,187,11,224,4,1
19636,1000000US170313802002007,36,1,34,2,0,0,1,35,0,1,35,2,29,22,7,53,0,0
19637,1000000US170313802002008,27,0,26,3,0,0,1,26,0,1,27,3,12,11,1,30,3,0
19638,1000000US170313802002009,3,0,3,0,0,0,0,3,0,0,3,0,1,1,0,3,0,0
19639,1000000US170313802002010,0,0,0,0,0,0,0,0,0,0,0,0,0,0,0,0,0,0
19640,1000000US170313802002011,39,1,37,0,0,0,1,38,0,1,38,0,25,25,0,62,0,0
19641,1000000US170313802002012,5,0,5,0,0,0,0,5,0,0,5,0,3,3,0,7,0,0
19642,1000000US170313802002013,19,2,16,0,0,0,1,18,0,1,17,0,13,13,0,29,0,0
19643,1000000US170313802002014,22,1,21,0,0,0,0,22,0,0,21,0,17,16,1,27,0,0
19644,1000000US170313802002015,0,0,0,0,0,0,0,0,0,0,0,0,0,0,0,0,0,0
19645,1000000US170313805001000,14,0,12,0,0,0,2,12,0,2,14,0,8,8,0,22,0,0
19646,1000000US170313805001001,230,0,230,4,0,0,1,229,0,1,230,4,151,149,2,391,3,1
19647,1000000US170313805001002,3,0,3,0,0,0,1,2,0,1,3,0,2,2,0,4,0,1
19648,1000000US170313805001003,63,0,63,0,0,0,2,61,0,2,63,2,38,38,0,107,0,2
19649,1000000US170313805001004,19,0,19,0,0,0,1,18,0,1,19,0,9,9,0,30,0,1
19650,1000000US170313805001005,28,0,28,0,0,0,1,27,0,1,28,0,22,20,2,49,0,1
19651,1000000US170313805001006,66,0,66,0,0,0,0,66,0,0,66,0,38,38,0,98,0,0
19652,1000000US170313805001007,0,0,0,0,0,0,0,0,0,0,0,0,0,0,0,0,0,0
19653,1000000US170313805001008,39,0,39,2,0,0,0,39,0,0,39,2,24,24,0,51,2,0
19654,1000000US170313807001000,38,0,38,0,0,0,1,37,0,1,38,1,25,24,1,50,0,1
19655,1000000US170313807001001,124,1,123,1,0,0,4,120,0,4,123,3,75,64,11,161,1,4
19656,1000000US170313807001002,48,3,45,0,0,0,0,48,0,0,45,0,42,33,9,54,0,0
19657,1000000US170313807001003,7,0,7,0,0,0,0,7,0,0,7,0,5,4,1,8,0,0
19658,1000000US170313807001004,212,5,203,2,2,0,4,208,0,4,207,5,21,16,5,222,2,2
19659,1000000US170313807001005,0,0,0,0,0,0,0,0,0,0,0,0,1,0,1,0,0,0
19660,1000000US170313807001006,0,0,0,0,0,0,0,0,0,0,0,0,0,0,0,0,0,0
19661,1000000US170313807001007,3,0,3,0,0,0,0,3,0,0,3,0,1,1,0,3,0,0
19662,1000000US170313807001008,0,0,0,0,0,0,0,0,0,0,0,0,0,0,0,0,0,0
19663,1000000US170313807001009,43,1,42,0,0,0,0,43,0,0,42,2,33,28,5,53,0,0
19664,1000000US170313807001010,69,0,69,0,0,0,0,69,0,0,69,1,45,43,2,101,0,0
19665,1000000US170313807001011,72,2,66,0,1,0,4,68,0,4,70,0,65,41,24,85,0,1
19666,1000000US170313807001012,74,0,69,1,1,0,5,69,0,5,74,2,49,41,8,104,0,1
19667,1000000US170313807001013,119,1,116,2,2,0,0,119,0,0,118,3,85,73,12,155,1,0
19668,1000000US170313807001014,55,5,50,0,0,0,1,54,0,1,50,1,24,16,8,69,0,1
19669,1000000US170313807001015,69,0,69,2,1,0,1,68,0,1,69,3,61,61,0,72,2,1
19670,1000000US170313807001016,4,0,4,0,0,0,0,4,0,0,4,0,5,4,1,6,0,0
19671,1000000US170313807001017,71,0,67,2,0,0,3,68,0,3,71,2,61,40,21,100,0,0
19672,1000000US170313812001000,62,0,60,1,2,0,0,62,0,0,62,1,36,30,6,71,1,0
19673,1000000US170313812001001,92,0,92,2,0,0,3,89,0,3,92,3,67,55,12,123,2,3
19674,1000000US170313812001002,9,0,9,0,0,0,0,9,0,0,9,0,7,5,2,12,0,0
19675,1000000US170313812001003,25,0,25,0,0,0,0,25,0,0,25,0,13,13,0,33,0,0
19676,1000000US170313812001004,14,0,14,0,0,0,0,14,0,0,14,0,13,12,1,14,0,0
19677,1000000US170313812001005,47,0,47,0,0,0,1,46,0,1,47,0,35,33,2,55,0,1
19678,1000000US170313812001006,58,0,58,0,0,0,2,56,0,2,58,0,55,55,0,58,0,2
19679,1000000US170313812001007,20,1,19,0,0,0,0,20,0,0,19,0,14,10,4,33,0,0
19680,1000000US170313812001008,0,0,0,0,0,0,0,0,0,0,0,0,0,0,0,0,0,0
19681,1000000US170313812001009,51,1,50,0,0,0,0,51,0,0,50,0,29,26,3,67,0,0
19682,1000000US170313812001010,96,1,93,0,0,0,0,96,0,0,95,1,57,57,0,160,0,0
19683,1000000US170313812001011,21,0,21,0,0,0,0,21,0,0,21,0,8,7,1,25,0,0
19684,1000000US170313812002000,35,0,35,3,0,0,0,35,0,0,35,4,15,13,2,43,3,0
19685,1000000US170313812002001,10,0,10,0,0,0,0,10,0,0,10,0,12,8,4,14,0,0
19686,1000000US170313812002002,18,0,18,0,0,0,0,18,0,0,18,0,28,9,19,30,0,0
19687,1000000US170313812002003,15,0,15,0,0,0,0,15,0,0,15,0,9,9,0,22,0,0
19688,1000000US170313812002004,12,0,12,0,0,0,0,12,0,0,12,0,7,6,1,13,0,0
19689,1000000US170313812002005,0,0,0,0,0,0,0,0,0,0,0,0,0,0,0,0,0,0
19690,1000000US170313812002006,0,0,0,0,0,0,0,0,0,0,0,0,0,0,0,0,0,0
19691,1000000US170313812002007,15,0,12,0,0,0,3,12,0,3,15,0,8,6,2,17,0,0
19692,1000000US170313812002008,22,2,17,0,0,0,4,18,0,4,20,0,23,11,12,29,0,1
19693,1000000US170313812002009,35,0,35,0,0,0,1,34,0,1,35,1,30,24,6,41,0,1
19694,1000000US170313812002010,51,0,51,3,0,0,0,51,0,0,51,3,31,30,1,77,1,0
19695,1000000US170313812002011,47,0,47,0,0,0,2,45,0,2,47,2,28,25,3,60,0,2
19696,1000000US170313812002012,16,1,13,0,0,2,0,16,0,0,15,0,17,11,6,19,0,0
19697,1000000US170313812002013,0,0,0,0,0,0,0,0,0,0,0,0,1,0,1,0,0,0
19698,1000000US170313812002014,124,0,124,3,0,0,0,124,0,0,124,3,81,70,11,203,1,0
19699,1000000US170313812002015,0,0,0,0,0,0,0,0,0,0,0,0,0,0,0,0,0,0
19700,1000000US170313812002016,0,0,0,0,0,0,0,0,0,0,0,0,0,0,0,0,0,0
19701,1000000US170313812002017,5,0,5,0,0,0,0,5,0,0,5,0,4,4,0,5,0,0
19702,1000000US170313812002018,393,0,391,13,2,0,0,393,0,0,393,15,315,307,8,503,12,0
19703,1000000US170313812002019,27,2,25,0,0,0,1,26,0,1,25,0,23,20,3,31,0,1
19704,1000000US170313812002020,64,1,62,0,1,0,2,62,0,2,63,1,53,43,10,88,0,1
19705,1000000US170313812002021,56,1,53,0,1,0,1,55,0,1,55,0,29,24,5,80,0,0
19706,1000000US170313812002022,54,0,53,2,0,0,2,52,0,2,54,2,32,29,3,83,2,1
19707,1000000US170313812002023,51,3,47,0,0,0,1,50,0,1,48,0,31,26,5,60,0,0
19708,1000000US170313812002024,65,4,61,0,0,1,1,64,0,1,61,1,54,42,12,98,0,1
19709,1000000US170313814001000,28,1,27,0,0,0,1,27,0,1,27,0,24,21,3,33,0,1
19710,1000000US170313814001001,38,0,38,0,0,0,0,38,0,0,38,1,23,17,6,57,0,0
19711,1000000US170313814001002,16,0,16,0,0,0,0,16,0,0,16,0,16,10,6,21,0,0
19712,1000000US170313814001003,58,0,58,0,1,0,0,58,0,0,58,2,40,30,10,89,0,0
19713,1000000US170313814001004,74,0,74,0,0,0,0,74,0,0,74,0,46,37,9,114,0,0
19714,1000000US170313814001005,60,0,58,2,0,0,1,59,0,1,60,0,41,37,4,76,2,1
19715,1000000US170313814001006,49,1,48,0,0,0,0,49,0,0,48,0,60,31,29,71,0,0
19716,1000000US170313814001007,85,0,85,0,1,0,0,85,0,0,85,1,66,41,25,119,0,0
19717,1000000US170313814001008,27,0,27,0,0,0,0,27,0,0,27,0,20,14,6,40,0,0
19718,1000000US170313814001009,72,0,72,1,0,0,1,71,0,1,72,2,42,33,9,113,1,1
19719,1000000US170313814001010,0,0,0,0,0,0,0,0,0,0,0,0,0,0,0,0,0,0
19720,1000000US170313814001011,0,0,0,0,0,0,0,0,0,0,0,0,0,0,0,0,0,0
19721,1000000US170313814001012,43,0,43,0,0,0,0,43,0,0,43,0,20,19,1,66,0,0
19722,1000000US170313814001013,81,2,79,0,0,0,0,81,0,0,79,0,64,44,20,121,0,0
19723,1000000US170313814001014,49,1,48,0,0,0,0,49,0,0,48,0,31,28,3,71,0,0
19724,1000000US170313814001015,89,0,88,0,0,0,1,88,0,1,89,0,60,53,7,127,0,0
19725,1000000US170313814001016,46,1,45,0,0,0,0,46,0,0,45,0,22,22,0,79,0,0
19726,1000000US170313814001017,70,2,67,1,1,0,1,69,0,1,68,1,47,39,8,120,0,0
19727,1000000US170313814001018,83,0,82,0,0,0,2,81,0,2,83,0,72,48,24,117,0,1
19728,1000000US170313814001019,12,0,12,0,0,0,0,12,0,0,12,0,14,7,7,27,0,0
19729,1000000US170313814001020,0,0,0,0,0,0,0,0,0,0,0,0,20,0,20,0,0,0
19730,1000000US170313814001021,37,0,37,0,0,0,0,37,0,0,37,0,26,18,8,61,0,0
19731,1000000US170313814001022,66,0,66,0,0,0,1,65,0,1,66,0,48,36,12,76,0,1
19732,1000000US170313814001023,12,1,11,1,0,0,0,12,0,0,11,1,7,7,0,14,0,0
19733,1000000US170313815001000,14,2,12,0,0,0,0,14,0,0,12,0,9,7,2,23,0,0
19734,1000000US170313815001001,47,0,44,1,0,0,4,43,0,4,47,1,46,33,13,58,1,1
19735,1000000US170313815001002,42,0,40,0,0,0,2,40,0,2,42,1,40,33,7,47,0,0
19736,1000000US170313815001003,56,0,55,0,0,0,1,55,0,1,56,2,30,29,1,87,0,0
19737,1000000US170313815001004,0,0,0,0,0,0,0,0,0,0,0,0,151,0,151,0,0,0
19738,1000000US170313815001005,16,0,16,0,0,0,1,15,0,1,16,0,14,7,7,22,0,1
19739,1000000US170313815001006,0,0,0,0,0,0,0,0,0,0,0,0,0,0,0,0,0,0
19740,1000000US170313815001007,0,0,0,0,0,0,0,0,0,0,0,0,0,0,0,0,0,0
19741,1000000US170313817001000,0,0,0,0,0,0,0,0,0,0,0,0,0,0,0,0,0,0
19742,1000000US170313817001001,0,0,0,0,0,0,0,0,0,0,0,0,0,0,0,0,0,0
19743,1000000US170313818001000,6,0,6,0,0,0,0,6,0,0,6,0,10,4,6,6,0,0
19744,1000000US170313818001001,46,2,42,1,0,0,2,44,0,2,44,0,37,30,7,59,1,0
19745,1000000US170313818001002,25,2,23,2,0,0,0,25,0,0,23,2,49,13,36,32,2,0
19746,1000000US170313818001003,2,0,2,0,0,0,0,2,0,0,2,0,1,1,0,5,0,0
19747,1000000US170313818001004,59,1,55,2,0,0,4,55,0,4,58,2,51,29,22,83,1,2
19748,1000000US170313818001005,0,0,0,0,0,0,0,0,0,0,0,0,0,0,0,0,0,0
19749,1000000US170313818001006,79,2,76,1,3,0,0,79,0,0,77,4,55,47,8,118,1,0
19750,1000000US170313818001007,109,2,104,0,1,0,2,107,0,2,107,2,74,67,7,168,0,0
19751,1000000US170313818001008,51,2,46,1,0,0,3,48,0,3,49,1,36,30,6,77,1,0
19752,1000000US170313818001009,37,0,37,1,0,0,0,37,0,0,37,1,36,19,17,60,1,0
19753,1000000US170313818001010,0,0,0,0,0,0,0,0,0,0,0,0,0,0,0,0,0,0
19754,1000000US170313818001011,95,0,95,0,1,0,0,95,0,0,95,2,94,85,9,102,0,0
19755,1000000US170313818002000,1,0,0,0,0,0,1,0,0,1,1,0,1,1,0,1,0,0
19756,1000000US170313818002001,8,0,8,0,0,0,0,8,0,0,8,0,11,6,5,8,0,0
19757,1000000US170313818002002,5,0,5,0,0,0,0,5,0,0,5,0,3,3,0,7,0,0
19758,1000000US170313818002003,19,0,18,0,0,0,2,17,0,2,19,0,23,14,9,27,0,1
19759,1000000US170313818002004,33,1,28,0,1,0,3,30,0,3,32,1,28,19,9,43,0,0
19760,1000000US170313818002005,34,2,30,0,0,0,2,32,0,2,32,0,19,18,1,51,0,0
19761,1000000US170313818002006,33,0,33,0,0,0,0,33,0,0,33,2,21,14,7,37,0,0
19762,1000000US170313818002007,127,2,123,2,0,0,2,125,0,2,125,1,128,124,4,130,2,1
19763,1000000US170313818002008,37,6,30,0,0,0,1,36,0,1,31,0,25,23,2,41,0,0
19764,1000000US170313818002009,94,4,90,0,0,0,2,92,0,2,90,1,51,40,11,118,0,2
19765,1000000US170313818002010,7,0,7,0,0,0,1,6,0,1,7,0,4,4,0,15,0,1
19766,1000000US170313819001000,100,6,93,0,1,0,0,100,0,0,94,0,71,59,12,143,0,0
19767,1000000US170313819001001,40,3,33,0,1,0,3,37,0,3,37,1,30,24,6,54,0,0
19768,1000000US170313819001002,76,1,74,0,0,0,0,76,0,0,75,0,41,37,4,94,0,0
19769,1000000US170313819001003,32,0,32,0,0,0,0,32,0,0,32,0,25,23,2,40,0,0
19770,1000000US170313819001004,29,2,27,0,0,0,0,29,0,0,27,0,26,19,7,42,0,0
19771,1000000US170313819001005,72,1,65,0,3,0,4,68,0,4,71,1,65,64,1,78,0,1
19772,1000000US170313819001006,86,0,85,1,0,0,0,86,0,0,86,0,43,40,3,132,1,0
19773,1000000US170313819001007,0,0,0,0,0,0,0,0,0,0,0,0,0,0,0,0,0,0
19774,1000000US170313819002000,82,2,80,1,0,0,0,82,0,0,80,1,62,48,14,103,1,0
19775,1000000US170313819002001,59,3,56,2,0,0,1,58,0,1,56,2,38,33,5,70,0,1
19776,1000000US170313819002002,57,0,57,0,0,1,1,56,0,1,57,1,33,29,4,77,0,1
19777,1000000US170313819002003,1,0,1,0,0,0,0,1,0,0,1,0,1,1,0,1,0,0
19778,1000000US170313819002004,40,2,37,1,0,0,1,39,0,1,38,2,29,21,8,46,0,0
19779,1000000US170313819002005,41,5,34,0,0,0,2,39,0,2,36,0,36,28,8,51,0,0
19780,1000000US170313819002006,20,8,12,0,0,0,0,20,0,0,12,0,14,13,1,25,0,0
19781,1000000US170313819002007,33,1,31,0,1,0,0,33,0,0,32,0,21,18,3,44,0,0
19782,1000000US170313819002008,4,0,4,0,0,0,0,4,0,0,4,0,4,3,1,4,0,0
19783,1000000US170313819002009,0,0,0,0,0,0,0,0,0,0,0,0,0,0,0,0,0,0
19784,1000000US170313819002010,163,5,156,0,0,0,2,161,0,2,158,0,95,94,1,291,0,0
19785,1000000US170313901001000,0,0,0,0,0,0,0,0,0,0,0,0,0,0,0,0,0,0
19786,1000000US170313901001001,0,0,0,0,0,0,0,0,0,0,0,0,0,0,0,0,0,0
19787,1000000US170313901001002,0,0,0,0,0,0,0,0,0,0,0,0,0,0,0,0,0,0
19788,1000000US170313901001003,0,0,0,0,0,0,0,0,0,0,0,0,0,0,0,0,0,0
19789,1000000US170313901001004,30,0,30,0,0,0,1,29,0,1,30,1,16,15,1,43,0,1
19790,1000000US170313901001005,51,5,42,0,2,2,1,50,0,1,46,2,25,24,1,67,0,0
19791,1000000US170313901001006,49,2,46,0,0,0,0,49,0,0,47,0,34,26,8,68,0,0
19792,1000000US170313901001007,76,8,65,0,2,0,3,73,0,3,68,0,46,42,4,105,0,2
19793,1000000US170313901001008,322,8,301,0,7,0,6,316,0,6,314,5,219,203,16,458,0,0
19794,1000000US170313901001009,0,0,0,0,0,0,0,0,0,0,0,0,0,0,0,0,0,0
19795,1000000US170313901001010,0,0,0,0,0,0,0,0,0,0,0,0,0,0,0,0,0,0
19796,1000000US170313901001011,0,0,0,0,0,0,0,0,0,0,0,0,0,0,0,0,0,0
19797,1000000US170313901001012,0,0,0,0,0,0,0,0,0,0,0,0,0,0,0,0,0,0
19798,1000000US170313901001013,165,3,159,1,0,1,3,162,0,3,162,1,107,99,8,255,1,1
19799,1000000US170313901001014,54,0,53,0,1,0,0,54,0,0,54,0,23,23,0,63,0,0
19800,1000000US170313901001015,46,8,38,0,0,0,2,44,0,2,38,0,29,27,2,61,0,2
19801,1000000US170313901001016,47,7,38,0,2,0,0,47,0,0,40,0,43,28,15,51,0,0
19802,1000000US170313901001017,60,0,60,0,0,0,0,60,0,0,60,0,51,33,18,97,0,0
19803,1000000US170313901001018,0,0,0,0,0,0,0,0,0,0,0,0,0,0,0,0,0,0
19804,1000000US170313902001000,161,9,148,0,1,0,8,153,0,8,152,1,91,86,5,220,0,5
19805,1000000US170313902001001,24,0,24,0,0,0,0,24,0,0,24,1,15,15,0,38,0,0
19806,1000000US170313902001002,29,1,22,0,1,0,5,24,0,5,28,0,21,19,2,45,0,0
19807,1000000US170313902001003,188,30,137,5,15,0,9,179,0,9,158,11,121,114,7,242,1,2
19808,1000000US170313902001004,29,4,23,0,2,0,0,29,0,0,25,0,22,22,0,39,0,0
19809,1000000US170313902001005,174,1,170,1,0,0,3,171,0,3,173,2,126,117,9,265,1,0
19810,1000000US170313902001006,130,10,109,1,9,0,4,126,0,4,120,2,99,92,7,158,0,2
19811,1000000US170313902002000,42,2,38,0,1,0,1,41,0,1,40,0,31,27,4,69,0,0
19812,1000000US170313902002001,37,1,32,0,0,0,4,33,0,4,36,0,28,22,6,64,0,0
19813,1000000US170313902002002,0,0,0,0,0,0,0,0,0,0,0,0,0,0,0,0,0,0
19814,1000000US170313902002003,0,0,0,0,0,0,0,0,0,0,0,0,0,0,0,0,0,0
19815,1000000US170313902002004,49,5,39,0,4,0,2,47,0,2,44,0,30,25,5,68,0,1
19816,1000000US170313902002005,40,1,39,0,1,1,0,40,0,0,39,1,31,23,8,50,0,0
19817,1000000US170313902002006,42,1,41,0,0,0,0,42,0,0,41,0,27,23,4,47,0,0
19818,1000000US170313902002007,49,5,43,0,0,0,1,48,0,1,44,0,36,28,8,67,0,0
19819,1000000US170313902002008,76,0,72,1,0,0,5,71,0,5,76,0,47,40,7,91,1,1
19820,1000000US170313902002009,12,0,11,0,0,0,1,11,0,1,12,0,8,8,0,17,0,0
19821,1000000US170313902002010,106,11,91,0,4,0,1,105,0,1,95,1,58,55,3,154,0,0
19822,1000000US170313902002011,24,4,20,0,0,0,0,24,0,0,20,0,16,15,1,36,0,0
19823,1000000US170313902002012,83,19,56,2,7,1,4,79,0,4,64,4,58,58,0,100,2,2
19824,1000000US170313902002013,23,7,11,0,4,0,1,22,0,1,16,0,19,14,5,32,0,0
19825,1000000US170313902002014,30,1,24,0,5,0,0,30,0,0,29,0,25,16,9,38,0,0
19826,1000000US170313903001000,155,0,155,0,0,1,0,155,0,0,155,4,103,101,2,317,0,0
19827,1000000US170313903001001,224,5,217,0,2,1,2,222,0,2,219,5,258,191,67,236,0,2
19828,1000000US170313903001002,118,0,118,0,0,0,0,118,0,0,118,0,105,102,3,119,0,0
19829,1000000US170313903001003,17,0,17,0,0,0,0,17,0,0,17,0,12,9,3,26,0,0
19830,1000000US170313903001004,0,0,0,0,0,0,0,0,0,0,0,0,0,0,0,0,0,0
19831,1000000US170313903001005,76,0,76,0,0,0,0,76,0,0,76,0,53,45,8,114,0,0
19832,1000000US170313903002000,54,1,53,0,0,0,0,54,0,0,53,0,45,40,5,62,0,0
19833,1000000US170313903002001,0,0,0,0,0,0,0,0,0,0,0,0,0,0,0,0,0,0
19834,1000000US170313903002002,1,0,1,0,0,0,0,1,0,0,1,0,1,1,0,1,0,0
19835,1000000US170313903002003,0,0,0,0,0,0,0,0,0,0,0,0,0,0,0,0,0,0
19836,1000000US170313903002004,135,5,130,0,0,0,0,135,0,0,130,0,118,111,7,161,0,0
19837,1000000US170313903002005,0,0,0,0,0,0,0,0,0,0,0,0,0,0,0,0,0,0
19838,1000000US170313903002006,32,5,27,0,0,0,0,32,0,0,27,0,35,24,11,43,0,0
19839,1000000US170313903002007,0,0,0,0,0,0,0,0,0,0,0,0,0,0,0,0,0,0
19840,1000000US170313903002008,271,24,239,3,2,0,8,263,0,8,247,3,101,94,7,298,3,3
19841,1000000US170313903002009,0,0,0,0,0,0,0,0,0,0,0,0,0,0,0,0,0,0
19842,1000000US170313903002010,24,0,18,0,6,0,0,24,0,0,24,0,7,7,0,31,0,0
19843,1000000US170313903002011,4,0,4,0,0,0,0,4,0,0,4,0,2,2,0,8,0,0
19844,1000000US170313903002012,209,4,204,2,3,2,2,207,0,2,205,7,172,150,22,290,0,1
19845,1000000US170313903002013,0,0,0,0,0,0,0,0,0,0,0,0,0,0,0,0,0,0
19846,1000000US170313903002014,334,3,326,2,2,0,8,326,0,8,331,13,236,225,11,526,2,5
19847,1000000US170313903002015,0,0,0,0,0,0,0,0,0,0,0,0,0,0,0,0,0,0
19848,1000000US170313903002016,51,0,51,0,0,0,1,50,0,1,51,0,33,30,3,73,0,1
19849,1000000US170313903002017,292,7,280,2,2,0,7,285,0,7,285,4,316,202,114,363,2,3
19850,1000000US170313903002018,59,6,53,0,0,0,1,58,0,1,53,0,52,28,24,75,0,1
19851,1000000US170313903002019,0,0,0,0,0,0,0,0,0,0,0,0,0,0,0,0,0,0
19852,1000000US170313904001000,151,12,135,1,2,1,4,147,0,4,139,5,99,90,9,204,1,1
19853,1000000US170313904001001,35,1,33,0,0,0,1,34,0,1,34,0,18,15,3,52,0,0
19854,1000000US170313904001002,163,21,142,9,0,0,1,162,0,1,142,13,116,105,11,283,4,1
19855,1000000US170313904001003,80,8,70,0,2,0,2,78,0,2,72,2,37,35,2,120,0,2
19856,1000000US170313904001004,177,4,168,2,3,0,2,175,0,2,173,4,154,136,18,203,2,2
19857,1000000US170313904001005,9,2,7,0,0,0,0,9,0,0,7,0,4,4,0,13,0,0
19858,1000000US170313904001006,32,10,18,0,3,0,3,29,0,3,22,2,17,15,2,50,0,2
19859,1000000US170313904001007,253,25,221,3,6,0,2,251,0,2,228,8,187,165,22,330,3,0
19860,1000000US170313904001008,0,0,0,0,0,0,0,0,0,0,0,0,0,0,0,0,0,0
19861,1000000US170313904002000,33,4,27,0,0,0,2,31,0,2,29,0,29,22,7,45,0,1
19862,1000000US170313904002001,148,2,145,0,0,0,2,146,0,2,146,0,125,111,14,185,0,1
19863,1000000US170313904002002,2,2,0,0,0,0,0,2,0,0,0,0,3,1,2,2,0,0
19864,1000000US170313904002003,8,0,8,0,0,0,0,8,0,0,8,2,6,5,1,8,0,0
19865,1000000US170313904002004,5,0,5,0,0,0,0,5,0,0,5,0,3,3,0,7,0,0
19866,1000000US170313904002005,23,0,21,0,0,0,3,20,0,3,23,0,20,12,8,30,0,1
19867,1000000US170313904002006,252,3,247,1,1,1,4,248,0,4,249,1,130,123,7,258,1,3
19868,1000000US170313904002007,217,4,209,4,5,1,4,213,0,4,213,14,188,144,44,253,2,1
19869,1000000US170313904002008,1,0,1,0,0,0,0,1,0,0,1,0,1,1,0,1,0,0
19870,1000000US170313904002009,83,0,83,0,0,0,0,83,0,0,83,0,59,59,0,185,0,0
19871,1000000US170313904002010,115,15,87,1,6,0,6,109,0,6,100,2,86,78,8,134,0,0
19872,1000000US170313904002011,59,0,57,2,0,2,0,59,0,0,59,2,47,43,4,91,2,0
19873,1000000US170313904002012,273,3,270,0,0,0,1,272,0,1,270,1,178,169,9,274,0,1
19874,1000000US170313904002013,166,4,158,4,2,0,1,165,0,1,162,3,132,128,4,177,4,0
19875,1000000US170313904002014,26,4,20,0,0,0,3,23,0,3,22,0,15,14,1,29,0,1
19876,1000000US170313905001000,338,33,294,9,1,0,15,323,0,15,305,10,254,233,21,423,4,6
19877,1000000US170313905001001,127,1,122,1,0,0,4,123,0,4,126,0,76,74,2,170,1,1
19878,1000000US170313905001002,173,36,129,2,8,0,4,169,0,4,137,10,147,117,30,211,2,4
19879,1000000US170313905001003,48,23,20,1,4,0,0,48,0,0,25,2,29,25,4,76,0,0
19880,1000000US170313905001004,53,21,30,0,1,0,1,52,0,1,32,0,27,23,4,84,0,0
19881,1000000US170313905001005,14,4,10,0,0,0,0,14,0,0,10,0,8,8,0,17,0,0
19882,1000000US170313905001006,55,24,24,0,8,0,0,55,0,0,31,1,23,23,0,74,0,0
19883,1000000US170313905001007,45,30,10,0,3,0,2,43,0,2,15,0,25,23,2,54,0,0
19884,1000000US170313905001008,147,41,93,0,10,0,6,141,0,6,106,6,71,66,5,179,0,3
19885,1000000US170313905001009,262,80,161,4,12,0,11,251,0,11,182,6,187,154,33,310,2,1
19886,1000000US170313906001000,409,60,332,3,8,0,9,400,0,9,349,11,284,273,11,517,1,2
19887,1000000US170313906001001,0,0,0,0,0,0,0,0,0,0,0,0,0,0,0,0,0,0
19888,1000000US170313906001002,25,8,15,0,0,0,1,24,0,1,17,0,16,14,2,31,0,0
19889,1000000US170313906001003,19,13,4,1,1,0,0,19,0,0,6,2,11,10,1,26,0,0
19890,1000000US170313906001004,0,0,0,0,0,0,0,0,0,0,0,0,0,0,0,0,0,0
19891,1000000US170313906001005,121,50,68,3,2,0,2,119,0,2,71,3,72,67,5,156,3,1
19892,1000000US170313906001006,49,40,6,0,1,0,2,47,0,2,9,1,29,27,2,82,0,0
19893,1000000US170313906002000,57,44,9,0,3,0,0,57,0,0,13,0,24,23,1,70,0,0
19894,1000000US170313906002001,32,22,8,0,2,0,1,31,0,1,10,1,20,17,3,46,0,1
19895,1000000US170313906002002,24,18,5,0,0,0,1,23,0,1,6,0,13,10,3,32,0,0
19896,1000000US170313906002003,17,11,5,0,1,0,0,17,0,0,6,0,9,9,0,26,0,0
19897,1000000US170313906002004,0,0,0,0,0,0,0,0,0,0,0,0,0,0,0,0,0,0
19898,1000000US170313906002005,59,45,12,1,2,0,0,59,0,0,14,1,40,31,9,71,1,0
19899,1000000US170313906002006,43,29,10,0,4,0,0,43,0,0,14,3,24,24,0,58,0,0
19900,1000000US170313906002007,138,106,21,0,10,0,1,137,0,1,32,3,81,78,3,190,0,0
19901,1000000US170313906002008,16,12,2,0,1,0,1,15,0,1,4,0,11,10,1,21,0,0
19902,1000000US170313906002009,5,4,1,0,0,0,0,5,0,0,1,0,4,4,0,8,0,0
19903,1000000US170313906002010,437,186,164,5,70,1,21,416,0,21,251,18,292,266,26,532,3,5
19904,1000000US170313907001000,0,0,0,0,0,0,0,0,0,0,0,0,0,0,0,0,0,0
19905,1000000US170313907001001,0,0,0,0,0,0,0,0,0,0,0,0,0,0,0,0,0,0
19906,1000000US170313907001002,0,0,0,0,0,0,0,0,0,0,0,0,0,0,0,0,0,0
19907,1000000US170313907001003,0,0,0,0,0,0,0,0,0,0,0,0,0,0,0,0,0,0
19908,1000000US170313907001004,21,4,15,0,2,0,1,20,0,1,17,1,13,12,1,29,0,1
19909,1000000US170313907001005,0,0,0,0,0,0,0,0,0,0,0,0,0,0,0,0,0,0
19910,1000000US170313907001006,0,0,0,0,0,0,0,0,0,0,0,0,0,0,0,0,0,0
19911,1000000US170313907001007,236,84,118,6,30,0,7,229,0,7,152,11,150,141,9,290,2,4
19912,1000000US170313907001008,827,123,656,15,31,0,23,804,0,23,704,26,721,655,66,856,4,8
19913,1000000US170313907001009,0,0,0,0,0,0,0,0,0,0,0,0,0,0,0,0,0,0
19914,1000000US170313907001010,0,0,0,0,0,0,0,0,0,0,0,0,0,0,0,0,0,0
19915,1000000US170313907001011,0,0,0,0,0,0,0,0,0,0,0,0,0,0,0,0,0,0
19916,1000000US170313907001012,0,0,0,0,0,0,0,0,0,0,0,0,0,0,0,0,0,0
19917,1000000US170313907001013,0,0,0,0,0,0,0,0,0,0,0,0,0,0,0,0,0,0
19918,1000000US170313907001014,0,0,0,0,0,0,0,0,0,0,0,0,0,0,0,0,0,0
19919,1000000US170313907001015,2,0,2,0,0,0,0,2,0,0,2,0,1,1,0,2,0,0
19920,1000000US170313907001016,110,34,66,4,7,0,2,108,0,2,76,4,86,77,9,116,4,0
19921,1000000US170313907001017,145,95,42,1,7,0,1,144,0,1,50,2,108,90,18,157,0,0
19922,1000000US170313907001018,0,0,0,0,0,0,0,0,0,0,0,0,0,0,0,0,0,0
19923,1000000US170313907001019,0,0,0,0,0,0,0,0,0,0,0,0,0,0,0,0,0,0
19924,1000000US170313907002000,0,0,0,0,0,0,0,0,0,0,0,0,0,0,0,0,0,0
19925,1000000US170313907002001,33,8,25,0,0,0,0,33,0,0,25,0,14,14,0,45,0,0
19926,1000000US170313907002002,394,12,361,5,16,0,3,391,0,3,382,9,288,283,5,462,3,1
19927,1000000US170313907002003,42,4,37,0,0,0,1,41,0,1,38,3,22,22,0,47,0,0
19928,1000000US170313907002004,396,8,372,1,15,1,4,392,0,4,388,6,281,280,1,463,1,4
19929,1000000US170313907002005,0,0,0,0,0,0,0,0,0,0,0,0,0,0,0,0,0,0
19930,1000000US170313907002006,10,0,10,0,0,0,0,10,0,0,10,1,4,4,0,16,0,0
19931,1000000US170313907002007,119,38,71,3,8,0,2,117,0,2,81,5,77,70,7,170,1,2
19932,1000000US170313907002008,195,77,99,2,11,0,8,187,0,8,118,3,157,132,25,241,0,0
19933,1000000US170313907003000,0,0,0,0,0,0,0,0,0,0,0,0,0,0,0,0,0,0
19934,1000000US170313907003001,0,0,0,0,0,0,0,0,0,0,0,0,0,0,0,0,0,0
19935,1000000US170313907003002,0,0,0,0,0,0,0,0,0,0,0,0,0,0,0,0,0,0
19936,1000000US170313907003003,0,0,0,0,0,0,0,0,0,0,0,0,0,0,0,0,0,0
19937,1000000US170313907003004,0,0,0,0,0,0,0,0,0,0,0,0,0,0,0,0,0,0
19938,1000000US170313907003005,0,0,0,0,0,0,0,0,0,0,0,0,0,0,0,0,0,0
19939,1000000US170313907003006,1360,482,414,14,383,3,81,1279,0,81,878,40,993,857,136,1483,3,8
19940,1000000US170313907003007,403,129,215,4,47,0,20,383,0,20,274,13,309,279,30,448,2,9
19941,1000000US170313907003008,343,70,189,5,73,0,13,330,0,13,273,11,249,236,13,386,4,3
19942,1000000US170313907003009,0,0,0,0,0,0,0,0,0,0,0,0,0,0,0,0,0,0
19943,1000000US170313907003010,0,0,0,0,0,0,0,0,0,0,0,0,0,0,0,0,0,0
19944,1000000US170313907003011,0,0,0,0,0,0,0,0,0,0,0,0,0,0,0,0,0,0
19945,1000000US170313907003012,337,88,185,5,39,0,26,311,0,26,249,19,256,238,18,381,1,3
19946,1000000US170314003001000,0,0,0,0,0,0,0,0,0,0,0,0,0,0,0,0,0,0
19947,1000000US170314003001001,0,0,0,0,0,0,0,0,0,0,0,0,0,0,0,0,0,0
19948,1000000US170314003001002,0,0,0,0,0,0,0,0,0,0,0,0,0,0,0,0,0,0
19949,1000000US170314003001003,73,1,72,1,0,0,0,73,0,0,72,1,42,41,1,101,1,0
19950,1000000US170314003001004,78,0,78,0,0,0,1,77,0,1,78,0,49,40,9,121,0,1
19951,1000000US170314003001005,41,0,41,0,0,0,0,41,0,0,41,1,28,26,2,53,0,0
19952,1000000US170314003001006,10,0,10,0,0,0,0,10,0,0,10,0,8,4,4,13,0,0
19953,1000000US170314003001007,23,0,23,0,0,0,0,23,0,0,23,1,20,16,4,32,0,0
19954,1000000US170314003001008,77,1,75,1,0,0,1,76,0,1,76,1,22,19,3,98,1,0
19955,1000000US170314003001009,105,1,104,0,0,0,3,102,0,3,104,1,85,67,18,167,0,3
19956,1000000US170314003001010,95,1,93,0,0,0,1,94,0,1,94,0,67,57,10,124,0,0
19957,1000000US170314003001011,191,1,189,1,1,0,4,187,0,4,190,1,107,95,12,308,1,4
19958,1000000US170314003001012,86,0,86,1,0,0,0,86,0,0,86,1,49,42,7,118,1,0
19959,1000000US170314003001013,59,0,59,0,1,0,0,59,0,0,59,1,35,31,4,88,0,0
19960,1000000US170314003001014,0,0,0,0,0,0,0,0,0,0,0,0,0,0,0,0,0,0
19961,1000000US170314003001015,0,0,0,0,0,0,0,0,0,0,0,0,0,0,0,0,0,0
19962,1000000US170314003001016,0,0,0,0,0,0,0,0,0,0,0,0,0,0,0,0,0,0
19963,1000000US170314003001017,1,0,1,0,0,0,0,1,0,0,1,0,1,1,0,4,0,0
19964,1000000US170314003001018,29,0,29,0,0,0,0,29,0,0,29,0,18,11,7,37,0,0
19965,1000000US170314003001019,7,1,6,0,0,0,0,7,0,0,6,0,7,4,3,9,0,0
19966,1000000US170314003001020,0,0,0,0,0,0,0,0,0,0,0,0,0,0,0,0,0,0
19967,1000000US170314003001021,178,1,175,0,1,0,0,178,0,0,177,1,127,96,31,292,0,0
19968,1000000US170314003001022,0,0,0,0,0,0,0,0,0,0,0,0,0,0,0,0,0,0
19969,1000000US170314003001023,0,0,0,0,0,0,0,0,0,0,0,0,0,0,0,0,0,0
19970,1000000US170314003001024,0,0,0,0,0,0,0,0,0,0,0,0,0,0,0,0,0,0
19971,1000000US170314003001025,0,0,0,0,0,0,0,0,0,0,0,0,0,0,0,0,0,0
19972,1000000US170314003001026,0,0,0,0,0,0,0,0,0,0,0,0,0,0,0,0,0,0
19973,1000000US170314003001027,0,0,0,0,0,0,0,0,0,0,0,0,0,0,0,0,0,0
19974,1000000US170314003001028,0,0,0,0,0,0,0,0,0,0,0,0,0,0,0,0,0,0
19975,1000000US170314003001029,2,0,2,0,0,0,0,2,0,0,2,0,0,0,0,2,0,0
19976,1000000US170314003001030,0,0,0,0,0,0,0,0,0,0,0,0,0,0,0,0,0,0
19977,1000000US170314003001031,0,0,0,0,0,0,0,0,0,0,0,0,0,0,0,0,0,0
19978,1000000US170314003001032,0,0,0,0,0,0,0,0,0,0,0,0,0,0,0,0,0,0
19979,1000000US170314003001033,0,0,0,0,0,0,0,0,0,0,0,0,0,0,0,0,0,0
19980,1000000US170314003001034,0,0,0,0,0,0,0,0,0,0,0,0,0,0,0,0,0,0
19981,1000000US170314004001000,0,0,0,0,0,0,0,0,0,0,0,0,0,0,0,0,0,0
19982,1000000US170314004001001,0,0,0,0,0,0,0,0,0,0,0,0,0,0,0,0,0,0
19983,1000000US170314004001002,11,0,11,0,0,0,0,11,0,0,11,0,7,6,1,33,0,0
19984,1000000US170314004001003,0,0,0,0,0,0,0,0,0,0,0,0,0,0,0,0,0,0
19985,1000000US170314004001004,64,0,64,0,0,0,0,64,0,0,64,0,34,32,2,106,0,0
19986,1000000US170314004001005,72,0,72,0,0,0,0,72,0,0,72,0,53,44,9,113,0,0
19987,1000000US170314004001006,4,0,4,0,0,0,0,4,0,0,4,0,3,2,1,4,0,0
19988,1000000US170314004001007,7,0,7,0,0,0,0,7,0,0,7,0,6,5,1,11,0,0
19989,1000000US170314004001008,5,0,5,0,0,0,0,5,0,0,5,0,2,2,0,8,0,0
19990,1000000US170314004001009,0,0,0,0,0,0,0,0,0,0,0,0,0,0,0,0,0,0
19991,1000000US170314004001010,63,0,63,0,0,0,0,63,0,0,63,0,37,37,0,101,0,0
19992,1000000US170314004001011,158,0,158,2,1,0,1,157,0,1,158,5,124,107,17,249,2,1
19993,1000000US170314004001012,64,1,62,1,1,0,2,62,0,2,63,3,36,33,3,86,1,1
19994,1000000US170314004001013,73,0,72,1,0,0,0,73,0,0,73,0,40,37,3,104,1,0
19995,1000000US170314004001014,12,0,12,0,0,0,0,12,0,0,12,0,13,6,7,19,0,0
19996,1000000US170314004001015,86,1,83,0,1,0,2,84,0,2,85,0,59,52,7,114,0,1
19997,1000000US170314004001016,71,2,69,0,0,0,0,71,0,0,69,0,43,37,6,112,0,0
19998,1000000US170314004001017,50,0,50,0,0,0,0,50,0,0,50,0,26,20,6,83,0,0
19999,1000000US170314004001018,19,0,19,0,0,0,0,19,0,0,19,0,13,10,3,19,0,0
20000,1000000US170314004001019,65,0,64,0,0,0,1,64,0,1,65,0,49,42,7,91,0,0
20001,1000000US170314004001020,29,0,28,0,0,0,3,26,0,3,29,0,25,15,10,43,0,2
20002,1000000US170314004002000,126,2,124,1,0,0,0,126,0,0,124,2,93,85,8,161,0,0
20003,1000000US170314004002001,50,3,46,0,1,0,0,50,0,0,47,0,49,33,16,68,0,0
20004,1000000US170314004002002,97,0,97,1,0,0,0,97,0,0,97,1,64,42,22,132,1,0
20005,1000000US170314004002003,23,0,23,0,0,0,2,21,0,2,23,0,26,13,13,47,0,2
20006,1000000US170314004002004,13,0,13,0,0,0,0,13,0,0,13,0,7,7,0,26,0,0
20007,1000000US170314004002005,23,0,23,0,0,0,0,23,0,0,23,1,18,16,2,34,0,0
20008,1000000US170314004002006,55,1,54,1,0,0,0,55,0,0,54,2,44,35,9,93,0,0
20009,1000000US170314004002007,75,0,75,0,0,0,0,75,0,0,75,0,45,36,9,98,0,0
20010,1000000US170314005001000,0,0,0,0,0,0,0,0,0,0,0,0,0,0,0,0,0,0
20011,1000000US170314005001001,3,0,3,0,0,0,0,3,0,0,3,0,2,2,0,6,0,0
20012,1000000US170314005001002,0,0,0,0,0,0,0,0,0,0,0,0,0,0,0,0,0,0
20013,1000000US170314005001003,29,0,29,0,0,0,0,29,0,0,29,0,23,17,6,44,0,0
20014,1000000US170314005001004,10,0,10,0,0,0,0,10,0,0,10,0,4,3,1,13,0,0
20015,1000000US170314005001005,1,0,1,0,0,0,0,1,0,0,1,0,1,1,0,1,0,0
20016,1000000US170314005001006,89,1,88,0,0,0,0,89,0,0,88,1,75,68,7,111,0,0
20017,1000000US170314005001007,139,0,139,1,1,0,0,139,0,0,139,2,79,72,7,219,1,0
20018,1000000US170314005001008,0,0,0,0,0,0,0,0,0,0,0,0,0,0,0,0,0,0
20019,1000000US170314005001009,0,0,0,0,0,0,0,0,0,0,0,0,0,0,0,0,0,0
20020,1000000US170314005001010,105,0,105,0,0,0,0,105,0,0,105,0,73,60,13,159,0,0
20021,1000000US170314005001011,74,1,73,0,0,0,0,74,0,0,73,1,46,35,11,105,0,0
20022,1000000US170314005001012,140,0,140,0,0,0,0,140,0,0,140,0,89,69,20,233,0,0
20023,1000000US170314005001013,92,1,90,0,0,0,2,90,0,2,91,1,61,55,6,127,0,1
20024,1000000US170314005001014,35,0,33,0,2,0,0,35,0,0,35,0,36,16,20,47,0,0
20025,1000000US170314005001015,70,0,66,1,0,0,4,66,0,4,70,1,51,35,16,111,1,0
20026,1000000US170314005001016,0,0,0,0,0,0,0,0,0,0,0,0,0,0,0,0,0,0
20027,1000000US170314005002000,75,2,71,2,0,0,1,74,0,1,73,0,58,37,21,110,2,0
20028,1000000US170314005002001,134,1,130,0,2,2,3,131,0,3,133,9,88,78,10,237,0,0
20029,1000000US170314005002002,85,0,85,0,0,0,0,85,0,0,85,0,50,37,13,128,0,0
20030,1000000US170314005002003,0,0,0,0,0,0,0,0,0,0,0,0,8,0,8,0,0,0
20031,1000000US170314005002004,74,2,72,0,0,0,0,74,0,0,72,0,49,35,14,119,0,0
20032,1000000US170314005002005,155,0,155,0,0,0,2,153,0,2,155,0,116,89,27,223,0,2
20033,1000000US170314005002006,87,0,87,0,0,0,1,86,0,1,87,0,59,52,7,137,0,1
20034,1000000US170314005002007,37,1,36,0,0,0,1,36,0,1,36,1,32,20,12,47,0,1
20035,1000000US170314005002008,52,0,52,0,0,0,0,52,0,0,52,0,19,17,2,78,0,0
20036,1000000US170314005002009,3,0,3,0,0,0,0,3,0,0,3,0,1,1,0,3,0,0
20037,1000000US170314008001000,0,0,0,0,0,0,0,0,0,0,0,0,0,0,0,0,0,0
20038,1000000US170314008001001,0,0,0,0,0,0,0,0,0,0,0,0,0,0,0,0,0,0
20039,1000000US170314008001002,18,1,17,1,0,0,0,18,0,0,17,2,8,7,1,30,1,0
20040,1000000US170314008001003,31,0,31,0,0,0,0,31,0,0,31,0,30,16,14,52,0,0
20041,1000000US170314008001004,58,0,58,1,0,0,1,57,0,1,58,4,125,28,97,105,1,1
20042,1000000US170314008001005,0,0,0,0,0,0,0,0,0,0,0,0,0,0,0,0,0,0
20043,1000000US170314008001006,130,0,129,0,0,1,2,128,0,2,130,1,83,72,11,169,0,1
20044,1000000US170314008001007,242,2,239,1,0,0,0,242,0,0,240,1,188,160,28,287,1,0
20045,1000000US170314008001008,0,0,0,0,0,0,0,0,0,0,0,0,0,0,0,0,0,0
20046,1000000US170314008001009,0,0,0,0,0,0,0,0,0,0,0,0,0,0,0,0,0,0
20047,1000000US170314008001010,18,0,18,0,0,0,0,18,0,0,18,0,15,9,6,34,0,0
20048,1000000US170314008001011,0,0,0,0,0,0,0,0,0,0,0,0,0,0,0,0,0,0
20049,1000000US170314008001012,153,1,152,0,0,0,0,153,0,0,152,2,103,89,14,238,0,0
20050,1000000US170314008001013,0,0,0,0,0,0,0,0,0,0,0,0,0,0,0,0,0,0
20051,1000000US170314008002000,225,0,224,0,2,0,0,225,0,0,225,5,150,135,15,354,0,0
20052,1000000US170314008002001,53,2,51,0,0,0,0,53,0,0,51,0,46,34,12,82,0,0
20053,1000000US170314008002002,0,0,0,0,0,0,0,0,0,0,0,0,0,0,0,0,0,0
20054,1000000US170314008002003,24,0,24,0,0,0,0,24,0,0,24,0,28,14,14,46,0,0
20055,1000000US170314008002004,11,0,11,0,0,0,0,11,0,0,11,0,10,10,0,11,0,0
20056,1000000US170314008002005,48,0,48,0,0,0,0,48,0,0,48,0,30,28,2,96,0,0
20057,1000000US170314008002006,171,1,168,1,1,0,2,169,0,2,170,1,108,86,22,298,1,2
20058,1000000US170314008002007,173,0,172,1,0,0,1,172,0,1,173,1,115,112,3,197,1,1
20059,1000000US170314008002008,95,0,95,0,0,0,0,95,0,0,95,0,63,46,17,134,0,0
20060,1000000US170314008002009,301,0,299,2,2,0,0,301,0,0,301,5,230,220,10,568,1,0
20061,1000000US170314101001000,0,0,0,0,0,0,0,0,0,0,0,0,0,0,0,0,0,0
20062,1000000US170314101001001,116,18,71,5,7,0,21,95,0,21,98,6,102,81,21,132,4,2
20063,1000000US170314101001002,304,124,122,1,34,1,27,277,0,27,180,6,230,204,26,351,1,5
20064,1000000US170314101001003,116,44,41,0,27,0,5,111,0,5,72,5,82,76,6,134,0,0
20065,1000000US170314101001004,25,15,4,0,6,0,0,25,0,0,10,0,15,12,3,31,0,0
20066,1000000US170314101002000,0,0,0,0,0,0,0,0,0,0,0,0,0,0,0,0,0,0
20067,1000000US170314101002001,0,0,0,0,0,0,0,0,0,0,0,0,0,0,0,0,0,0
20068,1000000US170314101002002,0,0,0,0,0,0,0,0,0,0,0,0,0,0,0,0,0,0
20069,1000000US170314101002003,0,0,0,0,0,0,0,0,0,0,0,0,0,0,0,0,0,0
20070,1000000US170314101002004,0,0,0,0,0,0,0,0,0,0,0,0,0,0,0,0,0,0
20071,1000000US170314101002005,0,0,0,0,0,0,0,0,0,0,0,0,0,0,0,0,0,0
20072,1000000US170314101002006,747,201,461,5,57,1,29,718,0,29,546,15,579,506,73,821,5,6
20073,1000000US170314101002007,301,53,196,5,19,0,37,264,0,37,248,11,234,218,16,333,3,7
20074,1000000US170314102001000,618,284,112,4,169,0,52,566,0,52,334,18,304,264,40,705,1,2
20075,1000000US170314102001001,266,146,37,1,67,0,10,256,0,10,120,11,165,136,29,283,0,0
20076,1000000US170314102001002,94,23,61,7,7,0,12,82,0,12,71,11,71,54,17,122,0,8
20077,1000000US170314102001003,178,89,61,1,13,0,14,164,0,14,89,3,130,101,29,200,0,0
20078,1000000US170314102001004,128,80,17,0,16,0,13,115,0,13,48,3,66,58,8,133,0,0
20079,1000000US170314102001005,0,0,0,0,0,0,0,0,0,0,0,0,0,0,0,0,0,0
20080,1000000US170314105001000,114,38,66,2,7,0,3,111,0,3,76,5,87,79,8,131,1,0
20081,1000000US170314105001001,70,27,35,0,4,0,4,66,0,4,43,3,43,38,5,88,0,0
20082,1000000US170314105001002,171,58,71,0,33,0,16,155,0,16,113,9,128,100,28,216,0,4
20083,1000000US170314105001003,47,14,24,0,8,0,3,44,0,3,33,4,25,25,0,65,0,0
20084,1000000US170314105001004,46,16,21,0,9,0,0,46,0,0,30,0,25,25,0,59,0,0
20085,1000000US170314105001005,98,34,50,2,5,1,7,91,0,7,64,2,71,59,12,109,2,0
20086,1000000US170314105001006,80,39,28,0,10,1,4,76,0,4,41,5,43,37,6,87,0,0
20087,1000000US170314105001007,196,106,45,1,31,0,16,180,0,16,90,8,51,49,2,218,0,1
20088,1000000US170314105001008,0,0,0,0,0,0,0,0,0,0,0,0,0,0,0,0,0,0
20089,1000000US170314105001009,111,75,3,2,20,0,12,99,0,12,36,2,40,36,4,118,2,0
20090,1000000US170314105001010,138,94,23,1,15,0,8,130,0,8,44,5,88,84,4,148,0,0
20091,1000000US170314105001011,26,11,6,0,9,0,0,26,0,0,15,0,13,13,0,33,0,0
20092,1000000US170314105002000,429,72,327,0,21,0,11,418,0,11,357,4,385,320,65,528,0,2
20093,1000000US170314105002001,15,5,4,0,5,0,1,14,0,1,10,0,10,10,0,17,0,0
20094,1000000US170314105002002,25,4,19,0,0,0,2,23,0,2,21,0,27,16,11,28,0,0
20095,1000000US170314105002003,58,11,46,1,0,0,1,57,0,1,47,5,50,37,13,79,0,1
20096,1000000US170314105002004,121,34,77,6,8,0,2,119,0,2,87,8,92,73,19,130,5,1
20097,1000000US170314105002005,46,21,24,0,1,0,0,46,0,0,25,0,25,24,1,55,0,0
20098,1000000US170314105002006,57,15,34,0,5,0,1,56,0,1,42,2,36,27,9,67,0,0
20099,1000000US170314105002007,42,23,16,0,2,0,2,40,0,2,19,0,16,14,2,44,0,1
20100,1000000US170314105002008,266,16,249,0,1,0,1,265,0,1,250,1,208,177,31,337,0,0
20101,1000000US170314106001000,201,82,83,1,21,1,14,187,0,14,119,5,151,133,18,220,0,1
20102,1000000US170314106001001,64,23,31,0,9,0,2,62,0,2,41,0,31,28,3,74,0,1
20103,1000000US170314106001002,156,67,46,3,30,0,15,141,0,15,89,5,83,77,6,201,2,2
20104,1000000US170314106001003,99,47,26,0,25,0,2,97,0,2,52,1,48,48,0,134,0,0
20105,1000000US170314106001004,157,60,79,3,14,0,5,152,0,5,97,5,124,112,12,182,3,2
20106,1000000US170314106001005,126,58,51,1,16,0,1,125,0,1,68,10,94,87,7,134,0,0
20107,1000000US170314106001006,143,79,47,3,12,0,5,138,0,5,64,12,102,75,27,163,0,1
20108,1000000US170314106001007,28,19,4,0,5,0,0,28,0,0,9,0,14,14,0,45,0,0
20109,1000000US170314106001008,52,33,1,0,17,0,1,51,0,1,19,0,16,14,2,64,0,0
20110,1000000US170314106001009,20,13,3,0,1,0,3,17,0,3,7,1,11,11,0,24,0,0
20111,1000000US170314106001010,65,33,21,1,7,0,4,61,0,4,32,2,45,37,8,72,1,0
20112,1000000US170314106002000,183,128,15,3,28,0,12,171,0,12,55,7,88,82,6,200,1,1
20113,1000000US170314106002001,180,126,18,1,33,1,1,179,0,1,54,3,86,79,7,210,1,0
20114,1000000US170314106002002,112,68,15,0,20,0,6,106,0,6,44,4,54,46,8,132,0,0
20115,1000000US170314106002003,62,43,14,0,2,0,3,59,0,3,19,0,31,29,2,89,0,0
20116,1000000US170314106002004,49,15,29,0,5,0,1,48,0,1,34,0,30,28,2,61,0,1
20117,1000000US170314106002005,138,43,75,0,17,1,6,132,0,6,95,5,105,88,17,147,0,1
20118,1000000US170314106002006,64,51,5,0,7,0,0,64,0,0,13,0,42,38,4,76,0,0
20119,1000000US170314106002007,10,6,1,0,3,0,0,10,0,0,4,0,6,6,0,15,0,0
20120,1000000US170314106002008,0,0,0,0,0,0,0,0,0,0,0,0,0,0,0,0,0,0
20121,1000000US170314106002009,0,0,0,0,0,0,0,0,0,0,0,0,0,0,0,0,0,0
20122,1000000US170314106002010,18,12,5,0,0,0,1,17,0,1,6,0,9,9,0,25,0,0
20123,1000000US170314106002011,56,30,4,0,19,0,4,52,0,4,26,0,50,48,2,59,0,0
20124,1000000US170314107001000,244,107,92,1,29,0,17,227,0,17,137,7,175,167,8,260,0,2
20125,1000000US170314107001001,98,50,14,0,21,0,13,85,0,13,48,2,71,68,3,106,0,1
20126,1000000US170314107001002,21,1,20,0,0,0,0,21,0,0,20,0,12,10,2,24,0,0
20127,1000000US170314107001003,168,66,55,2,29,0,14,154,0,14,102,7,98,86,12,182,0,0
20128,1000000US170314107001004,47,33,2,0,9,0,3,44,0,3,14,2,26,26,0,52,0,0
20129,1000000US170314107001005,91,38,39,1,12,0,2,89,0,2,53,7,61,51,10,113,0,1
20130,1000000US170314107001006,136,70,21,1,28,1,17,119,0,17,66,7,57,49,8,154,1,1
20131,1000000US170314107001007,85,39,31,0,7,0,10,75,0,10,46,3,48,45,3,98,0,2
20132,1000000US170314107001008,152,99,17,0,27,0,9,143,0,9,53,4,101,93,8,170,0,0
20133,1000000US170314107001009,147,90,13,1,28,0,13,134,0,13,57,2,120,115,5,154,1,0
20134,1000000US170314107001010,100,58,29,0,7,0,5,95,0,5,42,3,68,65,3,116,0,0
20135,1000000US170314107001011,106,74,14,1,11,0,9,97,0,9,32,2,48,48,0,121,0,1
20136,1000000US170314107001012,128,84,20,4,20,0,6,122,0,6,44,7,87,79,8,142,2,1
20137,1000000US170314107001013,376,244,48,6,55,1,28,348,0,28,132,16,213,202,11,462,3,1
20138,1000000US170314108001000,0,0,0,0,0,0,0,0,0,0,0,0,0,0,0,0,0,0
20139,1000000US170314108001001,138,50,61,0,7,0,19,119,0,19,88,1,113,82,31,153,0,0
20140,1000000US170314108001002,225,75,122,5,19,0,9,216,0,9,150,13,185,144,41,261,0,1
20141,1000000US170314108001003,151,85,30,2,24,0,11,140,0,11,66,5,95,90,5,167,1,0
20142,1000000US170314108001004,46,9,31,1,1,0,5,41,0,5,37,3,34,30,4,51,1,0
20143,1000000US170314108001005,0,0,0,0,0,0,0,0,0,0,0,0,0,0,0,0,0,0
20144,1000000US170314108001006,0,0,0,0,0,0,0,0,0,0,0,0,0,0,0,0,0,0
20145,1000000US170314108001007,152,92,12,1,37,0,12,140,0,12,60,2,105,98,7,165,0,1
20146,1000000US170314108001008,198,34,146,2,4,1,9,189,0,9,164,2,181,165,16,210,2,0
20147,1000000US170314108002000,194,102,62,1,17,1,15,179,0,15,92,9,133,116,17,214,1,2
20148,1000000US170314108002001,209,106,56,6,34,0,10,199,0,10,103,14,138,122,16,237,5,2
20149,1000000US170314108002002,109,64,21,5,20,0,2,107,0,2,45,6,73,68,5,123,3,0
20150,1000000US170314108002003,62,34,7,0,19,0,3,59,0,3,28,4,34,34,0,92,0,0
20151,1000000US170314108002004,214,116,31,1,47,0,18,196,0,18,98,2,169,162,7,227,1,0
20152,1000000US170314108002005,14,7,2,0,2,0,3,11,0,3,7,0,8,8,0,15,0,0
20153,1000000US170314108002006,321,69,160,5,84,1,16,305,0,16,252,14,273,236,37,351,1,5
20154,1000000US170314108002007,25,10,8,0,6,0,1,24,0,1,15,0,14,14,0,33,0,0
20155,1000000US170314108002008,341,66,168,4,90,0,18,323,0,18,275,9,270,249,21,363,4,2
20156,1000000US170314108002009,0,0,0,0,0,0,0,0,0,0,0,0,0,0,0,0,0,0
20157,1000000US170314109001000,189,84,84,3,15,0,10,179,0,10,105,6,129,118,11,233,1,3
20158,1000000US170314109001001,67,18,41,1,2,1,8,59,0,8,49,5,45,43,2,86,0,2
20159,1000000US170314109001002,364,118,195,2,26,0,35,329,0,35,246,14,259,245,14,417,1,5
20160,1000000US170314109002000,232,80,114,2,25,0,16,216,0,16,152,6,209,168,41,264,1,3
20161,1000000US170314109002001,0,0,0,0,0,0,0,0,0,0,0,0,0,0,0,0,0,0
20162,1000000US170314109002002,281,130,104,5,35,0,16,265,0,16,151,10,237,213,24,306,4,4
20163,1000000US170314109003000,0,0,0,0,0,0,0,0,0,0,0,0,0,0,0,0,0,0
20164,1000000US170314109003001,0,0,0,0,0,0,0,0,0,0,0,0,0,0,0,0,0,0
20165,1000000US170314109003002,0,0,0,0,0,0,0,0,0,0,0,0,0,0,0,0,0,0
20166,1000000US170314109003003,0,0,0,0,0,0,0,0,0,0,0,0,0,0,0,0,0,0
20167,1000000US170314109003004,0,0,0,0,0,0,0,0,0,0,0,0,0,0,0,0,0,0
20168,1000000US170314109003005,0,0,0,0,0,0,0,0,0,0,0,0,0,0,0,0,0,0
20169,1000000US170314109003006,0,0,0,0,0,0,0,0,0,0,0,0,0,0,0,0,0,0
20170,1000000US170314109003007,0,0,0,0,0,0,0,0,0,0,0,0,0,0,0,0,0,0
20171,1000000US170314109003008,190,88,83,1,12,0,9,181,0,9,102,3,145,134,11,216,1,2
20172,1000000US170314109003009,0,0,0,0,0,0,0,0,0,0,0,0,0,0,0,0,0,0
20173,1000000US170314109003010,227,147,56,1,19,0,4,223,0,4,80,7,151,136,15,267,1,0
20174,1000000US170314109003011,263,137,94,0,24,1,11,252,0,11,126,2,173,151,22,295,0,4
20175,1000000US170314109003012,187,96,50,4,34,0,6,181,0,6,91,8,71,65,6,202,3,2
20176,1000000US170314109003013,85,52,23,0,5,0,5,80,0,5,33,1,46,38,8,95,0,0
20177,1000000US170314109003014,147,48,74,1,8,1,15,132,0,15,99,12,128,114,14,170,1,0
20178,1000000US170314109003015,201,93,72,3,16,0,20,181,0,20,108,9,133,123,10,216,0,3
20179,1000000US170314109003016,40,37,2,0,0,0,1,39,0,1,3,0,21,20,1,50,0,0
20180,1000000US170314109003017,16,13,3,0,0,0,0,16,0,0,3,0,11,11,0,21,0,0
20181,1000000US170314110001000,0,0,0,0,0,0,0,0,0,0,0,0,0,0,0,0,0,0
20182,1000000US170314110001001,0,0,0,0,0,0,0,0,0,0,0,0,0,0,0,0,0,0
20183,1000000US170314110001002,403,217,119,4,52,0,19,384,0,19,186,10,332,313,19,423,1,2
20184,1000000US170314110001003,407,177,174,5,44,0,13,394,0,13,230,14,335,307,28,443,3,3
20185,1000000US170314110001004,0,0,0,0,0,0,0,0,0,0,0,0,0,0,0,0,0,0
20186,1000000US170314110001005,327,201,104,1,17,0,5,322,0,5,126,2,288,225,63,333,0,0
20187,1000000US170314110001006,0,0,0,0,0,0,0,0,0,0,0,0,0,0,0,0,0,0
20188,1000000US170314110001007,0,0,0,0,0,0,0,0,0,0,0,0,0,0,0,0,0,0
20189,1000000US170314110001008,0,0,0,0,0,0,0,0,0,0,0,0,0,0,0,0,0,0
20190,1000000US170314110001009,0,0,0,0,0,0,0,0,0,0,0,0,0,0,0,0,0,0
20191,1000000US170314110001010,0,0,0,0,0,0,0,0,0,0,0,0,0,0,0,0,0,0
20192,1000000US170314110001011,0,0,0,0,0,0,0,0,0,0,0,0,0,0,0,0,0,0
20193,1000000US170314110002000,0,0,0,0,0,0,0,0,0,0,0,0,0,0,0,0,0,0
20194,1000000US170314110002001,0,0,0,0,0,0,0,0,0,0,0,0,0,0,0,0,0,0
20195,1000000US170314110002002,0,0,0,0,0,0,0,0,0,0,0,0,0,0,0,0,0,0
20196,1000000US170314110002003,0,0,0,0,0,0,0,0,0,0,0,0,0,0,0,0,0,0
20197,1000000US170314110002004,0,0,0,0,0,0,0,0,0,0,0,0,0,0,0,0,0,0
20198,1000000US170314110002005,0,0,0,0,0,0,0,0,0,0,0,0,0,0,0,0,0,0
20199,1000000US170314110002006,0,0,0,0,0,0,0,0,0,0,0,0,0,0,0,0,0,0
20200,1000000US170314110002007,0,0,0,0,0,0,0,0,0,0,0,0,0,0,0,0,0,0
20201,1000000US170314110002008,0,0,0,0,0,0,0,0,0,0,0,0,0,0,0,0,0,0
20202,1000000US170314110002009,0,0,0,0,0,0,0,0,0,0,0,0,0,0,0,0,0,0
20203,1000000US170314110002010,483,284,105,7,54,0,43,440,0,43,199,19,273,239,34,509,4,5
20204,1000000US170314110002011,41,36,0,0,3,0,2,39,0,2,5,0,44,19,25,50,0,0
20205,1000000US170314110002012,0,0,0,0,0,0,0,0,0,0,0,0,0,0,0,0,0,0
20206,1000000US170314110003000,204,102,64,2,23,1,23,181,0,23,102,7,112,104,8,218,0,8
20207,1000000US170314110003001,394,193,79,9,82,0,42,352,0,42,201,21,155,125,30,411,4,4
20208,1000000US170314110003002,130,57,56,0,7,0,9,121,0,9,73,4,101,87,14,140,0,0
20209,1000000US170314110003003,17,14,1,1,1,0,2,15,0,2,3,1,13,6,7,17,0,1
20210,1000000US170314110003004,0,0,0,0,0,0,0,0,0,0,0,0,0,0,0,0,0,0
20211,1000000US170314110003005,0,0,0,0,0,0,0,0,0,0,0,0,0,0,0,0,0,0
20212,1000000US170314110003006,0,0,0,0,0,0,0,0,0,0,0,0,0,0,0,0,0,0
20213,1000000US170314110003007,0,0,0,0,0,0,0,0,0,0,0,0,0,0,0,0,0,0
20214,1000000US170314110003008,0,0,0,0,0,0,0,0,0,0,0,0,0,0,0,0,0,0
20215,1000000US170314110003009,300,113,130,6,39,0,14,286,0,14,187,22,220,202,18,320,2,0
20216,1000000US170314110003010,430,184,187,2,42,1,16,414,0,16,246,11,353,319,34,445,0,4
20217,1000000US170314110003011,0,0,0,0,0,0,0,0,0,0,0,0,0,0,0,0,0,0
20218,1000000US170314110003012,0,0,0,0,0,0,0,0,0,0,0,0,0,0,0,0,0,0
20219,1000000US170314111001000,0,0,0,0,0,0,0,0,0,0,0,0,0,0,0,0,0,0
20220,1000000US170314111001001,30,23,1,0,5,0,1,29,0,1,7,2,18,18,0,33,0,0
20221,1000000US170314111001002,144,101,18,0,25,0,0,144,0,0,43,1,84,77,7,172,0,0
20222,1000000US170314111001003,217,144,13,2,50,1,6,211,0,6,73,8,162,157,5,249,0,0
20223,1000000US170314111001004,231,154,16,1,50,0,9,222,0,9,77,3,133,122,11,289,0,0
20224,1000000US170314111001005,84,58,9,1,12,0,5,79,0,5,26,3,56,50,6,98,1,0
20225,1000000US170314111001006,46,30,4,0,11,0,1,45,0,1,16,3,27,25,2,53,0,0
20226,1000000US170314111001007,14,8,3,0,2,0,1,13,0,1,6,0,8,8,0,19,0,0
20227,1000000US170314111001008,36,21,6,1,9,0,1,35,0,1,15,2,20,20,0,47,0,1
20228,1000000US170314111001009,35,25,3,0,5,0,2,33,0,2,10,0,20,19,1,46,0,0
20229,1000000US170314111001010,0,0,0,0,0,0,0,0,0,0,0,0,0,0,0,0,0,0
20230,1000000US170314111002000,242,191,11,2,27,1,13,229,0,13,51,7,162,147,15,294,0,2
20231,1000000US170314111002001,259,190,13,0,33,0,23,236,0,23,69,9,127,117,10,287,0,0
20232,1000000US170314111002002,21,18,0,1,1,0,1,20,0,1,3,1,12,12,0,33,0,0
20233,1000000US170314111002003,448,302,23,6,92,0,26,422,0,26,146,12,144,123,21,512,0,3
20234,1000000US170314111002004,0,0,0,0,0,0,0,0,0,0,0,0,0,0,0,0,0,0
20235,1000000US170314111002005,0,0,0,0,0,0,0,0,0,0,0,0,0,0,0,0,0,0
20236,1000000US170314111002006,0,0,0,0,0,0,0,0,0,0,0,0,0,0,0,0,0,0
20237,1000000US170314111002007,0,0,0,0,0,0,0,0,0,0,0,0,0,0,0,0,0,0
20238,1000000US170314111002008,0,0,0,0,0,0,0,0,0,0,0,0,0,0,0,0,0,0
20239,1000000US170314111002009,0,0,0,0,0,0,0,0,0,0,0,0,0,0,0,0,0,0
20240,1000000US170314111002010,0,0,0,0,0,0,0,0,0,0,0,0,0,0,0,0,0,0
20241,1000000US170314112001000,48,34,1,1,13,0,1,47,0,1,14,1,22,22,0,67,1,0
20242,1000000US170314112001001,267,167,22,5,66,0,11,256,0,11,100,9,188,167,21,322,1,1
20243,1000000US170314112001002,40,23,13,0,4,0,0,40,0,0,17,0,32,27,5,43,0,0
20244,1000000US170314112001003,56,42,5,0,7,0,2,54,0,2,14,1,32,29,3,65,0,0
20245,1000000US170314112001004,46,38,5,0,2,0,1,45,0,1,8,0,27,25,2,65,0,0
20246,1000000US170314112001005,89,69,6,1,11,0,3,86,0,3,20,4,56,56,0,107,0,0
20247,1000000US170314112001006,30,24,5,1,1,0,0,30,0,0,6,2,16,15,1,45,1,0
20248,1000000US170314112001007,184,101,16,1,61,0,5,179,0,5,83,6,146,129,17,201,0,0
20249,1000000US170314112001008,76,59,5,1,8,0,3,73,0,3,17,1,51,41,10,100,0,0
20250,1000000US170314112001009,41,28,4,1,8,0,2,39,0,2,13,2,18,16,2,59,1,1
20251,1000000US170314112002000,150,117,7,4,16,0,6,144,0,6,33,2,86,78,8,189,3,0
20252,1000000US170314112002001,24,17,2,1,4,0,0,24,0,0,7,2,15,14,1,29,0,0
20253,1000000US170314112002002,27,17,0,0,6,0,4,23,0,4,10,0,12,11,1,27,0,0
20254,1000000US170314112002003,77,53,7,0,12,0,4,73,0,4,24,0,44,38,6,101,0,0
20255,1000000US170314112002004,17,15,0,1,1,0,0,17,0,0,2,1,8,5,3,19,0,0
20256,1000000US170314112002005,0,0,0,0,0,0,0,0,0,0,0,0,0,0,0,0,0,0
20257,1000000US170314112002006,0,0,0,0,0,0,0,0,0,0,0,0,0,0,0,0,0,0
20258,1000000US170314112002007,7,5,0,0,1,0,1,6,0,1,2,0,5,5,0,13,0,0
20259,1000000US170314112002008,73,65,1,0,6,0,1,72,0,1,8,1,29,25,4,81,0,0
20260,1000000US170314112002009,88,66,7,0,13,0,3,85,0,3,22,2,50,45,5,107,0,0
20261,1000000US170314112002010,0,0,0,0,0,0,0,0,0,0,0,0,0,0,0,0,0,0
20262,1000000US170314112002011,0,0,0,0,0,0,0,0,0,0,0,0,0,0,0,0,0,0
20263,1000000US170314112002012,0,0,0,0,0,0,0,0,0,0,0,0,0,0,0,0,0,0
20264,1000000US170314201001000,0,0,0,0,0,0,0,0,0,0,0,0,0,0,0,0,0,0
20265,1000000US170314201001001,0,0,0,0,0,0,0,0,0,0,0,0,0,0,0,0,0,0
20266,1000000US170314201001002,0,0,0,0,0,0,0,0,0,0,0,0,0,0,0,0,0,0
20267,1000000US170314201001003,0,0,0,0,0,0,0,0,0,0,0,0,0,0,0,0,0,0
20268,1000000US170314201001004,0,0,0,0,0,0,0,0,0,0,0,0,0,0,0,0,0,0
20269,1000000US170314201001005,0,0,0,0,0,0,0,0,0,0,0,0,0,0,0,0,0,0
20270,1000000US170314201001006,0,0,0,0,0,0,0,0,0,0,0,0,0,0,0,0,0,0
20271,1000000US170314201001007,0,0,0,0,0,0,0,0,0,0,0,0,0,0,0,0,0,0
20272,1000000US170314201001008,0,0,0,0,0,0,0,0,0,0,0,0,0,0,0,0,0,0
20273,1000000US170314201001009,0,0,0,0,0,0,0,0,0,0,0,0,0,0,0,0,0,0
20274,1000000US170314201001010,0,0,0,0,0,0,0,0,0,0,0,0,0,0,0,0,0,0
20275,1000000US170314201001011,410,4,405,3,0,0,2,408,0,2,406,4,307,277,30,560,3,1
20276,1000000US170314201001012,0,0,0,0,0,0,0,0,0,0,0,0,0,0,0,0,0,0
20277,1000000US170314201001013,53,0,52,0,0,0,0,53,0,0,53,0,39,35,4,117,0,0
20278,1000000US170314201001014,0,0,0,0,0,0,0,0,0,0,0,0,0,0,0,0,0,0
20279,1000000US170314201001015,51,6,45,0,0,0,0,51,0,0,45,0,38,34,4,67,0,0
20280,1000000US170314201001016,54,15,36,1,1,0,2,52,0,2,39,2,33,30,3,70,1,0
20281,1000000US170314201001017,27,0,27,0,0,0,0,27,0,0,27,0,22,18,4,44,0,0
20282,1000000US170314201001018,0,0,0,0,0,0,0,0,0,0,0,0,0,0,0,0,0,0
20283,1000000US170314201001019,25,0,24,0,0,0,1,24,0,1,25,0,13,13,0,38,0,0
20284,1000000US170314201001020,0,0,0,0,0,0,0,0,0,0,0,0,0,0,0,0,0,0
20285,1000000US170314201001021,4,0,4,0,0,0,0,4,0,0,4,1,3,3,0,5,0,0
20286,1000000US170314201001022,265,4,258,4,1,0,3,262,0,3,261,4,244,228,16,297,3,1
20287,1000000US170314201001023,0,0,0,0,0,0,0,0,0,0,0,0,0,0,0,0,0,0
20288,1000000US170314201001024,0,0,0,0,0,0,0,0,0,0,0,0,0,0,0,0,0,0
20289,1000000US170314201001025,49,0,49,0,0,0,0,49,0,0,49,1,33,26,7,82,0,0
20290,1000000US170314201001026,91,0,89,0,0,0,2,89,0,2,91,0,54,49,5,161,0,2
20291,1000000US170314202001000,0,0,0,0,0,0,0,0,0,0,0,0,0,0,0,0,0,0
20292,1000000US170314202001001,0,0,0,0,0,0,0,0,0,0,0,0,0,0,0,0,0,0
20293,1000000US170314202001002,140,70,23,2,39,0,8,132,0,8,70,7,24,24,0,147,0,0
20294,1000000US170314202001003,42,19,19,0,4,0,0,42,0,0,23,0,26,26,0,47,0,0
20295,1000000US170314202001004,86,9,67,1,6,0,4,82,0,4,77,1,46,42,4,113,1,0
20296,1000000US170314202001005,0,0,0,0,0,0,0,0,0,0,0,0,0,0,0,0,0,0
20297,1000000US170314202001006,88,13,74,1,0,0,1,87,0,1,75,3,64,60,4,124,0,0
20298,1000000US170314202001007,108,21,75,1,10,0,2,106,0,2,87,4,62,54,8,160,0,0
20299,1000000US170314202001008,160,42,101,2,13,0,3,157,0,3,118,5,100,91,9,223,1,0
20300,1000000US170314202001009,98,28,62,1,6,0,3,95,0,3,70,4,57,55,2,125,0,2
20301,1000000US170314202001010,30,5,25,0,0,0,0,30,0,0,25,1,26,17,9,41,0,0
20302,1000000US170314202001011,73,2,70,1,0,0,1,72,0,1,71,1,69,64,5,80,1,1
20303,1000000US170314202001012,103,2,101,0,0,0,0,103,0,0,101,0,82,66,16,156,0,0
20304,1000000US170314202001013,7,0,7,0,0,0,0,7,0,0,7,0,7,5,2,12,0,0
20305,1000000US170314202001014,64,2,59,1,0,0,1,63,0,1,62,0,56,51,5,82,1,0
20306,1000000US170314202001015,246,21,224,3,0,0,2,244,0,2,225,3,27,25,2,266,3,2
20307,1000000US170314202001016,14,0,11,0,3,0,1,13,0,1,14,0,8,7,1,22,0,1
20308,1000000US170314202001017,13,3,10,0,0,0,0,13,0,0,10,0,8,8,0,22,0,0
20309,1000000US170314202001018,89,6,73,2,5,0,4,85,0,4,83,1,99,75,24,103,2,0
20310,1000000US170314203001000,1010,542,95,12,261,1,126,884,0,126,468,50,0,0,0,1021,3,10
20311,1000000US170314203001001,90,46,40,2,4,0,2,88,0,2,44,4,52,47,5,101,0,1
20312,1000000US170314203001002,150,31,106,4,11,0,3,147,0,3,119,5,122,103,19,189,1,0
20313,1000000US170314203001003,95,26,59,0,4,0,7,88,0,7,69,0,71,61,10,125,0,1
20314,1000000US170314203001004,93,22,65,0,5,0,1,92,0,1,71,1,53,48,5,127,0,0
20315,1000000US170314203001005,129,5,117,1,7,0,0,129,0,0,124,2,80,72,8,196,1,0
20316,1000000US170314203001006,25,0,25,0,0,0,0,25,0,0,25,0,15,12,3,38,0,0
20317,1000000US170314203001007,58,0,57,1,0,0,3,55,0,3,58,1,39,37,2,102,1,2
20318,1000000US170314203001008,148,0,148,1,1,1,2,146,0,2,148,4,77,70,7,251,1,2
20319,1000000US170314203001009,64,10,48,1,4,0,1,63,0,1,54,0,41,35,6,88,1,0
20320,1000000US170314203001010,220,60,124,2,25,3,8,212,0,8,160,9,180,155,25,250,2,1
20321,1000000US170314203001011,0,0,0,0,0,0,0,0,0,0,0,0,0,0,0,0,0,0
20322,1000000US170314204001000,63,25,7,1,23,0,9,54,0,9,38,5,43,39,4,77,1,0
20323,1000000US170314204001001,0,0,0,0,0,0,0,0,0,0,0,0,0,0,0,0,0,0
20324,1000000US170314204001002,0,0,0,0,0,0,0,0,0,0,0,0,0,0,0,0,0,0
20325,1000000US170314204001003,194,38,125,0,28,0,4,190,0,4,156,0,194,182,12,194,0,1
20326,1000000US170314204001004,91,65,8,3,14,0,1,90,0,1,26,4,62,58,4,114,2,0
20327,1000000US170314204001005,177,29,135,1,7,0,12,165,0,12,148,5,137,113,24,213,0,6
20328,1000000US170314204001006,82,30,32,2,16,0,4,78,0,4,52,2,65,42,23,91,2,1
20329,1000000US170314204001007,20,0,20,0,0,0,0,20,0,0,20,0,13,11,2,28,0,0
20330,1000000US170314204001008,0,0,0,0,0,0,0,0,0,0,0,0,0,0,0,0,0,0
20331,1000000US170314204001009,0,0,0,0,0,0,0,0,0,0,0,0,0,0,0,0,0,0
20332,1000000US170314204001010,85,3,76,2,6,1,2,83,0,2,82,4,70,67,3,112,2,1
20333,1000000US170314204001011,88,23,54,1,7,0,3,85,0,3,65,2,65,47,18,111,1,0
20334,1000000US170314204001012,2,2,0,0,0,0,0,2,0,0,0,0,1,1,0,2,0,0
20335,1000000US170314204001013,117,1,116,0,0,0,0,117,0,0,116,0,69,64,5,219,0,0
20336,1000000US170314204001014,106,0,106,0,0,0,0,106,0,0,106,0,85,70,15,168,0,0
20337,1000000US170314204001015,0,0,0,0,0,0,0,0,0,0,0,0,0,0,0,0,0,0
20338,1000000US170314204001016,0,0,0,0,0,0,0,0,0,0,0,0,60,0,60,0,0,0
20339,1000000US170314205001000,355,3,347,2,5,0,4,351,0,4,352,4,435,256,179,484,0,3
20340,1000000US170314205001001,0,0,0,0,0,0,0,0,0,0,0,0,0,0,0,0,0,0
20341,1000000US170314205001002,39,5,31,0,2,0,1,38,0,1,34,0,35,28,7,46,0,0
20342,1000000US170314205001003,0,0,0,0,0,0,0,0,0,0,0,0,0,0,0,0,0,0
20343,1000000US170314205001004,54,0,54,0,0,0,0,54,0,0,54,0,36,34,2,102,0,0
20344,1000000US170314205001005,108,0,108,0,0,0,1,107,0,1,108,0,125,91,34,116,0,1
20345,1000000US170314205001006,52,0,52,0,0,0,0,52,0,0,52,0,41,28,13,69,0,0
20346,1000000US170314205001007,25,0,25,0,0,0,0,25,0,0,25,0,16,11,5,34,0,0
20347,1000000US170314205001008,31,1,30,0,0,0,0,31,0,0,30,0,17,17,0,45,0,0
20348,1000000US170314205001009,56,0,56,0,0,0,0,56,0,0,56,0,38,31,7,80,0,0
20349,1000000US170314205001010,42,0,42,0,0,0,0,42,0,0,42,4,46,22,24,62,0,0
20350,1000000US170314205001011,0,0,0,0,0,0,0,0,0,0,0,0,8,0,8,0,0,0
20351,1000000US170314205001012,83,0,83,0,0,0,0,83,0,0,83,0,54,42,12,108,0,0
20352,1000000US170314205001013,98,0,96,2,0,0,5,93,0,5,98,2,58,47,11,147,2,3
20353,1000000US170314205002000,132,0,132,1,0,0,1,131,0,1,132,1,84,81,3,285,1,1
20354,1000000US170314205002001,98,2,96,0,0,0,0,98,0,0,96,0,60,54,6,136,0,0
20355,1000000US170314205002002,73,0,73,0,0,0,0,73,0,0,73,0,56,38,18,102,0,0
20356,1000000US170314205002003,60,1,59,0,0,0,0,60,0,0,59,0,66,38,28,85,0,0
20357,1000000US170314205002004,96,1,95,0,0,0,0,96,0,0,95,0,56,50,6,135,0,0
20358,1000000US170314205002005,87,6,78,0,0,0,6,81,0,6,81,2,58,54,4,118,0,3
20359,1000000US170314205002006,57,1,56,0,0,0,1,56,0,1,56,4,49,36,13,75,0,1
20360,1000000US170314205002007,0,0,0,0,0,0,0,0,0,0,0,0,63,0,63,0,0,0
20361,1000000US170314205002008,0,0,0,0,0,0,0,0,0,0,0,0,3,0,3,0,0,0
20362,1000000US170314205002009,0,0,0,0,0,0,0,0,0,0,0,0,0,0,0,0,0,0
20363,1000000US170314205002010,0,0,0,0,0,0,0,0,0,0,0,0,0,0,0,0,0,0
20364,1000000US170314205002011,76,0,76,2,0,0,1,75,0,1,76,4,43,39,4,113,1,1
20365,1000000US170314205002012,68,1,65,0,0,0,0,68,0,0,67,0,54,41,13,102,0,0
20366,1000000US170314205002013,45,1,44,0,0,0,0,45,0,0,44,0,26,23,3,60,0,0
20367,1000000US170314205002014,0,0,0,0,0,0,0,0,0,0,0,0,0,0,0,0,0,0
20368,1000000US170314205002015,88,1,86,1,0,0,1,87,0,1,87,1,49,45,4,120,0,0
20369,1000000US170314206001000,64,0,63,1,0,0,1,63,0,1,64,1,52,32,20,91,0,0
20370,1000000US170314206001001,23,0,23,0,0,0,0,23,0,0,23,0,21,12,9,35,0,0
20371,1000000US170314206001002,44,3,41,0,0,0,0,44,0,0,41,0,38,23,15,59,0,0
20372,1000000US170314206001003,182,0,182,1,0,0,0,182,0,0,182,2,130,118,12,262,1,0
20373,1000000US170314206001004,11,0,11,0,0,0,1,10,0,1,11,0,9,6,3,13,0,1
20374,1000000US170314206001005,66,0,66,1,0,0,0,66,0,0,66,1,45,29,16,88,1,0
20375,1000000US170314206001006,43,0,43,0,0,0,0,43,0,0,43,0,45,25,20,72,0,0
20376,1000000US170314206001007,7,0,7,0,0,0,0,7,0,0,7,0,8,3,5,13,0,0
20377,1000000US170314206001008,49,2,46,0,2,0,3,46,0,3,47,2,40,27,13,72,0,2
20378,1000000US170314206001009,13,1,12,0,0,0,0,13,0,0,12,0,16,6,10,26,0,0
20379,1000000US170314206001010,4,0,4,0,0,0,0,4,0,0,4,0,6,3,3,11,0,0
20380,1000000US170314206001011,36,0,36,0,0,0,0,36,0,0,36,0,25,19,6,46,0,0
20381,1000000US170314206001012,31,0,31,0,0,0,0,31,0,0,31,0,26,11,15,41,0,0
20382,1000000US170314206001013,60,0,60,4,0,0,0,60,0,0,60,4,44,33,11,105,4,0
20383,1000000US170314206001014,60,0,60,0,0,0,0,60,0,0,60,1,54,29,25,88,0,0
20384,1000000US170314206002000,63,0,63,0,0,0,0,63,0,0,63,0,45,35,10,99,0,0
20385,1000000US170314206002001,54,0,54,0,0,0,0,54,0,0,54,0,40,29,11,78,0,0
20386,1000000US170314206002002,78,0,78,0,0,0,0,78,0,0,78,0,56,44,12,109,0,0
20387,1000000US170314206002003,85,0,81,0,4,0,4,81,0,4,85,0,69,49,20,116,0,4
20388,1000000US170314206002004,79,1,78,0,0,0,1,78,0,1,78,1,49,39,10,97,0,1
20389,1000000US170314206002005,61,1,59,0,0,0,1,60,0,1,60,0,48,31,17,98,0,0
20390,1000000US170314206002006,58,1,57,0,0,0,0,58,0,0,57,1,42,28,14,97,0,0
20391,1000000US170314206002007,108,0,108,1,0,0,0,108,0,0,108,1,57,53,4,168,1,0
20392,1000000US170314206002008,0,0,0,0,0,0,0,0,0,0,0,0,0,0,0,0,0,0
20393,1000000US170314206002009,0,0,0,0,0,0,0,0,0,0,0,0,0,0,0,0,0,0
20394,1000000US170314206002010,0,0,0,0,0,0,0,0,0,0,0,0,0,0,0,0,0,0
20395,1000000US170314206002011,53,2,51,0,0,0,0,53,0,0,51,1,41,32,9,90,0,0
20396,1000000US170314206002012,71,0,71,6,0,0,0,71,0,0,71,6,43,34,9,91,6,0
20397,1000000US170314206002013,52,0,52,0,0,0,0,52,0,0,52,0,61,30,31,59,0,0
20398,1000000US170314206002014,0,0,0,0,0,0,0,0,0,0,0,0,0,0,0,0,0,0
20399,1000000US170314206002015,70,0,70,0,0,0,1,69,0,1,70,1,40,36,4,95,0,1
20400,1000000US170314207001000,0,0,0,0,0,0,0,0,0,0,0,0,0,0,0,0,0,0
20401,1000000US170314207001001,15,0,15,0,0,0,0,15,0,0,15,0,11,7,4,20,0,0
20402,1000000US170314207001002,2,0,2,0,0,0,0,2,0,0,2,0,1,1,0,2,0,0
20403,1000000US170314207001003,0,0,0,0,0,0,0,0,0,0,0,0,0,0,0,0,0,0
20404,1000000US170314207001004,30,0,30,0,0,0,0,30,0,0,30,0,23,18,5,50,0,0
20405,1000000US170314207001005,15,0,15,1,0,0,0,15,0,0,15,2,21,10,11,19,1,0
20406,1000000US170314207001006,49,0,49,1,0,0,0,49,0,0,49,1,29,26,3,64,1,0
20407,1000000US170314207001007,54,0,53,1,0,0,2,52,0,2,54,1,36,32,4,89,1,1
20408,1000000US170314207001008,24,0,24,0,0,0,0,24,0,0,24,0,15,8,7,28,0,0
20409,1000000US170314207001009,35,0,35,0,0,0,0,35,0,0,35,0,23,22,1,45,0,0
20410,1000000US170314207001010,14,0,14,0,0,0,0,14,0,0,14,0,15,9,6,23,0,0
20411,1000000US170314207001011,47,0,47,0,0,0,0,47,0,0,47,0,28,27,1,57,0,0
20412,1000000US170314207001012,17,0,17,0,0,0,0,17,0,0,17,0,14,11,3,23,0,0
20413,1000000US170314207001013,8,0,8,0,0,0,0,8,0,0,8,0,6,6,0,8,0,0
20414,1000000US170314207001014,88,5,80,2,1,0,3,85,0,3,83,2,53,48,5,120,2,3
20415,1000000US170314207002000,25,0,25,0,0,0,0,25,0,0,25,0,18,12,6,43,0,0
20416,1000000US170314207002001,38,0,38,0,0,0,0,38,0,0,38,0,36,21,15,55,0,0
20417,1000000US170314207002002,37,0,37,0,0,0,0,37,0,0,37,0,22,15,7,52,0,0
20418,1000000US170314207002003,31,0,30,1,0,0,0,31,0,0,31,0,34,18,16,33,1,0
20419,1000000US170314207002004,0,0,0,0,0,0,0,0,0,0,0,0,0,0,0,0,0,0
20420,1000000US170314207002005,24,0,24,0,0,0,0,24,0,0,24,0,28,11,17,38,0,0
20421,1000000US170314207002006,49,2,46,0,0,0,4,45,0,4,47,0,41,25,16,72,0,3
20422,1000000US170314207002007,43,0,43,0,0,0,0,43,0,0,43,0,20,18,2,64,0,0
20423,1000000US170314207002008,5,0,5,0,0,0,0,5,0,0,5,0,4,4,0,5,0,0
20424,1000000US170314207002009,47,0,47,0,0,0,0,47,0,0,47,0,30,22,8,78,0,0
20425,1000000US170314207002010,30,0,30,0,0,0,0,30,0,0,30,0,22,13,9,39,0,0
20426,1000000US170314207002011,21,0,21,0,0,0,0,21,0,0,21,0,16,12,4,22,0,0
20427,1000000US170314207002012,3,0,3,0,0,0,0,3,0,0,3,0,3,1,2,8,0,0
20428,1000000US170314207003000,52,0,52,1,0,0,0,52,0,0,52,1,38,29,9,88,1,0
20429,1000000US170314207003001,69,0,69,0,0,0,2,67,0,2,69,0,51,36,15,111,0,2
20430,1000000US170314207003002,34,0,34,0,0,0,0,34,0,0,34,0,37,26,11,44,0,0
20431,1000000US170314207003003,43,0,43,0,0,0,0,43,0,0,43,0,33,23,10,60,0,0
20432,1000000US170314207003004,39,0,39,0,0,0,0,39,0,0,39,0,45,20,25,49,0,0
20433,1000000US170314207003005,50,0,50,0,0,0,0,50,0,0,50,0,48,30,18,63,0,0
20434,1000000US170314207003006,113,0,111,2,0,0,0,113,0,0,113,3,73,56,17,166,2,0
20435,1000000US170314207003007,50,0,50,0,0,0,0,50,0,0,50,0,38,28,10,79,0,0
20436,1000000US170314207003008,24,0,24,0,0,0,1,23,0,1,24,0,42,12,30,41,0,1
20437,1000000US170314207003009,45,0,45,0,0,0,0,45,0,0,45,0,33,20,13,72,0,0
20438,1000000US170314207003010,40,0,40,0,0,0,0,40,0,0,40,0,29,22,7,54,0,0
20439,1000000US170314207003011,8,0,8,0,0,0,0,8,0,0,8,0,5,5,0,9,0,0
20440,1000000US170314207003012,10,0,10,0,0,0,0,10,0,0,10,0,6,6,0,12,0,0
20441,1000000US170314207003013,3,0,3,0,0,0,0,3,0,0,3,0,1,1,0,3,0,0
20442,1000000US170314207004000,0,0,0,0,0,0,0,0,0,0,0,0,0,0,0,0,0,0
20443,1000000US170314207004001,0,0,0,0,0,0,0,0,0,0,0,0,0,0,0,0,0,0
20444,1000000US170314207004002,0,0,0,0,0,0,0,0,0,0,0,0,0,0,0,0,0,0
20445,1000000US170314207004003,39,0,39,0,0,0,0,39,0,0,39,0,30,24,6,48,0,0
20446,1000000US170314207004004,47,0,47,0,0,0,1,46,0,1,47,1,33,24,9,71,0,1
20447,1000000US170314207004005,40,0,40,0,0,0,0,40,0,0,40,0,30,21,9,51,0,0
20448,1000000US170314207004006,25,0,25,0,0,0,0,25,0,0,25,0,20,12,8,38,0,0
20449,1000000US170314207004007,49,0,49,0,0,0,0,49,0,0,49,0,27,23,4,87,0,0
20450,1000000US170314207004008,31,0,31,0,0,0,0,31,0,0,31,0,30,20,10,44,0,0
20451,1000000US170314207004009,44,0,44,0,0,0,0,44,0,0,44,0,41,25,16,69,0,0
20452,1000000US170314207004010,43,0,43,0,0,0,0,43,0,0,43,0,25,21,4,53,0,0
20453,1000000US170314207004011,28,0,28,0,0,0,0,28,0,0,28,0,22,17,5,42,0,0
20454,1000000US170314207004012,46,0,46,0,0,0,0,46,0,0,46,0,31,23,8,56,0,0
20455,1000000US170314207004013,27,0,27,0,0,0,0,27,0,0,27,0,33,18,15,43,0,0
20456,1000000US170314207004014,25,0,25,0,0,0,0,25,0,0,25,0,14,11,3,41,0,0
20457,1000000US170314207005000,13,0,13,0,0,0,0,13,0,0,13,0,6,5,1,20,0,0
20458,1000000US170314207005001,0,0,0,0,0,0,0,0,0,0,0,0,0,0,0,0,0,0
20459,1000000US170314207005002,1,1,0,0,0,0,0,1,0,0,0,0,3,1,2,1,0,0
20460,1000000US170314207005003,15,0,15,0,0,0,0,15,0,0,15,0,17,11,6,18,0,0
20461,1000000US170314207005004,18,0,16,0,0,0,2,16,0,2,18,0,9,9,0,22,0,0
20462,1000000US170314207005005,50,0,50,0,0,0,0,50,0,0,50,0,42,31,11,69,0,0
20463,1000000US170314207005006,45,0,45,0,0,0,1,44,0,1,45,0,39,20,19,70,0,1
20464,1000000US170314207005007,27,0,25,0,0,0,2,25,0,2,27,0,22,15,7,33,0,0
20465,1000000US170314207005008,57,0,57,0,0,0,0,57,0,0,57,0,33,27,6,68,0,0
20466,1000000US170314207005009,3,0,3,0,0,0,0,3,0,0,3,0,3,2,1,7,0,0
20467,1000000US170314207005010,50,0,50,0,0,0,0,50,0,0,50,0,26,21,5,76,0,0
20468,1000000US170314207005011,39,0,39,0,0,0,0,39,0,0,39,0,35,23,12,50,0,0
20469,1000000US170314207005012,35,0,35,3,0,0,0,35,0,0,35,3,26,22,4,56,0,0
20470,1000000US170314207005013,51,0,51,0,0,0,0,51,0,0,51,0,37,26,11,61,0,0
20471,1000000US170314207005014,56,0,56,0,0,0,0,56,0,0,56,0,40,26,14,74,0,0
20472,1000000US170314207005015,33,0,33,0,0,0,0,33,0,0,33,0,29,17,12,44,0,0
20473,1000000US170314207005016,32,0,31,0,0,0,1,31,0,1,32,0,31,20,11,40,0,0
20474,1000000US170314207005017,1,0,1,0,0,0,0,1,0,0,1,0,0,0,0,1,0,0
20475,1000000US170314207005018,0,0,0,0,0,0,0,0,0,0,0,0,0,0,0,0,0,0
20476,1000000US170314207005019,0,0,0,0,0,0,0,0,0,0,0,0,4,0,4,0,0,0
20477,1000000US170314208001000,0,0,0,0,0,0,0,0,0,0,0,0,1,0,1,0,0,0
20478,1000000US170314208001001,31,0,31,0,0,0,0,31,0,0,31,0,24,16,8,53,0,0
20479,1000000US170314208001002,32,0,32,0,0,0,0,32,0,0,32,0,24,16,8,44,0,0
20480,1000000US170314208001003,5,0,5,0,0,0,0,5,0,0,5,0,4,3,1,14,0,0
20481,1000000US170314208001004,0,0,0,0,0,0,0,0,0,0,0,0,0,0,0,0,0,0
20482,1000000US170314208001005,99,6,90,1,2,0,1,98,0,1,93,1,62,48,14,136,0,0
20483,1000000US170314208001006,97,3,94,1,0,0,0,97,0,0,94,1,65,47,18,137,1,0
20484,1000000US170314208001007,40,0,40,1,0,0,0,40,0,0,40,1,26,24,2,53,1,0
20485,1000000US170314208001008,141,10,127,2,0,1,2,139,0,2,131,2,88,71,17,220,2,0
20486,1000000US170314208001009,2,0,2,0,0,0,0,2,0,0,2,0,1,1,0,2,0,0
20487,1000000US170314208001010,9,0,9,1,0,0,0,9,0,0,9,1,9,7,2,15,1,0
20488,1000000US170314208001011,15,0,15,1,0,0,1,14,0,1,15,1,7,7,0,33,1,1
20489,1000000US170314208001012,0,0,0,0,0,0,0,0,0,0,0,0,0,0,0,0,0,0
20490,1000000US170314208001013,6,1,5,0,0,0,0,6,0,0,5,0,12,5,7,8,0,0
20491,1000000US170314208001014,10,0,10,0,0,0,1,9,0,1,10,0,22,8,14,19,0,1
20492,1000000US170314208001015,40,0,40,0,0,0,1,39,0,1,40,0,45,26,19,70,0,1
20493,1000000US170314208001016,45,1,44,0,0,0,0,45,0,0,44,0,31,23,8,64,0,0
20494,1000000US170314208001017,16,0,16,0,0,0,0,16,0,0,16,0,16,9,7,22,0,0
20495,1000000US170314208001018,45,0,45,0,0,0,0,45,0,0,45,0,28,25,3,75,0,0
20496,1000000US170314208001019,38,0,38,0,0,0,0,38,0,0,38,0,25,22,3,59,0,0
20497,1000000US170314208002000,56,1,55,0,0,0,0,56,0,0,55,0,28,21,7,89,0,0
20498,1000000US170314208002001,34,2,32,1,0,0,0,34,0,0,32,1,28,20,8,49,1,0
20499,1000000US170314208002002,44,0,44,0,0,0,0,44,0,0,44,0,33,30,3,52,0,0
20500,1000000US170314208002003,55,0,55,0,0,0,1,54,0,1,55,0,41,31,10,90,0,1
20501,1000000US170314208002004,66,0,66,0,0,0,0,66,0,0,66,0,37,31,6,104,0,0
20502,1000000US170314208002005,39,0,39,0,0,0,0,39,0,0,39,0,17,15,2,40,0,0
20503,1000000US170314208002006,52,0,52,0,0,0,0,52,0,0,52,1,39,29,10,75,0,0
20504,1000000US170314208002007,0,0,0,0,0,0,0,0,0,0,0,0,0,0,0,0,0,0
20505,1000000US170314208002008,0,0,0,0,0,0,0,0,0,0,0,0,0,0,0,0,0,0
20506,1000000US170314208002009,75,1,72,0,2,0,1,74,0,1,74,2,62,40,22,91,0,1
20507,1000000US170314208002010,88,2,83,0,1,0,3,85,0,3,86,0,60,50,10,128,0,1
20508,1000000US170314208002011,64,8,54,0,0,0,2,62,0,2,56,1,45,28,17,80,0,0
20509,1000000US170314208002012,91,0,90,3,0,0,1,90,0,1,91,3,70,57,13,156,3,0
20510,1000000US170314208002013,103,1,102,0,0,0,0,103,0,0,102,1,72,57,15,147,0,0
20511,1000000US170314208002014,62,1,61,1,1,0,0,62,0,0,61,2,60,35,25,88,0,0
20512,1000000US170314208002015,0,0,0,0,0,0,0,0,0,0,0,0,0,0,0,0,0,0
20513,1000000US170314212001000,0,0,0,0,0,0,0,0,0,0,0,0,0,0,0,0,0,0
20514,1000000US170314212001001,39,0,38,0,0,0,1,38,0,1,39,0,29,24,5,56,0,0
20515,1000000US170314212001002,44,0,44,0,0,0,0,44,0,0,44,0,27,21,6,64,0,0
20516,1000000US170314212001003,46,0,46,0,0,0,0,46,0,0,46,0,27,22,5,68,0,0
20517,1000000US170314212001004,0,0,0,0,0,0,0,0,0,0,0,0,0,0,0,0,0,0
20518,1000000US170314212001005,4,0,4,0,0,0,0,4,0,0,4,0,3,2,1,5,0,0
20519,1000000US170314212001006,50,0,50,0,0,0,0,50,0,0,50,0,37,27,10,65,0,0
20520,1000000US170314212001007,34,0,34,0,0,0,0,34,0,0,34,0,22,16,6,52,0,0
20521,1000000US170314212001008,60,0,59,1,0,0,0,60,0,0,60,0,54,32,22,96,1,0
20522,1000000US170314212001009,33,0,32,1,0,0,0,33,0,0,33,0,20,14,6,47,1,0
20523,1000000US170314212001010,48,0,48,0,0,0,0,48,0,0,48,0,29,24,5,71,0,0
20524,1000000US170314212001011,35,0,35,0,1,0,0,35,0,0,35,1,30,22,8,44,0,0
20525,1000000US170314212001012,23,0,23,0,0,0,0,23,0,0,23,0,24,12,12,35,0,0
20526,1000000US170314212001013,27,0,27,0,0,0,0,27,0,0,27,0,25,16,9,41,0,0
20527,1000000US170314212002000,2,0,2,0,0,0,0,2,0,0,2,0,1,1,0,2,0,0
20528,1000000US170314212002001,42,0,38,0,0,0,4,38,0,4,42,0,30,21,9,62,0,0
20529,1000000US170314212002002,33,0,33,0,0,0,0,33,0,0,33,0,23,16,7,42,0,0
20530,1000000US170314212002003,24,0,24,0,0,0,0,24,0,0,24,0,21,11,10,45,0,0
20531,1000000US170314212002004,36,1,35,0,0,0,0,36,0,0,35,1,27,20,7,48,0,0
20532,1000000US170314212002005,53,0,53,0,0,0,0,53,0,0,53,0,37,30,7,85,0,0
20533,1000000US170314212002006,50,0,50,0,0,1,0,50,0,0,50,1,37,25,12,65,0,0
20534,1000000US170314212002007,45,0,45,0,0,0,1,44,0,1,45,0,23,22,1,64,0,1
20535,1000000US170314212002008,7,0,7,0,0,0,0,7,0,0,7,0,2,2,0,11,0,0
20536,1000000US170314212002009,37,0,37,0,0,0,0,37,0,0,37,0,31,22,9,66,0,0
20537,1000000US170314212002010,0,0,0,0,0,0,0,0,0,0,0,0,0,0,0,0,0,0
20538,1000000US170314212002011,66,0,66,0,0,0,6,60,0,6,66,0,58,55,3,67,0,6
20539,1000000US170314212002012,140,1,139,0,2,0,0,140,0,0,139,3,131,122,9,143,0,0
20540,1000000US170314212002013,12,0,12,0,0,0,0,12,0,0,12,0,4,4,0,17,0,0
20541,1000000US170314212002014,0,0,0,0,0,0,0,0,0,0,0,0,0,0,0,0,0,0
20542,1000000US170314212002015,14,0,14,0,0,0,0,14,0,0,14,0,11,9,2,19,0,0
20543,1000000US170314212002016,0,0,0,0,0,0,0,0,0,0,0,0,0,0,0,0,0,0
20544,1000000US170314301011000,99,0,99,0,0,0,0,99,0,0,99,0,59,56,3,132,0,0
20545,1000000US170314301011001,86,0,86,0,0,0,0,86,0,0,86,2,76,54,22,123,0,0
20546,1000000US170314301011002,0,0,0,0,0,0,0,0,0,0,0,0,0,0,0,0,0,0
20547,1000000US170314301011003,177,0,175,0,2,0,0,177,0,0,177,0,144,108,36,266,0,0
20548,1000000US170314301011004,49,0,49,0,0,0,0,49,0,0,49,0,40,32,8,55,0,0
20549,1000000US170314301011005,32,0,32,0,0,0,0,32,0,0,32,0,20,20,0,47,0,0
20550,1000000US170314301011006,74,0,73,1,0,1,0,74,0,0,74,1,47,42,5,84,1,0
20551,1000000US170314301012000,95,0,95,0,0,0,2,93,0,2,95,0,61,52,9,139,0,2
20552,1000000US170314301012001,80,1,79,0,0,0,1,79,0,1,79,0,94,54,40,111,0,1
20553,1000000US170314301012002,72,1,71,0,0,0,0,72,0,0,71,0,53,50,3,101,0,0
20554,1000000US170314301012003,85,0,83,0,2,0,1,84,0,1,85,0,55,47,8,147,0,0
20555,1000000US170314301012004,59,0,59,0,0,0,0,59,0,0,59,0,58,37,21,112,0,0
20556,1000000US170314301012005,55,1,54,0,0,0,1,54,0,1,54,0,34,33,1,73,0,1
20557,1000000US170314301012006,90,1,89,0,0,0,0,90,0,0,89,0,59,44,15,133,0,0
20558,1000000US170314301012007,0,0,0,0,0,0,0,0,0,0,0,0,0,0,0,0,0,0
20559,1000000US170314301012008,0,0,0,0,0,0,0,0,0,0,0,0,0,0,0,0,0,0
20560,1000000US170314301013000,103,4,99,1,0,0,0,103,0,0,99,1,70,64,6,142,1,0
20561,1000000US170314301013001,137,4,133,0,0,0,1,136,0,1,133,2,83,73,10,159,0,1
20562,1000000US170314301013002,104,0,100,2,0,0,3,101,0,3,104,2,77,63,14,133,0,2
20563,1000000US170314301013003,120,0,120,0,0,0,0,120,0,0,120,0,87,67,20,183,0,0
20564,1000000US170314301013004,92,2,90,0,0,0,0,92,0,0,90,0,84,58,26,124,0,0
20565,1000000US170314301013005,41,0,40,0,1,0,0,41,0,0,41,1,26,22,4,51,0,0
20566,1000000US170314301013006,30,0,30,0,0,0,0,30,0,0,30,0,20,18,2,36,0,0
20567,1000000US170314301013007,39,0,38,2,0,1,0,39,0,0,39,2,24,20,4,47,2,0
20568,1000000US170314301014000,66,4,61,1,0,0,0,66,0,0,62,0,37,35,2,83,1,0
20569,1000000US170314301014001,144,5,139,1,0,0,2,142,0,2,139,2,104,82,22,189,0,2
20570,1000000US170314301014002,124,0,123,0,0,0,0,124,0,0,124,2,105,66,39,177,0,0
20571,1000000US170314301014003,123,2,119,0,2,0,0,123,0,0,121,3,93,77,16,176,0,0
20572,1000000US170314301014004,93,1,91,0,0,0,0,93,0,0,92,0,83,62,21,128,0,0
20573,1000000US170314301014005,106,0,106,0,2,0,0,106,0,0,106,4,92,64,28,154,0,0
20574,1000000US170314301014006,164,6,157,0,0,0,1,163,0,1,158,0,109,92,17,221,0,0
20575,1000000US170314301014007,152,1,150,1,1,0,2,150,0,2,151,3,150,117,33,163,0,2
20576,1000000US170314301021000,0,0,0,0,0,0,0,0,0,0,0,0,0,0,0,0,0,0
20577,1000000US170314301021001,3,0,3,0,0,0,0,3,0,0,3,0,2,2,0,3,0,0
20578,1000000US170314301021002,479,13,460,5,1,0,6,473,0,6,466,10,385,350,35,549,1,3
20579,1000000US170314301021003,55,0,54,0,0,0,2,53,0,2,55,0,37,36,1,67,0,1
20580,1000000US170314301021004,254,12,230,4,1,1,8,246,0,8,242,5,183,182,1,301,3,3
20581,1000000US170314301021005,262,2,258,0,2,0,1,261,0,1,260,0,250,234,16,268,0,1
20582,1000000US170314301021006,95,1,92,0,3,0,1,94,0,1,94,3,65,63,2,119,0,1
20583,1000000US170314301022000,109,3,102,0,0,0,4,105,0,4,106,0,96,91,5,148,0,0
20584,1000000US170314301022001,71,0,71,0,0,0,0,71,0,0,71,0,57,53,4,128,0,0
20585,1000000US170314301022002,62,0,62,0,0,0,0,62,0,0,62,0,50,41,9,78,0,0
20586,1000000US170314301022003,74,0,71,2,1,0,3,71,0,3,74,0,57,52,5,120,2,2
20587,1000000US170314301022004,97,1,93,0,2,1,3,94,0,3,96,1,71,66,5,119,0,2
20588,1000000US170314301022005,97,0,95,0,2,1,1,96,0,1,97,1,81,67,14,110,0,0
20589,1000000US170314301022006,0,0,0,0,0,0,0,0,0,0,0,0,0,0,0,0,0,0
20590,1000000US170314301022007,30,0,30,0,0,0,0,30,0,0,30,0,26,22,4,37,0,0
20591,1000000US170314301023000,134,2,131,1,0,0,2,132,0,2,132,5,115,89,26,160,0,1
20592,1000000US170314301023001,223,6,214,4,0,0,4,219,0,4,217,5,177,159,18,259,3,3
20593,1000000US170314301023002,419,1,414,4,5,1,5,414,0,5,418,8,333,307,26,497,4,5
20594,1000000US170314302001000,115,0,114,1,1,0,0,115,0,0,115,5,107,84,23,138,1,0
20595,1000000US170314302001001,34,2,29,0,3,0,0,34,0,0,32,0,20,18,2,44,0,0
20596,1000000US170314302001002,47,5,42,0,0,0,0,47,0,0,42,0,18,18,0,64,0,0
20597,1000000US170314302001003,38,4,34,0,0,0,0,38,0,0,34,1,18,18,0,47,0,0
20598,1000000US170314302001004,46,5,38,2,1,0,2,44,0,2,41,2,19,19,0,57,2,2
20599,1000000US170314302001005,196,4,189,1,0,0,5,191,0,5,192,2,135,123,12,243,0,2
20600,1000000US170314302002000,262,5,254,5,0,0,5,257,0,5,257,7,191,178,13,302,2,4
20601,1000000US170314302002001,39,3,36,1,0,0,2,37,0,2,36,1,19,19,0,52,1,2
20602,1000000US170314302002002,43,7,36,0,0,0,0,43,0,0,36,1,21,18,3,56,0,0
20603,1000000US170314302002003,59,4,51,1,0,0,3,56,0,3,55,0,39,39,0,79,1,0
20604,1000000US170314302002004,0,0,0,0,0,0,0,0,0,0,0,0,0,0,0,0,0,0
20605,1000000US170314302003000,0,0,0,0,0,0,0,0,0,0,0,0,0,0,0,0,0,0
20606,1000000US170314302003001,88,0,88,0,0,0,0,88,0,0,88,0,63,58,5,113,0,0
20607,1000000US170314302003002,208,2,202,2,4,0,1,207,0,1,206,3,184,142,42,281,2,0
20608,1000000US170314302003003,0,0,0,0,0,0,0,0,0,0,0,0,0,0,0,0,0,0
20609,1000000US170314302003004,0,0,0,0,0,0,0,0,0,0,0,0,0,0,0,0,0,0
20610,1000000US170314302003005,0,0,0,0,0,0,0,0,0,0,0,0,0,0,0,0,0,0
20611,1000000US170314302003006,23,0,23,0,0,0,0,23,0,0,23,0,13,10,3,24,0,0
20612,1000000US170314302003007,108,0,106,2,0,0,3,105,0,3,108,3,95,76,19,157,2,1
20613,1000000US170314302003008,202,2,195,3,0,0,5,197,0,5,200,4,187,154,33,230,3,0
20614,1000000US170314302004000,38,6,31,2,0,0,1,37,0,1,32,3,21,18,3,53,1,0
20615,1000000US170314302004001,21,0,21,0,0,0,0,21,0,0,21,0,11,10,1,21,0,0
20616,1000000US170314302004002,121,0,120,3,0,0,5,116,0,5,121,5,89,77,12,167,3,4
20617,1000000US170314302004003,138,0,137,1,2,0,1,137,0,1,138,3,102,90,12,224,1,0
20618,1000000US170314302004004,94,0,94,0,0,0,2,92,0,2,94,0,59,56,3,149,0,2
20619,1000000US170314302004005,130,1,129,0,0,0,1,129,0,1,129,1,72,66,6,217,0,1
20620,1000000US170314302004006,87,2,85,1,0,0,2,85,0,2,85,2,68,57,11,125,1,2
20621,1000000US170314302004007,42,9,33,0,0,0,1,41,0,1,33,0,21,19,2,59,0,1
20622,1000000US170314302004008,84,2,81,0,0,0,1,83,0,1,82,0,80,58,22,94,0,0
20623,1000000US170314302004009,88,1,85,1,0,0,3,85,0,3,87,1,79,60,19,109,1,1
20624,1000000US170314302005000,113,7,104,1,0,1,4,109,0,4,106,4,96,86,10,133,1,2
20625,1000000US170314302005001,131,1,130,2,0,2,0,131,0,0,130,5,88,88,0,184,1,0
20626,1000000US170314302005002,87,0,86,0,0,0,1,86,0,1,87,0,62,60,2,137,0,1
20627,1000000US170314302005003,120,0,120,0,0,0,0,120,0,0,120,0,85,84,1,163,0,0
20628,1000000US170314302005004,100,0,100,0,0,0,0,100,0,0,100,0,67,64,3,135,0,0
20629,1000000US170314302005005,69,0,69,3,0,0,0,69,0,0,69,4,41,39,2,92,0,0
20630,1000000US170314302005006,76,0,76,0,0,0,0,76,0,0,76,0,48,44,4,113,0,0
20631,1000000US170314302005007,21,0,21,1,1,0,1,20,0,1,21,2,11,11,0,27,1,1
20632,1000000US170314302005008,112,0,112,0,0,0,0,112,0,0,112,0,79,79,0,162,0,0
20633,1000000US170314302005009,87,2,82,0,0,0,4,83,0,4,85,2,52,51,1,119,0,1
20634,1000000US170314302005010,145,1,143,3,0,0,1,144,0,1,144,3,153,133,20,148,2,0
20635,1000000US170314302005011,0,0,0,0,0,0,0,0,0,0,0,0,0,0,0,0,0,0
20636,1000000US170314302005012,0,0,0,0,0,0,0,0,0,0,0,0,8,0,8,0,0,0
20637,1000000US170314302005013,6,0,6,0,0,0,0,6,0,0,6,0,6,6,0,8,0,0
20638,1000000US170314302005014,100,0,98,1,0,0,2,98,0,2,100,1,107,61,46,154,1,0
20639,1000000US170314303001000,0,0,0,0,0,0,0,0,0,0,0,0,0,0,0,0,0,0
20640,1000000US170314303001001,0,0,0,0,0,0,0,0,0,0,0,0,0,0,0,0,0,0
20641,1000000US170314303001002,2,0,2,0,0,0,0,2,0,0,2,0,3,2,1,2,0,0
20642,1000000US170314303001003,85,0,84,2,0,0,2,83,0,2,85,3,67,40,27,104,1,2
20643,1000000US170314303001004,101,0,101,3,0,0,2,99,0,2,101,3,65,47,18,136,3,2
20644,1000000US170314303001005,54,0,54,0,0,0,0,54,0,0,54,0,38,26,12,76,0,0
20645,1000000US170314303001006,82,1,77,0,4,0,0,82,0,0,81,1,60,47,13,123,0,0
20646,1000000US170314303001007,71,0,70,0,0,0,3,68,0,3,71,1,53,42,11,105,0,2
20647,1000000US170314303001008,33,0,33,0,0,0,0,33,0,0,33,0,27,19,8,42,0,0
20648,1000000US170314303001009,0,0,0,0,0,0,0,0,0,0,0,0,0,0,0,0,0,0
20649,1000000US170314303001010,34,0,34,0,0,0,2,32,0,2,34,2,18,18,0,40,0,2
20650,1000000US170314303001011,71,4,66,0,0,0,2,69,0,2,67,2,57,46,11,105,0,2
20651,1000000US170314303001012,51,1,50,0,0,0,0,51,0,0,50,0,32,25,7,63,0,0
20652,1000000US170314303001013,26,1,25,0,0,0,0,26,0,0,25,0,23,17,6,39,0,0
20653,1000000US170314303001014,47,0,46,0,0,0,1,46,0,1,47,0,34,29,5,57,0,0
20654,1000000US170314303001015,51,0,51,0,3,0,2,49,0,2,51,4,34,25,9,66,0,2
20655,1000000US170314303001016,26,0,24,0,0,0,2,24,0,2,26,0,21,16,5,37,0,0
20656,1000000US170314303001017,58,0,57,0,2,0,0,58,0,0,58,1,36,33,3,71,0,0
20657,1000000US170314303001018,33,0,33,0,0,0,0,33,0,0,33,0,23,19,4,39,0,0
20658,1000000US170314303002000,44,0,43,1,0,0,0,44,0,0,44,0,35,25,10,54,1,0
20659,1000000US170314303002001,10,0,10,0,0,0,1,9,0,1,10,0,10,7,3,13,0,1
20660,1000000US170314303002002,50,0,48,0,2,0,1,49,0,1,50,0,31,31,0,57,0,1
20661,1000000US170314303002003,32,2,30,0,0,0,0,32,0,0,30,0,24,21,3,45,0,0
20662,1000000US170314303002004,26,1,25,0,0,0,0,26,0,0,25,0,17,12,5,33,0,0
20663,1000000US170314303002005,47,0,47,2,0,0,0,47,0,0,47,3,29,27,2,87,1,0
20664,1000000US170314303002006,43,0,41,2,0,0,0,43,0,0,43,1,36,24,12,59,2,0
20665,1000000US170314303002007,0,0,0,0,0,0,0,0,0,0,0,0,25,0,25,0,0,0
20666,1000000US170314303002008,14,0,14,0,0,0,0,14,0,0,14,0,19,7,12,18,0,0
20667,1000000US170314303002009,1,0,1,0,0,0,0,1,0,0,1,0,3,1,2,4,0,0
20668,1000000US170314303002010,3,0,2,1,1,0,0,3,0,0,3,1,6,3,3,3,1,0
20669,1000000US170314303002011,74,1,72,1,3,0,1,73,0,1,73,5,67,47,20,108,0,1
20670,1000000US170314303002012,28,0,28,0,0,0,0,28,0,0,28,2,30,16,14,50,0,0
20671,1000000US170314303002013,42,0,42,0,0,0,0,42,0,0,42,0,30,22,8,69,0,0
20672,1000000US170314303003000,22,0,22,0,0,0,1,21,0,1,22,2,10,9,1,33,0,1
20673,1000000US170314303003001,26,0,26,0,0,0,2,24,0,2,26,0,16,16,0,46,0,2
20674,1000000US170314303003002,71,1,70,2,0,0,1,70,0,1,70,2,58,45,13,135,0,1
20675,1000000US170314303003003,90,1,86,2,2,0,3,87,0,3,89,3,77,46,31,152,0,2
20676,1000000US170314303003004,26,0,26,0,0,0,0,26,0,0,26,0,22,14,8,36,0,0
20677,1000000US170314303003005,16,0,16,1,0,0,0,16,0,0,16,1,15,10,5,31,1,0
20678,1000000US170314303003006,2,0,2,0,0,0,0,2,0,0,2,0,2,2,0,5,0,0
20679,1000000US170314303003007,27,0,27,1,0,0,0,27,0,0,27,1,18,15,3,40,1,0
20680,1000000US170314303003008,32,0,30,0,0,0,2,30,0,2,32,1,25,20,5,45,0,0
20681,1000000US170314303003009,16,0,16,0,1,0,0,16,0,0,16,1,13,12,1,21,0,0
20682,1000000US170314303003010,13,0,13,0,0,0,0,13,0,0,13,0,7,5,2,15,0,0
20683,1000000US170314303003011,0,0,0,0,0,0,0,0,0,0,0,0,0,0,0,0,0,0
20684,1000000US170314303003012,50,1,49,0,0,1,0,50,0,0,49,1,38,24,14,72,0,0
20685,1000000US170314303003013,0,0,0,0,0,0,0,0,0,0,0,0,0,0,0,0,0,0
20686,1000000US170314304001000,0,0,0,0,0,0,0,0,0,0,0,0,0,0,0,0,0,0
20687,1000000US170314304001001,0,0,0,0,0,0,0,0,0,0,0,0,0,0,0,0,0,0
20688,1000000US170314304001002,5,1,4,0,0,0,0,5,0,0,4,0,9,4,5,11,0,0
20689,1000000US170314304001003,0,0,0,0,0,0,0,0,0,0,0,0,0,0,0,0,0,0
20690,1000000US170314304001004,0,0,0,0,0,0,0,0,0,0,0,0,0,0,0,0,0,0
20691,1000000US170314304001005,2,0,2,0,0,0,0,2,0,0,2,0,1,1,0,6,0,0
20692,1000000US170314304001006,57,0,56,1,1,0,0,57,0,0,57,1,34,28,6,81,1,0
20693,1000000US170314304001007,47,0,47,0,0,0,0,47,0,0,47,1,26,23,3,75,0,0
20694,1000000US170314304001008,43,0,42,0,0,0,1,42,0,1,43,0,35,19,16,60,0,0
20695,1000000US170314304001009,46,0,46,0,0,0,1,45,0,1,46,1,35,26,9,75,0,1
20696,1000000US170314304001010,38,0,38,0,0,0,0,38,0,0,38,2,23,18,5,49,0,0
20697,1000000US170314304001011,57,1,56,0,0,0,0,57,0,0,56,0,39,33,6,69,0,0
20698,1000000US170314304001012,25,0,25,0,0,0,0,25,0,0,25,0,20,18,2,33,0,0
20699,1000000US170314304001013,0,0,0,0,0,0,0,0,0,0,0,0,0,0,0,0,0,0
20700,1000000US170314304001014,59,0,54,0,1,0,6,53,0,6,59,1,26,25,1,92,0,1
20701,1000000US170314304002000,12,0,12,0,0,0,0,12,0,0,12,2,24,5,19,12,0,0
20702,1000000US170314304002001,24,0,24,0,0,0,0,24,0,0,24,0,15,13,2,31,0,0
20703,1000000US170314304002002,71,0,68,0,0,0,3,68,0,3,71,1,44,39,5,99,0,0
20704,1000000US170314304002003,17,0,17,0,0,0,0,17,0,0,17,0,10,8,2,19,0,0
20705,1000000US170314304002004,83,1,79,1,0,0,1,82,0,1,82,1,49,46,3,122,1,0
20706,1000000US170314304002005,34,0,33,0,0,0,1,33,0,1,34,0,22,19,3,42,0,0
20707,1000000US170314304002006,23,0,23,0,0,0,0,23,0,0,23,0,23,14,9,35,0,0
20708,1000000US170314304002007,14,0,14,0,0,0,0,14,0,0,14,0,5,5,0,16,0,0
20709,1000000US170314304002008,49,0,49,4,0,0,0,49,0,0,49,4,25,20,5,73,0,0
20710,1000000US170314304002009,75,2,73,0,0,0,1,74,0,1,73,0,49,40,9,126,0,1
20711,1000000US170314304002010,30,0,30,0,0,0,0,30,0,0,30,0,18,14,4,44,0,0
20712,1000000US170314304002011,99,3,96,2,0,0,3,96,0,3,96,3,57,39,18,119,2,3
20713,1000000US170314304002012,55,0,55,5,0,0,2,53,0,2,55,5,36,30,6,69,5,2
20714,1000000US170314304003000,0,0,0,0,0,0,0,0,0,0,0,0,0,0,0,0,0,0
20715,1000000US170314304003001,28,0,28,0,0,0,1,27,0,1,28,0,20,14,6,34,0,1
20716,1000000US170314304003002,87,0,85,2,0,0,1,86,0,1,87,2,53,42,11,124,0,1
20717,1000000US170314304003003,52,0,52,0,0,0,0,52,0,0,52,0,37,30,7,65,0,0
20718,1000000US170314304003004,62,2,60,0,0,0,0,62,0,0,60,2,41,35,6,91,0,0
20719,1000000US170314304003005,62,1,61,0,0,0,0,62,0,0,61,0,46,30,16,97,0,0
20720,1000000US170314304003006,79,0,79,0,0,0,0,79,0,0,79,0,46,38,8,119,0,0
20721,1000000US170314304003007,55,0,55,0,0,0,0,55,0,0,55,0,32,24,8,69,0,0
20722,1000000US170314304003008,23,0,23,0,0,0,0,23,0,0,23,0,20,13,7,35,0,0
20723,1000000US170314304003009,0,0,0,0,0,0,0,0,0,0,0,0,1,0,1,0,0,0
20724,1000000US170314304003010,18,0,18,0,0,0,0,18,0,0,18,0,20,10,10,20,0,0
20725,1000000US170314304003011,36,0,36,0,0,0,0,36,0,0,36,0,18,15,3,44,0,0
20726,1000000US170314304003012,0,0,0,0,0,0,0,0,0,0,0,0,0,0,0,0,0,0
20727,1000000US170314304003013,17,0,17,0,0,0,0,17,0,0,17,0,10,9,1,20,0,0
20728,1000000US170314304003014,41,1,40,0,0,0,0,41,0,0,40,0,29,17,12,51,0,0
20729,1000000US170314304003015,38,0,38,0,0,0,0,38,0,0,38,1,31,23,8,63,0,0
20730,1000000US170314304003016,18,0,18,0,0,0,0,18,0,0,18,0,11,9,2,30,0,0
20731,1000000US170314304004000,0,0,0,0,0,0,0,0,0,0,0,0,0,0,0,0,0,0
20732,1000000US170314304004001,6,0,6,0,0,0,0,6,0,0,6,0,5,4,1,8,0,0
20733,1000000US170314304004002,36,2,34,1,0,0,0,36,0,0,34,1,20,18,2,45,1,0
20734,1000000US170314304004003,27,0,27,0,0,0,0,27,0,0,27,0,18,12,6,43,0,0
20735,1000000US170314304004004,47,0,47,0,0,0,0,47,0,0,47,1,28,21,7,67,0,0
20736,1000000US170314304004005,0,0,0,0,0,0,0,0,0,0,0,0,0,0,0,0,0,0
20737,1000000US170314304004006,34,0,34,0,0,0,0,34,0,0,34,2,18,11,7,41,0,0
20738,1000000US170314304004007,47,0,46,0,0,0,1,46,0,1,47,0,22,17,5,68,0,0
20739,1000000US170314304004008,35,0,35,0,0,0,0,35,0,0,35,0,36,16,20,63,0,0
20740,1000000US170314304004009,23,0,22,1,0,0,2,21,0,2,23,2,49,16,33,36,1,1
20741,1000000US170314304004010,18,0,18,0,0,0,0,18,0,0,18,0,14,13,1,32,0,0
20742,1000000US170314304004011,11,0,10,0,0,0,1,10,0,1,11,0,8,8,0,17,0,0
20743,1000000US170314304004012,2,0,1,0,0,0,1,1,0,1,2,0,1,1,0,4,0,0
20744,1000000US170314304004013,12,0,12,0,0,0,0,12,0,0,12,0,9,6,3,19,0,0
20745,1000000US170314304004014,0,0,0,0,0,0,0,0,0,0,0,0,2,0,2,0,0,0
20746,1000000US170314304004015,0,0,0,0,0,0,0,0,0,0,0,0,3,0,3,0,0,0
20747,1000000US170314304004016,160,5,155,2,0,2,0,160,0,0,155,4,131,91,40,160,1,0
20748,1000000US170314304004017,4,0,4,0,0,0,0,4,0,0,4,0,9,4,5,6,0,0
20749,1000000US170314304004018,34,0,33,0,1,0,0,34,0,0,34,0,25,17,8,45,0,0
20750,1000000US170314304004019,18,0,18,0,0,0,0,18,0,0,18,0,15,11,4,18,0,0
20751,1000000US170314304004020,0,0,0,0,0,0,0,0,0,0,0,0,0,0,0,0,0,0
20752,1000000US170314305001000,137,0,137,1,0,1,1,136,0,1,137,1,102,96,6,178,1,1
20753,1000000US170314305001001,226,1,225,2,0,0,0,226,0,0,225,2,205,201,4,231,2,0
20754,1000000US170314305001002,160,1,159,2,0,0,1,159,0,1,159,7,179,97,82,216,2,1
20755,1000000US170314305001003,159,0,159,0,0,1,0,159,0,0,159,1,114,96,18,203,0,0
20756,1000000US170314305001004,138,1,136,1,0,0,1,137,0,1,137,1,97,87,10,176,0,0
20757,1000000US170314305001005,127,1,125,2,0,0,2,125,0,2,126,1,108,94,14,154,2,2
20758,1000000US170314305001006,64,0,64,0,0,0,0,64,0,0,64,0,52,40,12,81,0,0
20759,1000000US170314305001007,95,0,95,0,0,0,0,95,0,0,95,0,68,49,19,119,0,0
20760,1000000US170314305002000,131,0,131,2,0,0,1,130,0,1,131,2,119,89,30,188,1,1
20761,1000000US170314305002001,119,0,118,5,1,0,3,116,0,3,119,7,87,81,6,143,2,3
20762,1000000US170314305002002,47,0,46,0,0,0,1,46,0,1,47,0,45,31,14,72,0,0
20763,1000000US170314305002003,77,2,74,1,0,0,1,76,0,1,75,1,59,56,3,127,1,0
20764,1000000US170314305002004,1,0,1,0,0,0,0,1,0,0,1,0,1,1,0,2,0,0
20765,1000000US170314305002005,119,0,115,0,0,1,10,109,0,10,119,0,75,68,7,164,0,7
20766,1000000US170314305002006,94,2,92,0,0,0,1,93,0,1,92,0,70,64,6,137,0,1
20767,1000000US170314305002007,25,1,24,4,0,0,0,25,0,0,24,4,15,15,0,39,4,0
20768,1000000US170314305002008,28,1,27,0,0,0,0,28,0,0,27,0,29,18,11,36,0,0
20769,1000000US170314305002009,107,0,107,0,0,0,0,107,0,0,107,0,71,61,10,146,0,0
20770,1000000US170314305002010,224,5,219,0,0,0,1,223,0,1,219,1,144,125,19,284,0,1
20771,1000000US170314305003000,86,1,83,2,0,0,1,85,0,1,85,0,99,54,45,112,2,1
20772,1000000US170314305003001,52,0,52,0,0,0,0,52,0,0,52,0,106,29,77,72,0,0
20773,1000000US170314305003002,61,0,61,0,0,0,0,61,0,0,61,0,38,37,1,89,0,0
20774,1000000US170314305003003,78,0,78,0,0,0,0,78,0,0,78,0,73,55,18,92,0,0
20775,1000000US170314305003004,5,0,5,0,0,0,0,5,0,0,5,0,2,2,0,6,0,0
20776,1000000US170314305003005,0,0,0,0,0,0,0,0,0,0,0,0,0,0,0,0,0,0
20777,1000000US170314305003006,0,0,0,0,0,0,0,0,0,0,0,0,0,0,0,0,0,0
20778,1000000US170314305003007,3,0,3,0,0,0,0,3,0,0,3,0,1,1,0,3,0,0
20779,1000000US170314305003008,7,0,7,0,0,0,0,7,0,0,7,0,12,3,9,8,0,0
20780,1000000US170314305003009,54,0,54,0,0,0,0,54,0,0,54,0,46,38,8,72,0,0
20781,1000000US170314305003010,76,0,76,0,0,0,0,76,0,0,76,0,48,43,5,107,0,0
20782,1000000US170314305003011,71,1,69,0,0,0,3,68,0,3,70,0,55,47,8,100,0,2
20783,1000000US170314305003012,36,0,35,0,0,0,1,35,0,1,36,0,32,24,8,63,0,0
20784,1000000US170314305003013,37,0,36,0,1,0,0,37,0,0,37,0,16,13,3,63,0,0
20785,1000000US170314305003014,70,0,69,2,0,0,1,69,0,1,70,2,57,44,13,109,2,0
20786,1000000US170314305003015,0,0,0,0,0,0,0,0,0,0,0,0,0,0,0,0,0,0
20787,1000000US170314305003016,3,0,3,0,0,0,0,3,0,0,3,0,4,3,1,6,0,0
20788,1000000US170314305003017,6,0,6,0,0,0,0,6,0,0,6,0,5,3,2,6,0,0
20789,1000000US170314306001000,12,0,12,0,0,0,0,12,0,0,12,0,10,6,4,12,0,0
20790,1000000US170314306001001,51,0,51,0,0,0,3,48,0,3,51,0,47,27,20,66,0,3
20791,1000000US170314306001002,2,0,2,0,0,0,0,2,0,0,2,0,1,1,0,4,0,0
20792,1000000US170314306001003,37,2,34,0,1,0,0,37,0,0,35,0,21,20,1,50,0,0
20793,1000000US170314306001004,56,2,54,0,0,0,2,54,0,2,54,3,44,43,1,72,0,2
20794,1000000US170314306001005,33,0,33,0,0,0,0,33,0,0,33,0,20,17,3,42,0,0
20795,1000000US170314306001006,21,1,20,0,0,0,0,21,0,0,20,0,11,11,0,28,0,0
20796,1000000US170314306001007,19,1,18,1,0,0,0,19,0,0,18,1,11,10,1,29,0,0
20797,1000000US170314306001008,32,2,30,0,0,0,2,30,0,2,30,0,18,14,4,42,0,2
20798,1000000US170314306001009,52,0,52,0,0,0,0,52,0,0,52,0,51,45,6,52,0,0
20799,1000000US170314306001010,42,0,42,0,0,0,0,42,0,0,42,0,38,35,3,50,0,0
20800,1000000US170314306001011,23,1,22,0,0,0,2,21,0,2,22,2,9,9,0,28,0,2
20801,1000000US170314306001012,20,3,17,1,1,0,0,20,0,0,17,2,10,9,1,28,0,0
20802,1000000US170314306002000,99,1,98,0,0,0,3,96,0,3,98,1,94,58,36,140,0,3
20803,1000000US170314306002001,30,4,25,1,0,0,1,29,0,1,26,1,18,16,2,30,1,0
20804,1000000US170314306002002,31,1,30,0,0,0,0,31,0,0,30,0,17,16,1,42,0,0
20805,1000000US170314306002003,30,1,29,0,0,0,0,30,0,0,29,0,14,13,1,34,0,0
20806,1000000US170314306002004,25,0,25,0,2,0,2,23,0,2,25,2,9,9,0,30,0,2
20807,1000000US170314306002005,32,1,31,0,0,0,0,32,0,0,31,0,13,13,0,42,0,0
20808,1000000US170314306002006,30,1,29,0,0,0,0,30,0,0,29,0,13,13,0,42,0,0
20809,1000000US170314306002007,36,0,36,0,0,0,0,36,0,0,36,0,12,12,0,45,0,0
20810,1000000US170314306002008,34,1,33,0,0,0,0,34,0,0,33,0,15,14,1,44,0,0
20811,1000000US170314306002009,97,2,95,0,0,0,0,97,0,0,95,0,63,62,1,134,0,0
20812,1000000US170314306002010,158,7,151,0,1,0,0,158,0,0,151,2,107,91,16,193,0,0
20813,1000000US170314306002011,61,1,59,0,0,0,1,60,0,1,60,1,45,36,9,79,0,0
20814,1000000US170314306002012,43,0,43,0,0,0,0,43,0,0,43,0,26,21,5,54,0,0
20815,1000000US170314306002013,66,0,65,1,0,0,0,66,0,0,66,0,52,48,4,74,1,0
20816,1000000US170314306002014,47,2,44,1,1,0,0,47,0,0,45,1,25,23,2,62,1,0
20817,1000000US170314306002015,52,1,51,0,0,0,1,51,0,1,51,0,37,34,3,68,0,1
20818,1000000US170314306002016,41,0,40,1,1,0,0,41,0,0,41,1,23,21,2,49,1,0
20819,1000000US170314307001000,0,0,0,0,0,0,0,0,0,0,0,0,0,0,0,0,0,0
20820,1000000US170314307001001,424,35,367,10,10,0,8,416,0,8,389,6,328,298,30,482,7,2
20821,1000000US170314307001002,26,3,23,0,0,0,0,26,0,0,23,0,17,15,2,30,0,0
20822,1000000US170314307001003,167,5,160,2,0,0,7,160,0,7,162,5,167,138,29,188,1,5
20823,1000000US170314307001004,307,10,285,1,1,0,9,298,0,9,297,3,276,205,71,392,0,3
20824,1000000US170314307001005,1,0,1,0,0,0,0,1,0,0,1,0,1,1,0,1,0,0
20825,1000000US170314307001006,47,0,45,0,1,0,2,45,0,2,47,1,34,26,8,65,0,0
20826,1000000US170314307002000,247,7,238,9,0,0,17,230,0,17,240,10,6,4,2,249,9,15
20827,1000000US170314307002001,59,6,53,1,0,0,2,57,0,2,53,1,39,34,5,77,1,2
20828,1000000US170314307002002,0,0,0,0,0,0,0,0,0,0,0,0,0,0,0,0,0,0
20829,1000000US170314307002003,65,0,64,0,0,0,1,64,0,1,65,0,48,41,7,114,0,0
20830,1000000US170314307002004,166,1,162,0,0,0,7,159,0,7,165,4,149,124,25,201,0,4
20831,1000000US170314307002005,16,0,16,0,0,0,0,16,0,0,16,0,15,12,3,17,0,0
20832,1000000US170314307002006,207,11,190,3,0,0,5,202,0,5,196,5,159,138,21,280,2,3
20833,1000000US170314307002007,81,1,80,0,1,0,1,80,0,1,80,1,96,54,42,114,0,1
20834,1000000US170314307002008,0,0,0,0,0,0,0,0,0,0,0,0,0,0,0,0,0,0
20835,1000000US170314308001000,83,0,81,0,0,0,2,81,0,2,83,1,57,50,7,126,0,0
20836,1000000US170314308001001,54,0,54,0,0,0,0,54,0,0,54,0,35,31,4,66,0,0
20837,1000000US170314308001002,63,2,59,0,0,0,2,61,0,2,61,1,33,29,4,79,0,0
20838,1000000US170314308001003,30,0,30,0,0,0,0,30,0,0,30,0,25,18,7,45,0,0
20839,1000000US170314308001004,63,0,63,0,0,0,0,63,0,0,63,2,50,40,10,84,0,0
20840,1000000US170314308001005,79,0,79,0,0,0,1,78,0,1,79,0,45,37,8,93,0,1
20841,1000000US170314308001006,23,0,23,0,0,0,0,23,0,0,23,0,22,18,4,25,0,0
20842,1000000US170314308001007,26,2,24,0,0,0,0,26,0,0,24,0,15,13,2,35,0,0
20843,1000000US170314308001008,27,0,27,0,0,0,0,27,0,0,27,0,12,12,0,33,0,0
20844,1000000US170314308001009,21,0,21,0,0,0,0,21,0,0,21,0,12,10,2,22,0,0
20845,1000000US170314308001010,26,3,22,0,1,0,0,26,0,0,23,1,12,11,1,35,0,0
20846,1000000US170314308001011,22,1,21,0,0,0,1,21,0,1,21,0,16,12,4,27,0,1
20847,1000000US170314308001012,29,2,27,0,0,0,0,29,0,0,27,0,15,14,1,39,0,0
20848,1000000US170314308001013,28,0,28,0,0,0,0,28,0,0,28,1,15,13,2,36,0,0
20849,1000000US170314308001014,0,0,0,0,0,0,0,0,0,0,0,0,0,0,0,0,0,0
20850,1000000US170314308001015,38,0,38,0,0,0,0,38,0,0,38,0,34,22,12,39,0,0
20851,1000000US170314308002000,45,0,45,0,0,0,0,45,0,0,45,0,30,23,7,65,0,0
20852,1000000US170314308002001,25,0,25,0,0,0,0,25,0,0,25,0,13,11,2,30,0,0
20853,1000000US170314308002002,26,1,25,0,0,0,0,26,0,0,25,0,13,13,0,28,0,0
20854,1000000US170314308002003,36,0,34,0,2,0,1,35,0,1,36,0,17,15,2,55,0,1
20855,1000000US170314308002004,42,0,42,0,0,0,0,42,0,0,42,0,23,21,2,53,0,0
20856,1000000US170314308002005,26,0,26,0,0,0,0,26,0,0,26,0,17,16,1,29,0,0
20857,1000000US170314308002006,26,2,24,0,0,0,0,26,0,0,24,0,16,15,1,30,0,0
20858,1000000US170314308002007,36,0,36,1,0,0,1,35,0,1,36,1,28,22,6,45,1,1
20859,1000000US170314308002008,34,0,34,0,0,1,0,34,0,0,34,1,18,18,0,43,0,0
20860,1000000US170314308002009,22,0,22,2,0,0,0,22,0,0,22,2,14,12,2,24,2,0
20861,1000000US170314308002010,24,0,24,0,0,0,1,23,0,1,24,0,11,11,0,34,0,1
20862,1000000US170314308002011,34,0,34,0,0,0,4,30,0,4,34,0,14,14,0,40,0,4
20863,1000000US170314308002012,33,0,33,0,0,0,0,33,0,0,33,0,13,13,0,41,0,0
20864,1000000US170314308002013,78,1,75,2,0,0,2,76,0,2,77,3,49,44,5,113,0,0
20865,1000000US170314308002014,75,1,73,0,0,0,1,74,0,1,74,1,65,46,19,93,0,0
20866,1000000US170314308002015,66,0,66,0,0,0,0,66,0,0,66,0,48,43,5,79,0,0
20867,1000000US170314308002016,0,0,0,0,0,0,0,0,0,0,0,0,0,0,0,0,0,0
20868,1000000US170314308002017,12,0,12,0,0,0,0,12,0,0,12,0,8,8,0,12,0,0
20869,1000000US170314308002018,10,0,10,0,0,0,0,10,0,0,10,0,6,5,1,14,0,0
20870,1000000US170314308002019,58,1,57,1,0,0,0,58,0,0,57,1,44,42,2,80,1,0
20871,1000000US170314308002020,27,0,27,0,0,0,0,27,0,0,27,0,19,19,0,37,0,0
20872,1000000US170314308002021,4,0,4,0,0,0,0,4,0,0,4,0,3,3,0,4,0,0
20873,1000000US170314308002022,8,0,8,0,0,0,0,8,0,0,8,0,5,5,0,13,0,0
20874,1000000US170314308002023,13,1,12,0,0,0,0,13,0,0,12,0,8,8,0,17,0,0
20875,1000000US170314309001000,34,0,31,1,1,0,3,31,0,3,34,3,23,21,2,42,1,2
20876,1000000US170314309001001,36,0,36,0,0,0,0,36,0,0,36,0,14,13,1,43,0,0
20877,1000000US170314309001002,23,0,23,0,0,0,0,23,0,0,23,0,15,13,2,28,0,0
20878,1000000US170314309001003,58,0,54,0,0,0,2,56,0,2,58,0,36,32,4,71,0,0
20879,1000000US170314309001004,28,0,28,0,0,0,0,28,0,0,28,0,15,15,0,31,0,0
20880,1000000US170314309001005,40,1,39,0,0,0,0,40,0,0,39,0,22,22,0,48,0,0
20881,1000000US170314309001006,203,1,198,1,0,0,7,196,0,7,202,2,141,122,19,271,0,3
20882,1000000US170314309001007,170,2,164,4,0,0,0,170,0,0,168,2,105,97,8,251,3,0
20883,1000000US170314309001008,1,0,1,0,0,0,0,1,0,0,1,0,1,1,0,1,0,0
20884,1000000US170314309001009,0,0,0,0,0,0,0,0,0,0,0,0,0,0,0,0,0,0
20885,1000000US170314309001010,0,0,0,0,0,0,0,0,0,0,0,0,0,0,0,0,0,0
20886,1000000US170314309001011,57,0,57,1,0,0,0,57,0,0,57,2,43,38,5,78,0,0
20887,1000000US170314309001012,85,0,83,1,0,0,1,84,0,1,85,0,58,54,4,106,1,0
20888,1000000US170314309001013,84,0,84,0,1,0,0,84,0,0,84,4,47,43,4,140,0,0
20889,1000000US170314309002000,55,0,48,6,0,0,2,53,0,2,55,0,25,23,2,61,6,1
20890,1000000US170314309002001,36,0,36,0,0,0,0,36,0,0,36,0,23,20,3,53,0,0
20891,1000000US170314309002002,43,0,43,0,0,0,0,43,0,0,43,0,21,21,0,55,0,0
20892,1000000US170314309002003,21,0,21,0,0,0,0,21,0,0,21,0,15,10,5,25,0,0
20893,1000000US170314309002004,12,0,12,0,0,0,0,12,0,0,12,0,7,7,0,13,0,0
20894,1000000US170314309002005,66,0,66,0,0,0,0,66,0,0,66,0,45,36,9,87,0,0
20895,1000000US170314309002006,55,0,55,0,0,0,0,55,0,0,55,0,33,27,6,81,0,0
20896,1000000US170314309002007,20,0,19,0,0,0,0,20,0,0,20,0,9,9,0,25,0,0
20897,1000000US170314309002008,55,0,55,0,0,0,0,55,0,0,55,0,26,25,1,64,0,0
20898,1000000US170314309002009,27,0,27,0,0,0,1,26,0,1,27,0,16,15,1,38,0,1
20899,1000000US170314309002010,0,0,0,0,0,0,0,0,0,0,0,0,0,0,0,0,0,0
20900,1000000US170314309002011,13,0,12,1,0,0,0,13,0,0,13,0,9,9,0,16,1,0
20901,1000000US170314309002012,0,0,0,0,0,0,0,0,0,0,0,0,0,0,0,0,0,0
20902,1000000US170314309002013,0,0,0,0,0,0,0,0,0,0,0,0,0,0,0,0,0,0
20903,1000000US170314309002014,0,0,0,0,0,0,0,0,0,0,0,0,0,0,0,0,0,0
20904,1000000US170314309002015,73,0,73,0,0,0,0,73,0,0,73,0,38,37,1,92,0,0
20905,1000000US170314309002016,8,0,8,0,0,0,0,8,0,0,8,0,5,5,0,14,0,0
20906,1000000US170314309002017,30,0,28,1,0,0,1,29,0,1,30,0,20,15,5,35,1,0
20907,1000000US170314309002018,0,0,0,0,0,0,0,0,0,0,0,0,0,0,0,0,0,0
20908,1000000US170314309002019,4,0,4,0,0,0,0,4,0,0,4,0,2,1,1,4,0,0
20909,1000000US170314309002020,0,0,0,0,0,0,0,0,0,0,0,0,0,0,0,0,0,0
20910,1000000US170314309002021,29,0,29,0,0,0,0,29,0,0,29,0,21,17,4,41,0,0
20911,1000000US170314309002022,0,0,0,0,0,0,0,0,0,0,0,0,0,0,0,0,0,0
20912,1000000US170314312001000,57,0,57,0,0,0,0,57,0,0,57,1,29,24,5,78,0,0
20913,1000000US170314312001001,31,1,28,1,0,0,2,29,0,2,30,0,16,12,4,37,1,1
20914,1000000US170314312001002,40,0,38,1,0,0,0,40,0,0,40,0,18,15,3,47,1,0
20915,1000000US170314312001003,27,0,25,0,0,0,3,24,0,3,27,0,19,16,3,35,0,1
20916,1000000US170314312001004,38,0,38,0,0,0,0,38,0,0,38,0,16,15,1,49,0,0
20917,1000000US170314312001005,29,1,28,0,0,0,0,29,0,0,28,0,16,15,1,37,0,0
20918,1000000US170314312001006,74,0,73,0,0,0,1,73,0,1,74,0,47,44,3,88,0,1
20919,1000000US170314312001007,84,2,81,0,0,0,2,82,0,2,82,4,54,46,8,115,0,1
20920,1000000US170314312001008,22,1,21,0,0,0,0,22,0,0,21,0,12,12,0,31,0,0
20921,1000000US170314312001009,34,0,32,2,0,0,1,33,0,1,34,1,19,18,1,44,2,1
20922,1000000US170314312001010,84,0,84,1,1,0,0,84,0,0,84,2,48,45,3,110,1,0
20923,1000000US170314312001011,42,0,42,0,0,0,0,42,0,0,42,0,22,21,1,53,0,0
20924,1000000US170314312001012,44,0,44,2,0,0,0,44,0,0,44,2,21,21,0,55,0,0
20925,1000000US170314312001013,66,0,66,2,0,0,5,61,0,5,66,6,35,32,3,78,2,5
20926,1000000US170314312001014,36,0,36,0,0,0,0,36,0,0,36,1,22,19,3,42,0,0
20927,1000000US170314312001015,35,0,35,0,0,0,0,35,0,0,35,0,17,16,1,54,0,0
20928,1000000US170314312001016,20,1,18,0,0,0,0,20,0,0,19,0,7,7,0,21,0,0
20929,1000000US170314312001017,44,0,44,0,0,0,0,44,0,0,44,0,31,23,8,57,0,0
20930,1000000US170314312001018,32,1,31,0,0,0,0,32,0,0,31,0,17,16,1,45,0,0
20931,1000000US170314312001019,31,2,29,0,0,0,0,31,0,0,29,0,15,13,2,48,0,0
20932,1000000US170314312001020,38,0,38,0,0,0,0,38,0,0,38,0,14,13,1,50,0,0
20933,1000000US170314312001021,39,1,38,0,0,0,0,39,0,0,38,0,13,13,0,50,0,0
20934,1000000US170314312001022,28,0,28,0,0,0,1,27,0,1,28,1,14,14,0,34,0,1
20935,1000000US170314312001023,0,0,0,0,0,0,0,0,0,0,0,0,0,0,0,0,0,0
20936,1000000US170314312001024,30,0,29,1,1,0,2,28,0,2,30,1,18,17,1,37,1,2
20937,1000000US170314312001025,14,0,14,0,0,0,1,13,0,1,14,0,10,9,1,19,0,1
20938,1000000US170314312001026,2,0,2,0,0,0,0,2,0,0,2,0,0,0,0,2,0,0
20939,1000000US170314312001027,20,2,18,0,0,0,0,20,0,0,18,0,14,12,2,27,0,0
20940,1000000US170314312001028,0,0,0,0,0,0,0,0,0,0,0,0,0,0,0,0,0,0
20941,1000000US170314312001029,38,0,38,0,0,0,1,37,0,1,38,1,20,19,1,50,0,1
20942,1000000US170314312001030,63,1,62,0,0,0,0,63,0,0,62,0,40,30,10,81,0,0
20943,1000000US170314312001031,26,0,26,0,0,0,1,25,0,1,26,0,15,12,3,33,0,1
20944,1000000US170314312001032,46,0,46,0,0,0,1,45,0,1,46,0,30,24,6,71,0,1
20945,1000000US170314312001033,0,0,0,0,0,0,0,0,0,0,0,0,0,0,0,0,0,0
20946,1000000US170314312001034,5,0,5,0,0,0,0,5,0,0,5,0,6,4,2,6,0,0
20947,1000000US170314312002000,1,0,1,0,0,0,0,1,0,0,1,1,1,1,0,1,0,0
20948,1000000US170314312002001,0,0,0,0,0,0,0,0,0,0,0,0,0,0,0,0,0,0
20949,1000000US170314312002002,13,0,13,0,0,0,0,13,0,0,13,0,10,7,3,14,0,0
20950,1000000US170314312002003,32,0,31,0,0,0,1,31,0,1,32,0,24,20,4,52,0,0
20951,1000000US170314312002004,0,0,0,0,0,0,0,0,0,0,0,0,0,0,0,0,0,0
20952,1000000US170314312002005,30,0,30,0,0,0,0,30,0,0,30,0,16,14,2,42,0,0
20953,1000000US170314312002006,33,0,33,0,0,0,0,33,0,0,33,1,17,14,3,44,0,0
20954,1000000US170314312002007,41,0,41,1,0,0,1,40,0,1,41,1,34,31,3,50,1,1
20955,1000000US170314312002008,18,0,18,0,0,0,0,18,0,0,18,0,16,15,1,24,0,0
20956,1000000US170314312002009,36,0,36,0,0,0,0,36,0,0,36,0,18,17,1,45,0,0
20957,1000000US170314312002010,47,1,46,0,0,0,0,47,0,0,46,0,17,17,0,56,0,0
20958,1000000US170314312002011,26,0,26,0,0,0,1,25,0,1,26,0,19,17,2,27,0,1
20959,1000000US170314312002012,24,1,22,0,0,0,1,23,0,1,23,0,13,12,1,32,0,0
20960,1000000US170314312002013,40,0,40,0,0,0,0,40,0,0,40,0,22,22,0,55,0,0
20961,1000000US170314312002014,38,0,38,0,0,0,0,38,0,0,38,0,15,15,0,53,0,0
20962,1000000US170314312002015,25,0,25,0,0,0,0,25,0,0,25,0,13,11,2,31,0,0
20963,1000000US170314312002016,30,0,30,0,0,0,0,30,0,0,30,0,12,12,0,39,0,0
20964,1000000US170314312002017,17,0,17,0,0,0,0,17,0,0,17,0,13,11,2,28,0,0
20965,1000000US170314312002018,21,0,21,0,0,0,1,20,0,1,21,0,14,13,1,25,0,1
20966,1000000US170314312002019,42,0,42,0,0,0,0,42,0,0,42,0,12,12,0,49,0,0
20967,1000000US170314312002020,21,2,19,0,0,0,0,21,0,0,19,0,13,12,1,24,0,0
20968,1000000US170314312002021,55,1,54,2,0,0,0,55,0,0,54,3,27,26,1,71,2,0
20969,1000000US170314312002022,35,0,35,0,0,0,0,35,0,0,35,0,21,18,3,47,0,0
20970,1000000US170314312002023,32,0,31,0,0,0,2,30,0,2,32,0,16,16,0,37,0,1
20971,1000000US170314312002024,38,0,36,3,0,0,7,31,0,7,38,3,18,17,1,63,0,5
20972,1000000US170314312002025,36,0,36,0,0,0,0,36,0,0,36,0,16,15,1,48,0,0
20973,1000000US170314312002026,32,0,32,0,0,0,0,32,0,0,32,0,14,13,1,37,0,0
20974,1000000US170314312002027,36,0,35,1,0,0,3,33,0,3,36,0,22,19,3,45,1,3
20975,1000000US170314312002028,49,0,48,0,0,0,0,49,0,0,49,2,21,21,0,61,0,0
20976,1000000US170314312002029,32,0,32,0,0,0,1,31,0,1,32,0,21,16,5,38,0,1
20977,1000000US170314312002030,42,3,39,3,0,0,0,42,0,0,39,3,17,16,1,48,1,0
20978,1000000US170314312002031,30,4,26,0,0,0,0,30,0,0,26,0,16,13,3,37,0,0
20979,1000000US170314312002032,35,0,35,0,0,0,0,35,0,0,35,0,15,13,2,44,0,0
20980,1000000US170314312002033,26,1,25,0,0,0,0,26,0,0,25,0,11,10,1,40,0,0
20981,1000000US170314312002034,34,0,31,0,2,0,0,34,0,0,34,1,13,12,1,40,0,0
20982,1000000US170314312002035,19,0,19,0,0,0,0,19,0,0,19,0,13,11,2,29,0,0
20983,1000000US170314312002036,7,0,7,0,0,0,0,7,0,0,7,0,6,5,1,7,0,0
20984,1000000US170314312002037,51,0,50,0,0,0,1,50,0,1,51,0,25,25,0,71,0,0
20985,1000000US170314312002038,29,0,29,0,0,0,0,29,0,0,29,0,13,12,1,40,0,0
20986,1000000US170314313011000,0,0,0,0,0,0,0,0,0,0,0,0,0,0,0,0,0,0
20987,1000000US170314313011001,0,0,0,0,0,0,0,0,0,0,0,0,0,0,0,0,0,0
20988,1000000US170314313011002,87,0,87,0,0,0,0,87,0,0,87,0,82,61,21,109,0,0
20989,1000000US170314313011003,22,0,20,0,0,0,1,21,0,1,22,0,20,12,8,38,0,0
20990,1000000US170314313011004,84,0,84,0,0,0,0,84,0,0,84,0,59,40,19,121,0,0
20991,1000000US170314313011005,35,0,34,0,0,0,1,34,0,1,35,2,26,17,9,64,0,0
20992,1000000US170314313011006,16,0,11,0,0,0,5,11,0,5,16,4,5,5,0,26,0,0
20993,1000000US170314313011007,41,0,41,0,0,0,1,40,0,1,41,0,23,19,4,70,0,1
20994,1000000US170314313011008,8,0,8,0,0,0,0,8,0,0,8,0,6,4,2,10,0,0
20995,1000000US170314313011009,7,0,7,0,0,0,0,7,0,0,7,0,6,3,3,11,0,0
20996,1000000US170314313011010,3,0,3,0,0,0,0,3,0,0,3,1,2,2,0,6,0,0
20997,1000000US170314313011011,57,1,50,0,0,0,7,50,0,7,56,1,29,29,0,85,0,1
20998,1000000US170314313011012,0,0,0,0,0,0,0,0,0,0,0,0,2,0,2,0,0,0
20999,1000000US170314313011013,4,0,4,0,0,0,0,4,0,0,4,0,4,4,0,4,0,0
21000,1000000US170314313011014,25,0,24,0,0,0,1,24,0,1,25,0,26,13,13,40,0,0
21001,1000000US170314313011015,58,0,58,0,0,0,0,58,0,0,58,0,40,33,7,89,0,0
21002,1000000US170314313012000,128,8,117,3,2,0,0,128,0,0,120,3,89,67,22,173,1,0
21003,1000000US170314313012001,146,1,145,2,0,0,0,146,0,0,145,5,87,75,12,210,1,0
21004,1000000US170314313012002,85,0,85,0,0,0,1,84,0,1,85,0,49,44,5,113,0,1
21005,1000000US170314313012003,112,0,112,0,0,0,0,112,0,0,112,0,76,63,13,158,0,0
21006,1000000US170314313012004,156,3,152,2,4,1,0,156,0,0,153,6,102,83,19,239,2,0
21007,1000000US170314313012005,107,2,105,3,0,0,2,105,0,2,105,3,75,62,13,184,2,2
21008,1000000US170314313012006,69,1,68,1,0,0,0,69,0,0,68,1,58,37,21,106,1,0
21009,1000000US170314313012007,82,0,82,5,0,0,2,80,0,2,82,7,89,42,47,109,5,2
21010,1000000US170314313012008,125,0,122,1,0,0,2,123,0,2,125,2,79,64,15,193,1,2
21011,1000000US170314313012009,128,2,123,3,0,0,0,128,0,0,126,1,98,73,25,187,3,0
21012,1000000US170314313013000,38,0,38,0,0,0,0,38,0,0,38,0,32,19,13,61,0,0
21013,1000000US170314313013001,77,0,76,1,1,0,1,76,0,1,77,1,46,39,7,115,1,1
21014,1000000US170314313013002,151,0,138,1,0,0,12,139,0,12,151,7,99,79,20,201,1,0
21015,1000000US170314313013003,100,0,99,1,0,0,0,100,0,0,100,1,63,52,11,127,1,0
21016,1000000US170314313013004,58,0,58,0,0,0,0,58,0,0,58,1,62,27,35,77,0,0
21017,1000000US170314313013005,39,0,39,0,0,0,0,39,0,0,39,0,60,24,36,49,0,0
21018,1000000US170314313013006,58,1,57,1,0,0,1,57,0,1,57,1,74,30,44,103,1,1
21019,1000000US170314313013007,81,1,80,0,0,0,0,81,0,0,80,0,68,39,29,115,0,0
21020,1000000US170314313013008,80,1,79,0,0,0,0,80,0,0,79,0,55,41,14,98,0,0
21021,1000000US170314313013009,30,0,30,1,0,0,1,29,0,1,30,1,60,19,41,44,1,1
21022,1000000US170314313013010,62,0,62,0,0,0,0,62,0,0,62,0,52,39,13,94,0,0
21023,1000000US170314313013011,7,0,7,0,0,0,0,7,0,0,7,0,7,4,3,9,0,0
21024,1000000US170314313013012,29,7,21,1,0,0,0,29,0,0,22,0,5,5,0,53,1,0
21025,1000000US170314313013013,19,0,19,1,0,0,0,19,0,0,19,1,34,10,24,47,1,0
21026,1000000US170314313013014,7,1,6,0,0,0,0,7,0,0,6,0,22,6,16,7,0,0
21027,1000000US170314313013015,0,0,0,0,0,0,0,0,0,0,0,0,0,0,0,0,0,0
21028,1000000US170314313021000,0,0,0,0,0,0,0,0,0,0,0,0,0,0,0,0,0,0
21029,1000000US170314313021001,50,0,50,0,0,0,1,49,0,1,50,0,33,29,4,69,0,1
21030,1000000US170314313021002,136,9,126,0,0,0,0,136,0,0,127,0,70,67,3,175,0,0
21031,1000000US170314313021003,209,0,207,1,0,0,3,206,0,3,209,3,171,123,48,273,0,1
21032,1000000US170314313021004,136,1,131,1,0,0,3,133,0,3,135,2,137,69,68,186,1,0
21033,1000000US170314313021005,22,0,22,0,0,0,0,22,0,0,22,0,10,9,1,34,0,0
21034,1000000US170314313021006,22,1,18,0,0,0,3,19,0,3,21,0,16,10,6,36,0,0
21035,1000000US170314313021007,17,0,17,0,0,0,0,17,0,0,17,0,12,12,0,21,0,0
21036,1000000US170314313021008,37,1,36,0,0,0,0,37,0,0,36,0,27,22,5,78,0,0
21037,1000000US170314313021009,163,2,156,3,0,0,6,157,0,6,161,2,151,122,29,220,3,2
21038,1000000US170314313021010,47,0,47,0,0,0,0,47,0,0,47,0,62,36,26,89,0,0
21039,1000000US170314313021011,0,0,0,0,0,0,0,0,0,0,0,0,0,0,0,0,0,0
21040,1000000US170314313021012,0,0,0,0,0,0,0,0,0,0,0,0,0,0,0,0,0,0
21041,1000000US170314313021013,37,4,33,0,0,0,2,35,0,2,33,0,21,18,3,57,0,2
21042,1000000US170314313022000,0,0,0,0,0,0,0,0,0,0,0,0,0,0,0,0,0,0
21043,1000000US170314313022001,73,0,73,0,0,0,0,73,0,0,73,0,80,51,29,89,0,0
21044,1000000US170314313022002,50,0,50,0,0,0,0,50,0,0,50,2,60,36,24,64,0,0
21045,1000000US170314313022003,24,0,24,0,0,0,1,23,0,1,24,0,23,17,6,27,0,1
21046,1000000US170314313022004,14,0,14,0,0,0,0,14,0,0,14,0,9,9,0,18,0,0
21047,1000000US170314313022005,36,0,36,0,0,0,0,36,0,0,36,0,27,21,6,42,0,0
21048,1000000US170314313022006,77,1,71,0,0,0,5,72,0,5,76,0,38,33,5,100,0,0
21049,1000000US170314313022007,52,0,52,0,0,0,1,51,0,1,52,0,37,23,14,79,0,1
21050,1000000US170314313022008,64,2,62,1,0,0,1,63,0,1,62,1,43,36,7,90,0,1
21051,1000000US170314313022009,85,0,85,0,0,0,0,85,0,0,85,0,53,47,6,111,0,0
21052,1000000US170314313022010,85,3,82,1,0,0,1,84,0,1,82,1,69,50,19,108,1,1
21053,1000000US170314313022011,121,0,121,0,0,0,0,121,0,0,121,0,71,58,13,164,0,0
21054,1000000US170314313022012,70,2,68,0,0,0,0,70,0,0,68,0,48,44,4,95,0,0
21055,1000000US170314313022013,117,0,116,1,0,0,0,117,0,0,117,1,85,72,13,161,1,0
21056,1000000US170314313022014,75,1,74,1,0,0,1,74,0,1,74,1,63,42,21,123,1,1
21057,1000000US170314313023000,0,0,0,0,0,0,0,0,0,0,0,0,0,0,0,0,0,0
21058,1000000US170314313023001,0,0,0,0,0,0,0,0,0,0,0,0,0,0,0,0,0,0
21059,1000000US170314313023002,103,4,99,0,0,1,0,103,0,0,99,1,71,60,11,128,0,0
21060,1000000US170314313023003,121,0,121,0,0,0,0,121,0,0,121,0,104,75,29,175,0,0
21061,1000000US170314313023004,126,1,125,1,0,1,1,125,0,1,125,2,89,82,7,169,1,1
21062,1000000US170314313023005,115,1,114,1,1,0,1,114,0,1,114,4,87,74,13,158,1,1
21063,1000000US170314313023006,145,0,145,2,0,0,0,145,0,0,145,2,113,86,27,205,2,0
21064,1000000US170314313023007,116,1,114,1,0,0,1,115,0,1,115,2,76,58,18,161,1,0
21065,1000000US170314313023008,78,3,74,0,0,0,1,77,0,1,75,0,70,43,27,127,0,0
21066,1000000US170314313023009,48,0,48,0,0,0,0,48,0,0,48,0,53,29,24,76,0,0
21067,1000000US170314313023010,128,0,128,0,0,1,1,127,0,1,128,5,96,70,26,188,0,1
21068,1000000US170314313023011,146,1,145,0,0,0,0,146,0,0,145,0,87,83,4,219,0,0
21069,1000000US170314313023012,0,0,0,0,0,0,0,0,0,0,0,0,0,0,0,0,0,0
21070,1000000US170314313023013,9,0,9,0,0,0,1,8,0,1,9,0,12,5,7,13,0,1
21071,1000000US170314313023014,10,0,10,0,0,0,0,10,0,0,10,0,11,6,5,12,0,0
21072,1000000US170314313023015,22,0,22,0,0,0,0,22,0,0,22,0,13,10,3,26,0,0
21073,1000000US170314314001000,655,33,609,10,6,0,6,649,0,6,622,16,607,505,102,721,9,3
21074,1000000US170314314001001,339,11,321,7,0,0,1,338,0,1,328,1,241,207,34,431,7,0
21075,1000000US170314314001002,254,12,229,5,5,0,3,251,0,3,242,5,92,83,9,298,5,0
21076,1000000US170314314001003,237,9,226,1,0,0,1,236,0,1,228,1,77,74,3,291,1,0
21077,1000000US170314314001004,328,6,316,7,0,0,3,325,0,3,322,6,248,217,31,418,6,1
21078,1000000US170314314001005,622,10,590,9,15,0,7,615,0,7,612,9,489,458,31,683,8,2
21079,1000000US170314314001006,0,0,0,0,0,0,0,0,0,0,0,0,2,0,2,0,0,0
21080,1000000US170314314001007,31,0,26,2,4,0,2,29,0,2,31,3,14,11,3,38,2,0
21081,1000000US170314314002000,0,0,0,0,0,0,0,0,0,0,0,0,0,0,0,0,0,0
21082,1000000US170314314002001,48,4,44,0,0,0,0,48,0,0,44,0,41,32,9,57,0,0
21083,1000000US170314314002002,303,6,294,2,0,0,8,295,0,8,297,4,271,217,54,368,1,5
21084,1000000US170314314002003,261,6,250,0,1,0,4,257,0,4,255,1,59,38,21,287,0,0
21085,1000000US170314314002004,0,0,0,0,0,0,0,0,0,0,0,0,64,0,64,0,0,0
21086,1000000US170314314002005,35,0,35,1,0,0,0,35,0,0,35,1,20,18,2,47,1,0
21087,1000000US170314314002006,29,0,29,0,0,0,1,28,0,1,29,0,20,14,6,39,0,1
21088,1000000US170314314002007,307,2,302,1,2,0,3,304,0,3,305,4,303,198,105,390,1,2
21089,1000000US170314314002008,106,15,85,0,1,0,9,97,0,9,91,3,78,68,10,121,0,4
21090,1000000US170314314002009,42,1,41,0,0,0,0,42,0,0,41,0,49,29,20,57,0,0
21091,1000000US170314314002010,58,2,54,0,1,0,1,57,0,1,56,1,44,31,13,100,0,0
21092,1000000US170314314003000,0,0,0,0,0,0,0,0,0,0,0,0,0,0,0,0,0,0
21093,1000000US170314314003001,188,7,175,0,5,0,5,183,0,5,181,2,159,138,21,224,0,3
21094,1000000US170314314003002,0,0,0,0,0,0,0,0,0,0,0,0,0,0,0,0,0,0
21095,1000000US170314314003003,0,0,0,0,0,0,0,0,0,0,0,0,0,0,0,0,0,0
21096,1000000US170314314003004,0,0,0,0,0,0,0,0,0,0,0,0,0,0,0,0,0,0
21097,1000000US170314314003005,233,0,231,1,0,0,2,231,0,2,233,3,221,164,57,314,1,0
21098,1000000US170314314003006,312,6,304,4,0,0,1,311,0,1,306,6,156,130,26,365,3,0
21099,1000000US170314314003007,96,0,96,0,0,0,0,96,0,0,96,0,77,63,14,132,0,0
21100,1000000US170314314003008,83,1,82,3,0,0,1,82,0,1,82,4,53,46,7,112,3,1
21101,1000000US170314314003009,79,1,77,1,0,0,0,79,0,0,78,0,84,77,7,79,1,0
21102,1000000US170314314003010,323,4,317,9,0,1,3,320,0,3,319,13,250,229,21,393,6,2
21103,1000000US170314314003011,124,0,122,0,0,0,4,120,0,4,124,0,117,73,44,185,0,2
21104,1000000US170314314003012,24,0,24,0,0,0,0,24,0,0,24,0,12,12,0,28,0,0
21105,1000000US170314314003013,68,2,66,0,0,0,1,67,0,1,66,0,62,46,16,96,0,1
21106,1000000US170314314004000,121,0,121,0,0,0,0,121,0,0,121,0,106,95,11,137,0,0
21107,1000000US170314314004001,7,1,6,0,0,0,0,7,0,0,6,0,10,7,3,7,0,0
21108,1000000US170314401011000,35,1,34,0,0,0,0,35,0,0,34,0,25,18,7,52,0,0
21109,1000000US170314401011001,77,0,76,1,0,0,2,75,0,2,77,2,55,46,9,116,0,1
21110,1000000US170314401011002,88,1,87,0,0,0,1,87,0,1,87,1,86,65,21,109,0,1
21111,1000000US170314401011003,76,0,76,0,3,0,0,76,0,0,76,4,54,50,4,99,0,0
21112,1000000US170314401011004,93,0,93,0,0,0,0,93,0,0,93,2,75,47,28,124,0,0
21113,1000000US170314401011005,104,4,100,0,0,0,0,104,0,0,100,0,59,52,7,135,0,0
21114,1000000US170314401011006,59,0,59,0,0,0,1,58,0,1,59,0,37,32,5,76,0,1
21115,1000000US170314401011007,113,0,110,0,0,0,3,110,0,3,113,0,92,65,27,156,0,0
21116,1000000US170314401011008,109,0,106,2,0,0,2,107,0,2,109,0,104,61,43,150,2,1
21117,1000000US170314401011009,103,0,100,1,0,0,3,100,0,3,103,1,94,62,32,141,1,0
21118,1000000US170314401011010,75,0,75,0,0,1,0,75,0,0,75,1,48,40,8,99,0,0
21119,1000000US170314401011011,111,1,110,1,0,1,2,109,0,2,110,2,67,60,7,144,1,2
21120,1000000US170314401011012,0,0,0,0,0,0,0,0,0,0,0,0,0,0,0,0,0,0
21121,1000000US170314401011013,0,0,0,0,0,0,0,0,0,0,0,0,0,0,0,0,0,0
21122,1000000US170314401011014,0,0,0,0,0,0,0,0,0,0,0,0,0,0,0,0,0,0
21123,1000000US170314401012000,76,0,75,1,0,0,1,75,0,1,76,0,70,34,36,102,1,0
21124,1000000US170314401012001,119,0,119,0,0,0,0,119,0,0,119,0,91,74,17,178,0,0
21125,1000000US170314401012002,15,0,15,0,0,0,0,15,0,0,15,0,9,8,1,17,0,0
21126,1000000US170314401012003,128,1,127,0,0,0,1,127,0,1,127,0,121,89,32,164,0,1
21127,1000000US170314401012004,110,0,110,0,0,0,0,110,0,0,110,2,102,66,36,138,0,0
21128,1000000US170314401012005,118,1,117,0,0,0,0,118,0,0,117,0,99,70,29,163,0,0
21129,1000000US170314401012006,20,0,20,1,0,0,0,20,0,0,20,1,17,13,4,30,1,0
21130,1000000US170314401013000,24,0,24,1,0,0,0,24,0,0,24,2,13,10,3,29,0,0
21131,1000000US170314401013001,46,0,46,0,0,0,0,46,0,0,46,0,66,33,33,72,0,0
21132,1000000US170314401013002,73,0,73,1,0,1,0,73,0,0,73,2,56,44,12,96,0,0
21133,1000000US170314401013003,174,0,172,1,0,1,1,173,0,1,174,1,141,119,22,229,1,0
21134,1000000US170314401013004,0,0,0,0,0,0,0,0,0,0,0,0,0,0,0,0,0,0
21135,1000000US170314401014000,134,0,133,1,0,0,1,133,0,1,134,0,101,81,20,167,1,1
21136,1000000US170314401014001,85,0,77,0,0,0,5,80,0,5,85,0,121,58,63,105,0,0
21137,1000000US170314401014002,103,0,103,0,0,2,0,103,0,0,103,2,65,59,6,130,0,0
21138,1000000US170314401014003,88,1,84,0,0,0,3,85,0,3,87,0,67,49,18,148,0,0
21139,1000000US170314401014004,34,1,33,1,0,0,0,34,0,0,33,1,25,18,7,43,0,0
21140,1000000US170314401014005,1,0,0,1,0,0,0,1,0,0,1,1,2,1,1,1,1,0
21141,1000000US170314401014006,4,0,4,0,0,0,0,4,0,0,4,0,21,3,18,4,0,0
21142,1000000US170314401014007,59,0,59,0,0,0,1,58,0,1,59,0,85,35,50,73,0,1
21143,1000000US170314401014008,108,0,107,0,0,0,1,107,0,1,108,0,101,67,34,142,0,0
21144,1000000US170314401014009,93,0,93,2,0,0,0,93,0,0,93,2,97,51,46,127,0,0
21145,1000000US170314401014010,92,0,92,0,0,0,0,92,0,0,92,0,84,61,23,121,0,0
21146,1000000US170314401014011,51,0,48,0,0,0,3,48,0,3,51,0,74,28,46,66,0,0
21147,1000000US170314401021000,0,0,0,0,0,0,0,0,0,0,0,0,0,0,0,0,0,0
21148,1000000US170314401021001,38,0,38,0,0,0,1,37,0,1,38,0,49,20,29,51,0,1
21149,1000000US170314401021002,52,0,52,0,0,0,0,52,0,0,52,0,123,31,92,73,0,0
21150,1000000US170314401021003,109,0,108,1,0,0,1,108,0,1,109,2,138,84,54,138,1,1
21151,1000000US170314401021004,101,0,99,2,0,1,0,101,0,0,101,1,87,55,32,140,2,0
21152,1000000US170314401021005,104,0,104,0,0,0,0,104,0,0,104,0,77,62,15,145,0,0
21153,1000000US170314401021006,97,0,89,9,0,0,0,97,0,0,97,2,55,55,0,117,9,0
21154,1000000US170314401021007,0,0,0,0,0,0,0,0,0,0,0,0,0,0,0,0,0,0
21155,1000000US170314401021008,0,0,0,0,0,0,0,0,0,0,0,0,0,0,0,0,0,0
21156,1000000US170314401021009,7,0,7,0,0,0,0,7,0,0,7,0,6,6,0,7,0,0
21157,1000000US170314401021010,0,0,0,0,0,0,0,0,0,0,0,0,0,0,0,0,0,0
21158,1000000US170314401021011,7,0,7,0,0,0,0,7,0,0,7,0,4,4,0,7,0,0
21159,1000000US170314401021012,128,0,128,0,0,0,2,126,0,2,128,3,86,79,7,155,0,2
21160,1000000US170314401021013,34,0,34,0,0,0,2,32,0,2,34,0,25,25,0,37,0,2
21161,1000000US170314401021014,54,1,53,0,0,0,1,53,0,1,53,2,33,32,1,72,0,1
21162,1000000US170314401022000,31,0,31,0,0,0,0,31,0,0,31,1,27,20,7,39,0,0
21163,1000000US170314401022001,67,0,67,0,2,0,0,67,0,0,67,2,49,41,8,81,0,0
21164,1000000US170314401022002,41,0,41,1,0,0,0,41,0,0,41,1,21,21,0,46,1,0
21165,1000000US170314401022003,35,0,35,0,0,0,0,35,0,0,35,0,23,20,3,46,0,0
21166,1000000US170314401022004,51,0,51,0,0,0,0,51,0,0,51,0,46,34,12,63,0,0
21167,1000000US170314401022005,0,0,0,0,0,0,0,0,0,0,0,0,0,0,0,0,0,0
21168,1000000US170314401022006,0,0,0,0,0,0,0,0,0,0,0,0,0,0,0,0,0,0
21169,1000000US170314401022007,53,0,52,0,1,0,0,53,0,0,53,0,32,29,3,70,0,0
21170,1000000US170314401022008,60,1,55,1,0,0,4,56,0,4,59,0,39,33,6,75,1,0
21171,1000000US170314401022009,50,0,50,0,0,0,0,50,0,0,50,0,27,25,2,65,0,0
21172,1000000US170314401022010,53,0,53,1,0,0,0,53,0,0,53,1,40,33,7,62,0,0
21173,1000000US170314401022011,67,0,66,1,0,0,1,66,0,1,67,1,53,47,6,87,1,0
21174,1000000US170314401022012,0,0,0,0,0,0,0,0,0,0,0,0,0,0,0,0,0,0
21175,1000000US170314401022013,0,0,0,0,0,0,0,0,0,0,0,0,0,0,0,0,0,0
21176,1000000US170314401023000,120,0,120,0,0,0,2,118,0,2,120,0,83,73,10,158,0,2
21177,1000000US170314401023001,80,0,80,0,0,0,0,80,0,0,80,0,62,52,10,102,0,0
21178,1000000US170314401023002,46,0,46,0,0,0,0,46,0,0,46,0,38,29,9,61,0,0
21179,1000000US170314401023003,58,0,58,0,0,0,0,58,0,0,58,0,44,36,8,72,0,0
21180,1000000US170314401023004,78,0,78,0,0,0,0,78,0,0,78,0,58,42,16,102,0,0
21181,1000000US170314401023005,0,0,0,0,0,0,0,0,0,0,0,0,0,0,0,0,0,0
21182,1000000US170314401023006,13,0,13,0,0,0,0,13,0,0,13,0,8,8,0,16,0,0
21183,1000000US170314401023007,13,0,13,0,0,0,0,13,0,0,13,0,11,8,3,13,0,0
21184,1000000US170314401023008,27,0,26,1,0,0,0,27,0,0,27,0,21,17,4,37,1,0
21185,1000000US170314401023009,57,0,56,1,0,0,0,57,0,0,57,1,53,35,18,73,0,0
21186,1000000US170314401023010,64,0,64,0,0,0,0,64,0,0,64,0,51,44,7,82,0,0
21187,1000000US170314401023011,44,0,44,0,0,1,0,44,0,0,44,1,37,32,5,57,0,0
21188,1000000US170314401024000,92,0,92,0,0,0,0,92,0,0,92,0,91,59,32,134,0,0
21189,1000000US170314401024001,93,0,93,0,1,0,0,93,0,0,93,1,79,60,19,126,0,0
21190,1000000US170314401024002,36,0,36,0,0,0,0,36,0,0,36,0,33,26,7,40,0,0
21191,1000000US170314401024003,122,1,118,1,0,0,3,119,0,3,121,0,94,84,10,153,1,1
21192,1000000US170314401024004,92,0,92,0,0,0,1,91,0,1,92,0,71,52,19,125,0,1
21193,1000000US170314401024005,134,0,134,1,0,0,0,134,0,0,134,2,96,74,22,174,1,0
21194,1000000US170314401024006,19,0,19,0,0,0,0,19,0,0,19,0,17,13,4,26,0,0
21195,1000000US170314402011000,62,0,62,0,0,0,0,62,0,0,62,0,88,48,40,70,0,0
21196,1000000US170314402011001,6,0,6,0,0,0,0,6,0,0,6,0,6,5,1,11,0,0
21197,1000000US170314402011002,23,0,23,0,0,0,0,23,0,0,23,0,18,16,2,25,0,0
21198,1000000US170314402011003,81,0,79,0,1,1,3,78,0,3,81,1,66,55,11,118,0,2
21199,1000000US170314402011004,54,0,53,0,1,0,0,54,0,0,54,0,50,27,23,73,0,0
21200,1000000US170314402011005,50,0,50,0,0,0,1,49,0,1,50,0,41,34,7,62,0,1
21201,1000000US170314402011006,0,0,0,0,0,0,0,0,0,0,0,0,0,0,0,0,0,0
21202,1000000US170314402011007,61,0,59,1,1,0,0,61,0,0,61,0,53,46,7,72,1,0
21203,1000000US170314402011008,128,0,127,1,1,1,1,127,0,1,128,1,94,80,14,169,1,1
21204,1000000US170314402011009,123,0,122,2,0,0,2,121,0,2,123,2,78,73,5,140,2,2
21205,1000000US170314402011010,108,0,108,0,0,0,0,108,0,0,108,0,72,67,5,138,0,0
21206,1000000US170314402011011,90,0,89,0,0,0,1,89,0,1,90,0,64,56,8,123,0,0
21207,1000000US170314402011012,72,1,71,0,1,1,0,72,0,0,71,1,61,43,18,100,0,0
21208,1000000US170314402011013,67,0,66,0,0,0,1,66,0,1,67,1,47,40,7,80,0,0
21209,1000000US170314402011014,96,0,93,1,0,1,3,93,0,3,96,1,68,59,9,118,1,1
21210,1000000US170314402012000,0,0,0,0,0,0,0,0,0,0,0,0,0,0,0,0,0,0
21211,1000000US170314402012001,2,0,2,0,0,0,1,1,0,1,2,1,1,1,0,2,0,1
21212,1000000US170314402012002,27,0,26,1,0,0,1,26,0,1,27,1,24,22,2,41,1,0
21213,1000000US170314402012003,70,1,68,1,0,0,1,69,0,1,69,0,53,42,11,87,1,1
21214,1000000US170314402012004,79,0,78,1,0,0,1,78,0,1,79,2,60,53,7,108,1,0
21215,1000000US170314402012005,70,0,70,0,0,0,0,70,0,0,70,0,52,35,17,82,0,0
21216,1000000US170314402012006,86,0,86,0,0,0,0,86,0,0,86,0,66,47,19,118,0,0
21217,1000000US170314402012007,111,0,111,1,0,0,0,111,0,0,111,1,74,69,5,138,1,0
21218,1000000US170314402012008,60,1,59,3,0,0,1,59,0,1,59,3,37,32,5,103,0,1
21219,1000000US170314402012009,84,0,84,1,0,0,2,82,0,2,84,1,56,47,9,102,1,2
21220,1000000US170314402012010,52,0,52,0,0,0,2,50,0,2,52,0,41,33,8,76,0,2
21221,1000000US170314402012011,79,0,79,0,0,0,0,79,0,0,79,0,48,41,7,103,0,0
21222,1000000US170314402012012,76,0,76,0,0,0,0,76,0,0,76,0,48,44,4,94,0,0
21223,1000000US170314402012013,67,0,67,0,0,0,0,67,0,0,67,2,58,39,19,92,0,0
21224,1000000US170314402012014,84,1,83,0,0,0,0,84,0,0,83,0,70,59,11,111,0,0
21225,1000000US170314402012015,31,0,30,0,0,0,0,31,0,0,31,0,16,16,0,42,0,0
21226,1000000US170314402012016,40,1,39,0,0,0,0,40,0,0,39,0,18,18,0,47,0,0
21227,1000000US170314402012017,33,0,33,0,0,0,0,33,0,0,33,0,16,15,1,36,0,0
21228,1000000US170314402012018,31,0,31,0,0,0,0,31,0,0,31,0,18,18,0,38,0,0
21229,1000000US170314402012019,36,0,33,0,0,0,0,36,0,0,36,0,18,18,0,42,0,0
21230,1000000US170314402012020,44,0,44,0,0,0,0,44,0,0,44,0,44,33,11,47,0,0
21231,1000000US170314402013000,28,0,28,1,0,0,1,27,0,1,28,1,27,23,4,32,1,1
21232,1000000US170314402013001,103,1,102,0,0,0,0,103,0,0,102,0,72,59,13,154,0,0
21233,1000000US170314402013002,99,0,95,2,1,0,1,98,0,1,99,1,71,55,16,131,2,1
21234,1000000US170314402013003,83,0,83,1,1,0,0,83,0,0,83,1,62,51,11,94,1,0
21235,1000000US170314402013004,79,0,79,0,0,0,0,79,0,0,79,0,58,48,10,101,0,0
21236,1000000US170314402013005,36,0,36,0,0,0,0,36,0,0,36,0,13,13,0,53,0,0
21237,1000000US170314402013006,49,0,49,0,0,0,0,49,0,0,49,0,27,27,0,60,0,0
21238,1000000US170314402013007,78,0,77,0,0,0,1,77,0,1,78,0,54,50,4,103,0,0
21239,1000000US170314402014000,21,0,21,0,0,0,0,21,0,0,21,2,15,14,1,30,0,0
21240,1000000US170314402014001,38,0,38,0,0,0,1,37,0,1,38,0,28,17,11,49,0,1
21241,1000000US170314402014002,53,0,53,0,0,0,0,53,0,0,53,0,43,29,14,77,0,0
21242,1000000US170314402014003,64,1,63,0,0,0,0,64,0,0,63,0,66,38,28,89,0,0
21243,1000000US170314402014004,75,0,74,0,0,0,1,74,0,1,75,0,50,43,7,96,0,0
21244,1000000US170314402014005,112,0,110,1,2,0,0,112,0,0,112,3,80,70,10,165,1,0
21245,1000000US170314402014006,143,1,142,0,0,0,0,143,0,0,142,0,85,84,1,193,0,0
21246,1000000US170314402014007,84,0,82,3,0,0,2,82,0,2,84,3,68,57,11,120,0,0
21247,1000000US170314402014008,49,0,48,0,1,0,0,49,0,0,49,1,44,36,8,63,0,0
21248,1000000US170314402014009,99,0,98,0,1,0,1,98,0,1,99,1,75,69,6,117,0,0
21249,1000000US170314402014010,78,0,77,3,0,0,0,78,0,0,78,2,64,51,13,104,3,0
21250,1000000US170314402014011,91,0,91,1,0,0,3,88,0,3,91,1,68,55,13,106,1,3
21251,1000000US170314402014012,62,0,62,0,0,0,0,62,0,0,62,0,43,38,5,74,0,0
21252,1000000US170314402014013,48,0,48,0,0,0,0,48,0,0,48,0,41,31,10,59,0,0
21253,1000000US170314402014014,74,0,73,0,0,0,3,71,0,3,74,0,56,48,8,92,0,2
21254,1000000US170314402014015,74,0,72,2,0,0,1,73,0,1,74,0,51,45,6,90,2,1
21255,1000000US170314402021000,24,0,24,0,0,0,0,24,0,0,24,0,16,15,1,29,0,0
21256,1000000US170314402021001,93,0,93,0,0,0,0,93,0,0,93,0,69,58,11,118,0,0
21257,1000000US170314402021002,30,0,30,0,1,0,0,30,0,0,30,1,27,25,2,36,0,0
21258,1000000US170314402021003,123,1,122,3,0,0,0,123,0,0,122,3,85,71,14,146,1,0
21259,1000000US170314402021004,41,0,41,0,0,0,0,41,0,0,41,0,18,18,0,48,0,0
21260,1000000US170314402021005,36,0,34,0,0,0,4,32,0,4,36,2,17,16,1,41,0,2
21261,1000000US170314402021006,38,0,37,0,3,0,0,38,0,0,38,2,18,16,2,50,0,0
21262,1000000US170314402021007,31,0,31,1,0,0,0,31,0,0,31,1,18,16,2,37,1,0
21263,1000000US170314402021008,30,0,30,0,0,0,0,30,0,0,30,0,18,17,1,35,0,0
21264,1000000US170314402021009,79,0,77,0,0,0,2,77,0,2,79,0,56,51,5,104,0,0
21265,1000000US170314402021010,26,0,26,0,0,0,0,26,0,0,26,0,18,16,2,35,0,0
21266,1000000US170314402021011,27,0,27,0,0,0,0,27,0,0,27,0,12,12,0,34,0,0
21267,1000000US170314402021012,47,0,47,0,0,0,1,46,0,1,47,0,41,34,7,61,0,1
21268,1000000US170314402021013,82,0,82,0,0,0,1,81,0,1,82,0,70,60,10,98,0,1
21269,1000000US170314402021014,0,0,0,0,0,0,0,0,0,0,0,0,0,0,0,0,0,0
21270,1000000US170314402021015,40,0,40,0,0,0,0,40,0,0,40,0,22,22,0,58,0,0
21271,1000000US170314402021016,29,0,26,1,0,0,2,27,0,2,29,0,15,14,1,35,1,0
21272,1000000US170314402021017,65,0,65,0,0,0,0,65,0,0,65,0,45,39,6,75,0,0
21273,1000000US170314402021018,25,0,25,3,0,0,1,24,0,1,25,3,16,13,3,33,0,1
21274,1000000US170314402021019,29,0,29,0,0,0,0,29,0,0,29,0,14,14,0,34,0,0
21275,1000000US170314402022000,202,2,199,0,1,0,3,199,0,3,200,0,174,173,1,217,0,3
21276,1000000US170314402022001,0,0,0,0,0,0,0,0,0,0,0,0,0,0,0,0,0,0
21277,1000000US170314402022002,48,0,48,0,1,0,0,48,0,0,48,2,38,36,2,53,0,0
21278,1000000US170314402022003,187,0,184,8,0,0,1,186,0,1,187,8,160,143,17,199,7,1
21279,1000000US170314402022004,4,0,4,0,0,0,0,4,0,0,4,0,3,3,0,4,0,0
21280,1000000US170314402022005,4,1,3,0,0,0,0,4,0,0,3,0,4,4,0,7,0,0
21281,1000000US170314402022006,39,0,39,0,0,0,0,39,0,0,39,1,39,31,8,43,0,0
21282,1000000US170314402022007,94,0,94,0,0,0,0,94,0,0,94,0,85,67,18,103,0,0
21283,1000000US170314402022008,146,0,144,1,2,0,1,145,0,1,146,2,130,107,23,173,1,1
21284,1000000US170314402022009,79,0,79,0,0,0,0,79,0,0,79,0,80,59,21,90,0,0
21285,1000000US170314402022010,121,1,119,1,0,0,1,120,0,1,120,1,102,101,1,126,0,1
21286,1000000US170314402022011,4,0,4,0,0,0,0,4,0,0,4,0,3,3,0,5,0,0
21287,1000000US170314402022012,36,0,36,0,0,0,0,36,0,0,36,0,20,18,2,49,0,0
21288,1000000US170314402022013,37,1,35,2,0,0,0,37,0,0,36,1,24,21,3,48,1,0
21289,1000000US170314402022014,23,2,21,0,0,0,0,23,0,0,21,0,11,11,0,28,0,0
21290,1000000US170314402022015,11,0,11,0,0,0,0,11,0,0,11,0,6,6,0,11,0,0
21291,1000000US170314402022016,16,0,16,0,0,0,0,16,0,0,16,0,11,10,1,19,0,0
21292,1000000US170314402022017,27,0,26,0,0,0,0,27,0,0,27,0,8,8,0,30,0,0
21293,1000000US170314402023000,38,0,38,0,0,0,0,38,0,0,38,0,15,15,0,52,0,0
21294,1000000US170314402023001,33,0,33,0,0,0,0,33,0,0,33,0,15,15,0,40,0,0
21295,1000000US170314402023002,28,0,28,0,0,0,0,28,0,0,28,0,15,13,2,46,0,0
21296,1000000US170314402023003,37,0,37,2,0,0,0,37,0,0,37,2,16,16,0,51,2,0
21297,1000000US170314402023004,44,0,44,4,0,0,0,44,0,0,44,4,21,20,1,50,3,0
21298,1000000US170314402023005,35,0,35,2,0,0,1,34,0,1,35,2,19,17,2,43,1,1
21299,1000000US170314402023006,45,0,45,0,0,0,0,45,0,0,45,0,20,19,1,52,0,0
21300,1000000US170314402023007,37,0,35,2,0,0,0,37,0,0,37,0,20,20,0,47,2,0
21301,1000000US170314402023008,31,0,31,2,0,0,1,30,0,1,31,3,15,15,0,43,2,1
21302,1000000US170314402023009,35,0,35,0,0,0,0,35,0,0,35,0,15,12,3,48,0,0
21303,1000000US170314402023010,21,0,21,0,0,0,0,21,0,0,21,0,15,12,3,29,0,0
21304,1000000US170314402023011,30,1,29,0,0,0,0,30,0,0,29,0,16,14,2,35,0,0
21305,1000000US170314402023012,26,0,26,0,0,0,0,26,0,0,26,0,16,15,1,35,0,0
21306,1000000US170314402023013,30,0,29,0,0,0,1,29,0,1,30,0,15,14,1,33,0,0
21307,1000000US170314402023014,26,0,26,0,0,0,0,26,0,0,26,0,14,13,1,32,0,0
21308,1000000US170314402023015,0,0,0,0,0,0,0,0,0,0,0,0,0,0,0,0,0,0
21309,1000000US170314402023016,17,0,17,0,0,0,0,17,0,0,17,0,9,9,0,20,0,0
21310,1000000US170314402023017,24,0,24,0,0,0,0,24,0,0,24,0,13,12,1,31,0,0
21311,1000000US170314403001000,18,2,16,0,0,0,0,18,0,0,16,0,7,6,1,24,0,0
21312,1000000US170314403001001,0,0,0,0,0,0,0,0,0,0,0,0,0,0,0,0,0,0
21313,1000000US170314403001002,27,0,27,0,0,0,0,27,0,0,27,0,14,13,1,34,0,0
21314,1000000US170314403001003,32,0,31,0,1,0,2,30,0,2,32,0,16,16,0,44,0,2
21315,1000000US170314403001004,49,0,49,0,0,0,0,49,0,0,49,1,40,32,8,55,0,0
21316,1000000US170314403001005,31,0,31,0,0,0,0,31,0,0,31,0,16,15,1,37,0,0
21317,1000000US170314403001006,52,1,50,0,1,0,0,52,0,0,51,0,23,22,1,72,0,0
21318,1000000US170314403001007,80,0,79,0,1,0,0,80,0,0,80,0,40,39,1,90,0,0
21319,1000000US170314403001008,46,0,46,0,0,0,0,46,0,0,46,1,23,23,0,54,0,0
21320,1000000US170314403001009,42,0,40,3,2,0,2,40,0,2,42,5,20,19,1,51,3,0
21321,1000000US170314403001010,32,1,31,4,0,0,0,32,0,0,31,4,16,14,2,42,0,0
21322,1000000US170314403001011,31,0,31,0,0,0,0,31,0,0,31,0,18,16,2,37,0,0
21323,1000000US170314403001012,39,0,39,0,0,0,0,39,0,0,39,0,17,17,0,45,0,0
21324,1000000US170314403001013,13,0,13,0,0,0,0,13,0,0,13,0,9,9,0,20,0,0
21325,1000000US170314403001014,14,0,14,0,0,0,0,14,0,0,14,0,7,7,0,18,0,0
21326,1000000US170314403001015,29,0,29,0,0,0,0,29,0,0,29,0,14,14,0,38,0,0
21327,1000000US170314403001016,29,1,28,0,0,0,0,29,0,0,28,0,14,13,1,32,0,0
21328,1000000US170314403001017,16,0,16,0,0,0,0,16,0,0,16,0,8,7,1,21,0,0
21329,1000000US170314403001018,17,0,17,0,0,0,0,17,0,0,17,0,6,6,0,21,0,0
21330,1000000US170314403002000,15,0,15,0,0,0,0,15,0,0,15,0,16,11,5,17,0,0
21331,1000000US170314403002001,26,0,26,0,0,0,0,26,0,0,26,0,19,18,1,29,0,0
21332,1000000US170314403002002,51,2,49,0,0,0,2,49,0,2,49,0,29,26,3,66,0,2
21333,1000000US170314403002003,60,1,58,0,0,0,2,58,0,2,59,0,46,41,5,84,0,1
21334,1000000US170314403002004,51,0,51,0,0,0,0,51,0,0,51,0,36,31,5,60,0,0
21335,1000000US170314403002005,60,0,60,0,0,0,0,60,0,0,60,0,42,40,2,72,0,0
21336,1000000US170314403002006,59,2,54,2,1,0,4,55,0,4,57,4,38,34,4,72,1,2
21337,1000000US170314403002007,37,0,37,0,0,0,0,37,0,0,37,0,27,24,3,42,0,0
21338,1000000US170314403002008,38,0,38,0,0,0,1,37,0,1,38,1,22,21,1,42,0,1
21339,1000000US170314403002009,34,1,33,0,0,0,0,34,0,0,33,0,20,17,3,49,0,0
21340,1000000US170314403002010,37,0,37,0,0,0,0,37,0,0,37,0,30,23,7,42,0,0
21341,1000000US170314403002011,53,0,53,2,0,0,0,53,0,0,53,2,33,31,2,68,2,0
21342,1000000US170314403002012,44,0,44,0,0,0,0,44,0,0,44,0,34,31,3,51,0,0
21343,1000000US170314403002013,64,2,62,0,0,0,0,64,0,0,62,0,37,36,1,75,0,0
21344,1000000US170314403002014,27,0,27,0,0,0,0,27,0,0,27,0,18,15,3,33,0,0
21345,1000000US170314403002015,51,0,51,0,0,0,1,50,0,1,51,0,30,30,0,60,0,1
21346,1000000US170314403002016,20,0,20,0,0,0,0,20,0,0,20,0,14,14,0,23,0,0
21347,1000000US170314403002017,0,0,0,0,0,0,0,0,0,0,0,0,0,0,0,0,0,0
21348,1000000US170314403002018,31,0,31,0,0,0,0,31,0,0,31,0,14,14,0,44,0,0
21349,1000000US170314403002019,25,0,25,0,0,0,0,25,0,0,25,0,15,13,2,37,0,0
21350,1000000US170314403002020,31,0,31,0,0,0,0,31,0,0,31,0,17,16,1,34,0,0
21351,1000000US170314403002021,25,1,24,2,0,0,1,24,0,1,24,3,12,12,0,31,0,1
21352,1000000US170314403002022,3,0,3,0,0,0,0,3,0,0,3,0,0,0,0,3,0,0
21353,1000000US170314403002023,33,0,33,0,0,0,0,33,0,0,33,0,17,16,1,41,0,0
21354,1000000US170314403002024,30,0,30,0,0,0,0,30,0,0,30,0,15,13,2,31,0,0
21355,1000000US170314403002025,0,0,0,0,0,0,0,0,0,0,0,0,0,0,0,0,0,0
21356,1000000US170314403002026,40,0,40,0,0,0,1,39,0,1,40,0,19,18,1,53,0,1
21357,1000000US170314403002027,32,1,30,0,1,0,1,31,0,1,31,0,22,19,3,45,0,1
21358,1000000US170314403002028,26,0,26,0,0,0,0,26,0,0,26,0,15,15,0,33,0,0
21359,1000000US170314403002029,22,0,22,0,0,0,0,22,0,0,22,0,15,12,3,26,0,0
21360,1000000US170314403002030,33,0,33,0,0,0,0,33,0,0,33,0,14,13,1,37,0,0
21361,1000000US170314403002031,24,0,24,0,0,0,0,24,0,0,24,0,15,13,2,28,0,0
21362,1000000US170314403002032,8,0,8,0,0,0,0,8,0,0,8,0,6,6,0,11,0,0
21363,1000000US170314403002033,23,0,23,0,0,0,0,23,0,0,23,0,12,12,0,32,0,0
21364,1000000US170314403003000,23,0,23,0,0,0,0,23,0,0,23,0,10,9,1,28,0,0
21365,1000000US170314403003001,11,0,11,0,0,0,0,11,0,0,11,0,10,6,4,12,0,0
21366,1000000US170314403003002,36,0,36,0,0,0,0,36,0,0,36,0,19,17,2,44,0,0
21367,1000000US170314403003003,23,0,21,0,0,0,0,23,0,0,23,0,21,17,4,26,0,0
21368,1000000US170314403003004,32,0,31,1,0,0,1,31,0,1,32,1,18,18,0,43,1,0
21369,1000000US170314403003005,34,0,34,0,0,0,0,34,0,0,34,0,18,18,0,42,0,0
21370,1000000US170314403003006,42,1,41,0,0,0,0,42,0,0,41,0,22,22,0,51,0,0
21371,1000000US170314403003007,31,0,31,0,0,0,0,31,0,0,31,0,19,17,2,38,0,0
21372,1000000US170314403003008,31,1,30,0,0,0,0,31,0,0,30,0,18,16,2,37,0,0
21373,1000000US170314403003009,25,0,25,3,0,0,0,25,0,0,25,3,17,14,3,31,0,0
21374,1000000US170314403003010,0,0,0,0,0,0,0,0,0,0,0,0,0,0,0,0,0,0
21375,1000000US170314403003011,33,0,33,0,0,0,0,33,0,0,33,0,18,18,0,40,0,0
21376,1000000US170314403003012,38,0,38,0,0,0,0,38,0,0,38,0,16,16,0,45,0,0
21377,1000000US170314403003013,30,0,30,2,0,0,0,30,0,0,30,3,15,15,0,35,0,0
21378,1000000US170314403003014,26,0,26,0,0,0,0,26,0,0,26,1,15,15,0,31,0,0
21379,1000000US170314403003015,25,0,25,0,0,0,0,25,0,0,25,0,14,14,0,30,0,0
21380,1000000US170314403003016,21,0,21,0,0,0,0,21,0,0,21,0,14,13,1,26,0,0
21381,1000000US170314403003017,17,0,17,0,0,0,0,17,0,0,17,0,12,11,1,26,0,0
21382,1000000US170314403003018,31,0,31,0,0,0,0,31,0,0,31,0,14,13,1,33,0,0
21383,1000000US170314403004000,47,0,47,0,0,0,0,47,0,0,47,0,36,36,0,49,0,0
21384,1000000US170314403004001,4,0,4,0,0,0,1,3,0,1,4,0,3,3,0,5,0,1
21385,1000000US170314403004002,38,0,38,0,0,0,0,38,0,0,38,0,18,18,0,51,0,0
21386,1000000US170314403004003,46,0,46,0,0,0,0,46,0,0,46,0,22,22,0,59,0,0
21387,1000000US170314403004004,56,0,56,3,0,0,0,56,0,0,56,3,33,25,8,68,0,0
21388,1000000US170314403004005,52,0,52,0,0,0,0,52,0,0,52,0,33,27,6,67,0,0
21389,1000000US170314403004006,42,0,42,0,0,0,0,42,0,0,42,0,22,21,1,50,0,0
21390,1000000US170314403004007,35,0,35,0,0,0,0,35,0,0,35,0,20,18,2,43,0,0
21391,1000000US170314403004008,23,0,23,2,0,0,0,23,0,0,23,2,14,14,0,27,1,0
21392,1000000US170314403004009,32,0,32,0,0,0,0,32,0,0,32,0,18,15,3,39,0,0
21393,1000000US170314403004010,46,0,45,2,0,0,0,46,0,0,46,1,37,36,1,58,2,0
21394,1000000US170314403004011,69,0,69,1,0,0,0,69,0,0,69,1,52,50,2,76,0,0
21395,1000000US170314403004012,61,0,60,1,0,0,0,61,0,0,61,1,34,34,0,72,1,0
21396,1000000US170314403004013,17,0,17,0,0,0,0,17,0,0,17,0,9,9,0,19,0,0
21397,1000000US170314403004014,70,0,70,0,0,0,0,70,0,0,70,0,53,48,5,84,0,0
21398,1000000US170314403004015,28,0,27,0,1,0,0,28,0,0,28,0,18,18,0,36,0,0
21399,1000000US170314403004016,88,0,87,1,0,0,2,86,0,2,88,1,59,52,7,112,1,2
21400,1000000US170314403004017,28,0,28,0,0,0,0,28,0,0,28,0,14,14,0,38,0,0
21401,1000000US170314403004018,27,0,25,4,1,0,3,24,0,3,27,2,17,16,1,32,3,1
21402,1000000US170314403004019,20,2,18,0,0,0,0,20,0,0,18,0,10,10,0,22,0,0
21403,1000000US170314403005000,28,0,28,0,0,0,0,28,0,0,28,0,23,20,3,30,0,0
21404,1000000US170314403005001,259,3,252,3,1,0,1,258,0,1,256,4,188,169,19,320,2,1
21405,1000000US170314403005002,38,0,38,0,0,0,0,38,0,0,38,0,20,18,2,46,0,0
21406,1000000US170314403005003,35,0,35,0,0,0,2,33,0,2,35,0,15,14,1,45,0,2
21407,1000000US170314403005004,39,0,39,0,0,0,0,39,0,0,39,0,31,23,8,52,0,0
21408,1000000US170314403005005,34,1,33,4,0,0,0,34,0,0,33,4,16,15,1,46,4,0
21409,1000000US170314403005006,38,0,38,0,0,0,0,38,0,0,38,0,21,19,2,45,0,0
21410,1000000US170314403005007,49,1,48,0,0,0,0,49,0,0,48,0,20,20,0,55,0,0
21411,1000000US170314403005008,79,0,79,0,0,0,3,76,0,3,79,0,46,43,3,96,0,3
21412,1000000US170314403005009,30,0,30,0,0,0,0,30,0,0,30,0,16,16,0,34,0,0
21413,1000000US170314403005010,30,0,30,0,0,0,0,30,0,0,30,0,16,16,0,49,0,0
21414,1000000US170314403005011,33,0,33,0,0,0,0,33,0,0,33,0,17,17,0,45,0,0
21415,1000000US170314403005012,38,0,38,0,0,0,0,38,0,0,38,0,25,23,2,43,0,0
21416,1000000US170314403005013,27,1,25,0,0,0,1,26,0,1,26,0,17,16,1,34,0,0
21417,1000000US170314403005014,33,0,32,0,0,0,1,32,0,1,33,0,16,15,1,48,0,0
21418,1000000US170314403005015,29,0,29,0,0,0,0,29,0,0,29,0,14,14,0,38,0,0
21419,1000000US170314406001000,0,0,0,0,0,0,0,0,0,0,0,0,0,0,0,0,0,0
21420,1000000US170314406001001,23,0,20,0,2,0,0,23,0,0,23,0,11,11,0,28,0,0
21421,1000000US170314406001002,20,0,20,0,0,0,0,20,0,0,20,0,12,10,2,24,0,0
21422,1000000US170314406001003,118,0,118,0,0,0,0,118,0,0,118,0,62,59,3,137,0,0
21423,1000000US170314406001004,12,0,12,0,0,0,0,12,0,0,12,0,5,5,0,16,0,0
21424,1000000US170314406001005,24,2,22,0,0,0,0,24,0,0,22,0,15,14,1,29,0,0
21425,1000000US170314406001006,60,0,60,0,0,0,7,53,0,7,60,0,27,27,0,64,0,7
21426,1000000US170314406001007,16,2,14,0,0,0,0,16,0,0,14,0,10,10,0,18,0,0
21427,1000000US170314406001008,19,0,19,0,0,0,0,19,0,0,19,0,8,8,0,20,0,0
21428,1000000US170314406001009,12,0,12,0,0,0,0,12,0,0,12,0,7,7,0,12,0,0
21429,1000000US170314406001010,11,0,11,0,0,0,1,10,0,1,11,0,6,5,1,16,0,1
21430,1000000US170314406001011,12,0,12,0,0,0,0,12,0,0,12,0,6,5,1,14,0,0
21431,1000000US170314406001012,13,0,13,0,0,0,0,13,0,0,13,0,7,7,0,20,0,0
21432,1000000US170314406001013,31,0,31,0,0,0,0,31,0,0,31,0,20,19,1,31,0,0
21433,1000000US170314406001014,14,0,14,0,0,0,0,14,0,0,14,0,10,9,1,19,0,0
21434,1000000US170314406001015,21,0,21,1,0,0,1,20,0,1,21,1,10,8,2,24,0,1
21435,1000000US170314406001016,18,0,18,0,0,0,0,18,0,0,18,0,10,8,2,26,0,0
21436,1000000US170314406001017,17,0,17,0,0,0,0,17,0,0,17,0,8,8,0,22,0,0
21437,1000000US170314406001018,22,0,22,0,0,0,0,22,0,0,22,0,8,8,0,27,0,0
21438,1000000US170314406001019,26,0,26,0,0,0,0,26,0,0,26,0,9,9,0,33,0,0
21439,1000000US170314406001020,9,0,9,0,0,0,0,9,0,0,9,0,7,7,0,16,0,0
21440,1000000US170314406001021,17,0,17,0,0,0,0,17,0,0,17,1,10,10,0,18,0,0
21441,1000000US170314406001022,18,0,18,0,0,0,0,18,0,0,18,0,10,10,0,22,0,0
21442,1000000US170314406001023,10,0,10,0,0,0,0,10,0,0,10,0,7,7,0,14,0,0
21443,1000000US170314406001024,3,0,3,0,0,0,0,3,0,0,3,0,2,2,0,3,0,0
21444,1000000US170314406001025,14,0,14,0,0,0,0,14,0,0,14,0,6,6,0,20,0,0
21445,1000000US170314406001026,17,0,16,0,0,0,1,16,0,1,17,0,9,8,1,17,0,0
21446,1000000US170314406001027,16,0,16,0,0,0,0,16,0,0,16,0,8,7,1,21,0,0
21447,1000000US170314406001028,17,0,17,0,0,0,0,17,0,0,17,0,10,9,1,22,0,0
21448,1000000US170314406001029,12,0,12,0,0,0,0,12,0,0,12,0,8,8,0,22,0,0
21449,1000000US170314406001030,11,0,11,0,0,0,0,11,0,0,11,0,8,7,1,11,0,0
21450,1000000US170314406001031,21,0,21,0,0,0,0,21,0,0,21,0,9,8,1,23,0,0
21451,1000000US170314406001032,7,0,7,0,0,0,0,7,0,0,7,0,7,5,2,8,0,0
21452,1000000US170314406001033,20,0,20,0,0,0,0,20,0,0,20,0,11,10,1,24,0,0
21453,1000000US170314406001034,18,0,17,0,1,0,0,18,0,0,18,0,10,10,0,21,0,0
21454,1000000US170314406002000,29,0,29,0,0,0,0,29,0,0,29,0,16,15,1,34,0,0
21455,1000000US170314406002001,27,0,27,0,0,0,0,27,0,0,27,0,16,14,2,31,0,0
21456,1000000US170314406002002,33,0,33,0,0,0,0,33,0,0,33,0,15,15,0,42,0,0
21457,1000000US170314406002003,0,0,0,0,0,0,0,0,0,0,0,0,0,0,0,0,0,0
21458,1000000US170314406002004,0,0,0,0,0,0,0,0,0,0,0,0,0,0,0,0,0,0
21459,1000000US170314406002005,35,0,34,0,0,0,1,34,0,1,35,0,15,14,1,51,0,0
21460,1000000US170314406002006,27,0,27,0,0,0,0,27,0,0,27,1,15,14,1,41,0,0
21461,1000000US170314406002007,29,0,29,0,0,0,0,29,0,0,29,0,15,15,0,43,0,0
21462,1000000US170314406002008,35,0,35,0,0,0,0,35,0,0,35,1,19,16,3,45,0,0
21463,1000000US170314406002009,25,1,24,0,0,0,0,25,0,0,24,0,20,15,5,48,0,0
21464,1000000US170314406002010,37,1,35,0,1,0,0,37,0,0,36,0,20,18,2,48,0,0
21465,1000000US170314406002011,39,0,39,0,0,0,1,38,0,1,39,0,20,19,1,50,0,1
21466,1000000US170314406002012,31,0,31,0,0,0,0,31,0,0,31,0,15,13,2,40,0,0
21467,1000000US170314406002013,126,0,126,1,0,0,0,126,0,0,126,1,60,58,2,166,1,0
21468,1000000US170314406002014,38,0,38,0,0,0,0,38,0,0,38,0,19,18,1,48,0,0
21469,1000000US170314406002015,35,0,35,0,0,0,0,35,0,0,35,0,18,15,3,47,0,0
21470,1000000US170314406002016,4,0,4,0,1,0,0,4,0,0,4,1,7,2,5,6,0,0
21471,1000000US170314406002017,80,0,80,0,0,0,0,80,0,0,80,0,38,38,0,99,0,0
21472,1000000US170314406002018,54,0,54,3,0,0,0,54,0,0,54,4,23,23,0,84,3,0
21473,1000000US170314406002019,45,0,43,2,0,0,2,43,0,2,45,0,20,20,0,68,2,0
21474,1000000US170314406002020,0,0,0,0,0,0,0,0,0,0,0,0,0,0,0,0,0,0
21475,1000000US170314406002021,32,0,32,0,0,0,0,32,0,0,32,0,22,21,1,40,0,0
21476,1000000US170314406002022,16,1,15,0,0,0,0,16,0,0,15,0,12,11,1,22,0,0
21477,1000000US170314406002023,15,0,15,0,0,0,0,15,0,0,15,0,7,7,0,25,0,0
21478,1000000US170314406002024,27,0,26,0,0,1,0,27,0,0,27,2,12,12,0,31,0,0
21479,1000000US170314406002025,13,0,13,0,0,0,0,13,0,0,13,0,7,7,0,17,0,0
21480,1000000US170314406002026,14,0,14,0,0,0,0,14,0,0,14,0,8,7,1,18,0,0
21481,1000000US170314406002027,11,0,11,0,0,0,0,11,0,0,11,0,6,6,0,13,0,0
21482,1000000US170314406002028,0,0,0,0,0,0,0,0,0,0,0,0,0,0,0,0,0,0
21483,1000000US170314406002029,65,0,64,0,0,0,1,64,0,1,65,0,34,34,0,81,0,0
21484,1000000US170314407001000,0,0,0,0,0,0,0,0,0,0,0,0,0,0,0,0,0,0
21485,1000000US170314407001001,0,0,0,0,0,0,0,0,0,0,0,0,0,0,0,0,0,0
21486,1000000US170314407001002,26,0,26,0,0,0,0,26,0,0,26,0,13,13,0,36,0,0
21487,1000000US170314407001003,31,0,31,0,0,0,0,31,0,0,31,0,23,18,5,41,0,0
21488,1000000US170314407001004,35,0,35,0,0,0,0,35,0,0,35,0,23,19,4,40,0,0
21489,1000000US170314407001005,13,0,13,0,0,0,0,13,0,0,13,0,10,8,2,17,0,0
21490,1000000US170314407001006,47,1,46,1,0,0,0,47,0,0,46,1,24,19,5,52,0,0
21491,1000000US170314407001007,43,0,43,0,0,0,0,43,0,0,43,0,23,21,2,57,0,0
21492,1000000US170314407001008,43,0,43,0,0,0,0,43,0,0,43,0,26,22,4,55,0,0
21493,1000000US170314407001009,16,0,16,0,0,0,0,16,0,0,16,0,15,12,3,21,0,0
21494,1000000US170314407001010,33,2,31,0,0,0,1,32,0,1,31,0,27,24,3,47,0,1
21495,1000000US170314407001011,39,0,39,0,0,0,0,39,0,0,39,0,14,14,0,51,0,0
21496,1000000US170314407001012,25,0,25,0,0,0,0,25,0,0,25,0,14,13,1,37,0,0
21497,1000000US170314407001013,52,0,52,0,0,0,0,52,0,0,52,0,19,19,0,64,0,0
21498,1000000US170314407001014,24,1,23,1,0,0,0,24,0,0,23,1,13,12,1,38,1,0
21499,1000000US170314407001015,32,0,32,0,0,0,0,32,0,0,32,0,19,17,2,39,0,0
21500,1000000US170314407001016,34,0,34,0,0,0,0,34,0,0,34,0,21,19,2,41,0,0
21501,1000000US170314407001017,46,0,46,0,0,0,0,46,0,0,46,0,24,24,0,68,0,0
21502,1000000US170314407001018,31,0,31,0,0,0,0,31,0,0,31,0,20,20,0,39,0,0
21503,1000000US170314407001019,3,0,3,0,0,0,0,3,0,0,3,0,3,3,0,3,0,0
21504,1000000US170314407002000,52,1,51,1,0,0,0,52,0,0,51,1,26,26,0,74,1,0
21505,1000000US170314407002001,45,0,45,0,0,0,0,45,0,0,45,0,17,17,0,55,0,0
21506,1000000US170314407002002,41,0,41,1,0,0,0,41,0,0,41,2,25,23,2,44,1,0
21507,1000000US170314407002003,47,0,45,0,0,0,0,47,0,0,47,0,19,19,0,63,0,0
21508,1000000US170314407002004,37,0,37,0,0,0,0,37,0,0,37,0,20,18,2,44,0,0
21509,1000000US170314407002005,33,0,33,0,0,0,0,33,0,0,33,0,18,18,0,45,0,0
21510,1000000US170314407002006,42,0,42,0,0,0,0,42,0,0,42,0,21,19,2,53,0,0
21511,1000000US170314407002007,54,1,53,0,0,0,0,54,0,0,53,1,29,25,4,60,0,0
21512,1000000US170314407002008,36,1,35,1,0,0,1,35,0,1,35,1,18,17,1,43,1,1
21513,1000000US170314407002009,26,2,24,0,0,0,0,26,0,0,24,0,15,15,0,31,0,0
21514,1000000US170314407002010,31,0,31,0,0,0,0,31,0,0,31,1,18,16,2,44,0,0
21515,1000000US170314407002011,38,0,38,0,0,0,0,38,0,0,38,0,20,19,1,49,0,0
21516,1000000US170314407002012,36,0,36,0,0,0,0,36,0,0,36,0,25,15,10,43,0,0
21517,1000000US170314407002013,43,0,43,1,0,0,0,43,0,0,43,1,25,21,4,46,1,0
21518,1000000US170314407002014,47,0,47,0,0,0,0,47,0,0,47,0,22,22,0,54,0,0
21519,1000000US170314407002015,35,0,35,0,0,0,0,35,0,0,35,0,24,22,2,51,0,0
21520,1000000US170314408001000,0,0,0,0,0,0,0,0,0,0,0,0,0,0,0,0,0,0
21521,1000000US170314408001001,7,0,7,0,0,0,0,7,0,0,7,0,4,4,0,8,0,0
21522,1000000US170314408001002,24,0,24,0,0,0,0,24,0,0,24,0,25,14,11,37,0,0
21523,1000000US170314408001003,10,0,10,0,0,0,1,9,0,1,10,0,6,6,0,10,0,1
21524,1000000US170314408001004,12,0,12,0,0,0,0,12,0,0,12,0,6,5,1,13,0,0
21525,1000000US170314408001005,59,0,59,0,0,0,1,58,0,1,59,0,40,36,4,73,0,1
21526,1000000US170314408001006,57,0,57,0,0,0,1,56,0,1,57,0,24,21,3,76,0,1
21527,1000000US170314408001007,26,0,26,0,0,0,0,26,0,0,26,0,22,17,5,42,0,0
21528,1000000US170314408001008,24,3,21,0,0,0,0,24,0,0,21,0,16,16,0,32,0,0
21529,1000000US170314408001009,34,0,34,0,0,0,0,34,0,0,34,0,13,12,1,37,0,0
21530,1000000US170314408001010,42,1,41,2,0,0,0,42,0,0,41,2,21,17,4,54,0,0
21531,1000000US170314408001011,48,0,48,0,0,0,0,48,0,0,48,0,34,32,2,53,0,0
21532,1000000US170314408001012,50,0,50,0,0,0,0,50,0,0,50,0,37,33,4,69,0,0
21533,1000000US170314408001013,59,0,59,0,0,0,0,59,0,0,59,0,42,35,7,78,0,0
21534,1000000US170314408001014,28,0,28,0,0,0,0,28,0,0,28,0,15,14,1,41,0,0
21535,1000000US170314408001015,17,0,17,0,0,0,0,17,0,0,17,0,16,14,2,25,0,0
21536,1000000US170314408001016,22,0,22,0,0,0,0,22,0,0,22,0,9,8,1,25,0,0
21537,1000000US170314408001017,23,0,23,0,0,0,0,23,0,0,23,0,12,12,0,34,0,0
21538,1000000US170314408001018,31,0,31,0,0,0,0,31,0,0,31,0,14,14,0,38,0,0
21539,1000000US170314408001019,46,0,46,0,0,0,0,46,0,0,46,0,41,31,10,66,0,0
21540,1000000US170314408001020,41,0,41,0,0,0,3,38,0,3,41,0,19,18,1,64,0,3
21541,1000000US170314408002000,24,0,24,0,0,0,0,24,0,0,24,0,12,11,1,30,0,0
21542,1000000US170314408002001,24,0,24,0,0,0,0,24,0,0,24,0,13,11,2,27,0,0
21543,1000000US170314408002002,66,0,65,1,0,0,0,66,0,0,66,0,41,39,2,82,1,0
21544,1000000US170314408002003,19,0,19,0,0,0,0,19,0,0,19,0,10,9,1,19,0,0
21545,1000000US170314408002004,16,0,16,0,0,0,0,16,0,0,16,1,11,10,1,21,0,0
21546,1000000US170314408002005,45,0,45,0,0,0,0,45,0,0,45,0,31,27,4,62,0,0
21547,1000000US170314408002006,36,0,35,0,0,0,1,35,0,1,36,0,31,23,8,46,0,0
21548,1000000US170314408002007,43,2,41,1,0,0,1,42,0,1,41,1,28,27,1,71,1,1
21549,1000000US170314408002008,14,0,14,0,0,0,0,14,0,0,14,0,8,7,1,20,0,0
21550,1000000US170314408002009,23,0,23,0,0,1,0,23,0,0,23,1,11,9,2,41,0,0
21551,1000000US170314408002010,69,1,68,0,0,0,0,69,0,0,68,1,57,46,11,95,0,0
21552,1000000US170314408002011,0,0,0,0,0,0,0,0,0,0,0,0,0,0,0,0,0,0
21553,1000000US170314408002012,119,0,116,1,0,0,1,118,0,1,119,0,76,74,2,167,1,0
21554,1000000US170314408002013,0,0,0,0,0,0,0,0,0,0,0,0,3,0,3,0,0,0
21555,1000000US170314408002014,4,0,4,0,0,0,0,4,0,0,4,0,2,2,0,8,0,0
21556,1000000US170314408002015,105,0,103,1,1,0,3,102,0,3,105,2,67,57,10,180,1,2
21557,1000000US170314408002016,50,0,50,0,0,0,0,50,0,0,50,0,32,31,1,56,0,0
21558,1000000US170314408002017,0,0,0,0,0,0,0,0,0,0,0,0,1,0,1,0,0,0
21559,1000000US170314409001000,2,0,2,0,0,0,0,2,0,0,2,0,10,2,8,2,0,0
21560,1000000US170314409001001,28,0,27,2,0,0,0,28,0,0,28,1,21,17,4,43,2,0
21561,1000000US170314409001002,45,0,45,0,0,0,0,45,0,0,45,0,30,25,5,60,0,0
21562,1000000US170314409001003,37,2,35,0,0,0,0,37,0,0,35,0,26,21,5,53,0,0
21563,1000000US170314409001004,29,0,28,3,0,0,0,29,0,0,29,2,18,17,1,36,3,0
21564,1000000US170314409001005,24,0,23,1,0,0,0,24,0,0,24,0,15,15,0,38,1,0
21565,1000000US170314409001006,51,0,51,0,0,0,0,51,0,0,51,0,32,29,3,64,0,0
21566,1000000US170314409001007,39,0,39,0,0,0,0,39,0,0,39,0,24,22,2,61,0,0
21567,1000000US170314409001008,41,0,41,0,0,0,1,40,0,1,41,0,25,19,6,54,0,1
21568,1000000US170314409001009,16,0,16,0,0,0,0,16,0,0,16,0,17,7,10,21,0,0
21569,1000000US170314409001010,14,0,14,0,0,0,0,14,0,0,14,0,9,8,1,16,0,0
21570,1000000US170314409001011,33,0,32,1,0,0,0,33,0,0,33,0,27,22,5,43,1,0
21571,1000000US170314409001012,27,0,27,0,0,0,0,27,0,0,27,0,18,16,2,37,0,0
21572,1000000US170314409001013,54,0,54,0,0,0,0,54,0,0,54,0,24,24,0,68,0,0
21573,1000000US170314409001014,39,0,39,0,0,0,1,38,0,1,39,0,17,16,1,50,0,1
21574,1000000US170314409001015,25,1,24,0,0,0,0,25,0,0,24,0,18,13,5,39,0,0
21575,1000000US170314409001016,54,0,54,0,0,0,0,54,0,0,54,1,29,27,2,87,0,0
21576,1000000US170314409001017,48,0,48,0,0,0,0,48,0,0,48,0,26,24,2,65,0,0
21577,1000000US170314409001018,0,0,0,0,0,0,0,0,0,0,0,0,0,0,0,0,0,0
21578,1000000US170314409001019,47,0,47,2,0,0,0,47,0,0,47,2,34,29,5,73,0,0
21579,1000000US170314409001020,15,0,15,0,0,0,0,15,0,0,15,0,9,7,2,16,0,0
21580,1000000US170314409001021,17,1,16,0,0,0,0,17,0,0,16,0,14,10,4,24,0,0
21581,1000000US170314409001022,5,0,5,0,0,0,0,5,0,0,5,0,2,2,0,5,0,0
21582,1000000US170314409001023,23,0,23,0,0,0,1,22,0,1,23,0,16,12,4,37,0,1
21583,1000000US170314409002000,36,0,36,0,0,0,0,36,0,0,36,0,30,29,1,41,0,0
21584,1000000US170314409002001,13,0,13,0,0,0,0,13,0,0,13,0,14,9,5,22,0,0
21585,1000000US170314409002002,7,0,7,0,0,0,0,7,0,0,7,0,4,4,0,8,0,0
21586,1000000US170314409002003,48,0,48,0,0,0,0,48,0,0,48,0,31,24,7,61,0,0
21587,1000000US170314409002004,34,0,34,0,0,0,0,34,0,0,34,0,29,20,9,53,0,0
21588,1000000US170314409002005,23,0,23,0,0,0,0,23,0,0,23,0,17,13,4,28,0,0
21589,1000000US170314409002006,51,0,51,0,0,0,0,51,0,0,51,0,24,21,3,62,0,0
21590,1000000US170314409002007,38,0,38,0,0,0,0,38,0,0,38,0,23,19,4,52,0,0
21591,1000000US170314409002008,25,0,25,0,0,0,0,25,0,0,25,0,18,14,4,41,0,0
21592,1000000US170314409002009,15,0,15,0,0,0,0,15,0,0,15,0,13,7,6,15,0,0
21593,1000000US170314409002010,4,0,4,0,0,0,0,4,0,0,4,0,6,3,3,4,0,0
21594,1000000US170314409002011,27,0,27,0,0,0,1,26,0,1,27,0,24,16,8,40,0,1
21595,1000000US170314409002012,50,0,50,0,0,0,0,50,0,0,50,0,34,24,10,83,0,0
21596,1000000US170314409002013,28,1,26,1,0,0,0,28,0,0,27,0,11,11,0,30,1,0
21597,1000000US170314409002014,29,0,29,0,0,0,0,29,0,0,29,0,21,15,6,41,0,0
21598,1000000US170314409002015,2,0,2,0,0,0,0,2,0,0,2,1,1,1,0,2,0,0
21599,1000000US170314409002016,0,0,0,0,0,0,0,0,0,0,0,0,0,0,0,0,0,0
21600,1000000US170314409002017,14,0,12,2,0,0,0,14,0,0,14,0,8,7,1,25,2,0
21601,1000000US170314409002018,0,0,0,0,0,0,0,0,0,0,0,0,0,0,0,0,0,0
21602,1000000US170314409002019,5,0,4,1,0,0,0,5,0,0,5,0,5,4,1,7,1,0
21603,1000000US170314409002020,20,0,20,0,0,0,0,20,0,0,20,0,16,9,7,29,0,0
21604,1000000US170314409002021,0,0,0,0,0,0,0,0,0,0,0,0,0,0,0,0,0,0
21605,1000000US170314409002022,0,0,0,0,0,0,0,0,0,0,0,0,0,0,0,0,0,0
21606,1000000US170314409002023,52,0,52,0,0,0,0,52,0,0,52,1,31,24,7,75,0,0
21607,1000000US170314409002024,20,0,17,3,0,0,2,18,0,2,20,3,13,10,3,33,1,0
21608,1000000US170314409002025,0,0,0,0,0,0,0,0,0,0,0,0,0,0,0,0,0,0
21609,1000000US170314409003000,50,0,50,0,0,0,0,50,0,0,50,0,28,28,0,74,0,0
21610,1000000US170314409003001,33,0,33,0,0,0,0,33,0,0,33,0,19,16,3,38,0,0
21611,1000000US170314409003002,35,0,35,0,0,0,0,35,0,0,35,0,18,18,0,54,0,0
21612,1000000US170314409003003,38,0,38,0,0,0,0,38,0,0,38,0,21,20,1,57,0,0
21613,1000000US170314409003004,64,0,62,3,1,0,2,62,0,2,64,5,36,35,1,74,1,1
21614,1000000US170314409003005,30,0,30,0,0,0,0,30,0,0,30,0,23,16,7,37,0,0
21615,1000000US170314409003006,38,0,38,0,0,0,0,38,0,0,38,0,24,20,4,47,0,0
21616,1000000US170314409003007,49,0,47,3,1,0,0,49,0,0,49,2,21,20,1,66,3,0
21617,1000000US170314409003008,0,0,0,0,0,0,0,0,0,0,0,0,0,0,0,0,0,0
21618,1000000US170314409003009,0,0,0,0,0,0,0,0,0,0,0,0,0,0,0,0,0,0
21619,1000000US170314409003010,0,0,0,0,0,0,0,0,0,0,0,0,0,0,0,0,0,0
21620,1000000US170314409003011,0,0,0,0,0,0,0,0,0,0,0,0,0,0,0,0,0,0
21621,1000000US170314409003012,49,0,49,0,0,0,1,48,0,1,49,0,26,20,6,55,0,1
21622,1000000US170314409003013,37,0,37,0,0,0,0,37,0,0,37,0,19,19,0,42,0,0
21623,1000000US170314409003014,7,0,7,0,0,0,0,7,0,0,7,0,3,3,0,9,0,0
21624,1000000US170314409003015,19,0,19,0,0,0,0,19,0,0,19,0,7,7,0,25,0,0
21625,1000000US170314409003016,39,0,39,0,0,0,2,37,0,2,39,1,23,20,3,53,0,2
21626,1000000US170314409003017,3,0,3,0,0,0,0,3,0,0,3,0,1,1,0,3,0,0
21627,1000000US170314409003018,29,0,28,2,0,0,0,29,0,0,29,1,15,15,0,42,1,0
21628,1000000US170314409003019,3,0,3,0,0,0,0,3,0,0,3,0,2,2,0,5,0,0
21629,1000000US170314409003020,0,0,0,0,0,0,0,0,0,0,0,0,0,0,0,0,0,0
21630,1000000US170314409003021,30,0,30,0,0,0,0,30,0,0,30,0,22,21,1,31,0,0
21631,1000000US170314409003022,13,0,9,4,0,0,1,12,0,1,13,0,7,5,2,17,4,1
21632,1000000US170314409003023,16,0,16,0,0,0,0,16,0,0,16,0,10,10,0,24,0,0
21633,1000000US170314409003024,45,0,45,0,0,0,0,45,0,0,45,0,20,19,1,69,0,0
21634,1000000US170314409003025,28,1,27,0,0,0,0,28,0,0,27,0,16,15,1,44,0,0
21635,1000000US170314503001000,0,0,0,0,0,0,0,0,0,0,0,0,0,0,0,0,0,0
21636,1000000US170314503001001,0,0,0,0,0,0,0,0,0,0,0,0,0,0,0,0,0,0
21637,1000000US170314503001002,0,0,0,0,0,0,0,0,0,0,0,0,0,0,0,0,0,0
21638,1000000US170314503001003,0,0,0,0,0,0,0,0,0,0,0,0,0,0,0,0,0,0
21639,1000000US170314503001004,0,0,0,0,0,0,0,0,0,0,0,0,0,0,0,0,0,0
21640,1000000US170314503001005,0,0,0,0,0,0,0,0,0,0,0,0,0,0,0,0,0,0
21641,1000000US170314503001006,0,0,0,0,0,0,0,0,0,0,0,0,0,0,0,0,0,0
21642,1000000US170314503001007,0,0,0,0,0,0,0,0,0,0,0,0,0,0,0,0,0,0
21643,1000000US170314503001008,0,0,0,0,0,0,0,0,0,0,0,0,0,0,0,0,0,0
21644,1000000US170314503001009,0,0,0,0,0,0,0,0,0,0,0,0,0,0,0,0,0,0
21645,1000000US170314503001010,0,0,0,0,0,0,0,0,0,0,0,0,0,0,0,0,0,0
21646,1000000US170314503001011,0,0,0,0,0,0,0,0,0,0,0,0,0,0,0,0,0,0
21647,1000000US170314503001012,1,0,1,0,0,0,0,1,0,0,1,0,1,1,0,1,0,0
21648,1000000US170314503001013,0,0,0,0,0,0,0,0,0,0,0,0,0,0,0,0,0,0
21649,1000000US170314503001014,4,0,3,0,1,0,0,4,0,0,4,0,17,3,14,4,0,0
21650,1000000US170314503001015,0,0,0,0,0,0,0,0,0,0,0,0,0,0,0,0,0,0
21651,1000000US170314503001016,0,0,0,0,0,0,0,0,0,0,0,0,0,0,0,0,0,0
21652,1000000US170314503001017,0,0,0,0,0,0,0,0,0,0,0,0,0,0,0,0,0,0
21653,1000000US170314503001018,0,0,0,0,0,0,0,0,0,0,0,0,0,0,0,0,0,0
21654,1000000US170314503001019,21,0,21,0,0,0,0,21,0,0,21,0,23,11,12,32,0,0
21655,1000000US170314503001020,40,0,40,1,0,0,0,40,0,0,40,2,23,20,3,53,1,0
21656,1000000US170314503001021,51,0,48,0,0,0,4,47,0,4,51,0,25,24,1,70,0,1
21657,1000000US170314503001022,24,0,24,0,0,0,0,24,0,0,24,0,9,9,0,29,0,0
21658,1000000US170314503001023,15,0,14,1,0,0,0,15,0,0,15,1,9,8,1,22,0,0
21659,1000000US170314503001024,0,0,0,0,0,0,0,0,0,0,0,0,0,0,0,0,0,0
21660,1000000US170314503001025,0,0,0,0,0,0,0,0,0,0,0,0,0,0,0,0,0,0
21661,1000000US170314503001026,0,0,0,0,0,0,0,0,0,0,0,0,0,0,0,0,0,0
21662,1000000US170314503001027,0,0,0,0,0,0,0,0,0,0,0,0,0,0,0,0,0,0
21663,1000000US170314503001028,0,0,0,0,0,0,0,0,0,0,0,0,0,0,0,0,0,0
21664,1000000US170314503001029,35,0,35,0,0,0,0,35,0,0,35,1,16,15,1,42,0,0
21665,1000000US170314503001030,36,0,36,0,0,0,0,36,0,0,36,0,17,16,1,45,0,0
21666,1000000US170314503001031,51,0,51,0,0,0,0,51,0,0,51,2,19,18,1,67,0,0
21667,1000000US170314503001032,5,0,5,0,0,0,0,5,0,0,5,0,2,2,0,5,0,0
21668,1000000US170314503001033,37,0,37,3,0,0,1,36,0,1,37,4,19,16,3,45,0,1
21669,1000000US170314503001034,87,2,85,1,0,0,2,85,0,2,85,3,47,47,0,120,1,2
21670,1000000US170314503001035,38,0,38,0,0,0,0,38,0,0,38,0,16,15,1,50,0,0
21671,1000000US170314503001036,39,0,39,0,0,0,0,39,0,0,39,0,27,25,2,53,0,0
21672,1000000US170314503001037,0,0,0,0,0,0,0,0,0,0,0,0,0,0,0,0,0,0
21673,1000000US170314503001038,0,0,0,0,0,0,0,0,0,0,0,0,0,0,0,0,0,0
21674,1000000US170314503001039,0,0,0,0,0,0,0,0,0,0,0,0,0,0,0,0,0,0
21675,1000000US170314503001040,0,0,0,0,0,0,0,0,0,0,0,0,0,0,0,0,0,0
21676,1000000US170314503001041,33,0,33,0,0,0,0,33,0,0,33,0,18,17,1,45,0,0
21677,1000000US170314503001042,44,0,42,2,0,0,3,41,0,3,44,3,25,23,2,58,2,1
21678,1000000US170314503001043,38,0,38,0,0,0,0,38,0,0,38,0,17,17,0,41,0,0
21679,1000000US170314503001044,28,0,28,0,0,0,0,28,0,0,28,0,18,14,4,40,0,0
21680,1000000US170314503001045,44,0,43,1,0,0,1,43,0,1,44,2,25,21,4,54,0,0
21681,1000000US170314503001046,33,1,31,0,2,0,0,33,0,0,32,1,19,17,2,36,0,0
21682,1000000US170314503001047,50,0,49,0,0,0,1,49,0,1,50,0,17,17,0,68,0,0
21683,1000000US170314503001048,43,1,42,0,0,0,0,43,0,0,42,0,29,24,5,56,0,0
21684,1000000US170314503001049,31,0,31,0,0,0,0,31,0,0,31,0,24,17,7,37,0,0
21685,1000000US170314503001050,29,0,29,0,0,0,0,29,0,0,29,0,15,14,1,39,0,0
21686,1000000US170314503001051,0,0,0,0,0,0,0,0,0,0,0,0,0,0,0,0,0,0
21687,1000000US170314503001052,1,0,1,0,0,0,0,1,0,0,1,0,1,1,0,1,0,0
21688,1000000US170314503001053,0,0,0,0,0,0,0,0,0,0,0,0,0,0,0,0,0,0
21689,1000000US170314503001054,1,0,1,0,0,0,0,1,0,0,1,0,1,1,0,1,0,0
21690,1000000US170314503001055,23,0,23,0,0,0,0,23,0,0,23,0,12,12,0,25,0,0
21691,1000000US170314503001056,39,0,39,0,0,0,0,39,0,0,39,0,27,25,2,45,0,0
21692,1000000US170314503001057,38,0,38,0,0,0,0,38,0,0,38,0,18,18,0,47,0,0
21693,1000000US170314503001058,34,1,33,0,0,0,0,34,0,0,33,0,22,22,0,46,0,0
21694,1000000US170314503002000,0,0,0,0,0,0,0,0,0,0,0,0,0,0,0,0,0,0
21695,1000000US170314503002001,0,0,0,0,0,0,0,0,0,0,0,0,0,0,0,0,0,0
21696,1000000US170314503002002,0,0,0,0,0,0,0,0,0,0,0,0,0,0,0,0,0,0
21697,1000000US170314503002003,0,0,0,0,0,0,0,0,0,0,0,0,0,0,0,0,0,0
21698,1000000US170314503002004,0,0,0,0,0,0,0,0,0,0,0,0,0,0,0,0,0,0
21699,1000000US170314503002005,0,0,0,0,0,0,0,0,0,0,0,0,0,0,0,0,0,0
21700,1000000US170314503002006,0,0,0,0,0,0,0,0,0,0,0,0,0,0,0,0,0,0
21701,1000000US170314503002007,0,0,0,0,0,0,0,0,0,0,0,0,0,0,0,0,0,0
21702,1000000US170314503002008,42,0,42,0,0,0,0,42,0,0,42,0,23,19,4,52,0,0
21703,1000000US170314503002009,33,0,33,0,0,0,0,33,0,0,33,0,17,17,0,36,0,0
21704,1000000US170314503002010,36,1,35,2,0,0,0,36,0,0,35,2,20,17,3,40,0,0
21705,1000000US170314503002011,33,0,33,0,0,0,1,32,0,1,33,0,18,16,2,42,0,1
21706,1000000US170314503002012,44,0,42,2,0,0,0,44,0,0,44,0,16,16,0,58,2,0
21707,1000000US170314503002013,29,0,29,0,0,0,0,29,0,0,29,0,18,16,2,38,0,0
21708,1000000US170314503002014,39,0,39,0,0,0,0,39,0,0,39,0,18,17,1,56,0,0
21709,1000000US170314503002015,47,0,47,0,0,0,0,47,0,0,47,0,30,28,2,60,0,0
21710,1000000US170314503002016,45,0,42,3,0,0,6,39,0,6,45,1,25,24,1,58,3,3
21711,1000000US170314503002017,50,0,49,0,1,0,0,50,0,0,50,1,29,28,1,63,0,0
21712,1000000US170314503002018,9,0,9,0,0,0,0,9,0,0,9,0,9,8,1,10,0,0
21713,1000000US170314503002019,2,0,2,1,0,0,0,2,0,0,2,1,2,2,0,2,0,0
21714,1000000US170314503002020,39,0,39,0,0,0,0,39,0,0,39,0,15,15,0,44,0,0
21715,1000000US170314503002021,39,0,39,1,1,0,0,39,0,0,39,1,18,17,1,54,1,0
21716,1000000US170314503002022,51,0,49,0,0,0,4,47,0,4,51,0,18,18,0,60,0,2
21717,1000000US170314503002023,27,0,27,0,0,0,0,27,0,0,27,0,11,11,0,28,0,0
21718,1000000US170314503002024,7,0,7,0,0,0,0,7,0,0,7,0,5,5,0,11,0,0
21719,1000000US170314503002025,4,0,4,0,0,0,0,4,0,0,4,0,1,1,0,4,0,0
21720,1000000US170314503003000,0,0,0,0,0,0,0,0,0,0,0,0,0,0,0,0,0,0
21721,1000000US170314503003001,0,0,0,0,0,0,0,0,0,0,0,0,0,0,0,0,0,0
21722,1000000US170314503003002,0,0,0,0,0,0,0,0,0,0,0,0,0,0,0,0,0,0
21723,1000000US170314503003003,0,0,0,0,0,0,0,0,0,0,0,0,0,0,0,0,0,0
21724,1000000US170314503003004,0,0,0,0,0,0,0,0,0,0,0,0,0,0,0,0,0,0
21725,1000000US170314503003005,0,0,0,0,0,0,0,0,0,0,0,0,0,0,0,0,0,0
21726,1000000US170314503003006,45,1,44,0,0,0,2,43,0,2,44,0,20,20,0,56,0,2
21727,1000000US170314503003007,37,0,37,0,0,0,0,37,0,0,37,0,18,18,0,44,0,0
21728,1000000US170314503003008,41,0,41,0,0,0,0,41,0,0,41,0,18,17,1,44,0,0
21729,1000000US170314503003009,37,2,32,0,0,0,3,34,0,3,35,1,18,16,2,47,0,0
21730,1000000US170314503003010,28,0,28,0,0,0,0,28,0,0,28,0,16,15,1,32,0,0
21731,1000000US170314503003011,49,1,48,0,0,0,0,49,0,0,48,1,37,32,5,65,0,0
21732,1000000US170314503003012,63,0,63,1,0,0,0,63,0,0,63,1,54,43,11,92,0,0
21733,1000000US170314503003013,39,0,37,0,1,0,0,39,0,0,39,0,18,18,0,48,0,0
21734,1000000US170314503003014,46,0,46,0,0,0,0,46,0,0,46,0,19,19,0,57,0,0
21735,1000000US170314503003015,39,0,39,0,0,0,0,39,0,0,39,0,19,19,0,53,0,0
21736,1000000US170314503003016,26,0,25,0,0,0,1,25,0,1,26,0,11,11,0,36,0,0
21737,1000000US170314503003017,21,0,21,0,0,0,0,21,0,0,21,0,12,11,1,26,0,0
21738,1000000US170314503003018,23,0,23,0,0,0,0,23,0,0,23,1,12,12,0,30,0,0
21739,1000000US170314503003019,29,0,29,0,0,0,0,29,0,0,29,0,13,13,0,33,0,0
21740,1000000US170314503003020,52,2,50,0,0,0,0,52,0,0,50,0,30,27,3,70,0,0
21741,1000000US170314503003021,74,2,72,1,0,0,0,74,0,0,72,2,53,47,6,105,1,0
21742,1000000US170314503003022,25,0,25,0,0,0,0,25,0,0,25,0,14,14,0,32,0,0
21743,1000000US170314503003023,27,1,26,0,0,0,0,27,0,0,26,0,13,13,0,36,0,0
21744,1000000US170314503003024,28,0,28,0,0,0,0,28,0,0,28,0,14,14,0,30,0,0
21745,1000000US170314503003025,31,0,31,0,0,0,0,31,0,0,31,0,15,15,0,42,0,0
21746,1000000US170314503003026,0,0,0,0,0,0,0,0,0,0,0,0,0,0,0,0,0,0
21747,1000000US170314503003027,0,0,0,0,0,0,0,0,0,0,0,0,0,0,0,0,0,0
21748,1000000US170314503003028,0,0,0,0,0,0,0,0,0,0,0,0,0,0,0,0,0,0
21749,1000000US170314503003029,0,0,0,0,0,0,0,0,0,0,0,0,0,0,0,0,0,0
21750,1000000US170314503003030,0,0,0,0,0,0,0,0,0,0,0,0,0,0,0,0,0,0
21751,1000000US170314503003031,0,0,0,0,0,0,0,0,0,0,0,0,0,0,0,0,0,0
21752,1000000US170314503003032,0,0,0,0,0,0,0,0,0,0,0,0,0,0,0,0,0,0
21753,1000000US170314503003033,0,0,0,0,0,0,0,0,0,0,0,0,0,0,0,0,0,0
21754,1000000US170314503003034,0,0,0,0,0,0,0,0,0,0,0,0,0,0,0,0,0,0
21755,1000000US170314503003035,0,0,0,0,0,0,0,0,0,0,0,0,0,0,0,0,0,0
21756,1000000US170314503004000,53,0,53,0,0,0,0,53,0,0,53,0,24,24,0,64,0,0
21757,1000000US170314503004001,40,0,40,0,0,0,0,40,0,0,40,0,21,21,0,64,0,0
21758,1000000US170314503004002,0,0,0,0,0,0,0,0,0,0,0,0,0,0,0,0,0,0
21759,1000000US170314503004003,3,0,3,0,0,0,0,3,0,0,3,0,1,1,0,3,0,0
21760,1000000US170314503004004,8,0,8,0,0,0,0,8,0,0,8,0,7,5,2,11,0,0
21761,1000000US170314503004005,2,0,2,0,0,0,0,2,0,0,2,1,1,1,0,2,0,0
21762,1000000US170314503004006,63,0,63,0,0,0,0,63,0,0,63,0,52,45,7,75,0,0
21763,1000000US170314503004007,27,0,27,0,0,0,0,27,0,0,27,0,14,13,1,33,0,0
21764,1000000US170314503004008,44,0,44,0,0,0,0,44,0,0,44,0,27,27,0,63,0,0
21765,1000000US170314503004009,0,0,0,0,0,0,0,0,0,0,0,0,0,0,0,0,0,0
21766,1000000US170314503004010,50,0,50,0,0,0,0,50,0,0,50,0,29,27,2,61,0,0
21767,1000000US170314503004011,29,0,29,0,0,0,1,28,0,1,29,0,16,16,0,42,0,1
21768,1000000US170314503004012,37,0,37,0,0,0,1,36,0,1,37,0,22,18,4,49,0,1
21769,1000000US170314503004013,7,0,7,0,0,0,0,7,0,0,7,0,3,3,0,14,0,0
21770,1000000US170314503004014,0,0,0,0,0,0,0,0,0,0,0,0,0,0,0,0,0,0
21771,1000000US170314503004015,39,0,38,0,0,0,1,38,0,1,39,1,23,22,1,44,0,0
21772,1000000US170314503004016,24,0,24,0,0,0,0,24,0,0,24,0,18,16,2,33,0,0
21773,1000000US170314503004017,35,0,33,0,0,0,2,33,0,2,35,1,17,16,1,43,0,0
21774,1000000US170314503004018,35,0,35,0,0,0,0,35,0,0,35,0,26,22,4,42,0,0
21775,1000000US170314503004019,0,0,0,0,0,0,0,0,0,0,0,0,0,0,0,0,0,0
21776,1000000US170314503004020,0,0,0,0,0,0,0,0,0,0,0,0,0,0,0,0,0,0
21777,1000000US170314503004021,1,0,1,0,0,0,0,1,0,0,1,0,1,1,0,1,0,0
21778,1000000US170314503004022,0,0,0,0,0,0,0,0,0,0,0,0,0,0,0,0,0,0
21779,1000000US170314601001000,0,0,0,0,0,0,0,0,0,0,0,0,0,0,0,0,0,0
21780,1000000US170314601001001,0,0,0,0,0,0,0,0,0,0,0,0,0,0,0,0,0,0
21781,1000000US170314601001002,0,0,0,0,0,0,0,0,0,0,0,0,0,0,0,0,0,0
21782,1000000US170314601001003,0,0,0,0,0,0,0,0,0,0,0,0,0,0,0,0,0,0
21783,1000000US170314601001004,0,0,0,0,0,0,0,0,0,0,0,0,0,0,0,0,0,0
21784,1000000US170314601001005,121,16,103,2,1,0,2,119,0,2,105,3,88,79,9,137,2,1
21785,1000000US170314601001006,183,1,177,0,3,0,8,175,0,8,182,4,141,126,15,220,0,3
21786,1000000US170314601001007,28,0,28,0,0,0,0,28,0,0,28,0,21,16,5,32,0,0
21787,1000000US170314601001008,8,0,8,0,0,0,0,8,0,0,8,0,10,7,3,8,0,0
21788,1000000US170314601001009,0,0,0,0,0,0,0,0,0,0,0,0,0,0,0,0,0,0
21789,1000000US170314601001010,10,3,5,0,0,0,2,8,0,2,7,0,5,5,0,13,0,0
21790,1000000US170314601001011,111,0,103,5,2,1,11,100,0,11,111,5,80,71,9,139,5,4
21791,1000000US170314601001012,0,0,0,0,0,0,0,0,0,0,0,0,1,0,1,0,0,0
21792,1000000US170314601001013,12,2,8,2,0,0,0,12,0,0,10,0,11,7,4,15,2,0
21793,1000000US170314601001014,43,1,42,0,0,0,0,43,0,0,42,0,28,18,10,65,0,0
21794,1000000US170314601001015,37,0,32,0,0,1,7,30,0,7,37,1,21,18,3,52,0,2
21795,1000000US170314601001016,43,5,28,1,1,0,8,35,0,8,38,0,25,21,4,53,1,0
21796,1000000US170314601001017,50,5,42,0,0,0,4,46,0,4,45,0,26,22,4,71,0,1
21797,1000000US170314601001018,57,2,55,3,0,1,1,56,0,1,55,3,31,27,4,81,3,1
21798,1000000US170314601001019,6,0,6,0,0,0,0,6,0,0,6,0,3,3,0,14,0,0
21799,1000000US170314601001020,19,0,8,0,0,0,12,7,0,12,19,0,15,9,6,22,0,1
21800,1000000US170314601001021,0,0,0,0,0,0,0,0,0,0,0,0,0,0,0,0,0,0
21801,1000000US170314601001022,27,5,6,0,0,1,16,11,0,16,22,1,19,13,6,44,0,0
21802,1000000US170314601001023,16,0,10,1,3,1,4,12,0,4,16,5,15,11,4,30,1,0
21803,1000000US170314601001024,17,0,7,0,0,0,10,7,0,10,17,0,34,12,22,22,0,0
21804,1000000US170314601001025,28,0,21,0,0,0,8,20,0,8,28,0,13,11,2,38,0,1
21805,1000000US170314601001026,0,0,0,0,0,0,0,0,0,0,0,0,0,0,0,0,0,0
21806,1000000US170314601001027,0,0,0,0,0,0,0,0,0,0,0,0,0,0,0,0,0,0
21807,1000000US170314601001028,0,0,0,0,0,0,0,0,0,0,0,0,0,0,0,0,0,0
21808,1000000US170314601001029,0,0,0,0,0,0,0,0,0,0,0,0,0,0,0,0,0,0
21809,1000000US170314601001030,0,0,0,0,0,0,0,0,0,0,0,0,0,0,0,0,0,0
21810,1000000US170314601001031,0,0,0,0,0,0,0,0,0,0,0,0,0,0,0,0,0,0
21811,1000000US170314601001032,0,0,0,0,0,0,0,0,0,0,0,0,0,0,0,0,0,0
21812,1000000US170314601001033,0,0,0,0,0,0,0,0,0,0,0,0,0,0,0,0,0,0
21813,1000000US170314601001034,0,0,0,0,0,0,0,0,0,0,0,0,0,0,0,0,0,0
21814,1000000US170314601001035,51,1,44,0,0,1,6,45,0,6,50,1,30,20,10,66,0,0
21815,1000000US170314601001036,31,2,27,1,0,0,2,29,0,2,29,0,31,15,16,41,1,1
21816,1000000US170314601001037,50,0,50,0,0,0,1,49,0,1,50,0,19,18,1,61,0,1
21817,1000000US170314601001038,0,0,0,0,0,0,0,0,0,0,0,0,0,0,0,0,0,0
21818,1000000US170314601001039,0,0,0,0,0,0,0,0,0,0,0,0,0,0,0,0,0,0
21819,1000000US170314601001040,0,0,0,0,0,0,0,0,0,0,0,0,0,0,0,0,0,0
21820,1000000US170314601002000,33,6,14,1,0,0,13,20,0,13,27,3,28,20,8,51,0,0
21821,1000000US170314601002001,49,2,42,0,0,0,6,43,0,6,47,1,29,25,4,58,0,1
21822,1000000US170314601002002,38,2,35,1,0,0,0,38,0,0,36,0,31,21,10,53,1,0
21823,1000000US170314601002003,53,3,38,0,9,0,4,49,0,4,50,1,28,21,7,63,0,1
21824,1000000US170314601002004,41,5,30,0,0,0,6,35,0,6,36,0,31,24,7,54,0,0
21825,1000000US170314601002005,54,0,49,0,0,0,5,49,0,5,54,3,34,25,9,89,0,2
21826,1000000US170314601002006,14,0,13,1,1,0,2,12,0,2,14,1,11,10,1,33,0,1
21827,1000000US170314601002007,14,1,11,0,0,0,1,13,0,1,13,2,14,8,6,27,0,0
21828,1000000US170314601002008,14,1,11,0,0,0,2,12,0,2,13,0,16,11,5,15,0,0
21829,1000000US170314601002009,43,3,32,1,0,0,9,34,0,9,40,1,24,20,4,68,0,1
21830,1000000US170314601002010,38,3,33,0,0,0,5,33,0,5,35,0,29,20,9,44,0,3
21831,1000000US170314601002011,17,0,10,0,0,0,7,10,0,7,17,0,10,7,3,25,0,0
21832,1000000US170314601002012,11,1,10,0,0,0,0,11,0,0,10,0,5,4,1,13,0,0
21833,1000000US170314601002013,25,0,19,0,0,0,8,17,0,8,25,1,14,11,3,43,0,2
21834,1000000US170314601002014,0,0,0,0,0,0,0,0,0,0,0,0,0,0,0,0,0,0
21835,1000000US170314601002015,18,0,13,0,0,0,5,13,0,5,18,0,10,9,1,26,0,0
21836,1000000US170314601002016,19,0,11,0,0,0,8,11,0,8,19,0,18,8,10,33,0,0
21837,1000000US170314601003000,73,8,28,0,1,0,36,37,0,36,65,0,37,31,6,106,0,0
21838,1000000US170314601003001,58,1,39,0,0,0,19,39,0,19,57,2,39,28,11,80,0,2
21839,1000000US170314601003002,43,1,39,0,0,0,3,40,0,3,42,0,25,22,3,56,0,0
21840,1000000US170314601003003,54,3,46,0,0,0,5,49,0,5,51,0,37,29,8,89,0,0
21841,1000000US170314601003004,30,1,27,0,0,0,2,28,0,2,29,2,31,16,15,53,0,0
21842,1000000US170314601003005,39,5,31,0,0,0,3,36,0,3,34,0,20,17,3,51,0,0
21843,1000000US170314601003006,37,0,19,0,0,0,18,19,0,18,37,0,16,13,3,63,0,0
21844,1000000US170314601003007,0,0,0,0,0,0,0,0,0,0,0,0,0,0,0,0,0,0
21845,1000000US170314601003008,24,2,6,0,0,0,16,8,0,16,22,0,10,9,1,34,0,0
21846,1000000US170314601003009,24,1,23,0,0,0,0,24,0,0,23,1,20,15,5,39,0,0
21847,1000000US170314601003010,49,0,39,0,0,0,10,39,0,10,49,1,27,22,5,79,0,0
21848,1000000US170314601003011,48,0,43,1,0,0,5,43,0,5,48,2,34,23,11,72,0,0
21849,1000000US170314601003012,9,2,5,0,0,0,2,7,0,2,7,1,14,5,9,13,0,0
21850,1000000US170314601004000,23,4,10,0,0,0,9,14,0,9,19,2,13,10,3,27,0,0
21851,1000000US170314601004001,5,1,2,0,1,0,2,3,0,2,4,0,7,2,5,5,0,0
21852,1000000US170314601004002,55,2,31,1,0,0,22,33,0,22,53,0,46,25,21,81,1,0
21853,1000000US170314601004003,55,3,41,0,0,0,11,44,0,11,52,0,44,21,23,75,0,0
21854,1000000US170314601004004,70,3,44,0,0,0,24,46,0,24,67,3,46,40,6,107,0,1
21855,1000000US170314601004005,60,7,36,0,0,0,17,43,0,17,53,1,35,26,9,78,0,0
21856,1000000US170314601004006,68,2,33,0,0,0,33,35,0,33,66,0,42,32,10,96,0,0
21857,1000000US170314601004007,0,0,0,0,0,0,0,0,0,0,0,0,0,0,0,0,0,0
21858,1000000US170314601004008,105,2,91,0,0,0,13,92,0,13,103,0,71,67,4,125,0,1
21859,1000000US170314601004009,0,0,0,0,0,0,0,0,0,0,0,0,17,0,17,0,0,0
21860,1000000US170314601004010,39,0,27,2,0,0,12,27,0,12,39,2,38,22,16,59,0,0
21861,1000000US170314601004011,61,6,39,2,0,0,16,45,0,16,55,4,34,30,4,98,0,0
21862,1000000US170314601004012,0,0,0,0,0,0,0,0,0,0,0,0,0,0,0,0,0,0
21863,1000000US170314602001000,0,0,0,0,0,0,0,0,0,0,0,0,0,0,0,0,0,0
21864,1000000US170314602001001,0,0,0,0,0,0,0,0,0,0,0,0,0,0,0,0,0,0
21865,1000000US170314602001002,95,0,65,2,0,0,43,52,0,43,95,1,57,44,13,130,2,13
21866,1000000US170314602001003,34,2,18,0,1,0,13,21,0,13,32,0,26,17,9,50,0,0
21867,1000000US170314602001004,65,3,41,2,0,0,21,44,0,21,62,5,46,25,21,98,2,0
21868,1000000US170314602001005,32,0,20,0,0,0,12,20,0,12,32,0,35,18,17,58,0,0
21869,1000000US170314602001006,18,9,4,0,0,0,5,13,0,5,9,0,22,10,12,23,0,0
21870,1000000US170314602001007,44,0,25,1,0,0,23,21,0,23,44,4,40,24,16,69,1,4
21871,1000000US170314602001008,46,0,26,0,0,0,27,19,0,27,46,0,27,22,5,74,0,7
21872,1000000US170314602001009,47,2,8,1,1,0,38,9,0,38,45,1,38,22,16,74,1,1
21873,1000000US170314602001010,59,13,15,3,0,0,33,26,0,33,46,1,41,34,7,87,2,2
21874,1000000US170314602001011,32,0,12,0,0,0,21,11,0,21,32,0,17,14,3,55,0,1
21875,1000000US170314602001012,8,0,0,0,0,0,5,3,0,5,8,2,4,3,1,8,0,0
21876,1000000US170314602001013,39,0,25,0,0,0,14,25,0,14,39,0,20,16,4,55,0,0
21877,1000000US170314602001014,55,3,39,0,0,0,19,36,0,19,52,1,30,26,4,90,0,6
21878,1000000US170314602001015,30,0,15,0,0,1,16,14,0,16,30,1,32,15,17,41,0,1
21879,1000000US170314602001016,50,0,14,0,0,0,36,14,0,36,50,0,42,19,23,66,0,0
21880,1000000US170314602001017,50,4,17,0,1,0,30,20,0,30,46,0,34,26,8,67,0,1
21881,1000000US170314602002000,35,1,8,0,0,0,26,9,0,26,34,0,25,18,7,55,0,0
21882,1000000US170314602002001,52,2,17,2,0,0,30,22,0,30,50,0,31,24,7,73,2,0
21883,1000000US170314602002002,34,1,25,0,0,0,8,26,0,8,33,3,22,18,4,48,0,0
21884,1000000US170314602002003,29,1,21,0,0,0,7,22,0,7,28,0,15,15,0,38,0,0
21885,1000000US170314602002004,0,0,0,0,0,0,0,0,0,0,0,0,0,0,0,0,0,0
21886,1000000US170314602002005,16,0,10,0,0,0,6,10,0,6,16,0,12,8,4,24,0,0
21887,1000000US170314602002006,0,0,0,0,0,0,0,0,0,0,0,0,0,0,0,0,0,0
21888,1000000US170314602002007,0,0,0,0,0,0,0,0,0,0,0,0,0,0,0,0,0,0
21889,1000000US170314602002008,44,2,14,3,2,0,28,16,0,28,42,0,29,21,8,64,3,0
21890,1000000US170314602002009,41,5,25,0,0,0,11,30,0,11,36,0,23,17,6,69,0,0
21891,1000000US170314602002010,10,0,2,0,0,0,8,2,0,8,10,0,9,4,5,12,0,0
21892,1000000US170314602002011,61,0,10,0,0,0,51,10,0,51,61,0,31,23,8,102,0,0
21893,1000000US170314602002012,22,2,15,0,0,2,5,17,0,5,20,2,13,12,1,26,0,0
21894,1000000US170314602002013,0,0,0,0,0,0,0,0,0,0,0,0,0,0,0,0,0,0
21895,1000000US170314602002014,109,7,34,0,3,0,67,42,0,67,102,4,63,51,12,152,0,2
21896,1000000US170314602002015,22,0,18,3,0,0,5,17,0,5,22,1,18,9,9,29,3,1
21897,1000000US170314602002016,0,0,0,0,0,0,0,0,0,0,0,0,0,0,0,0,0,0
21898,1000000US170314602002017,0,0,0,0,0,0,0,0,0,0,0,0,0,0,0,0,0,0
21899,1000000US170314602002018,27,0,5,0,0,0,22,5,0,22,27,0,19,14,5,37,0,0
21900,1000000US170314602002019,37,6,4,0,0,0,27,10,0,27,31,0,28,19,9,55,0,0
21901,1000000US170314602002020,72,8,8,2,4,0,53,19,0,53,64,6,49,36,13,106,2,1
21902,1000000US170314602002021,4,0,0,0,0,0,4,0,0,4,4,0,1,1,0,5,0,0
21903,1000000US170314602002022,0,0,0,0,0,0,0,0,0,0,0,0,0,0,0,0,0,0
21904,1000000US170314602002023,20,0,17,0,0,0,3,17,0,3,20,0,5,5,0,23,0,0
21905,1000000US170314602002024,75,2,28,0,0,0,48,27,0,48,73,0,54,41,13,101,0,3
21906,1000000US170314602002025,42,6,20,4,0,0,16,26,0,16,36,4,47,19,28,54,4,0
21907,1000000US170314602002026,70,2,36,0,0,0,32,38,0,32,68,3,43,35,8,95,0,0
21908,1000000US170314602002027,28,0,9,1,0,0,19,9,0,19,28,2,33,17,16,43,1,0
21909,1000000US170314602002028,42,2,31,0,0,0,9,33,0,9,40,0,36,21,15,83,0,0
21910,1000000US170314602002029,0,0,0,0,0,0,0,0,0,0,0,0,0,0,0,0,0,0
21911,1000000US170314602002030,27,5,5,4,0,0,17,10,0,17,22,0,27,13,14,46,4,0
21912,1000000US170314603011000,3,0,0,0,0,0,3,0,0,3,3,0,4,2,2,5,0,0
21913,1000000US170314603011001,71,0,41,0,0,0,30,41,0,30,71,3,33,28,5,108,0,0
21914,1000000US170314603011002,53,0,38,0,0,0,15,38,0,15,53,0,34,25,9,81,0,0
21915,1000000US170314603011003,62,2,30,0,0,2,29,33,0,29,60,1,35,24,11,83,0,1
21916,1000000US170314603011004,62,0,47,0,0,2,13,49,0,13,62,0,35,28,7,83,0,0
21917,1000000US170314603011005,65,2,28,1,0,0,36,29,0,36,63,1,38,30,8,92,0,1
21918,1000000US170314603011006,53,1,25,1,0,0,28,25,0,28,52,0,34,24,10,75,1,1
21919,1000000US170314603011007,58,1,42,2,0,0,15,43,0,15,57,4,33,24,9,68,2,0
21920,1000000US170314603011008,71,4,44,3,0,0,23,48,0,23,67,3,40,34,6,95,0,0
21921,1000000US170314603011009,59,1,39,4,0,0,19,40,0,19,58,6,25,22,3,75,0,1
21922,1000000US170314603011010,46,3,40,0,0,0,4,42,0,4,43,0,34,22,12,93,0,1
21923,1000000US170314603011011,57,1,52,0,0,0,4,53,0,4,56,0,28,22,6,75,0,0
21924,1000000US170314603011012,52,0,50,0,0,0,1,51,0,1,52,0,29,23,6,73,0,0
21925,1000000US170314603011013,39,1,38,0,0,0,0,39,0,0,38,0,29,15,14,56,0,0
21926,1000000US170314603011014,71,1,47,0,0,0,23,48,0,23,70,0,29,25,4,90,0,0
21927,1000000US170314603011015,46,0,36,0,0,0,10,36,0,10,46,1,29,23,6,68,0,0
21928,1000000US170314603012000,0,0,0,0,0,0,0,0,0,0,0,0,0,0,0,0,0,0
21929,1000000US170314603012001,33,4,25,0,1,0,4,29,0,4,29,1,16,15,1,40,0,1
21930,1000000US170314603012002,53,0,29,2,0,0,24,29,0,24,53,4,25,23,2,76,2,0
21931,1000000US170314603012003,39,0,16,0,0,0,23,16,0,23,39,0,23,17,6,48,0,0
21932,1000000US170314603012004,59,0,32,2,0,0,28,31,0,28,59,3,43,31,12,102,2,2
21933,1000000US170314603012005,47,0,19,1,0,0,28,19,0,28,47,4,24,22,2,71,1,1
21934,1000000US170314603012006,48,1,18,1,0,0,28,20,0,28,47,0,26,22,4,78,1,0
21935,1000000US170314603012007,51,1,26,0,0,0,24,27,0,24,50,0,22,21,1,77,0,0
21936,1000000US170314603012008,44,3,23,2,2,0,17,27,0,17,41,0,35,23,12,64,2,1
21937,1000000US170314603012009,51,2,29,1,0,0,13,38,0,13,49,0,36,24,12,61,1,0
21938,1000000US170314603012010,50,0,28,0,0,0,22,28,0,22,50,0,32,24,8,68,0,0
21939,1000000US170314603012011,63,1,57,2,0,0,5,58,0,5,62,2,27,25,2,80,0,0
21940,1000000US170314603012012,41,4,31,0,0,0,6,35,0,6,37,0,27,20,7,57,0,0
21941,1000000US170314603012013,50,6,43,1,0,0,1,49,0,1,44,1,34,23,11,69,1,0
21942,1000000US170314603012014,48,3,43,0,0,0,2,46,0,2,45,0,21,20,1,56,0,0
21943,1000000US170314603012015,41,0,41,0,0,0,1,40,0,1,41,0,33,23,10,55,0,1
21944,1000000US170314603012016,11,0,5,0,0,0,6,5,0,6,11,0,4,3,1,13,0,0
21945,1000000US170314603012017,13,0,13,0,0,0,0,13,0,0,13,0,5,5,0,18,0,0
21946,1000000US170314603012018,26,0,17,0,0,0,10,16,0,10,26,0,15,12,3,46,0,1
21947,1000000US170314603012019,4,0,4,0,0,0,0,4,0,0,4,0,4,1,3,6,0,0
21948,1000000US170314603013000,20,0,10,0,1,0,9,11,0,9,20,0,15,10,5,25,0,0
21949,1000000US170314603013001,73,5,33,1,3,2,30,43,0,30,68,7,49,35,14,128,1,0
21950,1000000US170314603013002,66,1,59,0,0,0,6,60,0,6,65,3,37,25,12,106,0,0
21951,1000000US170314603013003,33,2,31,0,0,0,0,33,0,0,31,1,33,19,14,54,0,0
21952,1000000US170314603013004,50,0,29,0,1,0,20,30,0,20,50,0,34,25,9,84,0,0
21953,1000000US170314603013005,51,2,30,0,1,0,18,33,0,18,49,1,27,24,3,78,0,0
21954,1000000US170314603013006,56,3,47,1,0,0,6,50,0,6,53,0,25,21,4,81,1,0
21955,1000000US170314603013007,63,2,38,0,1,0,24,39,0,24,61,4,31,28,3,113,0,1
21956,1000000US170314603013008,58,3,51,1,0,0,3,55,0,3,55,0,35,32,3,82,1,0
21957,1000000US170314603013009,56,1,33,0,0,0,22,34,0,22,55,1,40,31,9,80,0,0
21958,1000000US170314603013010,47,4,33,0,0,0,10,37,0,10,43,0,32,26,6,58,0,0
21959,1000000US170314603013011,19,0,17,0,2,0,0,19,0,0,19,0,6,6,0,20,0,0
21960,1000000US170314603013012,50,0,47,3,1,1,6,44,0,6,50,2,25,20,5,61,3,3
21961,1000000US170314603013013,44,2,40,0,0,0,2,42,0,2,42,0,30,23,7,69,0,0
21962,1000000US170314603013014,30,0,10,0,0,0,20,10,0,20,30,2,15,12,3,38,0,0
21963,1000000US170314603013015,8,0,1,0,0,0,7,1,0,7,8,0,5,4,1,9,0,0
21964,1000000US170314603013016,6,0,6,0,0,0,0,6,0,0,6,0,5,2,3,13,0,0
21965,1000000US170314603021000,52,2,50,1,0,0,1,51,0,1,50,1,24,24,0,68,1,1
21966,1000000US170314603021001,44,0,44,0,0,0,0,44,0,0,44,0,49,30,19,66,0,0
21967,1000000US170314603021002,45,0,43,0,0,0,2,43,0,2,45,0,37,18,19,65,0,0
21968,1000000US170314603021003,3,0,3,0,0,0,0,3,0,0,3,0,1,1,0,4,0,0
21969,1000000US170314603021004,8,0,8,0,0,0,0,8,0,0,8,0,4,3,1,9,0,0
21970,1000000US170314603021005,0,0,0,0,0,0,0,0,0,0,0,0,3,0,3,0,0,0
21971,1000000US170314603021006,0,0,0,0,0,0,0,0,0,0,0,0,0,0,0,0,0,0
21972,1000000US170314603021007,0,0,0,0,0,0,0,0,0,0,0,0,0,0,0,0,0,0
21973,1000000US170314603021008,0,0,0,0,0,0,0,0,0,0,0,0,0,0,0,0,0,0
21974,1000000US170314603021009,4,0,4,0,0,0,0,4,0,0,4,0,2,2,0,10,0,0
21975,1000000US170314603021010,48,0,48,0,0,1,0,48,0,0,48,1,88,23,65,98,0,0
21976,1000000US170314603021011,38,0,38,0,0,0,0,38,0,0,38,0,21,19,2,50,0,0
21977,1000000US170314603021012,38,0,38,0,0,0,0,38,0,0,38,0,38,17,21,50,0,0
21978,1000000US170314603021013,50,0,48,0,0,0,2,48,0,2,50,0,22,19,3,61,0,0
21979,1000000US170314603021014,66,0,66,0,0,0,0,66,0,0,66,0,36,33,3,97,0,0
21980,1000000US170314603021015,33,0,33,0,0,0,1,32,0,1,33,0,16,15,1,53,0,1
21981,1000000US170314603021016,49,0,49,5,0,0,0,49,0,0,49,5,23,19,4,60,5,0
21982,1000000US170314603022000,51,0,51,0,0,0,0,51,0,0,51,0,29,24,5,80,0,0
21983,1000000US170314603022001,67,1,60,0,0,0,6,61,0,6,66,0,41,38,3,89,0,0
21984,1000000US170314603022002,44,0,44,0,1,0,0,44,0,0,44,1,26,22,4,83,0,0
21985,1000000US170314603022003,47,0,47,0,0,0,0,47,0,0,47,0,27,24,3,72,0,0
21986,1000000US170314603022004,61,0,58,0,0,0,4,57,0,4,61,1,33,29,4,91,0,1
21987,1000000US170314603022005,100,1,90,0,1,0,10,90,0,10,99,1,63,56,7,156,0,1
21988,1000000US170314603022006,47,1,46,0,0,0,0,47,0,0,46,0,23,21,2,62,0,0
21989,1000000US170314603022007,33,0,33,0,0,1,0,33,0,0,33,1,26,17,9,58,0,0
21990,1000000US170314603022008,53,0,53,0,0,0,0,53,0,0,53,0,22,20,2,64,0,0
21991,1000000US170314603022009,53,1,52,0,0,0,0,53,0,0,52,0,31,26,5,83,0,0
21992,1000000US170314603022010,33,0,33,0,0,0,0,33,0,0,33,0,25,15,10,42,0,0
21993,1000000US170314603022011,66,0,64,0,0,0,2,64,0,2,66,0,47,36,11,95,0,0
21994,1000000US170314603023000,80,7,49,0,0,0,25,55,0,25,73,2,43,38,5,113,0,1
21995,1000000US170314603023001,55,7,23,0,0,0,27,28,0,27,48,2,34,27,7,82,0,2
21996,1000000US170314603023002,28,4,17,0,0,0,7,21,0,7,24,0,16,16,0,35,0,0
21997,1000000US170314603023003,44,5,34,0,0,0,8,36,0,8,39,3,30,21,9,62,0,3
21998,1000000US170314603023004,44,3,35,2,3,0,3,41,0,3,41,5,25,21,4,56,0,0
21999,1000000US170314603023005,41,2,37,0,0,0,3,38,0,3,39,0,28,21,7,54,0,1
22000,1000000US170314603023006,26,0,26,0,0,0,0,26,0,0,26,0,18,10,8,28,0,0
22001,1000000US170314603023007,51,0,49,2,0,0,2,49,0,2,51,2,23,17,6,71,2,0
22002,1000000US170314603023008,37,0,34,3,0,0,3,34,0,3,37,4,16,15,1,45,1,0
22003,1000000US170314603023009,10,0,10,0,0,0,0,10,0,0,10,0,7,4,3,10,0,0
22004,1000000US170314603023010,44,2,24,0,0,0,18,26,0,18,42,0,30,23,7,82,0,0
22005,1000000US170314603023011,29,0,28,0,0,0,1,28,0,1,29,0,19,15,4,46,0,0
22006,1000000US170314603023012,38,4,34,0,0,0,0,38,0,0,34,0,20,15,5,43,0,0
22007,1000000US170314603023013,28,0,28,0,0,0,0,28,0,0,28,0,18,13,5,37,0,0
22008,1000000US170314603023014,19,0,9,0,0,0,12,7,0,12,19,0,11,8,3,23,0,2
22009,1000000US170314603023015,7,0,4,0,0,0,3,4,0,3,7,0,4,4,0,15,0,0
22010,1000000US170314603024000,27,0,25,0,0,0,0,27,0,0,27,0,32,18,14,30,0,0
22011,1000000US170314603024001,31,0,31,0,0,0,0,31,0,0,31,0,31,12,19,47,0,0
22012,1000000US170314603024002,59,0,59,1,0,0,1,58,0,1,59,1,41,27,14,87,0,1
22013,1000000US170314603024003,49,0,49,0,0,0,0,49,0,0,49,0,19,15,4,78,0,0
22014,1000000US170314603024004,32,0,32,0,0,0,0,32,0,0,32,0,19,15,4,45,0,0
22015,1000000US170314603024005,53,0,52,0,0,0,1,52,0,1,53,0,24,22,2,64,0,0
22016,1000000US170314603024006,43,0,42,1,0,0,2,41,0,2,43,0,29,22,7,59,1,2
22017,1000000US170314603024007,23,0,23,0,0,0,0,23,0,0,23,0,11,10,1,36,0,0
22018,1000000US170314603024008,8,0,8,0,0,0,0,8,0,0,8,0,5,5,0,8,0,0
22019,1000000US170314603024009,10,0,10,0,0,0,2,8,0,2,10,0,6,5,1,14,0,2
22020,1000000US170314603024010,4,0,4,0,0,0,0,4,0,0,4,0,3,3,0,6,0,0
22021,1000000US170314603024011,20,0,20,0,0,0,0,20,0,0,20,0,9,9,0,40,0,0
22022,1000000US170314603024012,16,0,16,0,0,0,0,16,0,0,16,0,10,9,1,25,0,0
22023,1000000US170314603024013,30,0,24,0,0,0,6,24,0,6,30,0,15,12,3,43,0,0
22024,1000000US170314603024014,3,0,3,0,0,0,0,3,0,0,3,0,3,1,2,3,0,0
22025,1000000US170314603024015,0,0,0,0,0,0,0,0,0,0,0,0,3,0,3,0,0,0
22026,1000000US170314603024016,20,0,18,0,0,0,2,18,0,2,20,0,13,9,4,24,0,0
22027,1000000US170314603024017,57,0,49,0,0,0,8,49,0,8,57,0,32,26,6,92,0,0
22028,1000000US170314603024018,10,0,0,0,0,0,10,0,0,10,10,0,2,2,0,10,0,0
22029,1000000US170314603024019,14,0,13,1,0,0,0,14,0,0,14,0,12,9,3,25,1,0
22030,1000000US170314603024020,33,0,33,0,0,0,0,33,0,0,33,0,12,10,2,38,0,0
22031,1000000US170314603024021,21,0,21,2,0,0,0,21,0,0,21,2,18,16,2,33,2,0
22032,1000000US170314603024022,41,0,41,0,0,0,0,41,0,0,41,0,17,15,2,57,0,0
22033,1000000US170314603024023,35,0,32,0,0,0,3,32,0,3,35,0,22,13,9,61,0,0
22034,1000000US170314603024024,50,0,48,0,0,0,2,48,0,2,50,0,25,22,3,69,0,0
22035,1000000US170314603024025,26,1,25,0,0,0,0,26,0,0,25,0,14,12,2,39,0,0
22036,1000000US170314603024026,52,2,50,1,1,0,0,52,0,0,50,2,39,33,6,60,1,0
22037,1000000US170314603024027,94,0,93,0,0,0,3,91,0,3,94,1,64,56,8,124,0,2
22038,1000000US170314603024028,30,0,29,3,0,0,0,30,0,0,30,2,19,15,4,42,3,0
22039,1000000US170314603024029,27,1,26,0,0,0,0,27,0,0,26,0,18,13,5,57,0,0
22040,1000000US170314603024030,1,0,1,0,0,0,0,1,0,0,1,0,1,1,0,6,0,0
22041,1000000US170314603024031,11,0,8,0,0,0,0,11,0,0,11,0,8,5,3,13,0,0
22042,1000000US170314604001000,26,1,25,1,1,0,0,26,0,0,25,3,25,22,3,33,1,0
22043,1000000US170314604001001,4,0,4,0,0,0,0,4,0,0,4,0,5,1,4,4,0,0
22044,1000000US170314604001002,41,2,38,0,0,0,1,40,0,1,39,1,31,30,1,49,0,0
22045,1000000US170314604001003,58,0,58,2,0,0,0,58,0,0,58,2,34,32,2,69,0,0
22046,1000000US170314604001004,0,0,0,0,0,0,0,0,0,0,0,0,0,0,0,0,0,0
22047,1000000US170314604001005,127,0,125,3,1,0,3,124,0,3,127,4,76,66,10,174,2,2
22048,1000000US170314604001006,101,2,98,1,0,0,0,101,0,0,99,0,63,49,14,122,1,0
22049,1000000US170314604001007,124,0,117,1,0,0,2,122,0,2,124,0,85,64,21,187,1,0
22050,1000000US170314604001008,88,0,88,0,0,0,1,87,0,1,88,0,43,39,4,108,0,1
22051,1000000US170314604001009,82,0,82,2,0,0,0,82,0,0,82,2,44,37,7,101,2,0
22052,1000000US170314604001010,6,0,6,0,0,0,0,6,0,0,6,0,4,4,0,7,0,0
22053,1000000US170314604001011,16,0,16,0,0,0,0,16,0,0,16,0,10,8,2,17,0,0
22054,1000000US170314604001012,22,0,22,0,0,0,0,22,0,0,22,0,15,12,3,36,0,0
22055,1000000US170314604001013,75,1,74,0,0,0,0,75,0,0,74,1,36,34,2,93,0,0
22056,1000000US170314604001014,40,0,40,1,0,0,0,40,0,0,40,1,68,28,40,50,0,0
22057,1000000US170314604001015,69,0,69,0,0,0,0,69,0,0,69,1,48,42,6,89,0,0
22058,1000000US170314604001016,81,1,77,0,0,0,1,80,0,1,80,0,55,45,10,108,0,0
22059,1000000US170314604002000,49,1,48,0,0,0,4,45,0,4,48,0,21,18,3,57,0,4
22060,1000000US170314604002001,53,0,53,0,0,0,0,53,0,0,53,1,36,30,6,71,0,0
22061,1000000US170314604002002,57,1,55,0,0,0,1,56,0,1,56,0,50,35,15,84,0,0
22062,1000000US170314604002003,40,0,39,0,0,0,2,38,0,2,40,0,17,17,0,55,0,1
22063,1000000US170314604002004,92,0,92,0,1,0,2,90,0,2,92,1,67,58,9,128,0,2
22064,1000000US170314604002005,25,0,24,2,0,0,0,25,0,0,25,1,13,13,0,33,2,0
22065,1000000US170314604002006,28,0,28,0,0,0,1,27,0,1,28,0,13,13,0,32,0,1
22066,1000000US170314604002007,25,0,25,2,0,0,0,25,0,0,25,2,15,14,1,28,1,0
22067,1000000US170314604002008,0,0,0,0,0,0,0,0,0,0,0,0,0,0,0,0,0,0
22068,1000000US170314604002009,35,0,35,0,0,0,1,34,0,1,35,0,17,15,2,39,0,1
22069,1000000US170314604002010,34,0,34,0,0,0,0,34,0,0,34,0,18,17,1,40,0,0
22070,1000000US170314604002011,43,0,41,0,0,0,9,34,0,9,43,0,27,24,3,52,0,7
22071,1000000US170314604002012,37,2,35,0,0,0,0,37,0,0,35,0,14,14,0,43,0,0
22072,1000000US170314604002013,7,0,6,1,0,0,0,7,0,0,7,0,3,3,0,9,1,0
22073,1000000US170314604002014,23,0,22,0,0,0,4,19,0,4,23,0,8,8,0,29,0,3
22074,1000000US170314604003000,51,0,51,0,0,0,0,51,0,0,51,0,30,23,7,80,0,0
22075,1000000US170314604003001,69,0,69,0,0,0,0,69,0,0,69,0,34,29,5,87,0,0
22076,1000000US170314604003002,2,0,2,0,0,0,0,2,0,0,2,0,1,1,0,3,0,0
22077,1000000US170314604003003,34,0,32,0,0,0,2,32,0,2,34,0,25,14,11,51,0,0
22078,1000000US170314604003004,47,0,47,2,0,0,0,47,0,0,47,2,23,18,5,61,2,0
22079,1000000US170314604003005,43,0,38,1,0,0,5,38,0,5,43,0,25,19,6,58,1,0
22080,1000000US170314604003006,59,0,59,0,1,0,0,59,0,0,59,1,27,25,2,81,0,0
22081,1000000US170314604003007,26,0,26,0,0,0,0,26,0,0,26,0,12,12,0,30,0,0
22082,1000000US170314604003008,36,1,35,2,0,0,0,36,0,0,35,2,22,20,2,46,0,0
22083,1000000US170314604003009,30,0,30,0,0,0,0,30,0,0,30,0,18,17,1,44,0,0
22084,1000000US170314604003010,42,1,41,2,0,0,0,42,0,0,41,2,18,18,0,59,2,0
22085,1000000US170314604003011,45,1,43,0,0,0,1,44,0,1,44,0,19,19,0,57,0,0
22086,1000000US170314604003012,0,0,0,0,0,0,0,0,0,0,0,0,0,0,0,0,0,0
22087,1000000US170314604003013,52,2,50,1,0,0,0,52,0,0,50,1,26,24,2,68,0,0
22088,1000000US170314604003014,45,2,43,0,0,0,0,45,0,0,43,0,24,21,3,56,0,0
22089,1000000US170314604003015,43,1,42,0,0,0,1,42,0,1,42,1,26,20,6,59,0,1
22090,1000000US170314604004000,57,2,47,0,0,0,8,49,0,8,55,1,32,27,5,76,0,0
22091,1000000US170314604004001,36,1,35,0,0,0,0,36,0,0,35,0,24,20,4,50,0,0
22092,1000000US170314604004002,65,4,61,0,0,0,0,65,0,0,61,0,33,27,6,109,0,0
22093,1000000US170314604004003,40,1,39,0,0,0,0,40,0,0,39,0,20,19,1,49,0,0
22094,1000000US170314604004004,28,0,27,0,2,0,0,28,0,0,28,1,18,15,3,42,0,0
22095,1000000US170314604004005,41,0,41,0,0,0,1,40,0,1,41,0,31,20,11,52,0,1
22096,1000000US170314604004006,32,0,32,0,0,0,0,32,0,0,32,0,18,13,5,35,0,0
22097,1000000US170314604004007,53,0,53,0,0,0,0,53,0,0,53,0,30,26,4,70,0,0
22098,1000000US170314604004008,37,0,37,0,0,0,0,37,0,0,37,0,19,18,1,52,0,0
22099,1000000US170314604004009,43,0,43,0,0,0,0,43,0,0,43,2,22,20,2,62,0,0
22100,1000000US170314604004010,32,1,31,0,0,0,0,32,0,0,31,0,17,13,4,42,0,0
22101,1000000US170314604004011,57,3,51,0,0,0,3,54,0,3,54,0,26,23,3,72,0,0
22102,1000000US170314604004012,41,0,39,0,0,0,2,39,0,2,41,1,23,21,2,55,0,0
22103,1000000US170314604004013,41,2,39,0,0,0,0,41,0,0,39,0,30,20,10,55,0,0
22104,1000000US170314604004014,42,0,42,0,0,0,0,42,0,0,42,0,23,17,6,51,0,0
22105,1000000US170314604004015,38,0,38,0,0,0,1,37,0,1,38,0,20,17,3,46,0,1
22106,1000000US170314605001000,61,1,56,2,0,0,1,60,0,1,60,10,25,25,0,72,2,0
22107,1000000US170314605001001,48,1,44,0,0,0,0,48,0,0,47,3,30,29,1,65,0,0
22108,1000000US170314605001002,0,0,0,0,0,0,0,0,0,0,0,0,21,0,21,0,0,0
22109,1000000US170314605001003,52,0,52,1,0,0,0,52,0,0,52,1,42,39,3,64,0,0
22110,1000000US170314605001004,44,0,44,2,0,0,0,44,0,0,44,2,21,21,0,49,2,0
22111,1000000US170314605001005,91,1,90,0,0,0,0,91,0,0,90,0,63,56,7,106,0,0
22112,1000000US170314605001006,32,0,32,0,0,0,0,32,0,0,32,0,11,11,0,35,0,0
22113,1000000US170314605001007,38,0,37,0,4,0,0,38,0,0,38,3,26,24,2,42,0,0
22114,1000000US170314605001008,27,0,27,0,0,0,0,27,0,0,27,0,17,15,2,30,0,0
22115,1000000US170314605001009,15,0,15,0,0,0,0,15,0,0,15,0,8,7,1,19,0,0
22116,1000000US170314605001010,27,0,27,0,0,0,0,27,0,0,27,0,18,12,6,39,0,0
22117,1000000US170314605001011,32,0,32,0,0,0,0,32,0,0,32,0,13,12,1,35,0,0
22118,1000000US170314605001012,42,0,42,0,0,0,0,42,0,0,42,0,24,21,3,52,0,0
22119,1000000US170314605001013,52,1,51,0,0,1,1,51,0,1,51,1,43,30,13,61,0,1
22120,1000000US170314605001014,14,0,14,0,0,0,0,14,0,0,14,0,6,5,1,18,0,0
22121,1000000US170314605001015,26,0,26,0,0,0,1,25,0,1,26,0,16,15,1,31,0,1
22122,1000000US170314605001016,36,0,36,0,0,0,0,36,0,0,36,0,24,22,2,46,0,0
22123,1000000US170314605001017,0,0,0,0,0,0,0,0,0,0,0,0,0,0,0,0,0,0
22124,1000000US170314605002000,29,1,28,0,0,0,0,29,0,0,28,1,17,15,2,38,0,0
22125,1000000US170314605002001,38,0,38,0,0,0,0,38,0,0,38,0,18,18,0,46,0,0
22126,1000000US170314605002002,48,2,42,4,0,0,0,48,0,0,46,0,17,16,1,67,4,0
22127,1000000US170314605002003,42,0,39,0,3,0,0,42,0,0,42,0,27,25,2,61,0,0
22128,1000000US170314605002004,63,0,51,0,12,0,0,63,0,0,63,0,35,35,0,75,0,0
22129,1000000US170314605002005,49,0,49,0,0,0,0,49,0,0,49,0,27,27,0,66,0,0
22130,1000000US170314605002006,31,0,31,0,0,0,0,31,0,0,31,0,15,15,0,44,0,0
22131,1000000US170314605002007,29,0,29,0,0,0,4,25,0,4,29,0,15,14,1,41,0,4
22132,1000000US170314605002008,27,0,27,0,0,0,0,27,0,0,27,0,12,12,0,30,0,0
22133,1000000US170314605002009,40,1,39,0,1,0,1,39,0,1,39,1,23,22,1,54,0,1
22134,1000000US170314605002010,18,1,17,0,0,0,0,18,0,0,17,0,11,11,0,19,0,0
22135,1000000US170314605002011,19,0,18,0,0,0,1,18,0,1,19,0,11,11,0,25,0,0
22136,1000000US170314605002012,25,0,25,0,0,0,0,25,0,0,25,0,14,13,1,26,0,0
22137,1000000US170314605002013,20,0,20,0,0,0,1,19,0,1,20,0,11,11,0,27,0,1
22138,1000000US170314605002014,22,0,22,0,0,0,0,22,0,0,22,0,12,11,1,25,0,0
22139,1000000US170314605002015,22,0,22,0,0,0,0,22,0,0,22,0,13,12,1,25,0,0
22140,1000000US170314605002016,11,0,11,0,0,0,0,11,0,0,11,0,6,5,1,11,0,0
22141,1000000US170314605002017,4,0,4,0,0,0,0,4,0,0,4,0,2,2,0,4,0,0
22142,1000000US170314605002018,5,0,5,0,0,0,0,5,0,0,5,0,3,3,0,5,0,0
22143,1000000US170314605002019,7,0,7,0,0,0,0,7,0,0,7,0,3,3,0,7,0,0
22144,1000000US170314605002020,11,0,11,0,0,0,0,11,0,0,11,0,6,6,0,13,0,0
22145,1000000US170314605003000,44,0,44,0,0,0,0,44,0,0,44,0,19,19,0,63,0,0
22146,1000000US170314605003001,10,0,10,0,0,0,0,10,0,0,10,0,4,4,0,10,0,0
22147,1000000US170314605003002,15,0,15,0,0,0,0,15,0,0,15,0,6,6,0,19,0,0
22148,1000000US170314605003003,0,0,0,0,0,0,0,0,0,0,0,0,0,0,0,0,0,0
22149,1000000US170314605003004,44,0,44,3,0,0,2,42,0,2,44,5,20,20,0,56,3,2
22150,1000000US170314605003005,42,0,42,0,0,0,0,42,0,0,42,0,20,17,3,53,0,0
22151,1000000US170314605003006,27,0,27,0,0,0,0,27,0,0,27,0,15,15,0,34,0,0
22152,1000000US170314605003007,30,0,30,0,0,0,0,30,0,0,30,0,17,13,4,37,0,0
22153,1000000US170314605003008,34,0,34,1,0,0,1,33,0,1,34,1,19,18,1,44,0,1
22154,1000000US170314605003009,35,0,35,3,0,0,0,35,0,0,35,3,19,18,1,46,0,0
22155,1000000US170314605003010,48,2,46,0,0,0,0,48,0,0,46,0,21,20,1,59,0,0
22156,1000000US170314605003011,6,0,6,0,0,0,0,6,0,0,6,0,3,3,0,7,0,0
22157,1000000US170314605003012,30,0,30,0,0,0,0,30,0,0,30,0,18,16,2,41,0,0
22158,1000000US170314605003013,41,0,41,0,0,0,0,41,0,0,41,0,21,20,1,50,0,0
22159,1000000US170314605003014,48,0,48,0,0,0,0,48,0,0,48,1,24,21,3,64,0,0
22160,1000000US170314605003015,47,1,46,0,0,0,0,47,0,0,46,0,21,21,0,55,0,0
22161,1000000US170314605003016,45,0,45,0,0,0,0,45,0,0,45,0,22,22,0,64,0,0
22162,1000000US170314605003017,26,0,26,0,0,0,0,26,0,0,26,0,18,17,1,32,0,0
22163,1000000US170314605003018,54,0,54,0,0,0,0,54,0,0,54,2,24,22,2,69,0,0
22164,1000000US170314605003019,36,0,36,0,0,0,0,36,0,0,36,0,24,17,7,43,0,0
22165,1000000US170314605003020,0,0,0,0,0,0,0,0,0,0,0,0,0,0,0,0,0,0
22166,1000000US170314605003021,14,1,13,0,0,0,0,14,0,0,13,0,20,8,12,19,0,0
22167,1000000US170314605003022,24,0,24,0,0,0,0,24,0,0,24,0,18,12,6,32,0,0
22168,1000000US170314605003023,29,0,29,0,0,0,1,28,0,1,29,0,18,15,3,39,0,1
22169,1000000US170314605003024,72,2,70,0,0,0,0,72,0,0,70,0,32,29,3,97,0,0
22170,1000000US170314605003025,69,0,69,0,0,0,0,69,0,0,69,0,36,36,0,75,0,0
22171,1000000US170314605003026,0,0,0,0,0,0,0,0,0,0,0,0,0,0,0,0,0,0
22172,1000000US170314605003027,0,0,0,0,0,0,0,0,0,0,0,0,0,0,0,0,0,0
22173,1000000US170314605004000,38,0,33,0,0,0,5,33,0,5,38,0,20,20,0,54,0,0
22174,1000000US170314605004001,41,1,39,0,0,0,0,41,0,0,40,0,31,27,4,51,0,0
22175,1000000US170314605004002,23,0,23,0,0,0,1,22,0,1,23,0,16,15,1,26,0,1
22176,1000000US170314605004003,39,0,38,1,0,0,0,39,0,0,39,0,30,21,9,50,1,0
22177,1000000US170314605004004,40,0,39,1,1,0,0,40,0,0,40,1,26,22,4,60,1,0
22178,1000000US170314605004005,28,1,27,0,0,0,0,28,0,0,27,0,17,17,0,31,0,0
22179,1000000US170314605004006,26,0,26,0,0,0,0,26,0,0,26,0,20,16,4,35,0,0
22180,1000000US170314605004007,42,0,42,0,0,0,0,42,0,0,42,0,27,26,1,48,0,0
22181,1000000US170314605004008,0,0,0,0,0,0,0,0,0,0,0,0,0,0,0,0,0,0
22182,1000000US170314605004009,7,0,7,0,0,0,0,7,0,0,7,0,7,5,2,7,0,0
22183,1000000US170314605004010,9,0,9,0,0,0,0,9,0,0,9,0,4,4,0,15,0,0
22184,1000000US170314605004011,0,0,0,0,0,0,0,0,0,0,0,0,0,0,0,0,0,0
22185,1000000US170314605004012,6,0,6,0,0,0,0,6,0,0,6,0,2,2,0,6,0,0
22186,1000000US170314605004013,12,0,12,0,0,0,0,12,0,0,12,0,7,6,1,14,0,0
22187,1000000US170314605004014,5,0,5,0,0,0,0,5,0,0,5,0,4,4,0,5,0,0
22188,1000000US170314605004015,8,0,8,0,0,0,0,8,0,0,8,0,4,3,1,11,0,0
22189,1000000US170314605004016,0,0,0,0,0,0,0,0,0,0,0,0,0,0,0,0,0,0
22190,1000000US170314605004017,7,0,7,0,0,0,1,6,0,1,7,0,2,2,0,10,0,1
22191,1000000US170314605004018,34,2,32,0,2,2,1,33,0,1,32,3,16,16,0,44,0,1
22192,1000000US170314605004019,46,0,46,0,0,0,0,46,0,0,46,0,21,18,3,60,0,0
22193,1000000US170314605004020,23,0,23,0,0,0,1,22,0,1,23,2,13,12,1,45,0,1
22194,1000000US170314605004021,22,0,22,0,0,0,0,22,0,0,22,0,9,9,0,28,0,0
22195,1000000US170314605004022,2,2,0,0,0,0,0,2,0,0,0,0,2,1,1,2,0,0
22196,1000000US170314605004023,0,0,0,0,0,0,0,0,0,0,0,0,0,0,0,0,0,0
22197,1000000US170314605005000,41,0,41,0,1,0,0,41,0,0,41,1,22,20,2,44,0,0
22198,1000000US170314605005001,41,0,41,0,0,0,0,41,0,0,41,0,28,23,5,48,0,0
22199,1000000US170314605005002,38,1,37,0,0,0,0,38,0,0,37,0,19,17,2,51,0,0
22200,1000000US170314605005003,50,0,50,0,0,0,0,50,0,0,50,1,30,30,0,56,0,0
22201,1000000US170314605005004,49,0,49,0,0,0,1,48,0,1,49,0,33,31,2,63,0,1
22202,1000000US170314605005005,50,0,49,1,0,0,0,50,0,0,50,0,30,26,4,62,1,0
22203,1000000US170314605005006,41,0,41,1,1,0,0,41,0,0,41,2,25,22,3,64,1,0
22204,1000000US170314605005007,61,0,61,0,0,0,0,61,0,0,61,0,24,24,0,75,0,0
22205,1000000US170314605005008,37,0,37,0,0,0,0,37,0,0,37,0,19,18,1,43,0,0
22206,1000000US170314605005009,33,1,31,1,0,0,1,32,0,1,32,1,17,14,3,44,1,0
22207,1000000US170314605005010,31,0,31,0,0,0,0,31,0,0,31,0,17,14,3,44,0,0
22208,1000000US170314605005011,32,0,31,1,0,0,0,32,0,0,32,0,18,14,4,48,1,0
22209,1000000US170314605005012,33,1,32,0,0,0,0,33,0,0,32,0,15,15,0,47,0,0
22210,1000000US170314605005013,20,0,20,0,0,0,0,20,0,0,20,0,9,9,0,31,0,0
22211,1000000US170314605005014,0,0,0,0,0,0,0,0,0,0,0,0,0,0,0,0,0,0
22212,1000000US170314605005015,46,0,46,0,0,0,0,46,0,0,46,0,33,31,2,49,0,0
22213,1000000US170314605005016,4,0,4,0,0,0,0,4,0,0,4,0,4,3,1,8,0,0
22214,1000000US170314605005017,0,0,0,0,0,0,0,0,0,0,0,0,0,0,0,0,0,0
22215,1000000US170314605006000,92,3,89,0,0,0,1,91,0,1,89,0,72,66,6,105,0,1
22216,1000000US170314605006001,58,2,56,0,0,0,0,58,0,0,56,0,51,40,11,70,0,0
22217,1000000US170314605006002,44,0,38,0,0,0,6,38,0,6,44,3,17,16,1,50,0,0
22218,1000000US170314605006003,40,0,40,1,0,0,0,40,0,0,40,1,17,17,0,50,0,0
22219,1000000US170314605006004,34,0,34,0,0,0,0,34,0,0,34,1,23,22,1,41,0,0
22220,1000000US170314605006005,51,2,48,0,0,0,1,50,0,1,49,1,28,27,1,64,0,0
22221,1000000US170314605006006,0,0,0,0,0,0,0,0,0,0,0,0,0,0,0,0,0,0
22222,1000000US170314605006007,42,0,41,1,0,0,0,42,0,0,42,0,28,21,7,60,1,0
22223,1000000US170314605006008,35,0,34,0,0,0,1,34,0,1,35,0,16,15,1,47,0,0
22224,1000000US170314605006009,42,0,41,1,0,0,0,42,0,0,42,0,18,18,0,55,1,0
22225,1000000US170314605006010,28,0,28,0,0,0,0,28,0,0,28,0,18,16,2,36,0,0
22226,1000000US170314605006011,31,0,31,0,0,0,0,31,0,0,31,0,17,16,1,40,0,0
22227,1000000US170314605006012,33,1,32,0,0,0,0,33,0,0,32,0,16,15,1,53,0,0
22228,1000000US170314605006013,29,0,28,0,1,4,0,29,0,0,29,3,11,11,0,51,0,0
22229,1000000US170314605006014,24,1,23,0,0,0,0,24,0,0,23,0,10,9,1,26,0,0
22230,1000000US170314605007000,17,0,17,0,0,0,0,17,0,0,17,0,23,11,12,25,0,0
22231,1000000US170314605007001,34,0,34,0,0,0,2,32,0,2,34,0,18,15,3,52,0,2
22232,1000000US170314605007002,0,0,0,0,0,0,0,0,0,0,0,0,0,0,0,0,0,0
22233,1000000US170314605007003,5,0,5,0,0,0,0,5,0,0,5,0,2,2,0,5,0,0
22234,1000000US170314605007004,0,0,0,0,0,0,0,0,0,0,0,0,0,0,0,0,0,0
22235,1000000US170314605007005,14,1,13,0,0,0,0,14,0,0,13,0,15,11,4,15,0,0
22236,1000000US170314605007006,12,0,12,3,0,0,0,12,0,0,12,3,9,6,3,12,1,0
22237,1000000US170314605007007,0,0,0,0,0,0,0,0,0,0,0,0,0,0,0,0,0,0
22238,1000000US170314605007008,35,0,35,0,0,0,0,35,0,0,35,0,26,25,1,42,0,0
22239,1000000US170314605007009,8,0,8,0,0,0,0,8,0,0,8,0,16,5,11,9,0,0
22240,1000000US170314605007010,22,0,22,0,0,0,0,22,0,0,22,0,8,8,0,29,0,0
22241,1000000US170314605007011,3,0,3,0,0,0,0,3,0,0,3,0,2,2,0,3,0,0
22242,1000000US170314605007012,75,0,74,2,1,0,1,74,0,1,75,2,71,71,0,76,2,1
22243,1000000US170314605007013,14,0,14,0,0,0,0,14,0,0,14,0,10,9,1,21,0,0
22244,1000000US170314605007014,38,1,37,0,0,0,0,38,0,0,37,2,19,19,0,59,0,0
22245,1000000US170314605007015,37,2,35,0,0,0,1,36,0,1,35,0,16,14,2,45,0,1
22246,1000000US170314605007016,23,0,23,0,0,0,0,23,0,0,23,0,11,11,0,26,0,0
22247,1000000US170314605007017,28,0,28,0,0,0,0,28,0,0,28,1,12,12,0,31,0,0
22248,1000000US170314605007018,44,0,37,5,0,0,4,40,0,4,44,3,17,16,1,52,5,0
22249,1000000US170314605007019,31,0,31,0,0,0,0,31,0,0,31,0,13,13,0,39,0,0
22250,1000000US170314605007020,24,0,24,0,0,0,0,24,0,0,24,0,13,12,1,33,0,0
22251,1000000US170314605007021,34,0,34,0,0,0,0,34,0,0,34,0,12,12,0,46,0,0
22252,1000000US170314605007022,31,0,31,0,0,0,0,31,0,0,31,0,15,14,1,43,0,0
22253,1000000US170314605007023,34,0,34,0,0,0,0,34,0,0,34,0,28,23,5,41,0,0
22254,1000000US170314605007024,28,0,28,0,0,0,0,28,0,0,28,0,19,17,2,38,0,0
22255,1000000US170314605007025,48,0,46,0,1,1,0,48,0,0,48,0,21,20,1,65,0,0
22256,1000000US170314605007026,41,1,40,0,0,0,2,39,0,2,40,0,23,23,0,53,0,2
22257,1000000US170314605007027,45,0,40,1,0,2,3,42,0,3,45,3,48,27,21,61,1,0
22258,1000000US170314605007028,18,0,18,0,0,0,0,18,0,0,18,0,11,8,3,24,0,0
22259,1000000US170314605007029,47,0,47,0,1,0,1,46,0,1,47,2,32,21,11,70,0,1
22260,1000000US170314605007030,54,0,52,0,0,0,2,52,0,2,54,1,29,27,2,66,0,2
22261,1000000US170314606001000,77,0,55,0,0,0,22,55,0,22,77,0,36,33,3,106,0,0
22262,1000000US170314606001001,85,3,59,0,2,0,22,63,0,22,82,0,40,37,3,113,0,1
22263,1000000US170314606001002,59,0,44,0,0,0,15,44,0,15,59,0,51,28,23,80,0,0
22264,1000000US170314606001003,56,1,31,0,0,0,24,32,0,24,55,0,35,25,10,101,0,0
22265,1000000US170314606001004,50,0,23,0,0,0,27,23,0,27,50,0,33,24,9,81,0,0
22266,1000000US170314606001005,55,1,37,0,0,0,14,41,0,14,54,0,34,25,9,87,0,0
22267,1000000US170314606001006,69,3,56,0,0,0,10,59,0,10,66,0,34,29,5,94,0,0
22268,1000000US170314606001007,50,4,31,0,0,0,15,35,0,15,46,0,32,24,8,55,0,0
22269,1000000US170314606001008,5,0,4,1,0,0,0,5,0,0,5,1,2,2,0,13,0,0
22270,1000000US170314606001009,37,0,37,0,2,0,1,36,0,1,37,2,21,21,0,51,0,1
22271,1000000US170314606001010,39,0,39,0,0,0,0,39,0,0,39,0,18,17,1,58,0,0
22272,1000000US170314606001011,32,0,32,0,0,0,0,32,0,0,32,0,12,12,0,48,0,0
22273,1000000US170314606001012,0,0,0,0,0,0,0,0,0,0,0,0,0,0,0,0,0,0
22274,1000000US170314606001013,46,1,38,0,0,0,7,39,0,7,45,0,19,18,1,65,0,0
22275,1000000US170314606001014,44,3,31,0,0,0,10,34,0,10,41,0,34,22,12,69,0,0
22276,1000000US170314606001015,63,0,48,3,0,0,15,48,0,15,63,0,28,25,3,100,3,0
22277,1000000US170314606001016,0,0,0,0,0,0,0,0,0,0,0,0,0,0,0,0,0,0
22278,1000000US170314606001017,0,0,0,0,0,0,0,0,0,0,0,0,0,0,0,0,0,0
22279,1000000US170314606001018,9,0,8,0,0,0,1,8,0,1,9,0,9,4,5,12,0,0
22280,1000000US170314606001019,0,0,0,0,0,0,0,0,0,0,0,0,0,0,0,0,0,0
22281,1000000US170314606001020,37,0,35,0,0,0,2,35,0,2,37,0,22,21,1,40,0,0
22282,1000000US170314606001021,7,0,4,0,0,0,3,4,0,3,7,0,4,4,0,10,0,0
22283,1000000US170314607001000,9,0,8,0,0,0,1,8,0,1,9,0,11,4,7,18,0,0
22284,1000000US170314607001001,32,1,12,0,0,0,19,13,0,19,31,0,22,16,6,58,0,0
22285,1000000US170314607001002,70,3,15,0,0,0,52,18,0,52,67,1,42,36,6,107,0,0
22286,1000000US170314607001003,22,1,6,1,0,0,15,7,0,15,21,4,25,9,16,32,1,0
22287,1000000US170314607001004,466,5,434,0,0,0,32,434,0,32,461,8,300,289,11,929,0,6
22288,1000000US170314607001005,0,0,0,0,0,0,0,0,0,0,0,0,0,0,0,0,0,0
22289,1000000US170314607001006,0,0,0,0,0,0,0,0,0,0,0,0,0,0,0,0,0,0
22290,1000000US170314607001007,29,0,7,4,0,0,22,7,0,22,29,1,18,13,5,38,3,0
22291,1000000US170314607001008,27,0,3,0,0,0,24,3,0,24,27,1,12,9,3,33,0,0
22292,1000000US170314607001009,25,0,12,0,0,0,14,11,0,14,25,0,16,12,4,49,0,1
22293,1000000US170314607001010,19,1,0,0,0,0,18,1,0,18,18,0,7,6,1,31,0,0
22294,1000000US170314607001011,4,0,4,0,0,0,0,4,0,0,4,0,3,3,0,8,0,0
22295,1000000US170314607002000,0,0,0,0,0,0,0,0,0,0,0,0,0,0,0,0,0,0
22296,1000000US170314607002001,71,2,22,1,0,0,47,24,0,47,69,1,53,36,17,106,1,0
22297,1000000US170314607002002,62,1,12,1,0,0,49,13,0,49,61,2,50,29,21,94,1,0
22298,1000000US170314607002003,23,1,5,1,0,0,17,6,0,17,22,1,22,13,9,28,1,0
22299,1000000US170314607002004,13,1,1,1,0,0,11,2,0,11,12,1,18,6,12,17,0,0
22300,1000000US170314607002005,65,0,7,5,0,0,56,9,0,56,65,2,41,31,10,103,5,0
22301,1000000US170314607002006,93,0,25,1,0,0,68,25,0,68,93,2,61,45,16,159,1,0
22302,1000000US170314607002007,72,1,14,1,0,0,57,15,0,57,71,1,45,28,17,109,1,0
22303,1000000US170314607002008,61,0,26,0,0,0,38,23,0,38,61,3,53,34,19,93,0,3
22304,1000000US170314607002009,95,1,71,0,0,0,23,72,0,23,94,1,45,43,2,144,0,0
22305,1000000US170314607003000,66,6,13,0,0,0,46,20,0,46,60,0,54,36,18,91,0,0
22306,1000000US170314607003001,78,5,22,0,1,0,51,27,0,51,73,0,58,38,20,122,0,1
22307,1000000US170314607003002,74,1,22,0,0,0,52,22,0,52,73,1,52,40,12,116,0,1
22308,1000000US170314607003003,47,5,17,2,0,0,25,22,0,25,42,0,41,27,14,66,2,0
22309,1000000US170314607003004,82,3,41,2,1,0,40,42,0,40,79,4,26,23,3,130,1,2
22310,1000000US170314607003005,47,0,22,0,0,0,25,22,0,25,47,0,29,14,15,62,0,0
22311,1000000US170314607003006,110,5,16,2,1,4,84,26,0,84,105,5,66,51,15,182,0,0
22312,1000000US170314607003007,87,1,52,0,1,0,39,48,0,39,86,0,57,47,10,159,0,6
22313,1000000US170314607003008,89,0,37,0,1,0,52,37,0,52,89,2,50,42,8,153,0,1
22314,1000000US170314607003009,50,5,37,0,0,0,8,42,0,8,45,0,23,21,2,77,0,0
22315,1000000US170314610001000,0,0,0,0,0,0,0,0,0,0,0,0,0,0,0,0,0,0
22316,1000000US170314610001001,0,0,0,0,0,0,0,0,0,0,0,0,0,0,0,0,0,0
22317,1000000US170314610001002,0,0,0,0,0,0,0,0,0,0,0,0,0,0,0,0,0,0
22318,1000000US170314610001003,0,0,0,0,0,0,0,0,0,0,0,0,0,0,0,0,0,0
22319,1000000US170314610001004,101,8,67,0,0,0,27,74,0,27,93,1,30,24,6,101,0,1
22320,1000000US170314610001005,0,0,0,0,0,0,0,0,0,0,0,0,0,0,0,0,0,0
22321,1000000US170314610001006,0,0,0,0,0,0,0,0,0,0,0,0,3,0,3,0,0,0
22322,1000000US170314610001007,8,0,6,0,0,0,2,6,0,2,8,0,7,4,3,8,0,0
22323,1000000US170314610001008,29,0,24,2,0,0,4,25,0,4,29,1,17,12,5,39,2,0
22324,1000000US170314610001009,61,0,54,0,0,0,7,54,0,7,61,2,47,38,9,87,0,0
22325,1000000US170314610001010,136,12,55,2,2,0,70,66,0,70,124,5,102,79,23,151,2,2
22326,1000000US170314610001011,42,0,12,0,0,0,30,12,0,30,42,2,24,16,8,71,0,0
22327,1000000US170314610001012,5,0,3,0,0,0,2,3,0,2,5,0,9,4,5,7,0,0
22328,1000000US170314610001013,140,6,93,0,0,0,43,97,0,43,134,6,114,113,1,153,0,2
22329,1000000US170314610001014,8,0,0,0,0,0,8,0,0,8,8,0,5,3,2,8,0,0
22330,1000000US170314610001015,0,0,0,0,0,0,0,0,0,0,0,0,0,0,0,0,0,0
22331,1000000US170314610001016,53,2,32,4,1,0,20,33,0,20,51,0,25,24,1,79,4,2
22332,1000000US170314610001017,269,1,258,4,1,0,7,262,0,7,268,3,280,249,31,269,4,1
22333,1000000US170314610001018,0,0,0,0,0,0,0,0,0,0,0,0,2,0,2,0,0,0
22334,1000000US170314610001019,36,4,21,3,1,0,10,26,0,10,32,0,36,21,15,48,3,0
22335,1000000US170314610001020,3,0,3,0,0,0,0,3,0,0,3,0,3,2,1,7,0,0
22336,1000000US170314610001021,40,0,10,0,0,0,31,9,0,31,40,1,20,16,4,54,0,1
22337,1000000US170314610001022,10,0,0,0,0,0,10,0,0,10,10,0,9,4,5,11,0,0
22338,1000000US170314610001023,0,0,0,0,0,0,0,0,0,0,0,0,0,0,0,0,0,0
22339,1000000US170314610001024,0,0,0,0,0,0,0,0,0,0,0,0,4,0,4,0,0,0
22340,1000000US170314610001025,5,0,2,0,0,0,3,2,0,3,5,0,4,4,0,5,0,0
22341,1000000US170314610001026,3,0,3,0,0,0,0,3,0,0,3,0,1,1,0,6,0,0
22342,1000000US170314610001027,0,0,0,0,0,0,0,0,0,0,0,0,0,0,0,0,0,0
22343,1000000US170314610001028,3,1,0,0,0,0,2,1,0,2,2,0,3,2,1,3,0,0
22344,1000000US170314610001029,3,3,0,0,0,0,0,3,0,0,0,0,2,2,0,3,0,0
22345,1000000US170314610001030,0,0,0,0,0,0,0,0,0,0,0,0,7,0,7,0,0,0
22346,1000000US170314610001031,4,1,0,0,0,0,3,1,0,3,3,0,2,2,0,5,0,0
22347,1000000US170314610001032,0,0,0,0,0,0,0,0,0,0,0,0,0,0,0,0,0,0
22348,1000000US170314610001033,0,0,0,0,0,0,0,0,0,0,0,0,0,0,0,0,0,0
22349,1000000US170314610001034,24,1,9,0,0,0,14,10,0,14,23,1,11,9,2,38,0,0
22350,1000000US170314610001035,0,0,0,0,0,0,0,0,0,0,0,0,0,0,0,0,0,0
22351,1000000US170314610001036,33,0,14,0,0,0,21,12,0,21,33,3,14,11,3,39,0,2
22352,1000000US170314610001037,0,0,0,0,0,0,0,0,0,0,0,0,0,0,0,0,0,0
22353,1000000US170314610001038,17,2,4,0,0,0,11,6,0,11,15,0,25,10,15,30,0,0
22354,1000000US170314610001039,22,0,12,0,0,0,10,12,0,10,22,0,16,10,6,30,0,0
22355,1000000US170314610001040,0,0,0,0,0,0,0,0,0,0,0,0,0,0,0,0,0,0
22356,1000000US170314610001041,14,0,0,0,0,0,14,0,0,14,14,0,6,5,1,22,0,0
22357,1000000US170314610001042,0,0,0,0,0,0,0,0,0,0,0,0,0,0,0,0,0,0
22358,1000000US170314610001043,2,0,1,0,0,0,1,1,0,1,2,0,4,2,2,5,0,0
22359,1000000US170314610001044,9,0,1,0,0,0,8,1,0,8,9,0,6,6,0,14,0,0
22360,1000000US170314610001045,23,3,8,0,0,0,12,11,0,12,20,0,18,15,3,29,0,0
22361,1000000US170314610001046,15,2,1,0,0,0,12,3,0,12,13,0,13,9,4,22,0,0
22362,1000000US170314610001047,0,0,0,0,0,0,0,0,0,0,0,0,0,0,0,0,0,0
22363,1000000US170314610001048,0,0,0,0,0,0,0,0,0,0,0,0,0,0,0,0,0,0
22364,1000000US170314610001049,49,0,43,0,0,0,6,43,0,6,49,0,30,29,1,110,0,0
22365,1000000US170314610001050,8,0,2,0,1,0,5,3,0,5,8,0,8,3,5,10,0,0
22366,1000000US170314610001051,19,1,0,0,0,0,18,1,0,18,18,0,6,6,0,23,0,0
22367,1000000US170314610001052,0,0,0,0,0,0,0,0,0,0,0,0,0,0,0,0,0,0
22368,1000000US170314610001053,0,0,0,0,0,0,0,0,0,0,0,0,0,0,0,0,0,0
22369,1000000US170314610001054,0,0,0,0,0,0,0,0,0,0,0,0,0,0,0,0,0,0
22370,1000000US170314610001055,7,0,7,0,0,0,0,7,0,0,7,0,2,2,0,9,0,0
22371,1000000US170314701001000,13,0,13,0,0,0,0,13,0,0,13,0,9,9,0,24,0,0
22372,1000000US170314701001001,0,0,0,0,0,0,0,0,0,0,0,0,0,0,0,0,0,0
22373,1000000US170314701001002,43,0,43,0,0,0,0,43,0,0,43,0,27,18,9,63,0,0
22374,1000000US170314701001003,43,0,43,0,0,0,0,43,0,0,43,0,19,17,2,59,0,0
22375,1000000US170314701001004,35,0,35,0,0,0,2,33,0,2,35,0,20,18,2,50,0,2
22376,1000000US170314701001005,42,0,42,0,0,0,0,42,0,0,42,0,22,19,3,61,0,0
22377,1000000US170314701001006,43,1,42,0,0,0,0,43,0,0,42,0,21,19,2,52,0,0
22378,1000000US170314701001007,52,0,51,0,1,1,1,51,0,1,52,1,31,28,3,80,0,0
22379,1000000US170314701001008,18,0,18,0,0,0,0,18,0,0,18,0,8,7,1,22,0,0
22380,1000000US170314701001009,45,0,45,0,0,0,0,45,0,0,45,0,18,18,0,56,0,0
22381,1000000US170314701001010,22,0,22,0,0,0,1,21,0,1,22,1,9,7,2,27,0,1
22382,1000000US170314701001011,15,0,15,0,0,0,0,15,0,0,15,0,10,7,3,22,0,0
22383,1000000US170314701001012,2,0,2,0,0,0,0,2,0,0,2,0,4,1,3,6,0,0
22384,1000000US170314701001013,0,0,0,0,0,0,0,0,0,0,0,0,0,0,0,0,0,0
22385,1000000US170314701001014,25,0,25,0,0,0,0,25,0,0,25,0,14,10,4,36,0,0
22386,1000000US170314701001015,44,2,42,0,0,0,0,44,0,0,42,0,18,17,1,67,0,0
22387,1000000US170314701001016,39,0,39,0,0,0,0,39,0,0,39,0,18,18,0,46,0,0
22388,1000000US170314701001017,39,1,38,4,0,0,3,36,0,3,38,4,17,12,5,53,1,3
22389,1000000US170314701001018,26,0,26,0,0,0,0,26,0,0,26,0,16,12,4,41,0,0
22390,1000000US170314701001019,34,0,34,0,0,0,0,34,0,0,34,0,11,11,0,45,0,0
22391,1000000US170314701001020,39,0,39,0,0,0,0,39,0,0,39,0,18,17,1,50,0,0
22392,1000000US170314701001021,32,4,28,0,0,0,0,32,0,0,28,0,16,13,3,37,0,0
22393,1000000US170314701001022,26,0,25,0,0,0,1,25,0,1,26,0,13,10,3,35,0,0
22394,1000000US170314701001023,25,0,25,0,0,0,0,25,0,0,25,0,15,11,4,37,0,0
22395,1000000US170314701001024,32,0,32,0,0,0,0,32,0,0,32,0,28,19,9,46,0,0
22396,1000000US170314701001025,26,0,26,0,0,0,0,26,0,0,26,0,11,11,0,40,0,0
22397,1000000US170314701001026,6,0,6,0,0,0,0,6,0,0,6,0,5,3,2,8,0,0
22398,1000000US170314701001027,14,0,14,0,0,0,0,14,0,0,14,0,7,6,1,16,0,0
22399,1000000US170314701001028,18,0,18,0,0,0,0,18,0,0,18,0,4,4,0,19,0,0
22400,1000000US170314701001029,12,0,12,0,0,0,0,12,0,0,12,0,3,3,0,17,0,0
22401,1000000US170314701001030,10,0,10,0,0,0,0,10,0,0,10,0,5,5,0,17,0,0
22402,1000000US170314701001031,55,1,54,0,0,0,0,55,0,0,54,0,38,31,7,98,0,0
22403,1000000US170314701001032,20,0,20,0,0,0,0,20,0,0,20,0,22,12,10,28,0,0
22404,1000000US170314701001033,23,0,23,2,0,0,0,23,0,0,23,2,19,17,2,30,0,0
22405,1000000US170314701001034,32,0,32,0,0,0,0,32,0,0,32,0,15,14,1,49,0,0
22406,1000000US170314701001035,25,0,25,0,0,0,0,25,0,0,25,0,16,12,4,35,0,0
22407,1000000US170314701001036,15,0,15,0,0,0,0,15,0,0,15,0,9,7,2,24,0,0
22408,1000000US170314701001037,2,0,2,0,0,0,0,2,0,0,2,0,5,2,3,5,0,0
22409,1000000US170314701001038,0,0,0,0,0,0,0,0,0,0,0,0,0,0,0,0,0,0
22410,1000000US170314701001039,0,0,0,0,0,0,0,0,0,0,0,0,0,0,0,0,0,0
22411,1000000US170314701001040,0,0,0,0,0,0,0,0,0,0,0,0,0,0,0,0,0,0
22412,1000000US170314701001041,4,0,4,0,0,0,0,4,0,0,4,0,3,2,1,10,0,0
22413,1000000US170314701002000,0,0,0,0,0,0,0,0,0,0,0,0,0,0,0,0,0,0
22414,1000000US170314701002001,0,0,0,0,0,0,0,0,0,0,0,0,0,0,0,0,0,0
22415,1000000US170314701002002,0,0,0,0,0,0,0,0,0,0,0,0,0,0,0,0,0,0
22416,1000000US170314701002003,0,0,0,0,0,0,0,0,0,0,0,0,0,0,0,0,0,0
22417,1000000US170314701002004,0,0,0,0,0,0,0,0,0,0,0,0,0,0,0,0,0,0
22418,1000000US170314701002005,0,0,0,0,0,0,0,0,0,0,0,0,0,0,0,0,0,0
22419,1000000US170314701002006,15,0,15,0,0,0,0,15,0,0,15,0,17,10,7,19,0,0
22420,1000000US170314701002007,12,1,11,0,0,0,1,11,0,1,11,0,8,7,1,23,0,1
22421,1000000US170314701002008,17,0,17,0,0,0,0,17,0,0,17,0,15,10,5,25,0,0
22422,1000000US170314701002009,4,0,4,0,0,0,0,4,0,0,4,0,3,2,1,4,0,0
22423,1000000US170314701002010,193,5,188,0,0,1,1,192,0,1,188,1,188,186,2,193,0,1
22424,1000000US170314701002011,0,0,0,0,0,0,0,0,0,0,0,0,0,0,0,0,0,0
22425,1000000US170314701002012,25,0,25,0,0,0,0,25,0,0,25,0,22,13,9,41,0,0
22426,1000000US170314701002013,28,0,28,0,0,0,0,28,0,0,28,0,17,11,6,46,0,0
22427,1000000US170314701002014,8,0,8,0,0,0,0,8,0,0,8,0,6,5,1,11,0,0
22428,1000000US170314701002015,27,0,27,0,0,0,0,27,0,0,27,0,13,12,1,40,0,0
22429,1000000US170314701002016,22,0,22,0,0,0,0,22,0,0,22,0,8,8,0,37,0,0
22430,1000000US170314701002017,32,0,32,0,0,0,0,32,0,0,32,0,13,13,0,45,0,0
22431,1000000US170314701002018,30,0,30,0,0,0,0,30,0,0,30,0,16,16,0,46,0,0
22432,1000000US170314701002019,23,0,23,0,0,0,0,23,0,0,23,0,11,11,0,37,0,0
22433,1000000US170314701002020,28,0,28,0,1,0,0,28,0,0,28,1,12,12,0,37,0,0
22434,1000000US170314701002021,15,0,15,0,0,0,0,15,0,0,15,0,10,8,2,20,0,0
22435,1000000US170314701002022,10,0,10,0,0,0,0,10,0,0,10,0,4,4,0,12,0,0
22436,1000000US170314701002023,15,0,15,1,0,0,0,15,0,0,15,1,8,7,1,22,1,0
22437,1000000US170314701002024,0,0,0,0,0,0,0,0,0,0,0,0,0,0,0,0,0,0
22438,1000000US170314701002025,25,0,25,0,0,0,0,25,0,0,25,0,21,18,3,28,0,0
22439,1000000US170314701002026,5,0,5,0,0,0,0,5,0,0,5,0,3,3,0,8,0,0
22440,1000000US170314701002027,13,0,13,0,0,0,0,13,0,0,13,2,7,6,1,17,0,0
22441,1000000US170314701002028,24,0,24,0,0,0,0,24,0,0,24,0,9,9,0,39,0,0
22442,1000000US170314701002029,16,0,16,0,0,0,0,16,0,0,16,0,8,7,1,22,0,0
22443,1000000US170314701002030,6,0,6,0,0,0,0,6,0,0,6,0,4,4,0,7,0,0
22444,1000000US170314701002031,28,0,28,0,0,0,0,28,0,0,28,0,9,8,1,33,0,0
22445,1000000US170314701002032,19,0,19,0,0,0,0,19,0,0,19,0,9,8,1,24,0,0
22446,1000000US170314701002033,25,0,25,0,0,0,0,25,0,0,25,0,15,12,3,42,0,0
22447,1000000US170314701002034,38,0,38,0,0,1,0,38,0,0,38,1,17,16,1,62,0,0
22448,1000000US170314701002035,40,0,39,0,0,0,1,39,0,1,40,0,16,13,3,52,0,0
22449,1000000US170314701002036,15,0,15,0,0,0,0,15,0,0,15,0,12,10,2,15,0,0
22450,1000000US170314701002037,35,1,34,0,0,0,0,35,0,0,34,0,16,15,1,47,0,0
22451,1000000US170314701002038,34,0,34,0,0,0,0,34,0,0,34,0,16,16,0,38,0,0
22452,1000000US170314701002039,12,0,12,0,0,0,0,12,0,0,12,0,9,7,2,22,0,0
22453,1000000US170314701002040,16,0,16,0,0,0,0,16,0,0,16,0,9,9,0,18,0,0
22454,1000000US170314701002041,0,0,0,0,0,0,0,0,0,0,0,0,0,0,0,0,0,0
22455,1000000US170314701002042,23,0,23,0,0,0,0,23,0,0,23,0,14,14,0,33,0,0
22456,1000000US170314701002043,0,0,0,0,0,0,0,0,0,0,0,0,0,0,0,0,0,0
22457,1000000US170314701002044,28,0,28,0,0,0,0,28,0,0,28,0,14,12,2,41,0,0
22458,1000000US170314701002045,40,0,40,0,0,0,0,40,0,0,40,0,16,16,0,51,0,0
22459,1000000US170314701002046,19,0,19,0,0,0,0,19,0,0,19,0,11,10,1,25,0,0
22460,1000000US170314701002047,19,1,18,0,0,0,0,19,0,0,18,0,12,10,2,28,0,0
22461,1000000US170314701002048,5,0,5,0,0,0,0,5,0,0,5,0,5,4,1,7,0,0
22462,1000000US170314701002049,24,0,24,0,0,0,0,24,0,0,24,1,14,10,4,29,0,0
22463,1000000US170314701002050,31,0,31,9,0,0,0,31,0,0,31,12,20,15,5,45,6,0
22464,1000000US170314701002051,17,1,16,0,0,0,0,17,0,0,16,0,14,11,3,29,0,0
22465,1000000US170314701002052,31,0,31,0,0,0,0,31,0,0,31,0,15,15,0,39,0,0
22466,1000000US170314701002053,32,0,32,0,0,0,0,32,0,0,32,0,17,17,0,46,0,0
22467,1000000US170314701002054,0,0,0,0,0,0,0,0,0,0,0,0,0,0,0,0,0,0
22468,1000000US170314701002055,0,0,0,0,0,0,0,0,0,0,0,0,0,0,0,0,0,0
22469,1000000US170314801001000,0,0,0,0,0,0,0,0,0,0,0,0,0,0,0,0,0,0
22470,1000000US170314801001001,0,0,0,0,0,0,0,0,0,0,0,0,0,0,0,0,0,0
22471,1000000US170314801001002,0,0,0,0,0,0,0,0,0,0,0,0,0,0,0,0,0,0
22472,1000000US170314801001003,0,0,0,0,0,0,0,0,0,0,0,0,0,0,0,0,0,0
22473,1000000US170314801001004,0,0,0,0,0,0,0,0,0,0,0,0,0,0,0,0,0,0
22474,1000000US170314801001005,0,0,0,0,0,0,0,0,0,0,0,0,0,0,0,0,0,0
22475,1000000US170314801001006,0,0,0,0,0,0,0,0,0,0,0,0,0,0,0,0,0,0
22476,1000000US170314801001007,60,2,57,1,0,0,1,59,0,1,58,0,44,41,3,71,1,1
22477,1000000US170314801001008,40,0,39,1,0,0,1,39,0,1,40,0,31,29,2,46,1,0
22478,1000000US170314801001009,37,0,37,0,0,0,0,37,0,0,37,0,29,29,0,40,0,0
22479,1000000US170314801001010,0,0,0,0,0,0,0,0,0,0,0,0,0,0,0,0,0,0
22480,1000000US170314801001011,26,0,26,0,0,0,0,26,0,0,26,0,15,14,1,38,0,0
22481,1000000US170314801001012,37,0,36,0,0,0,0,37,0,0,37,0,14,14,0,39,0,0
22482,1000000US170314801001013,28,0,26,0,0,0,2,26,0,2,28,0,15,14,1,42,0,0
22483,1000000US170314801001014,25,0,25,0,0,0,0,25,0,0,25,0,14,14,0,28,0,0
22484,1000000US170314801001015,32,0,32,0,0,0,0,32,0,0,32,0,15,13,2,38,0,0
22485,1000000US170314801001016,32,0,31,0,0,0,2,30,0,2,32,0,16,16,0,39,0,1
22486,1000000US170314801001017,22,0,19,1,0,0,2,20,0,2,22,0,13,12,1,24,1,0
22487,1000000US170314801001018,37,0,37,4,0,4,0,37,0,0,37,4,19,18,1,40,4,0
22488,1000000US170314801001019,44,0,44,2,0,0,0,44,0,0,44,2,20,20,0,50,0,0
22489,1000000US170314801001020,33,0,33,0,1,0,0,33,0,0,33,1,20,20,0,34,0,0
22490,1000000US170314801001021,34,0,34,0,0,0,0,34,0,0,34,0,19,18,1,38,0,0
22491,1000000US170314801001022,33,0,33,0,0,0,0,33,0,0,33,0,17,17,0,39,0,0
22492,1000000US170314801001023,37,0,37,0,0,0,0,37,0,0,37,0,20,19,1,40,0,0
22493,1000000US170314801001024,37,0,37,0,1,0,0,37,0,0,37,1,20,19,1,44,0,0
22494,1000000US170314801001025,34,0,34,0,0,0,0,34,0,0,34,0,20,20,0,49,0,0
22495,1000000US170314801001026,41,2,39,0,0,0,0,41,0,0,39,0,21,19,2,54,0,0
22496,1000000US170314801001027,11,0,11,0,0,0,0,11,0,0,11,0,5,5,0,13,0,0
22497,1000000US170314801001028,22,0,22,0,0,0,0,22,0,0,22,0,11,11,0,23,0,0
22498,1000000US170314801001029,30,0,30,0,0,0,0,30,0,0,30,0,16,16,0,37,0,0
22499,1000000US170314801001030,35,0,35,0,0,0,0,35,0,0,35,0,19,19,0,43,0,0
22500,1000000US170314801001031,39,0,39,0,0,0,0,39,0,0,39,0,20,19,1,45,0,0
22501,1000000US170314801001032,0,0,0,0,0,0,0,0,0,0,0,0,0,0,0,0,0,0
22502,1000000US170314801002000,0,0,0,0,0,0,0,0,0,0,0,0,0,0,0,0,0,0
22503,1000000US170314801002001,2,0,2,0,0,0,0,2,0,0,2,0,1,1,0,3,0,0
22504,1000000US170314801002002,1,0,1,1,0,0,0,1,0,0,1,1,1,1,0,1,0,0
22505,1000000US170314801002003,7,0,7,0,0,0,0,7,0,0,7,0,7,7,0,11,0,0
22506,1000000US170314801002004,0,0,0,0,0,0,0,0,0,0,0,0,0,0,0,0,0,0
22507,1000000US170314801002005,1,0,1,0,0,0,0,1,0,0,1,0,1,1,0,1,0,0
22508,1000000US170314801002006,0,0,0,0,0,0,0,0,0,0,0,0,0,0,0,0,0,0
22509,1000000US170314801002007,25,1,24,0,0,0,0,25,0,0,24,0,11,11,0,32,0,0
22510,1000000US170314801002008,21,0,21,0,0,0,0,21,0,0,21,0,9,9,0,21,0,0
22511,1000000US170314801002009,12,0,12,0,0,0,1,11,0,1,12,0,9,7,2,18,0,1
22512,1000000US170314801002010,13,0,13,0,0,0,0,13,0,0,13,0,9,8,1,16,0,0
22513,1000000US170314801002011,0,0,0,0,0,0,0,0,0,0,0,0,0,0,0,0,0,0
22514,1000000US170314801002012,8,0,8,0,0,0,0,8,0,0,8,1,9,8,1,9,0,0
22515,1000000US170314801002013,0,0,0,0,0,0,0,0,0,0,0,0,0,0,0,0,0,0
22516,1000000US170314801002014,34,0,34,0,0,0,0,34,0,0,34,0,16,16,0,41,0,0
22517,1000000US170314801002015,28,0,28,0,0,0,0,28,0,0,28,0,18,17,1,32,0,0
22518,1000000US170314801002016,31,0,31,0,0,0,0,31,0,0,31,0,18,18,0,38,0,0
22519,1000000US170314801002017,33,0,33,0,0,0,0,33,0,0,33,0,17,17,0,40,0,0
22520,1000000US170314801002018,21,0,19,2,0,0,0,21,0,0,21,1,9,9,0,24,2,0
22521,1000000US170314801002019,31,0,31,0,0,0,0,31,0,0,31,0,15,15,0,38,0,0
22522,1000000US170314801002020,33,0,29,0,0,0,0,33,0,0,33,0,13,13,0,37,0,0
22523,1000000US170314801002021,21,0,18,0,0,0,3,18,0,3,21,0,12,12,0,22,0,0
22524,1000000US170314801002022,29,0,26,0,3,0,0,29,0,0,29,0,14,12,2,38,0,0
22525,1000000US170314801002023,25,0,25,0,0,0,0,25,0,0,25,0,14,14,0,26,0,0
22526,1000000US170314801002024,28,0,28,0,0,0,0,28,0,0,28,0,15,15,0,30,0,0
22527,1000000US170314801002025,26,1,25,0,0,0,0,26,0,0,25,0,14,14,0,38,0,0
22528,1000000US170314801002026,28,0,28,0,0,0,0,28,0,0,28,0,15,13,2,32,0,0
22529,1000000US170314801002027,18,0,18,0,0,0,0,18,0,0,18,0,17,13,4,18,0,0
22530,1000000US170314801002028,37,2,34,2,1,0,0,37,0,0,35,4,18,17,1,44,0,0
22531,1000000US170314801002029,25,0,24,0,0,0,1,24,0,1,25,0,16,13,3,31,0,0
22532,1000000US170314801002030,36,0,36,0,0,0,0,36,0,0,36,0,19,18,1,46,0,0
22533,1000000US170314801002031,42,0,42,0,0,0,0,42,0,0,42,0,19,19,0,52,0,0
22534,1000000US170314801002032,26,0,26,0,0,0,0,26,0,0,26,0,15,14,1,30,0,0
22535,1000000US170314801002033,38,0,38,0,0,0,0,38,0,0,38,0,20,18,2,42,0,0
22536,1000000US170314801002034,37,0,37,0,0,0,0,37,0,0,37,0,16,16,0,42,0,0
22537,1000000US170314801002035,35,0,35,0,0,0,0,35,0,0,35,0,18,18,0,40,0,0
22538,1000000US170314801002036,36,0,36,0,0,0,0,36,0,0,36,0,17,17,0,38,0,0
22539,1000000US170314801002037,19,0,19,0,0,0,0,19,0,0,19,0,9,9,0,24,0,0
22540,1000000US170314801002038,15,0,15,0,0,0,0,15,0,0,15,0,9,9,0,15,0,0
22541,1000000US170314801002039,19,0,19,0,0,0,0,19,0,0,19,0,8,8,0,27,0,0
22542,1000000US170314801002040,37,0,37,0,0,0,0,37,0,0,37,0,18,18,0,48,0,0
22543,1000000US170314801002041,34,0,31,0,3,0,0,34,0,0,34,0,18,18,0,34,0,0
22544,1000000US170314802001000,0,0,0,0,0,0,0,0,0,0,0,0,0,0,0,0,0,0
22545,1000000US170314802001001,0,0,0,0,0,0,0,0,0,0,0,0,0,0,0,0,0,0
22546,1000000US170314802001002,17,0,17,0,0,0,0,17,0,0,17,0,10,10,0,20,0,0
22547,1000000US170314802001003,1,0,1,1,0,0,0,1,0,0,1,1,1,1,0,1,1,0
22548,1000000US170314802001004,0,0,0,0,0,0,0,0,0,0,0,0,0,0,0,0,0,0
22549,1000000US170314802001005,78,0,77,0,0,0,1,77,0,1,78,1,49,44,5,92,0,0
22550,1000000US170314802001006,59,0,59,0,0,0,0,59,0,0,59,0,37,35,2,81,0,0
22551,1000000US170314802001007,36,0,36,0,0,0,0,36,0,0,36,0,31,23,8,38,0,0
22552,1000000US170314802001008,44,0,44,0,0,0,0,44,0,0,44,2,23,20,3,57,0,0
22553,1000000US170314802001009,29,1,28,0,0,0,0,29,0,0,28,1,21,20,1,35,0,0
22554,1000000US170314802001010,29,0,29,0,0,0,0,29,0,0,29,0,20,19,1,33,0,0
22555,1000000US170314802001011,72,0,72,0,0,0,0,72,0,0,72,0,52,46,6,97,0,0
22556,1000000US170314802001012,51,0,46,0,0,0,1,50,0,1,51,0,34,29,5,65,0,0
22557,1000000US170314802001013,51,0,51,2,0,0,1,50,0,1,51,2,38,34,4,62,0,1
22558,1000000US170314802001014,49,0,49,0,0,0,0,49,0,0,49,0,33,26,7,64,0,0
22559,1000000US170314802002000,1,0,1,0,0,0,0,1,0,0,1,0,2,1,1,1,0,0
22560,1000000US170314802002001,0,0,0,0,0,0,0,0,0,0,0,0,0,0,0,0,0,0
22561,1000000US170314802002002,0,0,0,0,0,0,0,0,0,0,0,0,0,0,0,0,0,0
22562,1000000US170314802002003,23,0,23,0,0,0,0,23,0,0,23,0,12,12,0,29,0,0
22563,1000000US170314802002004,25,0,25,0,0,0,0,25,0,0,25,0,13,12,1,29,0,0
22564,1000000US170314802002005,28,0,28,0,0,0,1,27,0,1,28,0,13,12,1,36,0,1
22565,1000000US170314802002006,31,0,31,0,0,0,0,31,0,0,31,0,21,17,4,39,0,0
22566,1000000US170314802002007,59,1,58,1,0,0,3,56,0,3,58,1,46,44,2,70,1,3
22567,1000000US170314802002008,50,0,50,0,0,0,0,50,0,0,50,0,25,24,1,69,0,0
22568,1000000US170314802002009,35,1,34,0,0,0,0,35,0,0,34,0,17,16,1,41,0,0
22569,1000000US170314802002010,45,0,45,0,0,0,0,45,0,0,45,0,24,23,1,53,0,0
22570,1000000US170314802002011,17,0,17,0,0,0,0,17,0,0,17,0,13,13,0,19,0,0
22571,1000000US170314802002012,22,0,21,0,0,1,1,21,0,1,22,1,13,13,0,30,0,0
22572,1000000US170314802002013,26,0,26,0,0,0,0,26,0,0,26,0,12,11,1,28,0,0
22573,1000000US170314802002014,7,0,7,0,0,0,0,7,0,0,7,0,5,5,0,8,0,0
22574,1000000US170314802002015,28,0,28,0,0,0,0,28,0,0,28,0,13,13,0,29,0,0
22575,1000000US170314802002016,10,0,10,0,0,0,0,10,0,0,10,0,7,6,1,12,0,0
22576,1000000US170314802002017,15,0,15,0,0,0,0,15,0,0,15,0,8,8,0,16,0,0
22577,1000000US170314802002018,10,0,6,0,1,0,5,5,0,5,10,0,6,6,0,12,0,2
22578,1000000US170314802002019,42,0,39,3,0,0,4,38,0,4,42,0,22,19,3,63,3,1
22579,1000000US170314803001000,0,0,0,0,0,0,0,0,0,0,0,0,0,0,0,0,0,0
22580,1000000US170314803001001,75,0,73,0,0,0,2,73,0,2,75,0,40,39,1,96,0,0
22581,1000000US170314803001002,66,0,66,1,0,0,1,65,0,1,66,2,39,36,3,92,1,1
22582,1000000US170314803001003,66,0,65,1,0,0,1,65,0,1,66,0,52,45,7,94,1,1
22583,1000000US170314803001004,90,0,90,0,0,0,0,90,0,0,90,0,56,51,5,115,0,0
22584,1000000US170314803001005,35,0,35,0,0,0,0,35,0,0,35,0,17,16,1,42,0,0
22585,1000000US170314803001006,24,0,24,0,0,0,0,24,0,0,24,0,12,10,2,28,0,0
22586,1000000US170314803001007,16,0,16,0,0,0,0,16,0,0,16,0,8,8,0,20,0,0
22587,1000000US170314803001008,60,2,58,0,0,0,0,60,0,0,58,0,23,23,0,75,0,0
22588,1000000US170314803001009,31,0,29,0,0,0,1,30,0,1,31,0,18,18,0,35,0,1
22589,1000000US170314803001010,17,0,17,0,0,0,0,17,0,0,17,0,10,10,0,23,0,0
22590,1000000US170314803001011,12,0,12,0,0,0,0,12,0,0,12,0,9,9,0,14,0,0
22591,1000000US170314803001012,18,0,18,0,0,0,0,18,0,0,18,0,8,8,0,23,0,0
22592,1000000US170314803001013,15,0,15,0,0,0,0,15,0,0,15,0,7,7,0,19,0,0
22593,1000000US170314803001014,10,0,10,0,0,0,0,10,0,0,10,0,7,6,1,11,0,0
22594,1000000US170314803001015,51,0,51,0,0,0,0,51,0,0,51,0,33,33,0,61,0,0
22595,1000000US170314803001016,30,0,30,1,0,0,0,30,0,0,30,3,18,18,0,32,0,0
22596,1000000US170314803001017,45,0,45,0,0,0,0,45,0,0,45,6,24,23,1,61,0,0
22597,1000000US170314803001018,27,0,27,1,2,1,0,27,0,0,27,3,15,15,0,38,0,0
22598,1000000US170314803001019,2,0,2,0,0,0,0,2,0,0,2,0,0,0,0,2,0,0
22599,1000000US170314803001020,0,0,0,0,0,0,0,0,0,0,0,0,0,0,0,0,0,0
22600,1000000US170314803001021,14,0,14,0,0,0,0,14,0,0,14,0,12,11,1,20,0,0
22601,1000000US170314803002000,0,0,0,0,0,0,0,0,0,0,0,0,0,0,0,0,0,0
22602,1000000US170314803002001,42,0,42,0,0,0,5,37,0,5,42,0,27,24,3,50,0,5
22603,1000000US170314803002002,42,1,41,1,0,0,4,38,0,4,41,2,20,18,2,52,0,4
22604,1000000US170314803002003,31,0,31,0,0,0,0,31,0,0,31,0,23,16,7,39,0,0
22605,1000000US170314803002004,33,2,31,0,0,0,0,33,0,0,31,0,19,16,3,36,0,0
22606,1000000US170314803002005,41,0,40,0,0,0,2,39,0,2,41,0,17,17,0,54,0,1
22607,1000000US170314803002006,38,0,38,1,0,0,0,38,0,0,38,1,22,16,6,58,1,0
22608,1000000US170314803002007,19,0,19,0,0,0,0,19,0,0,19,0,9,6,3,20,0,0
22609,1000000US170314803002008,15,0,15,0,0,0,0,15,0,0,15,0,8,7,1,23,0,0
22610,1000000US170314803002009,2,0,2,0,0,0,0,2,0,0,2,0,3,1,2,6,0,0
22611,1000000US170314803002010,23,0,23,1,0,0,0,23,0,0,23,1,15,10,5,36,1,0
22612,1000000US170314803002011,6,0,6,0,0,0,0,6,0,0,6,0,2,2,0,11,0,0
22613,1000000US170314803002012,1,0,1,0,0,0,0,1,0,0,1,0,1,1,0,1,0,0
22614,1000000US170314803002013,33,0,32,1,0,0,1,32,0,1,33,1,18,13,5,53,0,1
22615,1000000US170314803002014,25,0,25,0,0,0,0,25,0,0,25,0,15,10,5,35,0,0
22616,1000000US170314803002015,36,0,36,0,0,0,0,36,0,0,36,0,16,14,2,45,0,0
22617,1000000US170314803002016,3,0,3,0,0,0,0,3,0,0,3,1,3,1,2,3,0,0
22618,1000000US170314803002017,0,0,0,0,0,0,0,0,0,0,0,0,0,0,0,0,0,0
22619,1000000US170314803002018,17,0,17,0,0,0,0,17,0,0,17,0,8,7,1,24,0,0
22620,1000000US170314803002019,11,1,10,0,0,0,0,11,0,0,10,0,11,6,5,21,0,0
22621,1000000US170314803002020,0,0,0,0,0,0,0,0,0,0,0,0,0,0,0,0,0,0
22622,1000000US170314803002021,0,0,0,0,0,0,0,0,0,0,0,0,0,0,0,0,0,0
22623,1000000US170314803002022,0,0,0,0,0,0,0,0,0,0,0,0,0,0,0,0,0,0
22624,1000000US170314803002023,0,0,0,0,0,0,0,0,0,0,0,0,0,0,0,0,0,0
22625,1000000US170314804001000,31,2,27,0,0,0,2,29,0,2,29,0,17,17,0,40,0,0
22626,1000000US170314804001001,41,0,41,0,0,0,0,41,0,0,41,0,20,20,0,50,0,0
22627,1000000US170314804001002,21,1,20,0,0,0,0,21,0,0,20,0,13,13,0,22,0,0
22628,1000000US170314804001003,40,0,40,0,0,0,0,40,0,0,40,0,20,20,0,45,0,0
22629,1000000US170314804001004,37,0,37,0,0,0,0,37,0,0,37,0,20,19,1,45,0,0
22630,1000000US170314804001005,37,0,37,2,0,0,0,37,0,0,37,2,20,20,0,46,2,0
22631,1000000US170314804001006,35,0,35,1,0,0,1,34,0,1,35,2,20,20,0,41,0,1
22632,1000000US170314804001007,33,1,32,0,0,0,0,33,0,0,32,0,18,16,2,35,0,0
22633,1000000US170314804001008,34,0,34,0,0,0,0,34,0,0,34,0,17,17,0,43,0,0
22634,1000000US170314804001009,13,0,13,0,0,0,0,13,0,0,13,0,7,7,0,13,0,0
22635,1000000US170314804001010,24,0,24,0,0,0,0,24,0,0,24,0,10,10,0,25,0,0
22636,1000000US170314804001011,32,0,32,0,0,0,0,32,0,0,32,0,17,17,0,38,0,0
22637,1000000US170314804001012,38,0,38,0,0,0,0,38,0,0,38,0,19,19,0,45,0,0
22638,1000000US170314804001013,29,1,28,0,0,0,0,29,0,0,28,0,18,18,0,33,0,0
22639,1000000US170314804001014,39,0,39,0,0,0,0,39,0,0,39,0,20,19,1,47,0,0
22640,1000000US170314804001015,38,0,38,0,0,0,0,38,0,0,38,0,18,18,0,52,0,0
22641,1000000US170314804001016,27,0,26,0,1,0,1,26,0,1,27,0,13,12,1,39,0,1
22642,1000000US170314804001017,33,0,33,0,0,0,0,33,0,0,33,0,19,19,0,38,0,0
22643,1000000US170314804001018,33,0,33,0,0,0,0,33,0,0,33,0,20,20,0,46,0,0
22644,1000000US170314804001019,47,0,47,0,0,0,0,47,0,0,47,0,20,19,1,53,0,0
22645,1000000US170314804001020,14,0,14,0,0,0,0,14,0,0,14,0,7,7,0,15,0,0
22646,1000000US170314804001021,21,0,21,0,0,0,0,21,0,0,21,0,9,9,0,24,0,0
22647,1000000US170314804002000,45,0,45,0,0,0,0,45,0,0,45,0,20,18,2,53,0,0
22648,1000000US170314804002001,42,1,38,0,2,0,2,40,0,2,41,2,20,20,0,49,0,0
22649,1000000US170314804002002,51,0,49,0,0,0,2,49,0,2,51,1,25,24,1,57,0,0
22650,1000000US170314804002003,36,0,36,0,0,0,0,36,0,0,36,0,17,16,1,40,0,0
22651,1000000US170314804002004,27,0,26,0,0,0,1,26,0,1,27,0,17,16,1,36,0,0
22652,1000000US170314804002005,28,0,28,0,0,0,0,28,0,0,28,0,15,15,0,32,0,0
22653,1000000US170314804002006,34,2,32,0,0,0,0,34,0,0,32,0,18,16,2,50,0,0
22654,1000000US170314804002007,30,1,29,0,0,0,0,30,0,0,29,0,17,17,0,37,0,0
22655,1000000US170314804002008,35,0,35,0,0,0,0,35,0,0,35,0,17,17,0,46,0,0
22656,1000000US170314804002009,32,0,32,0,0,0,1,31,0,1,32,0,18,17,1,36,0,1
22657,1000000US170314804002010,31,0,31,0,0,0,4,27,0,4,31,1,15,14,1,42,0,4
22658,1000000US170314804002011,23,0,23,0,0,0,0,23,0,0,23,0,10,10,0,29,0,0
22659,1000000US170314804002012,26,0,24,0,0,0,2,24,0,2,26,0,13,12,1,35,0,0
22660,1000000US170314804002013,28,0,27,0,0,0,1,27,0,1,28,0,14,14,0,37,0,0
22661,1000000US170314804002014,20,1,19,0,0,0,0,20,0,0,19,0,8,8,0,23,0,0
22662,1000000US170314804002015,10,0,10,0,0,0,0,10,0,0,10,0,5,5,0,12,0,0
22663,1000000US170314804002016,31,0,31,0,0,0,0,31,0,0,31,0,11,11,0,39,0,0
22664,1000000US170314804002017,15,0,15,0,0,0,0,15,0,0,15,0,7,7,0,19,0,0
22665,1000000US170314804002018,20,0,20,0,0,0,0,20,0,0,20,0,8,7,1,25,0,0
22666,1000000US170314804002019,0,0,0,0,0,0,0,0,0,0,0,0,0,0,0,0,0,0
22667,1000000US170314804002020,0,0,0,0,0,0,0,0,0,0,0,0,0,0,0,0,0,0
22668,1000000US170314804002021,0,0,0,0,0,0,0,0,0,0,0,0,0,0,0,0,0,0
22669,1000000US170314804002022,20,3,16,0,0,0,1,19,0,1,17,0,12,11,1,34,0,0
22670,1000000US170314804002023,10,0,10,0,0,0,0,10,0,0,10,0,18,5,13,11,0,0
22671,1000000US170314804002024,20,0,20,0,0,0,0,20,0,0,20,0,10,9,1,26,0,0
22672,1000000US170314804003000,0,0,0,0,0,0,0,0,0,0,0,0,0,0,0,0,0,0
22673,1000000US170314804003001,0,0,0,0,0,0,0,0,0,0,0,0,0,0,0,0,0,0
22674,1000000US170314804003002,23,1,22,0,0,0,0,23,0,0,22,0,13,12,1,41,0,0
22675,1000000US170314804003003,24,0,24,0,0,0,0,24,0,0,24,0,13,13,0,31,0,0
22676,1000000US170314804003004,21,0,21,0,0,0,0,21,0,0,21,0,14,13,1,28,0,0
22677,1000000US170314804003005,36,0,36,0,0,0,3,33,0,3,36,0,12,12,0,54,0,3
22678,1000000US170314804003006,22,0,22,0,0,0,0,22,0,0,22,0,13,12,1,25,0,0
22679,1000000US170314804003007,10,2,8,0,0,0,0,10,0,0,8,0,9,7,2,10,0,0
22680,1000000US170314804003008,12,0,12,0,0,0,0,12,0,0,12,0,10,8,2,14,0,0
22681,1000000US170314804003009,18,0,18,0,0,0,0,18,0,0,18,0,8,8,0,26,0,0
22682,1000000US170314804003010,18,0,18,0,0,0,0,18,0,0,18,0,12,10,2,20,0,0
22683,1000000US170314804003011,15,0,14,1,0,0,0,15,0,0,15,0,10,7,3,25,1,0
22684,1000000US170314804003012,9,0,9,2,0,0,0,9,0,0,9,2,7,7,0,12,1,0
22685,1000000US170314804003013,17,0,16,0,0,0,3,14,0,3,17,2,9,9,0,23,0,2
22686,1000000US170314804003014,0,0,0,0,0,0,0,0,0,0,0,0,0,0,0,0,0,0
22687,1000000US170314804003015,25,0,25,0,0,0,2,23,0,2,25,0,12,12,0,27,0,2
22688,1000000US170314804003016,66,0,66,0,2,0,0,66,0,0,66,2,29,28,1,75,0,0
22689,1000000US170314804003017,23,1,22,0,0,0,0,23,0,0,22,0,12,11,1,28,0,0
22690,1000000US170314804003018,51,1,45,1,0,0,9,42,0,9,50,1,22,22,0,59,1,4
22691,1000000US170314804003019,31,0,31,2,0,0,0,31,0,0,31,2,9,9,0,41,2,0
22692,1000000US170314804003020,0,0,0,0,0,0,0,0,0,0,0,0,0,0,0,0,0,0
22693,1000000US170314804003021,0,0,0,0,0,0,0,0,0,0,0,0,0,0,0,0,0,0
22694,1000000US170314804003022,29,0,29,0,0,0,0,29,0,0,29,0,11,11,0,35,0,0
22695,1000000US170314804003023,20,1,19,0,0,0,0,20,0,0,19,0,10,8,2,29,0,0
22696,1000000US170314804003024,28,0,28,0,0,0,0,28,0,0,28,0,16,13,3,37,0,0
22697,1000000US170314804003025,26,0,26,0,0,0,0,26,0,0,26,0,10,10,0,36,0,0
22698,1000000US170314804003026,29,0,29,0,0,0,0,29,0,0,29,0,14,13,1,39,0,0
22699,1000000US170314804003027,36,0,36,0,0,0,0,36,0,0,36,0,13,13,0,47,0,0
22700,1000000US170314804003028,23,0,23,0,0,0,0,23,0,0,23,0,13,12,1,30,0,0
22701,1000000US170314804003029,29,0,29,0,0,0,1,28,0,1,29,0,14,13,1,39,0,1
22702,1000000US170314804003030,27,0,26,1,0,0,0,27,0,0,27,0,13,13,0,41,1,0
22703,1000000US170314804003031,40,0,40,0,0,0,0,40,0,0,40,0,23,21,2,58,0,0
22704,1000000US170314804003032,32,0,32,0,0,0,0,32,0,0,32,0,14,14,0,44,0,0
22705,1000000US170314804003033,24,0,19,0,5,0,0,24,0,0,24,0,15,13,2,31,0,0
22706,1000000US170314804003034,10,0,9,0,0,0,1,9,0,1,10,0,7,7,0,14,0,0
22707,1000000US170314804003035,26,0,26,0,0,0,0,26,0,0,26,0,11,10,1,29,0,0
22708,1000000US170314804003036,12,0,12,0,0,0,0,12,0,0,12,0,6,5,1,14,0,0
22709,1000000US170314804003037,27,1,25,0,0,0,1,26,0,1,26,0,11,10,1,32,0,0
22710,1000000US170314804003038,30,0,29,0,0,0,3,27,0,3,30,1,17,16,1,36,0,2
22711,1000000US170314804003039,0,0,0,0,0,0,0,0,0,0,0,0,0,0,0,0,0,0
22712,1000000US170314804003040,0,0,0,0,0,0,0,0,0,0,0,0,0,0,0,0,0,0
22713,1000000US170314804003041,0,0,0,0,0,0,0,0,0,0,0,0,0,0,0,0,0,0
22714,1000000US170314804003042,0,0,0,0,0,0,0,0,0,0,0,0,0,0,0,0,0,0
22715,1000000US170314804003043,0,0,0,0,0,0,0,0,0,0,0,0,0,0,0,0,0,0
22716,1000000US170314804003044,0,0,0,0,0,0,0,0,0,0,0,0,0,0,0,0,0,0
22717,1000000US170314804003045,0,0,0,0,0,0,0,0,0,0,0,0,0,0,0,0,0,0
22718,1000000US170314804003046,0,0,0,0,0,0,0,0,0,0,0,0,0,0,0,0,0,0
22719,1000000US170314804003047,0,0,0,0,0,0,0,0,0,0,0,0,0,0,0,0,0,0
22720,1000000US170314804003048,35,0,31,0,0,0,4,31,0,4,35,0,22,20,2,40,0,0
22721,1000000US170314804004000,51,0,49,2,0,0,2,49,0,2,51,0,27,27,0,61,2,0
22722,1000000US170314804004001,37,0,37,0,0,0,0,37,0,0,37,0,24,21,3,49,0,0
22723,1000000US170314804004002,22,0,22,0,0,0,0,22,0,0,22,0,11,10,1,26,0,0
22724,1000000US170314804004003,31,1,28,0,0,0,2,29,0,2,30,0,14,13,1,38,0,0
22725,1000000US170314804004004,0,0,0,0,0,0,0,0,0,0,0,0,0,0,0,0,0,0
22726,1000000US170314804004005,23,0,23,0,0,0,0,23,0,0,23,0,14,14,0,31,0,0
22727,1000000US170314804004006,27,0,27,0,0,0,0,27,0,0,27,0,17,15,2,31,0,0
22728,1000000US170314804004007,28,0,28,0,0,0,0,28,0,0,28,0,17,17,0,33,0,0
22729,1000000US170314804004008,15,0,15,0,0,0,0,15,0,0,15,0,9,9,0,16,0,0
22730,1000000US170314804004009,26,0,26,0,0,0,0,26,0,0,26,0,14,14,0,29,0,0
22731,1000000US170314804004010,27,0,27,0,0,0,0,27,0,0,27,0,14,14,0,30,0,0
22732,1000000US170314804004011,29,0,29,0,0,0,0,29,0,0,29,0,14,14,0,29,0,0
22733,1000000US170314804004012,30,0,29,1,0,0,0,30,0,0,30,1,20,18,2,39,1,0
22734,1000000US170314804004013,26,0,26,0,0,0,0,26,0,0,26,0,14,14,0,33,0,0
22735,1000000US170314804004014,47,0,44,0,3,0,0,47,0,0,47,3,30,26,4,56,0,0
22736,1000000US170314804004015,2,0,2,0,0,0,0,2,0,0,2,0,1,1,0,2,0,0
22737,1000000US170314804004016,0,0,0,0,0,0,0,0,0,0,0,0,0,0,0,0,0,0
22738,1000000US170314804004017,0,0,0,0,0,0,0,0,0,0,0,0,0,0,0,0,0,0
22739,1000000US170314804004018,27,0,27,0,0,0,0,27,0,0,27,0,9,9,0,35,0,0
22740,1000000US170314804004019,47,1,46,3,1,3,0,47,0,0,46,4,31,27,4,74,3,0
22741,1000000US170314804004020,17,1,16,0,0,0,0,17,0,0,16,0,12,10,2,18,0,0
22742,1000000US170314804004021,25,3,21,0,0,0,1,24,0,1,22,0,13,13,0,34,0,0
22743,1000000US170314804004022,11,0,11,0,0,0,0,11,0,0,11,1,8,8,0,15,0,0
22744,1000000US170314804004023,12,0,12,0,0,0,0,12,0,0,12,0,9,4,5,20,0,0
22745,1000000US170314804004024,17,0,17,0,0,0,0,17,0,0,17,0,6,6,0,29,0,0
22746,1000000US170314804004025,18,0,18,0,0,0,0,18,0,0,18,0,10,8,2,21,0,0
22747,1000000US170314804004026,19,1,16,2,0,0,0,19,0,0,18,0,12,12,0,23,2,0
22748,1000000US170314804004027,8,0,8,0,0,0,0,8,0,0,8,0,3,3,0,8,0,0
22749,1000000US170314804004028,12,0,12,0,0,0,0,12,0,0,12,0,11,9,2,13,0,0
22750,1000000US170314804004029,0,0,0,0,0,0,0,0,0,0,0,0,0,0,0,0,0,0
22751,1000000US170314804005000,25,0,25,0,0,0,0,25,0,0,25,0,14,14,0,26,0,0
22752,1000000US170314804005001,43,0,43,1,0,0,0,43,0,0,43,1,17,16,1,58,0,0
22753,1000000US170314804005002,41,0,41,1,1,0,1,40,0,1,41,2,17,17,0,44,1,1
22754,1000000US170314804005003,40,0,40,0,0,0,0,40,0,0,40,0,16,16,0,52,0,0
22755,1000000US170314804005004,29,0,29,0,0,0,0,29,0,0,29,0,15,14,1,35,0,0
22756,1000000US170314804005005,5,0,5,0,0,0,0,5,0,0,5,0,2,2,0,6,0,0
22757,1000000US170314804005006,10,0,10,0,0,0,0,10,0,0,10,0,7,6,1,11,0,0
22758,1000000US170314804005007,17,1,16,0,0,0,0,17,0,0,16,0,6,6,0,23,0,0
22759,1000000US170314804005008,27,0,27,0,0,0,1,26,0,1,27,0,18,16,2,32,0,1
22760,1000000US170314804005009,18,0,18,0,0,0,0,18,0,0,18,1,8,8,0,19,0,0
22761,1000000US170314804005010,20,0,19,1,1,0,0,20,0,0,20,1,11,11,0,28,1,0
22762,1000000US170314804005011,22,0,22,0,0,0,0,22,0,0,22,0,12,12,0,28,0,0
22763,1000000US170314804005012,20,0,20,0,0,0,0,20,0,0,20,0,12,11,1,26,0,0
22764,1000000US170314804005013,19,0,19,0,0,0,0,19,0,0,19,0,11,11,0,23,0,0
22765,1000000US170314804005014,22,1,21,0,0,0,0,22,0,0,21,0,11,11,0,23,0,0
22766,1000000US170314804005015,22,0,22,0,0,0,0,22,0,0,22,0,13,13,0,30,0,0
22767,1000000US170314804005016,11,0,11,0,0,0,1,10,0,1,11,0,6,6,0,14,0,1
22768,1000000US170314804005017,0,0,0,0,0,0,0,0,0,0,0,0,0,0,0,0,0,0
22769,1000000US170314804005018,2,0,2,0,0,0,0,2,0,0,2,0,1,1,0,2,0,0
22770,1000000US170314804005019,0,0,0,0,0,0,0,0,0,0,0,0,0,0,0,0,0,0
22771,1000000US170314804005020,32,1,31,0,0,0,0,32,0,0,31,0,18,17,1,39,0,0
22772,1000000US170314804005021,6,0,6,0,0,0,0,6,0,0,6,0,2,2,0,6,0,0
22773,1000000US170314804005022,21,0,21,0,0,0,0,21,0,0,21,0,11,11,0,27,0,0
22774,1000000US170314804005023,19,0,19,0,0,0,0,19,0,0,19,0,10,10,0,22,0,0
22775,1000000US170314804005024,12,0,12,0,0,0,0,12,0,0,12,0,6,6,0,13,0,0
22776,1000000US170314804005025,18,0,18,0,0,0,0,18,0,0,18,0,10,10,0,23,0,0
22777,1000000US170314804006000,27,0,26,0,0,0,1,26,0,1,27,0,18,18,0,32,0,1
22778,1000000US170314804006001,40,0,40,0,0,0,0,40,0,0,40,0,20,20,0,50,0,0
22779,1000000US170314804006002,25,0,25,0,0,0,0,25,0,0,25,1,13,13,0,33,0,0
22780,1000000US170314804006003,23,0,22,0,0,0,0,23,0,0,23,3,13,13,0,27,0,0
22781,1000000US170314804006004,27,0,27,0,0,0,0,27,0,0,27,0,16,15,1,27,0,0
22782,1000000US170314804006005,29,0,29,0,0,0,0,29,0,0,29,0,16,13,3,42,0,0
22783,1000000US170314804006006,43,0,39,0,0,0,1,42,0,1,43,0,19,18,1,48,0,0
22784,1000000US170314804006007,39,0,39,0,0,0,0,39,0,0,39,0,18,18,0,45,0,0
22785,1000000US170314804006008,39,0,39,0,0,0,1,38,0,1,39,0,17,17,0,42,0,1
22786,1000000US170314804006009,6,0,6,0,0,0,0,6,0,0,6,0,4,4,0,8,0,0
22787,1000000US170314804006010,16,0,16,0,1,0,0,16,0,0,16,1,6,5,1,18,0,0
22788,1000000US170314804006011,25,0,25,0,0,0,0,25,0,0,25,0,15,14,1,26,0,0
22789,1000000US170314804006012,27,0,27,0,0,0,0,27,0,0,27,0,17,16,1,34,0,0
22790,1000000US170314804006013,30,0,30,0,0,0,0,30,0,0,30,0,18,16,2,37,0,0
22791,1000000US170314804006014,30,0,30,0,1,0,1,29,0,1,30,1,18,18,0,34,0,1
22792,1000000US170314804006015,36,0,36,0,0,0,1,35,0,1,36,0,19,18,1,41,0,1
22793,1000000US170314804006016,35,0,34,0,0,0,1,34,0,1,35,0,18,17,1,44,0,0
22794,1000000US170314804006017,41,0,39,0,0,0,2,39,0,2,41,0,19,19,0,43,0,0
22795,1000000US170314804006018,38,0,38,2,0,0,0,38,0,0,38,3,17,16,1,44,2,0
22796,1000000US170314804006019,43,0,41,0,1,0,2,41,0,2,43,1,18,18,0,52,0,0
22797,1000000US170314804006020,0,0,0,0,0,0,0,0,0,0,0,0,0,0,0,0,0,0
22798,1000000US170314804006021,0,0,0,0,0,0,0,0,0,0,0,0,0,0,0,0,0,0
22799,1000000US170314804006022,0,0,0,0,0,0,0,0,0,0,0,0,0,0,0,0,0,0
22800,1000000US170314804006023,21,0,21,0,0,0,0,21,0,0,21,1,10,10,0,30,0,0
22801,1000000US170314804006024,30,0,30,0,0,0,1,29,0,1,30,0,11,11,0,33,0,1
22802,1000000US170314804006025,24,1,23,0,0,0,0,24,0,0,23,0,11,10,1,29,0,0
22803,1000000US170314804007000,41,0,41,0,0,0,0,41,0,0,41,0,19,19,0,43,0,0
22804,1000000US170314804007001,34,0,34,0,0,0,0,34,0,0,34,0,17,15,2,45,0,0
22805,1000000US170314804007002,27,0,27,1,2,1,0,27,0,0,27,3,15,13,2,40,1,0
22806,1000000US170314804007003,24,0,24,0,0,0,0,24,0,0,24,0,13,13,0,31,0,0
22807,1000000US170314804007004,27,0,27,0,0,0,0,27,0,0,27,0,15,15,0,29,0,0
22808,1000000US170314804007005,29,0,29,0,0,0,0,29,0,0,29,0,16,15,1,40,0,0
22809,1000000US170314804007006,29,0,29,0,0,0,0,29,0,0,29,0,18,17,1,32,0,0
22810,1000000US170314804007007,38,0,38,0,0,0,1,37,0,1,38,0,18,17,1,46,0,1
22811,1000000US170314804007008,32,0,32,0,0,0,0,32,0,0,32,0,20,19,1,35,0,0
22812,1000000US170314804007009,36,0,36,0,0,0,0,36,0,0,36,0,18,18,0,42,0,0
22813,1000000US170314804007010,35,0,35,0,0,0,0,35,0,0,35,0,19,19,0,46,0,0
22814,1000000US170314804007011,33,0,32,0,0,0,1,32,0,1,33,0,19,19,0,44,0,0
22815,1000000US170314804007012,30,0,30,0,0,0,0,30,0,0,30,0,16,16,0,38,0,0
22816,1000000US170314804007013,25,0,25,0,0,0,0,25,0,0,25,0,18,15,3,32,0,0
22817,1000000US170314804007014,39,0,38,0,1,0,0,39,0,0,39,0,18,18,0,46,0,0
22818,1000000US170314804007015,34,1,33,0,0,0,0,34,0,0,33,0,19,18,1,55,0,0
22819,1000000US170314804007016,43,0,43,0,0,0,0,43,0,0,43,0,17,16,1,49,0,0
22820,1000000US170314804007017,31,0,31,0,0,0,0,31,0,0,31,0,18,17,1,37,0,0
22821,1000000US170314804007018,34,0,34,0,0,0,0,34,0,0,34,0,18,18,0,44,0,0
22822,1000000US170314804007019,35,0,35,0,0,0,0,35,0,0,35,0,18,16,2,41,0,0
22823,1000000US170314804007020,35,1,34,0,0,0,0,35,0,0,34,0,18,17,1,38,0,0
22824,1000000US170314804007021,0,0,0,0,0,0,0,0,0,0,0,0,0,0,0,0,0,0
22825,1000000US170314804007022,23,0,23,0,0,0,0,23,0,0,23,0,15,15,0,28,0,0
22826,1000000US170314805001000,24,0,24,0,0,0,0,24,0,0,24,0,13,12,1,30,0,0
22827,1000000US170314805001001,32,1,30,0,0,0,1,31,0,1,31,0,15,15,0,34,0,0
22828,1000000US170314805001002,23,1,22,0,0,0,0,23,0,0,22,0,11,11,0,27,0,0
22829,1000000US170314805001003,26,0,25,1,0,0,2,24,0,2,26,0,14,14,0,36,1,2
22830,1000000US170314805001004,40,0,40,0,0,0,0,40,0,0,40,0,15,15,0,51,0,0
22831,1000000US170314805001005,35,0,35,3,0,0,0,35,0,0,35,3,15,15,0,41,0,0
22832,1000000US170314805001006,35,0,35,0,0,0,0,35,0,0,35,0,14,14,0,43,0,0
22833,1000000US170314805001007,28,0,28,0,0,0,0,28,0,0,28,0,15,14,1,40,0,0
22834,1000000US170314805001008,13,0,13,0,0,0,0,13,0,0,13,0,7,7,0,17,0,0
22835,1000000US170314805001009,14,0,14,0,0,0,1,13,0,1,14,0,7,7,0,18,0,1
22836,1000000US170314805001010,9,0,9,0,0,0,0,9,0,0,9,0,6,6,0,13,0,0
22837,1000000US170314805001011,12,0,12,0,0,0,0,12,0,0,12,0,7,6,1,18,0,0
22838,1000000US170314805001012,45,0,43,0,0,0,2,43,0,2,45,0,19,19,0,54,0,0
22839,1000000US170314805001013,42,0,40,0,0,0,2,40,0,2,42,0,20,20,0,52,0,0
22840,1000000US170314805001014,35,0,34,0,0,0,1,34,0,1,35,0,19,19,0,47,0,0
22841,1000000US170314805001015,41,0,41,0,0,0,0,41,0,0,41,0,22,20,2,60,0,0
22842,1000000US170314805001016,43,0,42,0,0,0,1,42,0,1,43,0,25,21,4,63,0,0
22843,1000000US170314805001017,53,0,53,0,0,0,0,53,0,0,53,0,21,21,0,65,0,0
22844,1000000US170314805001018,39,0,39,0,0,0,0,39,0,0,39,0,20,17,3,50,0,0
22845,1000000US170314805001019,41,0,41,0,0,0,0,41,0,0,41,0,19,18,1,63,0,0
22846,1000000US170314805001020,35,0,35,0,0,0,0,35,0,0,35,0,10,9,1,43,0,0
22847,1000000US170314805001021,16,2,14,0,0,0,0,16,0,0,14,0,12,12,0,18,0,0
22848,1000000US170314805001022,0,0,0,0,0,0,0,0,0,0,0,0,0,0,0,0,0,0
22849,1000000US170314805001023,22,0,16,0,0,0,6,16,0,6,22,1,13,13,0,24,0,0
22850,1000000US170314805001024,26,1,25,0,0,0,0,26,0,0,25,0,11,11,0,29,0,0
22851,1000000US170314805001025,22,0,22,0,0,0,0,22,0,0,22,0,13,12,1,28,0,0
22852,1000000US170314805001026,22,0,21,0,0,0,0,22,0,0,22,0,14,12,2,25,0,0
22853,1000000US170314805001027,27,1,24,0,0,0,3,24,0,3,26,0,14,12,2,35,0,1
22854,1000000US170314805001028,14,0,12,0,0,0,2,12,0,2,14,0,8,8,0,18,0,0
22855,1000000US170314805001029,15,1,14,0,0,0,0,15,0,0,14,0,10,9,1,18,0,0
22856,1000000US170314805001030,18,0,18,0,0,0,0,18,0,0,18,0,7,7,0,22,0,0
22857,1000000US170314805001031,21,0,12,0,0,0,9,12,0,9,21,5,8,8,0,28,0,0
22858,1000000US170314805002000,0,0,0,0,0,0,0,0,0,0,0,0,0,0,0,0,0,0
22859,1000000US170314805002001,0,0,0,0,0,0,0,0,0,0,0,0,0,0,0,0,0,0
22860,1000000US170314805002002,0,0,0,0,0,0,0,0,0,0,0,0,0,0,0,0,0,0
22861,1000000US170314805002003,0,0,0,0,0,0,0,0,0,0,0,0,0,0,0,0,0,0
22862,1000000US170314805002004,0,0,0,0,0,0,0,0,0,0,0,0,0,0,0,0,0,0
22863,1000000US170314805002005,0,0,0,0,0,0,0,0,0,0,0,0,0,0,0,0,0,0
22864,1000000US170314805002006,0,0,0,0,0,0,0,0,0,0,0,0,0,0,0,0,0,0
22865,1000000US170314805002007,0,0,0,0,0,0,0,0,0,0,0,0,0,0,0,0,0,0
22866,1000000US170314805002008,22,1,8,0,0,0,13,9,0,13,21,0,15,13,2,31,0,0
22867,1000000US170314805002009,12,0,4,1,0,0,9,3,0,9,12,0,8,7,1,16,1,1
22868,1000000US170314805002010,2,0,0,0,0,0,2,0,0,2,2,0,1,1,0,4,0,0
22869,1000000US170314805002011,0,0,0,0,0,0,0,0,0,0,0,0,0,0,0,0,0,0
22870,1000000US170314805002012,45,0,26,1,0,0,18,27,0,18,45,1,17,17,0,60,1,0
22871,1000000US170314805002013,30,5,10,1,0,0,17,13,0,17,25,2,18,15,3,37,1,2
22872,1000000US170314805002014,14,0,11,0,0,0,3,11,0,3,14,0,10,8,2,22,0,0
22873,1000000US170314805002015,55,3,35,1,0,0,17,38,0,17,52,1,33,32,1,67,0,0
22874,1000000US170314805002016,16,0,16,0,0,0,0,16,0,0,16,0,8,8,0,17,0,0
22875,1000000US170314805002017,11,0,11,0,0,0,0,11,0,0,11,0,8,8,0,14,0,0
22876,1000000US170314805002018,12,0,11,1,0,0,0,12,0,0,12,1,8,7,1,14,1,0
22877,1000000US170314805002019,20,0,20,0,0,0,0,20,0,0,20,0,10,9,1,25,0,0
22878,1000000US170314805002020,16,1,10,0,0,0,5,11,0,5,15,0,6,6,0,22,0,0
22879,1000000US170314805002021,25,2,13,0,0,0,10,15,0,10,23,0,13,10,3,33,0,0
22880,1000000US170314805002022,18,0,18,0,0,0,0,18,0,0,18,0,7,7,0,23,0,0
22881,1000000US170314805002023,28,1,11,0,0,0,16,12,0,16,27,0,13,12,1,38,0,0
22882,1000000US170314805002024,17,0,6,0,0,0,11,6,0,11,17,0,11,7,4,24,0,0
22883,1000000US170314805002025,25,6,9,0,0,0,10,15,0,10,19,0,11,11,0,29,0,0
22884,1000000US170314805002026,18,2,7,0,0,0,9,9,0,9,16,2,9,8,1,24,0,0
22885,1000000US170314805002027,28,1,21,2,0,0,6,22,0,6,27,2,21,12,9,44,2,0
22886,1000000US170314805002028,24,1,14,0,0,0,9,15,0,9,23,0,10,10,0,30,0,0
22887,1000000US170314805002029,6,0,6,0,0,0,0,6,0,0,6,0,4,4,0,11,0,0
22888,1000000US170314805002030,6,0,2,0,0,0,4,2,0,4,6,0,3,3,0,11,0,0
22889,1000000US170314805002031,6,0,4,0,0,0,2,4,0,2,6,0,4,4,0,11,0,0
22890,1000000US170314805002032,9,0,7,0,0,0,2,7,0,2,9,0,4,4,0,17,0,0
22891,1000000US170314805002033,10,2,5,0,0,0,3,7,0,3,8,0,7,6,1,11,0,0
22892,1000000US170314805002034,10,0,9,0,0,0,1,9,0,1,10,0,6,6,0,15,0,0
22893,1000000US170314805002035,15,0,15,0,0,0,0,15,0,0,15,0,8,8,0,20,0,0
22894,1000000US170314805002036,12,1,11,0,0,0,0,12,0,0,11,0,6,6,0,23,0,0
22895,1000000US170314805002037,39,1,36,1,1,0,1,38,0,1,38,1,16,15,1,49,1,0
22896,1000000US170314805002038,29,1,28,1,0,0,2,27,0,2,28,2,15,15,0,43,1,2
22897,1000000US170314805002039,0,0,0,0,0,0,0,0,0,0,0,0,0,0,0,0,0,0
22898,1000000US170314805002040,30,1,28,0,0,0,1,29,0,1,29,0,15,15,0,32,0,0
22899,1000000US170314805002041,27,2,25,0,0,0,0,27,0,0,25,0,14,14,0,32,0,0
22900,1000000US170314805002042,27,2,24,0,0,0,1,26,0,1,25,0,15,13,2,36,0,0
22901,1000000US170314805002043,25,1,22,0,0,0,2,23,0,2,24,0,12,12,0,30,0,0
22902,1000000US170314805002044,0,0,0,0,0,0,0,0,0,0,0,0,0,0,0,0,0,0
22903,1000000US170314805002045,0,0,0,0,0,0,0,0,0,0,0,0,0,0,0,0,0,0
22904,1000000US170314805002046,0,0,0,0,0,0,0,0,0,0,0,0,0,0,0,0,0,0
22905,1000000US170314805002047,0,0,0,0,0,0,0,0,0,0,0,0,0,0,0,0,0,0
22906,1000000US170314805002048,9,0,6,0,0,0,2,7,0,2,9,0,5,5,0,13,0,0
22907,1000000US170314805002049,11,1,9,0,0,0,1,10,0,1,10,0,4,4,0,14,0,0
22908,1000000US170314805002050,0,0,0,0,0,0,0,0,0,0,0,0,0,0,0,0,0,0
22909,1000000US170314805002051,0,0,0,0,0,0,0,0,0,0,0,0,0,0,0,0,0,0
22910,1000000US170314805002052,0,0,0,0,0,0,0,0,0,0,0,0,0,0,0,0,0,0
22911,1000000US170314805002053,0,0,0,0,0,0,0,0,0,0,0,0,0,0,0,0,0,0
22912,1000000US170314805002054,0,0,0,0,0,0,0,0,0,0,0,0,0,0,0,0,0,0
22913,1000000US170314805002055,0,0,0,0,0,0,0,0,0,0,0,0,0,0,0,0,0,0
22914,1000000US170314805002056,0,0,0,0,0,0,0,0,0,0,0,0,0,0,0,0,0,0
22915,1000000US170314805002057,0,0,0,0,0,0,0,0,0,0,0,0,0,0,0,0,0,0
22916,1000000US170314805002058,0,0,0,0,0,0,0,0,0,0,0,0,0,0,0,0,0,0
22917,1000000US170314805002059,0,0,0,0,0,0,0,0,0,0,0,0,0,0,0,0,0,0
22918,1000000US170314805002060,0,0,0,0,0,0,0,0,0,0,0,0,0,0,0,0,0,0
22919,1000000US170314805002061,0,0,0,0,0,0,0,0,0,0,0,0,0,0,0,0,0,0
22920,1000000US170314805002062,2,0,0,0,0,0,2,0,0,2,2,1,1,1,0,2,0,0
22921,1000000US170314805002063,0,0,0,0,0,0,0,0,0,0,0,0,0,0,0,0,0,0
22922,1000000US170314805002064,0,0,0,0,0,0,0,0,0,0,0,0,0,0,0,0,0,0
22923,1000000US170314805002065,0,0,0,0,0,0,0,0,0,0,0,0,0,0,0,0,0,0
22924,1000000US170314805002066,0,0,0,0,0,0,0,0,0,0,0,0,0,0,0,0,0,0
22925,1000000US170314805002067,0,0,0,0,0,0,0,0,0,0,0,0,0,0,0,0,0,0
22926,1000000US170314805002068,0,0,0,0,0,0,0,0,0,0,0,0,0,0,0,0,0,0
22927,1000000US170314805002069,0,0,0,0,0,0,0,0,0,0,0,0,0,0,0,0,0,0
22928,1000000US170314805002070,0,0,0,0,0,0,0,0,0,0,0,0,0,0,0,0,0,0
22929,1000000US170314805002071,9,2,7,0,0,0,0,9,0,0,7,0,4,4,0,11,0,0
22930,1000000US170314805002072,6,0,2,0,0,0,4,2,0,4,6,0,3,2,1,12,0,0
22931,1000000US170314805002073,0,0,0,0,0,0,0,0,0,0,0,0,0,0,0,0,0,0
22932,1000000US170314805002074,4,0,0,0,0,0,4,0,0,4,4,0,2,2,0,4,0,0
22933,1000000US170314805002075,0,0,0,0,0,0,0,0,0,0,0,0,0,0,0,0,0,0
22934,1000000US170314805003000,0,0,0,0,0,0,0,0,0,0,0,0,0,0,0,0,0,0
22935,1000000US170314805003001,0,0,0,0,0,0,0,0,0,0,0,0,0,0,0,0,0,0
22936,1000000US170314805003002,0,0,0,0,0,0,0,0,0,0,0,0,0,0,0,0,0,0
22937,1000000US170314805003003,0,0,0,0,0,0,0,0,0,0,0,0,0,0,0,0,0,0
22938,1000000US170314805003004,0,0,0,0,0,0,0,0,0,0,0,0,0,0,0,0,0,0
22939,1000000US170314805003005,0,0,0,0,0,0,0,0,0,0,0,0,0,0,0,0,0,0
22940,1000000US170314805003006,0,0,0,0,0,0,0,0,0,0,0,0,0,0,0,0,0,0
22941,1000000US170314805003007,0,0,0,0,0,0,0,0,0,0,0,0,0,0,0,0,0,0
22942,1000000US170314805003008,0,0,0,0,0,0,0,0,0,0,0,0,0,0,0,0,0,0
22943,1000000US170314805003009,0,0,0,0,0,0,0,0,0,0,0,0,0,0,0,0,0,0
22944,1000000US170314805003010,0,0,0,0,0,0,0,0,0,0,0,0,0,0,0,0,0,0
22945,1000000US170314805003011,0,0,0,0,0,0,0,0,0,0,0,0,0,0,0,0,0,0
22946,1000000US170314805003012,0,0,0,0,0,0,0,0,0,0,0,0,0,0,0,0,0,0
22947,1000000US170314805003013,0,0,0,0,0,0,0,0,0,0,0,0,0,0,0,0,0,0
22948,1000000US170314805003014,0,0,0,0,0,0,0,0,0,0,0,0,0,0,0,0,0,0
22949,1000000US170314805003015,0,0,0,0,0,0,0,0,0,0,0,0,0,0,0,0,0,0
22950,1000000US170314805003016,0,0,0,0,0,0,0,0,0,0,0,0,0,0,0,0,0,0
22951,1000000US170314805003017,0,0,0,0,0,0,0,0,0,0,0,0,0,0,0,0,0,0
22952,1000000US170314805003018,0,0,0,0,0,0,0,0,0,0,0,0,0,0,0,0,0,0
22953,1000000US170314805003019,13,0,6,0,0,0,7,6,0,7,13,0,8,6,2,21,0,0
22954,1000000US170314805003020,0,0,0,0,0,0,0,0,0,0,0,0,0,0,0,0,0,0
22955,1000000US170314805003021,0,0,0,0,0,0,0,0,0,0,0,0,0,0,0,0,0,0
22956,1000000US170314805003022,0,0,0,0,0,0,0,0,0,0,0,0,0,0,0,0,0,0
22957,1000000US170314805003023,0,0,0,0,0,0,0,0,0,0,0,0,0,0,0,0,0,0
22958,1000000US170314805003024,0,0,0,0,0,0,0,0,0,0,0,0,0,0,0,0,0,0
22959,1000000US170314805003025,0,0,0,0,0,0,0,0,0,0,0,0,0,0,0,0,0,0
22960,1000000US170314805003026,0,0,0,0,0,0,0,0,0,0,0,0,0,0,0,0,0,0
22961,1000000US170314805003027,43,0,43,0,0,0,0,43,0,0,43,0,17,17,0,53,0,0
22962,1000000US170314805003028,38,0,38,0,0,0,0,38,0,0,38,0,19,19,0,45,0,0
22963,1000000US170314805003029,7,0,7,0,0,0,0,7,0,0,7,0,4,4,0,7,0,0
22964,1000000US170314805003030,42,1,41,0,0,0,0,42,0,0,41,0,20,20,0,50,0,0
22965,1000000US170314805003031,0,0,0,0,0,0,0,0,0,0,0,0,0,0,0,0,0,0
22966,1000000US170314805003032,13,0,13,0,0,0,0,13,0,0,13,0,5,5,0,17,0,0
22967,1000000US170314805003033,0,0,0,0,0,0,0,0,0,0,0,0,0,0,0,0,0,0
22968,1000000US170314805003034,24,1,19,0,0,0,4,20,0,4,23,0,12,12,0,38,0,0
22969,1000000US170314805003035,0,0,0,0,0,0,0,0,0,0,0,0,0,0,0,0,0,0
22970,1000000US170314805003036,20,1,19,0,0,0,0,20,0,0,19,0,6,6,0,22,0,0
22971,1000000US170314805003037,28,0,28,0,0,0,0,28,0,0,28,0,12,12,0,36,0,0
22972,1000000US170314805003038,24,0,24,0,0,0,0,24,0,0,24,0,12,12,0,31,0,0
22973,1000000US170314805003039,25,1,24,0,0,0,0,25,0,0,24,0,15,15,0,42,0,0
22974,1000000US170314805003040,32,1,28,0,0,0,3,29,0,3,31,0,14,14,0,52,0,0
22975,1000000US170314805003041,19,0,15,0,0,0,4,15,0,4,19,0,11,11,0,21,0,0
22976,1000000US170314805003042,47,2,45,0,0,0,0,47,0,0,45,4,27,26,1,69,0,0
22977,1000000US170314805003043,18,0,16,0,0,0,2,16,0,2,18,0,13,9,4,22,0,0
22978,1000000US170314805003044,51,1,48,2,0,0,3,48,0,3,50,2,29,24,5,66,2,1
22979,1000000US170314805003045,19,0,19,0,0,0,0,19,0,0,19,0,9,7,2,20,0,0
22980,1000000US170314805003046,6,0,6,0,0,0,0,6,0,0,6,0,3,3,0,14,0,0
22981,1000000US170314805003047,68,2,29,2,0,0,37,31,0,37,66,4,25,25,0,95,2,0
22982,1000000US170314805003048,17,0,13,0,0,0,4,13,0,4,17,3,8,7,1,31,0,0
22983,1000000US170314805003049,0,0,0,0,0,0,0,0,0,0,0,0,0,0,0,0,0,0
22984,1000000US170314805003050,20,0,20,0,0,0,0,20,0,0,20,0,9,8,1,29,0,0
22985,1000000US170314805003051,22,0,22,0,0,0,0,22,0,0,22,0,9,9,0,29,0,0
22986,1000000US170314805003052,9,0,9,0,0,0,0,9,0,0,9,0,5,5,0,11,0,0
22987,1000000US170314805003053,8,0,8,0,0,0,0,8,0,0,8,0,24,6,18,13,0,0
22988,1000000US170314805003054,13,0,11,0,0,0,2,11,0,2,13,0,8,7,1,25,0,0
22989,1000000US170314805003055,20,0,16,0,0,0,4,16,0,4,20,0,9,8,1,27,0,0
22990,1000000US170314805003056,26,1,9,0,5,0,11,15,0,11,25,0,11,11,0,41,0,0
22991,1000000US170314805003057,0,0,0,0,0,0,0,0,0,0,0,0,0,0,0,0,0,0
22992,1000000US170314805003058,37,3,26,0,1,0,11,26,0,11,34,2,25,19,6,52,0,4
22993,1000000US170314805003059,18,2,14,0,0,0,3,15,0,3,16,1,14,11,3,37,0,1
22994,1000000US170314805003060,34,0,34,0,0,0,0,34,0,0,34,0,15,14,1,36,0,0
22995,1000000US170314805003061,43,0,43,0,0,0,0,43,0,0,43,0,16,16,0,55,0,0
22996,1000000US170314805003062,14,0,14,0,0,0,0,14,0,0,14,0,7,7,0,18,0,0
22997,1000000US170314805003063,0,0,0,0,0,0,0,0,0,0,0,0,0,0,0,0,0,0
22998,1000000US170314903001000,129,1,127,4,0,0,4,125,0,4,128,5,89,78,11,161,4,4
22999,1000000US170314903001001,24,0,24,2,0,0,0,24,0,0,24,2,18,16,2,34,2,0
23000,1000000US170314903001002,48,0,48,0,0,0,0,48,0,0,48,0,30,27,3,63,0,0
23001,1000000US170314903001003,61,0,60,0,1,0,2,59,0,2,61,0,36,35,1,79,0,2
23002,1000000US170314903001004,32,0,32,2,0,0,0,32,0,0,32,3,20,19,1,39,0,0
23003,1000000US170314903001005,29,0,29,0,0,0,0,29,0,0,29,0,18,16,2,38,0,0
23004,1000000US170314903001006,25,0,25,0,0,0,0,25,0,0,25,0,15,15,0,30,0,0
23005,1000000US170314903001007,36,0,36,0,0,0,0,36,0,0,36,0,19,17,2,42,0,0
23006,1000000US170314903001008,35,1,34,0,0,0,0,35,0,0,34,1,17,17,0,46,0,0
23007,1000000US170314903001009,28,1,27,0,0,0,0,28,0,0,27,0,20,17,3,32,0,0
23008,1000000US170314903001010,34,0,34,0,0,0,0,34,0,0,34,0,23,20,3,44,0,0
23009,1000000US170314903001011,49,0,49,0,0,0,0,49,0,0,49,0,32,28,4,60,0,0
23010,1000000US170314903001012,28,0,27,0,0,0,0,28,0,0,28,0,20,16,4,30,0,0
23011,1000000US170314903001013,34,0,34,0,0,0,0,34,0,0,34,0,22,20,2,50,0,0
23012,1000000US170314903001014,34,0,34,0,0,0,0,34,0,0,34,0,23,21,2,39,0,0
23013,1000000US170314903001015,33,0,33,0,0,0,0,33,0,0,33,0,23,21,2,36,0,0
23014,1000000US170314903001016,21,0,21,0,0,0,0,21,0,0,21,0,14,13,1,24,0,0
23015,1000000US170314903001017,18,0,18,0,0,0,0,18,0,0,18,0,10,10,0,19,0,0
23016,1000000US170314903001018,0,0,0,0,0,0,0,0,0,0,0,0,0,0,0,0,0,0
23017,1000000US170314903001019,13,0,13,0,0,0,0,13,0,0,13,0,7,7,0,16,0,0
23018,1000000US170314903001020,18,0,18,0,0,0,0,18,0,0,18,0,11,11,0,29,0,0
23019,1000000US170314903001021,29,0,29,0,0,0,0,29,0,0,29,0,13,13,0,38,0,0
23020,1000000US170314903001022,25,0,25,0,0,0,0,25,0,0,25,0,13,11,2,27,0,0
23021,1000000US170314903001023,23,0,23,0,0,0,0,23,0,0,23,0,15,14,1,26,0,0
23022,1000000US170314903001024,21,0,21,0,0,0,0,21,0,0,21,0,13,13,0,29,0,0
23023,1000000US170314903001025,11,0,11,0,0,0,0,11,0,0,11,0,6,6,0,15,0,0
23024,1000000US170314903001026,14,0,14,0,0,0,0,14,0,0,14,0,8,6,2,17,0,0
23025,1000000US170314903001027,34,0,34,0,0,0,0,34,0,0,34,0,20,19,1,43,0,0
23026,1000000US170314903002000,40,0,40,1,0,0,0,40,0,0,40,1,20,19,1,49,1,0
23027,1000000US170314903002001,37,0,37,0,0,0,0,37,0,0,37,0,20,20,0,52,0,0
23028,1000000US170314903002002,38,0,38,2,0,0,0,38,0,0,38,2,17,17,0,46,1,0
23029,1000000US170314903002003,31,0,31,0,0,0,0,31,0,0,31,0,16,15,1,39,0,0
23030,1000000US170314903002004,39,0,39,1,0,0,1,38,0,1,39,1,24,22,2,48,0,1
23031,1000000US170314903002005,43,1,41,0,0,0,1,42,0,1,42,0,28,27,1,54,0,0
23032,1000000US170314903002006,5,0,5,0,0,0,0,5,0,0,5,0,3,3,0,12,0,0
23033,1000000US170314903002007,38,0,38,0,0,0,0,38,0,0,38,0,17,17,0,53,0,0
23034,1000000US170314903002008,29,0,29,0,0,0,0,29,0,0,29,0,18,17,1,37,0,0
23035,1000000US170314903002009,0,0,0,0,0,0,0,0,0,0,0,0,0,0,0,0,0,0
23036,1000000US170314903002010,49,0,49,0,0,0,0,49,0,0,49,0,26,25,1,55,0,0
23037,1000000US170314903002011,13,0,13,0,0,0,1,12,0,1,13,1,8,8,0,14,0,1
23038,1000000US170314903002012,38,0,38,0,0,0,0,38,0,0,38,0,17,17,0,51,0,0
23039,1000000US170314903002013,38,1,37,0,0,0,0,38,0,0,37,0,18,18,0,47,0,0
23040,1000000US170314903002014,28,0,28,0,0,0,0,28,0,0,28,0,16,15,1,41,0,0
23041,1000000US170314903002015,32,0,32,0,0,0,0,32,0,0,32,0,18,17,1,38,0,0
23042,1000000US170314903002016,0,0,0,0,0,0,0,0,0,0,0,0,2,0,2,0,0,0
23043,1000000US170314903002017,31,1,30,0,0,0,0,31,0,0,30,0,18,18,0,33,0,0
23044,1000000US170314903002018,20,0,20,0,0,0,0,20,0,0,20,0,15,14,1,26,0,0
23045,1000000US170314903002019,25,0,25,0,0,0,0,25,0,0,25,0,17,14,3,26,0,0
23046,1000000US170314903002020,26,0,26,0,0,0,0,26,0,0,26,0,15,13,2,37,0,0
23047,1000000US170314903002021,22,0,22,0,0,0,0,22,0,0,22,0,14,13,1,26,0,0
23048,1000000US170314903002022,1,0,1,1,0,0,0,1,0,0,1,1,2,1,1,1,0,0
23049,1000000US170314903002023,27,2,25,0,0,0,0,27,0,0,25,0,11,10,1,31,0,0
23050,1000000US170314903002024,36,0,36,0,0,0,0,36,0,0,36,0,13,13,0,42,0,0
23051,1000000US170314903002025,27,0,26,0,0,0,1,26,0,1,27,0,14,13,1,36,0,0
23052,1000000US170314903002026,0,0,0,0,0,0,0,0,0,0,0,0,0,0,0,0,0,0
23053,1000000US170314903002027,2,0,2,0,0,0,0,2,0,0,2,0,1,1,0,8,0,0
23054,1000000US170314903002028,19,0,19,2,0,0,0,19,0,0,19,2,13,12,1,25,1,0
23055,1000000US170314904001000,39,0,39,0,0,0,0,39,0,0,39,0,20,20,0,49,0,0
23056,1000000US170314904001001,31,0,31,0,0,0,0,31,0,0,31,0,17,17,0,43,0,0
23057,1000000US170314904001002,58,2,56,0,0,0,0,58,0,0,56,0,32,29,3,71,0,0
23058,1000000US170314904001003,3,0,3,0,0,0,0,3,0,0,3,0,4,3,1,4,0,0
23059,1000000US170314904001004,19,0,19,0,0,0,0,19,0,0,19,0,16,11,5,27,0,0
23060,1000000US170314904001005,35,0,35,0,0,0,0,35,0,0,35,0,21,20,1,49,0,0
23061,1000000US170314904001006,35,0,35,0,0,0,0,35,0,0,35,0,22,21,1,45,0,0
23062,1000000US170314904001007,42,0,42,0,0,0,0,42,0,0,42,1,23,21,2,59,0,0
23063,1000000US170314904001008,24,0,24,0,0,0,0,24,0,0,24,0,11,11,0,32,0,0
23064,1000000US170314904001009,28,0,28,0,0,0,0,28,0,0,28,0,18,18,0,34,0,0
23065,1000000US170314904001010,29,0,29,0,0,0,0,29,0,0,29,0,15,14,1,36,0,0
23066,1000000US170314904001011,24,0,23,1,0,0,0,24,0,0,24,0,14,11,3,31,1,0
23067,1000000US170314904001012,35,0,35,0,0,0,0,35,0,0,35,0,20,20,0,46,0,0
23068,1000000US170314904001013,12,0,12,0,0,0,0,12,0,0,12,0,5,5,0,13,0,0
23069,1000000US170314904001014,23,0,23,0,0,0,0,23,0,0,23,0,12,12,0,30,0,0
23070,1000000US170314904001015,8,0,8,0,0,0,0,8,0,0,8,0,7,4,3,8,0,0
23071,1000000US170314904001016,35,0,35,0,0,0,0,35,0,0,35,0,18,18,0,44,0,0
23072,1000000US170314904001017,30,0,30,0,0,0,0,30,0,0,30,0,16,15,1,43,0,0
23073,1000000US170314904001018,27,0,27,0,0,0,0,27,0,0,27,0,12,11,1,39,0,0
23074,1000000US170314904001019,24,0,24,0,0,0,0,24,0,0,24,0,11,11,0,26,0,0
23075,1000000US170314904001020,33,0,33,0,0,0,0,33,0,0,33,0,25,18,7,51,0,0
23076,1000000US170314904001021,37,0,37,0,0,0,0,37,0,0,37,0,17,16,1,54,0,0
23077,1000000US170314904001022,18,0,18,0,0,0,0,18,0,0,18,0,12,10,2,26,0,0
23078,1000000US170314904001023,4,0,4,0,0,0,0,4,0,0,4,0,4,3,1,13,0,0
23079,1000000US170314904001024,14,0,14,0,0,0,0,14,0,0,14,0,7,7,0,19,0,0
23080,1000000US170314904001025,14,0,14,0,0,0,0,14,0,0,14,0,4,4,0,20,0,0
23081,1000000US170314904001026,12,0,12,0,0,0,0,12,0,0,12,0,11,8,3,15,0,0
23082,1000000US170314904001027,14,0,14,0,0,0,0,14,0,0,14,0,8,6,2,17,0,0
23083,1000000US170314904001028,21,1,20,0,0,0,0,21,0,0,20,0,8,8,0,25,0,0
23084,1000000US170314904001029,13,0,13,0,0,0,0,13,0,0,13,0,7,7,0,14,0,0
23085,1000000US170314904001030,39,0,39,0,0,0,0,39,0,0,39,0,22,20,2,48,0,0
23086,1000000US170314904001031,21,0,21,0,0,0,0,21,0,0,21,0,15,13,2,28,0,0
23087,1000000US170314904001032,0,0,0,0,0,0,0,0,0,0,0,0,0,0,0,0,0,0
23088,1000000US170314905001000,0,0,0,0,0,0,0,0,0,0,0,0,0,0,0,0,0,0
23089,1000000US170314905001001,0,0,0,0,0,0,0,0,0,0,0,0,0,0,0,0,0,0
23090,1000000US170314905001002,0,0,0,0,0,0,0,0,0,0,0,0,0,0,0,0,0,0
23091,1000000US170314905001003,291,20,254,1,4,7,10,281,0,10,271,8,0,0,0,291,1,3
23092,1000000US170314905001004,0,0,0,0,0,0,0,0,0,0,0,0,0,0,0,0,0,0
23093,1000000US170314905001005,4,0,4,0,0,0,0,4,0,0,4,0,3,2,1,4,0,0
23094,1000000US170314905001006,46,2,44,0,0,0,0,46,0,0,44,4,21,21,0,50,0,0
23095,1000000US170314905001007,50,0,50,3,0,0,0,50,0,0,50,3,20,20,0,61,3,0
23096,1000000US170314905001008,40,0,40,0,0,0,0,40,0,0,40,0,19,16,3,47,0,0
23097,1000000US170314905001009,19,0,16,0,0,0,0,19,0,0,19,1,11,10,1,21,0,0
23098,1000000US170314905001010,25,0,25,2,0,0,0,25,0,0,25,2,13,13,0,28,0,0
23099,1000000US170314905001011,25,0,24,1,0,0,0,25,0,0,25,0,15,14,1,32,1,0
23100,1000000US170314905001012,37,0,34,0,0,1,0,37,0,0,37,1,17,17,0,53,0,0
23101,1000000US170314905001013,68,1,67,0,0,0,2,66,0,2,67,0,44,40,4,91,0,2
23102,1000000US170314905001014,50,0,49,0,1,0,0,50,0,0,50,0,21,21,0,65,0,0
23103,1000000US170314905001015,46,1,45,0,0,0,0,46,0,0,45,0,19,18,1,62,0,0
23104,1000000US170314905001016,37,0,37,0,0,0,0,37,0,0,37,0,21,20,1,46,0,0
23105,1000000US170314905001017,42,0,42,0,0,0,0,42,0,0,42,0,21,19,2,50,0,0
23106,1000000US170314905001018,35,1,34,0,0,0,0,35,0,0,34,0,18,17,1,42,0,0
23107,1000000US170314905001019,32,0,32,0,0,0,0,32,0,0,32,0,20,19,1,38,0,0
23108,1000000US170314905001020,30,0,30,2,0,0,0,30,0,0,30,2,20,18,2,37,0,0
23109,1000000US170314905001021,35,0,35,0,0,0,0,35,0,0,35,0,19,19,0,36,0,0
23110,1000000US170314905001022,0,0,0,0,0,0,0,0,0,0,0,0,0,0,0,0,0,0
23111,1000000US170314905001023,0,0,0,0,0,0,0,0,0,0,0,0,0,0,0,0,0,0
23112,1000000US170314905002000,0,0,0,0,0,0,0,0,0,0,0,0,0,0,0,0,0,0
23113,1000000US170314905002001,0,0,0,0,0,0,0,0,0,0,0,0,1,0,1,0,0,0
23114,1000000US170314905002002,5,0,5,0,0,0,0,5,0,0,5,0,3,2,1,5,0,0
23115,1000000US170314905002003,0,0,0,0,0,0,0,0,0,0,0,0,0,0,0,0,0,0
23116,1000000US170314905002004,0,0,0,0,0,0,0,0,0,0,0,0,0,0,0,0,0,0
23117,1000000US170314905002005,33,0,33,0,0,0,0,33,0,0,33,0,19,18,1,45,0,0
23118,1000000US170314905002006,30,1,29,0,0,0,0,30,0,0,29,2,12,12,0,35,0,0
23119,1000000US170314905002007,38,0,38,0,0,0,0,38,0,0,38,0,14,14,0,41,0,0
23120,1000000US170314905002008,41,1,40,0,0,0,0,41,0,0,40,0,21,20,1,61,0,0
23121,1000000US170314905002009,30,0,30,0,0,0,0,30,0,0,30,0,13,13,0,35,0,0
23122,1000000US170314905002010,44,0,43,0,2,0,0,44,0,0,44,1,16,16,0,51,0,0
23123,1000000US170314905002011,45,0,45,0,0,0,0,45,0,0,45,0,26,24,2,53,0,0
23124,1000000US170314905002012,44,0,44,1,1,0,0,44,0,0,44,3,22,22,0,59,1,0
23125,1000000US170314905002013,47,0,47,0,0,0,0,47,0,0,47,0,21,18,3,57,0,0
23126,1000000US170314905002014,27,0,27,0,0,0,0,27,0,0,27,0,16,13,3,32,0,0
23127,1000000US170314905002015,31,0,31,0,0,0,0,31,0,0,31,0,17,17,0,40,0,0
23128,1000000US170314905002016,45,0,45,0,0,0,0,45,0,0,45,0,22,19,3,61,0,0
23129,1000000US170314905002017,44,0,44,0,0,0,0,44,0,0,44,0,26,22,4,54,0,0
23130,1000000US170314905002018,43,0,43,0,0,0,0,43,0,0,43,0,22,22,0,48,0,0
23131,1000000US170314905002019,40,0,40,0,0,0,0,40,0,0,40,0,19,19,0,49,0,0
23132,1000000US170314905002020,49,0,49,2,2,0,0,49,0,0,49,2,29,25,4,62,2,0
23133,1000000US170314905002021,38,0,38,0,0,0,0,38,0,0,38,0,22,20,2,49,0,0
23134,1000000US170314905002022,35,1,33,1,0,0,0,35,0,0,34,0,20,20,0,44,1,0
23135,1000000US170314905002023,29,0,28,0,1,0,0,29,0,0,29,0,18,16,2,39,0,0
23136,1000000US170314905002024,31,0,31,0,0,0,0,31,0,0,31,0,17,16,1,43,0,0
23137,1000000US170314905002025,0,0,0,0,0,0,0,0,0,0,0,0,0,0,0,0,0,0
23138,1000000US170314905002026,39,0,39,0,0,0,0,39,0,0,39,0,20,19,1,47,0,0
23139,1000000US170314905002027,39,0,38,1,0,1,0,39,0,0,39,2,23,20,3,45,0,0
23140,1000000US170314905002028,16,0,16,0,0,0,0,16,0,0,16,0,9,7,2,16,0,0
23141,1000000US170314905002029,15,0,15,0,0,0,0,15,0,0,15,0,9,8,1,19,0,0
23142,1000000US170314905002030,0,0,0,0,0,0,0,0,0,0,0,0,0,0,0,0,0,0
23143,1000000US170314905002031,1,0,0,0,1,0,0,1,0,0,1,0,1,1,0,1,0,0
23144,1000000US170314905002032,2,0,2,0,0,0,1,1,0,1,2,1,1,1,0,2,0,1
23145,1000000US170314905002033,12,0,12,0,0,0,0,12,0,0,12,0,6,6,0,13,0,0
23146,1000000US170314905002034,12,0,10,1,1,0,2,10,0,2,12,1,11,6,5,23,0,1
23147,1000000US170314905002035,10,0,10,0,0,0,0,10,0,0,10,0,7,4,3,10,0,0
23148,1000000US170314905002036,16,0,16,0,0,0,0,16,0,0,16,0,7,7,0,18,0,0
23149,1000000US170314905002037,7,0,7,0,0,0,0,7,0,0,7,0,5,5,0,7,0,0
23150,1000000US170314905002038,9,0,9,0,0,0,0,9,0,0,9,0,4,4,0,12,0,0
23151,1000000US170314905002039,0,0,0,0,0,0,0,0,0,0,0,0,0,0,0,0,0,0
23152,1000000US170314905002040,0,0,0,0,0,0,0,0,0,0,0,0,0,0,0,0,0,0
23153,1000000US170314905002041,2,0,1,0,0,0,1,1,0,1,2,0,1,1,0,2,0,0
23154,1000000US170314905002042,2,0,2,0,0,0,0,2,0,0,2,0,2,2,0,2,0,0
23155,1000000US170314905002043,8,0,8,0,0,0,0,8,0,0,8,0,4,4,0,8,0,0
23156,1000000US170314906001000,4,0,4,0,0,0,0,4,0,0,4,0,0,0,0,4,0,0
23157,1000000US170314906001001,0,0,0,0,0,0,0,0,0,0,0,0,0,0,0,0,0,0
23158,1000000US170314906001002,0,0,0,0,0,0,0,0,0,0,0,0,0,0,0,0,0,0
23159,1000000US170314906001003,0,0,0,0,0,0,0,0,0,0,0,0,0,0,0,0,0,0
23160,1000000US170314906001004,0,0,0,0,0,0,0,0,0,0,0,0,0,0,0,0,0,0
23161,1000000US170314906001005,0,0,0,0,0,0,0,0,0,0,0,0,0,0,0,0,0,0
23162,1000000US170314906001006,0,0,0,0,0,0,0,0,0,0,0,0,0,0,0,0,0,0
23163,1000000US170314906001007,0,0,0,0,0,0,0,0,0,0,0,0,0,0,0,0,0,0
23164,1000000US170314906001008,3,0,3,0,0,0,0,3,0,0,3,0,2,2,0,3,0,0
23165,1000000US170314906001009,0,0,0,0,0,0,0,0,0,0,0,0,0,0,0,0,0,0
23166,1000000US170314906001010,5,0,5,0,0,0,0,5,0,0,5,0,4,3,1,6,0,0
23167,1000000US170314906001011,5,0,5,0,0,0,0,5,0,0,5,0,1,1,0,5,0,0
23168,1000000US170314906001012,0,0,0,0,0,0,0,0,0,0,0,0,0,0,0,0,0,0
23169,1000000US170314906001013,5,0,5,0,1,0,0,5,0,0,5,2,2,2,0,7,0,0
23170,1000000US170314906001014,5,0,5,0,0,0,0,5,0,0,5,0,3,2,1,8,0,0
23171,1000000US170314906001015,17,0,17,0,0,0,0,17,0,0,17,0,10,8,2,22,0,0
23172,1000000US170314906001016,34,0,32,2,0,0,2,32,0,2,34,0,13,12,1,43,2,2
23173,1000000US170314906001017,15,0,15,0,0,0,0,15,0,0,15,0,11,9,2,21,0,0
23174,1000000US170314906001018,26,0,24,0,2,0,0,26,0,0,26,1,15,12,3,31,0,0
23175,1000000US170314906001019,30,0,30,0,0,0,0,30,0,0,30,1,17,14,3,44,0,0
23176,1000000US170314906001020,37,0,37,0,0,0,0,37,0,0,37,0,13,13,0,50,0,0
23177,1000000US170314906001021,16,0,16,0,0,0,0,16,0,0,16,0,10,10,0,18,0,0
23178,1000000US170314906001022,38,0,38,0,0,0,0,38,0,0,38,0,20,17,3,46,0,0
23179,1000000US170314906001023,33,0,33,2,0,0,0,33,0,0,33,2,14,13,1,51,2,0
23180,1000000US170314906001024,18,0,18,0,0,0,0,18,0,0,18,0,12,9,3,26,0,0
23181,1000000US170314906001025,22,0,22,0,0,0,0,22,0,0,22,1,11,8,3,25,0,0
23182,1000000US170314906001026,38,0,38,0,0,0,0,38,0,0,38,0,18,17,1,57,0,0
23183,1000000US170314906001027,17,0,17,0,0,0,0,17,0,0,17,0,12,11,1,25,0,0
23184,1000000US170314906001028,5,0,5,0,0,0,0,5,0,0,5,0,4,4,0,8,0,0
23185,1000000US170314906001029,0,0,0,0,0,0,0,0,0,0,0,0,0,0,0,0,0,0
23186,1000000US170314906001030,29,0,29,0,0,0,0,29,0,0,29,0,16,15,1,34,0,0
23187,1000000US170314906001031,27,0,27,0,0,0,0,27,0,0,27,0,18,16,2,35,0,0
23188,1000000US170314906001032,33,0,33,0,0,0,0,33,0,0,33,0,16,16,0,36,0,0
23189,1000000US170314906001033,32,0,32,0,0,0,0,32,0,0,32,1,20,20,0,45,0,0
23190,1000000US170314906001034,46,0,45,0,0,0,1,45,0,1,46,0,19,19,0,54,0,0
23191,1000000US170314906001035,47,0,47,0,0,0,0,47,0,0,47,1,21,21,0,68,0,0
23192,1000000US170314906001036,30,0,30,0,0,0,0,30,0,0,30,0,17,17,0,35,0,0
23193,1000000US170314906001037,40,0,40,0,0,0,2,38,0,2,40,2,19,19,0,59,0,2
23194,1000000US170314906001038,36,0,36,0,0,0,0,36,0,0,36,2,17,17,0,44,0,0
23195,1000000US170314906001039,41,0,41,0,0,0,0,41,0,0,41,0,21,19,2,52,0,0
23196,1000000US170314906001040,42,0,42,0,0,0,0,42,0,0,42,0,19,17,2,51,0,0
23197,1000000US170314906001041,9,0,9,0,0,0,0,9,0,0,9,0,4,4,0,12,0,0
23198,1000000US170314906001042,6,0,6,0,0,0,0,6,0,0,6,0,4,3,1,6,0,0
23199,1000000US170314906001043,9,0,9,0,0,0,0,9,0,0,9,0,6,6,0,11,0,0
23200,1000000US170314906001044,19,0,16,3,0,0,3,16,0,3,19,0,8,8,0,21,3,0
23201,1000000US170314906001045,39,0,39,0,0,0,0,39,0,0,39,0,19,19,0,52,0,0
23202,1000000US170314906001046,31,0,31,0,0,0,1,30,0,1,31,0,20,19,1,45,0,1
23203,1000000US170314906001047,32,0,32,0,0,0,1,31,0,1,32,0,16,15,1,42,0,1
23204,1000000US170314906001048,29,0,29,0,0,0,0,29,0,0,29,2,14,14,0,37,0,0
23205,1000000US170314906001049,0,0,0,0,0,0,0,0,0,0,0,0,0,0,0,0,0,0
23206,1000000US170314906001050,0,0,0,0,0,0,0,0,0,0,0,0,0,0,0,0,0,0
23207,1000000US170314906001051,0,0,0,0,0,0,0,0,0,0,0,0,0,0,0,0,0,0
23208,1000000US170314906001052,0,0,0,0,0,0,0,0,0,0,0,0,0,0,0,0,0,0
23209,1000000US170314906001053,0,0,0,0,0,0,0,0,0,0,0,0,0,0,0,0,0,0
23210,1000000US170314906001054,0,0,0,0,0,0,0,0,0,0,0,0,0,0,0,0,0,0
23211,1000000US170314906001055,0,0,0,0,0,0,0,0,0,0,0,0,0,0,0,0,0,0
23212,1000000US170314906001056,0,0,0,0,0,0,0,0,0,0,0,0,0,0,0,0,0,0
23213,1000000US170314906001057,48,1,47,0,0,0,0,48,0,0,47,0,27,24,3,73,0,0
23214,1000000US170314906001058,14,0,14,0,0,0,0,14,0,0,14,0,8,8,0,19,0,0
23215,1000000US170314906001059,11,0,11,0,0,0,0,11,0,0,11,0,7,7,0,13,0,0
23216,1000000US170314906001060,35,0,35,0,0,0,0,35,0,0,35,0,15,15,0,43,0,0
23217,1000000US170314906001061,3,0,3,0,0,0,0,3,0,0,3,0,3,3,0,3,0,0
23218,1000000US170314906001062,8,0,8,0,0,0,0,8,0,0,8,0,5,5,0,10,0,0
23219,1000000US170314906001063,0,0,0,0,0,0,0,0,0,0,0,0,0,0,0,0,0,0
23220,1000000US170314906001064,0,0,0,0,0,0,0,0,0,0,0,0,0,0,0,0,0,0
23221,1000000US170314906001065,0,0,0,0,0,0,0,0,0,0,0,0,0,0,0,0,0,0
23222,1000000US170314906001066,0,0,0,0,0,0,0,0,0,0,0,0,0,0,0,0,0,0
23223,1000000US170314906001067,19,0,19,0,0,0,0,19,0,0,19,0,9,9,0,25,0,0
23224,1000000US170314906001068,15,0,15,0,0,0,0,15,0,0,15,0,7,7,0,22,0,0
23225,1000000US170314906001069,38,0,37,1,0,0,1,37,0,1,38,1,19,17,2,47,0,0
23226,1000000US170314906001070,30,0,30,0,0,0,0,30,0,0,30,0,17,17,0,35,0,0
23227,1000000US170314906001071,4,0,4,0,0,0,0,4,0,0,4,0,3,3,0,9,0,0
23228,1000000US170314906001072,20,0,20,0,0,0,1,19,0,1,20,0,9,8,1,24,0,1
23229,1000000US170314906001073,0,0,0,0,0,0,0,0,0,0,0,0,0,0,0,0,0,0
23230,1000000US170314907001000,41,0,41,0,0,0,0,41,0,0,41,2,25,22,3,69,0,0
23231,1000000US170314907001001,52,0,52,0,0,0,0,52,0,0,52,0,21,21,0,72,0,0
23232,1000000US170314907001002,38,0,38,0,0,0,0,38,0,0,38,0,18,17,1,44,0,0
23233,1000000US170314907001003,51,0,51,0,0,0,0,51,0,0,51,0,21,20,1,65,0,0
23234,1000000US170314907001004,32,0,32,0,0,0,0,32,0,0,32,0,14,14,0,38,0,0
23235,1000000US170314907001005,56,0,56,0,0,0,0,56,0,0,56,0,23,21,2,75,0,0
23236,1000000US170314907001006,43,0,43,0,0,0,0,43,0,0,43,0,20,18,2,52,0,0
23237,1000000US170314907001007,33,0,32,0,0,0,1,32,0,1,33,0,17,16,1,56,0,0
23238,1000000US170314907001008,33,0,33,0,0,0,0,33,0,0,33,0,18,16,2,48,0,0
23239,1000000US170314907001009,53,0,53,0,0,0,0,53,0,0,53,0,20,20,0,81,0,0
23240,1000000US170314907001010,38,0,38,0,0,0,0,38,0,0,38,0,18,18,0,49,0,0
23241,1000000US170314907001011,33,1,32,0,0,0,0,33,0,0,32,1,19,18,1,41,0,0
23242,1000000US170314907001012,35,0,35,0,0,0,0,35,0,0,35,0,19,15,4,44,0,0
23243,1000000US170314907001013,63,0,63,0,0,0,0,63,0,0,63,0,22,21,1,83,0,0
23244,1000000US170314907001014,44,0,44,1,0,1,0,44,0,0,44,1,18,17,1,60,1,0
23245,1000000US170314907001015,46,0,46,0,0,0,1,45,0,1,46,0,23,21,2,63,0,1
23246,1000000US170314907002000,36,0,35,0,0,0,2,34,0,2,36,0,19,16,3,51,0,1
23247,1000000US170314907002001,32,0,32,0,0,0,0,32,0,0,32,0,15,14,1,49,0,0
23248,1000000US170314907002002,31,0,30,1,0,0,0,31,0,0,31,0,12,12,0,38,1,0
23249,1000000US170314907002003,33,0,33,0,0,0,0,33,0,0,33,0,17,14,3,58,0,0
23250,1000000US170314907002004,36,0,36,0,0,0,0,36,0,0,36,0,17,14,3,44,0,0
23251,1000000US170314907002005,28,0,28,0,0,0,0,28,0,0,28,0,17,12,5,37,0,0
23252,1000000US170314907002006,38,0,38,0,0,0,0,38,0,0,38,0,17,16,1,54,0,0
23253,1000000US170314907002007,40,0,40,0,0,0,0,40,0,0,40,0,19,16,3,49,0,0
23254,1000000US170314907002008,38,0,38,0,0,0,2,36,0,2,38,0,12,12,0,53,0,2
23255,1000000US170314907002009,25,0,25,0,0,0,0,25,0,0,25,3,16,12,4,41,0,0
23256,1000000US170314907002010,25,1,24,0,0,0,0,25,0,0,24,0,12,9,3,36,0,0
23257,1000000US170314907002011,34,0,34,0,0,0,0,34,0,0,34,0,14,13,1,52,0,0
23258,1000000US170314907002012,31,0,31,0,0,0,0,31,0,0,31,0,11,10,1,51,0,0
23259,1000000US170314907002013,27,0,22,0,0,0,0,27,0,0,27,0,11,11,0,38,0,0
23260,1000000US170314907002014,19,0,19,0,0,0,0,19,0,0,19,0,11,9,2,28,0,0
23261,1000000US170314907002015,41,0,41,0,0,0,0,41,0,0,41,0,18,13,5,53,0,0
23262,1000000US170314907002016,0,0,0,0,0,0,0,0,0,0,0,0,0,0,0,0,0,0
23263,1000000US170314907002017,0,0,0,0,0,0,0,0,0,0,0,0,0,0,0,0,0,0
23264,1000000US170314907002018,17,0,17,0,0,0,0,17,0,0,17,0,6,6,0,19,0,0
23265,1000000US170314907002019,0,0,0,0,0,0,0,0,0,0,0,0,1,0,1,0,0,0
23266,1000000US170314907003000,53,0,53,0,0,0,0,53,0,0,53,0,19,17,2,75,0,0
23267,1000000US170314907003001,51,0,51,0,0,0,0,51,0,0,51,0,20,18,2,63,0,0
23268,1000000US170314907003002,38,0,38,0,0,0,0,38,0,0,38,0,18,17,1,48,0,0
23269,1000000US170314907003003,5,0,5,0,0,0,0,5,0,0,5,0,2,2,0,5,0,0
23270,1000000US170314907003004,1,0,1,0,0,0,0,1,0,0,1,0,1,1,0,1,0,0
23271,1000000US170314907003005,33,0,33,0,0,0,0,33,0,0,33,0,16,16,0,51,0,0
23272,1000000US170314907003006,31,0,31,0,0,0,0,31,0,0,31,0,15,15,0,37,0,0
23273,1000000US170314907003007,36,0,36,0,0,0,0,36,0,0,36,0,19,17,2,42,0,0
23274,1000000US170314907003008,28,0,28,0,0,0,0,28,0,0,28,0,15,12,3,45,0,0
23275,1000000US170314907003009,38,1,37,0,4,0,1,37,0,1,37,4,18,16,2,58,0,1
23276,1000000US170314907003010,33,0,33,0,0,0,0,33,0,0,33,0,16,15,1,40,0,0
23277,1000000US170314907003011,41,0,41,0,0,0,0,41,0,0,41,0,21,21,0,58,0,0
23278,1000000US170314907003012,33,0,30,3,0,0,3,30,0,3,33,0,13,12,1,36,3,0
23279,1000000US170314907003013,18,0,18,0,0,0,0,18,0,0,18,0,11,11,0,26,0,0
23280,1000000US170314907003014,0,0,0,0,0,0,0,0,0,0,0,0,0,0,0,0,0,0
23281,1000000US170314907003015,70,0,70,0,0,0,0,70,0,0,70,0,35,34,1,84,0,0
23282,1000000US170314907003016,57,0,57,0,0,0,0,57,0,0,57,0,32,25,7,59,0,0
23283,1000000US170314907003017,22,0,22,0,0,0,0,22,0,0,22,0,11,10,1,25,0,0
23284,1000000US170314907003018,11,0,11,0,0,0,0,11,0,0,11,0,7,5,2,14,0,0
23285,1000000US170314907003019,19,0,19,0,0,0,0,19,0,0,19,0,9,7,2,25,0,0
23286,1000000US170314907003020,31,0,31,0,0,0,0,31,0,0,31,0,12,11,1,35,0,0
23287,1000000US170314907003021,22,0,22,0,0,0,0,22,0,0,22,0,11,11,0,36,0,0
23288,1000000US170314907003022,46,0,46,0,0,0,0,46,0,0,46,0,18,18,0,63,0,0
23289,1000000US170314907003023,93,0,93,0,0,0,0,93,0,0,93,2,40,40,0,112,0,0
23290,1000000US170314907003024,29,0,29,1,0,0,1,28,0,1,29,1,15,14,1,37,1,1
23291,1000000US170314907003025,36,0,36,0,0,0,0,36,0,0,36,0,16,16,0,43,0,0
23292,1000000US170314907003026,0,0,0,0,0,0,0,0,0,0,0,0,0,0,0,0,0,0
23293,1000000US170314907003027,2,0,2,0,0,0,0,2,0,0,2,0,1,1,0,4,0,0
23294,1000000US170314907003028,28,0,28,0,0,0,1,27,0,1,28,0,14,12,2,42,0,1
23295,1000000US170314907003029,21,0,21,0,0,0,0,21,0,0,21,0,7,7,0,25,0,0
23296,1000000US170314907003030,7,0,7,0,0,0,0,7,0,0,7,0,5,4,1,9,0,0
23297,1000000US170314907003031,71,1,70,0,0,0,3,68,0,3,70,0,31,31,0,94,0,3
23298,1000000US170314907003032,12,0,12,0,0,0,0,12,0,0,12,0,8,5,3,17,0,0
23299,1000000US170314907003033,12,0,12,0,0,0,0,12,0,0,12,0,9,6,3,20,0,0
23300,1000000US170314907003034,29,0,25,2,0,0,2,27,0,2,29,0,17,16,1,37,2,0
23301,1000000US170314907003035,26,0,26,2,0,0,1,25,0,1,26,3,14,13,1,28,2,1
23302,1000000US170314908001000,0,0,0,0,0,0,0,0,0,0,0,0,0,0,0,0,0,0
23303,1000000US170314908001001,0,0,0,0,0,0,0,0,0,0,0,0,0,0,0,0,0,0
23304,1000000US170314908001002,0,0,0,0,0,0,0,0,0,0,0,0,0,0,0,0,0,0
23305,1000000US170314908001003,0,0,0,0,0,0,0,0,0,0,0,0,0,0,0,0,0,0
23306,1000000US170314908001004,0,0,0,0,0,0,0,0,0,0,0,0,0,0,0,0,0,0
23307,1000000US170314908001005,35,0,35,0,0,0,0,35,0,0,35,0,18,18,0,43,0,0
23308,1000000US170314908001006,13,0,13,0,0,0,0,13,0,0,13,0,8,7,1,13,0,0
23309,1000000US170314908001007,40,1,39,0,0,0,0,40,0,0,39,0,20,19,1,47,0,0
23310,1000000US170314908001008,44,0,44,1,0,0,0,44,0,0,44,1,22,21,1,62,0,0
23311,1000000US170314908001009,27,0,27,0,0,0,0,27,0,0,27,0,20,17,3,30,0,0
23312,1000000US170314908001010,50,0,50,0,0,0,0,50,0,0,50,0,22,20,2,64,0,0
23313,1000000US170314908001011,19,0,19,0,1,0,1,18,0,1,19,1,9,9,0,21,0,1
23314,1000000US170314908001012,21,0,21,0,0,0,0,21,0,0,21,0,11,10,1,26,0,0
23315,1000000US170314908001013,33,0,33,0,0,0,0,33,0,0,33,0,16,14,2,39,0,0
23316,1000000US170314908001014,26,0,26,0,0,0,0,26,0,0,26,0,16,13,3,31,0,0
23317,1000000US170314908001015,19,0,19,0,0,0,0,19,0,0,19,0,9,9,0,29,0,0
23318,1000000US170314908001016,24,0,23,0,1,0,0,24,0,0,24,1,12,11,1,30,0,0
23319,1000000US170314908001017,25,0,25,0,0,0,0,25,0,0,25,0,15,15,0,36,0,0
23320,1000000US170314908001018,28,0,28,0,0,0,0,28,0,0,28,0,13,13,0,37,0,0
23321,1000000US170314908001019,22,2,18,0,0,0,2,20,0,2,20,1,14,14,0,25,0,0
23322,1000000US170314908001020,46,0,45,3,0,0,0,46,0,0,46,2,31,30,1,50,3,0
23323,1000000US170314908001021,18,0,18,0,0,0,2,16,0,2,18,0,10,10,0,18,0,2
23324,1000000US170314908001022,20,0,20,0,0,0,1,19,0,1,20,0,11,10,1,21,0,1
23325,1000000US170314908001023,28,0,28,0,0,0,0,28,0,0,28,0,12,12,0,33,0,0
23326,1000000US170314908001024,25,0,25,1,0,0,0,25,0,0,25,1,14,13,1,29,1,0
23327,1000000US170314908001025,26,0,26,1,0,0,0,26,0,0,26,1,17,14,3,28,1,0
23328,1000000US170314908001026,42,0,41,0,0,1,0,42,0,0,42,0,35,30,5,43,0,0
23329,1000000US170314908001027,0,0,0,0,0,0,0,0,0,0,0,0,0,0,0,0,0,0
23330,1000000US170314908001028,0,0,0,0,0,0,0,0,0,0,0,0,0,0,0,0,0,0
23331,1000000US170314908001029,7,1,6,0,0,0,0,7,0,0,6,1,4,3,1,11,0,0
23332,1000000US170314908002000,37,0,37,0,0,0,0,37,0,0,37,0,21,21,0,44,0,0
23333,1000000US170314908002001,44,0,44,0,0,0,0,44,0,0,44,0,21,21,0,47,0,0
23334,1000000US170314908002002,36,0,36,0,0,0,1,35,0,1,36,0,18,18,0,44,0,1
23335,1000000US170314908002003,30,0,30,1,0,0,0,30,0,0,30,1,19,18,1,41,1,0
23336,1000000US170314908002004,26,0,26,0,0,0,0,26,0,0,26,0,17,15,2,39,0,0
23337,1000000US170314908002005,24,0,24,0,0,0,1,23,0,1,24,0,14,14,0,28,0,1
23338,1000000US170314908002006,43,0,43,0,0,0,0,43,0,0,43,0,21,19,2,49,0,0
23339,1000000US170314908002007,37,0,37,1,1,0,0,37,0,0,37,1,23,21,2,51,1,0
23340,1000000US170314908002008,37,2,35,0,0,0,0,37,0,0,35,0,21,18,3,49,0,0
23341,1000000US170314908002009,39,0,39,0,0,0,0,39,0,0,39,0,21,19,2,49,0,0
23342,1000000US170314908002010,56,0,56,1,0,0,0,56,0,0,56,1,35,32,3,69,1,0
23343,1000000US170314908002011,35,0,35,0,0,0,0,35,0,0,35,0,20,19,1,41,0,0
23344,1000000US170314908002012,24,0,24,0,0,0,0,24,0,0,24,0,12,11,1,34,0,0
23345,1000000US170314908002013,30,0,30,0,0,0,0,30,0,0,30,0,14,13,1,33,0,0
23346,1000000US170314908002014,34,0,34,1,0,0,1,33,0,1,34,1,20,18,2,52,0,1
23347,1000000US170314908002015,33,0,33,0,0,0,0,33,0,0,33,0,19,18,1,44,0,0
23348,1000000US170314908002016,22,3,19,0,0,0,0,22,0,0,19,0,14,12,2,28,0,0
23349,1000000US170314908002017,0,0,0,0,0,0,0,0,0,0,0,0,0,0,0,0,0,0
23350,1000000US170314908002018,13,0,13,0,0,0,0,13,0,0,13,0,6,6,0,17,0,0
23351,1000000US170314908002019,0,0,0,0,0,0,0,0,0,0,0,0,0,0,0,0,0,0
23352,1000000US170314908002020,4,0,3,0,1,0,0,4,0,0,4,0,2,2,0,4,0,0
23353,1000000US170314908003000,0,0,0,0,0,0,0,0,0,0,0,0,0,0,0,0,0,0
23354,1000000US170314908003001,0,0,0,0,0,0,0,0,0,0,0,0,0,0,0,0,0,0
23355,1000000US170314908003002,0,0,0,0,0,0,0,0,0,0,0,0,0,0,0,0,0,0
23356,1000000US170314908003003,0,0,0,0,0,0,0,0,0,0,0,0,0,0,0,0,0,0
23357,1000000US170314908003004,0,0,0,0,0,0,0,0,0,0,0,0,0,0,0,0,0,0
23358,1000000US170314908003005,0,0,0,0,0,0,0,0,0,0,0,0,0,0,0,0,0,0
23359,1000000US170314908003006,0,0,0,0,0,0,0,0,0,0,0,0,0,0,0,0,0,0
23360,1000000US170314908003007,0,0,0,0,0,0,0,0,0,0,0,0,0,0,0,0,0,0
23361,1000000US170314908003008,0,0,0,0,0,0,0,0,0,0,0,0,0,0,0,0,0,0
23362,1000000US170314908003009,0,0,0,0,0,0,0,0,0,0,0,0,0,0,0,0,0,0
23363,1000000US170314908003010,0,0,0,0,0,0,0,0,0,0,0,0,0,0,0,0,0,0
23364,1000000US170314908003011,0,0,0,0,0,0,0,0,0,0,0,0,0,0,0,0,0,0
23365,1000000US170314908003012,0,0,0,0,0,0,0,0,0,0,0,0,0,0,0,0,0,0
23366,1000000US170314908003013,45,0,45,0,0,0,0,45,0,0,45,1,23,20,3,79,0,0
23367,1000000US170314908003014,0,0,0,0,0,0,0,0,0,0,0,0,0,0,0,0,0,0
23368,1000000US170314908003015,0,0,0,0,0,0,0,0,0,0,0,0,0,0,0,0,0,0
23369,1000000US170314908003016,0,0,0,0,0,0,0,0,0,0,0,0,0,0,0,0,0,0
23370,1000000US170314908003017,0,0,0,0,0,0,0,0,0,0,0,0,0,0,0,0,0,0
23371,1000000US170314908003018,0,0,0,0,0,0,0,0,0,0,0,0,0,0,0,0,0,0
23372,1000000US170314908003019,0,0,0,0,0,0,0,0,0,0,0,0,0,0,0,0,0,0
23373,1000000US170314908003020,0,0,0,0,0,0,0,0,0,0,0,0,1,0,1,0,0,0
23374,1000000US170314908003021,8,0,8,0,0,0,0,8,0,0,8,0,3,3,0,12,0,0
23375,1000000US170314908003022,48,0,48,0,0,0,0,48,0,0,48,0,23,20,3,67,0,0
23376,1000000US170314908003023,50,0,49,1,0,0,1,49,0,1,50,0,17,17,0,67,1,1
23377,1000000US170314908003024,33,0,33,0,0,0,0,33,0,0,33,0,15,15,0,59,0,0
23378,1000000US170314908003025,38,0,38,0,0,0,1,37,0,1,38,0,13,12,1,54,0,1
23379,1000000US170314908003026,45,0,44,1,0,0,1,44,0,1,45,0,25,22,3,64,1,0
23380,1000000US170314908003027,33,0,33,0,0,0,0,33,0,0,33,0,19,18,1,51,0,0
23381,1000000US170314908003028,36,0,36,0,0,0,0,36,0,0,36,0,19,18,1,43,0,0
23382,1000000US170314908003029,33,0,32,0,0,0,1,32,0,1,33,0,18,17,1,42,0,0
23383,1000000US170314908003030,12,0,12,0,0,0,0,12,0,0,12,0,4,4,0,15,0,0
23384,1000000US170314908003031,41,0,41,1,0,0,0,41,0,0,41,1,20,17,3,64,1,0
23385,1000000US170314908003032,50,1,49,0,0,0,0,50,0,0,49,0,21,18,3,71,0,0
23386,1000000US170314908003033,23,1,22,0,0,0,0,23,0,0,22,0,12,12,0,34,0,0
23387,1000000US170314908003034,45,0,44,4,0,0,1,44,0,1,45,4,21,21,0,74,1,0
23388,1000000US170314908003035,42,0,42,0,0,0,0,42,0,0,42,0,20,19,1,53,0,0
23389,1000000US170314908003036,39,0,39,0,0,0,1,38,0,1,39,0,20,18,2,51,0,1
23390,1000000US170314908003037,40,0,40,0,0,0,0,40,0,0,40,0,21,20,1,54,0,0
23391,1000000US170314908003038,46,0,46,0,0,0,0,46,0,0,46,0,20,19,1,60,0,0
23392,1000000US170314908003039,56,0,56,0,1,0,0,56,0,0,56,1,25,24,1,66,0,0
23393,1000000US170314908004000,39,0,39,0,0,0,0,39,0,0,39,0,28,26,2,51,0,0
23394,1000000US170314908004001,45,0,45,0,0,0,0,45,0,0,45,0,19,19,0,53,0,0
23395,1000000US170314908004002,43,0,43,0,0,0,0,43,0,0,43,0,20,18,2,57,0,0
23396,1000000US170314908004003,34,0,34,0,0,0,0,34,0,0,34,0,19,18,1,39,0,0
23397,1000000US170314908004004,0,0,0,0,0,0,0,0,0,0,0,0,0,0,0,0,0,0
23398,1000000US170314908004005,35,1,34,0,0,0,0,35,0,0,34,0,18,18,0,41,0,0
23399,1000000US170314908004006,40,0,40,0,0,0,0,40,0,0,40,0,19,17,2,49,0,0
23400,1000000US170314908004007,27,0,27,0,0,0,0,27,0,0,27,0,14,14,0,35,0,0
23401,1000000US170314908004008,28,0,28,0,0,0,0,28,0,0,28,0,18,14,4,38,0,0
23402,1000000US170314908004009,35,0,35,0,0,0,0,35,0,0,35,0,14,14,0,44,0,0
23403,1000000US170314908004010,34,0,34,0,0,0,0,34,0,0,34,1,20,18,2,42,0,0
23404,1000000US170314908004011,25,0,25,1,0,0,0,25,0,0,25,1,13,12,1,27,0,0
23405,1000000US170314908004012,32,0,28,0,0,0,4,28,0,4,32,0,15,15,0,43,0,0
23406,1000000US170314908004013,34,0,34,0,0,0,0,34,0,0,34,0,15,14,1,42,0,0
23407,1000000US170314908004014,30,0,30,0,0,0,0,30,0,0,30,0,21,20,1,39,0,0
23408,1000000US170314908004015,0,0,0,0,0,0,0,0,0,0,0,0,0,0,0,0,0,0
23409,1000000US170314908004016,25,0,25,0,0,0,0,25,0,0,25,0,15,14,1,34,0,0
23410,1000000US170314908004017,4,0,4,0,0,0,0,4,0,0,4,0,2,2,0,8,0,0
23411,1000000US170314908004018,0,0,0,0,0,0,0,0,0,0,0,0,0,0,0,0,0,0
23412,1000000US170314908005000,47,0,47,0,0,0,0,47,0,0,47,0,18,18,0,57,0,0
23413,1000000US170314908005001,5,0,5,0,0,0,0,5,0,0,5,0,2,2,0,10,0,0
23414,1000000US170314908005002,59,0,59,1,1,0,1,58,0,1,59,2,23,22,1,91,1,1
23415,1000000US170314908005003,14,0,14,0,0,0,0,14,0,0,14,0,12,8,4,21,0,0
23416,1000000US170314908005004,66,0,66,0,0,0,0,66,0,0,66,0,31,29,2,87,0,0
23417,1000000US170314908005005,50,0,50,0,0,0,0,50,0,0,50,0,22,18,4,69,0,0
23418,1000000US170314908005006,0,0,0,0,0,0,0,0,0,0,0,0,0,0,0,0,0,0
23419,1000000US170314908005007,35,0,35,0,0,0,0,35,0,0,35,0,20,14,6,53,0,0
23420,1000000US170314908005008,60,0,59,1,0,0,0,60,0,0,60,0,59,58,1,61,1,0
23421,1000000US170314908005009,19,0,19,0,0,0,0,19,0,0,19,0,10,9,1,28,0,0
23422,1000000US170314908005010,17,0,17,0,0,0,0,17,0,0,17,0,8,8,0,33,0,0
23423,1000000US170314908005011,21,0,21,0,0,0,0,21,0,0,21,0,10,10,0,27,0,0
23424,1000000US170314908005012,33,0,33,0,0,0,0,33,0,0,33,0,13,12,1,47,0,0
23425,1000000US170314908005013,19,0,18,0,0,0,1,18,0,1,19,0,7,6,1,25,0,0
23426,1000000US170314908005014,11,0,11,0,0,0,0,11,0,0,11,0,8,6,2,12,0,0
23427,1000000US170314908005015,23,0,23,0,0,0,0,23,0,0,23,0,10,7,3,44,0,0
23428,1000000US170314908005016,5,0,5,0,0,0,0,5,0,0,5,0,3,3,0,9,0,0
23429,1000000US170314908005017,36,6,30,0,0,1,0,36,0,0,30,1,11,11,0,46,0,0
23430,1000000US170314908005018,26,0,26,0,0,0,2,24,0,2,26,1,15,12,3,34,0,2
23431,1000000US170314908005019,2,0,1,0,2,0,0,2,0,0,2,1,2,1,1,2,0,0
23432,1000000US170314909011000,15,0,15,0,0,0,0,15,0,0,15,0,9,8,1,17,0,0
23433,1000000US170314909011001,35,0,35,0,0,0,0,35,0,0,35,0,15,15,0,42,0,0
23434,1000000US170314909011002,28,0,28,0,0,0,0,28,0,0,28,0,14,14,0,37,0,0
23435,1000000US170314909011003,36,0,36,0,0,0,0,36,0,0,36,0,16,16,0,38,0,0
23436,1000000US170314909011004,31,0,31,0,0,0,0,31,0,0,31,0,15,15,0,39,0,0
23437,1000000US170314909011005,56,0,56,0,0,0,0,56,0,0,56,0,24,24,0,66,0,0
23438,1000000US170314909011006,58,0,58,0,2,0,1,57,0,1,58,2,38,33,5,67,0,1
23439,1000000US170314909011007,36,0,36,0,0,0,0,36,0,0,36,0,23,20,3,44,0,0
23440,1000000US170314909011008,34,0,34,0,0,0,0,34,0,0,34,0,15,15,0,43,0,0
23441,1000000US170314909011009,28,0,28,0,0,0,0,28,0,0,28,1,16,16,0,41,0,0
23442,1000000US170314909011010,61,0,61,0,0,0,1,60,0,1,61,0,33,31,2,87,0,1
23443,1000000US170314909011011,26,0,26,0,0,0,0,26,0,0,26,2,13,12,1,34,0,0
23444,1000000US170314909011012,30,0,30,0,0,0,0,30,0,0,30,0,14,14,0,39,0,0
23445,1000000US170314909011013,0,0,0,0,0,0,0,0,0,0,0,0,0,0,0,0,0,0
23446,1000000US170314909011014,36,0,36,0,0,0,0,36,0,0,36,0,21,21,0,48,0,0
23447,1000000US170314909011015,44,0,44,0,0,0,2,42,0,2,44,0,34,32,2,57,0,2
23448,1000000US170314909011016,14,0,14,0,1,0,0,14,0,0,14,1,6,6,0,15,0,0
23449,1000000US170314909011017,19,0,18,1,0,0,1,18,0,1,19,1,10,9,1,26,1,1
23450,1000000US170314909011018,57,0,57,0,0,0,0,57,0,0,57,0,32,32,0,75,0,0
23451,1000000US170314909011019,23,0,23,0,0,0,0,23,0,0,23,0,12,11,1,28,0,0
23452,1000000US170314909011020,226,0,224,4,1,0,2,224,0,2,226,5,162,138,24,340,4,1
23453,1000000US170314909011021,80,0,80,1,0,1,2,78,0,2,80,1,79,53,26,90,1,2
23454,1000000US170314909011022,93,0,93,3,0,0,0,93,0,0,93,3,53,53,0,114,3,0
23455,1000000US170314909011023,60,0,59,0,0,0,0,60,0,0,60,0,40,36,4,92,0,0
23456,1000000US170314909011024,63,0,63,0,0,0,0,63,0,0,63,0,52,43,9,87,0,0
23457,1000000US170314909011025,0,0,0,0,0,0,0,0,0,0,0,0,0,0,0,0,0,0
23458,1000000US170314909011026,0,0,0,0,0,0,0,0,0,0,0,0,0,0,0,0,0,0
23459,1000000US170314909011027,0,0,0,0,0,0,0,0,0,0,0,0,0,0,0,0,0,0
23460,1000000US170314909012000,33,0,33,0,0,0,0,33,0,0,33,0,16,14,2,54,0,0
23461,1000000US170314909012001,13,0,13,0,0,0,0,13,0,0,13,0,9,6,3,15,0,0
23462,1000000US170314909012002,17,1,15,0,0,0,1,16,0,1,16,0,14,9,5,25,0,0
23463,1000000US170314909012003,19,0,19,0,0,0,0,19,0,0,19,0,16,9,7,35,0,0
23464,1000000US170314909012004,31,0,31,0,0,0,0,31,0,0,31,0,20,12,8,44,0,0
23465,1000000US170314909012005,44,0,43,0,0,0,1,43,0,1,44,0,24,20,4,63,0,0
23466,1000000US170314909012006,38,1,37,0,0,0,0,38,0,0,37,0,34,23,11,54,0,0
23467,1000000US170314909012007,48,0,48,0,0,0,0,48,0,0,48,0,25,16,9,69,0,0
23468,1000000US170314909012008,25,1,24,0,0,0,0,25,0,0,24,0,18,13,5,28,0,0
23469,1000000US170314909012009,9,0,9,0,0,0,0,9,0,0,9,0,4,3,1,12,0,0
23470,1000000US170314909012010,2,0,2,0,0,0,0,2,0,0,2,0,3,2,1,2,0,0
23471,1000000US170314909012011,47,4,41,1,3,0,0,47,0,0,43,2,1,0,1,87,1,0
23472,1000000US170314909012012,48,0,46,1,0,0,3,45,0,3,48,0,27,23,4,76,1,2
23473,1000000US170314909012013,32,0,32,0,0,0,0,32,0,0,32,0,21,13,8,53,0,0
23474,1000000US170314909012014,40,0,40,0,0,0,0,40,0,0,40,0,17,13,4,54,0,0
23475,1000000US170314909012015,43,0,43,0,0,0,0,43,0,0,43,0,30,22,8,61,0,0
23476,1000000US170314909012016,6,0,6,0,0,0,0,6,0,0,6,0,5,5,0,9,0,0
23477,1000000US170314909012017,0,0,0,0,0,0,0,0,0,0,0,0,0,0,0,0,0,0
23478,1000000US170314909012018,21,0,21,0,0,0,0,21,0,0,21,0,7,6,1,24,0,0
23479,1000000US170314909012019,38,0,37,0,0,0,1,37,0,1,38,0,29,26,3,50,0,0
23480,1000000US170314909012020,22,0,22,0,0,0,0,22,0,0,22,0,10,8,2,31,0,0
23481,1000000US170314909012021,22,0,22,0,0,0,0,22,0,0,22,0,7,7,0,24,0,0
23482,1000000US170314909012022,3,0,3,0,0,0,0,3,0,0,3,0,2,1,1,7,0,0
23483,1000000US170314909012023,70,0,70,1,0,0,1,69,0,1,70,1,51,45,6,87,0,1
23484,1000000US170314909012024,53,0,53,2,0,0,0,53,0,0,53,3,26,23,3,71,1,0
23485,1000000US170314909012025,32,0,32,0,0,0,0,32,0,0,32,0,19,16,3,34,0,0
23486,1000000US170314909012026,78,0,77,1,1,0,0,78,0,0,78,2,75,72,3,78,1,0
23487,1000000US170314909012027,0,0,0,0,0,0,0,0,0,0,0,0,3,0,3,0,0,0
23488,1000000US170314909012028,11,0,11,0,0,0,0,11,0,0,11,0,8,5,3,16,0,0
23489,1000000US170314909012029,0,0,0,0,0,0,0,0,0,0,0,0,0,0,0,0,0,0
23490,1000000US170314909012030,43,0,43,0,0,0,0,43,0,0,43,0,21,15,6,58,0,0
23491,1000000US170314909012031,45,1,44,0,0,0,0,45,0,0,44,0,21,18,3,62,0,0
23492,1000000US170314909012032,6,0,6,0,0,0,0,6,0,0,6,0,4,3,1,16,0,0
23493,1000000US170314909013000,39,0,39,0,0,0,0,39,0,0,39,0,29,24,5,44,0,0
23494,1000000US170314909013001,60,0,60,0,1,0,2,58,0,2,60,2,41,33,8,79,0,2
23495,1000000US170314909013002,50,0,50,0,0,0,0,50,0,0,50,0,41,32,9,62,0,0
23496,1000000US170314909013003,39,0,39,0,0,0,0,39,0,0,39,0,16,16,0,47,0,0
23497,1000000US170314909013004,38,0,38,2,0,0,2,36,0,2,38,2,16,16,0,49,0,2
23498,1000000US170314909013005,43,0,43,0,0,0,0,43,0,0,43,0,23,21,2,56,0,0
23499,1000000US170314909013006,28,0,28,0,0,0,0,28,0,0,28,0,23,16,7,43,0,0
23500,1000000US170314909013007,50,1,49,0,0,0,0,50,0,0,49,0,29,21,8,60,0,0
23501,1000000US170314909013008,46,1,45,0,0,0,0,46,0,0,45,3,27,25,2,56,0,0
23502,1000000US170314909013009,26,0,26,0,0,0,0,26,0,0,26,0,11,11,0,34,0,0
23503,1000000US170314909013010,63,1,62,0,0,0,0,63,0,0,62,0,37,34,3,88,0,0
23504,1000000US170314909013011,39,1,38,0,0,0,0,39,0,0,38,0,19,18,1,52,0,0
23505,1000000US170314909013012,31,0,31,0,0,0,0,31,0,0,31,0,13,13,0,38,0,0
23506,1000000US170314909013013,59,0,59,0,0,0,0,59,0,0,59,0,38,38,0,69,0,0
23507,1000000US170314909013014,47,0,47,0,0,0,0,47,0,0,47,0,25,23,2,63,0,0
23508,1000000US170314909013015,39,0,39,0,0,0,0,39,0,0,39,0,27,22,5,57,0,0
23509,1000000US170314909013016,0,0,0,0,0,0,0,0,0,0,0,0,0,0,0,0,0,0
23510,1000000US170314909013017,28,0,28,0,0,0,0,28,0,0,28,0,17,13,4,39,0,0
23511,1000000US170314909013018,35,0,35,0,0,0,0,35,0,0,35,1,25,22,3,47,0,0
23512,1000000US170314909013019,37,0,37,0,0,0,0,37,0,0,37,0,28,22,6,43,0,0
23513,1000000US170314909013020,0,0,0,0,0,0,0,0,0,0,0,0,0,0,0,0,0,0
23514,1000000US170314909013021,0,0,0,0,0,0,0,0,0,0,0,0,0,0,0,0,0,0
23515,1000000US170314909013022,0,0,0,0,0,0,0,0,0,0,0,0,0,0,0,0,0,0
23516,1000000US170314909021000,0,0,0,0,0,0,0,0,0,0,0,0,0,0,0,0,0,0
23517,1000000US170314909021001,0,0,0,0,0,0,0,0,0,0,0,0,0,0,0,0,0,0
23518,1000000US170314909021002,0,0,0,0,0,0,0,0,0,0,0,0,0,0,0,0,0,0
23519,1000000US170314909021003,12,0,12,0,0,0,0,12,0,0,12,0,5,5,0,17,0,0
23520,1000000US170314909021004,14,0,14,0,0,0,0,14,0,0,14,0,7,7,0,19,0,0
23521,1000000US170314909021005,12,0,12,0,0,0,0,12,0,0,12,0,8,8,0,20,0,0
23522,1000000US170314909021006,17,0,17,0,1,0,0,17,0,0,17,1,9,9,0,23,0,0
23523,1000000US170314909021007,33,0,33,0,0,0,0,33,0,0,33,0,20,20,0,42,0,0
23524,1000000US170314909021008,42,0,42,0,0,0,0,42,0,0,42,0,20,19,1,52,0,0
23525,1000000US170314909021009,41,0,41,0,0,0,0,41,0,0,41,0,20,18,2,46,0,0
23526,1000000US170314909021010,37,0,37,0,0,0,0,37,0,0,37,0,19,19,0,43,0,0
23527,1000000US170314909021011,39,0,39,0,0,0,0,39,0,0,39,0,17,17,0,55,0,0
23528,1000000US170314909021012,44,0,44,0,0,0,0,44,0,0,44,0,17,17,0,47,0,0
23529,1000000US170314909021013,26,0,26,0,0,0,0,26,0,0,26,0,15,15,0,28,0,0
23530,1000000US170314909021014,31,0,31,0,0,0,0,31,0,0,31,0,15,15,0,36,0,0
23531,1000000US170314909021015,31,0,31,1,0,0,0,31,0,0,31,1,14,12,2,38,1,0
23532,1000000US170314909021016,29,0,29,0,0,0,0,29,0,0,29,0,14,13,1,33,0,0
23533,1000000US170314909021017,26,1,25,0,0,0,0,26,0,0,25,0,13,12,1,31,0,0
23534,1000000US170314909021018,29,1,28,0,0,0,0,29,0,0,28,0,15,14,1,40,0,0
23535,1000000US170314909021019,50,0,49,1,0,0,0,50,0,0,50,0,22,22,0,55,1,0
23536,1000000US170314909021020,18,0,18,0,0,0,0,18,0,0,18,0,9,9,0,19,0,0
23537,1000000US170314909021021,16,0,16,0,0,0,0,16,0,0,16,0,5,5,0,18,0,0
23538,1000000US170314909021022,10,0,10,0,0,0,0,10,0,0,10,0,4,4,0,13,0,0
23539,1000000US170314909021023,17,0,17,0,0,0,0,17,0,0,17,0,20,10,10,20,0,0
23540,1000000US170314909021024,0,0,0,0,0,0,0,0,0,0,0,0,0,0,0,0,0,0
23541,1000000US170314909021025,16,0,16,0,0,0,0,16,0,0,16,0,6,6,0,16,0,0
23542,1000000US170314909021026,14,0,14,0,0,0,0,14,0,0,14,0,8,7,1,18,0,0
23543,1000000US170314909021027,8,0,8,0,0,0,0,8,0,0,8,0,8,5,3,13,0,0
23544,1000000US170314909021028,0,0,0,0,0,0,0,0,0,0,0,0,0,0,0,0,0,0
23545,1000000US170314909021029,0,0,0,0,0,0,0,0,0,0,0,0,0,0,0,0,0,0
23546,1000000US170314909021030,33,0,33,0,0,0,0,33,0,0,33,0,31,28,3,34,0,0
23547,1000000US170314909021031,11,0,10,0,0,0,0,11,0,0,11,0,9,8,1,15,0,0
23548,1000000US170314909021032,37,0,37,0,0,0,0,37,0,0,37,0,18,18,0,38,0,0
23549,1000000US170314909022000,3,0,3,0,0,0,0,3,0,0,3,0,4,2,2,5,0,0
23550,1000000US170314909022001,0,0,0,0,0,0,0,0,0,0,0,0,0,0,0,0,0,0
23551,1000000US170314909022002,0,0,0,0,0,0,0,0,0,0,0,0,0,0,0,0,0,0
23552,1000000US170314909022003,0,0,0,0,0,0,0,0,0,0,0,0,0,0,0,0,0,0
23553,1000000US170314909022004,9,0,9,0,0,0,0,9,0,0,9,0,8,8,0,10,0,0
23554,1000000US170314909022005,0,0,0,0,0,0,0,0,0,0,0,0,0,0,0,0,0,0
23555,1000000US170314909022006,0,0,0,0,0,0,0,0,0,0,0,0,0,0,0,0,0,0
23556,1000000US170314909022007,0,0,0,0,0,0,0,0,0,0,0,0,2,0,2,0,0,0
23557,1000000US170314909022008,10,0,10,0,0,0,0,10,0,0,10,0,6,5,1,12,0,0
23558,1000000US170314909022009,25,0,25,0,0,0,0,25,0,0,25,0,9,9,0,31,0,0
23559,1000000US170314909022010,30,0,30,0,0,0,0,30,0,0,30,0,9,9,0,44,0,0
23560,1000000US170314909022011,17,0,17,0,0,0,0,17,0,0,17,0,6,6,0,22,0,0
23561,1000000US170314909022012,0,0,0,0,0,0,0,0,0,0,0,0,0,0,0,0,0,0
23562,1000000US170314909022013,4,0,4,0,0,0,0,4,0,0,4,0,3,2,1,4,0,0
23563,1000000US170314909022014,19,0,19,0,0,0,0,19,0,0,19,0,9,8,1,19,0,0
23564,1000000US170314909022015,20,0,20,0,0,0,0,20,0,0,20,0,11,11,0,36,0,0
23565,1000000US170314909022016,34,0,34,0,0,0,0,34,0,0,34,0,16,14,2,46,0,0
23566,1000000US170314909022017,22,0,22,0,0,0,0,22,0,0,22,1,12,11,1,29,0,0
23567,1000000US170314909022018,37,0,37,0,0,0,0,37,0,0,37,0,14,14,0,64,0,0
23568,1000000US170314909022019,41,0,41,0,0,0,0,41,0,0,41,0,18,18,0,60,0,0
23569,1000000US170314909022020,28,1,27,0,0,0,0,28,0,0,27,1,13,13,0,31,0,0
23570,1000000US170314909022021,35,0,35,1,0,0,0,35,0,0,35,1,19,19,0,50,1,0
23571,1000000US170314909022022,33,0,33,0,0,0,0,33,0,0,33,0,13,13,0,41,0,0
23572,1000000US170314909022023,30,0,30,0,0,0,0,30,0,0,30,0,16,15,1,39,0,0
23573,1000000US170314909022024,11,0,11,0,0,0,0,11,0,0,11,0,7,5,2,24,0,0
23574,1000000US170314909022025,0,0,0,0,0,0,0,0,0,0,0,0,0,0,0,0,0,0
23575,1000000US170314909022026,17,0,17,0,0,0,0,17,0,0,17,0,6,4,2,22,0,0
23576,1000000US170314909022027,22,0,22,0,0,0,0,22,0,0,22,0,11,11,0,32,0,0
23577,1000000US170314909022028,0,0,0,0,0,0,0,0,0,0,0,0,1,0,1,0,0,0
23578,1000000US170314909022029,119,0,119,0,0,0,2,117,0,2,119,2,124,118,6,119,0,2
23579,1000000US170314909022030,5,0,5,0,0,0,0,5,0,0,5,0,3,3,0,11,0,0
23580,1000000US170314909022031,11,0,11,0,0,0,0,11,0,0,11,0,6,3,3,19,0,0
23581,1000000US170314909022032,3,0,3,0,0,0,0,3,0,0,3,0,3,2,1,7,0,0
23582,1000000US170314909022033,2,0,2,0,0,0,0,2,0,0,2,0,1,1,0,2,0,0
23583,1000000US170314909022034,110,0,110,0,0,0,2,108,0,2,110,0,40,36,4,177,0,2
23584,1000000US170314909022035,37,0,37,0,0,0,0,37,0,0,37,0,17,16,1,47,0,0
23585,1000000US170314909022036,0,0,0,0,0,0,0,0,0,0,0,0,0,0,0,0,0,0
23586,1000000US170314909022037,9,0,9,0,0,0,0,9,0,0,9,0,9,6,3,17,0,0
23587,1000000US170314909022038,15,0,14,0,0,0,1,14,0,1,15,0,8,7,1,24,0,0
23588,1000000US170314909022039,9,0,9,0,0,0,0,9,0,0,9,0,4,4,0,10,0,0
23589,1000000US170314909022040,0,0,0,0,0,0,0,0,0,0,0,0,0,0,0,0,0,0
23590,1000000US170314909022041,154,0,154,0,0,0,0,154,0,0,154,0,86,66,20,224,0,0
23591,1000000US170314909022042,73,0,73,0,0,0,0,73,0,0,73,0,50,27,23,112,0,0
23592,1000000US170314909022043,29,0,28,0,5,0,0,29,0,0,29,4,16,16,0,37,0,0
23593,1000000US170314909022044,90,0,90,0,1,0,0,90,0,0,90,1,65,53,12,139,0,0
23594,1000000US170314909022045,20,0,20,0,0,0,0,20,0,0,20,0,14,10,4,24,0,0
23595,1000000US170314909022046,12,0,12,0,0,0,3,9,0,3,12,0,7,6,1,19,0,3
23596,1000000US170314909022047,8,0,8,0,0,0,0,8,0,0,8,0,9,5,4,12,0,0
23597,1000000US170314909022048,82,0,82,0,0,0,0,82,0,0,82,0,56,40,16,145,0,0
23598,1000000US170314909022049,67,0,67,1,0,0,2,65,0,2,67,1,37,31,6,87,1,2
23599,1000000US170314909022050,68,0,68,0,0,0,0,68,0,0,68,0,38,35,3,100,0,0
23600,1000000US170314909022051,17,0,17,0,0,0,0,17,0,0,17,0,17,10,7,25,0,0
23601,1000000US170314909022052,23,0,23,0,0,0,0,23,0,0,23,0,9,7,2,43,0,0
23602,1000000US170314909022053,6,0,6,0,0,0,0,6,0,0,6,0,7,3,4,20,0,0
23603,1000000US170314909022054,1,0,1,0,0,0,0,1,0,0,1,1,2,1,1,1,0,0
23604,1000000US170314909022055,43,1,42,0,0,0,0,43,0,0,42,0,24,18,6,55,0,0
23605,1000000US170314909023000,34,0,34,0,0,0,0,34,0,0,34,0,22,18,4,41,0,0
23606,1000000US170314909023001,38,2,34,1,0,0,0,38,0,0,36,1,21,21,0,44,0,0
23607,1000000US170314909023002,47,0,47,1,0,0,0,47,0,0,47,1,23,22,1,54,1,0
23608,1000000US170314909023003,31,0,31,0,0,0,0,31,0,0,31,0,18,16,2,34,0,0
23609,1000000US170314909023004,37,0,37,0,0,0,0,37,0,0,37,0,20,20,0,42,0,0
23610,1000000US170314909023005,44,0,43,0,1,0,0,44,0,0,44,0,19,18,1,56,0,0
23611,1000000US170314909023006,55,0,55,0,0,0,0,55,0,0,55,0,21,21,0,66,0,0
23612,1000000US170314909023007,50,0,50,0,0,0,0,50,0,0,50,0,20,20,0,73,0,0
23613,1000000US170314909023008,42,0,42,0,0,0,0,42,0,0,42,0,25,22,3,55,0,0
23614,1000000US170314909023009,33,0,33,0,0,0,0,33,0,0,33,0,19,19,0,41,0,0
23615,1000000US170314909023010,35,0,35,0,0,0,0,35,0,0,35,0,19,15,4,42,0,0
23616,1000000US170314909023011,39,0,39,0,0,0,0,39,0,0,39,0,18,17,1,51,0,0
23617,1000000US170314909023012,36,0,33,0,0,0,4,32,0,4,36,0,21,20,1,42,0,2
23618,1000000US170314909023013,45,0,45,0,0,0,0,45,0,0,45,2,21,21,0,55,0,0
23619,1000000US170314909023014,47,1,46,0,0,0,0,47,0,0,46,0,20,20,0,55,0,0
23620,1000000US170314909023015,36,0,36,0,0,0,0,36,0,0,36,0,19,18,1,39,0,0
23621,1000000US170314909023016,26,0,26,0,0,0,0,26,0,0,26,0,14,14,0,37,0,0
23622,1000000US170314909023017,40,0,40,0,0,0,0,40,0,0,40,0,21,21,0,53,0,0
23623,1000000US170314909023018,29,0,29,0,0,0,0,29,0,0,29,0,15,14,1,35,0,0
23624,1000000US170314909023019,24,0,24,0,0,0,0,24,0,0,24,0,15,15,0,26,0,0
23625,1000000US170314909023020,37,0,37,0,0,0,2,35,0,2,37,0,18,18,0,56,0,2
23626,1000000US170314909023021,36,0,36,0,0,0,0,36,0,0,36,0,20,20,0,53,0,0
23627,1000000US170314909023022,31,0,31,0,0,0,0,31,0,0,31,0,18,17,1,48,0,0
23628,1000000US170314909023023,33,0,33,0,0,0,4,29,0,4,33,0,15,15,0,43,0,4
23629,1000000US170314909023024,26,0,26,0,0,0,0,26,0,0,26,0,11,11,0,30,0,0
23630,1000000US170314909023025,22,0,22,0,0,0,0,22,0,0,22,0,9,9,0,28,0,0
23631,1000000US170314909023026,12,0,12,0,0,0,0,12,0,0,12,0,9,6,3,19,0,0
23632,1000000US170314909023027,23,0,23,0,0,0,0,23,0,0,23,0,17,17,0,27,0,0
23633,1000000US170314909023028,14,0,14,0,0,0,0,14,0,0,14,1,14,13,1,14,0,0
23634,1000000US170314909023029,14,0,14,0,0,0,2,12,0,2,14,0,8,8,0,18,0,2
23635,1000000US170314909023030,14,0,14,0,0,0,0,14,0,0,14,0,6,6,0,19,0,0
23636,1000000US170314909023031,27,0,27,0,0,0,0,27,0,0,27,0,14,14,0,32,0,0
23637,1000000US170314909024000,0,0,0,0,0,0,0,0,0,0,0,0,0,0,0,0,0,0
23638,1000000US170314909024001,0,0,0,0,0,0,0,0,0,0,0,0,0,0,0,0,0,0
23639,1000000US170314909024002,0,0,0,0,0,0,0,0,0,0,0,0,0,0,0,0,0,0
23640,1000000US170314909024003,2,0,2,0,0,0,0,2,0,0,2,0,1,1,0,3,0,0
23641,1000000US170314909024004,0,0,0,0,0,0,0,0,0,0,0,0,0,0,0,0,0,0
23642,1000000US170314909024005,0,0,0,0,0,0,0,0,0,0,0,0,0,0,0,0,0,0
23643,1000000US170314909024006,0,0,0,0,0,0,0,0,0,0,0,0,0,0,0,0,0,0
23644,1000000US170314909024007,0,0,0,0,0,0,0,0,0,0,0,0,0,0,0,0,0,0
23645,1000000US170314909024008,40,0,40,0,0,0,1,39,0,1,40,0,19,18,1,46,0,1
23646,1000000US170314909024009,28,0,28,0,0,0,1,27,0,1,28,0,15,15,0,36,0,1
23647,1000000US170314909024010,24,0,24,0,0,0,0,24,0,0,24,0,14,12,2,40,0,0
23648,1000000US170314909024011,39,0,39,0,0,0,0,39,0,0,39,0,20,20,0,53,0,0
23649,1000000US170314909024012,25,0,25,0,0,0,1,24,0,1,25,0,15,14,1,31,0,1
23650,1000000US170314909024013,38,1,37,0,0,0,0,38,0,0,37,0,23,22,1,43,0,0
23651,1000000US170314909024014,35,0,34,0,0,0,1,34,0,1,35,0,19,18,1,41,0,0
23652,1000000US170314909024015,46,0,45,0,0,0,1,45,0,1,46,0,25,24,1,53,0,0
23653,1000000US170314909024016,40,0,38,2,0,0,0,40,0,0,40,0,20,18,2,49,2,0
23654,1000000US170314909024017,45,0,45,0,0,0,0,45,0,0,45,0,19,19,0,52,0,0
23655,1000000US170314909024018,40,0,40,0,0,0,0,40,0,0,40,0,18,18,0,57,0,0
23656,1000000US170314909024019,28,0,28,0,0,0,0,28,0,0,28,0,16,15,1,41,0,0
23657,1000000US170314909024020,10,0,10,0,0,0,0,10,0,0,10,0,7,7,0,13,0,0
23658,1000000US170314909024021,25,0,24,1,0,0,0,25,0,0,25,0,14,14,0,35,1,0
23659,1000000US170314909024022,14,0,14,0,0,0,0,14,0,0,14,0,11,10,1,24,0,0
23660,1000000US170314909024023,14,0,14,0,0,0,0,14,0,0,14,0,8,8,0,21,0,0
23661,1000000US170314909024024,20,0,20,0,0,0,0,20,0,0,20,0,11,11,0,30,0,0
23662,1000000US170314909024025,24,0,24,0,0,0,0,24,0,0,24,0,13,11,2,30,0,0
23663,1000000US170314909024026,25,0,25,0,0,0,0,25,0,0,25,0,10,9,1,36,0,0
23664,1000000US170314909024027,25,0,25,0,0,0,0,25,0,0,25,0,11,10,1,31,0,0
23665,1000000US170314909024028,16,0,16,0,0,0,0,16,0,0,16,0,10,9,1,22,0,0
23666,1000000US170314909024029,15,0,15,0,0,0,0,15,0,0,15,0,9,9,0,22,0,0
23667,1000000US170314909024030,21,0,21,0,0,0,1,20,0,1,21,0,9,9,0,23,0,1
23668,1000000US170314910001000,16,0,16,0,0,0,0,16,0,0,16,0,15,7,8,30,0,0
23669,1000000US170314910001001,43,0,42,0,0,0,1,42,0,1,43,1,27,17,10,62,0,0
23670,1000000US170314910001002,8,0,8,0,0,0,0,8,0,0,8,0,4,4,0,12,0,0
23671,1000000US170314910001003,22,1,21,0,0,0,0,22,0,0,21,1,13,11,2,34,0,0
23672,1000000US170314910001004,29,0,29,0,0,0,0,29,0,0,29,0,17,14,3,42,0,0
23673,1000000US170314910001005,27,0,27,0,0,0,0,27,0,0,27,0,11,11,0,35,0,0
23674,1000000US170314910001006,0,0,0,0,0,0,0,0,0,0,0,0,0,0,0,0,0,0
23675,1000000US170314910001007,19,0,19,0,0,0,0,19,0,0,19,0,13,11,2,34,0,0
23676,1000000US170314910001008,15,0,15,0,0,0,0,15,0,0,15,0,10,7,3,17,0,0
23677,1000000US170314910001009,32,0,32,0,0,0,0,32,0,0,32,0,16,14,2,41,0,0
23678,1000000US170314910001010,15,0,15,0,0,0,0,15,0,0,15,0,9,7,2,21,0,0
23679,1000000US170314910001011,54,0,54,0,0,0,0,54,0,0,54,0,27,21,6,90,0,0
23680,1000000US170314910001012,17,0,17,0,0,0,0,17,0,0,17,0,11,7,4,20,0,0
23681,1000000US170314910001013,54,0,54,0,0,0,0,54,0,0,54,0,33,24,9,78,0,0
23682,1000000US170314910001014,14,0,14,0,0,0,0,14,0,0,14,0,6,5,1,19,0,0
23683,1000000US170314910001015,22,0,22,0,0,0,0,22,0,0,22,0,12,9,3,38,0,0
23684,1000000US170314910002000,22,0,22,0,0,0,0,22,0,0,22,0,11,11,0,29,0,0
23685,1000000US170314910002001,43,0,43,0,0,0,1,42,0,1,43,0,16,15,1,67,0,1
23686,1000000US170314910002002,0,0,0,0,0,0,0,0,0,0,0,0,0,0,0,0,0,0
23687,1000000US170314910002003,12,0,12,0,0,0,0,12,0,0,12,0,5,4,1,31,0,0
23688,1000000US170314910002004,23,0,23,0,0,0,0,23,0,0,23,0,19,12,7,44,0,0
23689,1000000US170314910002005,33,0,33,0,0,0,0,33,0,0,33,0,15,13,2,61,0,0
23690,1000000US170314910002006,23,0,23,0,0,0,0,23,0,0,23,0,17,9,8,31,0,0
23691,1000000US170314910002007,17,0,17,0,0,0,0,17,0,0,17,0,7,7,0,30,0,0
23692,1000000US170314910002008,18,0,18,0,0,0,0,18,0,0,18,0,12,6,6,25,0,0
23693,1000000US170314910002009,26,0,26,0,0,0,0,26,0,0,26,0,15,12,3,32,0,0
23694,1000000US170314910002010,30,0,30,0,0,0,0,30,0,0,30,0,16,14,2,40,0,0
23695,1000000US170314910002011,21,0,21,0,0,0,0,21,0,0,21,0,12,11,1,25,0,0
23696,1000000US170314910002012,9,0,8,1,0,0,1,8,0,1,9,0,6,5,1,10,1,1
23697,1000000US170314910002013,11,1,10,1,0,0,0,11,0,0,10,1,4,4,0,13,1,0
23698,1000000US170314910002014,28,0,26,2,0,0,2,26,0,2,28,0,16,16,0,47,2,0
23699,1000000US170314910002015,28,0,28,1,0,0,0,28,0,0,28,1,14,8,6,43,1,0
23700,1000000US170314910002016,22,0,22,0,0,0,0,22,0,0,22,0,13,11,2,30,0,0
23701,1000000US170314910002017,32,0,32,0,0,0,0,32,0,0,32,0,15,11,4,41,0,0
23702,1000000US170314910002018,20,0,20,0,0,0,0,20,0,0,20,0,14,9,5,20,0,0
23703,1000000US170314910002019,18,0,18,0,0,0,0,18,0,0,18,0,10,6,4,28,0,0
23704,1000000US170314910002020,0,0,0,0,0,0,0,0,0,0,0,0,0,0,0,0,0,0
23705,1000000US170314910002021,20,0,20,0,0,0,0,20,0,0,20,0,12,8,4,24,0,0
23706,1000000US170314910002022,28,0,26,0,0,0,2,26,0,2,28,0,21,14,7,32,0,0
23707,1000000US170314910002023,78,0,78,1,0,0,0,78,0,0,78,1,58,55,3,151,0,0
23708,1000000US170314910002024,17,0,14,3,0,0,0,17,0,0,17,0,6,6,0,20,3,0
23709,1000000US170314910002025,33,0,33,0,0,0,0,33,0,0,33,0,14,9,5,53,0,0
23710,1000000US170314910002026,19,0,19,0,0,0,0,19,0,0,19,0,13,9,4,22,0,0
23711,1000000US170314910002027,27,0,26,0,0,0,1,26,0,1,27,0,17,13,4,31,0,0
23712,1000000US170314910002028,22,0,22,0,0,0,0,22,0,0,22,0,12,8,4,30,0,0
23713,1000000US170314910002029,25,0,25,0,0,0,0,25,0,0,25,0,16,12,4,45,0,0
23714,1000000US170314910002030,22,0,19,3,0,0,1,21,0,1,22,0,16,9,7,33,3,0
23715,1000000US170314910002031,41,0,37,4,0,0,0,41,0,0,41,0,19,18,1,57,4,0
23716,1000000US170314910002032,23,0,23,0,0,0,0,23,0,0,23,0,14,8,6,38,0,0
23717,1000000US170314910002033,19,0,19,0,0,0,0,19,0,0,19,0,12,10,2,27,0,0
23718,1000000US170314910003000,0,0,0,0,0,0,0,0,0,0,0,0,0,0,0,0,0,0
23719,1000000US170314910003001,0,0,0,0,0,0,0,0,0,0,0,0,0,0,0,0,0,0
23720,1000000US170314910003002,14,0,14,0,0,0,0,14,0,0,14,0,3,3,0,18,0,0
23721,1000000US170314910003003,0,0,0,0,0,0,0,0,0,0,0,0,0,0,0,0,0,0
23722,1000000US170314910003004,0,0,0,0,0,0,0,0,0,0,0,0,0,0,0,0,0,0
23723,1000000US170314910003005,0,0,0,0,0,0,0,0,0,0,0,0,0,0,0,0,0,0
23724,1000000US170314910003006,0,0,0,0,0,0,0,0,0,0,0,0,0,0,0,0,0,0
23725,1000000US170314910003007,13,0,13,0,0,0,1,12,0,1,13,1,7,6,1,14,0,1
23726,1000000US170314910003008,55,1,54,0,0,0,0,55,0,0,54,0,27,25,2,70,0,0
23727,1000000US170314910003009,67,0,67,5,5,0,0,67,0,0,67,6,38,27,11,102,5,0
23728,1000000US170314910003010,57,0,56,1,0,0,0,57,0,0,57,0,25,20,5,73,1,0
23729,1000000US170314910003011,43,0,42,2,0,0,5,38,0,5,43,7,28,22,6,72,2,4
23730,1000000US170314910003012,16,0,16,0,0,0,0,16,0,0,16,0,10,7,3,21,0,0
23731,1000000US170314910003013,3,0,3,0,0,0,0,3,0,0,3,0,2,1,1,5,0,0
23732,1000000US170314910003014,41,0,41,0,0,0,0,41,0,0,41,0,20,18,2,57,0,0
23733,1000000US170314910003015,20,0,20,0,0,0,0,20,0,0,20,0,13,11,2,33,0,0
23734,1000000US170314910004000,53,0,53,0,0,0,0,53,0,0,53,0,26,21,5,87,0,0
23735,1000000US170314910004001,57,0,57,0,0,0,1,56,0,1,57,1,29,23,6,96,0,1
23736,1000000US170314910004002,43,0,43,0,4,0,0,43,0,0,43,4,26,19,7,60,0,0
23737,1000000US170314910004003,56,0,56,0,0,0,0,56,0,0,56,0,19,19,0,87,0,0
23738,1000000US170314910004004,55,0,55,0,0,0,0,55,0,0,55,0,27,18,9,72,0,0
23739,1000000US170314910004005,60,0,60,0,0,0,0,60,0,0,60,0,26,20,6,103,0,0
23740,1000000US170314910004006,53,0,53,0,0,0,0,53,0,0,53,0,25,18,7,66,0,0
23741,1000000US170314910004007,60,0,60,2,0,0,0,60,0,0,60,3,23,18,5,75,2,0
23742,1000000US170314910004008,11,0,11,0,0,0,0,11,0,0,11,0,6,6,0,18,0,0
23743,1000000US170314910004009,9,0,9,0,0,0,0,9,0,0,9,0,3,3,0,12,0,0
23744,1000000US170314910004010,8,0,8,0,0,0,0,8,0,0,8,0,5,5,0,12,0,0
23745,1000000US170314910004011,15,0,15,0,0,0,0,15,0,0,15,0,4,4,0,21,0,0
23746,1000000US170314910004012,1,1,0,0,0,0,0,1,0,0,0,0,1,1,0,1,0,0
23747,1000000US170314910004013,3,0,2,0,0,0,1,2,0,1,3,0,2,2,0,4,0,0
23748,1000000US170314910004014,8,0,8,0,0,0,0,8,0,0,8,0,3,3,0,11,0,0
23749,1000000US170314910004015,15,0,15,0,0,0,0,15,0,0,15,0,8,7,1,26,0,0
23750,1000000US170314910004016,40,1,39,0,0,0,0,40,0,0,39,0,14,12,2,52,0,0
23751,1000000US170314910004017,10,0,10,0,0,0,0,10,0,0,10,0,4,4,0,12,0,0
23752,1000000US170314910004018,7,0,7,0,0,0,0,7,0,0,7,0,6,4,2,10,0,0
23753,1000000US170314910004019,19,0,19,0,0,0,2,17,0,2,19,0,8,6,2,27,0,2
23754,1000000US170314910004020,26,0,26,0,0,0,0,26,0,0,26,0,15,13,2,32,0,0
23755,1000000US170314910004021,7,0,7,0,0,0,0,7,0,0,7,0,2,2,0,10,0,0
23756,1000000US170314910004022,32,0,32,0,0,0,0,32,0,0,32,0,20,15,5,45,0,0
23757,1000000US170314910004023,11,0,11,0,0,0,0,11,0,0,11,0,8,5,3,14,0,0
23758,1000000US170314910004024,4,0,4,0,0,0,0,4,0,0,4,0,10,3,7,14,0,0
23759,1000000US170314910004025,23,0,23,0,0,0,0,23,0,0,23,0,7,7,0,30,0,0
23760,1000000US170314910004026,14,0,14,0,0,0,0,14,0,0,14,0,10,8,2,17,0,0
23761,1000000US170314910004027,9,0,9,0,0,0,0,9,0,0,9,0,3,2,1,15,0,0
23762,1000000US170314910004028,10,0,10,0,0,0,0,10,0,0,10,0,4,4,0,14,0,0
23763,1000000US170314910004029,27,0,27,0,0,0,0,27,0,0,27,0,14,11,3,45,0,0
23764,1000000US170314910004030,24,0,24,0,0,0,0,24,0,0,24,0,13,11,2,35,0,0
23765,1000000US170314910004031,23,0,23,0,0,0,0,23,0,0,23,0,10,9,1,30,0,0
23766,1000000US170314910004032,0,0,0,0,0,0,0,0,0,0,0,0,0,0,0,0,0,0
23767,1000000US170314910004033,31,0,31,0,0,0,0,31,0,0,31,0,17,14,3,46,0,0
23768,1000000US170314910004034,28,0,28,0,0,0,0,28,0,0,28,0,18,13,5,49,0,0
23769,1000000US170314910004035,9,0,9,0,0,0,0,9,0,0,9,0,3,3,0,10,0,0
23770,1000000US170314910004036,14,0,14,0,0,0,0,14,0,0,14,0,10,7,3,29,0,0
23771,1000000US170314910004037,13,0,13,0,1,1,0,13,0,0,13,1,6,5,1,19,0,0
23772,1000000US170314910004038,14,0,14,0,0,0,0,14,0,0,14,0,8,7,1,18,0,0
23773,1000000US170314910004039,25,0,25,0,0,0,0,25,0,0,25,0,15,12,3,45,0,0
23774,1000000US170314910004040,16,0,16,0,0,0,0,16,0,0,16,0,10,9,1,20,0,0
23775,1000000US170314910005000,25,1,24,0,0,0,0,25,0,0,24,0,9,8,1,34,0,0
23776,1000000US170314910005001,62,0,62,1,0,0,0,62,0,0,62,1,35,28,7,87,1,0
23777,1000000US170314910005002,48,0,48,0,0,0,0,48,0,0,48,0,28,22,6,77,0,0
23778,1000000US170314910005003,47,0,47,1,1,0,0,47,0,0,47,2,27,18,9,66,1,0
23779,1000000US170314910005004,9,0,9,0,0,0,0,9,0,0,9,0,5,5,0,13,0,0
23780,1000000US170314910005005,65,1,64,0,0,0,0,65,0,0,64,0,31,25,6,107,0,0
23781,1000000US170314910005006,63,0,63,0,0,0,0,63,0,0,63,0,30,28,2,89,0,0
23782,1000000US170314910005007,13,0,13,0,0,0,0,13,0,0,13,0,7,6,1,13,0,0
23783,1000000US170314910005008,0,0,0,0,0,0,0,0,0,0,0,0,0,0,0,0,0,0
23784,1000000US170314910005009,35,0,35,0,0,0,0,35,0,0,35,0,32,16,16,58,0,0
23785,1000000US170314910005010,16,0,16,0,0,0,0,16,0,0,16,0,9,6,3,21,0,0
23786,1000000US170314910005011,0,0,0,0,0,0,0,0,0,0,0,0,0,0,0,0,0,0
23787,1000000US170314910005012,36,0,36,0,0,0,0,36,0,0,36,0,16,13,3,48,0,0
23788,1000000US170314910005013,113,2,110,0,0,0,0,113,0,0,111,0,93,89,4,139,0,0
23789,1000000US170314910005014,18,0,18,0,0,0,0,18,0,0,18,0,10,9,1,22,0,0
23790,1000000US170314910005015,27,0,27,0,0,0,0,27,0,0,27,0,9,8,1,33,0,0
23791,1000000US170314910005016,33,1,32,0,0,0,0,33,0,0,32,0,13,12,1,47,0,0
23792,1000000US170314910005017,25,0,25,0,0,0,0,25,0,0,25,0,10,7,3,33,0,0
23793,1000000US170314910005018,21,0,21,0,0,0,0,21,0,0,21,0,13,11,2,42,0,0
23794,1000000US170314910005019,19,0,19,0,0,0,0,19,0,0,19,0,11,8,3,33,0,0
23795,1000000US170314910005020,18,0,18,0,0,0,0,18,0,0,18,0,12,11,1,22,0,0
23796,1000000US170314910005021,12,0,12,0,0,0,0,12,0,0,12,0,6,6,0,19,0,0
23797,1000000US170314910005022,12,0,12,0,0,0,0,12,0,0,12,0,5,5,0,24,0,0
23798,1000000US170314910005023,22,0,22,0,0,0,0,22,0,0,22,0,12,9,3,33,0,0
23799,1000000US170314910005024,48,0,48,0,0,0,0,48,0,0,48,0,20,19,1,68,0,0
23800,1000000US170314910005025,2,0,2,0,0,0,0,2,0,0,2,0,1,1,0,2,0,0
23801,1000000US170314910005026,18,0,18,0,0,0,0,18,0,0,18,0,7,5,2,27,0,0
23802,1000000US170314910005027,16,0,16,0,0,0,0,16,0,0,16,0,16,7,9,20,0,0
23803,1000000US170314910005028,22,0,22,0,0,0,0,22,0,0,22,0,12,10,2,35,0,0
23804,1000000US170314910005029,12,1,11,0,0,0,0,12,0,0,11,0,14,6,8,16,0,0
23805,1000000US170314910005030,22,0,22,0,0,0,0,22,0,0,22,0,15,11,4,34,0,0
23806,1000000US170314910005031,38,0,36,0,0,0,0,38,0,0,38,0,13,13,0,71,0,0
23807,1000000US170314910005032,24,0,24,1,0,0,0,24,0,0,24,1,14,14,0,34,1,0
23808,1000000US170314910005033,3,0,3,0,0,0,0,3,0,0,3,0,2,2,0,3,0,0
23809,1000000US170314910005034,43,0,43,0,0,0,0,43,0,0,43,2,26,18,8,64,0,0
23810,1000000US170314910005035,24,0,21,1,0,0,3,21,0,3,24,0,16,10,6,34,1,1
23811,1000000US170314910005036,43,0,42,0,0,0,1,42,0,1,43,0,17,15,2,63,0,0
23812,1000000US170314910005037,38,0,38,0,0,0,0,38,0,0,38,0,16,14,2,54,0,0
23813,1000000US170314910005038,16,0,16,0,0,0,0,16,0,0,16,0,6,5,1,25,0,0
23814,1000000US170314911001000,0,0,0,0,0,0,0,0,0,0,0,0,0,0,0,0,0,0
23815,1000000US170314911001001,26,1,25,2,0,0,0,26,0,0,25,4,16,11,5,38,1,0
23816,1000000US170314911001002,28,0,28,0,2,0,0,28,0,0,28,2,15,14,1,30,0,0
23817,1000000US170314911001003,7,0,7,0,0,0,0,7,0,0,7,0,2,2,0,15,0,0
23818,1000000US170314911001004,29,0,29,0,0,0,0,29,0,0,29,0,14,14,0,39,0,0
23819,1000000US170314911001005,29,0,29,0,0,0,0,29,0,0,29,0,14,11,3,38,0,0
23820,1000000US170314911001006,19,0,19,0,0,0,0,19,0,0,19,0,13,12,1,23,0,0
23821,1000000US170314911001007,9,0,9,0,0,0,0,9,0,0,9,0,3,3,0,16,0,0
23822,1000000US170314911001008,13,0,13,0,0,0,0,13,0,0,13,0,6,5,1,13,0,0
23823,1000000US170314911001009,25,0,25,0,0,0,2,23,0,2,25,0,12,12,0,45,0,2
23824,1000000US170314911001010,17,0,17,0,0,0,0,17,0,0,17,0,9,8,1,19,0,0
23825,1000000US170314911001011,19,0,19,0,0,0,0,19,0,0,19,0,8,8,0,27,0,0
23826,1000000US170314911001012,20,0,20,0,0,0,0,20,0,0,20,0,14,8,6,28,0,0
23827,1000000US170314911001013,23,0,23,0,0,0,0,23,0,0,23,0,12,11,1,34,0,0
23828,1000000US170314911001014,6,0,6,0,0,0,0,6,0,0,6,0,3,3,0,8,0,0
23829,1000000US170314911001015,17,0,17,0,0,0,0,17,0,0,17,0,8,7,1,22,0,0
23830,1000000US170314911001016,18,0,18,0,0,0,0,18,0,0,18,0,9,8,1,21,0,0
23831,1000000US170314911001017,48,0,48,0,0,0,0,48,0,0,48,0,20,20,0,64,0,0
23832,1000000US170314911001018,30,0,30,0,0,0,0,30,0,0,30,0,15,12,3,42,0,0
23833,1000000US170314911001019,6,0,6,0,0,0,0,6,0,0,6,0,4,4,0,6,0,0
23834,1000000US170314911001020,21,0,21,0,0,0,0,21,0,0,21,0,11,11,0,32,0,0
23835,1000000US170314911001021,59,0,58,1,0,0,1,58,0,1,59,2,30,26,4,80,1,0
23836,1000000US170314911001022,29,0,29,0,0,0,0,29,0,0,29,0,14,13,1,44,0,0
23837,1000000US170314911002000,41,0,41,0,0,0,0,41,0,0,41,0,20,17,3,52,0,0
23838,1000000US170314911002001,34,0,34,0,0,0,0,34,0,0,34,0,16,16,0,42,0,0
23839,1000000US170314911002002,64,0,63,0,2,0,0,64,0,0,64,1,30,29,1,90,0,0
23840,1000000US170314911002003,30,0,30,0,0,0,0,30,0,0,30,0,14,13,1,37,0,0
23841,1000000US170314911002004,30,0,30,0,0,0,0,30,0,0,30,0,14,13,1,39,0,0
23842,1000000US170314911002005,28,0,28,0,0,0,0,28,0,0,28,0,11,11,0,38,0,0
23843,1000000US170314911002006,16,0,16,0,0,0,0,16,0,0,16,0,11,9,2,19,0,0
23844,1000000US170314911002007,23,0,23,0,0,0,0,23,0,0,23,0,11,11,0,29,0,0
23845,1000000US170314911002008,31,0,31,0,0,0,0,31,0,0,31,0,12,12,0,40,0,0
23846,1000000US170314911002009,27,0,27,0,0,0,0,27,0,0,27,0,13,13,0,31,0,0
23847,1000000US170314911002010,29,0,29,0,0,0,0,29,0,0,29,0,13,11,2,36,0,0
23848,1000000US170314911002011,12,0,12,0,0,0,0,12,0,0,12,0,9,7,2,12,0,0
23849,1000000US170314911002012,10,0,10,0,0,0,0,10,0,0,10,0,5,5,0,12,0,0
23850,1000000US170314911002013,11,0,11,0,0,0,0,11,0,0,11,0,6,6,0,18,0,0
23851,1000000US170314911002014,14,0,14,0,0,0,0,14,0,0,14,0,6,6,0,18,0,0
23852,1000000US170314911002015,8,0,8,0,0,0,0,8,0,0,8,0,5,5,0,8,0,0
23853,1000000US170314911002016,13,0,13,0,0,0,0,13,0,0,13,0,7,6,1,22,0,0
23854,1000000US170314911002017,1,0,1,0,0,0,0,1,0,0,1,0,1,1,0,1,0,0
23855,1000000US170314911002018,30,1,25,1,0,0,4,26,0,4,29,1,14,11,3,46,0,0
23856,1000000US170314911002019,22,1,21,0,0,0,0,22,0,0,21,0,12,8,4,23,0,0
23857,1000000US170314911002020,24,0,23,1,0,0,0,24,0,0,24,0,12,12,0,36,1,0
23858,1000000US170314911002021,16,0,16,0,0,0,0,16,0,0,16,0,9,8,1,26,0,0
23859,1000000US170314911002022,12,2,10,0,0,0,0,12,0,0,10,0,6,6,0,13,0,0
23860,1000000US170314911002023,14,0,14,0,0,0,0,14,0,0,14,0,7,6,1,14,0,0
23861,1000000US170314911002024,24,0,24,0,0,0,0,24,0,0,24,0,11,11,0,30,0,0
23862,1000000US170314911002025,0,0,0,0,0,0,0,0,0,0,0,0,0,0,0,0,0,0
23863,1000000US170314911002026,54,0,54,0,0,0,1,53,0,1,54,0,20,20,0,77,0,1
23864,1000000US170314911003000,41,0,41,0,0,0,0,41,0,0,41,0,18,16,2,57,0,0
23865,1000000US170314911003001,35,6,29,0,0,0,0,35,0,0,29,0,16,16,0,45,0,0
23866,1000000US170314911003002,37,0,37,0,0,0,1,36,0,1,37,0,16,16,0,43,0,1
23867,1000000US170314911003003,22,0,22,0,0,0,0,22,0,0,22,0,10,10,0,28,0,0
23868,1000000US170314911003004,22,0,22,0,0,0,0,22,0,0,22,0,11,11,0,29,0,0
23869,1000000US170314911003005,23,0,23,0,0,0,0,23,0,0,23,0,14,14,0,24,0,0
23870,1000000US170314911003006,23,0,23,2,0,0,0,23,0,0,23,2,11,11,0,25,0,0
23871,1000000US170314911003007,29,1,28,0,0,0,0,29,0,0,28,0,15,15,0,34,0,0
23872,1000000US170314911003008,27,1,25,0,0,1,0,27,0,0,26,0,15,15,0,34,0,0
23873,1000000US170314911003009,37,0,37,0,0,0,1,36,0,1,37,0,17,17,0,45,0,1
23874,1000000US170314911003010,38,0,38,0,0,0,0,38,0,0,38,0,17,15,2,51,0,0
23875,1000000US170314911003011,51,1,47,3,0,0,3,48,0,3,50,2,21,20,1,69,1,0
23876,1000000US170314911003012,49,0,46,0,3,0,0,49,0,0,49,0,18,17,1,64,0,0
23877,1000000US170314911003013,41,0,39,0,2,0,0,41,0,0,41,0,16,15,1,46,0,0
23878,1000000US170314911003014,1,0,1,0,0,0,0,1,0,0,1,0,1,1,0,1,0,0
23879,1000000US170314911003015,2,0,2,1,0,0,0,2,0,0,2,1,1,1,0,2,0,0
23880,1000000US170314911003016,25,0,25,0,0,0,0,25,0,0,25,0,9,9,0,34,0,0
23881,1000000US170314911003017,31,0,31,0,0,0,0,31,0,0,31,0,17,14,3,44,0,0
23882,1000000US170314911003018,29,0,29,0,0,0,0,29,0,0,29,0,13,12,1,43,0,0
23883,1000000US170314911003019,28,0,28,0,0,0,0,28,0,0,28,0,12,11,1,43,0,0
23884,1000000US170314911003020,31,0,31,0,0,0,0,31,0,0,31,0,13,13,0,33,0,0
23885,1000000US170314911003021,16,0,16,0,0,0,0,16,0,0,16,0,8,7,1,23,0,0
23886,1000000US170314911003022,19,0,19,0,1,0,0,19,0,0,19,1,8,8,0,21,0,0
23887,1000000US170314911003023,11,0,11,0,0,0,0,11,0,0,11,0,6,6,0,13,0,0
23888,1000000US170314911004000,15,0,15,0,0,0,0,15,0,0,15,0,7,6,1,17,0,0
23889,1000000US170314911004001,16,0,16,0,0,0,0,16,0,0,16,0,7,7,0,24,0,0
23890,1000000US170314911004002,16,0,16,0,0,0,0,16,0,0,16,0,7,7,0,19,0,0
23891,1000000US170314911004003,17,0,17,0,0,0,0,17,0,0,17,0,9,8,1,20,0,0
23892,1000000US170314911004004,0,0,0,0,0,0,0,0,0,0,0,0,0,0,0,0,0,0
23893,1000000US170314911004005,0,0,0,0,0,0,0,0,0,0,0,0,0,0,0,0,0,0
23894,1000000US170314911004006,22,0,22,0,0,0,1,21,0,1,22,0,15,15,0,28,0,1
23895,1000000US170314911004007,29,0,29,0,0,0,0,29,0,0,29,0,15,14,1,39,0,0
23896,1000000US170314911004008,25,0,25,0,0,0,0,25,0,0,25,0,12,12,0,30,0,0
23897,1000000US170314911004009,34,1,33,0,0,0,0,34,0,0,33,1,13,13,0,37,0,0
23898,1000000US170314911004010,27,0,25,0,0,0,2,25,0,2,27,0,13,12,1,31,0,0
23899,1000000US170314911004011,30,0,30,0,0,0,0,30,0,0,30,0,13,13,0,38,0,0
23900,1000000US170314911004012,25,0,25,0,0,0,0,25,0,0,25,0,13,13,0,26,0,0
23901,1000000US170314911004013,25,0,25,0,0,0,0,25,0,0,25,0,12,12,0,26,0,0
23902,1000000US170314911004014,30,0,30,0,0,0,0,30,0,0,30,0,15,15,0,37,0,0
23903,1000000US170314911004015,38,0,38,0,0,0,0,38,0,0,38,0,18,18,0,50,0,0
23904,1000000US170314911004016,0,0,0,0,0,0,0,0,0,0,0,0,0,0,0,0,0,0
23905,1000000US170314911004017,36,0,35,0,1,0,0,36,0,0,36,0,18,17,1,44,0,0
23906,1000000US170314911004018,12,0,12,0,0,0,0,12,0,0,12,0,6,6,0,15,0,0
23907,1000000US170314911004019,3,0,3,0,0,0,0,3,0,0,3,2,3,2,1,3,0,0
23908,1000000US170314911004020,233,3,230,0,0,0,0,233,0,0,230,0,0,0,0,233,0,0
23909,1000000US170314911004021,25,0,25,0,0,0,0,25,0,0,25,0,11,11,0,36,0,0
23910,1000000US170314911004022,20,0,20,0,0,0,0,20,0,0,20,0,11,11,0,25,0,0
23911,1000000US170314911004023,21,0,21,0,0,0,0,21,0,0,21,0,11,10,1,25,0,0
23912,1000000US170314911004024,33,0,32,1,0,0,0,33,0,0,33,0,16,16,0,37,1,0
23913,1000000US170314911004025,64,2,62,0,0,0,0,64,0,0,62,0,30,30,0,82,0,0
23914,1000000US170314911004026,54,2,52,0,0,0,0,54,0,0,52,0,23,22,1,72,0,0
23915,1000000US170314911004027,24,0,23,0,1,0,1,23,0,1,24,0,13,11,2,33,0,1
23916,1000000US170314911004028,30,0,30,0,0,0,0,30,0,0,30,0,11,9,2,37,0,0
23917,1000000US170314911004029,25,0,25,0,0,0,0,25,0,0,25,0,10,10,0,26,0,0
23918,1000000US170314911004030,28,0,28,4,0,0,0,28,0,0,28,4,15,13,2,34,4,0
23919,1000000US170314911004031,27,0,27,0,0,0,0,27,0,0,27,0,14,13,1,32,0,0
23920,1000000US170314911004032,0,0,0,0,0,0,0,0,0,0,0,0,0,0,0,0,0,0
23921,1000000US170314911004033,0,0,0,0,0,0,0,0,0,0,0,0,0,0,0,0,0,0
23922,1000000US170314911004034,45,0,44,0,0,0,2,43,0,2,45,1,23,22,1,52,0,2
23923,1000000US170314911004035,16,0,16,1,0,0,0,16,0,0,16,1,7,6,1,17,1,0
23924,1000000US170314911004036,16,0,16,0,0,0,0,16,0,0,16,0,7,7,0,18,0,0
23925,1000000US170314911005000,4,0,4,0,0,0,0,4,0,0,4,0,3,2,1,8,0,0
23926,1000000US170314911005001,0,0,0,0,0,0,0,0,0,0,0,0,0,0,0,0,0,0
23927,1000000US170314911005002,1,0,1,0,0,0,0,1,0,0,1,0,1,1,0,2,0,0
23928,1000000US170314911005003,0,0,0,0,0,0,0,0,0,0,0,0,0,0,0,0,0,0
23929,1000000US170314911005004,20,0,19,0,0,0,3,17,0,3,20,0,10,8,2,31,0,2
23930,1000000US170314911005005,8,0,8,0,0,0,0,8,0,0,8,0,7,5,2,12,0,0
23931,1000000US170314911005006,35,0,35,0,0,0,0,35,0,0,35,0,12,12,0,61,0,0
23932,1000000US170314911005007,0,0,0,0,0,0,0,0,0,0,0,0,0,0,0,0,0,0
23933,1000000US170314911005008,23,0,23,0,0,0,0,23,0,0,23,0,12,9,3,43,0,0
23934,1000000US170314911005009,30,0,30,0,0,0,0,30,0,0,30,0,14,13,1,38,0,0
23935,1000000US170314911005010,26,0,26,0,0,0,0,26,0,0,26,0,13,12,1,35,0,0
23936,1000000US170314911005011,22,0,22,0,0,0,0,22,0,0,22,0,13,12,1,31,0,0
23937,1000000US170314911005012,0,0,0,0,0,0,0,0,0,0,0,0,0,0,0,0,0,0
23938,1000000US170314911005013,0,0,0,0,0,0,0,0,0,0,0,0,0,0,0,0,0,0
23939,1000000US170314911005014,77,0,77,0,0,0,0,77,0,0,77,0,37,37,0,88,0,0
23940,1000000US170314911005015,58,0,58,0,0,0,2,56,0,2,58,0,26,26,0,81,0,2
23941,1000000US170314911005016,63,1,61,0,0,0,1,62,0,1,62,0,38,37,1,81,0,0
23942,1000000US170314911005017,14,0,14,0,0,0,0,14,0,0,14,0,6,6,0,15,0,0
23943,1000000US170314911005018,13,0,13,0,0,0,0,13,0,0,13,0,6,6,0,15,0,0
23944,1000000US170314911005019,22,0,22,0,0,0,0,22,0,0,22,0,15,12,3,23,0,0
23945,1000000US170314911005020,30,0,30,0,0,0,0,30,0,0,30,0,15,14,1,37,0,0
23946,1000000US170314911005021,0,0,0,0,0,0,0,0,0,0,0,0,0,0,0,0,0,0
23947,1000000US170314911005022,6,0,6,0,0,0,0,6,0,0,6,0,4,4,0,6,0,0
23948,1000000US170314911005023,16,0,16,0,0,0,0,16,0,0,16,0,8,8,0,17,0,0
23949,1000000US170314911005024,29,0,29,0,0,0,0,29,0,0,29,0,15,15,0,34,0,0
23950,1000000US170314911005025,26,0,26,0,0,0,0,26,0,0,26,0,14,13,1,30,0,0
23951,1000000US170314911005026,16,0,16,0,0,0,0,16,0,0,16,0,8,8,0,19,0,0
23952,1000000US170314911005027,16,0,16,0,0,0,0,16,0,0,16,0,8,8,0,21,0,0
23953,1000000US170314911005028,16,0,16,0,0,0,0,16,0,0,16,0,6,6,0,17,0,0
23954,1000000US170314911005029,19,0,19,0,0,0,0,19,0,0,19,0,7,7,0,28,0,0
23955,1000000US170314911005030,37,0,37,0,0,0,0,37,0,0,37,0,14,14,0,43,0,0
23956,1000000US170314911005031,29,0,28,0,0,0,0,29,0,0,29,0,14,14,0,40,0,0
23957,1000000US170314911005032,26,1,25,0,0,0,2,24,0,2,25,0,14,14,0,33,0,2
23958,1000000US170314911005033,13,1,12,0,0,0,0,13,0,0,12,0,6,6,0,16,0,0
23959,1000000US170314911005034,17,0,17,0,0,0,0,17,0,0,17,0,8,8,0,22,0,0
23960,1000000US170314912001000,0,0,0,0,0,0,0,0,0,0,0,0,0,0,0,0,0,0
23961,1000000US170314912001001,0,0,0,0,0,0,0,0,0,0,0,0,0,0,0,0,0,0
23962,1000000US170314912001002,0,0,0,0,0,0,0,0,0,0,0,0,0,0,0,0,0,0
23963,1000000US170314912001003,11,0,11,0,0,0,0,11,0,0,11,0,5,4,1,16,0,0
23964,1000000US170314912001004,19,0,19,0,0,0,0,19,0,0,19,0,13,8,5,28,0,0
23965,1000000US170314912001005,32,0,32,0,0,0,0,32,0,0,32,0,16,15,1,46,0,0
23966,1000000US170314912001006,17,0,17,0,0,0,0,17,0,0,17,0,16,12,4,28,0,0
23967,1000000US170314912001007,6,0,6,0,0,0,0,6,0,0,6,0,3,2,1,11,0,0
23968,1000000US170314912001008,41,0,41,0,0,0,0,41,0,0,41,0,16,14,2,65,0,0
23969,1000000US170314912001009,46,0,46,0,0,0,4,42,0,4,46,0,18,16,2,71,0,4
23970,1000000US170314912001010,30,0,30,0,0,0,0,30,0,0,30,0,14,14,0,46,0,0
23971,1000000US170314912001011,45,0,45,0,0,0,0,45,0,0,45,0,20,17,3,57,0,0
23972,1000000US170314912001012,50,0,49,0,0,0,2,48,0,2,50,0,18,16,2,74,0,1
23973,1000000US170314912001013,25,0,25,0,0,0,0,25,0,0,25,0,13,13,0,44,0,0
23974,1000000US170314912001014,29,1,28,0,0,0,0,29,0,0,28,0,12,9,3,39,0,0
23975,1000000US170314912001015,40,0,40,0,1,0,0,40,0,0,40,1,15,14,1,50,0,0
23976,1000000US170314912001016,27,0,27,0,0,0,0,27,0,0,27,0,11,11,0,39,0,0
23977,1000000US170314912001017,31,0,31,0,0,0,0,31,0,0,31,0,15,13,2,40,0,0
23978,1000000US170314912001018,49,0,49,0,0,0,0,49,0,0,49,0,16,16,0,66,0,0
23979,1000000US170314912001019,37,8,29,0,0,0,0,37,0,0,29,0,14,12,2,50,0,0
23980,1000000US170314912001020,57,0,57,0,0,0,0,57,0,0,57,1,18,18,0,76,0,0
23981,1000000US170314912001021,36,0,35,1,0,0,0,36,0,0,36,0,14,13,1,62,1,0
23982,1000000US170314912001022,0,0,0,0,0,0,0,0,0,0,0,0,0,0,0,0,0,0
23983,1000000US170314912001023,39,0,39,0,0,0,0,39,0,0,39,0,12,11,1,50,0,0
23984,1000000US170314912001024,24,0,24,0,0,0,0,24,0,0,24,0,11,10,1,35,0,0
23985,1000000US170314912001025,30,0,30,0,0,0,0,30,0,0,30,0,13,12,1,34,0,0
23986,1000000US170314912001026,17,0,17,0,0,0,0,17,0,0,17,0,8,8,0,20,0,0
23987,1000000US170314912001027,15,0,15,0,0,0,0,15,0,0,15,0,7,6,1,20,0,0
23988,1000000US170314912001028,10,0,10,0,0,0,0,10,0,0,10,0,5,5,0,14,0,0
23989,1000000US170314912002000,28,0,28,0,0,0,0,28,0,0,28,0,15,13,2,33,0,0
23990,1000000US170314912002001,30,0,30,0,0,0,0,30,0,0,30,0,16,15,1,41,0,0
23991,1000000US170314912002002,53,0,53,0,0,0,0,53,0,0,53,0,17,16,1,60,0,0
23992,1000000US170314912002003,37,0,37,2,0,0,3,34,0,3,37,3,16,15,1,48,0,3
23993,1000000US170314912002004,35,0,35,0,0,0,0,35,0,0,35,0,17,16,1,45,0,0
23994,1000000US170314912002005,16,0,16,0,0,0,0,16,0,0,16,0,11,10,1,24,0,0
23995,1000000US170314912002006,27,0,27,0,0,0,0,27,0,0,27,0,11,11,0,28,0,0
23996,1000000US170314912002007,28,0,28,0,0,0,0,28,0,0,28,0,14,14,0,35,0,0
23997,1000000US170314912002008,30,0,30,0,0,0,0,30,0,0,30,0,13,12,1,37,0,0
23998,1000000US170314912002009,32,0,32,0,0,0,0,32,0,0,32,0,16,15,1,41,0,0
23999,1000000US170314912002010,29,0,29,0,0,0,0,29,0,0,29,0,12,12,0,32,0,0
24000,1000000US170314912002011,24,0,24,0,0,0,0,24,0,0,24,0,10,10,0,34,0,0
24001,1000000US170314912002012,28,0,28,5,0,0,2,26,0,2,28,6,10,10,0,34,2,2
24002,1000000US170314912002013,28,3,25,0,0,0,0,28,0,0,25,0,13,12,1,28,0,0
24003,1000000US170314912002014,34,1,33,0,0,0,0,34,0,0,33,0,13,13,0,39,0,0
24004,1000000US170314912002015,32,0,32,0,0,0,0,32,0,0,32,0,12,12,0,40,0,0
24005,1000000US170314912002016,23,0,23,0,0,0,0,23,0,0,23,0,11,10,1,27,0,0
24006,1000000US170314912002017,20,1,19,0,0,0,0,20,0,0,19,0,8,8,0,30,0,0
24007,1000000US170314912002018,9,0,9,0,0,0,0,9,0,0,9,0,6,5,1,10,0,0
24008,1000000US170314912002019,20,0,20,0,0,0,0,20,0,0,20,0,8,8,0,34,0,0
24009,1000000US170314912002020,14,0,13,0,0,0,2,12,0,2,14,0,7,7,0,24,0,1
24010,1000000US170314912002021,9,0,9,0,0,0,0,9,0,0,9,0,6,5,1,11,0,0
24011,1000000US170314912002022,0,0,0,0,0,0,0,0,0,0,0,0,0,0,0,0,0,0
24012,1000000US170314912003000,24,0,24,0,0,0,0,24,0,0,24,0,19,14,5,27,0,0
24013,1000000US170314912003001,3,1,2,1,0,0,0,3,0,0,2,1,1,1,0,3,1,0
24014,1000000US170314912003002,55,0,54,1,0,0,1,54,0,1,55,2,23,22,1,79,1,0
24015,1000000US170314912003003,19,0,19,0,0,0,0,19,0,0,19,0,15,11,4,24,0,0
24016,1000000US170314912003004,42,0,42,0,0,0,0,42,0,0,42,0,16,16,0,50,0,0
24017,1000000US170314912003005,2,0,2,0,0,0,0,2,0,0,2,0,2,1,1,3,0,0
24018,1000000US170314912003006,0,0,0,0,0,0,0,0,0,0,0,0,0,0,0,0,0,0
24019,1000000US170314912003007,31,0,31,0,0,0,0,31,0,0,31,0,15,14,1,38,0,0
24020,1000000US170314912003008,32,1,31,0,0,0,0,32,0,0,31,1,19,18,1,49,0,0
24021,1000000US170314912003009,65,0,65,0,0,0,1,64,0,1,65,0,46,36,10,95,0,1
24022,1000000US170314912003010,18,0,18,0,0,0,0,18,0,0,18,0,9,9,0,21,0,0
24023,1000000US170314912003011,29,0,29,0,0,0,0,29,0,0,29,0,12,12,0,33,0,0
24024,1000000US170314912003012,0,0,0,0,0,0,0,0,0,0,0,0,0,0,0,0,0,0
24025,1000000US170314912003013,0,0,0,0,0,0,0,0,0,0,0,0,0,0,0,0,0,0
24026,1000000US170314912003014,27,0,27,0,0,0,0,27,0,0,27,0,10,9,1,39,0,0
24027,1000000US170314912003015,21,0,21,0,0,0,0,21,0,0,21,0,10,10,0,30,0,0
24028,1000000US170314912003016,20,0,20,0,0,0,0,20,0,0,20,0,13,8,5,30,0,0
24029,1000000US170314912003017,36,0,36,0,0,0,0,36,0,0,36,0,14,12,2,41,0,0
24030,1000000US170314912003018,29,0,29,0,0,0,0,29,0,0,29,0,16,15,1,43,0,0
24031,1000000US170314912003019,19,0,15,1,0,0,4,15,0,4,19,0,9,9,0,23,1,0
24032,1000000US170314913001000,4,0,4,2,0,0,0,4,0,0,4,2,2,2,0,4,2,0
24033,1000000US170314913001001,4,0,4,0,0,0,0,4,0,0,4,0,3,2,1,4,0,0
24034,1000000US170314913001002,37,0,37,0,0,0,0,37,0,0,37,0,18,13,5,46,0,0
24035,1000000US170314913001003,10,0,10,0,0,0,0,10,0,0,10,0,4,4,0,11,0,0
24036,1000000US170314913001004,34,0,34,0,0,0,0,34,0,0,34,0,22,18,4,58,0,0
24037,1000000US170314913001005,19,0,19,0,0,0,0,19,0,0,19,0,22,13,9,32,0,0
24038,1000000US170314913001006,29,2,27,0,0,0,1,28,0,1,27,0,17,13,4,42,0,1
24039,1000000US170314913001007,50,0,50,0,0,0,0,50,0,0,50,0,16,14,2,59,0,0
24040,1000000US170314913001008,51,0,51,0,0,0,0,51,0,0,51,0,25,21,4,85,0,0
24041,1000000US170314913001009,5,0,5,0,0,0,0,5,0,0,5,0,4,4,0,12,0,0
24042,1000000US170314913001010,41,0,41,0,0,0,0,41,0,0,41,0,20,13,7,59,0,0
24043,1000000US170314913001011,55,0,52,1,0,0,3,52,0,3,55,1,19,17,2,98,0,0
24044,1000000US170314913001012,30,0,30,0,0,0,0,30,0,0,30,0,20,17,3,58,0,0
24045,1000000US170314913001013,72,3,63,0,0,0,6,66,0,6,69,0,23,22,1,103,0,0
24046,1000000US170314913001014,53,0,53,1,0,1,0,53,0,0,53,2,31,25,6,73,1,0
24047,1000000US170314913001015,30,0,27,3,0,0,0,30,0,0,30,0,21,17,4,44,3,0
24048,1000000US170314913001016,30,0,30,0,0,0,0,30,0,0,30,0,18,14,4,47,0,0
24049,1000000US170314913001017,51,0,51,0,0,0,0,51,0,0,51,0,31,24,7,68,0,0
24050,1000000US170314913002000,13,0,13,0,0,0,0,13,0,0,13,0,7,5,2,23,0,0
24051,1000000US170314913002001,29,0,29,0,0,0,0,29,0,0,29,0,15,12,3,50,0,0
24052,1000000US170314913002002,90,1,85,1,2,2,4,86,0,4,89,2,18,15,3,99,0,1
24053,1000000US170314913002003,38,0,38,0,0,0,0,38,0,0,38,0,18,15,3,46,0,0
24054,1000000US170314913002004,34,0,34,0,0,0,0,34,0,0,34,0,27,15,12,51,0,0
24055,1000000US170314913002005,29,3,22,3,0,0,1,28,0,1,26,2,3,3,0,31,3,0
24056,1000000US170314913002006,34,0,34,0,0,0,0,34,0,0,34,0,14,10,4,47,0,0
24057,1000000US170314913002007,40,0,40,0,0,0,0,40,0,0,40,0,22,18,4,51,0,0
24058,1000000US170314913002008,22,0,22,0,0,0,0,22,0,0,22,0,13,9,4,31,0,0
24059,1000000US170314913002009,19,0,19,0,0,0,0,19,0,0,19,0,13,10,3,23,0,0
24060,1000000US170314913002010,43,1,42,0,0,0,0,43,0,0,42,0,30,22,8,78,0,0
24061,1000000US170314913002011,43,0,43,0,0,0,0,43,0,0,43,0,28,19,9,55,0,0
24062,1000000US170314913002012,0,0,0,0,0,0,0,0,0,0,0,0,0,0,0,0,0,0
24063,1000000US170314913002013,0,0,0,0,0,0,0,0,0,0,0,0,0,0,0,0,0,0
24064,1000000US170314913002014,27,1,26,0,0,0,0,27,0,0,26,0,15,12,3,38,0,0
24065,1000000US170314913002015,26,0,26,0,0,0,0,26,0,0,26,0,19,10,9,31,0,0
24066,1000000US170314913002016,0,0,0,0,0,0,0,0,0,0,0,0,0,0,0,0,0,0
24067,1000000US170314913002017,17,0,17,0,0,0,0,17,0,0,17,0,9,7,2,30,0,0
24068,1000000US170314913003000,35,0,35,0,0,0,0,35,0,0,35,0,20,12,8,56,0,0
24069,1000000US170314913003001,11,0,11,0,0,0,0,11,0,0,11,0,5,3,2,17,0,0
24070,1000000US170314913003002,24,0,24,0,0,0,0,24,0,0,24,0,11,10,1,38,0,0
24071,1000000US170314913003003,5,0,5,0,0,0,0,5,0,0,5,0,4,2,2,9,0,0
24072,1000000US170314913003004,28,0,28,0,0,0,0,28,0,0,28,0,19,16,3,45,0,0
24073,1000000US170314913003005,26,0,26,0,0,0,0,26,0,0,26,0,13,13,0,39,0,0
24074,1000000US170314913003006,31,0,31,0,0,0,0,31,0,0,31,0,17,14,3,53,0,0
24075,1000000US170314913003007,39,0,39,0,0,0,0,39,0,0,39,0,12,12,0,58,0,0
24076,1000000US170314913003008,40,0,40,0,0,0,0,40,0,0,40,0,12,12,0,59,0,0
24077,1000000US170314913003009,23,0,22,1,0,0,0,23,0,0,23,0,13,8,5,41,1,0
24078,1000000US170314913003010,29,0,29,0,0,0,0,29,0,0,29,0,14,13,1,48,0,0
24079,1000000US170314913003011,32,2,30,0,0,0,0,32,0,0,30,0,17,14,3,35,0,0
24080,1000000US170314913003012,30,0,30,0,0,0,0,30,0,0,30,0,18,11,7,47,0,0
24081,1000000US170314913003013,38,0,38,0,0,0,0,38,0,0,38,0,23,15,8,58,0,0
24082,1000000US170314913003014,20,3,17,0,0,0,0,20,0,0,17,0,17,12,5,38,0,0
24083,1000000US170314913003015,12,0,12,0,0,0,0,12,0,0,12,0,5,4,1,18,0,0
24084,1000000US170314913003016,2,0,2,0,0,0,0,2,0,0,2,0,1,1,0,3,0,0
24085,1000000US170314913003017,16,0,16,0,0,0,0,16,0,0,16,0,9,9,0,20,0,0
24086,1000000US170314913003018,1,0,1,0,0,0,0,1,0,0,1,0,1,1,0,1,0,0
24087,1000000US170314913004000,27,0,27,0,0,0,0,27,0,0,27,0,15,10,5,34,0,0
24088,1000000US170314913004001,15,0,15,0,0,0,0,15,0,0,15,0,17,9,8,16,0,0
24089,1000000US170314913004002,32,0,32,0,0,0,0,32,0,0,32,0,18,15,3,46,0,0
24090,1000000US170314913004003,24,1,19,0,0,0,4,20,0,4,23,0,14,10,4,35,0,0
24091,1000000US170314913004004,43,0,43,0,0,0,0,43,0,0,43,0,13,12,1,51,0,0
24092,1000000US170314913004005,12,0,12,1,0,0,0,12,0,0,12,1,8,6,2,18,1,0
24093,1000000US170314913004006,17,0,17,0,0,0,0,17,0,0,17,0,13,10,3,20,0,0
24094,1000000US170314913004007,31,0,30,0,0,0,4,27,0,4,31,0,19,15,4,41,0,3
24095,1000000US170314913004008,0,0,0,0,0,0,0,0,0,0,0,0,0,0,0,0,0,0
24096,1000000US170314913004009,6,0,6,0,0,0,0,6,0,0,6,0,4,3,1,12,0,0
24097,1000000US170314913004010,16,1,15,0,0,0,0,16,0,0,15,0,8,6,2,26,0,0
24098,1000000US170314913004011,19,0,19,0,0,0,0,19,0,0,19,0,8,8,0,28,0,0
24099,1000000US170314913004012,6,0,6,0,0,0,0,6,0,0,6,0,7,4,3,11,0,0
24100,1000000US170314913004013,36,0,36,0,0,0,0,36,0,0,36,0,20,14,6,56,0,0
24101,1000000US170314913004014,42,0,42,0,0,0,0,42,0,0,42,0,18,15,3,51,0,0
24102,1000000US170314913004015,49,0,49,0,0,0,0,49,0,0,49,0,18,18,0,80,0,0
24103,1000000US170314913004016,9,0,9,0,0,0,0,9,0,0,9,0,12,6,6,10,0,0
24104,1000000US170314913004017,54,0,48,0,0,0,6,48,0,6,54,0,22,15,7,68,0,0
24105,1000000US170314913004018,11,0,11,0,0,0,0,11,0,0,11,0,4,4,0,13,0,0
24106,1000000US170314914001000,0,0,0,0,0,0,0,0,0,0,0,0,0,0,0,0,0,0
24107,1000000US170314914001001,0,0,0,0,0,0,0,0,0,0,0,0,0,0,0,0,0,0
24108,1000000US170314914001002,0,0,0,0,0,0,0,0,0,0,0,0,0,0,0,0,0,0
24109,1000000US170314914001003,31,0,31,0,0,0,0,31,0,0,31,0,37,19,18,33,0,0
24110,1000000US170314914001004,25,0,25,1,0,0,2,23,0,2,25,2,27,14,13,29,1,2
24111,1000000US170314914001005,20,0,20,0,0,0,1,19,0,1,20,0,20,14,6,27,0,1
24112,1000000US170314914001006,0,0,0,0,0,0,0,0,0,0,0,0,0,0,0,0,0,0
24113,1000000US170314914001007,0,0,0,0,0,0,0,0,0,0,0,0,0,0,0,0,0,0
24114,1000000US170314914001008,37,0,37,0,0,0,0,37,0,0,37,0,43,28,15,53,0,0
24115,1000000US170314914001009,116,1,114,0,0,0,0,116,0,0,115,0,86,61,25,153,0,0
24116,1000000US170314914001010,62,0,61,1,0,0,0,62,0,0,62,0,46,40,6,95,1,0
24117,1000000US170314914001011,75,3,71,0,0,2,3,72,0,3,72,1,59,49,10,92,0,2
24118,1000000US170314914001012,130,1,129,0,0,0,1,129,0,1,129,0,116,84,32,166,0,1
24119,1000000US170314914001013,95,1,94,0,0,0,0,95,0,0,94,0,74,55,19,156,0,0
24120,1000000US170314914001014,30,0,30,0,0,0,0,30,0,0,30,0,24,21,3,38,0,0
24121,1000000US170314914001015,52,0,52,0,0,0,0,52,0,0,52,0,44,34,10,61,0,0
24122,1000000US170314914002000,93,0,93,0,0,0,0,93,0,0,93,0,64,54,10,132,0,0
24123,1000000US170314914002001,73,0,73,0,0,0,0,73,0,0,73,0,62,41,21,97,0,0
24124,1000000US170314914002002,12,0,12,0,0,0,0,12,0,0,12,0,8,5,3,16,0,0
24125,1000000US170314914002003,6,0,6,0,0,0,0,6,0,0,6,0,1,1,0,9,0,0
24126,1000000US170314914002004,0,0,0,0,0,0,0,0,0,0,0,0,0,0,0,0,0,0
24127,1000000US170314914002005,0,0,0,0,0,0,0,0,0,0,0,0,0,0,0,0,0,0
24128,1000000US170314914002006,9,1,8,0,0,0,0,9,0,0,8,0,6,5,1,14,0,0
24129,1000000US170314914002007,0,0,0,0,0,0,0,0,0,0,0,0,0,0,0,0,0,0
24130,1000000US170314914002008,0,0,0,0,0,0,0,0,0,0,0,0,0,0,0,0,0,0
24131,1000000US170314914002009,4,0,4,0,0,0,0,4,0,0,4,0,4,1,3,8,0,0
24132,1000000US170314914002010,1,0,0,0,0,0,1,0,0,1,1,0,2,1,1,1,0,0
24133,1000000US170314914002011,3,0,3,0,0,0,0,3,0,0,3,0,5,2,3,7,0,0
24134,1000000US170314914002012,8,0,7,0,0,0,0,8,0,0,8,0,7,3,4,9,0,0
24135,1000000US170314914002013,20,0,20,0,0,0,1,19,0,1,20,0,14,9,5,27,0,1
24136,1000000US170314914002014,25,0,25,0,0,0,0,25,0,0,25,0,15,12,3,46,0,0
24137,1000000US170314914002015,2,0,2,0,0,0,0,2,0,0,2,0,2,1,1,2,0,0
24138,1000000US170314914002016,5,0,5,0,0,0,0,5,0,0,5,0,4,2,2,5,0,0
24139,1000000US170314914002017,40,0,40,0,0,0,1,39,0,1,40,0,10,8,2,51,0,1
24140,1000000US170314914002018,19,0,18,0,0,1,0,19,0,0,19,1,11,8,3,27,0,0
24141,1000000US170314914002019,9,0,9,0,0,0,0,9,0,0,9,0,5,4,1,17,0,0
24142,1000000US170314914002020,38,0,38,0,0,0,0,38,0,0,38,0,28,21,7,48,0,0
24143,1000000US170314914002021,46,1,45,0,0,0,1,45,0,1,45,0,40,20,20,81,0,1
24144,1000000US170314914002022,72,0,72,0,0,0,0,72,0,0,72,0,50,37,13,111,0,0
24145,1000000US170314914002023,31,0,31,0,0,0,0,31,0,0,31,0,20,17,3,51,0,0
24146,1000000US170314914002024,8,0,8,0,0,0,0,8,0,0,8,0,10,5,5,19,0,0
24147,1000000US170314914002025,20,0,20,0,0,0,0,20,0,0,20,0,11,9,2,33,0,0
24148,1000000US170314914002026,6,0,5,1,0,0,0,6,0,0,6,0,5,4,1,9,1,0
24149,1000000US170314914002027,0,0,0,0,0,0,0,0,0,0,0,0,0,0,0,0,0,0
24150,1000000US170314914002028,0,0,0,0,0,0,0,0,0,0,0,0,0,0,0,0,0,0
24151,1000000US170314914002029,0,0,0,0,0,0,0,0,0,0,0,0,0,0,0,0,0,0
24152,1000000US170314914002030,0,0,0,0,0,0,0,0,0,0,0,0,0,0,0,0,0,0
24153,1000000US170314914002031,14,0,14,0,0,0,0,14,0,0,14,0,7,6,1,16,0,0
24154,1000000US170314914002032,2,0,1,0,0,0,0,2,0,0,2,1,1,1,0,4,0,0
24155,1000000US170314914002033,6,0,6,0,0,0,0,6,0,0,6,0,4,3,1,9,0,0
24156,1000000US170314914003000,0,0,0,0,0,0,0,0,0,0,0,0,0,0,0,0,0,0
24157,1000000US170314914003001,43,0,43,0,0,0,0,43,0,0,43,0,25,20,5,62,0,0
24158,1000000US170314914003002,3,0,3,0,0,0,0,3,0,0,3,0,7,2,5,4,0,0
24159,1000000US170314914003003,0,0,0,0,0,0,0,0,0,0,0,0,4,0,4,0,0,0
24160,1000000US170314914003004,0,0,0,0,0,0,0,0,0,0,0,0,0,0,0,0,0,0
24161,1000000US170314914003005,0,0,0,0,0,0,0,0,0,0,0,0,0,0,0,0,0,0
24162,1000000US170314914003006,0,0,0,0,0,0,0,0,0,0,0,0,0,0,0,0,0,0
24163,1000000US170314914003007,50,1,49,0,0,0,0,50,0,0,49,0,29,27,2,78,0,0
24164,1000000US170314914003008,23,0,23,0,0,0,0,23,0,0,23,0,27,13,14,33,0,0
24165,1000000US170314914003009,15,0,15,0,0,0,0,15,0,0,15,0,11,8,3,24,0,0
24166,1000000US170314914003010,44,0,44,0,0,0,0,44,0,0,44,0,14,9,5,51,0,0
24167,1000000US170314914003011,143,2,139,3,0,0,6,137,0,6,141,8,78,60,18,197,3,6
24168,1000000US170314914003012,38,0,38,0,0,0,0,38,0,0,38,0,27,18,9,54,0,0
24169,1000000US170314914003013,121,1,118,3,0,0,4,117,0,4,120,4,74,59,15,176,1,3
24170,1000000US170314914003014,37,1,36,0,0,0,0,37,0,0,36,0,23,17,6,44,0,0
24171,1000000US170314914003015,8,0,8,1,0,0,0,8,0,0,8,1,3,3,0,8,1,0
24172,1000000US170314914003016,10,0,10,0,0,0,0,10,0,0,10,1,6,6,0,15,0,0
24173,1000000US170314914003017,33,0,33,0,0,0,0,33,0,0,33,0,19,16,3,43,0,0
24174,1000000US170314914003018,32,0,32,0,0,0,0,32,0,0,32,0,17,15,2,52,0,0
24175,1000000US170314914003019,17,0,17,0,0,0,0,17,0,0,17,0,32,9,23,23,0,0
24176,1000000US170314914003020,50,0,50,0,0,0,0,50,0,0,50,0,29,27,2,56,0,0
24177,1000000US170314914003021,20,1,16,0,0,1,1,19,0,1,19,1,18,10,8,27,0,0
24178,1000000US170314914003022,6,0,6,0,0,0,0,6,0,0,6,0,4,4,0,8,0,0
24179,1000000US170314914003023,0,0,0,0,0,0,0,0,0,0,0,0,2,0,2,0,0,0
24180,1000000US170314914003024,0,0,0,0,0,0,0,0,0,0,0,0,8,0,8,0,0,0
24181,1000000US170314914003025,42,1,41,0,0,1,0,42,0,0,41,1,22,22,0,60,0,0
24182,1000000US170314914003026,38,0,38,0,1,0,0,38,0,0,38,1,25,18,7,63,0,0
24183,1000000US170314914003027,0,0,0,0,0,0,0,0,0,0,0,0,0,0,0,0,0,0
24184,1000000US170314914003028,45,0,44,1,0,0,0,45,0,0,45,0,20,15,5,69,1,0
24185,1000000US170314914003029,17,0,17,0,0,0,0,17,0,0,17,0,10,8,2,32,0,0
24186,1000000US170315001001000,9,0,9,0,0,0,0,9,0,0,9,0,5,5,0,14,0,0
24187,1000000US170315001001001,10,0,10,0,0,0,0,10,0,0,10,0,3,3,0,12,0,0
24188,1000000US170315001001002,29,1,28,0,0,0,0,29,0,0,28,0,10,10,0,30,0,0
24189,1000000US170315001001003,0,0,0,0,0,0,0,0,0,0,0,0,0,0,0,0,0,0
24190,1000000US170315001001004,17,0,17,0,0,0,0,17,0,0,17,0,9,8,1,28,0,0
24191,1000000US170315001001005,1,0,1,0,0,0,0,1,0,0,1,0,1,1,0,5,0,0
24192,1000000US170315001001006,0,0,0,0,0,0,0,0,0,0,0,0,0,0,0,0,0,0
24193,1000000US170315001001007,0,0,0,0,0,0,0,0,0,0,0,0,0,0,0,0,0,0
24194,1000000US170315001001008,13,0,13,0,0,0,0,13,0,0,13,0,7,7,0,15,0,0
24195,1000000US170315001001009,0,0,0,0,0,0,0,0,0,0,0,0,0,0,0,0,0,0
24196,1000000US170315001001010,27,0,27,0,0,0,0,27,0,0,27,0,14,14,0,33,0,0
24197,1000000US170315001001011,34,0,34,0,0,0,0,34,0,0,34,0,18,18,0,44,0,0
24198,1000000US170315001001012,31,0,31,0,0,0,0,31,0,0,31,0,15,14,1,41,0,0
24199,1000000US170315001001013,26,0,26,1,0,0,0,26,0,0,26,1,15,13,2,34,1,0
24200,1000000US170315001001014,28,0,28,0,0,0,0,28,0,0,28,0,15,14,1,40,0,0
24201,1000000US170315001001015,29,0,29,0,0,0,0,29,0,0,29,0,14,14,0,42,0,0
24202,1000000US170315001001016,19,0,19,0,0,0,0,19,0,0,19,0,12,12,0,30,0,0
24203,1000000US170315001001017,28,1,27,3,0,0,0,28,0,0,27,3,14,13,1,39,3,0
24204,1000000US170315001001018,34,0,34,0,0,0,0,34,0,0,34,0,15,15,0,41,0,0
24205,1000000US170315001001019,31,0,31,0,0,0,0,31,0,0,31,0,13,13,0,35,0,0
24206,1000000US170315001001020,25,0,25,0,0,0,0,25,0,0,25,0,16,14,2,28,0,0
24207,1000000US170315001001021,35,0,35,0,0,0,0,35,0,0,35,0,14,13,1,48,0,0
24208,1000000US170315001001022,28,0,28,0,0,0,0,28,0,0,28,0,13,13,0,38,0,0
24209,1000000US170315001001023,26,0,26,0,0,0,0,26,0,0,26,0,11,11,0,30,0,0
24210,1000000US170315001001024,19,0,19,0,0,0,0,19,0,0,19,0,11,11,0,24,0,0
24211,1000000US170315001001025,28,0,28,0,0,0,0,28,0,0,28,0,13,13,0,31,0,0
24212,1000000US170315001001026,24,0,24,0,0,0,0,24,0,0,24,0,12,12,0,31,0,0
24213,1000000US170315001001027,15,0,15,0,0,0,0,15,0,0,15,0,6,6,0,17,0,0
24214,1000000US170315001001028,7,0,7,0,0,0,0,7,0,0,7,0,3,3,0,9,0,0
24215,1000000US170315001001029,0,0,0,0,0,0,0,0,0,0,0,0,0,0,0,0,0,0
24216,1000000US170315001001030,0,0,0,0,0,0,0,0,0,0,0,0,0,0,0,0,0,0
24217,1000000US170315001001031,0,0,0,0,0,0,0,0,0,0,0,0,0,0,0,0,0,0
24218,1000000US170315001001032,0,0,0,0,0,0,0,0,0,0,0,0,0,0,0,0,0,0
24219,1000000US170315001002000,11,0,11,0,0,0,0,11,0,0,11,0,6,6,0,13,0,0
24220,1000000US170315001002001,9,0,9,0,0,0,0,9,0,0,9,0,3,3,0,11,0,0
24221,1000000US170315001002002,0,0,0,0,0,0,0,0,0,0,0,0,0,0,0,0,0,0
24222,1000000US170315001002003,0,0,0,0,0,0,0,0,0,0,0,0,0,0,0,0,0,0
24223,1000000US170315001002004,0,0,0,0,0,0,0,0,0,0,0,0,0,0,0,0,0,0
24224,1000000US170315001002005,0,0,0,0,0,0,0,0,0,0,0,0,0,0,0,0,0,0
24225,1000000US170315001002006,33,0,33,0,0,0,0,33,0,0,33,0,20,18,2,37,0,0
24226,1000000US170315001002007,39,0,39,0,0,0,2,37,0,2,39,0,19,18,1,48,0,2
24227,1000000US170315001002008,37,0,37,0,0,0,0,37,0,0,37,0,18,17,1,51,0,0
24228,1000000US170315001002009,31,0,31,0,0,0,0,31,0,0,31,0,16,16,0,43,0,0
24229,1000000US170315001002010,35,0,35,0,0,0,0,35,0,0,35,0,17,17,0,53,0,0
24230,1000000US170315001002011,40,0,40,0,0,0,0,40,0,0,40,0,18,17,1,54,0,0
24231,1000000US170315001002012,34,0,34,0,0,0,0,34,0,0,34,0,18,16,2,46,0,0
24232,1000000US170315001002013,26,0,26,0,0,0,1,25,0,1,26,0,17,17,0,33,0,1
24233,1000000US170315001002014,48,0,47,0,0,0,0,48,0,0,48,1,18,18,0,65,0,0
24234,1000000US170315001002015,33,0,33,1,0,0,1,32,0,1,33,1,18,17,1,43,0,1
24235,1000000US170315001002016,27,1,26,0,0,0,0,27,0,0,26,0,17,16,1,40,0,0
24236,1000000US170315001002017,31,0,31,0,0,0,0,31,0,0,31,0,18,18,0,38,0,0
24237,1000000US170315001002018,59,0,59,1,0,0,0,59,0,0,59,1,33,31,2,76,0,0
24238,1000000US170315001002019,23,0,23,0,0,0,0,23,0,0,23,0,14,13,1,31,0,0
24239,1000000US170315001002020,13,0,13,0,0,0,0,13,0,0,13,0,6,6,0,20,0,0
24240,1000000US170315001002021,15,0,15,1,0,0,0,15,0,0,15,1,6,6,0,16,0,0
24241,1000000US170315001002022,0,0,0,0,0,0,0,0,0,0,0,0,0,0,0,0,0,0
24242,1000000US170315001003000,0,0,0,0,0,0,0,0,0,0,0,0,0,0,0,0,0,0
24243,1000000US170315001003001,0,0,0,0,0,0,0,0,0,0,0,0,0,0,0,0,0,0
24244,1000000US170315001003002,27,0,27,0,0,0,0,27,0,0,27,0,13,12,1,34,0,0
24245,1000000US170315001003003,24,0,24,0,0,0,0,24,0,0,24,0,13,13,0,30,0,0
24246,1000000US170315001003004,55,0,55,0,0,0,0,55,0,0,55,0,19,19,0,69,0,0
24247,1000000US170315001003005,31,0,31,0,0,0,1,30,0,1,31,0,18,17,1,42,0,1
24248,1000000US170315001003006,0,0,0,0,0,0,0,0,0,0,0,0,0,0,0,0,0,0
24249,1000000US170315001003007,3,0,3,0,0,0,0,3,0,0,3,0,2,1,1,6,0,0
24250,1000000US170315001003008,14,2,12,0,0,0,0,14,0,0,12,0,9,8,1,16,0,0
24251,1000000US170315001003009,14,0,14,0,0,0,0,14,0,0,14,0,9,8,1,18,0,0
24252,1000000US170315001003010,20,0,20,0,0,0,0,20,0,0,20,0,10,10,0,27,0,0
24253,1000000US170315001003011,27,0,27,0,0,0,0,27,0,0,27,0,15,14,1,32,0,0
24254,1000000US170315001003012,44,1,43,0,0,0,0,44,0,0,43,0,20,19,1,57,0,0
24255,1000000US170315001003013,34,0,34,0,0,0,0,34,0,0,34,0,18,18,0,41,0,0
24256,1000000US170315001003014,40,1,39,2,0,0,0,40,0,0,39,2,17,16,1,54,2,0
24257,1000000US170315001003015,39,1,38,2,0,0,5,34,0,5,38,2,18,17,1,49,2,5
24258,1000000US170315001003016,43,1,42,0,0,0,0,43,0,0,42,0,19,18,1,52,0,0
24259,1000000US170315001003017,18,0,18,0,0,0,0,18,0,0,18,0,9,8,1,20,0,0
24260,1000000US170315001003018,2,0,2,0,0,0,0,2,0,0,2,0,1,1,0,2,0,0
24261,1000000US170315001003019,1,0,1,0,0,0,0,1,0,0,1,0,1,1,0,1,0,0
24262,1000000US170315001003020,6,0,6,0,0,0,0,6,0,0,6,0,3,3,0,10,0,0
24263,1000000US170315001003021,18,0,18,0,0,0,0,18,0,0,18,0,9,9,0,26,0,0
24264,1000000US170315001003022,42,0,42,0,0,0,1,41,0,1,42,0,20,20,0,48,0,1
24265,1000000US170315001003023,38,0,38,0,0,0,0,38,0,0,38,0,20,19,1,51,0,0
24266,1000000US170315001003024,41,0,41,0,0,0,0,41,0,0,41,0,20,18,2,54,0,0
24267,1000000US170315001003025,40,0,37,0,0,0,3,37,0,3,40,0,19,19,0,49,0,0
24268,1000000US170315001003026,6,0,6,0,0,0,0,6,0,0,6,0,3,3,0,9,0,0
24269,1000000US170315001003027,13,0,13,0,0,0,0,13,0,0,13,0,6,6,0,21,0,0
24270,1000000US170315001004000,0,0,0,0,0,0,0,0,0,0,0,0,0,0,0,0,0,0
24271,1000000US170315001004001,0,0,0,0,0,0,0,0,0,0,0,0,0,0,0,0,0,0
24272,1000000US170315001004002,0,0,0,0,0,0,0,0,0,0,0,0,0,0,0,0,0,0
24273,1000000US170315001004003,0,0,0,0,0,0,0,0,0,0,0,0,0,0,0,0,0,0
24274,1000000US170315001004004,0,0,0,0,0,0,0,0,0,0,0,0,0,0,0,0,0,0
24275,1000000US170315001004005,0,0,0,0,0,0,0,0,0,0,0,0,0,0,0,0,0,0
24276,1000000US170315001004006,0,0,0,0,0,0,0,0,0,0,0,0,0,0,0,0,0,0
24277,1000000US170315001004007,0,0,0,0,0,0,0,0,0,0,0,0,0,0,0,0,0,0
24278,1000000US170315001004008,0,0,0,0,0,0,0,0,0,0,0,0,0,0,0,0,0,0
24279,1000000US170315001004009,0,0,0,0,0,0,0,0,0,0,0,0,0,0,0,0,0,0
24280,1000000US170315001004010,0,0,0,0,0,0,0,0,0,0,0,0,0,0,0,0,0,0
24281,1000000US170315001004011,0,0,0,0,0,0,0,0,0,0,0,0,0,0,0,0,0,0
24282,1000000US170315001004012,0,0,0,0,0,0,0,0,0,0,0,0,0,0,0,0,0,0
24283,1000000US170315001004013,0,0,0,0,0,0,0,0,0,0,0,0,0,0,0,0,0,0
24284,1000000US170315001004014,0,0,0,0,0,0,0,0,0,0,0,0,0,0,0,0,0,0
24285,1000000US170315001004015,189,4,185,0,1,0,2,187,0,2,185,3,108,103,5,258,0,2
24286,1000000US170315001004016,266,1,265,4,0,1,0,266,0,0,265,5,164,147,17,349,4,0
24287,1000000US170315001004017,154,1,153,0,0,0,0,154,0,0,153,1,94,82,12,199,0,0
24288,1000000US170315001004018,0,0,0,0,0,0,0,0,0,0,0,0,0,0,0,0,0,0
24289,1000000US170315001004019,0,0,0,0,0,0,0,0,0,0,0,0,0,0,0,0,0,0
24290,1000000US170315001004020,0,0,0,0,0,0,0,0,0,0,0,0,0,0,0,0,0,0
24291,1000000US170315001004021,0,0,0,0,0,0,0,0,0,0,0,0,0,0,0,0,0,0
24292,1000000US170315001004022,0,0,0,0,0,0,0,0,0,0,0,0,0,0,0,0,0,0
24293,1000000US170315001004023,0,0,0,0,0,0,0,0,0,0,0,0,0,0,0,0,0,0
24294,1000000US170315001004024,0,0,0,0,0,0,0,0,0,0,0,0,0,0,0,0,0,0
24295,1000000US170315001004025,0,0,0,0,0,0,0,0,0,0,0,0,0,0,0,0,0,0
24296,1000000US170315001004026,0,0,0,0,0,0,0,0,0,0,0,0,0,0,0,0,0,0
24297,1000000US170315001004027,0,0,0,0,0,0,0,0,0,0,0,0,0,0,0,0,0,0
24298,1000000US170315001004028,0,0,0,0,0,0,0,0,0,0,0,0,0,0,0,0,0,0
24299,1000000US170315001004029,0,0,0,0,0,0,0,0,0,0,0,0,0,0,0,0,0,0
24300,1000000US170315001004030,278,1,276,0,0,0,1,277,0,1,277,0,166,154,12,360,0,0
24301,1000000US170315001004031,162,4,155,0,0,0,3,159,0,3,158,3,113,100,13,203,0,0
24302,1000000US170315001004032,0,0,0,0,0,0,0,0,0,0,0,0,0,0,0,0,0,0
24303,1000000US170315001004033,0,0,0,0,0,0,0,0,0,0,0,0,0,0,0,0,0,0
24304,1000000US170315001004034,0,0,0,0,0,0,0,0,0,0,0,0,0,0,0,0,0,0
24305,1000000US170315002001000,299,1,297,1,0,0,5,294,0,5,298,2,234,222,12,525,1,4
24306,1000000US170315002001001,63,0,63,0,0,0,0,63,0,0,63,0,63,42,21,91,0,0
24307,1000000US170315002001002,26,0,26,0,0,0,0,26,0,0,26,0,45,17,28,37,0,0
24308,1000000US170315002001003,0,0,0,0,0,0,0,0,0,0,0,0,0,0,0,0,0,0
24309,1000000US170315002001004,66,0,66,0,0,0,0,66,0,0,66,1,41,29,12,108,0,0
24310,1000000US170315002001005,12,0,12,0,0,0,0,12,0,0,12,0,9,6,3,18,0,0
24311,1000000US170315002001006,3,0,3,2,0,0,0,3,0,0,3,3,3,1,2,6,1,0
24312,1000000US170315002001007,28,0,27,0,0,0,1,27,0,1,28,0,12,12,0,31,0,0
24313,1000000US170315002001008,11,3,8,0,0,0,0,11,0,0,8,0,5,5,0,11,0,0
24314,1000000US170315002001009,13,0,11,0,0,0,2,11,0,2,13,0,6,6,0,18,0,0
24315,1000000US170315002001010,20,2,18,0,0,0,0,20,0,0,18,0,9,9,0,37,0,0
24316,1000000US170315002001011,20,0,20,0,0,0,0,20,0,0,20,0,12,11,1,25,0,0
24317,1000000US170315002001012,29,0,28,0,1,0,0,29,0,0,29,0,15,15,0,40,0,0
24318,1000000US170315002001013,9,0,9,0,0,0,0,9,0,0,9,0,5,5,0,9,0,0
24319,1000000US170315002001014,65,0,64,0,0,0,1,64,0,1,65,0,43,32,11,91,0,0
24320,1000000US170315002001015,6,0,6,0,0,0,0,6,0,0,6,0,6,4,2,9,0,0
24321,1000000US170315002001016,37,0,30,3,0,0,7,30,0,7,37,3,15,15,0,43,3,0
24322,1000000US170315002001017,35,0,35,0,0,0,0,35,0,0,35,0,12,12,0,40,0,0
24323,1000000US170315002001018,14,0,14,0,0,0,0,14,0,0,14,0,9,7,2,20,0,0
24324,1000000US170315002001019,21,0,21,0,0,0,0,21,0,0,21,0,8,8,0,25,0,0
24325,1000000US170315002001020,17,0,17,1,0,0,0,17,0,0,17,1,9,8,1,19,1,0
24326,1000000US170315002001021,50,0,50,0,0,0,1,49,0,1,50,0,27,23,4,69,0,1
24327,1000000US170315002001022,47,0,47,0,0,0,0,47,0,0,47,1,30,24,6,66,0,0
24328,1000000US170315002001023,13,0,13,0,0,0,0,13,0,0,13,0,5,5,0,22,0,0
24329,1000000US170315002001024,47,0,47,0,0,0,0,47,0,0,47,0,33,29,4,69,0,0
24330,1000000US170315002002000,0,0,0,0,0,0,0,0,0,0,0,0,0,0,0,0,0,0
24331,1000000US170315002002001,0,0,0,0,0,0,0,0,0,0,0,0,0,0,0,0,0,0
24332,1000000US170315002002002,0,0,0,0,0,0,0,0,0,0,0,0,0,0,0,0,0,0
24333,1000000US170315002002003,0,0,0,0,0,0,0,0,0,0,0,0,0,0,0,0,0,0
24334,1000000US170315002002004,0,0,0,0,0,0,0,0,0,0,0,0,0,0,0,0,0,0
24335,1000000US170315002002005,2,1,1,0,0,0,0,2,0,0,1,1,1,1,0,3,0,0
24336,1000000US170315002002006,0,0,0,0,0,0,0,0,0,0,0,0,0,0,0,0,0,0
24337,1000000US170315002002007,0,0,0,0,0,0,0,0,0,0,0,0,0,0,0,0,0,0
24338,1000000US170315002002008,51,0,50,0,0,0,1,50,0,1,51,0,26,21,5,64,0,0
24339,1000000US170315002002009,12,0,12,1,0,0,2,10,0,2,12,1,8,5,3,16,1,2
24340,1000000US170315002002010,0,0,0,0,0,0,0,0,0,0,0,0,0,0,0,0,0,0
24341,1000000US170315002002011,23,0,23,0,0,0,0,23,0,0,23,0,13,10,3,38,0,0
24342,1000000US170315002002012,0,0,0,0,0,0,0,0,0,0,0,0,0,0,0,0,0,0
24343,1000000US170315002002013,0,0,0,0,0,0,0,0,0,0,0,0,0,0,0,0,0,0
24344,1000000US170315002002014,0,0,0,0,0,0,0,0,0,0,0,0,0,0,0,0,0,0
24345,1000000US170315002002015,44,0,43,1,0,0,0,44,0,0,44,0,22,17,5,62,1,0
24346,1000000US170315002002016,7,1,5,0,1,0,0,7,0,0,6,0,7,4,3,9,0,0
24347,1000000US170315002002017,29,0,28,1,0,0,0,29,0,0,29,0,19,18,1,46,1,0
24348,1000000US170315002002018,26,0,26,0,0,0,0,26,0,0,26,0,30,12,18,34,0,0
24349,1000000US170315002002019,40,1,39,1,0,0,0,40,0,0,39,3,39,23,16,59,1,0
24350,1000000US170315002002020,60,0,53,0,0,0,7,53,0,7,60,0,35,23,12,83,0,0
24351,1000000US170315002002021,55,1,54,0,0,0,0,55,0,0,54,1,35,29,6,100,0,0
24352,1000000US170315002002022,24,0,24,0,0,0,0,24,0,0,24,0,12,11,1,35,0,0
24353,1000000US170315002002023,21,0,21,0,0,0,0,21,0,0,21,0,28,16,12,37,0,0
24354,1000000US170315002002024,0,0,0,0,0,0,0,0,0,0,0,0,0,0,0,0,0,0
24355,1000000US170315002002025,0,0,0,0,0,0,0,0,0,0,0,0,0,0,0,0,0,0
24356,1000000US170315003001000,0,0,0,0,0,0,0,0,0,0,0,0,0,0,0,0,0,0
24357,1000000US170315003001001,0,0,0,0,0,0,0,0,0,0,0,0,0,0,0,0,0,0
24358,1000000US170315003001002,0,0,0,0,0,0,0,0,0,0,0,0,0,0,0,0,0,0
24359,1000000US170315003001003,0,0,0,0,0,0,0,0,0,0,0,0,0,0,0,0,0,0
24360,1000000US170315003001004,0,0,0,0,0,0,0,0,0,0,0,0,0,0,0,0,0,0
24361,1000000US170315003001005,0,0,0,0,0,0,0,0,0,0,0,0,0,0,0,0,0,0
24362,1000000US170315003001006,2,0,0,0,0,0,2,0,0,2,2,0,1,1,0,5,0,0
24363,1000000US170315003001007,25,8,12,3,0,0,5,20,0,5,17,0,18,17,1,32,3,0
24364,1000000US170315003001008,11,0,11,0,0,0,0,11,0,0,11,0,19,6,13,18,0,0
24365,1000000US170315003001009,48,15,25,0,0,0,8,40,0,8,33,0,29,26,3,67,0,0
24366,1000000US170315003001010,35,18,10,0,0,0,7,28,0,7,17,0,26,21,5,40,0,0
24367,1000000US170315003001011,77,14,43,0,1,0,18,59,0,18,63,0,56,45,11,98,0,0
24368,1000000US170315003001012,73,20,30,1,2,0,22,51,0,22,53,1,51,44,7,88,1,0
24369,1000000US170315003001013,49,21,14,0,0,0,14,35,0,14,28,0,36,31,5,59,0,0
24370,1000000US170315003001014,0,0,0,0,0,0,0,0,0,0,0,0,0,0,0,0,0,0
24371,1000000US170315003001015,86,14,40,0,0,0,33,53,0,33,72,0,68,54,14,125,0,1
24372,1000000US170315003001016,0,0,0,0,0,0,0,0,0,0,0,0,0,0,0,0,0,0
24373,1000000US170315003001017,0,0,0,0,0,0,0,0,0,0,0,0,0,0,0,0,0,0
24374,1000000US170315003001018,0,0,0,0,0,0,0,0,0,0,0,0,0,0,0,0,0,0
24375,1000000US170315003001019,0,0,0,0,0,0,0,0,0,0,0,0,0,0,0,0,0,0
24376,1000000US170315003001020,44,9,25,0,0,0,10,34,0,10,35,0,46,36,10,56,0,0
24377,1000000US170315003001021,54,12,26,1,0,0,16,38,0,16,42,2,39,32,7,69,0,1
24378,1000000US170315003002000,51,31,14,2,0,0,6,45,0,6,20,1,35,29,6,69,1,0
24379,1000000US170315003002001,0,0,0,0,0,0,0,0,0,0,0,0,0,0,0,0,0,0
24380,1000000US170315003002002,0,0,0,0,0,0,0,0,0,0,0,0,0,0,0,0,0,0
24381,1000000US170315003002003,92,40,29,0,1,0,21,71,0,21,52,4,64,57,7,110,0,0
24382,1000000US170315003002004,36,16,11,0,0,0,9,27,0,9,20,0,25,24,1,42,0,0
24383,1000000US170315003002005,0,0,0,0,0,0,0,0,0,0,0,0,2,0,2,0,0,0
24384,1000000US170315003002006,0,0,0,0,0,0,0,0,0,0,0,0,0,0,0,0,0,0
24385,1000000US170315003002007,0,0,0,0,0,0,0,0,0,0,0,0,0,0,0,0,0,0
24386,1000000US170315003002008,23,20,0,0,0,0,3,20,0,3,3,0,14,12,2,31,0,0
24387,1000000US170315003002009,54,20,26,1,0,0,5,49,0,5,34,0,37,35,2,61,1,0
24388,1000000US170315003002010,51,15,12,0,0,0,24,27,0,24,36,0,43,29,14,61,0,0
24389,1000000US170315003002011,0,0,0,0,0,0,0,0,0,0,0,0,0,0,0,0,0,0
24390,1000000US170315003002012,48,28,16,0,1,0,4,44,0,4,20,0,26,25,1,57,0,0
24391,1000000US170315003002013,0,0,0,0,0,0,0,0,0,0,0,0,0,0,0,0,0,0
24392,1000000US170315003002014,20,14,4,0,0,0,2,18,0,2,6,0,18,15,3,24,0,0
24393,1000000US170315003002015,27,13,2,2,0,0,12,15,0,12,14,2,19,17,2,29,0,0
24394,1000000US170315003002016,48,18,10,4,1,0,16,32,0,16,30,2,21,20,1,62,3,0
24395,1000000US170315003002017,41,22,12,1,0,0,7,34,0,7,19,1,25,25,0,44,0,0
24396,1000000US170315003002018,0,0,0,0,0,0,0,0,0,0,0,0,0,0,0,0,0,0
24397,1000000US170315003002019,4,3,0,0,0,0,1,3,0,1,1,0,2,2,0,4,0,0
24398,1000000US170315003002020,0,0,0,0,0,0,0,0,0,0,0,0,0,0,0,0,0,0
24399,1000000US170315003002021,11,2,7,0,0,0,2,9,0,2,9,0,7,5,2,12,0,0
24400,1000000US170315003002022,22,4,18,0,0,0,0,22,0,0,18,5,11,11,0,26,0,0
24401,1000000US170315003002023,42,16,17,0,0,0,9,33,0,9,26,0,33,27,6,51,0,0
24402,1000000US170315003002024,35,14,9,0,0,0,12,23,0,12,21,0,32,22,10,52,0,0
24403,1000000US170315003002025,57,14,10,1,0,0,34,23,0,34,43,1,39,31,8,86,1,1
24404,1000000US170315003002026,57,10,18,0,0,0,29,28,0,29,47,0,44,37,7,74,0,0
24405,1000000US170315003002027,0,0,0,0,0,0,0,0,0,0,0,0,0,0,0,0,0,0
24406,1000000US170315003002028,2,1,0,0,0,0,1,1,0,1,1,0,4,2,2,2,0,0
24407,1000000US170315003002029,40,8,24,0,0,0,12,28,0,12,32,0,19,18,1,62,0,4
24408,1000000US170315003002030,41,20,12,0,0,0,9,32,0,9,21,0,28,24,4,50,0,0
24409,1000000US170315101001000,0,0,0,0,0,0,0,0,0,0,0,0,0,0,0,0,0,0
24410,1000000US170315101001001,0,0,0,0,0,0,0,0,0,0,0,0,0,0,0,0,0,0
24411,1000000US170315101001002,0,0,0,0,0,0,0,0,0,0,0,0,0,0,0,0,0,0
24412,1000000US170315101001003,0,0,0,0,0,0,0,0,0,0,0,0,0,0,0,0,0,0
24413,1000000US170315101001004,0,0,0,0,0,0,0,0,0,0,0,0,0,0,0,0,0,0
24414,1000000US170315101001005,0,0,0,0,0,0,0,0,0,0,0,0,0,0,0,0,0,0
24415,1000000US170315101001006,0,0,0,0,0,0,0,0,0,0,0,0,0,0,0,0,0,0
24416,1000000US170315101001007,0,0,0,0,0,0,0,0,0,0,0,0,0,0,0,0,0,0
24417,1000000US170315101001008,0,0,0,0,0,0,0,0,0,0,0,0,0,0,0,0,0,0
24418,1000000US170315101001009,0,0,0,0,0,0,0,0,0,0,0,0,0,0,0,0,0,0
24419,1000000US170315101001010,7,0,0,0,0,0,7,0,0,7,7,0,6,5,1,7,0,0
24420,1000000US170315101001011,49,3,22,4,0,0,25,24,0,25,46,2,16,14,2,98,2,2
24421,1000000US170315101001012,83,8,15,2,0,0,59,24,0,59,75,0,44,38,6,121,2,0
24422,1000000US170315101001013,3,1,0,0,0,0,2,1,0,2,2,0,2,2,0,6,0,0
24423,1000000US170315101001014,30,4,2,1,5,0,19,11,0,19,26,0,13,12,1,47,1,0
24424,1000000US170315101001015,33,4,1,2,0,0,28,5,0,28,29,1,14,14,0,48,2,0
24425,1000000US170315101001016,37,0,2,1,0,0,35,2,0,35,37,2,17,16,1,60,1,0
24426,1000000US170315101001017,31,8,1,1,0,0,23,8,0,23,23,1,15,15,0,45,1,1
24427,1000000US170315101001018,18,4,0,0,0,0,14,4,0,14,14,0,7,6,1,27,0,0
24428,1000000US170315101001019,5,3,0,0,0,0,2,3,0,2,2,0,4,4,0,10,0,0
24429,1000000US170315101001020,17,6,0,0,0,0,11,6,0,11,11,0,8,8,0,24,0,0
24430,1000000US170315101001021,7,0,0,0,0,0,7,0,0,7,7,0,3,3,0,11,0,0
24431,1000000US170315101001022,20,4,2,0,0,1,14,6,0,14,16,1,9,9,0,26,0,0
24432,1000000US170315101001023,23,0,0,0,0,0,23,0,0,23,23,0,9,9,0,35,0,0
24433,1000000US170315101001024,28,5,0,0,0,0,23,5,0,23,23,0,9,9,0,38,0,0
24434,1000000US170315101001025,36,12,0,0,0,0,24,12,0,24,24,1,16,16,0,57,0,0
24435,1000000US170315101001026,29,2,4,0,0,0,27,2,0,27,27,0,16,12,4,48,0,4
24436,1000000US170315101001027,30,2,0,0,0,0,28,2,0,28,28,0,16,14,2,45,0,0
24437,1000000US170315101001028,6,4,2,0,0,0,0,6,0,0,2,0,5,4,1,7,0,0
24438,1000000US170315101001029,51,4,3,1,0,0,45,6,0,45,47,0,26,23,3,64,1,2
24439,1000000US170315101001030,36,8,1,0,0,0,27,9,0,27,28,0,14,14,0,42,0,0
24440,1000000US170315101001031,0,0,0,0,0,0,0,0,0,0,0,0,0,0,0,0,0,0
24441,1000000US170315101001032,15,1,0,1,0,0,13,2,0,13,14,0,15,13,2,17,1,0
24442,1000000US170315101001033,10,0,5,0,0,0,5,5,0,5,10,0,11,6,5,16,0,0
24443,1000000US170315101001034,24,5,0,0,0,0,19,5,0,19,19,0,12,11,1,31,0,0
24444,1000000US170315101001035,26,0,1,0,0,0,25,1,0,25,26,0,12,10,2,40,0,0
24445,1000000US170315101001036,46,1,0,0,0,0,45,1,0,45,45,4,20,19,1,55,0,0
24446,1000000US170315101001037,11,0,4,0,0,0,11,0,0,11,11,0,4,4,0,17,0,4
24447,1000000US170315101001038,29,3,6,0,0,0,20,9,0,20,26,0,11,11,0,38,0,0
24448,1000000US170315101001039,14,6,0,0,0,0,8,6,0,8,8,0,5,5,0,21,0,0
24449,1000000US170315101001040,11,2,0,0,0,0,9,2,0,9,9,0,7,7,0,19,0,0
24450,1000000US170315101001041,34,8,0,0,0,0,26,8,0,26,26,0,21,17,4,44,0,0
24451,1000000US170315101001042,30,4,6,0,0,0,24,6,0,24,26,0,20,15,5,46,0,4
24452,1000000US170315101001043,27,4,0,1,1,0,22,5,0,22,23,0,10,9,1,46,1,0
24453,1000000US170315101001044,8,5,3,0,0,0,0,8,0,0,3,0,5,5,0,12,0,0
24454,1000000US170315101001045,14,4,0,0,0,0,10,4,0,10,10,0,7,7,0,28,0,0
24455,1000000US170315101001046,10,4,1,0,0,0,6,4,0,6,6,1,4,4,0,14,0,1
24456,1000000US170315101001047,25,12,0,0,0,0,13,12,0,13,13,0,11,11,0,32,0,0
24457,1000000US170315101001048,13,9,0,0,0,0,4,9,0,4,4,0,8,7,1,19,0,0
24458,1000000US170315101001049,23,6,0,0,0,0,17,6,0,17,17,1,9,9,0,35,0,0
24459,1000000US170315101001050,8,3,0,1,0,0,5,3,0,5,5,1,5,5,0,8,1,0
24460,1000000US170315101001051,13,3,0,0,0,0,10,3,0,10,10,0,5,5,0,21,0,0
24461,1000000US170315101001052,42,0,3,2,3,3,39,3,0,39,42,3,17,16,1,72,0,0
24462,1000000US170315101001053,0,0,0,0,0,0,0,0,0,0,0,0,0,0,0,0,0,0
24463,1000000US170315101001054,0,0,0,0,0,0,0,0,0,0,0,0,0,0,0,0,0,0
24464,1000000US170315101001055,0,0,0,0,0,0,0,0,0,0,0,0,0,0,0,0,0,0
24465,1000000US170315101001056,0,0,0,0,0,0,0,0,0,0,0,0,0,0,0,0,0,0
24466,1000000US170315101001057,0,0,0,0,0,0,0,0,0,0,0,0,0,0,0,0,0,0
24467,1000000US170315101001058,0,0,0,0,0,0,0,0,0,0,0,0,0,0,0,0,0,0
24468,1000000US170315101002000,0,0,0,0,0,0,0,0,0,0,0,0,0,0,0,0,0,0
24469,1000000US170315101002001,0,0,0,0,0,0,0,0,0,0,0,0,0,0,0,0,0,0
24470,1000000US170315101002002,0,0,0,0,0,0,0,0,0,0,0,0,0,0,0,0,0,0
24471,1000000US170315101002003,0,0,0,0,0,0,0,0,0,0,0,0,0,0,0,0,0,0
24472,1000000US170315101002004,0,0,0,0,0,0,0,0,0,0,0,0,0,0,0,0,0,0
24473,1000000US170315101002005,0,0,0,0,0,0,0,0,0,0,0,0,0,0,0,0,0,0
24474,1000000US170315101002006,0,0,0,0,0,0,0,0,0,0,0,0,0,0,0,0,0,0
24475,1000000US170315101002007,9,1,8,0,0,0,0,9,0,0,8,0,3,3,0,13,0,0
24476,1000000US170315101002008,34,10,11,0,0,0,15,19,0,15,24,0,19,16,3,46,0,2
24477,1000000US170315101002009,66,4,1,0,0,0,61,5,0,61,62,8,30,28,2,81,0,0
24478,1000000US170315101002010,10,1,0,0,0,0,9,1,0,9,9,0,5,4,1,15,0,0
24479,1000000US170315101002011,40,0,4,2,0,0,36,4,0,36,40,0,18,18,0,61,2,0
24480,1000000US170315101002012,11,1,0,0,0,0,10,1,0,10,10,0,4,4,0,18,0,0
24481,1000000US170315101002013,31,8,0,0,1,0,22,9,0,22,23,1,14,13,1,40,0,0
24482,1000000US170315101002014,10,2,0,0,0,0,8,2,0,8,8,0,7,7,0,33,0,0
24483,1000000US170315101002015,0,0,0,0,0,0,0,0,0,0,0,0,0,0,0,0,0,0
24484,1000000US170315101002016,0,0,0,0,0,0,0,0,0,0,0,0,0,0,0,0,0,0
24485,1000000US170315101002017,0,0,0,0,0,0,0,0,0,0,0,0,0,0,0,0,0,0
24486,1000000US170315101002018,0,0,0,0,0,0,0,0,0,0,0,0,0,0,0,0,0,0
24487,1000000US170315101002019,0,0,0,0,0,0,0,0,0,0,0,0,0,0,0,0,0,0
24488,1000000US170315101002020,3,0,0,0,0,0,3,0,0,3,3,0,3,3,0,3,0,0
24489,1000000US170315101002021,0,0,0,0,0,0,0,0,0,0,0,0,0,0,0,0,0,0
24490,1000000US170315101002022,31,1,1,0,0,0,30,1,0,30,30,1,19,17,2,42,0,1
24491,1000000US170315101002023,63,9,3,0,0,0,52,11,0,52,54,0,47,33,14,96,0,1
24492,1000000US170315101002024,0,0,0,0,0,0,0,0,0,0,0,0,0,0,0,0,0,0
24493,1000000US170315101002025,0,0,0,0,0,0,0,0,0,0,0,0,0,0,0,0,0,0
24494,1000000US170315101002026,0,0,0,0,0,0,0,0,0,0,0,0,0,0,0,0,0,0
24495,1000000US170315101002027,0,0,0,0,0,0,0,0,0,0,0,0,0,0,0,0,0,0
24496,1000000US170315101002028,0,0,0,0,0,0,0,0,0,0,0,0,0,0,0,0,0,0
24497,1000000US170315101002029,0,0,0,0,0,0,0,0,0,0,0,0,0,0,0,0,0,0
24498,1000000US170315101002030,31,1,1,2,0,0,29,2,0,29,30,1,19,15,4,45,1,0
24499,1000000US170315101002031,68,0,5,0,2,2,65,3,0,65,68,3,29,29,0,102,0,2
24500,1000000US170315101002032,36,6,0,0,0,0,30,6,0,30,30,0,17,15,2,54,0,0
24501,1000000US170315101002033,31,2,0,0,0,0,29,2,0,29,29,0,17,17,0,52,0,0
24502,1000000US170315101002034,24,5,1,1,0,0,17,7,0,17,19,0,15,11,4,40,1,0
24503,1000000US170315101002035,21,2,1,0,0,0,18,3,0,18,19,0,11,11,0,38,0,0
24504,1000000US170315101002036,32,14,0,2,0,0,18,14,0,18,18,1,15,15,0,48,2,0
24505,1000000US170315101002037,0,0,0,0,0,0,0,0,0,0,0,0,0,0,0,0,0,0
24506,1000000US170315101002038,15,12,0,0,0,0,3,12,0,3,3,0,8,7,1,18,0,0
24507,1000000US170315101002039,19,5,0,0,1,1,12,7,0,12,14,0,7,7,0,22,0,0
24508,1000000US170315101002040,31,3,4,3,0,0,24,7,0,24,28,1,18,14,4,46,3,0
24509,1000000US170315101002041,27,3,0,0,0,0,24,3,0,24,24,0,13,11,2,40,0,0
24510,1000000US170315101002042,20,3,0,0,0,0,17,3,0,17,17,0,7,7,0,31,0,0
24511,1000000US170315101002043,12,0,1,0,0,0,12,0,0,12,12,0,6,5,1,18,0,1
24512,1000000US170315101002044,21,2,0,0,0,0,19,2,0,19,19,0,8,7,1,30,0,0
24513,1000000US170315101002045,17,7,0,0,0,0,10,7,0,10,10,0,10,7,3,21,0,0
24514,1000000US170315101002046,29,3,0,3,0,0,26,3,0,26,26,0,11,11,0,49,3,0
24515,1000000US170315101002047,29,3,0,0,0,0,26,3,0,26,26,0,10,10,0,37,0,0
24516,1000000US170315101002048,51,5,0,0,0,0,46,5,0,46,46,0,22,21,1,68,0,0
24517,1000000US170315101002049,0,0,0,0,0,0,0,0,0,0,0,0,0,0,0,0,0,0
24518,1000000US170315101002050,56,17,2,0,0,0,37,19,0,37,39,0,27,26,1,77,0,0
24519,1000000US170315101002051,0,0,0,0,0,0,0,0,0,0,0,0,0,0,0,0,0,0
24520,1000000US170315101002052,32,5,0,3,0,0,27,5,0,27,27,0,17,16,1,49,3,0
24521,1000000US170315101002053,36,18,3,0,0,0,15,21,0,15,18,0,18,17,1,43,0,0
24522,1000000US170315101002054,37,22,0,0,0,0,15,22,0,15,15,0,17,17,0,46,0,0
24523,1000000US170315101002055,45,9,0,2,0,0,35,10,0,35,36,2,18,17,1,59,2,0
24524,1000000US170315101002056,0,0,0,0,0,0,0,0,0,0,0,0,0,0,0,0,0,0
24525,1000000US170315101002057,0,0,0,0,0,0,0,0,0,0,0,0,0,0,0,0,0,0
24526,1000000US170315101002058,53,5,12,0,0,0,36,17,0,36,48,0,29,25,4,74,0,0
24527,1000000US170315101002059,26,3,1,0,0,0,23,3,0,23,23,0,12,10,2,34,0,1
24528,1000000US170315101002060,1,0,0,0,0,0,1,0,0,1,1,0,1,1,0,1,0,0
24529,1000000US170315101002061,3,1,2,0,0,0,0,3,0,0,2,0,1,1,0,3,0,0
24530,1000000US170315101002062,5,0,0,0,1,0,4,1,0,4,5,0,2,2,0,8,0,0
24531,1000000US170315101002063,0,0,0,0,0,0,0,0,0,0,0,0,0,0,0,0,0,0
24532,1000000US170315101002064,9,0,0,0,0,0,9,0,0,9,9,0,3,3,0,20,0,0
24533,1000000US170315101002065,18,0,4,0,0,0,14,4,0,14,18,0,9,9,0,23,0,0
24534,1000000US170315101002066,35,4,2,4,0,0,29,6,0,29,31,3,16,13,3,47,4,0
24535,1000000US170315101002067,55,2,3,3,0,0,50,5,0,50,53,1,24,23,1,68,3,0
24536,1000000US170315101002068,0,0,0,0,0,0,0,0,0,0,0,0,0,0,0,0,0,0
24537,1000000US170315101002069,8,1,0,0,0,0,7,1,0,7,7,0,5,5,0,11,0,0
24538,1000000US170315101002070,65,8,9,0,1,0,49,16,0,49,57,0,30,27,3,104,0,2
24539,1000000US170315101002071,78,5,2,0,1,0,72,6,0,72,73,0,36,30,6,101,0,1
24540,1000000US170315101002072,43,7,1,0,0,0,35,8,0,35,36,0,18,17,1,58,0,0
24541,1000000US170315101002073,0,0,0,0,0,0,0,0,0,0,0,0,0,0,0,0,0,0
24542,1000000US170315101002074,0,0,0,0,0,0,0,0,0,0,0,0,0,0,0,0,0,0
24543,1000000US170315101002075,0,0,0,0,0,0,0,0,0,0,0,0,0,0,0,0,0,0
24544,1000000US170315102001000,0,0,0,0,0,0,0,0,0,0,0,0,0,0,0,0,0,0
24545,1000000US170315102001001,21,7,0,0,0,0,14,7,0,14,14,1,11,11,0,35,0,0
24546,1000000US170315102001002,45,10,0,0,0,0,35,10,0,35,35,0,23,19,4,54,0,0
24547,1000000US170315102001003,26,11,1,0,0,0,14,12,0,14,15,0,11,10,1,30,0,0
24548,1000000US170315102001004,0,0,0,0,0,0,0,0,0,0,0,0,0,0,0,0,0,0
24549,1000000US170315102001005,0,0,0,0,0,0,0,0,0,0,0,0,0,0,0,0,0,0
24550,1000000US170315102001006,0,0,0,0,0,0,0,0,0,0,0,0,0,0,0,0,0,0
24551,1000000US170315102001007,40,23,2,0,0,0,16,24,0,16,17,1,18,18,0,50,0,1
24552,1000000US170315102001008,17,0,15,1,0,0,2,15,0,2,17,0,8,8,0,27,1,0
24553,1000000US170315102001009,0,0,0,0,0,0,0,0,0,0,0,0,0,0,0,0,0,0
24554,1000000US170315102001010,2,0,2,0,0,0,0,2,0,0,2,0,2,2,0,7,0,0
24555,1000000US170315102001011,15,0,14,1,0,0,0,15,0,0,15,0,9,8,1,27,1,0
24556,1000000US170315102001012,120,0,120,0,0,0,0,120,0,0,120,1,66,61,5,148,0,0
24557,1000000US170315102001013,47,0,47,0,0,0,1,46,0,1,47,0,24,23,1,70,0,1
24558,1000000US170315102001014,13,0,13,0,0,0,0,13,0,0,13,0,12,8,4,19,0,0
24559,1000000US170315102001015,29,0,29,0,0,0,0,29,0,0,29,0,18,17,1,38,0,0
24560,1000000US170315102001016,34,1,33,0,0,0,0,34,0,0,33,0,18,18,0,49,0,0
24561,1000000US170315102001017,3,0,2,0,0,0,1,2,0,1,3,0,2,2,0,3,0,0
24562,1000000US170315102001018,87,22,1,1,0,0,64,23,0,64,65,0,38,38,0,130,1,0
24563,1000000US170315102001019,42,7,0,0,0,0,34,8,0,34,35,0,16,16,0,64,0,0
24564,1000000US170315102001020,43,8,4,0,0,0,31,12,0,31,35,1,16,16,0,59,0,0
24565,1000000US170315102001021,34,13,0,1,0,0,21,13,0,21,21,2,16,16,0,50,0,0
24566,1000000US170315102001022,40,11,0,0,0,0,29,11,0,29,29,0,16,16,0,52,0,0
24567,1000000US170315102001023,0,0,0,0,0,0,0,0,0,0,0,0,0,0,0,0,0,0
24568,1000000US170315102001024,40,0,40,0,0,0,0,40,0,0,40,0,15,14,1,50,0,0
24569,1000000US170315102001025,20,1,1,0,0,0,18,2,0,18,19,0,10,9,1,31,0,0
24570,1000000US170315102002000,41,0,38,0,0,0,3,38,0,3,41,0,23,22,1,53,0,0
24571,1000000US170315102002001,31,2,29,1,1,0,0,31,0,0,29,5,23,19,4,44,1,0
24572,1000000US170315102002002,333,4,323,2,0,0,7,326,0,7,329,4,191,175,16,431,1,2
24573,1000000US170315102002003,58,0,58,1,0,0,0,58,0,0,58,1,33,31,2,78,1,0
24574,1000000US170315102002004,22,0,22,0,0,0,0,22,0,0,22,3,16,14,2,33,0,0
24575,1000000US170315102002005,28,0,28,1,0,0,0,28,0,0,28,1,14,14,0,39,1,0
24576,1000000US170315102002006,29,0,29,0,0,0,0,29,0,0,29,0,14,13,1,43,0,0
24577,1000000US170315102002007,38,0,38,0,0,0,0,38,0,0,38,1,16,15,1,49,0,0
24578,1000000US170315102002008,14,0,13,0,0,0,1,13,0,1,14,0,9,9,0,21,0,0
24579,1000000US170315102002009,23,0,23,0,0,0,0,23,0,0,23,0,8,8,0,26,0,0
24580,1000000US170315102002010,10,0,10,0,0,0,0,10,0,0,10,0,5,4,1,21,0,0
24581,1000000US170315102002011,20,0,19,0,1,0,0,20,0,0,20,0,11,9,2,28,0,0
24582,1000000US170315102003000,0,0,0,0,0,0,0,0,0,0,0,0,0,0,0,0,0,0
24583,1000000US170315102003001,0,0,0,0,0,0,0,0,0,0,0,0,0,0,0,0,0,0
24584,1000000US170315102003002,22,4,15,0,0,0,3,19,0,3,18,0,9,8,1,32,0,0
24585,1000000US170315102003003,32,2,26,0,0,0,4,28,0,4,30,2,37,22,15,38,0,0
24586,1000000US170315102003004,28,0,28,0,0,0,0,28,0,0,28,0,14,13,1,31,0,0
24587,1000000US170315102003005,26,0,26,0,0,0,0,26,0,0,26,0,15,14,1,32,0,0
24588,1000000US170315102003006,36,0,36,0,0,0,0,36,0,0,36,0,14,13,1,41,0,0
24589,1000000US170315102003007,25,0,25,0,0,0,0,25,0,0,25,0,13,13,0,31,0,0
24590,1000000US170315102003008,18,2,16,1,0,0,0,18,0,0,16,1,14,11,3,23,1,0
24591,1000000US170315102003009,42,1,39,0,0,0,2,40,0,2,41,0,20,20,0,56,0,0
24592,1000000US170315102003010,29,0,29,0,0,0,0,29,0,0,29,0,10,10,0,34,0,0
24593,1000000US170315102003011,31,0,31,0,1,0,1,30,0,1,31,1,14,12,2,46,0,1
24594,1000000US170315102003012,24,0,24,0,0,0,0,24,0,0,24,0,14,12,2,33,0,0
24595,1000000US170315102003013,26,0,26,0,0,0,0,26,0,0,26,0,15,13,2,36,0,0
24596,1000000US170315102003014,31,1,30,0,0,0,0,31,0,0,30,0,16,15,1,37,0,0
24597,1000000US170315102003015,25,0,25,1,0,0,1,24,0,1,25,1,14,14,0,28,1,1
24598,1000000US170315102003016,27,0,27,0,0,0,0,27,0,0,27,0,15,15,0,34,0,0
24599,1000000US170315102003017,48,0,39,0,0,0,9,39,0,9,48,0,19,19,0,64,0,0
24600,1000000US170315102003018,51,1,38,1,0,0,11,40,0,11,50,0,21,20,1,61,1,0
24601,1000000US170315102003019,17,0,9,0,7,0,7,10,0,7,17,6,6,5,1,18,0,0
24602,1000000US170315102003020,0,0,0,0,0,0,0,0,0,0,0,0,0,0,0,0,0,0
24603,1000000US170315102003021,0,0,0,0,0,0,0,0,0,0,0,0,0,0,0,0,0,0
24604,1000000US170315102003022,0,0,0,0,0,0,0,0,0,0,0,0,0,0,0,0,0,0
24605,1000000US170315102003023,30,1,1,1,0,0,28,2,0,28,29,0,16,15,1,46,1,0
24606,1000000US170315102003024,0,0,0,0,0,0,0,0,0,0,0,0,0,0,0,0,0,0
24607,1000000US170315102003025,12,1,2,1,0,0,10,2,0,10,11,2,5,5,0,17,1,1
24608,1000000US170315102003026,40,0,34,0,0,0,6,34,0,6,40,0,15,15,0,58,0,0
24609,1000000US170315102003027,31,2,26,0,0,0,3,28,0,3,29,0,14,14,0,41,0,0
24610,1000000US170315102003028,26,3,23,0,0,0,0,26,0,0,23,0,15,13,2,35,0,0
24611,1000000US170315102003029,39,0,39,0,0,0,0,39,0,0,39,0,16,16,0,52,0,0
24612,1000000US170315102003030,42,4,38,0,0,0,0,42,0,0,38,0,19,16,3,56,0,0
24613,1000000US170315102003031,34,0,28,1,0,0,6,28,0,6,34,0,16,16,0,49,1,0
24614,1000000US170315102003032,37,0,37,0,0,0,0,37,0,0,37,0,18,15,3,49,0,0
24615,1000000US170315102003033,36,0,32,2,0,0,2,34,0,2,36,0,16,16,0,49,2,0
24616,1000000US170315103001000,0,0,0,0,0,0,0,0,0,0,0,0,0,0,0,0,0,0
24617,1000000US170315103001001,0,0,0,0,0,0,0,0,0,0,0,0,0,0,0,0,0,0
24618,1000000US170315103001002,0,0,0,0,0,0,0,0,0,0,0,0,0,0,0,0,0,0
24619,1000000US170315103001003,0,0,0,0,0,0,0,0,0,0,0,0,0,0,0,0,0,0
24620,1000000US170315103001004,0,0,0,0,0,0,0,0,0,0,0,0,0,0,0,0,0,0
24621,1000000US170315103001005,0,0,0,0,0,0,0,0,0,0,0,0,0,0,0,0,0,0
24622,1000000US170315103001006,47,0,47,0,0,0,1,46,0,1,47,0,28,26,2,49,0,1
24623,1000000US170315103001007,91,0,89,2,1,1,1,90,0,1,91,3,45,45,0,123,2,0
24624,1000000US170315103001008,95,1,93,0,1,1,0,95,0,0,94,2,44,42,2,119,0,0
24625,1000000US170315103001009,91,0,91,0,0,0,0,91,0,0,91,0,44,41,3,122,0,0
24626,1000000US170315103001010,52,0,52,0,0,0,0,52,0,0,52,1,29,26,3,63,0,0
24627,1000000US170315103001011,127,2,125,0,0,0,0,127,0,0,125,1,66,65,1,168,0,0
24628,1000000US170315103001012,91,0,91,0,0,0,0,91,0,0,91,0,46,44,2,121,0,0
24629,1000000US170315103001013,124,1,121,0,0,0,3,121,0,3,123,1,76,67,9,171,0,3
24630,1000000US170315103001014,79,0,78,1,1,0,0,79,0,0,79,1,34,32,2,101,1,0
24631,1000000US170315103001015,81,3,78,0,0,0,0,81,0,0,78,0,38,36,2,110,0,0
24632,1000000US170315103001016,74,2,72,0,0,0,0,74,0,0,72,0,38,34,4,103,0,0
24633,1000000US170315103001017,48,4,44,0,0,0,0,48,0,0,44,0,21,20,1,78,0,0
24634,1000000US170315103002000,0,0,0,0,0,0,0,0,0,0,0,0,0,0,0,0,0,0
24635,1000000US170315103002001,0,0,0,0,0,0,0,0,0,0,0,0,0,0,0,0,0,0
24636,1000000US170315103002002,0,0,0,0,0,0,0,0,0,0,0,0,0,0,0,0,0,0
24637,1000000US170315103002003,0,0,0,0,0,0,0,0,0,0,0,0,0,0,0,0,0,0
24638,1000000US170315103002004,0,0,0,0,0,0,0,0,0,0,0,0,0,0,0,0,0,0
24639,1000000US170315103002005,0,0,0,0,0,0,0,0,0,0,0,0,0,0,0,0,0,0
24640,1000000US170315103002006,0,0,0,0,0,0,0,0,0,0,0,0,0,0,0,0,0,0
24641,1000000US170315103002007,0,0,0,0,0,0,0,0,0,0,0,0,0,0,0,0,0,0
24642,1000000US170315103002008,0,0,0,0,0,0,0,0,0,0,0,0,0,0,0,0,0,0
24643,1000000US170315103002009,0,0,0,0,0,0,0,0,0,0,0,0,0,0,0,0,0,0
24644,1000000US170315103002010,39,0,39,0,0,0,0,39,0,0,39,0,17,17,0,52,0,0
24645,1000000US170315103002011,32,0,32,0,0,0,0,32,0,0,32,1,19,18,1,35,0,0
24646,1000000US170315103002012,1,0,1,0,0,0,0,1,0,0,1,0,1,1,0,1,0,0
24647,1000000US170315103002013,0,0,0,0,0,0,0,0,0,0,0,0,0,0,0,0,0,0
24648,1000000US170315103002014,18,0,18,2,0,0,0,18,0,0,18,3,11,9,2,26,2,0
24649,1000000US170315103002015,27,0,27,0,0,0,0,27,0,0,27,0,17,14,3,35,0,0
24650,1000000US170315103002016,23,0,23,0,0,0,0,23,0,0,23,0,16,15,1,32,0,0
24651,1000000US170315103002017,46,0,46,0,2,0,0,46,0,0,46,3,25,23,2,59,0,0
24652,1000000US170315103002018,37,0,37,0,0,0,1,36,0,1,37,0,24,22,2,44,0,1
24653,1000000US170315103002019,37,0,37,0,0,0,0,37,0,0,37,0,26,26,0,47,0,0
24654,1000000US170315103002020,0,0,0,0,0,0,0,0,0,0,0,0,0,0,0,0,0,0
24655,1000000US170315103002021,14,1,13,0,0,0,0,14,0,0,13,0,10,9,1,23,0,0
24656,1000000US170315103002022,49,0,49,0,0,0,0,49,0,0,49,0,27,25,2,74,0,0
24657,1000000US170315103002023,13,0,13,0,0,0,0,13,0,0,13,0,4,4,0,15,0,0
24658,1000000US170315103002024,165,1,164,0,0,0,0,165,0,0,164,1,80,76,4,207,0,0
24659,1000000US170315103002025,45,0,45,0,0,0,0,45,0,0,45,0,22,21,1,52,0,0
24660,1000000US170315103002026,47,0,47,2,0,2,0,47,0,0,47,2,30,26,4,61,0,0
24661,1000000US170315103002027,37,1,35,0,0,0,0,37,0,0,36,0,20,19,1,45,0,0
24662,1000000US170315103002028,37,0,37,1,0,0,0,37,0,0,37,1,19,18,1,57,1,0
24663,1000000US170315103002029,42,0,42,1,0,0,0,42,0,0,42,2,24,24,0,49,0,0
24664,1000000US170315103002030,51,0,47,0,0,0,6,45,0,6,51,0,28,26,2,67,0,2
24665,1000000US170315103002031,10,0,10,0,0,0,0,10,0,0,10,0,6,4,2,14,0,0
24666,1000000US170315103002032,30,0,29,0,0,0,0,30,0,0,30,0,11,11,0,38,0,0
24667,1000000US170315103002033,27,0,27,0,0,0,0,27,0,0,27,0,12,11,1,36,0,0
24668,1000000US170315103002034,0,0,0,0,0,0,0,0,0,0,0,0,0,0,0,0,0,0
24669,1000000US170315103002035,1,0,1,0,0,0,0,1,0,0,1,0,0,0,0,1,0,0
24670,1000000US170315103002036,37,0,37,0,0,0,0,37,0,0,37,0,23,21,2,60,0,0
24671,1000000US170315103003000,194,0,194,1,0,0,0,194,0,0,194,1,160,159,1,315,1,0
24672,1000000US170315103003001,0,0,0,0,0,0,0,0,0,0,0,0,0,0,0,0,0,0
24673,1000000US170315103003002,0,0,0,0,0,0,0,0,0,0,0,0,0,0,0,0,0,0
24674,1000000US170315103003003,34,0,34,1,0,0,0,34,0,0,34,1,17,15,2,44,1,0
24675,1000000US170315103003004,29,0,29,1,0,0,0,29,0,0,29,1,15,15,0,40,1,0
24676,1000000US170315103003005,0,0,0,0,0,0,0,0,0,0,0,0,0,0,0,0,0,0
24677,1000000US170315103003006,0,0,0,0,0,0,0,0,0,0,0,0,0,0,0,0,0,0
24678,1000000US170315103003007,0,0,0,0,0,0,0,0,0,0,0,0,0,0,0,0,0,0
24679,1000000US170315103003008,0,0,0,0,0,0,0,0,0,0,0,0,0,0,0,0,0,0
24680,1000000US170315103003009,0,0,0,0,0,0,0,0,0,0,0,0,0,0,0,0,0,0
24681,1000000US170315103003010,0,0,0,0,0,0,0,0,0,0,0,0,0,0,0,0,0,0
24682,1000000US170315103003011,0,0,0,0,0,0,0,0,0,0,0,0,0,0,0,0,0,0
24683,1000000US170315103003012,0,0,0,0,0,0,0,0,0,0,0,0,0,0,0,0,0,0
24684,1000000US170315103003013,49,0,49,0,0,0,0,49,0,0,49,0,30,25,5,59,0,0
24685,1000000US170315103003014,0,0,0,0,0,0,0,0,0,0,0,0,0,0,0,0,0,0
24686,1000000US170315103003015,0,0,0,0,0,0,0,0,0,0,0,0,0,0,0,0,0,0
24687,1000000US170315103003016,24,2,21,1,0,0,0,24,0,0,22,1,15,14,1,36,1,0
24688,1000000US170315103003017,36,0,36,0,0,0,0,36,0,0,36,0,18,16,2,48,0,0
24689,1000000US170315103003018,0,0,0,0,0,0,0,0,0,0,0,0,0,0,0,0,0,0
24690,1000000US170315103003019,0,0,0,0,0,0,0,0,0,0,0,0,0,0,0,0,0,0
24691,1000000US170315103003020,68,1,66,0,2,0,1,67,0,1,67,2,36,34,2,97,0,0
24692,1000000US170315103003021,27,0,27,0,0,0,0,27,0,0,27,3,15,14,1,38,0,0
24693,1000000US170315103003022,29,0,29,0,0,0,0,29,0,0,29,3,14,14,0,35,0,0
24694,1000000US170315103003023,0,0,0,0,0,0,0,0,0,0,0,0,0,0,0,0,0,0
24695,1000000US170315103003024,0,0,0,0,0,0,0,0,0,0,0,0,0,0,0,0,0,0
24696,1000000US170315103004000,155,0,153,1,0,0,4,151,0,4,155,0,81,70,11,215,1,3
24697,1000000US170315103004001,315,0,312,2,3,0,0,315,0,0,315,3,179,165,14,403,2,0
24698,1000000US170315103004002,54,0,54,0,0,0,1,53,0,1,54,1,29,26,3,76,0,1
24699,1000000US170315103004003,64,0,64,0,0,0,0,64,0,0,64,0,32,28,4,86,0,0
24700,1000000US170315103004004,10,0,10,0,0,0,0,10,0,0,10,0,6,6,0,13,0,0
24701,1000000US170315103004005,13,0,11,0,0,0,2,11,0,2,13,0,7,7,0,20,0,0
24702,1000000US170315103004006,20,0,20,0,0,0,0,20,0,0,20,0,11,10,1,25,0,0
24703,1000000US170315103004007,17,0,17,0,0,0,0,17,0,0,17,0,9,8,1,19,0,0
24704,1000000US170315103004008,24,0,24,2,0,0,0,24,0,0,24,2,11,11,0,31,2,0
24705,1000000US170315103004009,23,0,23,0,0,0,0,23,0,0,23,0,11,11,0,32,0,0
24706,1000000US170315103004010,23,0,23,0,0,0,0,23,0,0,23,0,11,8,3,31,0,0
24707,1000000US170315103004011,11,0,10,0,0,0,1,10,0,1,11,0,6,6,0,17,0,0
24708,1000000US170315103004012,0,0,0,0,0,0,0,0,0,0,0,0,0,0,0,0,0,0
24709,1000000US170315103004013,13,0,13,0,0,0,0,13,0,0,13,0,8,7,1,19,0,0
24710,1000000US170315103004014,11,0,11,0,0,0,0,11,0,0,11,0,7,7,0,13,0,0
24711,1000000US170315103004015,54,0,54,0,0,0,0,54,0,0,54,0,29,25,4,69,0,0
24712,1000000US170315103004016,17,0,17,0,0,0,0,17,0,0,17,0,11,10,1,19,0,0
24713,1000000US170315103004017,18,1,17,0,0,0,0,18,0,0,17,0,11,10,1,24,0,0
24714,1000000US170315103004018,12,0,12,0,0,0,0,12,0,0,12,0,10,7,3,15,0,0
24715,1000000US170315103004019,0,0,0,0,0,0,0,0,0,0,0,0,0,0,0,0,0,0
24716,1000000US170315103004020,0,0,0,0,0,0,0,0,0,0,0,0,0,0,0,0,0,0
24717,1000000US170315103004021,2,0,2,0,0,0,0,2,0,0,2,0,2,2,0,5,0,0
24718,1000000US170315103004022,31,1,30,0,0,0,0,31,0,0,30,1,12,12,0,40,0,0
24719,1000000US170315103004023,17,0,17,0,0,0,1,16,0,1,17,0,8,7,1,22,0,1
24720,1000000US170315103004024,26,0,26,0,0,0,0,26,0,0,26,0,11,10,1,30,0,0
24721,1000000US170315103004025,10,0,10,0,0,0,0,10,0,0,10,0,6,6,0,13,0,0
24722,1000000US170315103004026,37,0,37,0,0,0,2,35,0,2,37,4,15,14,1,54,0,2
24723,1000000US170315103004027,47,0,47,0,0,0,0,47,0,0,47,0,26,25,1,60,0,0
24724,1000000US170315103004028,22,0,22,0,0,0,0,22,0,0,22,0,11,11,0,34,0,0
24725,1000000US170315103004029,31,0,31,0,0,0,0,31,0,0,31,0,11,11,0,43,0,0
24726,1000000US170315103004030,31,0,31,0,0,0,0,31,0,0,31,0,12,12,0,41,0,0
24727,1000000US170315103004031,19,0,17,0,0,0,2,17,0,2,19,1,10,9,1,24,0,0
24728,1000000US170315103004032,19,0,18,0,0,0,0,19,0,0,19,0,10,10,0,25,0,0
24729,1000000US170315103004033,24,0,24,0,0,0,0,24,0,0,24,0,10,10,0,37,0,0
24730,1000000US170315103004034,23,0,22,0,0,0,1,22,0,1,23,0,10,9,1,25,0,0
24731,1000000US170315103004035,27,1,26,0,0,0,0,27,0,0,26,0,14,12,2,33,0,0
24732,1000000US170315103004036,36,0,34,0,0,0,2,34,0,2,36,0,14,14,0,48,0,0
24733,1000000US170315103004037,34,0,34,0,0,0,0,34,0,0,34,0,14,13,1,55,0,0
24734,1000000US170315103004038,32,0,32,0,0,0,1,31,0,1,32,1,14,14,0,41,0,1
24735,1000000US170315103004039,31,0,30,0,0,0,1,30,0,1,31,0,13,11,2,37,0,0
24736,1000000US170315103004040,40,0,40,0,0,0,0,40,0,0,40,0,14,13,1,57,0,0
24737,1000000US170315103004041,35,0,35,0,0,1,0,35,0,0,35,1,14,14,0,46,0,0
24738,1000000US170315103004042,35,0,35,0,0,0,0,35,0,0,35,0,14,13,1,41,0,0
24739,1000000US170315103004043,24,0,23,0,0,0,4,20,0,4,24,0,12,11,1,31,0,4
24740,1000000US170315103004044,0,0,0,0,0,0,0,0,0,0,0,0,0,0,0,0,0,0
24741,1000000US170315103004045,29,0,29,0,0,0,0,29,0,0,29,0,15,12,3,41,0,0
24742,1000000US170315103004046,34,0,30,1,0,0,3,31,0,3,34,0,17,15,2,46,1,0
24743,1000000US170315103004047,31,0,31,0,0,0,0,31,0,0,31,0,12,11,1,44,0,0
24744,1000000US170315103004048,62,0,62,1,0,0,0,62,0,0,62,1,36,32,4,90,1,0
24745,1000000US170315201001000,0,0,0,0,0,0,0,0,0,0,0,0,0,0,0,0,0,0
24746,1000000US170315201001001,0,0,0,0,0,0,0,0,0,0,0,0,0,0,0,0,0,0
24747,1000000US170315201001002,0,0,0,0,0,0,0,0,0,0,0,0,0,0,0,0,0,0
24748,1000000US170315201001003,0,0,0,0,0,0,0,0,0,0,0,0,0,0,0,0,0,0
24749,1000000US170315201001004,27,6,1,0,0,0,21,6,0,21,21,0,14,12,2,30,0,1
24750,1000000US170315201001005,28,2,3,1,1,0,24,4,0,24,26,2,9,8,1,32,0,1
24751,1000000US170315201001006,0,0,0,0,0,0,0,0,0,0,0,0,0,0,0,0,0,0
24752,1000000US170315201001007,0,0,0,0,0,0,0,0,0,0,0,0,0,0,0,0,0,0
24753,1000000US170315201001008,31,4,0,0,0,0,27,4,0,27,27,0,12,11,1,60,0,0
24754,1000000US170315201001009,0,0,0,0,0,0,0,0,0,0,0,0,0,0,0,0,0,0
24755,1000000US170315201001010,13,4,0,0,0,0,9,4,0,9,9,2,13,10,3,16,0,0
24756,1000000US170315201001011,29,5,3,1,0,0,21,8,0,21,24,1,16,14,2,51,1,0
24757,1000000US170315201001012,0,0,0,0,0,0,0,0,0,0,0,0,0,0,0,0,0,0
24758,1000000US170315201001013,0,0,0,0,0,0,0,0,0,0,0,0,0,0,0,0,0,0
24759,1000000US170315201001014,0,0,0,0,0,0,0,0,0,0,0,0,0,0,0,0,0,0
24760,1000000US170315201001015,0,0,0,0,0,0,0,0,0,0,0,0,0,0,0,0,0,0
24761,1000000US170315201001016,0,0,0,0,0,0,0,0,0,0,0,0,0,0,0,0,0,0
24762,1000000US170315201001017,0,0,0,0,0,0,0,0,0,0,0,0,0,0,0,0,0,0
24763,1000000US170315201001018,0,0,0,0,0,0,0,0,0,0,0,0,0,0,0,0,0,0
24764,1000000US170315201001019,0,0,0,0,0,0,0,0,0,0,0,0,0,0,0,0,0,0
24765,1000000US170315201001020,0,0,0,0,0,0,0,0,0,0,0,0,0,0,0,0,0,0
24766,1000000US170315201001021,0,0,0,0,0,0,0,0,0,0,0,0,0,0,0,0,0,0
24767,1000000US170315201001022,0,0,0,0,0,0,0,0,0,0,0,0,0,0,0,0,0,0
24768,1000000US170315201001023,0,0,0,0,0,0,0,0,0,0,0,0,0,0,0,0,0,0
24769,1000000US170315201001024,0,0,0,0,0,0,0,0,0,0,0,0,0,0,0,0,0,0
24770,1000000US170315201001025,0,0,0,0,0,0,0,0,0,0,0,0,0,0,0,0,0,0
24771,1000000US170315201001026,21,3,3,0,0,0,15,6,0,15,18,0,10,8,2,33,0,0
24772,1000000US170315201001027,14,0,0,0,0,0,14,0,0,14,14,0,9,8,1,21,0,0
24773,1000000US170315201001028,38,9,10,0,0,0,22,16,0,22,29,4,23,18,5,61,0,3
24774,1000000US170315201001029,12,0,0,0,0,0,12,0,0,12,12,0,4,3,1,17,0,0
24775,1000000US170315201001030,31,8,3,0,0,0,20,11,0,20,23,0,21,13,8,44,0,0
24776,1000000US170315201001031,50,4,9,1,0,0,40,10,0,40,46,5,33,28,5,82,1,3
24777,1000000US170315201001032,38,4,6,0,0,0,28,10,0,28,34,0,19,18,1,58,0,0
24778,1000000US170315201001033,62,6,4,0,0,0,52,10,0,52,56,2,30,25,5,92,0,0
24779,1000000US170315201001034,21,10,0,0,0,0,11,10,0,11,11,0,14,11,3,26,0,0
24780,1000000US170315201001035,0,0,0,0,0,0,0,0,0,0,0,0,0,0,0,0,0,0
24781,1000000US170315201001036,74,7,0,0,0,0,67,7,0,67,67,2,33,32,1,119,0,0
24782,1000000US170315201001037,84,13,6,0,0,0,66,18,0,66,71,2,37,36,1,131,0,1
24783,1000000US170315201001038,81,0,1,0,0,0,80,1,0,80,81,9,36,35,1,131,0,0
24784,1000000US170315201001039,60,8,7,0,0,0,45,15,0,45,52,1,34,26,8,86,0,0
24785,1000000US170315201001040,70,6,1,8,0,3,61,9,0,61,64,6,28,21,7,101,8,0
24786,1000000US170315201001041,96,4,9,0,0,0,84,12,0,84,92,5,58,39,19,152,0,1
24787,1000000US170315201001042,39,1,0,2,0,0,38,1,0,38,38,2,17,16,1,70,0,0
24788,1000000US170315201001043,58,3,3,3,0,0,52,6,0,52,55,0,32,25,7,105,3,0
24789,1000000US170315201001044,0,0,0,0,0,0,0,0,0,0,0,0,0,0,0,0,0,0
24790,1000000US170315201001045,0,0,0,0,0,0,0,0,0,0,0,0,0,0,0,0,0,0
24791,1000000US170315201001046,0,0,0,0,0,0,0,0,0,0,0,0,0,0,0,0,0,0
24792,1000000US170315201001047,0,0,0,0,0,0,0,0,0,0,0,0,0,0,0,0,0,0
24793,1000000US170315201001048,0,0,0,0,0,0,0,0,0,0,0,0,0,0,0,0,0,0
24794,1000000US170315201001049,0,0,0,0,0,0,0,0,0,0,0,0,0,0,0,0,0,0
24795,1000000US170315201001050,53,3,2,1,0,0,48,5,0,48,50,0,18,18,0,77,1,0
24796,1000000US170315201001051,0,0,0,0,0,0,0,0,0,0,0,0,0,0,0,0,0,0
24797,1000000US170315201001052,0,0,0,0,0,0,0,0,0,0,0,0,0,0,0,0,0,0
24798,1000000US170315201001053,0,0,0,0,0,0,0,0,0,0,0,0,0,0,0,0,0,0
24799,1000000US170315201001054,0,0,0,0,0,0,0,0,0,0,0,0,0,0,0,0,0,0
24800,1000000US170315201001055,0,0,0,0,0,0,0,0,0,0,0,0,0,0,0,0,0,0
24801,1000000US170315201001056,0,0,0,0,0,0,0,0,0,0,0,0,0,0,0,0,0,0
24802,1000000US170315201001057,0,0,0,0,0,0,0,0,0,0,0,0,0,0,0,0,0,0
24803,1000000US170315201001058,0,0,0,0,0,0,0,0,0,0,0,0,0,0,0,0,0,0
24804,1000000US170315201001059,6,1,0,0,0,0,5,1,0,5,5,1,2,2,0,6,0,0
24805,1000000US170315201001060,1,1,0,0,0,0,0,1,0,0,0,0,2,1,1,1,0,0
24806,1000000US170315201001061,9,4,0,0,0,0,5,4,0,5,5,0,3,3,0,19,0,0
24807,1000000US170315201001062,3,0,0,0,0,0,3,0,0,3,3,0,1,1,0,5,0,0
24808,1000000US170315201001063,0,0,0,0,0,0,0,0,0,0,0,0,0,0,0,0,0,0
24809,1000000US170315201001064,0,0,0,0,0,0,0,0,0,0,0,0,0,0,0,0,0,0
24810,1000000US170315201001065,3,0,0,0,0,0,3,0,0,3,3,0,1,1,0,3,0,0
24811,1000000US170315201001066,35,2,0,1,0,0,33,2,0,33,33,0,15,14,1,52,1,0
24812,1000000US170315201001067,36,4,0,0,0,0,32,4,0,32,32,0,11,10,1,43,0,0
24813,1000000US170315201001068,12,2,0,0,0,0,10,2,0,10,10,0,4,4,0,15,0,0
24814,1000000US170315201001069,15,2,0,0,0,0,13,2,0,13,13,0,6,5,1,25,0,0
24815,1000000US170315201001070,16,4,0,0,0,0,12,4,0,12,12,0,10,7,3,22,0,0
24816,1000000US170315201001071,25,8,1,0,0,0,16,9,0,16,17,0,14,13,1,33,0,0
24817,1000000US170315201001072,35,6,0,4,0,0,29,6,0,29,29,0,14,14,0,59,4,0
24818,1000000US170315201001073,31,17,0,0,0,0,14,17,0,14,14,0,15,14,1,44,0,0
24819,1000000US170315201001074,0,0,0,0,0,0,0,0,0,0,0,0,0,0,0,0,0,0
24820,1000000US170315201001075,0,0,0,0,0,0,0,0,0,0,0,0,0,0,0,0,0,0
24821,1000000US170315201001076,0,0,0,0,0,0,0,0,0,0,0,0,0,0,0,0,0,0
24822,1000000US170315201001077,0,0,0,0,0,0,0,0,0,0,0,0,0,0,0,0,0,0
24823,1000000US170315201001078,0,0,0,0,0,0,0,0,0,0,0,0,0,0,0,0,0,0
24824,1000000US170315201001079,2,0,0,0,0,0,2,0,0,2,2,0,1,1,0,2,0,0
24825,1000000US170315201001080,0,0,0,0,0,0,0,0,0,0,0,0,0,0,0,0,0,0
24826,1000000US170315201001081,0,0,0,0,0,0,0,0,0,0,0,0,0,0,0,0,0,0
24827,1000000US170315201001082,0,0,0,0,0,0,0,0,0,0,0,0,0,0,0,0,0,0
24828,1000000US170315201001083,33,1,9,0,0,0,23,10,0,23,32,2,19,17,2,50,0,0
24829,1000000US170315201001084,30,6,0,0,0,0,23,7,0,23,24,0,12,12,0,41,0,0
24830,1000000US170315201001085,0,0,0,0,0,0,0,0,0,0,0,0,0,0,0,0,0,0
24831,1000000US170315201001086,9,1,6,0,0,0,2,7,0,2,8,0,6,6,0,17,0,0
24832,1000000US170315201001087,0,0,0,0,0,0,0,0,0,0,0,0,0,0,0,0,0,0
24833,1000000US170315201001088,0,0,0,0,0,0,0,0,0,0,0,0,0,0,0,0,0,0
24834,1000000US170315201001089,21,4,2,0,0,0,15,6,0,15,17,0,12,11,1,24,0,0
24835,1000000US170315201001090,0,0,0,0,0,0,0,0,0,0,0,0,0,0,0,0,0,0
24836,1000000US170315201001091,15,3,0,0,0,0,12,3,0,12,12,2,4,4,0,19,0,0
24837,1000000US170315201001092,0,0,0,0,0,0,0,0,0,0,0,0,0,0,0,0,0,0
24838,1000000US170315201001093,0,0,0,0,0,0,0,0,0,0,0,0,0,0,0,0,0,0
24839,1000000US170315202001000,110,4,25,15,1,0,69,41,0,69,106,4,58,44,14,163,15,2
24840,1000000US170315202001001,86,14,2,0,1,0,69,17,0,69,72,5,57,46,11,117,0,0
24841,1000000US170315202001002,88,6,32,0,0,0,51,37,0,51,82,2,61,43,18,150,0,1
24842,1000000US170315202001003,120,14,15,1,1,0,90,30,0,90,106,4,74,61,13,178,1,0
24843,1000000US170315202001004,101,6,9,1,0,0,85,16,0,85,95,0,51,46,5,138,1,0
24844,1000000US170315202001005,10,1,2,0,0,0,8,2,0,8,9,1,4,4,0,10,0,1
24845,1000000US170315202001006,43,3,6,0,1,0,33,10,0,33,40,0,26,16,10,73,0,0
24846,1000000US170315202002000,0,0,0,0,0,0,0,0,0,0,0,0,0,0,0,0,0,0
24847,1000000US170315202002001,0,0,0,0,0,0,0,0,0,0,0,0,0,0,0,0,0,0
24848,1000000US170315202002002,0,0,0,0,0,0,0,0,0,0,0,0,0,0,0,0,0,0
24849,1000000US170315202002003,0,0,0,0,0,0,0,0,0,0,0,0,0,0,0,0,0,0
24850,1000000US170315202002004,0,0,0,0,0,0,0,0,0,0,0,0,0,0,0,0,0,0
24851,1000000US170315202002005,8,5,0,0,0,0,3,5,0,3,3,0,9,6,3,9,0,0
24852,1000000US170315202002006,0,0,0,0,0,0,0,0,0,0,0,0,0,0,0,0,0,0
24853,1000000US170315202002007,8,4,0,0,0,0,4,4,0,4,4,0,5,3,2,11,0,0
24854,1000000US170315202002008,58,1,12,0,3,3,46,12,0,46,57,5,32,24,8,108,0,1
24855,1000000US170315202002009,62,9,7,5,0,0,48,14,0,48,53,2,29,27,2,95,4,2
24856,1000000US170315202002010,98,11,6,0,1,0,82,16,0,82,87,0,43,37,6,145,0,1
24857,1000000US170315202002011,84,4,15,0,0,0,64,20,0,64,80,0,42,36,6,134,0,0
24858,1000000US170315202002012,63,8,0,2,0,0,55,8,0,55,55,1,28,26,2,96,2,0
24859,1000000US170315202002013,29,3,0,0,0,0,26,3,0,26,26,0,24,15,9,39,0,0
24860,1000000US170315202002014,70,11,4,0,0,0,57,13,0,57,59,0,34,30,4,89,0,2
24861,1000000US170315202002015,66,3,3,2,0,0,60,6,0,60,63,2,38,29,9,109,1,0
24862,1000000US170315202002016,59,7,4,0,0,0,48,11,0,48,52,3,28,25,3,76,0,0
24863,1000000US170315202002017,48,3,0,2,0,0,45,3,0,45,45,2,20,19,1,70,1,0
24864,1000000US170315202002018,57,7,1,0,0,0,49,8,0,49,50,0,22,20,2,82,0,0
24865,1000000US170315202002019,38,4,3,2,2,0,31,7,0,31,34,2,14,14,0,65,2,0
24866,1000000US170315202002020,0,0,0,0,0,0,0,0,0,0,0,0,0,0,0,0,0,0
24867,1000000US170315202002021,0,0,0,0,0,0,0,0,0,0,0,0,0,0,0,0,0,0
24868,1000000US170315202002022,0,0,0,0,0,0,0,0,0,0,0,0,0,0,0,0,0,0
24869,1000000US170315202002023,47,10,2,0,0,0,35,12,0,35,37,0,21,19,2,57,0,0
24870,1000000US170315202002024,46,7,3,3,0,0,39,7,0,39,39,1,21,20,1,77,3,3
24871,1000000US170315202002025,0,0,0,0,0,0,0,0,0,0,0,0,0,0,0,0,0,0
24872,1000000US170315202002026,0,0,0,0,0,0,0,0,0,0,0,0,0,0,0,0,0,0
24873,1000000US170315202002027,0,0,0,0,0,0,0,0,0,0,0,0,0,0,0,0,0,0
24874,1000000US170315202002028,10,0,0,0,0,0,10,0,0,10,10,0,4,4,0,19,0,0
24875,1000000US170315202002029,43,7,2,0,0,0,35,8,0,35,36,2,15,15,0,71,0,1
24876,1000000US170315202003000,38,5,0,3,0,0,33,5,0,33,33,0,24,18,6,67,3,0
24877,1000000US170315202003001,58,5,4,0,0,0,49,9,0,49,53,2,38,25,13,78,0,0
24878,1000000US170315202003002,2,0,0,0,0,0,2,0,0,2,2,1,1,1,0,5,0,0
24879,1000000US170315202003003,0,0,0,0,0,0,0,0,0,0,0,0,0,0,0,0,0,0
24880,1000000US170315202003004,0,0,0,0,0,0,0,0,0,0,0,0,0,0,0,0,0,0
24881,1000000US170315202003005,3,0,1,0,0,0,2,1,0,2,3,0,1,1,0,4,0,0
24882,1000000US170315202003006,0,0,0,0,0,0,0,0,0,0,0,0,0,0,0,0,0,0
24883,1000000US170315202003007,1,0,0,0,0,0,1,0,0,1,1,0,1,1,0,1,0,0
24884,1000000US170315202003008,75,7,8,4,0,0,61,14,0,61,68,1,48,36,12,120,4,1
24885,1000000US170315202003009,18,3,0,0,0,0,15,3,0,15,15,0,8,8,0,22,0,0
24886,1000000US170315202003010,145,13,15,5,0,0,123,22,0,123,132,14,71,64,7,226,5,6
24887,1000000US170315202003011,53,2,6,0,0,0,45,8,0,45,51,6,30,24,6,101,0,0
24888,1000000US170315202003012,56,2,15,0,0,0,39,17,0,39,54,0,22,22,0,92,0,0
24889,1000000US170315202003013,67,2,10,3,1,0,55,12,0,55,65,1,28,24,4,95,3,0
24890,1000000US170315202003014,64,5,4,3,0,0,55,9,0,55,59,2,36,29,7,105,2,0
24891,1000000US170315202003015,28,1,4,0,0,0,23,5,0,23,27,0,16,11,5,39,0,0
24892,1000000US170315202003016,0,0,0,0,0,0,0,0,0,0,0,0,0,0,0,0,0,0
24893,1000000US170315202003017,0,0,0,0,0,0,0,0,0,0,0,0,0,0,0,0,0,0
24894,1000000US170315202003018,0,0,0,0,0,0,0,0,0,0,0,0,0,0,0,0,0,0
24895,1000000US170315202003019,0,0,0,0,0,0,0,0,0,0,0,0,0,0,0,0,0,0
24896,1000000US170315202003020,0,0,0,0,0,0,0,0,0,0,0,0,0,0,0,0,0,0
24897,1000000US170315202003021,0,0,0,0,0,0,0,0,0,0,0,0,0,0,0,0,0,0
24898,1000000US170315202003022,0,0,0,0,0,0,0,0,0,0,0,0,0,0,0,0,0,0
24899,1000000US170315202003023,0,0,0,0,0,0,0,0,0,0,0,0,0,0,0,0,0,0
24900,1000000US170315202003024,0,0,0,0,0,0,0,0,0,0,0,0,0,0,0,0,0,0
24901,1000000US170315202003025,0,0,0,0,0,0,0,0,0,0,0,0,0,0,0,0,0,0
24902,1000000US170315202003026,0,0,0,0,0,0,0,0,0,0,0,0,0,0,0,0,0,0
24903,1000000US170315202003027,0,0,0,0,0,0,0,0,0,0,0,0,0,0,0,0,0,0
24904,1000000US170315202003028,21,2,2,1,0,0,16,5,0,16,19,2,12,9,3,29,1,0
24905,1000000US170315202003029,26,8,2,0,0,0,16,10,0,16,18,0,13,12,1,35,0,0
24906,1000000US170315202003030,65,0,4,3,0,0,63,2,0,63,65,0,27,25,2,124,3,2
24907,1000000US170315202003031,73,12,10,3,0,0,51,22,0,51,61,4,41,37,4,102,0,0
24908,1000000US170315202003032,0,0,0,0,0,0,0,0,0,0,0,0,0,0,0,0,0,0
24909,1000000US170315202003033,0,0,0,0,0,0,0,0,0,0,0,0,0,0,0,0,0,0
24910,1000000US170315202003034,0,0,0,0,0,0,0,0,0,0,0,0,0,0,0,0,0,0
24911,1000000US170315202003035,38,13,0,2,0,0,25,13,0,25,25,0,25,20,5,67,2,0
24912,1000000US170315202003036,62,13,12,0,0,0,37,25,0,37,49,0,34,30,4,86,0,0
24913,1000000US170315202003037,47,1,5,0,0,0,41,6,0,41,46,1,40,24,16,77,0,0
24914,1000000US170315202003038,117,15,7,0,0,0,95,22,0,95,102,5,63,53,10,161,0,0
24915,1000000US170315203001000,66,4,1,0,0,0,61,5,0,61,62,1,32,29,3,106,0,0
24916,1000000US170315203001001,80,10,2,0,0,0,68,12,0,68,70,1,35,35,0,138,0,0
24917,1000000US170315203001002,79,16,2,0,0,0,61,18,0,61,63,2,32,29,3,128,0,0
24918,1000000US170315203001003,64,14,2,0,0,0,48,16,0,48,50,0,27,24,3,94,0,0
24919,1000000US170315203001004,49,14,1,3,0,0,33,16,0,33,35,7,30,26,4,77,3,1
24920,1000000US170315203001005,49,10,0,0,0,0,39,10,0,39,39,4,22,21,1,75,0,0
24921,1000000US170315203001006,49,0,0,0,0,0,49,0,0,49,49,1,21,19,2,85,0,0
24922,1000000US170315203001007,50,7,0,0,0,0,43,7,0,43,43,0,25,20,5,63,0,0
24923,1000000US170315203001008,46,5,2,0,0,0,39,7,0,39,41,0,21,20,1,76,0,0
24924,1000000US170315203001009,67,5,0,1,0,0,62,5,0,62,62,0,21,20,1,91,1,0
24925,1000000US170315203001010,56,3,7,2,0,0,46,10,0,46,53,0,21,20,1,84,2,0
24926,1000000US170315203001011,42,8,2,0,0,0,32,10,0,32,34,0,19,19,0,65,0,0
24927,1000000US170315203001012,44,6,0,0,0,0,38,6,0,38,38,6,18,17,1,67,0,0
24928,1000000US170315203001013,70,2,0,2,0,0,68,2,0,68,68,3,28,25,3,99,2,0
24929,1000000US170315203001014,52,5,2,0,0,0,46,6,0,46,47,1,22,20,2,85,0,1
24930,1000000US170315203001015,57,5,1,0,0,0,51,6,0,51,52,0,25,22,3,81,0,0
24931,1000000US170315203001016,57,6,1,0,0,0,50,7,0,50,51,0,30,25,5,88,0,0
24932,1000000US170315203001017,86,2,3,4,1,0,81,5,0,81,84,3,33,32,1,107,2,0
24933,1000000US170315203001018,83,3,1,0,0,0,79,4,0,79,80,2,34,32,2,132,0,0
24934,1000000US170315203001019,48,6,3,0,0,0,42,6,0,42,42,6,24,22,2,74,0,3
24935,1000000US170315203002000,28,12,2,0,0,0,16,12,0,16,16,4,25,18,7,38,0,2
24936,1000000US170315203002001,64,4,0,0,0,0,60,4,0,60,60,0,23,20,3,101,0,0
24937,1000000US170315203002002,70,1,1,5,0,0,68,2,0,68,69,1,33,28,5,143,4,0
24938,1000000US170315203002003,61,2,1,2,0,0,59,2,0,59,59,1,23,22,1,88,2,1
24939,1000000US170315203002004,69,10,0,5,0,0,59,10,0,59,59,0,36,25,11,105,5,0
24940,1000000US170315203002005,52,4,2,0,2,0,48,4,0,48,48,9,26,21,5,85,0,2
24941,1000000US170315203002006,38,17,0,0,0,0,21,17,0,21,21,1,17,17,0,47,0,0
24942,1000000US170315203002007,32,6,3,1,0,0,23,9,0,23,26,1,16,15,1,44,0,0
24943,1000000US170315203002008,32,6,3,0,1,0,22,10,0,22,26,1,15,15,0,40,0,0
24944,1000000US170315203002009,44,12,0,0,0,0,32,12,0,32,32,2,16,16,0,59,0,0
24945,1000000US170315203002010,18,1,0,1,0,0,16,2,0,16,17,0,9,8,1,21,1,0
24946,1000000US170315203002011,26,0,0,0,0,0,26,0,0,26,26,0,11,9,2,36,0,0
24947,1000000US170315203002012,6,6,0,0,0,0,0,6,0,0,0,0,2,2,0,6,0,0
24948,1000000US170315203002013,9,1,0,0,0,0,8,1,0,8,8,0,5,5,0,14,0,0
24949,1000000US170315203002014,34,8,1,0,0,0,26,8,0,26,26,4,22,20,2,47,0,1
24950,1000000US170315203002015,34,7,2,0,0,0,24,10,0,24,27,0,16,16,0,40,0,0
24951,1000000US170315203002016,45,9,0,0,0,0,36,9,0,36,36,0,27,23,4,62,0,0
24952,1000000US170315203002017,53,6,0,2,0,0,45,8,0,45,47,4,28,23,5,69,0,0
24953,1000000US170315203002018,24,3,0,0,0,0,21,3,0,21,21,0,11,11,0,38,0,0
24954,1000000US170315203002019,27,1,0,2,0,0,26,1,0,26,26,7,9,9,0,43,2,0
24955,1000000US170315203002020,36,3,1,0,0,0,32,4,0,32,33,6,20,17,3,54,0,0
24956,1000000US170315203002021,44,9,0,0,0,0,35,9,0,35,35,3,17,16,1,60,0,0
24957,1000000US170315203002022,33,8,2,0,0,0,24,9,0,24,25,0,16,14,2,48,0,1
24958,1000000US170315203002023,31,6,0,0,0,0,25,6,0,25,25,0,14,14,0,44,0,0
24959,1000000US170315203002024,50,12,0,1,1,0,38,12,0,38,38,6,30,26,4,69,1,0
24960,1000000US170315203002025,55,7,0,0,0,0,48,7,0,48,48,0,22,21,1,89,0,0
24961,1000000US170315203003000,14,6,0,0,0,0,8,6,0,8,8,0,14,10,4,19,0,0
24962,1000000US170315203003001,36,12,2,0,1,0,22,14,0,22,24,1,17,16,1,51,0,1
24963,1000000US170315203003002,42,9,0,0,0,0,33,9,0,33,33,0,19,18,1,67,0,0
24964,1000000US170315203003003,45,6,0,0,3,0,36,9,0,36,39,0,16,16,0,63,0,0
24965,1000000US170315203003004,44,20,0,2,0,0,24,20,0,24,24,0,20,18,2,60,2,0
24966,1000000US170315203003005,22,12,0,0,1,0,9,13,0,9,10,2,14,13,1,32,0,0
24967,1000000US170315203003006,41,9,0,0,1,0,32,9,0,32,32,1,18,16,2,56,0,0
24968,1000000US170315203003007,46,13,0,2,0,0,31,15,0,31,33,6,23,20,3,71,0,0
24969,1000000US170315203003008,44,6,2,0,0,0,36,8,0,36,38,1,21,19,2,75,0,0
24970,1000000US170315203003009,47,4,4,0,2,0,38,9,0,38,43,3,22,22,0,71,0,0
24971,1000000US170315203003010,81,5,8,0,0,0,68,13,0,68,76,1,29,28,1,117,0,0
24972,1000000US170315203003011,57,8,3,2,0,0,49,8,0,49,49,6,18,18,0,80,0,3
24973,1000000US170315203003012,28,4,0,0,0,1,24,4,0,24,24,1,16,15,1,45,0,0
24974,1000000US170315203003013,62,6,3,3,1,0,52,10,0,52,56,5,32,27,5,101,3,0
24975,1000000US170315203003014,38,8,1,0,0,0,29,9,0,29,30,0,20,18,2,57,0,0
24976,1000000US170315203003015,47,12,4,0,0,0,31,16,0,31,35,5,18,17,1,67,0,0
24977,1000000US170315203003016,37,10,3,0,0,0,24,13,0,24,27,0,19,18,1,55,0,0
24978,1000000US170315203003017,49,7,1,2,0,0,41,8,0,41,42,4,26,24,2,69,2,0
24979,1000000US170315203003018,37,6,1,0,0,0,30,7,0,30,31,1,17,16,1,55,0,0
24980,1000000US170315203003019,45,9,0,0,0,0,36,9,0,36,36,0,17,17,0,62,0,0
24981,1000000US170315203004000,5,0,0,0,0,0,5,0,0,5,5,0,2,2,0,5,0,0
24982,1000000US170315203004001,4,3,0,0,0,0,1,3,0,1,1,0,1,1,0,4,0,0
24983,1000000US170315203004002,0,0,0,0,0,0,0,0,0,0,0,0,0,0,0,0,0,0
24984,1000000US170315203004003,5,0,0,0,0,0,5,0,0,5,5,2,5,3,2,11,0,0
24985,1000000US170315203004004,22,0,0,0,0,0,22,0,0,22,22,0,10,9,1,39,0,0
24986,1000000US170315203004005,57,10,0,0,0,0,47,10,0,47,47,0,24,22,2,84,0,0
24987,1000000US170315203004006,45,9,0,0,0,0,36,9,0,36,36,2,21,19,2,61,0,0
24988,1000000US170315203004007,41,11,0,0,0,0,30,11,0,30,30,2,22,19,3,64,0,0
24989,1000000US170315203004008,31,5,1,0,0,0,26,5,0,26,26,0,20,17,3,52,0,1
24990,1000000US170315203004009,67,9,5,2,2,0,56,11,0,56,58,8,24,24,0,114,2,3
24991,1000000US170315203004010,36,11,0,2,0,0,25,11,0,25,25,3,15,13,2,60,2,0
24992,1000000US170315203004011,57,6,0,0,0,0,51,6,0,51,51,0,19,18,1,89,0,0
24993,1000000US170315203004012,6,3,0,0,0,0,3,3,0,3,3,0,5,3,2,7,0,0
24994,1000000US170315203004013,8,0,0,0,0,0,8,0,0,8,8,2,4,4,0,22,0,0
24995,1000000US170315203004014,53,8,2,0,0,0,43,10,0,43,45,2,22,21,1,70,0,0
24996,1000000US170315203004015,0,0,0,0,0,0,0,0,0,0,0,0,0,0,0,0,0,0
24997,1000000US170315203004016,45,11,0,0,0,0,34,11,0,34,34,0,19,18,1,64,0,0
24998,1000000US170315203004017,57,16,0,1,0,0,40,17,0,40,41,0,21,20,1,74,1,0
24999,1000000US170315203004018,48,9,1,0,0,0,38,10,0,38,39,0,21,20,1,72,0,0
25000,1000000US170315203004019,43,14,2,0,0,0,27,16,0,27,29,0,19,19,0,59,0,0
25001,1000000US170315203004020,87,23,2,1,0,0,62,25,0,62,64,2,37,35,2,123,1,0
25002,1000000US170315203004021,53,10,0,6,0,0,43,10,0,43,43,14,21,21,0,77,0,0
25003,1000000US170315203004022,0,0,0,0,0,0,0,0,0,0,0,0,0,0,0,0,0,0
25004,1000000US170315203004023,0,0,0,0,0,0,0,0,0,0,0,0,0,0,0,0,0,0
25005,1000000US170315203004024,0,0,0,0,0,0,0,0,0,0,0,0,0,0,0,0,0,0
25006,1000000US170315203004025,35,6,0,6,0,0,29,6,0,29,29,0,16,16,0,46,6,0
25007,1000000US170315203004026,31,8,1,0,0,0,22,9,0,22,23,0,15,14,1,47,0,0
25008,1000000US170315203004027,25,6,0,0,0,0,19,6,0,19,19,1,17,14,3,40,0,0
25009,1000000US170315203004028,44,4,0,0,3,0,37,7,0,37,40,2,22,19,3,71,0,0
25010,1000000US170315203004029,33,6,0,0,0,0,27,6,0,27,27,0,15,14,1,51,0,0
25011,1000000US170315203004030,42,10,1,2,0,0,32,10,0,32,32,3,16,16,0,52,0,1
25012,1000000US170315203004031,34,6,0,0,0,0,28,6,0,28,28,0,16,16,0,46,0,0
25013,1000000US170315203004032,31,11,1,1,0,0,19,12,0,19,20,1,17,17,0,44,0,0
25014,1000000US170315203004033,22,0,0,0,1,0,21,1,0,21,22,0,12,10,2,28,0,0
25015,1000000US170315203004034,42,7,0,1,0,0,35,7,0,35,35,0,19,19,0,61,1,0
25016,1000000US170315204001000,45,11,4,0,0,0,30,15,0,30,34,1,25,20,5,68,0,0
25017,1000000US170315204001001,62,4,0,0,0,0,58,4,0,58,58,0,25,23,2,88,0,0
25018,1000000US170315204001002,46,7,0,0,1,0,39,7,0,39,39,6,18,17,1,62,0,0
25019,1000000US170315204001003,48,10,0,2,0,0,38,10,0,38,38,0,22,20,2,68,2,0
25020,1000000US170315204001004,80,16,0,0,1,0,64,16,0,64,64,0,30,29,1,112,0,0
25021,1000000US170315204001005,29,9,3,0,0,0,20,9,0,20,20,0,12,12,0,47,0,3
25022,1000000US170315204001006,29,16,2,0,2,0,11,18,0,11,13,2,15,15,0,38,0,2
25023,1000000US170315204001007,0,0,0,0,0,0,0,0,0,0,0,0,0,0,0,0,0,0
25024,1000000US170315204001008,47,7,0,0,0,0,40,7,0,40,40,0,17,16,1,64,0,0
25025,1000000US170315204001009,39,11,0,0,0,0,28,11,0,28,28,0,17,16,1,50,0,0
25026,1000000US170315204001010,47,15,3,1,0,0,31,16,0,31,32,4,22,20,2,56,0,2
25027,1000000US170315204001011,43,7,1,0,0,0,35,8,0,35,36,0,23,20,3,59,0,0
25028,1000000US170315204001012,62,14,0,0,2,0,46,16,0,46,48,2,26,25,1,91,0,0
25029,1000000US170315204001013,6,0,0,0,0,0,6,0,0,6,6,0,1,1,0,6,0,0
25030,1000000US170315204001014,5,3,1,1,0,0,1,4,0,1,2,0,3,3,0,7,1,0
25031,1000000US170315204002000,37,7,0,0,0,0,30,7,0,30,30,0,21,19,2,50,0,0
25032,1000000US170315204002001,3,2,0,0,0,0,1,2,0,1,1,0,3,2,1,3,0,0
25033,1000000US170315204002002,0,0,0,0,0,0,0,0,0,0,0,0,0,0,0,0,0,0
25034,1000000US170315204002003,26,12,2,0,0,0,12,14,0,12,14,0,18,16,2,37,0,0
25035,1000000US170315204002004,37,18,2,0,0,0,17,20,0,17,19,0,23,22,1,51,0,0
25036,1000000US170315204002005,39,6,2,0,0,0,33,6,0,33,33,0,20,19,1,45,0,2
25037,1000000US170315204002006,54,17,1,3,0,0,36,18,0,36,37,0,26,24,2,80,3,0
25038,1000000US170315204002007,38,16,0,4,0,0,22,16,0,22,22,0,15,15,0,55,4,0
25039,1000000US170315204002008,47,16,0,0,1,0,30,17,0,30,31,0,33,28,5,58,0,0
25040,1000000US170315204002009,26,10,0,0,0,0,16,10,0,16,16,1,15,13,2,34,0,0
25041,1000000US170315204002010,0,0,0,0,0,0,0,0,0,0,0,0,0,0,0,0,0,0
25042,1000000US170315204002011,42,13,0,0,0,0,29,13,0,29,29,0,19,18,1,66,0,0
25043,1000000US170315204002012,44,10,0,2,0,0,34,10,0,34,34,2,23,21,2,64,0,0
25044,1000000US170315204002013,35,14,5,0,0,0,16,19,0,16,21,0,16,15,1,47,0,0
25045,1000000US170315204002014,48,11,2,0,0,0,37,11,0,37,37,2,24,22,2,62,0,2
25046,1000000US170315204002015,44,8,0,2,0,0,36,8,0,36,36,0,17,16,1,54,2,0
25047,1000000US170315204002016,30,7,3,2,0,0,21,9,0,21,23,4,17,16,1,42,0,1
25048,1000000US170315204002017,33,9,0,0,0,0,24,9,0,24,24,2,17,16,1,47,0,0
25049,1000000US170315204002018,89,22,2,0,0,0,67,22,0,67,67,1,52,44,8,134,0,2
25050,1000000US170315204002019,33,20,0,0,0,0,13,20,0,13,13,0,19,19,0,41,0,0
25051,1000000US170315204002020,30,9,1,0,0,0,20,10,0,20,21,0,14,14,0,39,0,0
25052,1000000US170315204003000,60,13,0,0,2,0,47,13,0,47,47,1,23,23,0,85,0,0
25053,1000000US170315204003001,46,8,0,0,0,0,38,8,0,38,38,1,22,21,1,76,0,0
25054,1000000US170315204003002,28,6,1,0,0,0,22,6,0,22,22,0,18,15,3,37,0,1
25055,1000000US170315204003003,0,0,0,0,0,0,0,0,0,0,0,0,0,0,0,0,0,0
25056,1000000US170315204003004,54,6,0,0,0,0,48,6,0,48,48,0,23,21,2,65,0,0
25057,1000000US170315204003005,60,14,0,0,0,0,46,14,0,46,46,0,26,24,2,78,0,0
25058,1000000US170315204003006,43,17,0,0,0,0,26,17,0,26,26,0,21,21,0,54,0,0
25059,1000000US170315204003007,51,12,3,2,0,2,36,15,0,36,39,7,22,22,0,80,2,0
25060,1000000US170315204003008,51,9,1,0,0,0,42,9,0,42,42,1,20,20,0,71,0,1
25061,1000000US170315204003009,28,13,0,0,0,0,15,13,0,15,15,0,16,16,0,38,0,0
25062,1000000US170315204003010,44,4,4,0,0,0,40,4,0,40,40,0,26,24,2,71,0,4
25063,1000000US170315204003011,47,5,2,1,0,0,41,6,0,41,42,0,17,16,1,63,1,1
25064,1000000US170315204003012,44,17,0,0,0,0,27,17,0,27,27,0,19,17,2,56,0,0
25065,1000000US170315204003013,40,16,0,1,0,0,24,16,0,24,24,0,21,18,3,55,1,0
25066,1000000US170315204003014,3,3,0,0,0,0,0,3,0,0,0,0,2,2,0,3,0,0
25067,1000000US170315204003015,32,6,1,0,0,1,24,8,0,24,26,1,21,20,1,48,0,0
25068,1000000US170315204003016,50,10,0,0,0,0,40,10,0,40,40,0,19,17,2,71,0,0
25069,1000000US170315204003017,55,6,0,2,0,0,49,6,0,49,49,2,21,21,0,85,0,0
25070,1000000US170315204004000,59,8,1,3,0,0,47,12,0,47,51,0,25,23,2,71,3,0
25071,1000000US170315204004001,60,11,1,0,0,0,48,12,0,48,49,1,28,27,1,78,0,0
25072,1000000US170315204004002,41,8,0,0,0,0,33,8,0,33,33,2,24,16,8,64,0,0
25073,1000000US170315204004003,40,6,0,0,0,0,34,6,0,34,34,2,18,17,1,59,0,0
25074,1000000US170315204004004,17,2,0,0,0,0,15,2,0,15,15,0,8,8,0,26,0,0
25075,1000000US170315204004005,11,5,0,2,0,0,6,5,0,6,6,0,5,5,0,16,2,0
25076,1000000US170315204004006,48,13,0,0,0,0,35,13,0,35,35,1,24,21,3,70,0,0
25077,1000000US170315204004007,59,4,0,0,0,0,55,4,0,55,55,0,28,26,2,102,0,0
25078,1000000US170315204004008,55,10,2,1,0,0,45,10,0,45,45,10,23,20,3,84,1,2
25079,1000000US170315204004009,39,3,0,0,0,0,36,3,0,36,36,0,19,17,2,53,0,0
25080,1000000US170315204004010,56,8,1,1,0,0,47,9,0,47,48,3,22,22,0,85,1,0
25081,1000000US170315204004011,75,8,2,1,2,1,63,12,0,63,67,6,41,38,3,128,1,0
25082,1000000US170315204004012,15,5,3,0,0,0,6,9,0,6,10,0,8,8,0,17,0,0
25083,1000000US170315204004013,55,21,1,3,0,0,33,22,0,33,34,4,27,25,2,78,3,0
25084,1000000US170315204004014,39,3,0,0,0,0,36,3,0,36,36,0,22,16,6,68,0,0
25085,1000000US170315204004015,42,8,1,2,0,3,33,9,0,33,34,5,24,20,4,65,2,0
25086,1000000US170315204004016,75,11,7,0,0,0,57,18,0,57,64,0,30,27,3,111,0,0
25087,1000000US170315204004017,35,2,0,0,0,0,33,2,0,33,33,0,19,15,4,54,0,0
25088,1000000US170315204004018,0,0,0,0,0,0,0,0,0,0,0,0,0,0,0,0,0,0
25089,1000000US170315205001000,55,7,0,0,3,0,48,7,0,48,48,0,27,25,2,62,0,0
25090,1000000US170315205001001,59,16,0,0,1,0,42,17,0,42,43,3,27,27,0,90,0,0
25091,1000000US170315205001002,0,0,0,0,0,0,0,0,0,0,0,0,0,0,0,0,0,0
25092,1000000US170315205001003,67,9,1,0,0,0,58,9,0,58,58,2,27,27,0,95,0,1
25093,1000000US170315205001004,48,21,4,0,0,1,22,26,0,22,27,1,22,22,0,55,0,0
25094,1000000US170315205001005,31,14,0,0,0,0,17,14,0,17,17,0,17,17,0,38,0,0
25095,1000000US170315205001006,46,6,0,0,1,0,40,6,0,40,40,2,20,19,1,78,0,0
25096,1000000US170315205001007,0,0,0,0,0,0,0,0,0,0,0,0,0,0,0,0,0,0
25097,1000000US170315205001008,31,13,0,1,0,0,17,14,0,17,18,2,16,15,1,53,0,0
25098,1000000US170315205001009,26,8,0,0,0,0,18,8,0,18,18,0,17,14,3,44,0,0
25099,1000000US170315205001010,4,0,0,0,0,0,4,0,0,4,4,0,2,2,0,6,0,0
25100,1000000US170315205001011,30,13,0,0,0,0,17,13,0,17,17,1,14,14,0,34,0,0
25101,1000000US170315205001012,33,14,0,1,0,0,19,14,0,19,19,0,18,17,1,50,1,0
25102,1000000US170315205001013,34,8,1,1,1,0,25,9,0,25,26,2,17,17,0,43,1,0
25103,1000000US170315205001014,36,17,1,0,0,0,19,17,0,19,19,1,17,16,1,43,0,1
25104,1000000US170315205001015,28,10,0,0,0,0,18,10,0,18,18,0,15,15,0,37,0,0
25105,1000000US170315205001016,33,11,0,0,0,0,22,11,0,22,22,0,15,15,0,41,0,0
25106,1000000US170315205001017,29,4,0,0,0,0,25,4,0,25,25,0,10,10,0,41,0,0
25107,1000000US170315205001018,23,19,0,0,0,0,4,19,0,4,4,0,11,11,0,28,0,0
25108,1000000US170315205001019,4,0,4,0,0,0,0,4,0,0,4,0,1,1,0,4,0,0
25109,1000000US170315205001020,5,0,3,0,2,0,0,5,0,0,5,1,2,2,0,8,0,0
25110,1000000US170315205001021,5,5,0,0,0,0,0,5,0,0,0,0,2,2,0,5,0,0
25111,1000000US170315205002000,33,15,0,0,0,0,18,15,0,18,18,0,14,13,1,51,0,0
25112,1000000US170315205002001,36,15,0,0,0,0,21,15,0,21,21,0,17,16,1,47,0,0
25113,1000000US170315205002002,46,9,0,0,0,0,37,9,0,37,37,0,16,16,0,57,0,0
25114,1000000US170315205002003,32,14,4,0,0,0,14,18,0,14,18,0,17,16,1,37,0,0
25115,1000000US170315205002004,43,19,0,0,0,0,24,19,0,24,24,0,17,17,0,52,0,0
25116,1000000US170315205002005,43,14,1,0,1,0,27,16,0,27,29,0,17,17,0,58,0,0
25117,1000000US170315205002006,35,17,1,2,0,0,17,18,0,17,18,0,25,24,1,38,2,0
25118,1000000US170315205002007,51,14,0,0,0,0,37,14,0,37,37,2,19,19,0,70,0,0
25119,1000000US170315205002008,66,33,0,0,2,0,33,33,0,33,33,2,26,26,0,81,0,0
25120,1000000US170315205002009,32,13,0,0,0,0,19,13,0,19,19,0,17,17,0,43,0,0
25121,1000000US170315205002010,34,21,0,0,3,0,10,24,0,10,13,0,17,17,0,43,0,0
25122,1000000US170315205002011,39,21,0,0,0,0,18,21,0,18,18,2,19,18,1,53,0,0
25123,1000000US170315205002012,30,10,3,1,0,0,16,14,0,16,20,2,17,17,0,46,0,0
25124,1000000US170315205002013,41,18,0,0,0,0,23,18,0,23,23,0,17,17,0,47,0,0
25125,1000000US170315205002014,45,10,6,2,0,0,34,11,0,34,35,4,17,17,0,63,2,5
25126,1000000US170315205002015,75,7,5,0,4,0,59,16,0,59,68,11,32,28,4,119,0,0
25127,1000000US170315205002016,26,16,1,0,0,0,9,17,0,9,10,1,17,16,1,34,0,0
25128,1000000US170315205002017,30,14,3,1,0,0,14,16,0,14,16,1,17,16,1,44,1,1
25129,1000000US170315205002018,39,23,0,3,1,0,15,24,0,15,16,0,17,17,0,53,3,0
25130,1000000US170315205002019,2,0,0,0,0,0,2,0,0,2,2,0,1,1,0,2,0,0
25131,1000000US170315205002020,15,10,0,0,0,0,5,10,0,5,5,0,8,7,1,18,0,0
25132,1000000US170315205002021,24,10,3,0,0,0,14,10,0,14,14,3,13,13,0,29,0,3
25133,1000000US170315205002022,29,12,0,0,0,0,17,12,0,17,17,0,13,13,0,37,0,0
25134,1000000US170315205002023,32,18,0,0,0,0,14,18,0,14,14,1,17,16,1,51,0,0
25135,1000000US170315205002024,10,3,0,0,0,0,7,3,0,7,7,0,6,5,1,13,0,0
25136,1000000US170315205002025,35,11,0,0,0,0,24,11,0,24,24,0,17,17,0,52,0,0
25137,1000000US170315205002026,37,11,0,0,0,0,26,11,0,26,26,0,17,16,1,63,0,0
25138,1000000US170315205002027,44,16,2,0,0,0,26,18,0,26,28,0,17,16,1,50,0,0
25139,1000000US170315205002028,39,8,0,0,0,0,31,8,0,31,31,0,17,16,1,49,0,0
25140,1000000US170315205002029,49,14,6,2,0,0,27,22,0,27,35,0,17,16,1,67,2,0
25141,1000000US170315205002030,33,17,0,0,0,0,16,17,0,16,16,0,17,17,0,36,0,0
25142,1000000US170315205002031,36,16,0,0,0,1,20,16,0,20,20,1,17,17,0,48,0,0
25143,1000000US170315205002032,32,14,1,0,2,0,16,16,0,16,18,2,17,17,0,44,0,0
25144,1000000US170315205002033,30,8,0,1,0,0,21,9,0,21,22,0,17,17,0,41,1,0
25145,1000000US170315205002034,33,29,0,0,1,0,3,30,0,3,4,1,16,16,0,40,0,0
25146,1000000US170315205002035,31,16,0,0,0,0,15,16,0,15,15,0,17,16,1,34,0,0
25147,1000000US170315205002036,40,12,0,0,0,0,28,12,0,28,28,1,17,17,0,56,0,0
25148,1000000US170315205002037,20,10,0,2,0,0,10,10,0,10,10,0,13,12,1,30,2,0
25149,1000000US170315205002038,29,16,0,0,0,0,13,16,0,13,13,0,13,13,0,39,0,0
25150,1000000US170315205002039,33,17,0,0,0,0,16,17,0,16,16,0,13,13,0,43,0,0
25151,1000000US170315205002040,13,5,0,0,0,0,8,5,0,8,8,0,7,7,0,20,0,0
25152,1000000US170315205002041,15,6,1,0,0,0,8,7,0,8,9,0,7,7,0,25,0,0
25153,1000000US170315205002042,27,8,0,1,0,0,19,8,0,19,19,0,13,13,0,47,1,0
25154,1000000US170315205002043,30,13,0,1,0,0,16,14,0,16,17,0,14,14,0,43,1,0
25155,1000000US170315205002044,27,13,0,0,1,0,13,14,0,13,14,0,13,13,0,35,0,0
25156,1000000US170315205002045,27,18,0,0,0,0,9,18,0,9,9,0,14,14,0,30,0,0
25157,1000000US170315205002046,29,14,0,0,3,0,15,14,0,15,15,2,20,19,1,37,0,0
25158,1000000US170315205002047,11,6,0,0,0,0,5,6,0,5,5,0,7,7,0,16,0,0
25159,1000000US170315205003000,9,0,2,0,0,0,7,2,0,7,9,0,3,3,0,12,0,0
25160,1000000US170315205003001,7,4,0,0,0,0,3,4,0,3,3,0,6,5,1,7,0,0
25161,1000000US170315205003002,16,7,0,0,0,0,9,7,0,9,9,0,6,6,0,22,0,0
25162,1000000US170315205003003,0,0,0,0,0,0,0,0,0,0,0,0,0,0,0,0,0,0
25163,1000000US170315205003004,42,15,0,0,0,0,27,15,0,27,27,0,24,22,2,68,0,0
25164,1000000US170315205003005,21,5,0,0,0,0,16,5,0,16,16,0,11,10,1,32,0,0
25165,1000000US170315205003006,51,21,0,0,0,0,30,21,0,30,30,3,28,26,2,71,0,0
25166,1000000US170315205003007,22,11,0,0,0,0,11,11,0,11,11,0,10,10,0,31,0,0
25167,1000000US170315205003008,34,14,2,0,0,0,18,16,0,18,20,1,17,17,0,47,0,0
25168,1000000US170315205003009,28,16,0,0,0,0,12,16,0,12,12,0,14,14,0,44,0,0
25169,1000000US170315205003010,33,16,5,0,1,0,11,22,0,11,17,0,14,13,1,45,0,0
25170,1000000US170315205003011,55,27,0,1,0,0,28,27,0,28,28,0,32,31,1,73,1,0
25171,1000000US170315205003012,36,17,0,0,0,0,19,17,0,19,19,0,17,16,1,45,0,0
25172,1000000US170315205003013,29,11,0,2,0,0,16,13,0,16,18,1,17,14,3,39,1,0
25173,1000000US170315205003014,34,15,0,0,0,0,19,15,0,19,19,0,17,16,1,49,0,0
25174,1000000US170315205003015,50,23,1,0,0,0,26,24,0,26,27,0,32,30,2,67,0,0
25175,1000000US170315205003016,39,20,0,0,1,0,18,21,0,18,19,2,17,16,1,63,0,0
25176,1000000US170315205003017,35,10,0,0,0,3,25,10,0,25,25,3,17,16,1,45,0,0
25177,1000000US170315205003018,35,14,0,0,0,0,21,14,0,21,21,0,16,15,1,41,0,0
25178,1000000US170315205003019,30,21,0,0,0,0,9,21,0,9,9,0,18,17,1,39,0,0
25179,1000000US170315205003020,38,27,0,0,0,0,11,27,0,11,11,0,15,15,0,40,0,0
25180,1000000US170315205003021,22,12,0,0,0,0,10,12,0,10,10,0,14,13,1,25,0,0
25181,1000000US170315205003022,0,0,0,0,0,0,0,0,0,0,0,0,0,0,0,0,0,0
25182,1000000US170315205003023,47,21,0,2,0,0,26,21,0,26,26,1,17,17,0,61,2,0
25183,1000000US170315205003024,34,13,0,0,0,0,21,13,0,21,21,1,13,13,0,37,0,0
25184,1000000US170315205003025,39,13,0,0,0,0,26,13,0,26,26,0,15,14,1,46,0,0
25185,1000000US170315205003026,34,14,0,0,0,0,20,14,0,20,20,0,16,16,0,44,0,0
25186,1000000US170315205003027,42,16,0,0,3,0,23,19,0,23,26,0,18,18,0,49,0,0
25187,1000000US170315205003028,40,17,0,0,0,0,23,17,0,23,23,0,18,18,0,47,0,0
25188,1000000US170315205003029,44,23,0,0,0,0,21,23,0,21,21,0,19,19,0,61,0,0
25189,1000000US170315205003030,42,21,0,0,0,0,15,27,0,15,21,0,18,18,0,48,0,0
25190,1000000US170315205003031,5,0,0,0,0,0,5,0,0,5,5,0,2,2,0,7,0,0
25191,1000000US170315205003032,0,0,0,0,0,0,0,0,0,0,0,0,0,0,0,0,0,0
25192,1000000US170315205003033,9,4,0,0,0,0,5,4,0,5,5,0,2,2,0,10,0,0
25193,1000000US170315205003034,0,0,0,0,0,0,0,0,0,0,0,0,0,0,0,0,0,0
25194,1000000US170315206001000,14,7,0,0,0,0,7,7,0,7,7,0,10,8,2,17,0,0
25195,1000000US170315206001001,38,15,0,0,1,0,22,16,0,22,23,0,21,18,3,65,0,0
25196,1000000US170315206001002,40,11,0,0,0,0,29,11,0,29,29,3,22,21,1,54,0,0
25197,1000000US170315206001003,40,13,0,0,0,1,26,14,0,26,27,1,18,17,1,54,0,0
25198,1000000US170315206001004,31,9,0,0,0,0,22,9,0,22,22,0,18,15,3,53,0,0
25199,1000000US170315206001005,40,6,0,0,0,0,34,6,0,34,34,4,15,14,1,59,0,0
25200,1000000US170315206001006,37,17,0,0,0,0,20,17,0,20,20,0,18,18,0,44,0,0
25201,1000000US170315206001007,33,9,2,0,0,0,22,11,0,22,24,3,17,16,1,49,0,0
25202,1000000US170315206001008,39,12,0,0,0,0,27,12,0,27,27,1,16,16,0,48,0,0
25203,1000000US170315206001009,37,1,0,2,0,0,36,1,0,36,36,0,16,16,0,56,2,0
25204,1000000US170315206001010,31,17,0,0,0,0,14,17,0,14,14,0,15,14,1,45,0,0
25205,1000000US170315206001011,11,2,2,0,0,0,7,4,0,7,9,0,5,5,0,21,0,0
25206,1000000US170315206001012,62,25,7,0,2,0,36,26,0,36,37,3,21,21,0,82,0,6
25207,1000000US170315206001013,38,10,2,0,0,0,26,12,0,26,28,1,16,16,0,64,0,0
25208,1000000US170315206001014,29,8,0,0,0,0,21,8,0,21,21,0,14,14,0,39,0,0
25209,1000000US170315206001015,0,0,0,0,0,0,0,0,0,0,0,0,0,0,0,0,0,0
25210,1000000US170315206001016,41,2,0,2,0,0,39,2,0,39,39,0,16,15,1,57,2,0
25211,1000000US170315206001017,32,2,0,0,0,0,30,2,0,30,30,0,14,14,0,60,0,0
25212,1000000US170315206001018,29,8,0,0,0,0,21,8,0,21,21,0,12,11,1,40,0,0
25213,1000000US170315206001019,34,5,0,0,0,0,29,5,0,29,29,0,13,13,0,48,0,0
25214,1000000US170315206001020,26,8,0,0,0,0,18,8,0,18,18,0,12,12,0,34,0,0
25215,1000000US170315206001021,29,10,0,6,0,0,19,10,0,19,19,0,13,13,0,34,6,0
25216,1000000US170315206001022,24,9,0,1,1,0,13,11,0,13,15,1,16,14,2,38,1,0
25217,1000000US170315206001023,19,5,1,0,0,0,13,6,0,13,14,0,11,10,1,25,0,0
25218,1000000US170315206001024,39,13,0,1,0,0,26,13,0,26,26,1,18,18,0,48,1,0
25219,1000000US170315206001025,41,21,0,0,4,0,16,25,0,16,20,1,18,18,0,56,0,0
25220,1000000US170315206001026,39,4,0,1,0,0,34,5,0,34,35,0,19,19,0,55,1,0
25221,1000000US170315206001027,0,0,0,0,0,0,0,0,0,0,0,0,0,0,0,0,0,0
25222,1000000US170315206001028,20,11,2,0,0,0,7,13,0,7,9,0,11,10,1,29,0,0
25223,1000000US170315206001029,16,4,1,0,0,0,11,5,0,11,12,1,10,10,0,20,0,0
25224,1000000US170315206001030,16,4,0,1,0,0,11,5,0,11,12,4,7,7,0,19,1,0
25225,1000000US170315206001031,20,0,0,0,0,0,20,0,0,20,20,0,7,6,1,30,0,0
25226,1000000US170315206001032,17,5,2,0,0,0,10,7,0,10,12,0,7,6,1,32,0,0
25227,1000000US170315206001033,12,6,0,0,0,0,6,6,0,6,6,0,6,6,0,18,0,0
25228,1000000US170315206001034,39,6,0,0,0,0,33,6,0,33,33,0,15,15,0,49,0,0
25229,1000000US170315206001035,7,2,0,0,0,0,5,2,0,5,5,0,3,3,0,12,0,0
25230,1000000US170315206001036,42,7,0,0,0,0,35,7,0,35,35,2,17,16,1,51,0,0
25231,1000000US170315206001037,33,14,0,0,0,0,19,14,0,19,19,5,16,16,0,40,0,0
25232,1000000US170315206001038,37,13,0,1,0,0,24,13,0,24,24,1,16,15,1,45,0,0
25233,1000000US170315206001039,32,0,3,3,0,0,32,0,0,32,32,5,11,11,0,40,0,3
25234,1000000US170315206001040,32,7,0,0,0,0,25,7,0,25,25,0,14,13,1,42,0,0
25235,1000000US170315206001041,29,8,3,0,0,0,18,11,0,18,21,0,13,13,0,46,0,0
25236,1000000US170315206001042,31,6,0,0,0,0,25,6,0,25,25,1,15,15,0,48,0,0
25237,1000000US170315206001043,30,16,4,0,0,0,10,20,0,10,14,0,13,12,1,37,0,0
25238,1000000US170315206001044,33,16,1,0,0,0,16,17,0,16,17,0,17,16,1,43,0,0
25239,1000000US170315206001045,54,23,0,0,0,0,31,23,0,31,31,2,23,23,0,76,0,0
25240,1000000US170315206001046,55,23,1,0,0,0,32,23,0,32,32,3,36,30,6,84,0,1
25241,1000000US170315206001047,43,8,0,1,1,0,35,8,0,35,35,2,18,18,0,73,1,0
25242,1000000US170315206001048,34,12,0,0,0,0,22,12,0,22,22,0,14,14,0,50,0,0
25243,1000000US170315206001049,34,6,0,0,0,0,28,6,0,28,28,8,16,15,1,55,0,0
25244,1000000US170315206001050,31,5,4,0,0,0,22,9,0,22,26,3,14,14,0,47,0,0
25245,1000000US170315206001051,19,11,0,0,0,0,8,11,0,8,8,0,9,9,0,31,0,0
25246,1000000US170315206001052,17,6,0,0,2,0,9,8,0,9,11,0,8,8,0,25,0,0
25247,1000000US170315206001053,0,0,0,0,0,0,0,0,0,0,0,0,0,0,0,0,0,0
25248,1000000US170315206001054,0,0,0,0,0,0,0,0,0,0,0,0,0,0,0,0,0,0
25249,1000000US170315206001055,0,0,0,0,0,0,0,0,0,0,0,0,0,0,0,0,0,0
25250,1000000US170315206001056,48,8,0,0,0,0,40,8,0,40,40,0,21,19,2,73,0,0
25251,1000000US170315206001057,23,4,0,3,0,0,19,4,0,19,19,1,10,10,0,33,3,0
25252,1000000US170315206001058,5,5,0,0,0,0,0,5,0,0,0,0,2,2,0,9,0,0
25253,1000000US170315206001059,6,0,2,0,0,0,6,0,0,6,6,1,2,2,0,7,0,2
25254,1000000US170315206001060,0,0,0,0,0,0,0,0,0,0,0,0,0,0,0,0,0,0
25255,1000000US170315206001061,0,0,0,0,0,0,0,0,0,0,0,0,0,0,0,0,0,0
25256,1000000US170315206001062,31,3,3,0,0,0,28,3,0,28,28,0,16,14,2,41,0,3
25257,1000000US170315206001063,0,0,0,0,0,0,0,0,0,0,0,0,0,0,0,0,0,0
25258,1000000US170315206001064,39,13,0,3,0,0,25,14,0,25,26,1,19,19,0,48,2,0
25259,1000000US170315206001065,29,11,0,0,0,0,18,11,0,18,18,0,14,14,0,42,0,0
25260,1000000US170315206001066,4,0,0,0,0,0,4,0,0,4,4,0,2,2,0,4,0,0
25261,1000000US170315301001000,0,0,0,0,0,0,0,0,0,0,0,0,0,0,0,0,0,0
25262,1000000US170315301001001,97,8,56,1,0,0,33,64,0,33,89,3,63,48,15,145,1,0
25263,1000000US170315301001002,0,0,0,0,0,0,0,0,0,0,0,0,0,0,0,0,0,0
25264,1000000US170315301001003,41,0,35,0,0,0,8,33,0,8,41,0,21,19,2,67,0,2
25265,1000000US170315301001004,9,0,5,0,0,0,4,5,0,4,9,0,11,6,5,9,0,0
25266,1000000US170315301001005,10,0,4,0,0,0,6,4,0,6,10,2,4,4,0,10,0,0
25267,1000000US170315301001006,0,0,0,0,0,0,0,0,0,0,0,0,0,0,0,0,0,0
25268,1000000US170315301001007,0,0,0,0,0,0,0,0,0,0,0,0,0,0,0,0,0,0
25269,1000000US170315301001008,15,4,4,0,0,0,7,8,0,7,11,0,22,10,12,26,0,0
25270,1000000US170315301001009,18,0,5,0,0,0,13,5,0,13,18,0,8,8,0,26,0,0
25271,1000000US170315301001010,0,0,0,0,0,0,0,0,0,0,0,0,0,0,0,0,0,0
25272,1000000US170315301001011,7,0,7,0,0,0,0,7,0,0,7,0,2,2,0,8,0,0
25273,1000000US170315301001012,15,0,7,0,0,0,8,7,0,8,15,0,8,7,1,23,0,0
25274,1000000US170315301001013,84,0,7,1,0,0,76,8,0,76,84,2,50,33,17,120,1,0
25275,1000000US170315301001014,51,0,6,0,0,0,45,6,0,45,51,1,23,22,1,81,0,0
25276,1000000US170315301001015,0,0,0,0,0,0,0,0,0,0,0,0,0,0,0,0,0,0
25277,1000000US170315301001016,65,0,2,3,0,0,60,5,0,60,65,0,32,28,4,90,3,0
25278,1000000US170315301001017,51,4,19,0,0,0,28,23,0,28,47,0,25,18,7,81,0,0
25279,1000000US170315301001018,42,4,0,0,0,0,38,4,0,38,38,0,19,16,3,57,0,0
25280,1000000US170315301001019,11,0,7,0,0,0,4,7,0,4,11,0,12,5,7,12,0,0
25281,1000000US170315301001020,81,1,22,4,0,0,58,23,0,58,80,4,28,28,0,100,1,0
25282,1000000US170315301001021,97,3,9,0,0,0,85,12,0,85,94,2,50,40,10,141,0,0
25283,1000000US170315301001022,98,3,10,8,0,0,86,12,0,86,95,7,43,39,4,155,8,1
25284,1000000US170315301001023,35,6,2,0,0,0,27,8,0,27,29,0,18,13,5,41,0,0
25285,1000000US170315301001024,50,0,45,0,0,0,5,45,0,5,50,0,31,26,5,70,0,0
25286,1000000US170315301001025,6,0,6,0,0,0,0,6,0,0,6,0,2,2,0,7,0,0
25287,1000000US170315301001026,10,0,0,0,0,0,10,0,0,10,10,0,5,4,1,20,0,0
25288,1000000US170315301001027,11,0,3,1,0,0,8,3,0,8,11,0,9,6,3,12,1,0
25289,1000000US170315301001028,0,0,0,0,0,0,0,0,0,0,0,0,0,0,0,0,0,0
25290,1000000US170315301001029,11,0,0,0,0,0,11,0,0,11,11,0,6,6,0,23,0,0
25291,1000000US170315301002000,60,0,3,0,0,0,57,3,0,57,60,0,22,20,2,87,0,0
25292,1000000US170315301002001,11,4,3,2,0,0,5,6,0,5,7,2,11,7,4,18,0,1
25293,1000000US170315301002002,19,0,6,0,0,0,13,6,0,13,19,0,8,6,2,27,0,0
25294,1000000US170315301002003,18,0,12,0,0,0,6,12,0,6,18,0,15,9,6,20,0,0
25295,1000000US170315301002004,16,0,16,0,0,0,0,16,0,0,16,0,7,7,0,20,0,0
25296,1000000US170315301002005,13,0,13,0,0,0,0,13,0,0,13,0,5,5,0,19,0,0
25297,1000000US170315301002006,14,0,14,0,0,0,5,9,0,5,14,0,11,5,6,23,0,5
25298,1000000US170315301002007,80,0,71,1,0,0,10,70,0,10,80,1,70,64,6,95,1,1
25299,1000000US170315301002008,5,0,5,0,0,0,0,5,0,0,5,0,3,2,1,5,0,0
25300,1000000US170315301002009,12,0,7,0,0,0,5,7,0,5,12,0,8,4,4,19,0,0
25301,1000000US170315301002010,31,0,3,0,0,0,28,3,0,28,31,2,14,12,2,53,0,0
25302,1000000US170315301002011,11,0,8,0,0,0,3,8,0,3,11,0,13,5,8,16,0,0
25303,1000000US170315301002012,0,0,0,0,0,0,0,0,0,0,0,0,0,0,0,0,0,0
25304,1000000US170315301002013,15,0,2,1,0,0,13,2,0,13,15,1,9,6,3,24,1,0
25305,1000000US170315301002014,15,0,11,0,0,0,4,11,0,4,15,0,9,4,5,27,0,0
25306,1000000US170315301002015,44,4,30,1,0,0,10,34,0,10,40,1,19,17,2,59,1,0
25307,1000000US170315301002016,3,0,3,0,0,0,1,2,0,1,3,0,5,3,2,5,0,1
25308,1000000US170315301002017,18,0,18,0,0,1,0,18,0,0,18,1,11,8,3,28,0,0
25309,1000000US170315301002018,8,0,8,0,0,0,0,8,0,0,8,0,5,3,2,9,0,0
25310,1000000US170315301002019,10,0,9,1,0,0,1,9,0,1,10,0,6,4,2,16,1,0
25311,1000000US170315301002020,13,0,13,0,0,0,0,13,0,0,13,0,6,6,0,15,0,0
25312,1000000US170315301002021,46,0,46,0,0,0,0,46,0,0,46,0,22,20,2,68,0,0
25313,1000000US170315301002022,10,0,10,0,0,0,0,10,0,0,10,0,9,5,4,17,0,0
25314,1000000US170315301002023,10,0,10,0,0,0,0,10,0,0,10,0,13,4,9,20,0,0
25315,1000000US170315301002024,5,0,5,0,0,0,0,5,0,0,5,0,7,2,5,12,0,0
25316,1000000US170315301002025,3,0,3,0,0,0,0,3,0,0,3,0,6,2,4,3,0,0
25317,1000000US170315301002026,15,0,15,0,0,0,0,15,0,0,15,0,10,7,3,16,0,0
25318,1000000US170315301002027,6,0,6,0,0,0,0,6,0,0,6,0,8,2,6,8,0,0
25319,1000000US170315301002028,17,0,17,0,0,0,0,17,0,0,17,0,10,6,4,19,0,0
25320,1000000US170315301002029,6,0,6,0,0,0,0,6,0,0,6,0,11,2,9,7,0,0
25321,1000000US170315301002030,12,0,12,0,0,0,0,12,0,0,12,0,6,6,0,24,0,0
25322,1000000US170315301002031,3,0,1,0,0,2,0,3,0,0,3,0,1,1,0,3,0,0
25323,1000000US170315301002032,18,0,18,0,0,0,0,18,0,0,18,0,9,8,1,26,0,0
25324,1000000US170315301002033,19,0,19,0,0,0,0,19,0,0,19,0,12,7,5,28,0,0
25325,1000000US170315301002034,49,0,47,1,2,0,0,49,0,0,49,1,28,18,10,71,1,0
25326,1000000US170315301002035,15,1,14,0,0,0,0,15,0,0,14,0,15,6,9,27,0,0
25327,1000000US170315301002036,7,0,5,0,0,0,2,5,0,2,7,0,8,4,4,11,0,0
25328,1000000US170315301002037,12,0,12,0,0,0,0,12,0,0,12,0,8,7,1,16,0,0
25329,1000000US170315301002038,4,0,3,0,0,0,1,3,0,1,4,0,1,1,0,8,0,0
25330,1000000US170315301002039,1,0,1,0,0,0,0,1,0,0,1,0,5,1,4,1,0,0
25331,1000000US170315301002040,0,0,0,0,0,0,0,0,0,0,0,0,0,0,0,0,0,0
25332,1000000US170315301002041,37,0,37,0,0,0,0,37,0,0,37,0,13,13,0,64,0,0
25333,1000000US170315301002042,0,0,0,0,0,0,0,0,0,0,0,0,2,0,2,0,0,0
25334,1000000US170315301002043,13,0,13,0,0,0,0,13,0,0,13,0,5,5,0,13,0,0
25335,1000000US170315302001000,26,0,11,1,0,0,14,12,0,14,26,0,7,6,1,28,1,0
25336,1000000US170315302001001,40,0,40,0,0,0,0,40,0,0,40,0,18,15,3,59,0,0
25337,1000000US170315302001002,37,0,37,0,0,0,0,37,0,0,37,0,23,19,4,52,0,0
25338,1000000US170315302001003,23,0,23,0,0,4,0,23,0,0,23,4,22,10,12,43,0,0
25339,1000000US170315302001004,0,0,0,0,0,0,0,0,0,0,0,0,1,0,1,0,0,0
25340,1000000US170315302001005,5,0,5,0,0,0,0,5,0,0,5,0,12,4,8,9,0,0
25341,1000000US170315302001006,29,0,29,0,0,0,0,29,0,0,29,0,20,12,8,39,0,0
25342,1000000US170315302001007,42,0,42,0,0,0,0,42,0,0,42,0,24,20,4,57,0,0
25343,1000000US170315302001008,19,0,19,0,0,0,0,19,0,0,19,0,9,7,2,30,0,0
25344,1000000US170315302001009,0,0,0,0,0,0,0,0,0,0,0,0,0,0,0,0,0,0
25345,1000000US170315302001010,37,1,36,0,0,0,0,37,0,0,36,0,24,18,6,49,0,0
25346,1000000US170315302001011,55,0,55,0,0,0,0,55,0,0,55,0,20,18,2,89,0,0
25347,1000000US170315302001012,0,0,0,0,0,0,0,0,0,0,0,0,2,0,2,0,0,0
25348,1000000US170315302001013,12,0,12,0,0,0,0,12,0,0,12,0,8,6,2,22,0,0
25349,1000000US170315302001014,10,0,10,1,0,0,0,10,0,0,10,1,11,6,5,10,1,0
25350,1000000US170315302001015,13,0,13,0,0,0,0,13,0,0,13,0,7,6,1,14,0,0
25351,1000000US170315302001016,16,0,16,0,0,0,0,16,0,0,16,0,9,6,3,27,0,0
25352,1000000US170315302001017,9,0,9,0,0,0,0,9,0,0,9,0,5,3,2,10,0,0
25353,1000000US170315302001018,17,0,17,0,0,0,0,17,0,0,17,0,18,8,10,26,0,0
25354,1000000US170315302001019,35,0,35,0,0,0,0,35,0,0,35,0,16,14,2,59,0,0
25355,1000000US170315302001020,7,1,6,0,0,0,0,7,0,0,6,0,5,4,1,14,0,0
25356,1000000US170315302001021,17,1,16,0,0,0,0,17,0,0,16,0,8,7,1,29,0,0
25357,1000000US170315302001022,3,1,2,0,0,0,0,3,0,0,2,0,7,3,4,5,0,0
25358,1000000US170315302001023,11,0,11,0,0,0,0,11,0,0,11,0,7,3,4,13,0,0
25359,1000000US170315302001024,15,0,15,0,0,0,0,15,0,0,15,0,9,8,1,20,0,0
25360,1000000US170315302001025,9,0,9,0,0,0,0,9,0,0,9,0,9,4,5,12,0,0
25361,1000000US170315302001026,58,0,57,1,0,0,0,58,0,0,58,0,27,22,5,89,1,0
25362,1000000US170315302001027,21,0,21,0,0,0,0,21,0,0,21,0,19,12,7,29,0,0
25363,1000000US170315302001028,23,0,23,0,0,0,0,23,0,0,23,0,12,9,3,28,0,0
25364,1000000US170315302001029,55,0,55,0,0,0,2,53,0,2,55,0,32,26,6,72,0,2
25365,1000000US170315302002000,36,0,36,2,0,0,0,36,0,0,36,2,19,15,4,60,0,0
25366,1000000US170315302002001,23,0,23,0,0,0,0,23,0,0,23,0,16,10,6,33,0,0
25367,1000000US170315302002002,36,1,35,4,0,0,0,36,0,0,35,4,23,11,12,48,4,0
25368,1000000US170315302002003,27,0,27,0,0,0,0,27,0,0,27,0,13,9,4,38,0,0
25369,1000000US170315302002004,27,0,27,0,0,0,0,27,0,0,27,0,12,12,0,38,0,0
25370,1000000US170315302002005,4,0,4,0,0,0,0,4,0,0,4,0,12,3,9,4,0,0
25371,1000000US170315302002006,13,0,13,0,0,0,0,13,0,0,13,0,8,4,4,15,0,0
25372,1000000US170315302002007,13,0,13,0,0,0,0,13,0,0,13,0,7,5,2,21,0,0
25373,1000000US170315302002008,16,0,16,0,0,0,0,16,0,0,16,0,13,10,3,30,0,0
25374,1000000US170315302002009,21,0,21,0,0,0,0,21,0,0,21,0,13,10,3,30,0,0
25375,1000000US170315302002010,18,0,18,0,0,0,0,18,0,0,18,0,9,8,1,21,0,0
25376,1000000US170315302002011,24,0,24,0,0,0,0,24,0,0,24,0,10,8,2,38,0,0
25377,1000000US170315302002012,26,0,25,1,0,0,0,26,0,0,26,1,9,9,0,34,1,0
25378,1000000US170315302002013,25,1,24,0,0,0,1,24,0,1,24,0,7,7,0,31,0,1
25379,1000000US170315302002014,4,0,4,0,0,0,0,4,0,0,4,0,5,2,3,5,0,0
25380,1000000US170315302002015,13,0,13,0,0,0,0,13,0,0,13,0,10,5,5,22,0,0
25381,1000000US170315302002016,19,0,14,5,0,0,0,19,0,0,19,0,11,6,5,29,5,0
25382,1000000US170315302002017,26,0,26,0,0,0,0,26,0,0,26,0,13,10,3,34,0,0
25383,1000000US170315302002018,16,0,16,0,0,0,0,16,0,0,16,0,8,5,3,22,0,0
25384,1000000US170315302002019,9,0,9,0,0,0,0,9,0,0,9,0,6,3,3,18,0,0
25385,1000000US170315302002020,19,0,19,0,0,0,0,19,0,0,19,0,10,6,4,25,0,0
25386,1000000US170315302002021,6,0,6,0,0,0,0,6,0,0,6,0,5,3,2,8,0,0
25387,1000000US170315302002022,0,0,0,0,0,0,0,0,0,0,0,0,0,0,0,0,0,0
25388,1000000US170315302002023,10,0,10,0,0,0,0,10,0,0,10,0,6,3,3,10,0,0
25389,1000000US170315302002024,0,0,0,0,0,0,0,0,0,0,0,0,0,0,0,0,0,0
25390,1000000US170315302002025,16,0,16,0,0,0,0,16,0,0,16,0,11,9,2,23,0,0
25391,1000000US170315302002026,9,0,9,0,0,0,0,9,0,0,9,0,6,5,1,14,0,0
25392,1000000US170315302002027,0,0,0,0,0,0,0,0,0,0,0,0,0,0,0,0,0,0
25393,1000000US170315302002028,3,0,3,0,0,0,0,3,0,0,3,0,1,1,0,6,0,0
25394,1000000US170315302002029,5,0,2,0,0,1,3,2,0,3,5,1,3,3,0,5,0,0
25395,1000000US170315302003000,14,0,14,0,0,0,0,14,0,0,14,0,8,6,2,17,0,0
25396,1000000US170315302003001,16,0,16,0,0,0,0,16,0,0,16,0,8,7,1,27,0,0
25397,1000000US170315302003002,35,1,32,0,0,0,2,33,0,2,34,1,16,15,1,58,0,0
25398,1000000US170315302003003,20,0,20,0,0,0,0,20,0,0,20,0,17,7,10,30,0,0
25399,1000000US170315302003004,35,0,35,0,0,0,0,35,0,0,35,0,18,11,7,39,0,0
25400,1000000US170315302003005,28,0,28,0,0,0,0,28,0,0,28,0,12,7,5,37,0,0
25401,1000000US170315302003006,28,0,28,0,0,0,0,28,0,0,28,0,19,13,6,40,0,0
25402,1000000US170315302003007,41,0,41,0,0,0,0,41,0,0,41,1,22,17,5,66,0,0
25403,1000000US170315302003008,35,0,34,1,0,0,3,32,0,3,35,0,19,14,5,48,1,2
25404,1000000US170315302003009,32,0,32,0,0,0,0,32,0,0,32,0,19,14,5,50,0,0
25405,1000000US170315302003010,32,0,32,0,0,0,0,32,0,0,32,1,19,14,5,43,0,0
25406,1000000US170315302003011,22,0,22,0,0,0,1,21,0,1,22,0,14,9,5,28,0,1
25407,1000000US170315302003012,5,0,5,0,0,0,0,5,0,0,5,0,1,1,0,6,0,0
25408,1000000US170315302003013,0,0,0,0,0,0,0,0,0,0,0,0,0,0,0,0,0,0
25409,1000000US170315302003014,7,0,7,0,0,0,0,7,0,0,7,0,4,4,0,9,0,0
25410,1000000US170315302003015,2,0,2,0,0,0,0,2,0,0,2,0,1,1,0,3,0,0
25411,1000000US170315302003016,1,0,1,0,0,0,0,1,0,0,1,0,2,1,1,1,0,0
25412,1000000US170315302003017,0,0,0,0,0,0,0,0,0,0,0,0,0,0,0,0,0,0
25413,1000000US170315302003018,0,0,0,0,0,0,0,0,0,0,0,0,0,0,0,0,0,0
25414,1000000US170315302003019,0,0,0,0,0,0,0,0,0,0,0,0,0,0,0,0,0,0
25415,1000000US170315302003020,15,0,15,0,0,0,0,15,0,0,15,0,6,6,0,19,0,0
25416,1000000US170315302003021,13,0,12,0,0,0,0,13,0,0,13,0,5,5,0,19,0,0
25417,1000000US170315302003022,13,0,13,0,0,0,0,13,0,0,13,0,8,6,2,20,0,0
25418,1000000US170315302003023,1,0,1,0,0,0,0,1,0,0,1,0,5,1,4,2,0,0
25419,1000000US170315302003024,13,0,13,0,0,0,0,13,0,0,13,0,9,6,3,16,0,0
25420,1000000US170315302003025,28,0,28,0,0,0,0,28,0,0,28,0,16,15,1,43,0,0
25421,1000000US170315302003026,0,0,0,0,0,0,0,0,0,0,0,0,1,0,1,0,0,0
25422,1000000US170315302003027,10,0,10,0,0,0,1,9,0,1,10,0,6,5,1,12,0,1
25423,1000000US170315302004000,28,0,28,0,0,0,0,28,0,0,28,0,15,14,1,40,0,0
25424,1000000US170315302004001,1,0,1,0,0,0,0,1,0,0,1,0,3,1,2,3,0,0
25425,1000000US170315302004002,12,1,11,0,0,0,0,12,0,0,11,0,15,7,8,14,0,0
25426,1000000US170315302004003,32,0,31,1,0,0,0,32,0,0,32,0,12,12,0,52,1,0
25427,1000000US170315302004004,31,0,31,0,0,0,0,31,0,0,31,1,16,13,3,45,0,0
25428,1000000US170315302004005,22,0,22,0,0,0,0,22,0,0,22,0,13,10,3,32,0,0
25429,1000000US170315302004006,20,0,20,0,0,0,0,20,0,0,20,0,10,9,1,25,0,0
25430,1000000US170315302004007,14,0,14,0,0,0,0,14,0,0,14,0,7,7,0,15,0,0
25431,1000000US170315302004008,14,0,14,0,0,0,0,14,0,0,14,0,10,7,3,18,0,0
25432,1000000US170315302004009,8,0,8,0,0,0,0,8,0,0,8,0,4,4,0,11,0,0
25433,1000000US170315302004010,7,0,6,1,0,0,0,7,0,0,7,0,6,5,1,9,1,0
25434,1000000US170315302004011,20,0,20,0,0,0,0,20,0,0,20,0,10,10,0,20,0,0
25435,1000000US170315302004012,0,0,0,0,0,0,0,0,0,0,0,0,0,0,0,0,0,0
25436,1000000US170315302004013,0,0,0,0,0,0,0,0,0,0,0,0,0,0,0,0,0,0
25437,1000000US170315302004014,17,0,17,0,0,0,0,17,0,0,17,0,7,6,1,21,0,0
25438,1000000US170315302004015,13,2,11,0,0,0,0,13,0,0,11,0,6,5,1,21,0,0
25439,1000000US170315302004016,14,0,14,0,0,0,0,14,0,0,14,0,9,7,2,25,0,0
25440,1000000US170315302004017,10,0,10,0,0,0,0,10,0,0,10,0,5,5,0,14,0,0
25441,1000000US170315302004018,9,0,8,0,0,0,1,8,0,1,9,0,6,6,0,19,0,0
25442,1000000US170315302004019,16,0,16,0,0,0,0,16,0,0,16,0,7,7,0,25,0,0
25443,1000000US170315302004020,16,0,16,0,0,0,0,16,0,0,16,0,9,7,2,21,0,0
25444,1000000US170315302004021,12,0,12,0,0,0,0,12,0,0,12,0,7,6,1,23,0,0
25445,1000000US170315302004022,7,0,7,0,0,0,0,7,0,0,7,0,6,5,1,10,0,0
25446,1000000US170315302004023,16,0,16,0,0,0,0,16,0,0,16,1,10,8,2,21,0,0
25447,1000000US170315302004024,3,0,3,0,0,0,0,3,0,0,3,0,2,2,0,3,0,0
25448,1000000US170315302004025,32,0,32,0,1,0,0,32,0,0,32,1,12,11,1,42,0,0
25449,1000000US170315302004026,13,0,13,0,0,0,0,13,0,0,13,0,4,4,0,32,0,0
25450,1000000US170315302004027,7,0,7,0,0,0,0,7,0,0,7,0,4,3,1,12,0,0
25451,1000000US170315302004028,9,0,9,0,0,0,0,9,0,0,9,0,4,3,1,15,0,0
25452,1000000US170315302004029,9,0,8,0,0,0,1,8,0,1,9,1,6,5,1,17,0,0
25453,1000000US170315302004030,6,0,6,0,0,0,0,6,0,0,6,0,5,3,2,7,0,0
25454,1000000US170315302004031,5,0,5,0,0,0,0,5,0,0,5,0,6,2,4,5,0,0
25455,1000000US170315302004032,9,0,9,0,0,0,0,9,0,0,9,0,11,5,6,14,0,0
25456,1000000US170315302004033,28,0,25,3,0,0,0,28,0,0,28,0,14,10,4,50,3,0
25457,1000000US170315302004034,29,0,29,0,0,0,0,29,0,0,29,0,15,8,7,41,0,0
25458,1000000US170315302004035,28,0,28,0,0,0,1,27,0,1,28,0,15,11,4,35,0,1
25459,1000000US170315302004036,7,0,7,0,0,0,0,7,0,0,7,0,6,3,3,7,0,0
25460,1000000US170315302004037,23,0,23,0,0,0,0,23,0,0,23,0,9,8,1,34,0,0
25461,1000000US170315302004038,20,1,19,2,0,0,0,20,0,0,19,2,11,11,0,31,2,0
25462,1000000US170315302004039,10,0,10,0,0,0,0,10,0,0,10,0,6,5,1,14,0,0
25463,1000000US170315302004040,17,0,17,0,0,0,0,17,0,0,17,0,7,7,0,20,0,0
25464,1000000US170315302004041,8,0,8,0,0,0,0,8,0,0,8,0,5,4,1,9,0,0
25465,1000000US170315302004042,20,0,20,0,0,0,0,20,0,0,20,0,11,8,3,21,0,0
25466,1000000US170315302004043,18,0,18,0,0,0,0,18,0,0,18,0,7,7,0,29,0,0
25467,1000000US170315302004044,14,0,14,0,0,0,1,13,0,1,14,0,9,6,3,19,0,1
25468,1000000US170315302004045,13,0,13,0,0,0,0,13,0,0,13,0,7,6,1,18,0,0
25469,1000000US170315302004046,15,0,15,0,0,0,0,15,0,0,15,0,8,8,0,18,0,0
25470,1000000US170315302004047,8,0,8,0,0,0,0,8,0,0,8,0,6,5,1,10,0,0
25471,1000000US170315302004048,30,0,30,0,0,0,0,30,0,0,30,0,18,14,4,31,0,0
25472,1000000US170315302004049,23,0,23,0,0,0,0,23,0,0,23,0,14,13,1,45,0,0
25473,1000000US170315302004050,15,0,15,0,0,0,0,15,0,0,15,0,6,6,0,18,0,0
25474,1000000US170315302004051,8,0,8,0,0,0,0,8,0,0,8,0,9,5,4,11,0,0
25475,1000000US170315302004052,25,0,25,0,0,0,0,25,0,0,25,0,10,8,2,38,0,0
25476,1000000US170315302004053,14,0,14,0,0,0,0,14,0,0,14,0,13,8,5,24,0,0
25477,1000000US170315302004054,40,0,40,0,0,0,0,40,0,0,40,0,22,18,4,59,0,0
25478,1000000US170315302004055,32,0,31,1,0,0,0,32,0,0,32,1,8,7,1,40,0,0
25479,1000000US170315302004056,13,0,13,0,0,0,0,13,0,0,13,0,7,7,0,20,0,0
25480,1000000US170315302004057,9,0,9,0,0,0,0,9,0,0,9,0,5,4,1,18,0,0
25481,1000000US170315302004058,0,0,0,0,0,0,0,0,0,0,0,0,0,0,0,0,0,0
25482,1000000US170315302004059,0,0,0,0,0,0,0,0,0,0,0,0,0,0,0,0,0,0
25483,1000000US170315302004060,16,0,16,0,0,0,0,16,0,0,16,0,11,10,1,28,0,0
25484,1000000US170315302004061,6,0,6,0,0,0,0,6,0,0,6,0,5,4,1,7,0,0
25485,1000000US170315302004062,14,0,14,0,0,0,0,14,0,0,14,0,4,4,0,17,0,0
25486,1000000US170315302004063,26,0,26,0,0,0,0,26,0,0,26,0,20,12,8,35,0,0
25487,1000000US170315302004064,16,0,16,0,0,0,0,16,0,0,16,0,12,9,3,30,0,0
25488,1000000US170315302004065,7,0,7,0,0,0,0,7,0,0,7,0,11,5,6,8,0,0
25489,1000000US170315302004066,20,0,20,1,0,0,0,20,0,0,20,1,9,9,0,26,1,0
25490,1000000US170315302004067,0,0,0,0,0,0,0,0,0,0,0,0,0,0,0,0,0,0
25491,1000000US170315302004068,26,0,26,0,0,0,1,25,0,1,26,0,15,11,4,37,0,1
25492,1000000US170315302004069,12,0,12,0,0,0,0,12,0,0,12,0,7,5,2,20,0,0
25493,1000000US170315302005000,28,1,27,1,2,0,0,28,0,0,27,2,10,9,1,41,1,0
25494,1000000US170315302005001,28,0,28,0,0,0,0,28,0,0,28,0,18,11,7,42,0,0
25495,1000000US170315302005002,41,0,41,0,0,0,0,41,0,0,41,0,20,14,6,74,0,0
25496,1000000US170315302005003,26,0,26,0,0,0,0,26,0,0,26,0,15,11,4,33,0,0
25497,1000000US170315302005004,10,0,10,0,0,0,0,10,0,0,10,0,5,4,1,19,0,0
25498,1000000US170315302005005,9,0,9,0,0,0,0,9,0,0,9,0,6,4,2,11,0,0
25499,1000000US170315302005006,32,0,32,0,0,0,0,32,0,0,32,0,10,10,0,42,0,0
25500,1000000US170315302005007,4,0,4,0,0,0,0,4,0,0,4,0,3,1,2,4,0,0
25501,1000000US170315302005008,23,1,22,0,0,0,0,23,0,0,22,1,14,14,0,46,0,0
25502,1000000US170315302005009,19,0,19,0,0,0,0,19,0,0,19,0,11,9,2,29,0,0
25503,1000000US170315302005010,26,0,26,1,0,0,0,26,0,0,26,1,9,9,0,38,1,0
25504,1000000US170315302005011,9,0,9,0,0,0,0,9,0,0,9,0,5,4,1,13,0,0
25505,1000000US170315302005012,17,0,17,0,0,0,0,17,0,0,17,0,11,7,4,24,0,0
25506,1000000US170315302005013,20,0,20,0,0,0,0,20,0,0,20,0,10,8,2,30,0,0
25507,1000000US170315302005014,15,0,15,0,0,0,0,15,0,0,15,0,9,8,1,24,0,0
25508,1000000US170315302005015,15,0,15,0,0,0,0,15,0,0,15,0,7,7,0,26,0,0
25509,1000000US170315302005016,9,0,9,0,0,0,0,9,0,0,9,0,5,3,2,15,0,0
25510,1000000US170315302005017,26,0,26,0,0,0,0,26,0,0,26,0,10,9,1,36,0,0
25511,1000000US170315302005018,11,0,11,0,0,0,0,11,0,0,11,0,14,9,5,23,0,0
25512,1000000US170315302005019,6,0,6,0,0,0,0,6,0,0,6,0,5,3,2,7,0,0
25513,1000000US170315302005020,17,0,17,0,0,0,0,17,0,0,17,0,8,6,2,27,0,0
25514,1000000US170315302005021,24,0,24,0,0,0,0,24,0,0,24,0,12,10,2,38,0,0
25515,1000000US170315302005022,10,0,10,0,0,0,0,10,0,0,10,0,5,4,1,11,0,0
25516,1000000US170315302005023,18,0,18,0,0,0,0,18,0,0,18,0,8,7,1,24,0,0
25517,1000000US170315302005024,17,0,17,0,0,0,0,17,0,0,17,0,7,5,2,21,0,0
25518,1000000US170315302005025,17,0,17,0,0,0,0,17,0,0,17,0,10,6,4,27,0,0
25519,1000000US170315302005026,17,1,16,0,0,0,0,17,0,0,16,0,7,7,0,21,0,0
25520,1000000US170315302005027,4,0,4,0,0,0,0,4,0,0,4,0,2,2,0,10,0,0
25521,1000000US170315302005028,14,0,14,0,0,0,0,14,0,0,14,0,11,8,3,25,0,0
25522,1000000US170315302005029,11,0,11,0,0,0,0,11,0,0,11,0,6,5,1,14,0,0
25523,1000000US170315302005030,13,0,13,0,0,0,0,13,0,0,13,0,14,6,8,17,0,0
25524,1000000US170315302005031,13,0,13,0,0,0,0,13,0,0,13,0,7,6,1,23,0,0
25525,1000000US170315302005032,17,0,17,0,0,0,1,16,0,1,17,0,13,8,5,21,0,1
25526,1000000US170315302005033,28,0,28,0,0,0,0,28,0,0,28,0,11,10,1,43,0,0
25527,1000000US170315302005034,12,0,12,0,0,0,0,12,0,0,12,0,6,5,1,15,0,0
25528,1000000US170315302005035,11,1,10,0,0,0,0,11,0,0,10,0,10,5,5,13,0,0
25529,1000000US170315302005036,16,0,16,0,0,0,0,16,0,0,16,0,8,7,1,21,0,0
25530,1000000US170315302005037,13,0,13,0,0,0,0,13,0,0,13,0,8,7,1,17,0,0
25531,1000000US170315302005038,15,0,10,0,0,0,5,10,0,5,15,0,8,4,4,20,0,0
25532,1000000US170315302005039,9,0,9,0,0,0,0,9,0,0,9,0,5,4,1,9,0,0
25533,1000000US170315302005040,14,0,14,0,0,0,0,14,0,0,14,0,7,7,0,26,0,0
25534,1000000US170315302005041,9,0,8,2,0,0,1,8,0,1,9,1,6,5,1,18,2,0
25535,1000000US170315302005042,16,1,15,0,0,0,0,16,0,0,15,0,8,8,0,26,0,0
25536,1000000US170315302005043,15,0,15,0,0,0,3,12,0,3,15,0,5,5,0,20,0,3
25537,1000000US170315302005044,6,0,6,0,0,0,0,6,0,0,6,0,4,3,1,14,0,0
25538,1000000US170315302005045,25,0,25,0,0,0,0,25,0,0,25,0,7,7,0,35,0,0
25539,1000000US170315302005046,15,0,15,0,1,0,0,15,0,0,15,1,9,6,3,24,0,0
25540,1000000US170315302005047,20,0,20,0,0,0,0,20,0,0,20,0,8,7,1,26,0,0
25541,1000000US170315302005048,11,0,11,0,0,0,0,11,0,0,11,0,13,7,6,18,0,0
25542,1000000US170315302005049,8,0,8,0,0,0,0,8,0,0,8,0,10,4,6,8,0,0
25543,1000000US170315302005050,14,0,14,0,0,0,0,14,0,0,14,0,7,5,2,20,0,0
25544,1000000US170315302005051,12,0,12,0,0,0,0,12,0,0,12,0,7,4,3,16,0,0
25545,1000000US170315302005052,11,0,11,0,0,0,0,11,0,0,11,0,5,5,0,13,0,0
25546,1000000US170315302005053,11,0,11,0,0,0,0,11,0,0,11,0,7,6,1,23,0,0
25547,1000000US170315302005054,15,0,15,0,0,0,0,15,0,0,15,0,7,6,1,18,0,0
25548,1000000US170315302005055,18,0,18,0,0,0,1,17,0,1,18,0,10,7,3,21,0,1
25549,1000000US170315302005056,22,0,22,0,0,0,0,22,0,0,22,0,9,9,0,34,0,0
25550,1000000US170315302005057,20,0,20,0,0,0,0,20,0,0,20,0,8,8,0,29,0,0
25551,1000000US170315302005058,11,0,11,0,0,0,0,11,0,0,11,0,6,5,1,14,0,0
25552,1000000US170315302005059,16,0,16,0,0,0,0,16,0,0,16,0,8,7,1,27,0,0
25553,1000000US170315303001000,0,0,0,0,0,0,0,0,0,0,0,0,0,0,0,0,0,0
25554,1000000US170315303001001,2,0,2,0,0,0,0,2,0,0,2,0,1,1,0,4,0,0
25555,1000000US170315303001002,93,0,93,0,0,0,1,92,0,1,93,0,50,45,5,139,0,1
25556,1000000US170315303001003,118,0,118,0,0,0,2,116,0,2,118,4,66,61,5,162,0,2
25557,1000000US170315303001004,1,0,1,0,0,0,0,1,0,0,1,0,1,1,0,1,0,0
25558,1000000US170315303001005,6,0,6,0,0,0,0,6,0,0,6,0,5,4,1,9,0,0
25559,1000000US170315303001006,12,0,12,0,0,0,0,12,0,0,12,0,3,3,0,12,0,0
25560,1000000US170315303001007,0,0,0,0,0,0,0,0,0,0,0,0,0,0,0,0,0,0
25561,1000000US170315303001008,0,0,0,0,0,0,0,0,0,0,0,0,0,0,0,0,0,0
25562,1000000US170315303001009,0,0,0,0,0,0,0,0,0,0,0,0,0,0,0,0,0,0
25563,1000000US170315303001010,14,0,14,0,0,0,0,14,0,0,14,0,15,6,9,20,0,0
25564,1000000US170315303001011,39,2,36,1,0,0,2,37,0,2,37,1,17,15,2,62,1,1
25565,1000000US170315303001012,44,0,39,0,0,0,5,39,0,5,44,0,20,17,3,58,0,0
25566,1000000US170315303001013,15,0,15,0,0,0,0,15,0,0,15,0,9,7,2,25,0,0
25567,1000000US170315303001014,22,0,22,0,0,0,0,22,0,0,22,0,12,8,4,33,0,0
25568,1000000US170315303001015,12,0,12,0,0,0,0,12,0,0,12,0,8,4,4,16,0,0
25569,1000000US170315303001016,21,0,21,2,0,0,0,21,0,0,21,2,12,10,2,34,2,0
25570,1000000US170315303001017,27,0,27,0,0,0,0,27,0,0,27,0,20,14,6,45,0,0
25571,1000000US170315303001018,27,0,24,3,0,0,3,24,0,3,27,0,24,14,10,48,3,0
25572,1000000US170315303001019,20,0,20,0,0,0,0,20,0,0,20,0,19,9,10,29,0,0
25573,1000000US170315303001020,37,0,37,0,0,0,0,37,0,0,37,0,24,20,4,50,0,0
25574,1000000US170315303001021,31,0,31,0,0,0,0,31,0,0,31,0,18,12,6,38,0,0
25575,1000000US170315303001022,2,0,2,0,0,0,0,2,0,0,2,0,4,1,3,2,0,0
25576,1000000US170315303001023,60,1,55,0,0,0,4,56,0,4,59,0,36,29,7,103,0,0
25577,1000000US170315303001024,0,0,0,0,0,0,0,0,0,0,0,0,0,0,0,0,0,0
25578,1000000US170315303001025,15,0,15,0,0,0,0,15,0,0,15,0,12,10,2,20,0,0
25579,1000000US170315303002000,1,0,1,0,0,0,0,1,0,0,1,0,1,1,0,1,0,0
25580,1000000US170315303002001,14,0,14,0,0,0,0,14,0,0,14,0,7,6,1,24,0,0
25581,1000000US170315303002002,12,0,12,0,0,0,0,12,0,0,12,0,6,5,1,14,0,0
25582,1000000US170315303002003,0,0,0,0,0,0,0,0,0,0,0,0,0,0,0,0,0,0
25583,1000000US170315303002004,31,0,31,0,0,0,0,31,0,0,31,0,15,14,1,41,0,0
25584,1000000US170315303002005,31,0,31,0,0,0,1,30,0,1,31,2,15,15,0,37,0,1
25585,1000000US170315303002006,41,0,41,0,0,0,0,41,0,0,41,0,18,17,1,60,0,0
25586,1000000US170315303002007,38,1,37,0,0,0,0,38,0,0,37,0,20,18,2,54,0,0
25587,1000000US170315303002008,30,0,30,0,0,0,0,30,0,0,30,0,15,13,2,38,0,0
25588,1000000US170315303002009,40,0,40,0,0,0,0,40,0,0,40,0,15,14,1,46,0,0
25589,1000000US170315303002010,26,0,26,0,0,0,0,26,0,0,26,0,14,13,1,39,0,0
25590,1000000US170315303002011,30,0,30,0,0,0,2,28,0,2,30,0,15,15,0,38,0,2
25591,1000000US170315303002012,30,0,30,0,0,0,0,30,0,0,30,0,15,15,0,45,0,0
25592,1000000US170315303002013,44,0,44,0,0,0,0,44,0,0,44,0,26,19,7,58,0,0
25593,1000000US170315303002014,60,0,60,1,0,0,0,60,0,0,60,1,23,22,1,82,1,0
25594,1000000US170315303002015,41,0,41,0,0,0,3,38,0,3,41,0,20,19,1,49,0,3
25595,1000000US170315303002016,30,0,30,0,0,0,0,30,0,0,30,0,20,17,3,39,0,0
25596,1000000US170315303002017,39,0,39,0,0,0,0,39,0,0,39,0,20,18,2,53,0,0
25597,1000000US170315303002018,34,0,34,0,0,0,0,34,0,0,34,0,20,19,1,44,0,0
25598,1000000US170315303002019,0,0,0,0,0,0,0,0,0,0,0,0,0,0,0,0,0,0
25599,1000000US170315303002020,21,0,21,0,0,0,0,21,0,0,21,0,11,9,2,35,0,0
25600,1000000US170315303002021,24,0,24,3,0,0,0,24,0,0,24,4,14,13,1,27,3,0
25601,1000000US170315303003000,6,0,6,0,0,0,0,6,0,0,6,0,2,2,0,8,0,0
25602,1000000US170315303003001,13,0,13,0,0,0,0,13,0,0,13,0,6,6,0,18,0,0
25603,1000000US170315303003002,0,0,0,0,0,0,0,0,0,0,0,0,0,0,0,0,0,0
25604,1000000US170315303003003,7,0,7,0,0,0,0,7,0,0,7,0,5,4,1,8,0,0
25605,1000000US170315303003004,18,0,18,0,0,0,0,18,0,0,18,0,11,10,1,24,0,0
25606,1000000US170315303003005,20,0,20,0,0,0,0,20,0,0,20,0,12,10,2,30,0,0
25607,1000000US170315303003006,62,0,62,3,0,0,1,61,0,1,62,3,30,29,1,80,2,1
25608,1000000US170315303003007,40,0,40,0,0,0,0,40,0,0,40,0,19,16,3,49,0,0
25609,1000000US170315303003008,47,0,47,1,0,0,0,47,0,0,47,1,22,21,1,68,1,0
25610,1000000US170315303003009,32,0,32,0,0,0,0,32,0,0,32,0,15,15,0,37,0,0
25611,1000000US170315303003010,53,0,53,0,0,0,0,53,0,0,53,0,20,20,0,71,0,0
25612,1000000US170315303003011,47,0,47,0,0,0,0,47,0,0,47,0,20,20,0,57,0,0
25613,1000000US170315303003012,52,0,52,0,0,0,0,52,0,0,52,0,20,19,1,65,0,0
25614,1000000US170315303003013,41,0,40,0,1,0,0,41,0,0,41,0,20,18,2,58,0,0
25615,1000000US170315303003014,24,0,24,0,0,0,0,24,0,0,24,0,13,12,1,27,0,0
25616,1000000US170315303003015,25,0,22,3,0,0,3,22,0,3,25,0,14,11,3,35,3,0
25617,1000000US170315303003016,45,0,44,1,0,0,0,45,0,0,45,0,20,19,1,59,1,0
25618,1000000US170315303003017,42,0,42,0,0,0,0,42,0,0,42,0,20,19,1,48,0,0
25619,1000000US170315303003018,0,0,0,0,0,0,0,0,0,0,0,0,0,0,0,0,0,0
25620,1000000US170315303003019,46,0,46,0,0,0,0,46,0,0,46,0,20,20,0,65,0,0
25621,1000000US170315303003020,36,0,36,0,0,0,1,35,0,1,36,0,20,19,1,48,0,1
25622,1000000US170315303003021,38,0,38,0,0,0,0,38,0,0,38,0,20,20,0,53,0,0
25623,1000000US170315303003022,31,0,31,0,0,0,0,31,0,0,31,0,16,15,1,36,0,0
25624,1000000US170315303003023,0,0,0,0,0,0,0,0,0,0,0,0,0,0,0,0,0,0
25625,1000000US170315303003024,0,0,0,0,0,0,0,0,0,0,0,0,0,0,0,0,0,0
25626,1000000US170315303004000,15,0,15,0,0,0,0,15,0,0,15,0,9,9,0,24,0,0
25627,1000000US170315303004001,13,0,13,0,0,0,0,13,0,0,13,0,8,8,0,18,0,0
25628,1000000US170315303004002,15,0,15,0,0,0,0,15,0,0,15,0,9,7,2,16,0,0
25629,1000000US170315303004003,0,0,0,0,0,0,0,0,0,0,0,0,0,0,0,0,0,0
25630,1000000US170315303004004,24,0,24,0,0,0,0,24,0,0,24,0,15,14,1,35,0,0
25631,1000000US170315303004005,25,0,25,0,0,0,0,25,0,0,25,0,15,14,1,29,0,0
25632,1000000US170315303004006,34,0,34,0,0,0,0,34,0,0,34,0,15,14,1,41,0,0
25633,1000000US170315303004007,22,0,22,0,0,0,0,22,0,0,22,0,13,13,0,23,0,0
25634,1000000US170315303004008,35,0,35,4,0,0,2,33,0,2,35,4,15,15,0,44,4,2
25635,1000000US170315303004009,39,0,38,1,0,0,0,39,0,0,39,0,15,15,0,51,1,0
25636,1000000US170315303004010,42,0,42,0,0,0,0,42,0,0,42,0,20,20,0,60,0,0
25637,1000000US170315303004011,43,1,42,0,0,0,0,43,0,0,42,0,18,17,1,50,0,0
25638,1000000US170315303004012,39,1,38,0,0,0,0,39,0,0,38,0,20,18,2,56,0,0
25639,1000000US170315303004013,38,0,38,2,0,0,0,38,0,0,38,2,20,18,2,46,1,0
25640,1000000US170315303004014,40,0,40,0,0,0,0,40,0,0,40,0,20,20,0,53,0,0
25641,1000000US170315303004015,42,1,41,1,0,0,1,41,0,1,41,2,20,19,1,53,1,1
25642,1000000US170315303004016,43,0,43,0,0,0,0,43,0,0,43,0,20,19,1,48,0,0
25643,1000000US170315303004017,23,0,23,0,0,0,0,23,0,0,23,0,15,14,1,28,0,0
25644,1000000US170315303004018,32,0,32,0,0,0,0,32,0,0,32,0,13,13,0,53,0,0
25645,1000000US170315303004019,18,0,18,0,0,0,0,18,0,0,18,0,10,7,3,21,0,0
25646,1000000US170315303004020,44,0,44,0,0,0,0,44,0,0,44,0,19,18,1,61,0,0
25647,1000000US170315303004021,41,0,41,0,1,0,0,41,0,0,41,1,20,20,0,54,0,0
25648,1000000US170315303004022,39,0,39,0,0,0,0,39,0,0,39,0,20,20,0,47,0,0
25649,1000000US170315303004023,40,0,40,0,0,0,0,40,0,0,40,0,20,20,0,61,0,0
25650,1000000US170315303004024,44,0,44,1,1,0,0,44,0,0,44,2,20,20,0,53,1,0
25651,1000000US170315303004025,38,0,38,0,0,0,1,37,0,1,38,0,19,17,2,54,0,1
25652,1000000US170315303004026,46,0,45,1,0,0,0,46,0,0,46,0,20,18,2,65,1,0
25653,1000000US170315303004027,44,2,42,0,0,0,0,44,0,0,42,0,19,19,0,63,0,0
25654,1000000US170315303004028,33,0,33,0,0,0,0,33,0,0,33,0,14,14,0,50,0,0
25655,1000000US170315303004029,26,0,26,0,0,0,0,26,0,0,26,0,14,13,1,30,0,0
25656,1000000US170315303004030,26,0,26,0,0,0,0,26,0,0,26,0,14,14,0,32,0,0
25657,1000000US170315303004031,34,0,34,0,0,0,0,34,0,0,34,0,13,13,0,38,0,0
25658,1000000US170315303004032,27,0,27,0,0,0,0,27,0,0,27,1,14,14,0,33,0,0
25659,1000000US170315303004033,32,0,32,0,0,0,0,32,0,0,32,0,14,12,2,40,0,0
25660,1000000US170315303004034,20,0,20,0,0,0,0,20,0,0,20,0,14,11,3,21,0,0
25661,1000000US170315303004035,39,0,39,0,0,0,0,39,0,0,39,0,17,17,0,47,0,0
25662,1000000US170315303004036,16,0,16,0,0,0,0,16,0,0,16,0,9,8,1,20,0,0
25663,1000000US170315303004037,26,0,26,0,0,0,0,26,0,0,26,0,11,11,0,32,0,0
25664,1000000US170315303004038,35,1,34,0,0,0,0,35,0,0,34,0,19,18,1,45,0,0
25665,1000000US170315304001000,5,0,5,0,0,0,0,5,0,0,5,0,6,4,2,7,0,0
25666,1000000US170315304001001,0,0,0,0,0,0,0,0,0,0,0,0,0,0,0,0,0,0
25667,1000000US170315304001002,0,0,0,0,0,0,0,0,0,0,0,0,0,0,0,0,0,0
25668,1000000US170315304001003,0,0,0,0,0,0,0,0,0,0,0,0,0,0,0,0,0,0
25669,1000000US170315304001004,0,0,0,0,0,0,0,0,0,0,0,0,0,0,0,0,0,0
25670,1000000US170315304001005,0,0,0,0,0,0,0,0,0,0,0,0,0,0,0,0,0,0
25671,1000000US170315304001006,0,0,0,0,0,0,0,0,0,0,0,0,0,0,0,0,0,0
25672,1000000US170315304001007,0,0,0,0,0,0,0,0,0,0,0,0,0,0,0,0,0,0
25673,1000000US170315304001008,4,0,4,0,0,0,0,4,0,0,4,0,1,1,0,4,0,0
25674,1000000US170315304001009,11,0,11,0,0,0,0,11,0,0,11,0,7,5,2,19,0,0
25675,1000000US170315304001010,0,0,0,0,0,0,0,0,0,0,0,0,0,0,0,0,0,0
25676,1000000US170315304001011,0,0,0,0,0,0,0,0,0,0,0,0,0,0,0,0,0,0
25677,1000000US170315304001012,1,0,0,0,0,0,1,0,0,1,1,0,1,1,0,1,0,0
25678,1000000US170315304001013,0,0,0,0,0,0,0,0,0,0,0,0,0,0,0,0,0,0
25679,1000000US170315304001014,19,0,19,0,0,0,0,19,0,0,19,0,8,7,1,21,0,0
25680,1000000US170315304001015,43,0,43,0,0,0,0,43,0,0,43,0,23,18,5,54,0,0
25681,1000000US170315304001016,0,0,0,0,0,0,0,0,0,0,0,0,0,0,0,0,0,0
25682,1000000US170315304001017,50,0,50,0,0,0,0,50,0,0,50,1,21,20,1,65,0,0
25683,1000000US170315304001018,35,1,33,1,0,0,1,34,0,1,34,0,23,17,6,53,1,0
25684,1000000US170315304001019,0,0,0,0,0,0,0,0,0,0,0,0,0,0,0,0,0,0
25685,1000000US170315304001020,0,0,0,0,0,0,0,0,0,0,0,0,0,0,0,0,0,0
25686,1000000US170315304001021,36,0,36,0,0,0,0,36,0,0,36,0,16,15,1,62,0,0
25687,1000000US170315304001022,32,0,32,0,0,0,0,32,0,0,32,1,16,12,4,49,0,0
25688,1000000US170315304001023,30,0,30,0,0,0,0,30,0,0,30,0,13,12,1,44,0,0
25689,1000000US170315304001024,23,0,23,0,0,0,0,23,0,0,23,0,15,12,3,41,0,0
25690,1000000US170315304001025,33,1,32,0,0,0,0,33,0,0,32,0,15,15,0,49,0,0
25691,1000000US170315304001026,38,1,37,0,0,0,0,38,0,0,37,0,16,16,0,48,0,0
25692,1000000US170315304001027,31,0,30,0,1,0,0,31,0,0,31,0,16,15,1,45,0,0
25693,1000000US170315304001028,42,3,39,0,0,0,0,42,0,0,39,0,16,16,0,53,0,0
25694,1000000US170315304001029,38,0,38,0,0,0,0,38,0,0,38,0,17,17,0,53,0,0
25695,1000000US170315304001030,34,0,33,5,0,0,0,34,0,0,34,4,15,12,3,44,5,0
25696,1000000US170315304001031,35,0,34,1,0,0,0,35,0,0,35,0,17,16,1,47,1,0
25697,1000000US170315304001032,46,0,45,0,0,0,1,45,0,1,46,0,16,16,0,62,0,0
25698,1000000US170315304001033,31,0,31,0,0,0,0,31,0,0,31,0,15,15,0,41,0,0
25699,1000000US170315304001034,25,0,25,0,0,0,0,25,0,0,25,0,14,13,1,33,0,0
25700,1000000US170315304001035,23,0,23,0,0,0,0,23,0,0,23,0,13,12,1,28,0,0
25701,1000000US170315304001036,22,0,22,0,0,0,0,22,0,0,22,0,14,14,0,32,0,0
25702,1000000US170315304001037,24,0,24,0,0,0,0,24,0,0,24,0,13,13,0,35,0,0
25703,1000000US170315304002000,0,0,0,0,0,0,0,0,0,0,0,0,0,0,0,0,0,0
25704,1000000US170315304002001,0,0,0,0,0,0,0,0,0,0,0,0,0,0,0,0,0,0
25705,1000000US170315304002002,0,0,0,0,0,0,0,0,0,0,0,0,0,0,0,0,0,0
25706,1000000US170315304002003,0,0,0,0,0,0,0,0,0,0,0,0,0,0,0,0,0,0
25707,1000000US170315304002004,0,0,0,0,0,0,0,0,0,0,0,0,0,0,0,0,0,0
25708,1000000US170315304002005,0,0,0,0,0,0,0,0,0,0,0,0,0,0,0,0,0,0
25709,1000000US170315304002006,34,0,33,0,1,0,0,34,0,0,34,1,17,15,2,49,0,0
25710,1000000US170315304002007,12,0,12,2,0,0,0,12,0,0,12,2,6,6,0,16,0,0
25711,1000000US170315304002008,25,0,19,0,0,0,6,19,0,6,25,0,13,13,0,32,0,0
25712,1000000US170315304002009,2,0,2,0,0,0,0,2,0,0,2,0,1,1,0,4,0,0
25713,1000000US170315304002010,46,0,46,5,0,0,0,46,0,0,46,5,20,19,1,57,5,0
25714,1000000US170315304002011,0,0,0,0,0,0,0,0,0,0,0,0,0,0,0,0,0,0
25715,1000000US170315304002012,23,0,9,0,0,0,14,9,0,14,23,0,9,6,3,30,0,0
25716,1000000US170315304002013,21,0,12,0,1,0,8,13,0,8,21,0,9,8,1,27,0,0
25717,1000000US170315304002014,40,0,40,0,0,0,0,40,0,0,40,0,19,19,0,63,0,0
25718,1000000US170315304002015,0,0,0,0,0,0,0,0,0,0,0,0,0,0,0,0,0,0
25719,1000000US170315304002016,0,0,0,0,0,0,0,0,0,0,0,0,0,0,0,0,0,0
25720,1000000US170315304002017,0,0,0,0,0,0,0,0,0,0,0,0,0,0,0,0,0,0
25721,1000000US170315304002018,7,0,7,0,0,0,0,7,0,0,7,0,3,2,1,8,0,0
25722,1000000US170315304002019,9,0,9,0,0,0,0,9,0,0,9,0,5,5,0,9,0,0
25723,1000000US170315304002020,23,0,23,0,0,0,0,23,0,0,23,0,12,12,0,34,0,0
25724,1000000US170315304002021,21,0,21,0,0,0,0,21,0,0,21,0,9,9,0,30,0,0
25725,1000000US170315304002022,31,0,31,0,0,0,0,31,0,0,31,0,13,13,0,38,0,0
25726,1000000US170315304002023,20,0,20,0,0,0,0,20,0,0,20,0,11,10,1,28,0,0
25727,1000000US170315304002024,11,0,11,0,0,0,0,11,0,0,11,0,6,6,0,13,0,0
25728,1000000US170315304002025,6,0,6,0,0,0,0,6,0,0,6,0,4,3,1,10,0,0
25729,1000000US170315304002026,13,0,7,0,0,0,8,5,0,8,13,0,5,5,0,15,0,2
25730,1000000US170315304002027,30,3,27,0,0,0,0,30,0,0,27,0,13,13,0,42,0,0
25731,1000000US170315304002028,23,0,23,0,1,0,0,23,0,0,23,1,13,13,0,32,0,0
25732,1000000US170315304002029,16,2,14,0,0,0,0,16,0,0,14,0,8,7,1,20,0,0
25733,1000000US170315304002030,19,0,19,0,0,0,0,19,0,0,19,0,14,11,3,31,0,0
25734,1000000US170315304002031,32,0,32,0,0,0,0,32,0,0,32,0,14,14,0,54,0,0
25735,1000000US170315304002032,34,0,34,0,0,0,0,34,0,0,34,0,14,13,1,50,0,0
25736,1000000US170315304002033,22,0,22,0,0,0,0,22,0,0,22,0,14,13,1,31,0,0
25737,1000000US170315304002034,30,0,30,0,0,0,0,30,0,0,30,0,14,12,2,41,0,0
25738,1000000US170315304002035,31,0,30,0,0,0,1,30,0,1,31,0,14,13,1,38,0,0
25739,1000000US170315304002036,26,0,26,0,0,0,0,26,0,0,26,0,14,14,0,42,0,0
25740,1000000US170315304002037,63,2,61,0,0,0,0,63,0,0,61,0,35,34,1,102,0,0
25741,1000000US170315304002038,46,0,46,0,0,0,0,46,0,0,46,0,17,17,0,56,0,0
25742,1000000US170315304002039,18,0,18,0,0,0,3,15,0,3,18,3,9,9,0,22,0,3
25743,1000000US170315304002040,19,0,19,0,0,0,0,19,0,0,19,0,10,10,0,24,0,0
25744,1000000US170315304002041,21,0,21,0,0,0,0,21,0,0,21,0,10,10,0,29,0,0
25745,1000000US170315304002042,22,0,22,0,0,0,0,22,0,0,22,0,9,9,0,24,0,0
25746,1000000US170315304002043,21,0,21,0,0,0,0,21,0,0,21,2,12,12,0,28,0,0
25747,1000000US170315304002044,16,4,8,0,0,0,4,12,0,4,12,0,7,7,0,19,0,0
25748,1000000US170315304002045,18,0,18,0,0,0,0,18,0,0,18,0,10,9,1,25,0,0
25749,1000000US170315304002046,18,0,18,0,0,0,0,18,0,0,18,0,13,12,1,33,0,0
25750,1000000US170315304002047,24,0,24,0,0,0,0,24,0,0,24,0,11,11,0,27,0,0
25751,1000000US170315305011000,2,0,2,1,0,0,0,2,0,0,2,1,2,1,1,2,1,0
25752,1000000US170315305011001,12,0,12,0,0,0,0,12,0,0,12,0,9,8,1,12,0,0
25753,1000000US170315305011002,0,0,0,0,0,0,0,0,0,0,0,0,0,0,0,0,0,0
25754,1000000US170315305011003,0,0,0,0,0,0,0,0,0,0,0,0,0,0,0,0,0,0
25755,1000000US170315305011004,5,0,5,0,0,0,0,5,0,0,5,0,1,1,0,6,0,0
25756,1000000US170315305011005,7,0,7,0,0,0,0,7,0,0,7,0,11,5,6,9,0,0
25757,1000000US170315305011006,0,0,0,0,0,0,0,0,0,0,0,0,2,0,2,0,0,0
25758,1000000US170315305011007,17,0,17,2,0,0,2,15,0,2,17,2,11,9,2,27,2,2
25759,1000000US170315305011008,10,0,10,0,0,0,0,10,0,0,10,0,8,5,3,15,0,0
25760,1000000US170315305011009,17,0,17,0,0,0,0,17,0,0,17,0,20,9,11,28,0,0
25761,1000000US170315305011010,5,0,5,0,0,0,0,5,0,0,5,0,15,1,14,7,0,0
25762,1000000US170315305011011,0,0,0,0,0,0,0,0,0,0,0,0,0,0,0,0,0,0
25763,1000000US170315305011012,34,1,32,1,0,0,0,34,0,0,33,0,27,23,4,34,1,0
25764,1000000US170315305011013,0,0,0,0,0,0,0,0,0,0,0,0,2,0,2,0,0,0
25765,1000000US170315305011014,6,0,6,0,0,0,2,4,0,2,6,0,6,3,3,9,0,2
25766,1000000US170315305011015,0,0,0,0,0,0,0,0,0,0,0,0,0,0,0,0,0,0
25767,1000000US170315305011016,25,0,25,0,0,0,0,25,0,0,25,0,12,10,2,34,0,0
25768,1000000US170315305011017,29,0,29,0,0,0,0,29,0,0,29,0,25,11,14,50,0,0
25769,1000000US170315305011018,14,0,14,0,0,0,2,12,0,2,14,0,17,7,10,23,0,2
25770,1000000US170315305011019,28,0,28,0,0,0,0,28,0,0,28,0,36,19,17,35,0,0
25771,1000000US170315305011020,33,0,33,0,0,0,0,33,0,0,33,0,16,16,0,47,0,0
25772,1000000US170315305011021,22,0,22,0,0,0,0,22,0,0,22,0,12,10,2,37,0,0
25773,1000000US170315305011022,23,0,23,0,0,0,0,23,0,0,23,0,11,9,2,33,0,0
25774,1000000US170315305011023,24,0,24,2,0,0,0,24,0,0,24,2,12,8,4,32,2,0
25775,1000000US170315305011024,20,0,20,0,0,0,0,20,0,0,20,3,13,10,3,24,0,0
25776,1000000US170315305011025,26,0,26,0,0,0,0,26,0,0,26,0,13,11,2,51,0,0
25777,1000000US170315305011026,25,0,25,0,0,0,0,25,0,0,25,0,13,11,2,32,0,0
25778,1000000US170315305011027,25,0,25,0,0,0,0,25,0,0,25,0,11,9,2,31,0,0
25779,1000000US170315305011028,77,2,75,0,0,0,0,77,0,0,75,1,34,27,7,114,0,0
25780,1000000US170315305011029,34,1,33,0,0,0,0,34,0,0,33,0,20,16,4,41,0,0
25781,1000000US170315305011030,30,0,30,0,0,0,0,30,0,0,30,0,15,13,2,39,0,0
25782,1000000US170315305011031,38,0,38,0,0,0,0,38,0,0,38,0,19,17,2,50,0,0
25783,1000000US170315305011032,38,0,33,2,0,0,2,36,0,2,38,0,16,14,2,60,2,0
25784,1000000US170315305011033,33,0,33,0,0,0,0,33,0,0,33,0,14,13,1,53,0,0
25785,1000000US170315305011034,52,0,52,0,0,0,0,52,0,0,52,0,33,28,5,88,0,0
25786,1000000US170315305011035,37,0,37,0,0,0,0,37,0,0,37,0,28,18,10,52,0,0
25787,1000000US170315305011036,48,0,48,2,0,0,0,48,0,0,48,2,38,21,17,73,0,0
25788,1000000US170315305011037,31,1,30,0,0,0,0,31,0,0,30,0,22,14,8,48,0,0
25789,1000000US170315305011038,42,1,41,0,0,0,0,42,0,0,41,0,16,14,2,61,0,0
25790,1000000US170315305011039,0,0,0,0,0,0,0,0,0,0,0,0,0,0,0,0,0,0
25791,1000000US170315305011040,14,0,14,0,0,0,0,14,0,0,14,0,12,9,3,17,0,0
25792,1000000US170315305011041,17,0,17,0,0,0,1,16,0,1,17,0,19,9,10,26,0,1
25793,1000000US170315305011042,15,0,15,0,0,0,0,15,0,0,15,0,14,10,4,24,0,0
25794,1000000US170315305011043,22,0,22,0,0,0,0,22,0,0,22,0,15,10,5,31,0,0
25795,1000000US170315305012000,24,0,24,0,0,0,0,24,0,0,24,0,14,9,5,33,0,0
25796,1000000US170315305012001,22,0,20,2,0,0,0,22,0,0,22,0,14,11,3,31,2,0
25797,1000000US170315305012002,39,0,39,0,0,0,0,39,0,0,39,0,22,20,2,68,0,0
25798,1000000US170315305012003,33,1,32,0,0,0,0,33,0,0,32,0,18,13,5,54,0,0
25799,1000000US170315305012004,37,1,36,0,0,0,0,37,0,0,36,2,27,21,6,60,0,0
25800,1000000US170315305012005,23,0,23,0,0,0,0,23,0,0,23,0,10,7,3,32,0,0
25801,1000000US170315305012006,16,0,16,0,0,0,0,16,0,0,16,0,12,6,6,23,0,0
25802,1000000US170315305012007,29,0,29,0,0,0,0,29,0,0,29,0,17,12,5,39,0,0
25803,1000000US170315305012008,26,1,25,0,0,0,0,26,0,0,25,0,18,14,4,39,0,0
25804,1000000US170315305012009,0,0,0,0,0,0,0,0,0,0,0,0,0,0,0,0,0,0
25805,1000000US170315305012010,0,0,0,0,0,0,0,0,0,0,0,0,0,0,0,0,0,0
25806,1000000US170315305012011,21,0,21,0,0,0,0,21,0,0,21,0,10,8,2,33,0,0
25807,1000000US170315305012012,33,0,33,0,0,0,0,33,0,0,33,0,18,16,2,43,0,0
25808,1000000US170315305012013,71,0,70,0,0,0,1,70,0,1,71,0,32,27,5,128,0,0
25809,1000000US170315305012014,70,1,69,4,0,0,0,70,0,0,69,4,31,25,6,100,4,0
25810,1000000US170315305012015,0,0,0,0,0,0,0,0,0,0,0,0,0,0,0,0,0,0
25811,1000000US170315305012016,11,0,11,0,0,0,0,11,0,0,11,0,3,3,0,13,0,0
25812,1000000US170315305012017,46,0,46,0,0,0,0,46,0,0,46,0,23,20,3,70,0,0
25813,1000000US170315305012018,26,0,26,0,0,0,2,24,0,2,26,0,16,14,2,36,0,2
25814,1000000US170315305012019,5,0,5,0,0,0,0,5,0,0,5,0,6,2,4,10,0,0
25815,1000000US170315305012020,3,0,3,0,0,0,0,3,0,0,3,0,2,2,0,3,0,0
25816,1000000US170315305012021,37,0,37,0,0,0,1,36,0,1,37,0,18,15,3,55,0,1
25817,1000000US170315305012022,28,1,27,1,0,0,0,28,0,0,27,1,13,11,2,32,0,0
25818,1000000US170315305012023,35,0,35,0,0,0,0,35,0,0,35,0,22,17,5,45,0,0
25819,1000000US170315305012024,29,0,29,0,0,0,0,29,0,0,29,0,16,11,5,32,0,0
25820,1000000US170315305012025,16,0,16,1,1,0,0,16,0,0,16,1,6,6,0,28,1,0
25821,1000000US170315305012026,32,0,32,1,0,0,0,32,0,0,32,3,17,14,3,51,1,0
25822,1000000US170315305012027,34,0,33,1,0,0,0,34,0,0,34,1,19,18,1,52,1,0
25823,1000000US170315305012028,28,0,28,0,0,0,0,28,0,0,28,0,23,12,11,45,0,0
25824,1000000US170315305012029,43,0,34,0,2,0,8,35,0,8,43,1,5,4,1,106,0,1
25825,1000000US170315305012030,27,0,27,0,0,0,0,27,0,0,27,2,11,9,2,38,0,0
25826,1000000US170315305012031,40,0,40,0,0,0,0,40,0,0,40,0,17,16,1,66,0,0
25827,1000000US170315305012032,3,0,3,0,0,0,0,3,0,0,3,1,12,2,10,3,0,0
25828,1000000US170315305012033,62,0,62,0,0,0,0,62,0,0,62,1,24,20,4,91,0,0
25829,1000000US170315305012034,34,0,34,0,0,0,0,34,0,0,34,0,21,16,5,54,0,0
25830,1000000US170315305013000,65,0,65,0,0,0,0,65,0,0,65,0,25,23,2,98,0,0
25831,1000000US170315305013001,62,0,61,1,1,0,0,62,0,0,62,1,30,28,2,96,1,0
25832,1000000US170315305013002,48,0,48,0,0,0,0,48,0,0,48,0,20,19,1,65,0,0
25833,1000000US170315305013003,50,4,45,0,0,0,2,48,0,2,46,0,22,20,2,65,0,1
25834,1000000US170315305013004,62,0,62,0,0,0,0,62,0,0,62,0,33,24,9,91,0,0
25835,1000000US170315305013005,61,0,61,0,0,0,0,61,0,0,61,2,24,21,3,91,0,0
25836,1000000US170315305013006,25,0,25,0,0,0,0,25,0,0,25,0,14,13,1,37,0,0
25837,1000000US170315305013007,31,0,31,0,0,0,0,31,0,0,31,0,15,14,1,54,0,0
25838,1000000US170315305013008,30,0,30,0,0,0,0,30,0,0,30,0,17,15,2,35,0,0
25839,1000000US170315305013009,37,0,37,0,0,0,0,37,0,0,37,0,18,15,3,48,0,0
25840,1000000US170315305013010,32,0,32,0,0,0,1,31,0,1,32,0,18,17,1,41,0,1
25841,1000000US170315305013011,32,0,32,0,0,0,0,32,0,0,32,0,12,12,0,40,0,0
25842,1000000US170315305013012,33,0,32,0,0,0,1,32,0,1,33,2,13,12,1,45,0,0
25843,1000000US170315305013013,39,0,39,0,0,0,0,39,0,0,39,0,13,13,0,48,0,0
25844,1000000US170315305013014,22,0,22,0,0,0,0,22,0,0,22,0,13,10,3,38,0,0
25845,1000000US170315305013015,40,0,40,0,0,0,0,40,0,0,40,0,15,15,0,58,0,0
25846,1000000US170315305013016,39,0,38,2,0,1,2,37,0,2,39,3,19,17,2,59,2,1
25847,1000000US170315305013017,30,0,30,0,0,0,0,30,0,0,30,0,13,13,0,39,0,0
25848,1000000US170315305014000,30,0,30,0,0,0,0,30,0,0,30,0,23,14,9,41,0,0
25849,1000000US170315305014001,15,0,12,3,0,0,3,12,0,3,15,0,7,6,1,15,3,0
25850,1000000US170315305014002,0,0,0,0,0,0,0,0,0,0,0,0,0,0,0,0,0,0
25851,1000000US170315305014003,4,0,4,0,0,0,0,4,0,0,4,0,4,2,2,6,0,0
25852,1000000US170315305014004,17,0,17,0,0,0,0,17,0,0,17,0,5,4,1,23,0,0
25853,1000000US170315305014005,37,0,37,1,0,0,1,36,0,1,37,1,15,13,2,52,1,1
25854,1000000US170315305014006,33,0,33,0,0,0,0,33,0,0,33,0,18,13,5,40,0,0
25855,1000000US170315305014007,16,0,16,0,0,0,0,16,0,0,16,0,9,6,3,20,0,0
25856,1000000US170315305014008,25,0,25,0,0,0,0,25,0,0,25,0,14,7,7,28,0,0
25857,1000000US170315305014009,16,0,14,0,0,0,2,14,0,2,16,0,14,7,7,22,0,0
25858,1000000US170315305014010,49,0,49,0,0,0,0,49,0,0,49,0,24,22,2,87,0,0
25859,1000000US170315305014011,42,0,42,2,0,0,0,42,0,0,42,2,25,21,4,68,2,0
25860,1000000US170315305014012,0,0,0,0,0,0,0,0,0,0,0,0,0,0,0,0,0,0
25861,1000000US170315305014013,56,0,56,0,0,0,0,56,0,0,56,0,26,21,5,84,0,0
25862,1000000US170315305014014,39,0,38,0,0,0,0,39,0,0,39,0,22,16,6,55,0,0
25863,1000000US170315305014015,41,0,41,0,0,0,0,41,0,0,41,0,29,21,8,55,0,0
25864,1000000US170315305014016,41,0,41,0,0,0,0,41,0,0,41,0,28,22,6,52,0,0
25865,1000000US170315305014017,20,1,19,0,0,0,0,20,0,0,19,1,12,10,2,24,0,0
25866,1000000US170315305014018,24,1,23,0,0,0,0,24,0,0,23,0,14,9,5,36,0,0
25867,1000000US170315305014019,27,0,27,0,0,0,0,27,0,0,27,0,26,16,10,36,0,0
25868,1000000US170315305014020,0,0,0,0,0,0,0,0,0,0,0,0,0,0,0,0,0,0
25869,1000000US170315305014021,39,3,36,0,0,0,0,39,0,0,36,0,15,15,0,44,0,0
25870,1000000US170315305014022,29,0,29,0,0,0,0,29,0,0,29,0,13,13,0,34,0,0
25871,1000000US170315305014023,37,0,37,3,0,0,0,37,0,0,37,3,16,16,0,43,3,0
25872,1000000US170315305014024,34,0,34,0,0,0,0,34,0,0,34,0,16,15,1,45,0,0
25873,1000000US170315305014025,33,0,33,0,0,0,0,33,0,0,33,0,16,16,0,42,0,0
25874,1000000US170315305014026,38,0,38,0,0,0,0,38,0,0,38,0,14,14,0,58,0,0
25875,1000000US170315305014027,29,0,29,0,0,0,0,29,0,0,29,0,15,15,0,40,0,0
25876,1000000US170315305014028,22,0,22,0,0,0,0,22,0,0,22,0,15,10,5,25,0,0
25877,1000000US170315305014029,39,0,39,0,0,0,0,39,0,0,39,0,16,15,1,51,0,0
25878,1000000US170315305014030,34,1,33,0,0,0,0,34,0,0,33,0,15,15,0,48,0,0
25879,1000000US170315305014031,39,0,39,0,0,0,0,39,0,0,39,0,16,15,1,46,0,0
25880,1000000US170315305014032,33,0,31,2,0,0,0,33,0,0,33,0,15,14,1,41,2,0
25881,1000000US170315305014033,31,1,30,0,0,0,0,31,0,0,30,0,14,14,0,40,0,0
25882,1000000US170315305014034,33,1,26,0,0,0,6,27,0,6,32,0,16,16,0,41,0,0
25883,1000000US170315305014035,37,0,37,0,0,0,4,33,0,4,37,0,16,16,0,45,0,4
25884,1000000US170315305014036,35,0,35,0,0,0,0,35,0,0,35,0,15,14,1,46,0,0
25885,1000000US170315305014037,41,0,41,0,0,0,0,41,0,0,41,0,19,17,2,53,0,0
25886,1000000US170315305021000,0,0,0,0,0,0,0,0,0,0,0,0,0,0,0,0,0,0
25887,1000000US170315305021001,14,0,14,0,0,0,0,14,0,0,14,0,6,4,2,21,0,0
25888,1000000US170315305021002,11,0,11,0,0,0,0,11,0,0,11,0,7,6,1,13,0,0
25889,1000000US170315305021003,28,2,25,0,0,0,1,27,0,1,26,0,15,14,1,46,0,0
25890,1000000US170315305021004,37,0,37,0,0,0,0,37,0,0,37,0,15,14,1,47,0,0
25891,1000000US170315305021005,26,0,26,0,0,0,0,26,0,0,26,0,13,11,2,43,0,0
25892,1000000US170315305021006,36,0,36,0,0,0,0,36,0,0,36,0,21,20,1,51,0,0
25893,1000000US170315305021007,38,0,38,0,0,0,0,38,0,0,38,0,15,15,0,53,0,0
25894,1000000US170315305021008,24,0,24,0,0,0,0,24,0,0,24,0,13,13,0,27,0,0
25895,1000000US170315305021009,34,0,34,3,0,0,0,34,0,0,34,3,15,15,0,50,3,0
25896,1000000US170315305021010,37,0,37,0,0,0,0,37,0,0,37,0,16,16,0,47,0,0
25897,1000000US170315305021011,25,1,24,0,0,0,0,25,0,0,24,1,14,13,1,33,0,0
25898,1000000US170315305021012,28,0,28,0,0,0,0,28,0,0,28,0,13,11,2,39,0,0
25899,1000000US170315305021013,29,0,29,0,0,0,0,29,0,0,29,0,13,12,1,33,0,0
25900,1000000US170315305021014,6,0,6,0,0,0,0,6,0,0,6,0,3,3,0,6,0,0
25901,1000000US170315305021015,16,0,16,0,0,0,0,16,0,0,16,0,7,7,0,20,0,0
25902,1000000US170315305021016,30,0,30,0,0,0,2,28,0,2,30,0,12,11,1,41,0,2
25903,1000000US170315305021017,25,0,25,0,0,0,0,25,0,0,25,0,14,13,1,36,0,0
25904,1000000US170315305021018,32,0,32,0,0,0,0,32,0,0,32,0,12,11,1,46,0,0
25905,1000000US170315305021019,47,0,46,0,0,0,1,46,0,1,47,0,22,22,0,61,0,0
25906,1000000US170315305021020,29,0,29,3,0,0,0,29,0,0,29,3,13,13,0,38,3,0
25907,1000000US170315305021021,22,0,21,0,0,0,1,21,0,1,22,1,13,10,3,27,0,0
25908,1000000US170315305021022,35,0,34,2,0,0,1,34,0,1,35,2,13,13,0,51,2,0
25909,1000000US170315305021023,39,0,39,0,0,0,0,39,0,0,39,0,13,13,0,52,0,0
25910,1000000US170315305021024,149,0,148,1,1,0,1,148,0,1,149,2,73,67,6,185,1,1
25911,1000000US170315305021025,13,0,13,0,0,0,2,11,0,2,13,0,6,6,0,18,0,2
25912,1000000US170315305021026,0,0,0,0,0,0,0,0,0,0,0,0,0,0,0,0,0,0
25913,1000000US170315305021027,11,0,11,0,0,0,0,11,0,0,11,0,6,5,1,14,0,0
25914,1000000US170315305021028,26,0,26,0,0,0,0,26,0,0,26,0,14,14,0,31,0,0
25915,1000000US170315305021029,38,0,38,0,0,0,0,38,0,0,38,0,16,16,0,51,0,0
25916,1000000US170315305021030,72,1,69,2,0,0,0,72,0,0,71,0,32,32,0,88,2,0
25917,1000000US170315305021031,15,0,15,0,0,0,0,15,0,0,15,0,9,7,2,26,0,0
25918,1000000US170315305021032,0,0,0,0,0,0,0,0,0,0,0,0,0,0,0,0,0,0
25919,1000000US170315305021033,4,0,4,0,0,0,0,4,0,0,4,0,1,1,0,5,0,0
25920,1000000US170315305021034,18,0,18,3,0,0,0,18,0,0,18,3,8,7,1,22,3,0
25921,1000000US170315305021035,37,0,37,0,0,0,0,37,0,0,37,0,17,17,0,61,0,0
25922,1000000US170315305021036,32,0,32,0,0,0,0,32,0,0,32,0,16,16,0,56,0,0
25923,1000000US170315305021037,30,0,30,0,0,0,0,30,0,0,30,0,16,15,1,49,0,0
25924,1000000US170315305021038,40,0,40,0,0,0,0,40,0,0,40,0,15,14,1,54,0,0
25925,1000000US170315305021039,34,0,34,0,0,0,0,34,0,0,34,0,15,15,0,41,0,0
25926,1000000US170315305021040,23,0,23,0,0,0,0,23,0,0,23,0,11,11,0,29,0,0
25927,1000000US170315305021041,28,0,28,0,0,0,0,28,0,0,28,0,15,14,1,40,0,0
25928,1000000US170315305021042,0,0,0,0,0,0,0,0,0,0,0,0,0,0,0,0,0,0
25929,1000000US170315305021043,0,0,0,0,0,0,0,0,0,0,0,0,0,0,0,0,0,0
25930,1000000US170315305021044,0,0,0,0,0,0,0,0,0,0,0,0,0,0,0,0,0,0
25931,1000000US170315305021045,0,0,0,0,0,0,0,0,0,0,0,0,0,0,0,0,0,0
25932,1000000US170315305021046,14,0,14,0,0,0,0,14,0,0,14,0,10,10,0,16,0,0
25933,1000000US170315305031000,0,0,0,0,0,0,0,0,0,0,0,0,0,0,0,0,0,0
25934,1000000US170315305031001,23,0,23,0,0,0,0,23,0,0,23,0,8,7,1,28,0,0
25935,1000000US170315305031002,16,0,16,0,0,0,0,16,0,0,16,0,9,9,0,17,0,0
25936,1000000US170315305031003,22,0,22,0,0,0,0,22,0,0,22,0,12,12,0,33,0,0
25937,1000000US170315305031004,19,0,19,0,0,0,0,19,0,0,19,0,12,12,0,29,0,0
25938,1000000US170315305031005,25,0,21,0,0,0,4,21,0,4,25,0,14,11,3,38,0,0
25939,1000000US170315305031006,29,0,29,0,0,0,0,29,0,0,29,0,15,14,1,44,0,0
25940,1000000US170315305031007,28,0,28,0,1,0,0,28,0,0,28,1,16,15,1,36,0,0
25941,1000000US170315305031008,32,0,32,0,0,0,0,32,0,0,32,0,17,16,1,54,0,0
25942,1000000US170315305031009,6,0,6,0,0,0,0,6,0,0,6,0,4,3,1,7,0,0
25943,1000000US170315305031010,9,0,9,0,0,0,0,9,0,0,9,0,8,6,2,13,0,0
25944,1000000US170315305031011,12,0,12,0,0,0,0,12,0,0,12,0,8,6,2,18,0,0
25945,1000000US170315305031012,15,2,12,0,1,0,0,15,0,0,13,0,8,8,0,18,0,0
25946,1000000US170315305031013,5,0,5,0,1,0,0,5,0,0,5,1,3,3,0,7,0,0
25947,1000000US170315305031014,1,0,1,1,0,0,0,1,0,0,1,1,3,1,2,1,1,0
25948,1000000US170315305031015,0,0,0,0,0,0,0,0,0,0,0,0,0,0,0,0,0,0
25949,1000000US170315305031016,12,0,12,0,0,0,0,12,0,0,12,0,8,7,1,16,0,0
25950,1000000US170315305031017,9,0,9,0,0,0,0,9,0,0,9,0,6,5,1,16,0,0
25951,1000000US170315305031018,14,0,14,0,0,0,0,14,0,0,14,0,8,8,0,22,0,0
25952,1000000US170315305031019,29,0,28,0,0,0,1,28,0,1,29,0,13,13,0,36,0,0
25953,1000000US170315305031020,18,0,18,0,0,0,0,18,0,0,18,0,8,7,1,26,0,0
25954,1000000US170315305031021,10,0,10,0,0,0,0,10,0,0,10,0,4,4,0,11,0,0
25955,1000000US170315305031022,33,0,33,0,0,0,0,33,0,0,33,0,19,15,4,34,0,0
25956,1000000US170315305031023,10,0,10,0,0,0,0,10,0,0,10,0,5,5,0,11,0,0
25957,1000000US170315305031024,24,0,24,0,0,0,0,24,0,0,24,0,14,14,0,28,0,0
25958,1000000US170315305031025,27,1,26,0,0,0,1,26,0,1,26,0,16,14,2,32,0,1
25959,1000000US170315305031026,36,2,34,1,0,0,0,36,0,0,34,1,15,15,0,47,1,0
25960,1000000US170315305031027,0,0,0,0,0,0,0,0,0,0,0,0,0,0,0,0,0,0
25961,1000000US170315305031028,0,0,0,0,0,0,0,0,0,0,0,0,0,0,0,0,0,0
25962,1000000US170315305031029,29,0,28,0,0,0,0,29,0,0,29,0,15,15,0,38,0,0
25963,1000000US170315305031030,34,0,34,0,0,0,0,34,0,0,34,0,14,13,1,43,0,0
25964,1000000US170315305031031,35,0,35,0,1,0,0,35,0,0,35,1,15,15,0,39,0,0
25965,1000000US170315305031032,36,0,36,1,0,0,0,36,0,0,36,1,15,15,0,39,1,0
25966,1000000US170315305031033,38,1,37,0,0,0,0,38,0,0,37,0,16,16,0,49,0,0
25967,1000000US170315305031034,25,0,25,1,0,0,1,24,0,1,25,1,16,14,2,32,1,1
25968,1000000US170315305031035,37,0,37,0,0,0,0,37,0,0,37,0,16,16,0,42,0,0
25969,1000000US170315305031036,26,0,26,0,0,0,0,26,0,0,26,0,13,13,0,35,0,0
25970,1000000US170315305031037,37,0,37,0,0,0,1,36,0,1,37,0,17,16,1,47,0,1
25971,1000000US170315305031038,14,0,14,0,0,0,0,14,0,0,14,0,6,6,0,16,0,0
25972,1000000US170315305031039,13,0,13,0,0,0,0,13,0,0,13,0,6,6,0,23,0,0
25973,1000000US170315305031040,16,0,16,0,0,0,0,16,0,0,16,0,7,7,0,23,0,0
25974,1000000US170315305031041,15,0,15,0,0,0,0,15,0,0,15,0,7,7,0,19,0,0
25975,1000000US170315305031042,5,0,4,0,1,0,0,5,0,0,5,0,3,3,0,6,0,0
25976,1000000US170315305031043,83,2,81,0,0,0,0,83,0,0,81,1,35,33,2,112,0,0
25977,1000000US170315305031044,53,1,52,0,0,0,0,53,0,0,52,0,29,29,0,62,0,0
25978,1000000US170315305031045,19,0,19,0,0,0,0,19,0,0,19,0,7,7,0,21,0,0
25979,1000000US170315305031046,23,0,23,0,0,0,0,23,0,0,23,0,13,11,2,32,0,0
25980,1000000US170315305031047,36,0,36,0,0,0,1,35,0,1,36,0,16,16,0,46,0,1
25981,1000000US170315305031048,32,0,32,0,0,0,0,32,0,0,32,0,16,16,0,44,0,0
25982,1000000US170315305031049,21,0,21,0,0,0,0,21,0,0,21,1,12,11,1,27,0,0
25983,1000000US170315305031050,12,0,12,0,0,0,0,12,0,0,12,0,5,5,0,17,0,0
25984,1000000US170315305031051,16,0,16,1,0,0,0,16,0,0,16,1,7,7,0,16,1,0
25985,1000000US170315305031052,0,0,0,0,0,0,0,0,0,0,0,0,0,0,0,0,0,0
25986,1000000US170315305031053,0,0,0,0,0,0,0,0,0,0,0,0,0,0,0,0,0,0
25987,1000000US170315305031054,6,0,6,0,0,0,0,6,0,0,6,0,3,3,0,7,0,0
25988,1000000US170315305031055,10,0,10,0,0,0,0,10,0,0,10,0,6,6,0,11,0,0
25989,1000000US170315305032000,0,0,0,0,0,0,0,0,0,0,0,0,0,0,0,0,0,0
25990,1000000US170315305032001,26,0,26,0,0,0,0,26,0,0,26,0,11,9,2,34,0,0
25991,1000000US170315305032002,15,0,15,0,0,0,0,15,0,0,15,0,9,6,3,21,0,0
25992,1000000US170315305032003,13,0,13,0,0,0,0,13,0,0,13,0,6,5,1,21,0,0
25993,1000000US170315305032004,6,0,6,0,0,0,0,6,0,0,6,0,3,3,0,9,0,0
25994,1000000US170315305032005,2,0,2,0,0,0,0,2,0,0,2,0,6,1,5,3,0,0
25995,1000000US170315305032006,21,0,21,0,0,0,1,20,0,1,21,0,18,10,8,34,0,1
25996,1000000US170315305032007,9,0,9,0,0,0,0,9,0,0,9,0,6,6,0,9,0,0
25997,1000000US170315305032008,27,0,27,0,0,0,0,27,0,0,27,0,16,10,6,39,0,0
25998,1000000US170315305032009,21,0,21,0,0,0,0,21,0,0,21,0,13,8,5,42,0,0
25999,1000000US170315305032010,38,0,38,0,0,0,0,38,0,0,38,0,17,16,1,47,0,0
26000,1000000US170315305032011,24,0,24,0,0,0,0,24,0,0,24,0,17,11,6,37,0,0
26001,1000000US170315305032012,26,0,25,1,0,0,0,26,0,0,26,0,16,15,1,42,1,0
26002,1000000US170315305032013,41,0,41,0,0,0,0,41,0,0,41,0,19,16,3,62,0,0
26003,1000000US170315305032014,41,0,41,0,0,0,0,41,0,0,41,0,16,15,1,57,0,0
26004,1000000US170315305032015,15,0,15,0,0,0,0,15,0,0,15,0,7,6,1,28,0,0
26005,1000000US170315305032016,16,0,16,0,0,0,0,16,0,0,16,1,6,6,0,24,0,0
26006,1000000US170315305032017,39,0,39,2,0,0,11,28,0,11,39,10,17,14,3,52,2,11
26007,1000000US170315305032018,22,0,20,0,0,0,2,20,0,2,22,0,16,9,7,28,0,0
26008,1000000US170315305032019,30,0,30,0,0,0,0,30,0,0,30,0,10,9,1,40,0,0
26009,1000000US170315305032020,36,0,36,0,0,0,1,35,0,1,36,0,15,15,0,52,0,1
26010,1000000US170315305032021,3,0,3,0,0,0,0,3,0,0,3,0,1,1,0,3,0,0
26011,1000000US170315305032022,31,0,31,0,0,0,0,31,0,0,31,0,14,14,0,39,0,0
26012,1000000US170315305032023,47,0,47,0,0,0,0,47,0,0,47,0,18,18,0,77,0,0
26013,1000000US170315305032024,31,0,31,1,0,0,0,31,0,0,31,1,16,14,2,44,1,0
26014,1000000US170315305032025,20,0,20,0,0,0,0,20,0,0,20,0,15,10,5,27,0,0
26015,1000000US170315305032026,39,0,39,0,0,0,0,39,0,0,39,0,19,17,2,46,0,0
26016,1000000US170315305032027,24,0,24,0,1,0,0,24,0,0,24,1,17,16,1,38,0,0
26017,1000000US170315305032028,22,0,22,0,0,0,1,21,0,1,22,0,10,8,2,30,0,1
26018,1000000US170315305032029,48,0,48,0,0,0,1,47,0,1,48,0,21,17,4,66,0,1
26019,1000000US170315305032030,0,0,0,0,0,0,0,0,0,0,0,0,0,0,0,0,0,0
26020,1000000US170315305032031,0,0,0,0,0,0,0,0,0,0,0,0,0,0,0,0,0,0
26021,1000000US170315305032032,0,0,0,0,0,0,0,0,0,0,0,0,0,0,0,0,0,0
26022,1000000US170315305032033,45,0,45,0,0,0,0,45,0,0,45,0,17,14,3,67,0,0
26023,1000000US170315305032034,37,0,37,0,0,0,0,37,0,0,37,0,17,15,2,48,0,0
26024,1000000US170315305032035,36,0,36,0,1,0,0,36,0,0,36,1,15,15,0,55,0,0
26025,1000000US170315305032036,21,0,21,0,0,0,0,21,0,0,21,0,15,12,3,28,0,0
26026,1000000US170315305032037,30,0,30,0,0,0,0,30,0,0,30,0,15,15,0,40,0,0
26027,1000000US170315305032038,37,1,36,0,0,0,0,37,0,0,36,0,16,16,0,54,0,0
26028,1000000US170315305032039,36,0,36,0,0,0,0,36,0,0,36,0,15,15,0,41,0,0
26029,1000000US170315305032040,36,0,36,0,0,0,0,36,0,0,36,0,16,16,0,53,0,0
26030,1000000US170315305032041,1,0,1,0,0,0,0,1,0,0,1,0,1,1,0,1,0,0
26031,1000000US170315305032042,0,0,0,0,0,0,0,0,0,0,0,0,0,0,0,0,0,0
26032,1000000US170315305032043,35,0,35,0,0,0,0,35,0,0,35,0,15,14,1,47,0,0
26033,1000000US170315305032044,38,1,37,0,0,0,0,38,0,0,37,0,17,16,1,53,0,0
26034,1000000US170315305032045,38,0,38,0,0,0,0,38,0,0,38,0,17,16,1,54,0,0
26035,1000000US170315305032046,19,0,19,0,0,0,1,18,0,1,19,0,13,11,2,31,0,1
26036,1000000US170315305032047,24,0,24,0,0,0,1,23,0,1,24,0,13,13,0,43,0,1
26037,1000000US170315305032048,23,0,23,0,0,0,0,23,0,0,23,0,13,12,1,36,0,0
26038,1000000US170315305032049,20,1,19,0,0,0,0,20,0,0,19,0,11,10,1,30,0,0
26039,1000000US170315305032050,7,0,7,1,0,0,0,7,0,0,7,1,4,4,0,9,1,0
26040,1000000US170315305032051,34,0,34,0,0,0,0,34,0,0,34,0,18,15,3,50,0,0
26041,1000000US170315305032052,0,0,0,0,0,0,0,0,0,0,0,0,0,0,0,0,0,0
26042,1000000US170315305032053,0,0,0,0,0,0,0,0,0,0,0,0,0,0,0,0,0,0
26043,1000000US170315305032054,0,0,0,0,0,0,0,0,0,0,0,0,0,0,0,0,0,0
26044,1000000US170315305032055,30,0,29,1,0,0,0,30,0,0,30,0,16,15,1,44,1,0
26045,1000000US170315305032056,21,0,20,0,0,0,1,20,0,1,21,0,8,8,0,29,0,0
26046,1000000US170315305032057,15,0,15,0,0,0,0,15,0,0,15,0,9,7,2,21,0,0
26047,1000000US170315305032058,33,0,33,0,0,0,0,33,0,0,33,0,10,9,1,35,0,0
26048,1000000US170315305032059,21,0,21,0,0,0,0,21,0,0,21,0,12,10,2,31,0,0
26049,1000000US170315305032060,32,0,31,0,0,0,1,31,0,1,32,0,13,13,0,37,0,0
26050,1000000US170315305032061,28,0,28,0,0,0,0,28,0,0,28,0,15,15,0,32,0,0
26051,1000000US170315305032062,36,0,36,0,0,0,0,36,0,0,36,0,16,15,1,51,0,0
26052,1000000US170315305032063,22,0,22,0,0,0,0,22,0,0,22,0,11,11,0,29,0,0
26053,1000000US170315305032064,29,2,27,0,0,0,0,29,0,0,27,0,14,14,0,41,0,0
26054,1000000US170315305032065,33,0,33,0,0,0,0,33,0,0,33,0,17,17,0,41,0,0
26055,1000000US170315305033000,26,0,26,0,0,0,0,26,0,0,26,0,15,14,1,36,0,0
26056,1000000US170315305033001,36,0,36,0,0,0,0,36,0,0,36,0,16,16,0,45,0,0
26057,1000000US170315305033002,35,0,35,0,0,0,0,35,0,0,35,0,15,15,0,50,0,0
26058,1000000US170315305033003,38,0,38,0,0,0,0,38,0,0,38,1,15,14,1,49,0,0
26059,1000000US170315305033004,35,0,35,0,0,2,0,35,0,0,35,2,16,16,0,42,0,0
26060,1000000US170315305033005,21,0,21,0,0,0,0,21,0,0,21,0,13,11,2,33,0,0
26061,1000000US170315305033006,22,0,22,0,0,0,0,22,0,0,22,0,13,12,1,43,0,0
26062,1000000US170315305033007,31,0,30,0,1,0,0,31,0,0,31,1,13,12,1,46,0,0
26063,1000000US170315305033008,30,0,30,0,0,0,0,30,0,0,30,0,13,13,0,33,0,0
26064,1000000US170315305033009,30,0,30,0,1,0,0,30,0,0,30,1,17,15,2,43,0,0
26065,1000000US170315305033010,21,0,21,0,0,0,0,21,0,0,21,0,8,8,0,26,0,0
26066,1000000US170315305033011,20,0,20,0,0,0,0,20,0,0,20,0,8,7,1,29,0,0
26067,1000000US170315305033012,0,0,0,0,0,0,0,0,0,0,0,0,0,0,0,0,0,0
26068,1000000US170315305033013,17,0,17,0,0,0,0,17,0,0,17,0,8,7,1,23,0,0
26069,1000000US170315305033014,9,0,9,0,0,0,0,9,0,0,9,0,5,4,1,13,0,0
26070,1000000US170315305033015,11,0,11,0,0,0,0,11,0,0,11,0,6,6,0,19,0,0
26071,1000000US170315305033016,14,0,14,0,0,0,0,14,0,0,14,0,6,6,0,17,0,0
26072,1000000US170315305033017,36,0,36,0,0,0,0,36,0,0,36,0,15,13,2,48,0,0
26073,1000000US170315305033018,29,0,29,3,0,0,0,29,0,0,29,3,13,12,1,44,3,0
26074,1000000US170315305033019,0,0,0,0,0,0,0,0,0,0,0,0,0,0,0,0,0,0
26075,1000000US170315305033020,43,0,43,0,0,0,0,43,0,0,43,0,17,16,1,54,0,0
26076,1000000US170315305033021,39,0,37,0,0,0,0,39,0,0,39,0,17,17,0,51,0,0
26077,1000000US170315305033022,32,0,32,0,0,0,0,32,0,0,32,0,15,15,0,40,0,0
26078,1000000US170315305033023,0,0,0,0,0,0,0,0,0,0,0,0,0,0,0,0,0,0
26079,1000000US170315305033024,2,0,2,0,0,0,0,2,0,0,2,0,2,2,0,2,0,0
26080,1000000US170315305033025,8,0,8,0,0,0,0,8,0,0,8,0,7,5,2,9,0,0
26081,1000000US170315305033026,18,0,18,0,0,0,0,18,0,0,18,0,8,7,1,25,0,0
26082,1000000US170315305033027,9,0,9,0,0,0,0,9,0,0,9,0,5,4,1,13,0,0
26083,1000000US170315305033028,15,0,15,0,0,0,0,15,0,0,15,0,8,7,1,18,0,0
26084,1000000US170315305033029,0,0,0,0,0,0,0,0,0,0,0,0,0,0,0,0,0,0
26085,1000000US170315305033030,0,0,0,0,0,0,0,0,0,0,0,0,0,0,0,0,0,0
26086,1000000US170315305033031,12,0,12,0,0,0,0,12,0,0,12,0,7,7,0,18,0,0
26087,1000000US170315305033032,16,0,16,0,0,0,0,16,0,0,16,0,11,11,0,18,0,0
26088,1000000US170315305033033,34,2,29,0,0,0,3,31,0,3,32,0,17,16,1,49,0,0
26089,1000000US170315305033034,30,1,29,2,0,0,1,29,0,1,29,2,17,16,1,42,2,1
26090,1000000US170315305033035,33,0,33,0,0,0,0,33,0,0,33,1,18,15,3,47,0,0
26091,1000000US170315305033036,40,0,40,2,1,0,0,40,0,0,40,2,20,18,2,61,2,0
26092,1000000US170315305033037,16,0,15,0,1,0,1,15,0,1,16,1,7,7,0,27,0,0
26093,1000000US170315305033038,10,0,10,0,0,0,0,10,0,0,10,0,6,5,1,13,0,0
26094,1000000US170315305033039,12,0,12,0,0,0,0,12,0,0,12,0,7,7,0,17,0,0
26095,1000000US170315305033040,17,0,17,0,0,0,0,17,0,0,17,0,8,8,0,25,0,0
26096,1000000US170315305033041,53,1,51,0,0,0,1,52,0,1,52,0,29,29,0,80,0,0
26097,1000000US170315305033042,9,0,9,3,0,0,0,9,0,0,9,3,7,5,2,12,2,0
26098,1000000US170315305033043,37,0,37,0,0,0,0,37,0,0,37,0,16,14,2,44,0,0
26099,1000000US170315305033044,34,0,34,0,0,0,0,34,0,0,34,0,17,16,1,52,0,0
26100,1000000US170315305033045,34,0,34,0,0,0,0,34,0,0,34,0,17,17,0,44,0,0
26101,1000000US170315305033046,9,0,9,0,0,0,0,9,0,0,9,0,7,6,1,12,0,0
26102,1000000US170315305033047,33,0,33,0,0,0,0,33,0,0,33,0,17,16,1,51,0,0
26103,1000000US170315305033048,15,2,13,0,0,0,0,15,0,0,13,0,6,6,0,21,0,0
26104,1000000US170315305033049,36,0,36,0,0,0,0,36,0,0,36,0,23,22,1,42,0,0
26105,1000000US170315305033050,30,0,30,0,0,0,0,30,0,0,30,0,17,16,1,37,0,0
26106,1000000US170315305033051,26,0,26,0,0,0,0,26,0,0,26,0,13,13,0,34,0,0
26107,1000000US170315305033052,8,0,8,0,0,0,0,8,0,0,8,0,3,3,0,10,0,0
26108,1000000US170315305033053,30,0,30,0,0,0,0,30,0,0,30,0,12,12,0,36,0,0
26109,1000000US170315305033054,40,0,40,0,0,0,0,40,0,0,40,0,20,20,0,52,0,0
26110,1000000US170315305033055,0,0,0,0,0,0,0,0,0,0,0,0,0,0,0,0,0,0
26111,1000000US170315305033056,0,0,0,0,0,0,0,0,0,0,0,0,0,0,0,0,0,0
26112,1000000US170315305033057,0,0,0,0,0,0,0,0,0,0,0,0,0,0,0,0,0,0
26113,1000000US170315306001000,18,0,10,0,0,0,9,9,0,9,18,0,8,7,1,27,0,1
26114,1000000US170315306001001,19,0,19,0,0,0,0,19,0,0,19,0,6,6,0,27,0,0
26115,1000000US170315306001002,30,0,30,0,0,0,0,30,0,0,30,0,15,12,3,39,0,0
26116,1000000US170315306001003,6,0,6,0,0,0,0,6,0,0,6,0,3,3,0,8,0,0
26117,1000000US170315306001004,16,1,15,0,0,0,0,16,0,0,15,0,14,8,6,23,0,0
26118,1000000US170315306001005,6,0,6,0,0,0,0,6,0,0,6,0,11,2,9,6,0,0
26119,1000000US170315306001006,15,0,15,0,0,0,0,15,0,0,15,0,8,5,3,25,0,0
26120,1000000US170315306001007,31,0,29,0,0,0,2,29,0,2,31,0,14,12,2,41,0,0
26121,1000000US170315306001008,14,0,13,1,0,0,1,13,0,1,14,1,5,5,0,18,1,0
26122,1000000US170315306001009,5,0,5,0,0,0,0,5,0,0,5,0,2,2,0,7,0,0
26123,1000000US170315306001010,0,0,0,0,0,0,0,0,0,0,0,0,10,0,10,0,0,0
26124,1000000US170315306001011,13,0,13,0,0,0,0,13,0,0,13,0,9,7,2,27,0,0
26125,1000000US170315306001012,15,0,15,0,0,0,0,15,0,0,15,0,10,9,1,24,0,0
26126,1000000US170315306001013,2,0,2,0,0,0,0,2,0,0,2,0,4,1,3,5,0,0
26127,1000000US170315306001014,0,0,0,0,0,0,0,0,0,0,0,0,0,0,0,0,0,0
26128,1000000US170315306001015,30,0,30,0,0,0,0,30,0,0,30,0,28,19,9,49,0,0
26129,1000000US170315306001016,37,0,36,1,0,0,1,36,0,1,37,1,25,22,3,45,1,0
26130,1000000US170315306001017,0,0,0,0,0,0,0,0,0,0,0,0,0,0,0,0,0,0
26131,1000000US170315306001018,13,0,13,0,0,0,0,13,0,0,13,0,7,7,0,17,0,0
26132,1000000US170315306001019,0,0,0,0,0,0,0,0,0,0,0,0,0,0,0,0,0,0
26133,1000000US170315306001020,0,0,0,0,0,0,0,0,0,0,0,0,0,0,0,0,0,0
26134,1000000US170315306001021,24,0,24,0,0,0,0,24,0,0,24,0,10,10,0,27,0,0
26135,1000000US170315306001022,29,0,29,0,0,0,0,29,0,0,29,0,10,10,0,37,0,0
26136,1000000US170315306001023,21,1,20,0,0,0,1,20,0,1,20,0,13,13,0,27,0,1
26137,1000000US170315306001024,25,0,25,0,0,0,0,25,0,0,25,0,12,12,0,26,0,0
26138,1000000US170315306001025,18,0,18,0,0,0,0,18,0,0,18,0,7,7,0,24,0,0
26139,1000000US170315306001026,33,0,33,0,0,0,0,33,0,0,33,4,12,12,0,42,0,0
26140,1000000US170315306001027,29,0,29,0,0,0,0,29,0,0,29,0,15,15,0,37,0,0
26141,1000000US170315306001028,58,1,57,0,0,0,3,55,0,3,57,0,28,27,1,77,0,3
26142,1000000US170315306001029,66,0,66,1,0,0,0,66,0,0,66,1,42,38,4,96,1,0
26143,1000000US170315306001030,222,0,222,2,0,0,0,222,0,0,222,2,179,174,5,382,0,0
26144,1000000US170315306001031,0,0,0,0,0,0,0,0,0,0,0,0,0,0,0,0,0,0
26145,1000000US170315306001032,0,0,0,0,0,0,0,0,0,0,0,0,0,0,0,0,0,0
26146,1000000US170315306001033,13,0,13,0,0,0,0,13,0,0,13,0,7,7,0,25,0,0
26147,1000000US170315306001034,9,0,8,0,0,0,0,9,0,0,9,1,5,4,1,16,0,0
26148,1000000US170315306001035,25,0,25,0,0,0,0,25,0,0,25,0,13,12,1,31,0,0
26149,1000000US170315306001036,29,0,29,0,0,0,0,29,0,0,29,0,13,12,1,34,0,0
26150,1000000US170315306001037,33,0,33,0,0,0,0,33,0,0,33,0,13,13,0,44,0,0
26151,1000000US170315306001038,7,0,7,0,0,0,0,7,0,0,7,0,3,3,0,8,0,0
26152,1000000US170315306001039,20,0,20,0,0,0,0,20,0,0,20,0,6,6,0,26,0,0
26153,1000000US170315306001040,4,0,4,0,0,0,0,4,0,0,4,0,2,2,0,8,0,0
26154,1000000US170315306001041,9,0,9,0,0,0,0,9,0,0,9,0,6,6,0,11,0,0
26155,1000000US170315306002000,15,0,15,0,0,0,0,15,0,0,15,0,8,7,1,15,0,0
26156,1000000US170315306002001,13,0,13,0,0,0,0,13,0,0,13,0,7,7,0,16,0,0
26157,1000000US170315306002002,17,0,17,0,0,0,0,17,0,0,17,0,11,10,1,24,0,0
26158,1000000US170315306002003,23,0,23,0,0,0,0,23,0,0,23,0,14,13,1,42,0,0
26159,1000000US170315306002004,5,0,5,0,0,0,0,5,0,0,5,0,2,2,0,5,0,0
26160,1000000US170315306002005,36,1,35,0,0,0,0,36,0,0,35,0,15,13,2,46,0,0
26161,1000000US170315306002006,11,0,11,0,0,0,0,11,0,0,11,0,7,7,0,12,0,0
26162,1000000US170315306002007,16,0,16,0,0,0,0,16,0,0,16,0,7,7,0,18,0,0
26163,1000000US170315306002008,28,0,28,2,0,0,0,28,0,0,28,2,13,13,0,33,0,0
26164,1000000US170315306002009,19,1,18,0,0,0,1,18,0,1,18,0,8,8,0,25,0,1
26165,1000000US170315306002010,13,0,13,0,0,0,2,11,0,2,13,0,7,7,0,20,0,2
26166,1000000US170315306002011,19,0,19,0,0,0,0,19,0,0,19,0,7,6,1,28,0,0
26167,1000000US170315306002012,20,1,19,0,0,0,0,20,0,0,19,0,8,8,0,26,0,0
26168,1000000US170315306002013,17,0,17,0,0,0,0,17,0,0,17,0,7,7,0,20,0,0
26169,1000000US170315306002014,16,0,16,0,0,0,0,16,0,0,16,0,7,6,1,19,0,0
26170,1000000US170315306002015,50,0,50,0,0,0,1,49,0,1,50,0,26,25,1,59,0,1
26171,1000000US170315306002016,26,0,26,0,0,0,0,26,0,0,26,0,13,11,2,34,0,0
26172,1000000US170315306002017,15,1,14,0,0,0,0,15,0,0,14,0,6,6,0,25,0,0
26173,1000000US170315306002018,0,0,0,0,0,0,0,0,0,0,0,0,0,0,0,0,0,0
26174,1000000US170315306002019,18,0,18,0,0,0,1,17,0,1,18,0,10,10,0,26,0,1
26175,1000000US170315306002020,8,0,8,0,0,0,0,8,0,0,8,0,4,4,0,12,0,0
26176,1000000US170315306002021,40,3,36,1,0,0,0,40,0,0,37,1,17,17,0,52,0,0
26177,1000000US170315306002022,11,0,11,0,0,0,0,11,0,0,11,0,4,4,0,11,0,0
26178,1000000US170315306002023,10,0,10,0,0,0,0,10,0,0,10,0,6,6,0,17,0,0
26179,1000000US170315306002024,7,0,7,0,0,0,0,7,0,0,7,0,3,3,0,8,0,0
26180,1000000US170315306002025,17,0,17,0,0,0,0,17,0,0,17,0,9,8,1,23,0,0
26181,1000000US170315306002026,51,0,51,0,0,0,0,51,0,0,51,0,23,20,3,61,0,0
26182,1000000US170315306002027,20,0,20,0,0,0,0,20,0,0,20,0,10,10,0,29,0,0
26183,1000000US170315306002028,78,1,77,3,0,0,0,78,0,0,77,5,31,28,3,102,3,0
26184,1000000US170315306002029,42,0,42,0,0,0,0,42,0,0,42,0,14,13,1,50,0,0
26185,1000000US170315306002030,21,2,19,0,0,0,0,21,0,0,19,0,11,10,1,29,0,0
26186,1000000US170315306002031,29,0,29,0,0,0,0,29,0,0,29,0,12,12,0,43,0,0
26187,1000000US170315306002032,1,0,1,0,0,0,0,1,0,0,1,0,5,1,4,1,0,0
26188,1000000US170315306002033,12,0,12,0,0,0,0,12,0,0,12,0,7,6,1,18,0,0
26189,1000000US170315306003000,26,0,25,0,1,0,0,26,0,0,26,0,15,13,2,43,0,0
26190,1000000US170315306003001,0,0,0,0,0,0,0,0,0,0,0,0,0,0,0,0,0,0
26191,1000000US170315306003002,17,0,17,0,0,0,0,17,0,0,17,2,11,11,0,22,0,0
26192,1000000US170315306003003,8,0,8,0,0,0,0,8,0,0,8,0,9,4,5,15,0,0
26193,1000000US170315306003004,29,2,27,0,0,0,0,29,0,0,27,0,12,10,2,32,0,0
26194,1000000US170315306003005,57,0,57,0,0,0,0,57,0,0,57,0,27,24,3,77,0,0
26195,1000000US170315306003006,28,0,28,0,0,0,0,28,0,0,28,0,16,13,3,32,0,0
26196,1000000US170315306003007,0,0,0,0,0,0,0,0,0,0,0,0,13,0,13,0,0,0
26197,1000000US170315306003008,9,0,9,0,0,0,0,9,0,0,9,0,19,8,11,10,0,0
26198,1000000US170315306003009,9,0,9,0,0,0,0,9,0,0,9,0,9,6,3,9,0,0
26199,1000000US170315306003010,27,0,27,0,0,0,2,25,0,2,27,0,11,11,0,39,0,2
26200,1000000US170315306003011,8,0,8,0,0,0,0,8,0,0,8,0,10,6,4,10,0,0
26201,1000000US170315306003012,8,0,8,0,0,0,0,8,0,0,8,0,6,6,0,9,0,0
26202,1000000US170315306003013,28,0,28,0,0,0,0,28,0,0,28,0,11,10,1,35,0,0
26203,1000000US170315306003014,5,0,5,0,0,0,0,5,0,0,5,0,5,4,1,12,0,0
26204,1000000US170315306003015,50,0,50,0,0,0,0,50,0,0,50,0,24,22,2,71,0,0
26205,1000000US170315306003016,13,0,13,0,0,0,0,13,0,0,13,0,9,7,2,24,0,0
26206,1000000US170315306003017,22,0,22,2,0,0,0,22,0,0,22,2,14,11,3,29,2,0
26207,1000000US170315306003018,22,0,22,0,0,0,0,22,0,0,22,0,11,10,1,35,0,0
26208,1000000US170315306003019,10,0,10,0,0,0,0,10,0,0,10,0,11,5,6,12,0,0
26209,1000000US170315306003020,17,0,17,0,0,0,0,17,0,0,17,0,8,6,2,17,0,0
26210,1000000US170315306003021,7,0,7,0,0,0,0,7,0,0,7,0,3,3,0,8,0,0
26211,1000000US170315306003022,56,0,56,1,0,0,0,56,0,0,56,1,35,31,4,90,1,0
26212,1000000US170315306003023,26,0,26,0,0,0,0,26,0,0,26,0,22,11,11,39,0,0
26213,1000000US170315306003024,5,0,5,0,0,0,0,5,0,0,5,0,3,3,0,7,0,0
26214,1000000US170315306003025,34,0,34,0,2,0,0,34,0,0,34,2,15,15,0,63,0,0
26215,1000000US170315306003026,12,0,12,1,0,0,0,12,0,0,12,1,7,6,1,15,1,0
26216,1000000US170315306003027,5,0,5,0,0,0,0,5,0,0,5,0,2,2,0,5,0,0
26217,1000000US170315306003028,14,0,14,0,0,0,0,14,0,0,14,0,9,6,3,22,0,0
26218,1000000US170315306003029,31,2,29,0,0,0,2,29,0,2,29,3,12,12,0,38,0,2
26219,1000000US170315306003030,10,0,10,0,0,0,1,9,0,1,10,1,6,6,0,11,0,1
26220,1000000US170315306003031,19,0,19,1,0,0,0,19,0,0,19,1,9,8,1,29,0,0
26221,1000000US170315306003032,28,2,26,0,0,0,0,28,0,0,26,0,16,13,3,32,0,0
26222,1000000US170315401011000,92,0,92,0,0,0,0,92,0,0,92,0,61,56,5,171,0,0
26223,1000000US170315401011001,298,0,295,3,0,0,3,295,0,3,298,4,217,209,8,557,2,1
26224,1000000US170315401011002,0,0,0,0,0,0,0,0,0,0,0,0,0,0,0,0,0,0
26225,1000000US170315401011003,44,0,44,0,0,0,0,44,0,0,44,0,34,33,1,93,0,0
26226,1000000US170315401011004,0,0,0,0,0,0,0,0,0,0,0,0,3,0,3,0,0,0
26227,1000000US170315401011005,0,0,0,0,0,0,0,0,0,0,0,0,0,0,0,0,0,0
26228,1000000US170315401011006,0,0,0,0,0,0,0,0,0,0,0,0,0,0,0,0,0,0
26229,1000000US170315401011007,4,0,4,0,0,0,0,4,0,0,4,0,3,2,1,7,0,0
26230,1000000US170315401011008,19,1,18,0,0,0,0,19,0,0,18,0,9,5,4,23,0,0
26231,1000000US170315401011009,7,0,7,0,0,0,0,7,0,0,7,0,4,2,2,10,0,0
26232,1000000US170315401011010,0,0,0,0,0,0,0,0,0,0,0,0,0,0,0,0,0,0
26233,1000000US170315401011011,3,0,3,0,0,0,0,3,0,0,3,0,3,2,1,3,0,0
26234,1000000US170315401011012,0,0,0,0,0,0,0,0,0,0,0,0,0,0,0,0,0,0
26235,1000000US170315401011013,0,0,0,0,0,0,0,0,0,0,0,0,0,0,0,0,0,0
26236,1000000US170315401011014,0,0,0,0,0,0,0,0,0,0,0,0,0,0,0,0,0,0
26237,1000000US170315401011015,0,0,0,0,0,0,0,0,0,0,0,0,0,0,0,0,0,0
26238,1000000US170315401011016,0,0,0,0,0,0,0,0,0,0,0,0,0,0,0,0,0,0
26239,1000000US170315401011017,0,0,0,0,0,0,0,0,0,0,0,0,0,0,0,0,0,0
26240,1000000US170315401011018,0,0,0,0,0,0,0,0,0,0,0,0,0,0,0,0,0,0
26241,1000000US170315401011019,217,8,144,2,2,0,63,154,0,63,209,9,115,88,27,322,2,0
26242,1000000US170315401011020,10,0,10,0,0,0,0,10,0,0,10,0,6,4,2,14,0,0
26243,1000000US170315401011021,2,0,2,0,0,0,0,2,0,0,2,0,5,1,4,2,0,0
26244,1000000US170315401011022,0,0,0,0,0,0,0,0,0,0,0,0,0,0,0,0,0,0
26245,1000000US170315401011023,1,0,1,0,0,0,0,1,0,0,1,0,1,1,0,1,0,0
26246,1000000US170315401011024,0,0,0,0,0,0,0,0,0,0,0,0,0,0,0,0,0,0
26247,1000000US170315401011025,0,0,0,0,0,0,0,0,0,0,0,0,0,0,0,0,0,0
26248,1000000US170315401011026,0,0,0,0,0,0,0,0,0,0,0,0,0,0,0,0,0,0
26249,1000000US170315401011027,0,0,0,0,0,0,0,0,0,0,0,0,0,0,0,0,0,0
26250,1000000US170315401011028,21,6,15,0,0,0,0,21,0,0,15,0,15,10,5,33,0,0
26251,1000000US170315401011029,0,0,0,0,0,0,0,0,0,0,0,0,0,0,0,0,0,0
26252,1000000US170315401012000,147,0,147,1,0,0,1,146,0,1,147,1,102,93,9,255,1,1
26253,1000000US170315401012001,3,0,3,0,0,0,0,3,0,0,3,0,27,1,26,6,0,0
26254,1000000US170315401012002,282,0,282,0,0,0,0,282,0,0,282,0,168,160,8,507,0,0
26255,1000000US170315401012003,0,0,0,0,0,0,0,0,0,0,0,0,39,0,39,0,0,0
26256,1000000US170315401012004,0,0,0,0,0,0,0,0,0,0,0,0,78,0,78,0,0,0
26257,1000000US170315401012005,2,0,2,0,0,0,0,2,0,0,2,0,12,1,11,2,0,0
26258,1000000US170315401012006,3,0,3,0,0,0,0,3,0,0,3,0,5,2,3,4,0,0
26259,1000000US170315401012007,5,0,5,0,0,0,0,5,0,0,5,0,5,2,3,10,0,0
26260,1000000US170315401012008,13,0,13,0,0,0,0,13,0,0,13,0,5,5,0,13,0,0
26261,1000000US170315401012009,0,0,0,0,0,0,0,0,0,0,0,0,0,0,0,0,0,0
26262,1000000US170315401012010,0,0,0,0,0,0,0,0,0,0,0,0,0,0,0,0,0,0
26263,1000000US170315401012011,12,0,11,0,0,0,1,11,0,1,12,0,5,5,0,15,0,0
26264,1000000US170315401012012,13,0,13,0,0,0,0,13,0,0,13,0,8,6,2,18,0,0
26265,1000000US170315401012013,1,0,1,0,0,0,0,1,0,0,1,0,1,1,0,2,0,0
26266,1000000US170315401012014,12,1,9,0,0,0,2,10,0,2,11,0,10,7,3,26,0,0
26267,1000000US170315401012015,11,0,11,0,0,0,0,11,0,0,11,0,5,4,1,13,0,0
26268,1000000US170315401012016,0,0,0,0,0,0,0,0,0,0,0,0,0,0,0,0,0,0
26269,1000000US170315401013000,0,0,0,0,0,0,0,0,0,0,0,0,0,0,0,0,0,0
26270,1000000US170315401013001,0,0,0,0,0,0,0,0,0,0,0,0,60,0,60,0,0,0
26271,1000000US170315401013002,212,0,209,2,0,0,2,210,0,2,212,2,127,123,4,483,2,0
26272,1000000US170315401013003,190,0,189,2,0,0,1,189,0,1,190,2,128,111,17,358,2,1
26273,1000000US170315401013004,0,0,0,0,0,0,0,0,0,0,0,0,0,0,0,0,0,0
26274,1000000US170315401013005,39,0,39,2,0,0,0,39,0,0,39,2,51,18,33,55,2,0
26275,1000000US170315401013006,0,0,0,0,0,0,0,0,0,0,0,0,0,0,0,0,0,0
26276,1000000US170315401013007,0,0,0,0,0,0,0,0,0,0,0,0,0,0,0,0,0,0
26277,1000000US170315401013008,0,0,0,0,0,0,0,0,0,0,0,0,0,0,0,0,0,0
26278,1000000US170315401013009,0,0,0,0,0,0,0,0,0,0,0,0,0,0,0,0,0,0
26279,1000000US170315401013010,142,1,140,1,0,0,0,142,0,0,141,1,117,91,26,369,1,0
26280,1000000US170315401013011,0,0,0,0,0,0,0,0,0,0,0,0,22,0,22,0,0,0
26281,1000000US170315401014000,0,0,0,0,0,0,0,0,0,0,0,0,0,0,0,0,0,0
26282,1000000US170315401014001,0,0,0,0,0,0,0,0,0,0,0,0,0,0,0,0,0,0
26283,1000000US170315401014002,0,0,0,0,0,0,0,0,0,0,0,0,0,0,0,0,0,0
26284,1000000US170315401014003,0,0,0,0,0,0,0,0,0,0,0,0,0,0,0,0,0,0
26285,1000000US170315401014004,0,0,0,0,0,0,0,0,0,0,0,0,0,0,0,0,0,0
26286,1000000US170315401014005,0,0,0,0,0,0,0,0,0,0,0,0,0,0,0,0,0,0
26287,1000000US170315401014006,0,0,0,0,0,0,0,0,0,0,0,0,0,0,0,0,0,0
26288,1000000US170315401014007,0,0,0,0,0,0,0,0,0,0,0,0,0,0,0,0,0,0
26289,1000000US170315401014008,0,0,0,0,0,0,0,0,0,0,0,0,0,0,0,0,0,0
26290,1000000US170315401014009,0,0,0,0,0,0,0,0,0,0,0,0,7,0,7,0,0,0
26291,1000000US170315401014010,0,0,0,0,0,0,0,0,0,0,0,0,17,0,17,0,0,0
26292,1000000US170315401014011,0,0,0,0,0,0,0,0,0,0,0,0,0,0,0,0,0,0
26293,1000000US170315401014012,1,0,1,0,0,0,0,1,0,0,1,0,30,1,29,1,0,0
26294,1000000US170315401014013,0,0,0,0,0,0,0,0,0,0,0,0,0,0,0,0,0,0
26295,1000000US170315401014014,0,0,0,0,0,0,0,0,0,0,0,0,1,0,1,0,0,0
26296,1000000US170315401014015,0,0,0,0,0,0,0,0,0,0,0,0,0,0,0,0,0,0
26297,1000000US170315401014016,0,0,0,0,0,0,0,0,0,0,0,0,0,0,0,0,0,0
26298,1000000US170315401014017,0,0,0,0,0,0,0,0,0,0,0,0,0,0,0,0,0,0
26299,1000000US170315401014018,0,0,0,0,0,0,0,0,0,0,0,0,0,0,0,0,0,0
26300,1000000US170315401021000,0,0,0,0,0,0,0,0,0,0,0,0,0,0,0,0,0,0
26301,1000000US170315401021001,0,0,0,0,0,0,0,0,0,0,0,0,0,0,0,0,0,0
26302,1000000US170315401021002,0,0,0,0,0,0,0,0,0,0,0,0,0,0,0,0,0,0
26303,1000000US170315401021003,0,0,0,0,0,0,0,0,0,0,0,0,0,0,0,0,0,0
26304,1000000US170315401021004,0,0,0,0,0,0,0,0,0,0,0,0,0,0,0,0,0,0
26305,1000000US170315401021005,0,0,0,0,0,0,0,0,0,0,0,0,0,0,0,0,0,0
26306,1000000US170315401021006,0,0,0,0,0,0,0,0,0,0,0,0,0,0,0,0,0,0
26307,1000000US170315401021007,0,0,0,0,0,0,0,0,0,0,0,0,0,0,0,0,0,0
26308,1000000US170315401021008,0,0,0,0,0,0,0,0,0,0,0,0,0,0,0,0,0,0
26309,1000000US170315401021009,0,0,0,0,0,0,0,0,0,0,0,0,0,0,0,0,0,0
26310,1000000US170315401021010,0,0,0,0,0,0,0,0,0,0,0,0,0,0,0,0,0,0
26311,1000000US170315401021011,0,0,0,0,0,0,0,0,0,0,0,0,0,0,0,0,0,0
26312,1000000US170315401021012,0,0,0,0,0,0,0,0,0,0,0,0,0,0,0,0,0,0
26313,1000000US170315401021013,0,0,0,0,0,0,0,0,0,0,0,0,0,0,0,0,0,0
26314,1000000US170315401021014,0,0,0,0,0,0,0,0,0,0,0,0,0,0,0,0,0,0
26315,1000000US170315401021015,0,0,0,0,0,0,0,0,0,0,0,0,0,0,0,0,0,0
26316,1000000US170315401021016,0,0,0,0,0,0,0,0,0,0,0,0,0,0,0,0,0,0
26317,1000000US170315401021017,0,0,0,0,0,0,0,0,0,0,0,0,0,0,0,0,0,0
26318,1000000US170315401021018,0,0,0,0,0,0,0,0,0,0,0,0,0,0,0,0,0,0
26319,1000000US170315401021019,0,0,0,0,0,0,0,0,0,0,0,0,0,0,0,0,0,0
26320,1000000US170315401021020,0,0,0,0,0,0,0,0,0,0,0,0,0,0,0,0,0,0
26321,1000000US170315401021021,0,0,0,0,0,0,0,0,0,0,0,0,0,0,0,0,0,0
26322,1000000US170315401021022,0,0,0,0,0,0,0,0,0,0,0,0,0,0,0,0,0,0
26323,1000000US170315401021023,0,0,0,0,0,0,0,0,0,0,0,0,0,0,0,0,0,0
26324,1000000US170315401021024,0,0,0,0,0,0,0,0,0,0,0,0,0,0,0,0,0,0
26325,1000000US170315401021025,0,0,0,0,0,0,0,0,0,0,0,0,0,0,0,0,0,0
26326,1000000US170315401021026,0,0,0,0,0,0,0,0,0,0,0,0,0,0,0,0,0,0
26327,1000000US170315401021027,0,0,0,0,0,0,0,0,0,0,0,0,0,0,0,0,0,0
26328,1000000US170315401021028,0,0,0,0,0,0,0,0,0,0,0,0,0,0,0,0,0,0
26329,1000000US170315401021029,0,0,0,0,0,0,0,0,0,0,0,0,0,0,0,0,0,0
26330,1000000US170315401021030,0,0,0,0,0,0,0,0,0,0,0,0,0,0,0,0,0,0
26331,1000000US170315401021031,0,0,0,0,0,0,0,0,0,0,0,0,0,0,0,0,0,0
26332,1000000US170315401021032,0,0,0,0,0,0,0,0,0,0,0,0,0,0,0,0,0,0
26333,1000000US170315401021033,0,0,0,0,0,0,0,0,0,0,0,0,0,0,0,0,0,0
26334,1000000US170315401021034,0,0,0,0,0,0,0,0,0,0,0,0,0,0,0,0,0,0
26335,1000000US170315401021035,0,0,0,0,0,0,0,0,0,0,0,0,0,0,0,0,0,0
26336,1000000US170315401021036,0,0,0,0,0,0,0,0,0,0,0,0,0,0,0,0,0,0
26337,1000000US170315401021037,0,0,0,0,0,0,0,0,0,0,0,0,0,0,0,0,0,0
26338,1000000US170315401021038,0,0,0,0,0,0,0,0,0,0,0,0,0,0,0,0,0,0
26339,1000000US170315401021039,0,0,0,0,0,0,0,0,0,0,0,0,0,0,0,0,0,0
26340,1000000US170315401021040,0,0,0,0,0,0,0,0,0,0,0,0,0,0,0,0,0,0
26341,1000000US170315401021041,0,0,0,0,0,0,0,0,0,0,0,0,0,0,0,0,0,0
26342,1000000US170315401021042,0,0,0,0,0,0,0,0,0,0,0,0,0,0,0,0,0,0
26343,1000000US170315401021043,0,0,0,0,0,0,0,0,0,0,0,0,0,0,0,0,0,0
26344,1000000US170315401021044,0,0,0,0,0,0,0,0,0,0,0,0,0,0,0,0,0,0
26345,1000000US170315401021045,0,0,0,0,0,0,0,0,0,0,0,0,0,0,0,0,0,0
26346,1000000US170315401021046,0,0,0,0,0,0,0,0,0,0,0,0,0,0,0,0,0,0
26347,1000000US170315401021047,0,0,0,0,0,0,0,0,0,0,0,0,0,0,0,0,0,0
26348,1000000US170315401021048,0,0,0,0,0,0,0,0,0,0,0,0,0,0,0,0,0,0
26349,1000000US170315401021049,0,0,0,0,0,0,0,0,0,0,0,0,0,0,0,0,0,0
26350,1000000US170315401021050,0,0,0,0,0,0,0,0,0,0,0,0,0,0,0,0,0,0
26351,1000000US170315401021051,0,0,0,0,0,0,0,0,0,0,0,0,0,0,0,0,0,0
26352,1000000US170315401021052,81,0,81,0,0,0,0,81,0,0,81,0,36,34,2,109,0,0
26353,1000000US170315401021053,400,2,397,3,0,0,1,399,0,1,398,3,288,280,8,712,3,1
26354,1000000US170315401021054,0,0,0,0,0,0,0,0,0,0,0,0,0,0,0,0,0,0
26355,1000000US170315401021055,0,0,0,0,0,0,0,0,0,0,0,0,0,0,0,0,0,0
26356,1000000US170315401021056,0,0,0,0,0,0,0,0,0,0,0,0,0,0,0,0,0,0
26357,1000000US170315401021057,0,0,0,0,0,0,0,0,0,0,0,0,0,0,0,0,0,0
26358,1000000US170315401021058,0,0,0,0,0,0,0,0,0,0,0,0,0,0,0,0,0,0
26359,1000000US170315401021059,0,0,0,0,0,0,0,0,0,0,0,0,0,0,0,0,0,0
26360,1000000US170315401022000,0,0,0,0,0,0,0,0,0,0,0,0,0,0,0,0,0,0
26361,1000000US170315401022001,0,0,0,0,0,0,0,0,0,0,0,0,0,0,0,0,0,0
26362,1000000US170315401022002,0,0,0,0,0,0,0,0,0,0,0,0,0,0,0,0,0,0
26363,1000000US170315401022003,0,0,0,0,0,0,0,0,0,0,0,0,0,0,0,0,0,0
26364,1000000US170315401022004,0,0,0,0,0,0,0,0,0,0,0,0,0,0,0,0,0,0
26365,1000000US170315401022005,0,0,0,0,0,0,0,0,0,0,0,0,0,0,0,0,0,0
26366,1000000US170315401022006,0,0,0,0,0,0,0,0,0,0,0,0,0,0,0,0,0,0
26367,1000000US170315401022007,0,0,0,0,0,0,0,0,0,0,0,0,0,0,0,0,0,0
26368,1000000US170315401022008,0,0,0,0,0,0,0,0,0,0,0,0,0,0,0,0,0,0
26369,1000000US170315401022009,105,0,105,0,0,0,0,105,0,0,105,0,61,59,2,169,0,0
26370,1000000US170315401022010,93,0,91,2,0,0,0,93,0,0,93,0,52,50,2,158,2,0
26371,1000000US170315401022011,15,0,15,0,0,0,0,15,0,0,15,0,8,8,0,24,0,0
26372,1000000US170315401022012,133,0,133,0,0,0,2,131,0,2,133,0,70,68,2,218,0,2
26373,1000000US170315401022013,383,0,383,0,2,0,0,383,0,0,383,3,192,189,3,608,0,0
26374,1000000US170315401022014,0,0,0,0,0,0,0,0,0,0,0,0,59,0,59,0,0,0
26375,1000000US170315401022015,0,0,0,0,0,0,0,0,0,0,0,0,40,0,40,0,0,0
26376,1000000US170315401022016,0,0,0,0,0,0,0,0,0,0,0,0,25,0,25,0,0,0
26377,1000000US170315401022017,0,0,0,0,0,0,0,0,0,0,0,0,16,0,16,0,0,0
26378,1000000US170315401022018,0,0,0,0,0,0,0,0,0,0,0,0,3,0,3,0,0,0
26379,1000000US170315401022019,0,0,0,0,0,0,0,0,0,0,0,0,0,0,0,0,0,0
26380,1000000US170315401022020,126,0,126,1,0,0,0,126,0,0,126,2,64,64,0,194,1,0
26381,1000000US170315401022021,71,0,71,0,0,0,0,71,0,0,71,0,47,46,1,131,0,0
26382,1000000US170315401023000,49,0,49,0,0,0,2,47,0,2,49,1,26,23,3,68,0,2
26383,1000000US170315401023001,55,0,55,0,0,0,0,55,0,0,55,0,26,24,2,80,0,0
26384,1000000US170315401023002,78,0,78,0,0,0,1,77,0,1,78,0,42,38,4,106,0,1
26385,1000000US170315401023003,51,0,51,0,0,0,0,51,0,0,51,0,28,25,3,67,0,0
26386,1000000US170315401023004,87,0,87,1,0,0,0,87,0,0,87,1,53,42,11,119,0,0
26387,1000000US170315401023005,10,0,10,0,0,0,0,10,0,0,10,0,5,5,0,17,0,0
26388,1000000US170315401023006,51,1,50,0,0,0,0,51,0,0,50,0,26,23,3,69,0,0
26389,1000000US170315401023007,54,0,54,0,0,0,0,54,0,0,54,0,22,20,2,83,0,0
26390,1000000US170315401023008,16,0,16,0,0,0,0,16,0,0,16,0,10,7,3,26,0,0
26391,1000000US170315401023009,61,1,60,0,0,0,2,59,0,2,60,1,36,30,6,92,0,2
26392,1000000US170315401023010,41,0,41,0,0,0,0,41,0,0,41,2,22,20,2,59,0,0
26393,1000000US170315501001000,0,0,0,0,0,0,0,0,0,0,0,0,0,0,0,0,0,0
26394,1000000US170315501001001,0,0,0,0,0,0,0,0,0,0,0,0,0,0,0,0,0,0
26395,1000000US170315501001002,0,0,0,0,0,0,0,0,0,0,0,0,0,0,0,0,0,0
26396,1000000US170315501001003,0,0,0,0,0,0,0,0,0,0,0,0,0,0,0,0,0,0
26397,1000000US170315501001004,0,0,0,0,0,0,0,0,0,0,0,0,0,0,0,0,0,0
26398,1000000US170315501001005,0,0,0,0,0,0,0,0,0,0,0,0,0,0,0,0,0,0
26399,1000000US170315501001006,0,0,0,0,0,0,0,0,0,0,0,0,0,0,0,0,0,0
26400,1000000US170315501001007,0,0,0,0,0,0,0,0,0,0,0,0,0,0,0,0,0,0
26401,1000000US170315501001008,0,0,0,0,0,0,0,0,0,0,0,0,0,0,0,0,0,0
26402,1000000US170315501001009,4,1,0,0,0,0,3,1,0,3,3,0,2,2,0,5,0,0
26403,1000000US170315501001010,0,0,0,0,0,0,0,0,0,0,0,0,0,0,0,0,0,0
26404,1000000US170315501001011,0,0,0,0,0,0,0,0,0,0,0,0,0,0,0,0,0,0
26405,1000000US170315501001012,0,0,0,0,0,0,0,0,0,0,0,0,0,0,0,0,0,0
26406,1000000US170315501001013,0,0,0,0,0,0,0,0,0,0,0,0,0,0,0,0,0,0
26407,1000000US170315501001014,0,0,0,0,0,0,0,0,0,0,0,0,0,0,0,0,0,0
26408,1000000US170315501001015,0,0,0,0,0,0,0,0,0,0,0,0,0,0,0,0,0,0
26409,1000000US170315501001016,0,0,0,0,0,0,0,0,0,0,0,0,0,0,0,0,0,0
26410,1000000US170315501001017,28,12,0,0,1,0,15,13,0,15,16,3,14,14,0,33,0,0
26411,1000000US170315501001018,19,10,4,0,0,1,4,15,0,4,9,1,13,11,2,22,0,0
26412,1000000US170315501001019,0,0,0,0,0,0,0,0,0,0,0,0,0,0,0,0,0,0
26413,1000000US170315501001020,0,0,0,0,0,0,0,0,0,0,0,0,0,0,0,0,0,0
26414,1000000US170315501001021,0,0,0,0,0,0,0,0,0,0,0,0,0,0,0,0,0,0
26415,1000000US170315501001022,0,0,0,0,0,0,0,0,0,0,0,0,0,0,0,0,0,0
26416,1000000US170315501001023,0,0,0,0,0,0,0,0,0,0,0,0,0,0,0,0,0,0
26417,1000000US170315501001024,0,0,0,0,0,0,0,0,0,0,0,0,0,0,0,0,0,0
26418,1000000US170315501001025,9,5,0,0,0,0,4,5,0,4,4,0,5,5,0,14,0,0
26419,1000000US170315501001026,27,13,1,0,0,0,13,14,0,13,14,0,14,14,0,36,0,0
26420,1000000US170315501001027,35,14,0,0,0,0,21,14,0,21,21,0,14,14,0,47,0,0
26421,1000000US170315501001028,49,30,1,0,1,0,17,32,0,17,19,1,33,29,4,57,0,0
26422,1000000US170315501001029,39,22,1,0,1,0,15,24,0,15,17,1,17,17,0,45,0,0
26423,1000000US170315501001030,26,12,0,2,2,0,12,14,0,12,14,0,15,15,0,32,2,0
26424,1000000US170315501001031,0,0,0,0,0,0,0,0,0,0,0,0,0,0,0,0,0,0
26425,1000000US170315501001032,0,0,0,0,0,0,0,0,0,0,0,0,0,0,0,0,0,0
26426,1000000US170315501001033,21,9,0,1,0,0,12,9,0,12,12,0,11,10,1,32,1,0
26427,1000000US170315501001034,15,10,0,0,0,0,5,10,0,5,5,0,10,10,0,18,0,0
26428,1000000US170315501001035,26,20,0,0,0,0,6,20,0,6,6,0,13,13,0,30,0,0
26429,1000000US170315501001036,27,15,0,0,1,0,11,16,0,11,12,0,11,10,1,31,0,0
26430,1000000US170315501001037,6,4,0,0,0,0,2,4,0,2,2,0,5,4,1,6,0,0
26431,1000000US170315501001038,0,0,0,0,0,0,0,0,0,0,0,0,0,0,0,0,0,0
26432,1000000US170315501001039,0,0,0,0,0,0,0,0,0,0,0,0,0,0,0,0,0,0
26433,1000000US170315501001040,0,0,0,0,0,0,0,0,0,0,0,0,0,0,0,0,0,0
26434,1000000US170315501001041,8,8,0,0,0,0,0,8,0,0,0,0,5,3,2,10,0,0
26435,1000000US170315501001042,0,0,0,0,0,0,0,0,0,0,0,0,0,0,0,0,0,0
26436,1000000US170315501001043,0,0,0,0,0,0,0,0,0,0,0,0,0,0,0,0,0,0
26437,1000000US170315501001044,0,0,0,0,0,0,0,0,0,0,0,0,0,0,0,0,0,0
26438,1000000US170315501001045,0,0,0,0,0,0,0,0,0,0,0,0,0,0,0,0,0,0
26439,1000000US170315501001046,0,0,0,0,0,0,0,0,0,0,0,0,0,0,0,0,0,0
26440,1000000US170315501001047,49,30,1,0,0,0,18,31,0,18,19,0,37,27,10,61,0,0
26441,1000000US170315501001048,1,0,1,0,0,0,0,1,0,0,1,0,1,1,0,1,0,0
26442,1000000US170315501001049,1,0,0,0,0,0,1,0,0,1,1,1,1,1,0,1,0,0
26443,1000000US170315501001050,3,3,0,0,0,0,0,3,0,0,0,0,3,2,1,3,0,0
26444,1000000US170315501001051,0,0,0,0,0,0,0,0,0,0,0,0,0,0,0,0,0,0
26445,1000000US170315501001052,0,0,0,0,0,0,0,0,0,0,0,0,0,0,0,0,0,0
26446,1000000US170315501001053,0,0,0,0,0,0,0,0,0,0,0,0,0,0,0,0,0,0
26447,1000000US170315501001054,2,0,0,0,0,0,2,0,0,2,2,0,1,1,0,2,0,0
26448,1000000US170315501001055,21,11,0,0,0,0,10,11,0,10,10,0,11,10,1,31,0,0
26449,1000000US170315501001056,34,20,1,0,1,0,12,22,0,12,14,1,15,13,2,47,0,0
26450,1000000US170315501001057,52,43,0,0,0,0,9,43,0,9,9,0,30,30,0,63,0,0
26451,1000000US170315501001058,24,14,0,0,0,0,10,14,0,10,10,0,13,11,2,32,0,0
26452,1000000US170315501001059,4,2,0,0,0,0,2,2,0,2,2,0,2,2,0,5,0,0
26453,1000000US170315501001060,0,0,0,0,0,0,0,0,0,0,0,0,0,0,0,0,0,0
26454,1000000US170315501001061,5,5,0,0,0,0,0,5,0,0,0,0,4,4,0,6,0,0
26455,1000000US170315501001062,0,0,0,0,0,0,0,0,0,0,0,0,0,0,0,0,0,0
26456,1000000US170315501001063,17,13,0,0,0,0,4,13,0,4,4,0,12,11,1,21,0,0
26457,1000000US170315501001064,26,16,0,1,0,0,10,16,0,10,10,2,12,12,0,30,1,0
26458,1000000US170315501001065,17,14,0,0,0,0,3,14,0,3,3,0,12,11,1,17,0,0
26459,1000000US170315501001066,23,17,0,0,0,0,6,17,0,6,6,0,14,14,0,24,0,0
26460,1000000US170315501001067,14,10,0,0,0,0,4,10,0,4,4,0,10,9,1,17,0,0
26461,1000000US170315501001068,31,19,0,0,1,0,11,20,0,11,12,1,12,11,1,39,0,0
26462,1000000US170315501001069,25,15,0,0,0,0,10,15,0,10,10,0,15,14,1,39,0,0
26463,1000000US170315501001070,37,20,0,0,0,0,17,20,0,17,17,0,20,19,1,42,0,0
26464,1000000US170315501001071,33,19,0,0,1,0,13,20,0,13,14,0,17,17,0,37,0,0
26465,1000000US170315501001072,25,13,2,0,0,0,10,15,0,10,12,0,15,14,1,37,0,0
26466,1000000US170315501001073,20,11,1,0,0,0,9,11,0,9,9,0,15,13,2,29,0,1
26467,1000000US170315501001074,0,0,0,0,0,0,0,0,0,0,0,0,0,0,0,0,0,0
26468,1000000US170315501001075,0,0,0,0,0,0,0,0,0,0,0,0,0,0,0,0,0,0
26469,1000000US170315501001076,0,0,0,0,0,0,0,0,0,0,0,0,0,0,0,0,0,0
26470,1000000US170315501001077,0,0,0,0,0,0,0,0,0,0,0,0,0,0,0,0,0,0
26471,1000000US170315501001078,0,0,0,0,0,0,0,0,0,0,0,0,0,0,0,0,0,0
26472,1000000US170315501001079,10,7,0,0,0,0,3,7,0,3,3,0,6,6,0,12,0,0
26473,1000000US170315501001080,1,1,0,0,0,0,0,1,0,0,0,0,1,1,0,1,0,0
26474,1000000US170315501001081,6,2,1,0,0,0,3,3,0,3,4,0,5,5,0,8,0,0
26475,1000000US170315501001082,0,0,0,0,0,0,0,0,0,0,0,0,0,0,0,0,0,0
26476,1000000US170315501001083,0,0,0,0,0,0,0,0,0,0,0,0,0,0,0,0,0,0
26477,1000000US170315501001084,0,0,0,0,0,0,0,0,0,0,0,0,0,0,0,0,0,0
26478,1000000US170315501001085,12,8,0,0,0,0,4,8,0,4,4,0,6,6,0,15,0,0
26479,1000000US170315501001086,2,1,1,0,0,0,0,2,0,0,1,0,3,2,1,2,0,0
26480,1000000US170315501001087,14,10,3,0,0,0,1,13,0,1,4,0,10,9,1,16,0,0
26481,1000000US170315501001088,2,2,0,0,0,0,0,2,0,0,0,0,1,1,0,2,0,0
26482,1000000US170315501001089,0,0,0,0,0,0,0,0,0,0,0,0,0,0,0,0,0,0
26483,1000000US170315501001090,0,0,0,0,0,0,0,0,0,0,0,0,0,0,0,0,0,0
26484,1000000US170315501001091,0,0,0,0,0,0,0,0,0,0,0,0,0,0,0,0,0,0
26485,1000000US170315501001092,0,0,0,0,0,0,0,0,0,0,0,0,0,0,0,0,0,0
26486,1000000US170315501002000,25,20,2,0,0,0,3,22,0,3,5,0,15,15,0,27,0,0
26487,1000000US170315501002001,72,40,7,0,0,0,28,44,0,28,32,2,46,45,1,83,0,3
26488,1000000US170315501002002,62,47,2,1,0,0,13,49,0,13,15,0,43,38,5,69,1,0
26489,1000000US170315501002003,43,18,6,1,0,0,20,23,0,20,25,2,24,23,1,57,1,1
26490,1000000US170315501002004,0,0,0,0,0,0,0,0,0,0,0,0,0,0,0,0,0,0
26491,1000000US170315501002005,23,5,0,7,0,0,16,7,0,16,18,1,12,11,1,35,7,0
26492,1000000US170315501002006,30,22,0,0,0,0,8,22,0,8,8,0,17,16,1,34,0,0
26493,1000000US170315501002007,23,17,0,4,0,0,5,18,0,5,6,3,17,14,3,30,3,0
26494,1000000US170315501002008,27,21,0,0,0,0,6,21,0,6,6,0,18,15,3,34,0,0
26495,1000000US170315501002009,30,17,0,3,1,0,13,17,0,13,13,1,12,12,0,35,3,0
26496,1000000US170315501002010,36,26,0,4,0,0,10,26,0,10,10,3,17,16,1,45,4,0
26497,1000000US170315501002011,24,17,0,0,0,0,7,17,0,7,7,0,16,16,0,34,0,0
26498,1000000US170315501002012,26,15,1,0,0,0,10,16,0,10,11,0,14,13,1,41,0,0
26499,1000000US170315501002013,27,20,0,0,0,0,7,20,0,7,7,0,16,16,0,32,0,0
26500,1000000US170315501002014,30,16,1,0,0,0,13,17,0,13,14,0,15,15,0,54,0,0
26501,1000000US170315501002015,24,12,2,0,2,0,8,16,0,8,12,0,8,8,0,27,0,0
26502,1000000US170315501002016,12,7,0,0,0,0,5,7,0,5,5,0,7,6,1,14,0,0
26503,1000000US170315501002017,12,3,0,0,0,0,9,3,0,9,9,0,9,7,2,15,0,0
26504,1000000US170315501002018,20,14,0,0,0,0,6,14,0,6,6,0,10,10,0,23,0,0
26505,1000000US170315501002019,15,8,0,0,2,0,5,10,0,5,7,0,10,10,0,24,0,0
26506,1000000US170315501002020,29,22,0,0,0,0,7,22,0,7,7,0,11,10,1,41,0,0
26507,1000000US170315501002021,16,7,0,0,1,0,8,8,0,8,9,1,9,8,1,26,0,0
26508,1000000US170315501002022,24,10,2,0,0,0,12,12,0,12,14,1,12,12,0,33,0,0
26509,1000000US170315501002023,0,0,0,0,0,0,0,0,0,0,0,0,0,0,0,0,0,0
26510,1000000US170315501002024,0,0,0,0,0,0,0,0,0,0,0,0,0,0,0,0,0,0
26511,1000000US170315501002025,0,0,0,0,0,0,0,0,0,0,0,0,0,0,0,0,0,0
26512,1000000US170315501003000,48,23,0,1,0,0,24,24,0,24,25,0,27,24,3,57,1,0
26513,1000000US170315501003001,0,0,0,0,0,0,0,0,0,0,0,0,0,0,0,0,0,0
26514,1000000US170315501003002,28,9,0,0,0,0,19,9,0,19,19,0,13,11,2,36,0,0
26515,1000000US170315501003003,54,19,1,0,4,1,30,24,0,30,35,6,25,25,0,74,0,1
26516,1000000US170315501003004,33,13,1,0,1,3,19,14,0,19,20,1,21,15,6,48,0,0
26517,1000000US170315501003005,46,28,0,2,0,0,16,30,0,16,18,2,26,23,3,63,0,0
26518,1000000US170315501003006,42,21,5,0,0,0,17,25,0,17,21,0,24,23,1,61,0,1
26519,1000000US170315501003007,44,17,0,2,1,0,26,18,0,26,27,1,23,21,2,65,2,0
26520,1000000US170315501003008,62,10,21,2,2,0,29,33,0,29,52,2,39,32,7,116,0,2
26521,1000000US170315501003009,44,25,5,0,0,0,17,27,0,17,19,0,26,20,6,52,0,3
26522,1000000US170315501003010,56,24,9,1,0,0,24,32,0,24,32,4,48,32,16,83,0,1
26523,1000000US170315501003011,34,22,0,0,0,0,12,22,0,12,12,1,24,21,3,49,0,0
26524,1000000US170315501003012,34,4,6,0,0,0,24,10,0,24,30,0,24,18,6,54,0,0
26525,1000000US170315501003013,24,16,0,0,1,0,7,17,0,7,8,0,15,13,2,32,0,0
26526,1000000US170315501003014,8,1,1,5,0,0,6,2,0,6,7,4,3,3,0,14,1,0
26527,1000000US170315501003015,39,21,0,0,0,0,18,21,0,18,18,0,21,20,1,62,0,0
26528,1000000US170315501003016,30,8,4,0,0,0,18,12,0,18,22,0,12,11,1,48,0,0
26529,1000000US170315501003017,34,23,0,1,1,0,11,23,0,11,11,1,19,19,0,53,0,0
26530,1000000US170315501003018,27,8,0,1,0,0,18,9,0,18,19,0,12,12,0,35,1,0
26531,1000000US170315501003019,89,48,23,0,2,0,16,73,0,16,41,0,93,80,13,98,0,0
26532,1000000US170315501003020,17,9,0,0,0,0,8,9,0,8,8,0,10,10,0,24,0,0
26533,1000000US170315501003021,21,11,0,0,1,0,10,11,0,10,10,0,13,11,2,29,0,0
26534,1000000US170315501003022,46,31,3,1,0,0,12,34,0,12,15,4,26,22,4,64,0,0
26535,1000000US170315501003023,8,6,1,0,0,0,1,7,0,1,2,0,9,6,3,13,0,0
26536,1000000US170315501003024,27,19,2,0,0,0,7,20,0,7,8,2,22,21,1,34,0,1
26537,1000000US170315501003025,2,2,0,0,0,0,0,2,0,0,0,0,8,2,6,2,0,0
26538,1000000US170315501003026,28,10,1,0,0,0,17,11,0,17,18,1,14,12,2,39,0,0
26539,1000000US170315501003027,8,4,0,0,0,0,4,4,0,4,4,0,5,4,1,13,0,0
26540,1000000US170315501003028,23,11,3,2,0,0,9,14,0,9,12,2,15,14,1,28,2,0
26541,1000000US170315501003029,29,13,1,0,0,0,15,14,0,15,16,5,21,14,7,39,0,0
26542,1000000US170315501003030,17,16,0,1,0,0,0,17,0,0,1,1,9,9,0,18,0,0
26543,1000000US170315501003031,19,9,7,0,0,0,4,15,0,4,10,0,11,9,2,25,0,1
26544,1000000US170315501003032,0,0,0,0,0,0,0,0,0,0,0,0,0,0,0,0,0,0
26545,1000000US170315501003033,6,0,0,0,0,0,6,0,0,6,6,0,4,3,1,13,0,0
26546,1000000US170315501004000,22,8,0,0,1,0,13,9,0,13,14,0,11,11,0,26,0,0
26547,1000000US170315501004001,53,15,5,1,0,0,37,16,0,37,38,3,27,23,4,87,1,4
26548,1000000US170315501004002,0,0,0,0,0,0,0,0,0,0,0,0,0,0,0,0,0,0
26549,1000000US170315501004003,8,0,0,1,0,0,8,0,0,8,8,0,5,4,1,13,1,0
26550,1000000US170315501004004,29,20,0,0,0,0,9,20,0,9,9,0,17,15,2,41,0,0
26551,1000000US170315501004005,38,18,0,0,0,0,20,18,0,20,20,2,21,19,2,54,0,0
26552,1000000US170315501004006,60,21,6,0,0,0,33,27,0,33,39,2,30,29,1,87,0,0
26553,1000000US170315501004007,46,24,8,0,0,0,16,30,0,16,22,3,24,23,1,68,0,2
26554,1000000US170315501004008,43,16,3,0,1,0,23,20,0,23,27,0,24,21,3,72,0,0
26555,1000000US170315501004009,41,5,5,3,0,0,31,10,0,31,36,3,23,21,2,75,2,1
26556,1000000US170315501004010,33,12,3,0,1,0,18,15,0,18,21,1,26,19,7,44,0,1
26557,1000000US170315501004011,15,6,0,0,0,0,9,6,0,9,9,0,10,9,1,17,0,0
26558,1000000US170315501004012,4,4,0,0,0,0,0,4,0,0,0,0,5,3,2,4,0,0
26559,1000000US170315501004013,31,18,0,0,0,0,13,18,0,13,13,0,23,18,5,42,0,0
26560,1000000US170315501004014,41,18,3,0,0,0,20,21,0,20,23,2,23,22,1,58,0,0
26561,1000000US170315501004015,28,16,0,0,0,0,12,16,0,12,12,0,20,17,3,39,0,0
26562,1000000US170315501004016,32,23,0,0,0,0,9,23,0,9,9,0,13,13,0,41,0,0
26563,1000000US170315501004017,0,0,0,0,0,0,0,0,0,0,0,0,0,0,0,0,0,0
26564,1000000US170315501004018,6,4,0,0,0,0,2,4,0,2,2,0,4,4,0,6,0,0
26565,1000000US170315501004019,18,6,0,0,0,0,12,6,0,12,12,0,8,8,0,21,0,0
26566,1000000US170315501005000,0,0,0,0,0,0,0,0,0,0,0,0,0,0,0,0,0,0
26567,1000000US170315501005001,33,15,0,0,0,0,18,15,0,18,18,0,12,11,1,37,0,0
26568,1000000US170315501005002,40,23,0,0,0,0,17,23,0,17,17,0,17,16,1,43,0,0
26569,1000000US170315501005003,44,15,0,0,0,0,29,15,0,29,29,0,19,19,0,53,0,0
26570,1000000US170315501005004,36,17,0,0,0,0,19,17,0,19,19,0,17,17,0,43,0,0
26571,1000000US170315501005005,30,25,0,0,0,0,5,25,0,5,5,0,16,15,1,41,0,0
26572,1000000US170315501005006,32,13,1,4,1,0,15,17,0,15,19,2,15,15,0,38,3,0
26573,1000000US170315501005007,38,14,0,0,0,0,24,14,0,24,24,1,15,14,1,50,0,0
26574,1000000US170315501005008,37,16,0,0,0,0,21,16,0,21,21,2,18,18,0,49,0,0
26575,1000000US170315501005009,32,11,0,0,0,0,21,11,0,21,21,0,13,13,0,36,0,0
26576,1000000US170315501005010,35,9,0,0,1,0,25,10,0,25,26,0,14,14,0,49,0,0
26577,1000000US170315501005011,71,24,0,3,0,0,45,26,0,45,47,2,27,27,0,89,1,0
26578,1000000US170315501005012,33,6,0,0,0,0,27,6,0,27,27,0,12,12,0,47,0,0
26579,1000000US170315501005013,0,0,0,0,0,0,0,0,0,0,0,0,0,0,0,0,0,0
26580,1000000US170315501005014,0,0,0,0,0,0,0,0,0,0,0,0,0,0,0,0,0,0
26581,1000000US170315501005015,0,0,0,0,0,0,0,0,0,0,0,0,0,0,0,0,0,0
26582,1000000US170315501005016,38,10,0,0,9,0,19,19,0,19,28,0,14,14,0,54,0,0
26583,1000000US170315501005017,46,14,1,0,0,0,32,14,0,32,32,0,15,15,0,58,0,1
26584,1000000US170315501005018,41,21,0,0,0,0,20,21,0,20,20,0,15,15,0,49,0,0
26585,1000000US170315501005019,0,0,0,0,0,0,0,0,0,0,0,0,0,0,0,0,0,0
26586,1000000US170315501005020,0,0,0,0,0,0,0,0,0,0,0,0,0,0,0,0,0,0
26587,1000000US170315501005021,0,0,0,0,0,0,0,0,0,0,0,0,0,0,0,0,0,0
26588,1000000US170315501005022,0,0,0,0,0,0,0,0,0,0,0,0,0,0,0,0,0,0
26589,1000000US170315501005023,0,0,0,0,0,0,0,0,0,0,0,0,0,0,0,0,0,0
26590,1000000US170315501005024,0,0,0,0,0,0,0,0,0,0,0,0,0,0,0,0,0,0
26591,1000000US170315501005025,0,0,0,0,0,0,0,0,0,0,0,0,0,0,0,0,0,0
26592,1000000US170315501005026,0,0,0,0,0,0,0,0,0,0,0,0,0,0,0,0,0,0
26593,1000000US170315501005027,0,0,0,0,0,0,0,0,0,0,0,0,0,0,0,0,0,0
26594,1000000US170315501005028,0,0,0,0,0,0,0,0,0,0,0,0,0,0,0,0,0,0
26595,1000000US170315501005029,0,0,0,0,0,0,0,0,0,0,0,0,0,0,0,0,0,0
26596,1000000US170315501005030,0,0,0,0,0,0,0,0,0,0,0,0,0,0,0,0,0,0
26597,1000000US170315501005031,0,0,0,0,0,0,0,0,0,0,0,0,0,0,0,0,0,0
26598,1000000US170315501005032,0,0,0,0,0,0,0,0,0,0,0,0,0,0,0,0,0,0
26599,1000000US170315501005033,0,0,0,0,0,0,0,0,0,0,0,0,0,0,0,0,0,0
26600,1000000US170315501005034,0,0,0,0,0,0,0,0,0,0,0,0,0,0,0,0,0,0
26601,1000000US170315501005035,0,0,0,0,0,0,0,0,0,0,0,0,0,0,0,0,0,0
26602,1000000US170315501005036,28,20,0,0,0,0,8,20,0,8,8,1,13,13,0,43,0,0
26603,1000000US170315501006000,0,0,0,0,0,0,0,0,0,0,0,0,0,0,0,0,0,0
26604,1000000US170315501006001,45,41,1,0,0,0,3,42,0,3,4,0,24,23,1,55,0,0
26605,1000000US170315501006002,25,13,1,1,0,0,10,15,0,10,12,0,13,12,1,31,1,0
26606,1000000US170315501006003,25,11,0,0,0,0,14,11,0,14,14,4,13,13,0,37,0,0
26607,1000000US170315501006004,0,0,0,0,0,0,0,0,0,0,0,0,0,0,0,0,0,0
26608,1000000US170315501006005,15,12,0,0,0,0,3,12,0,3,3,0,9,9,0,19,0,0
26609,1000000US170315501006006,0,0,0,0,0,0,0,0,0,0,0,0,0,0,0,0,0,0
26610,1000000US170315501006007,0,0,0,0,0,0,0,0,0,0,0,0,0,0,0,0,0,0
26611,1000000US170315501006008,0,0,0,0,0,0,0,0,0,0,0,0,0,0,0,0,0,0
26612,1000000US170315501006009,0,0,0,0,0,0,0,0,0,0,0,0,0,0,0,0,0,0
26613,1000000US170315501006010,40,21,0,0,0,0,19,21,0,19,19,0,17,17,0,53,0,0
26614,1000000US170315501006011,35,25,0,1,0,0,10,25,0,10,10,1,18,18,0,50,0,0
26615,1000000US170315501006012,32,20,0,0,0,0,12,20,0,12,12,0,15,14,1,38,0,0
26616,1000000US170315501006013,41,20,1,0,0,0,20,21,0,20,21,0,19,17,2,52,0,0
26617,1000000US170315501006014,43,26,0,1,0,0,16,27,0,16,17,1,20,20,0,61,0,0
26618,1000000US170315501006015,27,25,1,0,0,0,1,26,0,1,2,1,20,18,2,27,0,0
26619,1000000US170315501006016,48,13,0,2,0,0,33,15,0,33,35,0,23,20,3,63,2,0
26620,1000000US170315501006017,35,24,0,2,0,0,11,24,0,11,11,3,18,18,0,54,0,0
26621,1000000US170315501006018,41,19,1,0,0,0,21,20,0,21,22,0,17,17,0,62,0,0
26622,1000000US170315501006019,37,23,0,2,1,0,12,25,0,12,14,1,19,19,0,44,2,0
26623,1000000US170315501006020,39,18,2,0,2,0,20,19,0,20,21,2,19,17,2,54,0,1
26624,1000000US170315501006021,33,9,0,0,0,0,24,9,0,24,24,1,17,15,2,49,0,0
26625,1000000US170315501006022,48,22,4,2,0,0,22,26,0,22,26,3,35,27,8,73,2,0
26626,1000000US170315501006023,36,18,0,0,0,0,18,18,0,18,18,0,25,17,8,45,0,0
26627,1000000US170315501006024,25,15,3,1,0,0,7,18,0,7,10,0,19,14,5,36,1,0
26628,1000000US170315501006025,35,22,0,0,0,0,13,22,0,13,13,0,23,20,3,45,0,0
26629,1000000US170315501006026,53,16,0,1,0,0,37,16,0,37,37,0,28,24,4,84,1,0
26630,1000000US170315501006027,2,2,0,0,0,0,0,2,0,0,0,0,2,1,1,10,0,0
26631,1000000US170315501006028,62,26,2,0,0,0,34,28,0,34,36,0,36,31,5,95,0,0
26632,1000000US170315501006029,34,21,0,0,0,0,13,21,0,13,13,1,20,17,3,55,0,0
26633,1000000US170315501006030,38,11,1,2,0,0,26,12,0,26,27,3,19,18,1,57,0,0
26634,1000000US170315501006031,48,7,3,2,0,0,36,12,0,36,41,4,27,24,3,73,0,1
26635,1000000US170315501006032,35,18,3,0,0,0,17,18,0,17,17,0,25,20,5,61,0,3
26636,1000000US170315501006033,43,26,0,0,0,0,17,26,0,17,17,0,29,28,1,52,0,0
26637,1000000US170315501006034,25,18,1,1,0,0,5,20,0,5,7,0,18,16,2,33,1,0
26638,1000000US170315501006035,9,2,0,0,0,0,7,2,0,7,7,0,6,4,2,10,0,0
26639,1000000US170315501006036,57,18,3,2,0,0,37,20,0,37,39,0,24,23,1,86,2,1
26640,1000000US170315501006037,54,14,2,0,0,0,38,16,0,38,40,0,25,24,1,78,0,0
26641,1000000US170315501006038,38,29,0,0,0,0,9,29,0,9,9,0,20,19,1,46,0,0
26642,1000000US170315501006039,37,25,4,0,1,0,7,30,0,7,12,1,21,19,2,54,0,0
26643,1000000US170315502001000,0,0,0,0,0,0,0,0,0,0,0,0,0,0,0,0,0,0
26644,1000000US170315502001001,0,0,0,0,0,0,0,0,0,0,0,0,0,0,0,0,0,0
26645,1000000US170315502001002,22,7,4,0,0,0,11,11,0,11,15,0,11,10,1,33,0,0
26646,1000000US170315502001003,29,8,2,1,0,0,20,9,0,20,21,3,10,10,0,33,1,1
26647,1000000US170315502001004,19,7,0,0,0,0,12,7,0,12,12,0,8,8,0,21,0,0
26648,1000000US170315502001005,0,0,0,0,0,0,0,0,0,0,0,0,0,0,0,0,0,0
26649,1000000US170315502001006,37,26,1,0,0,0,10,27,0,10,11,1,17,17,0,58,0,0
26650,1000000US170315502001007,22,14,0,0,0,0,8,14,0,8,8,0,12,11,1,35,0,0
26651,1000000US170315502001008,19,12,0,0,0,0,7,12,0,7,7,0,9,9,0,36,0,0
26652,1000000US170315502001009,17,4,0,0,0,0,13,4,0,13,13,0,8,8,0,27,0,0
26653,1000000US170315502001010,40,15,3,5,0,0,22,18,0,22,25,5,18,17,1,56,0,0
26654,1000000US170315502001011,14,8,0,0,0,0,6,8,0,6,6,0,6,6,0,18,0,0
26655,1000000US170315502001012,15,4,1,0,0,0,10,5,0,10,11,0,8,7,1,24,0,0
26656,1000000US170315502001013,25,16,1,0,0,0,8,17,0,8,9,0,10,10,0,31,0,0
26657,1000000US170315502001014,13,8,0,0,0,0,5,8,0,5,5,1,7,7,0,20,0,0
26658,1000000US170315502001015,12,3,0,0,0,0,9,3,0,9,9,0,4,4,0,20,0,0
26659,1000000US170315502001016,11,4,0,0,0,0,7,4,0,7,7,0,5,4,1,14,0,0
26660,1000000US170315502001017,0,0,0,0,0,0,0,0,0,0,0,0,0,0,0,0,0,0
26661,1000000US170315502001018,30,14,0,0,0,0,16,14,0,16,16,0,14,14,0,41,0,0
26662,1000000US170315502001019,49,33,0,0,2,0,14,35,0,14,16,1,22,22,0,63,0,0
26663,1000000US170315502001020,22,12,0,0,0,0,10,12,0,10,10,0,9,9,0,27,0,0
26664,1000000US170315502001021,21,10,0,0,6,0,5,16,0,5,11,5,10,9,1,26,0,0
26665,1000000US170315502001022,30,15,4,0,0,0,11,19,0,11,15,0,15,15,0,41,0,0
26666,1000000US170315502001023,34,20,0,0,0,0,14,20,0,14,14,4,15,15,0,43,0,0
26667,1000000US170315502001024,27,20,0,0,0,0,7,20,0,7,7,0,12,12,0,31,0,0
26668,1000000US170315502001025,0,0,0,0,0,0,0,0,0,0,0,0,0,0,0,0,0,0
26669,1000000US170315502001026,22,6,0,0,0,0,16,6,0,16,16,0,15,13,2,31,0,0
26670,1000000US170315502001027,36,17,0,2,0,0,19,17,0,19,19,0,15,15,0,43,2,0
26671,1000000US170315502001028,29,19,0,2,0,0,10,19,0,10,10,2,14,13,1,36,0,0
26672,1000000US170315502001029,6,5,0,0,0,0,1,5,0,1,1,0,2,2,0,9,0,0
26673,1000000US170315502001030,12,10,0,0,0,0,2,10,0,2,2,0,8,8,0,19,0,0
26674,1000000US170315502001031,19,15,3,0,1,0,0,19,0,0,4,0,13,12,1,21,0,0
26675,1000000US170315502001032,27,23,0,0,1,0,3,24,0,3,4,1,16,16,0,36,0,0
26676,1000000US170315502001033,43,19,0,2,0,0,24,19,0,24,24,4,20,20,0,51,0,0
26677,1000000US170315502001034,24,16,3,0,1,0,4,20,0,4,8,0,11,10,1,30,0,0
26678,1000000US170315502001035,33,11,2,0,0,0,20,13,0,20,22,0,11,11,0,46,0,0
26679,1000000US170315502001036,27,11,0,0,0,0,16,11,0,16,16,0,11,10,1,37,0,0
26680,1000000US170315502001037,26,18,0,0,3,0,5,21,0,5,8,0,11,11,0,29,0,0
26681,1000000US170315502001038,20,9,0,0,0,0,11,9,0,11,11,0,11,10,1,30,0,0
26682,1000000US170315502001039,30,12,0,0,0,0,18,12,0,18,18,0,15,15,0,37,0,0
26683,1000000US170315502001040,29,16,1,0,1,1,11,18,0,11,13,1,15,15,0,35,0,0
26684,1000000US170315502001041,27,23,0,0,0,0,4,23,0,4,4,0,15,14,1,33,0,0
26685,1000000US170315502001042,17,7,0,0,0,0,10,7,0,10,10,0,9,9,0,25,0,0
26686,1000000US170315502001043,21,14,0,0,0,0,7,14,0,7,7,0,11,11,0,31,0,0
26687,1000000US170315502001044,23,14,0,0,0,0,9,14,0,9,9,0,11,11,0,31,0,0
26688,1000000US170315502001045,17,10,0,0,0,0,7,10,0,7,7,0,10,9,1,22,0,0
26689,1000000US170315502001046,15,13,0,0,0,0,2,13,0,2,2,0,7,7,0,15,0,0
26690,1000000US170315502001047,15,6,2,0,0,0,7,8,0,7,9,0,10,9,1,28,0,0
26691,1000000US170315502001048,27,8,0,0,1,0,18,9,0,18,19,0,10,10,0,34,0,0
26692,1000000US170315502001049,19,10,0,0,0,0,9,10,0,9,9,0,10,9,1,24,0,0
26693,1000000US170315502001050,25,17,0,0,0,0,8,17,0,8,8,0,15,14,1,30,0,0
26694,1000000US170315502001051,30,20,0,0,0,0,10,20,0,10,10,0,16,16,0,39,0,0
26695,1000000US170315502001052,34,16,1,0,1,0,16,18,0,16,18,0,15,15,0,44,0,0
26696,1000000US170315502001053,26,22,0,0,0,0,4,22,0,4,4,0,11,11,0,29,0,0
26697,1000000US170315502001054,24,10,1,0,0,0,13,11,0,13,14,0,11,11,0,34,0,0
26698,1000000US170315502001055,19,10,0,0,0,0,9,10,0,9,9,0,11,10,1,24,0,0
26699,1000000US170315502001056,21,14,0,0,0,0,7,14,0,7,7,0,11,10,1,27,0,0
26700,1000000US170315502001057,21,11,0,0,0,0,10,11,0,10,10,0,11,11,0,30,0,0
26701,1000000US170315502001058,14,4,0,0,0,0,10,4,0,10,10,0,9,8,1,19,0,0
26702,1000000US170315502001059,14,9,1,0,0,0,4,10,0,4,5,0,9,9,0,22,0,0
26703,1000000US170315502001060,18,6,0,0,0,0,12,6,0,12,12,0,9,9,0,22,0,0
26704,1000000US170315502001061,20,16,0,0,0,0,4,16,0,4,4,0,11,11,0,27,0,0
26705,1000000US170315502001062,34,20,0,0,1,0,13,21,0,13,14,1,19,18,1,48,0,0
26706,1000000US170315502001063,15,12,0,0,1,0,2,13,0,2,3,0,10,9,1,21,0,0
26707,1000000US170315502001064,9,3,2,0,1,0,4,5,0,4,6,1,6,5,1,15,0,0
26708,1000000US170315502002000,0,0,0,0,0,0,0,0,0,0,0,0,0,0,0,0,0,0
26709,1000000US170315502002001,15,6,0,0,1,0,9,6,0,9,9,0,9,7,2,16,0,0
26710,1000000US170315502002002,26,25,0,0,0,0,1,25,0,1,1,0,14,14,0,27,0,0
26711,1000000US170315502002003,11,5,0,0,0,0,6,5,0,6,6,0,9,7,2,14,0,0
26712,1000000US170315502002004,18,9,0,3,0,0,9,9,0,9,9,0,9,9,0,24,3,0
26713,1000000US170315502002005,29,17,5,0,0,0,8,21,0,8,12,1,22,22,0,32,0,1
26714,1000000US170315502002006,0,0,0,0,0,0,0,0,0,0,0,0,0,0,0,0,0,0
26715,1000000US170315502002007,0,0,0,0,0,0,0,0,0,0,0,0,0,0,0,0,0,0
26716,1000000US170315502002008,0,0,0,0,0,0,0,0,0,0,0,0,0,0,0,0,0,0
26717,1000000US170315502002009,22,17,0,0,0,0,5,17,0,5,5,0,14,13,1,27,0,0
26718,1000000US170315502002010,17,17,0,0,0,0,0,17,0,0,0,0,10,10,0,17,0,0
26719,1000000US170315502002011,21,19,0,0,0,0,2,19,0,2,2,0,11,11,0,31,0,0
26720,1000000US170315502002012,28,10,2,0,0,0,16,12,0,16,18,0,12,12,0,36,0,0
26721,1000000US170315502002013,29,21,0,0,0,0,8,21,0,8,8,0,15,14,1,42,0,0
26722,1000000US170315502002014,24,15,0,1,0,0,9,15,0,9,9,1,15,15,0,29,0,0
26723,1000000US170315502002015,37,26,0,0,1,0,10,27,0,10,11,0,16,15,1,46,0,0
26724,1000000US170315502002016,27,17,0,0,1,0,10,17,0,10,10,0,15,15,0,45,0,0
26725,1000000US170315502002017,17,12,0,0,0,0,5,12,0,5,5,0,12,12,0,19,0,0
26726,1000000US170315502002018,13,10,1,0,0,0,2,11,0,2,3,0,14,10,4,14,0,0
26727,1000000US170315502002019,17,8,0,0,0,0,9,8,0,9,9,0,11,10,1,18,0,0
26728,1000000US170315502002020,19,8,0,0,1,1,10,9,0,10,11,1,10,10,0,27,0,0
26729,1000000US170315502002021,20,17,0,0,0,0,3,17,0,3,3,0,11,10,1,21,0,0
26730,1000000US170315502002022,20,5,0,0,0,0,15,5,0,15,15,0,6,6,0,22,0,0
26731,1000000US170315502002023,3,0,0,0,0,0,3,0,0,3,3,0,1,1,0,3,0,0
26732,1000000US170315502002024,15,9,2,0,0,0,5,10,0,5,6,1,8,8,0,18,0,1
26733,1000000US170315502002025,0,0,0,0,0,0,0,0,0,0,0,0,0,0,0,0,0,0
26734,1000000US170315502002026,23,12,1,0,0,0,11,12,0,11,11,1,13,10,3,25,0,1
26735,1000000US170315502002027,0,0,0,0,0,0,0,0,0,0,0,0,0,0,0,0,0,0
26736,1000000US170315502002028,0,0,0,0,0,0,0,0,0,0,0,0,0,0,0,0,0,0
26737,1000000US170315502002029,0,0,0,0,0,0,0,0,0,0,0,0,0,0,0,0,0,0
26738,1000000US170315502002030,0,0,0,0,0,0,0,0,0,0,0,0,0,0,0,0,0,0
26739,1000000US170315502002031,0,0,0,0,0,0,0,0,0,0,0,0,0,0,0,0,0,0
26740,1000000US170315502002032,0,0,0,0,0,0,0,0,0,0,0,0,0,0,0,0,0,0
26741,1000000US170315502002033,0,0,0,0,0,0,0,0,0,0,0,0,0,0,0,0,0,0
26742,1000000US170315502002034,0,0,0,0,0,0,0,0,0,0,0,0,0,0,0,0,0,0
26743,1000000US170315502002035,0,0,0,0,0,0,0,0,0,0,0,0,0,0,0,0,0,0
26744,1000000US170315502002036,0,0,0,0,0,0,0,0,0,0,0,0,0,0,0,0,0,0
26745,1000000US170315502002037,0,0,0,0,0,0,0,0,0,0,0,0,0,0,0,0,0,0
26746,1000000US170315502002038,0,0,0,0,0,0,0,0,0,0,0,0,0,0,0,0,0,0
26747,1000000US170315502002039,0,0,0,0,0,0,0,0,0,0,0,0,0,0,0,0,0,0
26748,1000000US170315502002040,0,0,0,0,0,0,0,0,0,0,0,0,0,0,0,0,0,0
26749,1000000US170315502002041,0,0,0,0,0,0,0,0,0,0,0,0,0,0,0,0,0,0
26750,1000000US170315502002042,0,0,0,0,0,0,0,0,0,0,0,0,0,0,0,0,0,0
26751,1000000US170315502002043,0,0,0,0,0,0,0,0,0,0,0,0,0,0,0,0,0,0
26752,1000000US170315502002044,0,0,0,0,0,0,0,0,0,0,0,0,0,0,0,0,0,0
26753,1000000US170315502002045,0,0,0,0,0,0,0,0,0,0,0,0,0,0,0,0,0,0
26754,1000000US170315502002046,0,0,0,0,0,0,0,0,0,0,0,0,0,0,0,0,0,0
26755,1000000US170315502002047,0,0,0,0,0,0,0,0,0,0,0,0,0,0,0,0,0,0
26756,1000000US170315502002048,0,0,0,0,0,0,0,0,0,0,0,0,0,0,0,0,0,0
26757,1000000US170315502002049,0,0,0,0,0,0,0,0,0,0,0,0,0,0,0,0,0,0
26758,1000000US170315502002050,0,0,0,0,0,0,0,0,0,0,0,0,0,0,0,0,0,0
26759,1000000US170315502002051,0,0,0,0,0,0,0,0,0,0,0,0,0,0,0,0,0,0
26760,1000000US170315502002052,0,0,0,0,0,0,0,0,0,0,0,0,0,0,0,0,0,0
26761,1000000US170315502002053,0,0,0,0,0,0,0,0,0,0,0,0,0,0,0,0,0,0
26762,1000000US170315502002054,0,0,0,0,0,0,0,0,0,0,0,0,0,0,0,0,0,0
26763,1000000US170315502002055,0,0,0,0,0,0,0,0,0,0,0,0,0,0,0,0,0,0
26764,1000000US170315502002056,0,0,0,0,0,0,0,0,0,0,0,0,0,0,0,0,0,0
26765,1000000US170315502002057,0,0,0,0,0,0,0,0,0,0,0,0,0,0,0,0,0,0
26766,1000000US170315502002058,0,0,0,0,0,0,0,0,0,0,0,0,0,0,0,0,0,0
26767,1000000US170315502002059,0,0,0,0,0,0,0,0,0,0,0,0,0,0,0,0,0,0
26768,1000000US170315502002060,0,0,0,0,0,0,0,0,0,0,0,0,0,0,0,0,0,0
26769,1000000US170315502002061,0,0,0,0,0,0,0,0,0,0,0,0,0,0,0,0,0,0
26770,1000000US170315502002062,0,0,0,0,0,0,0,0,0,0,0,0,0,0,0,0,0,0
26771,1000000US170315502002063,0,0,0,0,0,0,0,0,0,0,0,0,0,0,0,0,0,0
26772,1000000US170315502002064,0,0,0,0,0,0,0,0,0,0,0,0,0,0,0,0,0,0
26773,1000000US170315502002065,5,5,0,0,0,0,0,5,0,0,0,0,3,3,0,5,0,0
26774,1000000US170315502002066,0,0,0,0,0,0,0,0,0,0,0,0,0,0,0,0,0,0
26775,1000000US170315502002067,2,0,0,2,0,0,2,0,0,2,2,2,1,1,0,2,0,0
26776,1000000US170315502002068,0,0,0,0,0,0,0,0,0,0,0,0,0,0,0,0,0,0
26777,1000000US170315502002069,0,0,0,0,0,0,0,0,0,0,0,0,0,0,0,0,0,0
26778,1000000US170315502002070,0,0,0,0,0,0,0,0,0,0,0,0,0,0,0,0,0,0
26779,1000000US170315502002071,0,0,0,0,0,0,0,0,0,0,0,0,0,0,0,0,0,0
26780,1000000US170315502002072,0,0,0,0,0,0,0,0,0,0,0,0,0,0,0,0,0,0
26781,1000000US170315502002073,0,0,0,0,0,0,0,0,0,0,0,0,0,0,0,0,0,0
26782,1000000US170315502002074,0,0,0,0,0,0,0,0,0,0,0,0,0,0,0,0,0,0
26783,1000000US170315502002075,0,0,0,0,0,0,0,0,0,0,0,0,0,0,0,0,0,0
26784,1000000US170315502002076,0,0,0,0,0,0,0,0,0,0,0,0,0,0,0,0,0,0
26785,1000000US170315502002077,0,0,0,0,0,0,0,0,0,0,0,0,0,0,0,0,0,0
26786,1000000US170315502002078,0,0,0,0,0,0,0,0,0,0,0,0,0,0,0,0,0,0
26787,1000000US170315502002079,0,0,0,0,0,0,0,0,0,0,0,0,0,0,0,0,0,0
26788,1000000US170315502002080,0,0,0,0,0,0,0,0,0,0,0,0,0,0,0,0,0,0
26789,1000000US170315502002081,0,0,0,0,0,0,0,0,0,0,0,0,0,0,0,0,0,0
26790,1000000US170315502002082,0,0,0,0,0,0,0,0,0,0,0,0,0,0,0,0,0,0
26791,1000000US170315502002083,0,0,0,0,0,0,0,0,0,0,0,0,0,0,0,0,0,0
26792,1000000US170315502002084,0,0,0,0,0,0,0,0,0,0,0,0,0,0,0,0,0,0
26793,1000000US170315502002085,0,0,0,0,0,0,0,0,0,0,0,0,0,0,0,0,0,0
26794,1000000US170315502002086,0,0,0,0,0,0,0,0,0,0,0,0,0,0,0,0,0,0
26795,1000000US170315502002087,0,0,0,0,0,0,0,0,0,0,0,0,0,0,0,0,0,0
26796,1000000US170315502002088,0,0,0,0,0,0,0,0,0,0,0,0,0,0,0,0,0,0
26797,1000000US170315502002089,0,0,0,0,0,0,0,0,0,0,0,0,0,0,0,0,0,0
26798,1000000US170315502002090,0,0,0,0,0,0,0,0,0,0,0,0,0,0,0,0,0,0
26799,1000000US170315502002091,0,0,0,0,0,0,0,0,0,0,0,0,0,0,0,0,0,0
26800,1000000US170315502002092,0,0,0,0,0,0,0,0,0,0,0,0,0,0,0,0,0,0
26801,1000000US170315502002093,0,0,0,0,0,0,0,0,0,0,0,0,0,0,0,0,0,0
26802,1000000US170315502002094,0,0,0,0,0,0,0,0,0,0,0,0,0,0,0,0,0,0
26803,1000000US170315502002095,0,0,0,0,0,0,0,0,0,0,0,0,0,0,0,0,0,0
26804,1000000US170315502002096,0,0,0,0,0,0,0,0,0,0,0,0,0,0,0,0,0,0
26805,1000000US170315502002097,0,0,0,0,0,0,0,0,0,0,0,0,0,0,0,0,0,0
26806,1000000US170315502002098,0,0,0,0,0,0,0,0,0,0,0,0,0,0,0,0,0,0
26807,1000000US170315502002099,0,0,0,0,0,0,0,0,0,0,0,0,0,0,0,0,0,0
26808,1000000US170315502002100,0,0,0,0,0,0,0,0,0,0,0,0,0,0,0,0,0,0
26809,1000000US170315502002101,0,0,0,0,0,0,0,0,0,0,0,0,0,0,0,0,0,0
26810,1000000US170315502002102,0,0,0,0,0,0,0,0,0,0,0,0,0,0,0,0,0,0
26811,1000000US170315502002103,0,0,0,0,0,0,0,0,0,0,0,0,0,0,0,0,0,0
26812,1000000US170315502002104,0,0,0,0,0,0,0,0,0,0,0,0,0,0,0,0,0,0
26813,1000000US170315502002105,0,0,0,0,0,0,0,0,0,0,0,0,0,0,0,0,0,0
26814,1000000US170315502002106,0,0,0,0,0,0,0,0,0,0,0,0,0,0,0,0,0,0
26815,1000000US170315502002107,0,0,0,0,0,0,0,0,0,0,0,0,0,0,0,0,0,0
26816,1000000US170315502002108,0,0,0,0,0,0,0,0,0,0,0,0,0,0,0,0,0,0
26817,1000000US170315502002109,0,0,0,0,0,0,0,0,0,0,0,0,0,0,0,0,0,0
26818,1000000US170315502002110,0,0,0,0,0,0,0,0,0,0,0,0,0,0,0,0,0,0
26819,1000000US170315502002111,0,0,0,0,0,0,0,0,0,0,0,0,0,0,0,0,0,0
26820,1000000US170315502002112,0,0,0,0,0,0,0,0,0,0,0,0,0,0,0,0,0,0
26821,1000000US170315502002113,0,0,0,0,0,0,0,0,0,0,0,0,0,0,0,0,0,0
26822,1000000US170315502002114,0,0,0,0,0,0,0,0,0,0,0,0,0,0,0,0,0,0
26823,1000000US170315502002115,0,0,0,0,0,0,0,0,0,0,0,0,0,0,0,0,0,0
26824,1000000US170315502002116,0,0,0,0,0,0,0,0,0,0,0,0,0,0,0,0,0,0
26825,1000000US170315502002117,0,0,0,0,0,0,0,0,0,0,0,0,0,0,0,0,0,0
26826,1000000US170315502002118,0,0,0,0,0,0,0,0,0,0,0,0,0,0,0,0,0,0
26827,1000000US170315502002119,29,17,0,3,0,0,9,20,0,9,12,0,14,13,1,36,3,0
26828,1000000US170315502002120,11,2,2,0,0,0,7,4,0,7,9,0,5,5,0,17,0,0
26829,1000000US170315502002121,34,24,0,0,1,0,9,25,0,9,10,1,23,22,1,36,0,0
26830,1000000US170315502002122,29,20,0,0,0,0,9,20,0,9,9,0,21,20,1,33,0,0
26831,1000000US170315502002123,0,0,0,0,0,0,0,0,0,0,0,0,0,0,0,0,0,0
26832,1000000US170315502002124,0,0,0,0,0,0,0,0,0,0,0,0,0,0,0,0,0,0
26833,1000000US170315502002125,35,26,0,0,0,0,9,26,0,9,9,2,19,17,2,53,0,0
26834,1000000US170315502002126,34,25,0,1,0,0,8,26,0,8,9,1,17,16,1,44,0,0
26835,1000000US170315502002127,20,14,0,0,0,0,6,14,0,6,6,0,14,12,2,25,0,0
26836,1000000US170315502002128,48,18,7,0,0,0,24,24,0,24,30,2,28,23,5,73,0,1
26837,1000000US170315502002129,44,11,6,0,0,0,28,16,0,28,33,5,20,19,1,59,0,1
26838,1000000US170315502002130,0,0,0,0,0,0,0,0,0,0,0,0,0,0,0,0,0,0
26839,1000000US170315502002131,0,0,0,0,0,0,0,0,0,0,0,0,0,0,0,0,0,0
26840,1000000US170315502002132,0,0,0,0,0,0,0,0,0,0,0,0,0,0,0,0,0,0
26841,1000000US170315601001000,0,0,0,0,0,0,0,0,0,0,0,0,0,0,0,0,0,0
26842,1000000US170315601001001,0,0,0,0,0,0,0,0,0,0,0,0,0,0,0,0,0,0
26843,1000000US170315601001002,0,0,0,0,0,0,0,0,0,0,0,0,0,0,0,0,0,0
26844,1000000US170315601001003,0,0,0,0,0,0,0,0,0,0,0,0,0,0,0,0,0,0
26845,1000000US170315601001004,0,0,0,0,0,0,0,0,0,0,0,0,0,0,0,0,0,0
26846,1000000US170315601001005,0,0,0,0,0,0,0,0,0,0,0,0,0,0,0,0,0,0
26847,1000000US170315601001006,0,0,0,0,0,0,0,0,0,0,0,0,0,0,0,0,0,0
26848,1000000US170315601001007,0,0,0,0,0,0,0,0,0,0,0,0,0,0,0,0,0,0
26849,1000000US170315601001008,0,0,0,0,0,0,0,0,0,0,0,0,0,0,0,0,0,0
26850,1000000US170315601001009,0,0,0,0,0,0,0,0,0,0,0,0,0,0,0,0,0,0
26851,1000000US170315601001010,0,0,0,0,0,0,0,0,0,0,0,0,0,0,0,0,0,0
26852,1000000US170315601001011,0,0,0,0,0,0,0,0,0,0,0,0,0,0,0,0,0,0
26853,1000000US170315601001012,0,0,0,0,0,0,0,0,0,0,0,0,0,0,0,0,0,0
26854,1000000US170315601001013,0,0,0,0,0,0,0,0,0,0,0,0,0,0,0,0,0,0
26855,1000000US170315601001014,0,0,0,0,0,0,0,0,0,0,0,0,0,0,0,0,0,0
26856,1000000US170315601001015,0,0,0,0,0,0,0,0,0,0,0,0,0,0,0,0,0,0
26857,1000000US170315601001016,0,0,0,0,0,0,0,0,0,0,0,0,0,0,0,0,0,0
26858,1000000US170315601001017,0,0,0,0,0,0,0,0,0,0,0,0,0,0,0,0,0,0
26859,1000000US170315601001018,0,0,0,0,0,0,0,0,0,0,0,0,0,0,0,0,0,0
26860,1000000US170315601001019,0,0,0,0,0,0,0,0,0,0,0,0,0,0,0,0,0,0
26861,1000000US170315601001020,0,0,0,0,0,0,0,0,0,0,0,0,0,0,0,0,0,0
26862,1000000US170315601001021,0,0,0,0,0,0,0,0,0,0,0,0,0,0,0,0,0,0
26863,1000000US170315601001022,0,0,0,0,0,0,0,0,0,0,0,0,0,0,0,0,0,0
26864,1000000US170315601001023,18,7,0,0,0,0,11,7,0,11,11,0,7,7,0,23,0,0
26865,1000000US170315601001024,0,0,0,0,0,0,0,0,0,0,0,0,0,0,0,0,0,0
26866,1000000US170315601001025,40,7,2,0,10,0,21,19,0,21,33,1,17,17,0,59,0,0
26867,1000000US170315601001026,41,3,2,0,14,0,22,19,0,22,38,4,15,15,0,61,0,0
26868,1000000US170315601001027,65,4,13,0,0,0,48,17,0,48,61,5,26,24,2,82,0,0
26869,1000000US170315601001028,0,0,0,0,0,0,0,0,0,0,0,0,0,0,0,0,0,0
26870,1000000US170315601001029,224,48,155,1,2,2,18,206,0,18,176,3,0,0,0,224,1,1
26871,1000000US170315601001030,36,3,2,0,10,0,22,14,0,22,33,2,15,13,2,48,0,0
26872,1000000US170315601001031,42,4,8,0,0,0,29,13,0,29,38,1,17,15,2,53,0,0
26873,1000000US170315601001032,38,5,3,0,0,0,30,8,0,30,33,0,16,16,0,52,0,0
26874,1000000US170315601001033,44,6,0,0,5,0,33,11,0,33,38,0,17,17,0,65,0,0
26875,1000000US170315601001034,25,11,14,0,0,0,0,25,0,0,14,0,12,11,1,32,0,0
26876,1000000US170315601001035,48,2,1,1,7,0,39,9,0,39,46,1,17,16,1,65,1,1
26877,1000000US170315601001036,51,7,0,0,10,0,34,17,0,34,44,2,16,16,0,72,0,0
26878,1000000US170315601001037,40,15,0,1,0,0,24,16,0,24,25,2,14,14,0,56,0,0
26879,1000000US170315601001038,48,6,2,0,2,0,38,10,0,38,42,2,16,16,0,71,0,0
26880,1000000US170315601001039,40,6,0,0,4,0,30,10,0,30,34,0,14,14,0,59,0,0
26881,1000000US170315601001040,0,0,0,0,0,0,0,0,0,0,0,0,0,0,0,0,0,0
26882,1000000US170315601001041,0,0,0,0,0,0,0,0,0,0,0,0,0,0,0,0,0,0
26883,1000000US170315601001042,55,6,2,0,0,0,47,8,0,47,49,7,19,17,2,73,0,0
26884,1000000US170315601001043,34,2,3,1,0,0,30,4,0,30,32,0,16,14,2,56,1,1
26885,1000000US170315601001044,46,4,2,4,1,3,39,7,0,39,42,9,18,15,3,60,0,0
26886,1000000US170315601001045,34,9,0,0,0,0,25,9,0,25,25,0,14,14,0,45,0,0
26887,1000000US170315601001046,45,5,4,0,5,0,31,14,0,31,40,0,13,13,0,54,0,0
26888,1000000US170315601001047,53,10,2,2,0,0,41,12,0,41,43,3,26,25,1,77,2,2
26889,1000000US170315601001048,49,8,23,0,1,0,17,32,0,17,41,0,23,21,2,67,0,0
26890,1000000US170315601001049,13,1,0,0,2,0,10,3,0,10,12,0,6,6,0,19,0,0
26891,1000000US170315601001050,0,0,0,0,0,0,0,0,0,0,0,0,0,0,0,0,0,0
26892,1000000US170315602001000,0,0,0,0,0,0,0,0,0,0,0,0,0,0,0,0,0,0
26893,1000000US170315602001001,0,0,0,0,0,0,0,0,0,0,0,0,69,0,69,0,0,0
26894,1000000US170315602001002,0,0,0,0,0,0,0,0,0,0,0,0,57,0,57,0,0,0
26895,1000000US170315602001003,0,0,0,0,0,0,0,0,0,0,0,0,106,0,106,0,0,0
26896,1000000US170315602001004,0,0,0,0,0,0,0,0,0,0,0,0,82,0,82,0,0,0
26897,1000000US170315602001005,31,0,28,0,0,0,3,28,0,3,31,0,13,13,0,41,0,0
26898,1000000US170315602001006,0,0,0,0,0,0,0,0,0,0,0,0,0,0,0,0,0,0
26899,1000000US170315602001007,19,0,19,0,0,0,0,19,0,0,19,0,12,11,1,27,0,0
26900,1000000US170315602001008,17,0,17,0,0,0,0,17,0,0,17,0,10,9,1,28,0,0
26901,1000000US170315602001009,21,0,19,0,0,0,2,19,0,2,21,0,10,10,0,31,0,0
26902,1000000US170315602001010,52,1,47,1,0,0,4,48,0,4,51,2,24,23,1,91,0,1
26903,1000000US170315602001011,27,0,27,0,0,0,0,27,0,0,27,0,12,12,0,36,0,0
26904,1000000US170315602001012,32,0,32,0,0,0,0,32,0,0,32,0,13,11,2,41,0,0
26905,1000000US170315602002000,0,0,0,0,0,0,0,0,0,0,0,0,101,0,101,0,0,0
26906,1000000US170315602002001,0,0,0,0,0,0,0,0,0,0,0,0,49,0,49,0,0,0
26907,1000000US170315602002002,0,0,0,0,0,0,0,0,0,0,0,0,48,0,48,0,0,0
26908,1000000US170315602002003,0,0,0,0,0,0,0,0,0,0,0,0,12,0,12,0,0,0
26909,1000000US170315602002004,0,0,0,0,0,0,0,0,0,0,0,0,22,0,22,0,0,0
26910,1000000US170315602002005,0,0,0,0,0,0,0,0,0,0,0,0,36,0,36,0,0,0
26911,1000000US170315602002006,0,0,0,0,0,0,0,0,0,0,0,0,26,0,26,0,0,0
26912,1000000US170315602003000,0,0,0,0,0,0,0,0,0,0,0,0,0,0,0,0,0,0
26913,1000000US170315602003001,44,0,41,0,0,0,3,41,0,3,44,0,20,16,4,58,0,0
26914,1000000US170315602003002,46,0,46,0,0,0,0,46,0,0,46,0,20,18,2,62,0,0
26915,1000000US170315602003003,46,0,42,0,0,0,4,42,0,4,46,0,20,16,4,58,0,0
26916,1000000US170315602003004,41,0,35,0,0,0,6,35,0,6,41,0,16,15,1,66,0,0
26917,1000000US170315602003005,62,2,55,0,2,0,7,55,0,7,60,2,20,19,1,84,0,2
26918,1000000US170315602003006,37,0,34,0,0,0,3,34,0,3,37,0,20,16,4,55,0,0
26919,1000000US170315602003007,44,0,40,0,0,0,4,40,0,4,44,0,18,16,2,64,0,0
26920,1000000US170315602003008,42,0,39,0,0,0,3,39,0,3,42,0,20,19,1,69,0,0
26921,1000000US170315602003009,55,2,42,0,0,0,11,44,0,11,53,0,20,20,0,67,0,0
26922,1000000US170315602003010,43,0,41,0,0,0,2,41,0,2,43,2,21,19,2,58,0,0
26923,1000000US170315602003011,52,0,52,0,0,0,0,52,0,0,52,0,20,20,0,59,0,0
26924,1000000US170315602003012,49,0,42,0,0,0,7,42,0,7,49,0,20,18,2,58,0,0
26925,1000000US170315602003013,47,0,39,0,0,0,8,39,0,8,47,0,20,20,0,64,0,0
26926,1000000US170315602003014,50,0,50,0,0,0,0,50,0,0,50,0,20,19,1,63,0,0
26927,1000000US170315602003015,30,0,30,0,0,0,0,30,0,0,30,0,12,11,1,38,0,0
26928,1000000US170315602003016,29,1,19,1,0,0,9,20,0,9,28,0,12,12,0,37,1,0
26929,1000000US170315602003017,31,0,27,0,0,0,4,27,0,4,31,0,15,12,3,41,0,0
26930,1000000US170315602003018,39,0,39,0,0,0,0,39,0,0,39,0,15,15,0,48,0,0
26931,1000000US170315602003019,36,1,31,0,0,0,4,32,0,4,35,0,14,13,1,44,0,0
26932,1000000US170315602003020,40,0,34,0,0,0,6,34,0,6,40,0,15,15,0,48,0,0
26933,1000000US170315602003021,35,0,25,0,0,0,8,27,0,8,35,2,15,14,1,43,0,0
26934,1000000US170315602003022,42,0,39,0,0,0,5,37,0,5,42,0,16,16,0,48,0,2
26935,1000000US170315602003023,40,0,22,0,0,0,18,22,0,18,40,0,14,13,1,52,0,0
26936,1000000US170315602003024,0,0,0,0,0,0,0,0,0,0,0,0,0,0,0,0,0,0
26937,1000000US170315602003025,28,0,28,0,0,0,0,28,0,0,28,0,15,13,2,35,0,0
26938,1000000US170315602003026,30,0,30,0,0,0,0,30,0,0,30,0,15,14,1,40,0,0
26939,1000000US170315602003027,46,0,37,0,0,0,9,37,0,9,46,0,15,15,0,52,0,0
26940,1000000US170315602003028,0,0,0,0,0,0,0,0,0,0,0,0,0,0,0,0,0,0
26941,1000000US170315602003029,0,0,0,0,0,0,0,0,0,0,0,0,0,0,0,0,0,0
26942,1000000US170315602003030,0,0,0,0,0,0,0,0,0,0,0,0,0,0,0,0,0,0
26943,1000000US170315602003031,0,0,0,0,0,0,0,0,0,0,0,0,0,0,0,0,0,0
26944,1000000US170315602003032,0,0,0,0,0,0,0,0,0,0,0,0,1,0,1,0,0,0
26945,1000000US170315602003033,0,0,0,0,0,0,0,0,0,0,0,0,0,0,0,0,0,0
26946,1000000US170315602003034,12,0,7,0,0,0,5,7,0,5,12,5,4,3,1,15,0,0
26947,1000000US170315603001000,0,0,0,0,0,0,0,0,0,0,0,0,0,0,0,0,0,0
26948,1000000US170315603001001,0,0,0,0,0,0,0,0,0,0,0,0,0,0,0,0,0,0
26949,1000000US170315603001002,0,0,0,0,0,0,0,0,0,0,0,0,0,0,0,0,0,0
26950,1000000US170315603001003,0,0,0,0,0,0,0,0,0,0,0,0,0,0,0,0,0,0
26951,1000000US170315603001004,7,1,0,0,0,0,6,1,0,6,6,6,2,2,0,7,0,0
26952,1000000US170315603001005,0,0,0,0,0,0,0,0,0,0,0,0,0,0,0,0,0,0
26953,1000000US170315603001006,0,0,0,0,0,0,0,0,0,0,0,0,0,0,0,0,0,0
26954,1000000US170315603001007,0,0,0,0,0,0,0,0,0,0,0,0,0,0,0,0,0,0
26955,1000000US170315603001008,28,7,3,0,0,0,17,11,0,17,21,1,15,13,2,42,0,0
26956,1000000US170315603001009,40,12,5,0,0,0,23,17,0,23,28,1,15,15,0,52,0,0
26957,1000000US170315603001010,37,2,15,0,0,0,20,17,0,20,35,0,15,15,0,54,0,0
26958,1000000US170315603001011,45,8,1,0,0,0,36,9,0,36,37,6,15,15,0,64,0,0
26959,1000000US170315603001012,44,11,6,0,0,0,27,17,0,27,33,0,15,14,1,72,0,0
26960,1000000US170315603001013,37,10,3,0,2,0,25,12,0,25,27,7,15,15,0,55,0,1
26961,1000000US170315603001014,48,5,4,0,0,0,39,9,0,39,43,0,21,19,2,67,0,0
26962,1000000US170315603001015,0,0,0,0,0,0,0,0,0,0,0,0,0,0,0,0,0,0
26963,1000000US170315603001016,52,15,3,0,0,0,34,18,0,34,37,0,20,19,1,77,0,0
26964,1000000US170315603001017,55,20,0,0,5,0,30,25,0,30,35,0,20,20,0,82,0,0
26965,1000000US170315603001018,46,20,0,0,4,0,22,24,0,22,26,0,20,20,0,60,0,0
26966,1000000US170315603001019,50,15,11,1,3,0,23,27,0,23,35,1,20,20,0,74,1,0
26967,1000000US170315603001020,41,13,5,0,4,0,21,20,0,21,28,0,20,17,3,54,0,2
26968,1000000US170315603001021,33,13,4,0,0,0,16,17,0,16,20,0,15,15,0,48,0,0
26969,1000000US170315603001022,38,8,0,0,0,0,30,8,0,30,30,0,15,14,1,53,0,0
26970,1000000US170315603001023,38,11,4,1,0,0,23,15,0,23,27,0,15,14,1,54,1,0
26971,1000000US170315603001024,38,13,0,0,8,0,17,21,0,17,25,1,15,14,1,58,0,0
26972,1000000US170315603001025,36,10,13,0,0,0,13,23,0,13,26,0,15,15,0,47,0,0
26973,1000000US170315603001026,39,9,5,0,0,0,25,14,0,25,30,0,15,15,0,61,0,0
26974,1000000US170315603001027,37,7,3,0,0,0,27,10,0,27,30,2,15,15,0,53,0,0
26975,1000000US170315603001028,40,13,4,0,0,0,23,17,0,23,27,0,15,15,0,50,0,0
26976,1000000US170315603001029,35,15,0,0,3,0,17,18,0,17,20,1,13,13,0,56,0,0
26977,1000000US170315603001030,13,4,0,1,1,0,8,5,0,8,9,0,7,7,0,23,1,0
26978,1000000US170315603001031,44,29,0,0,1,0,14,30,0,14,15,0,20,20,0,54,0,0
26979,1000000US170315603001032,54,22,0,0,4,0,28,26,0,28,32,0,20,19,1,73,0,0
26980,1000000US170315603001033,48,11,2,0,0,0,35,13,0,35,37,2,20,19,1,64,0,0
26981,1000000US170315603001034,41,15,2,0,2,0,22,19,0,22,26,0,20,20,0,53,0,0
26982,1000000US170315603001035,46,11,1,0,1,0,34,12,0,34,35,1,20,19,1,63,0,0
26983,1000000US170315603001036,37,16,1,0,0,0,20,17,0,20,21,0,19,17,2,53,0,0
26984,1000000US170315603001037,10,0,3,0,0,0,7,3,0,7,10,0,4,3,1,14,0,0
26985,1000000US170315603001038,52,33,2,0,0,0,18,34,0,18,19,0,20,19,1,70,0,1
26986,1000000US170315603002000,2,1,0,0,0,0,1,1,0,1,1,0,2,2,0,2,0,0
26987,1000000US170315603002001,43,20,0,0,2,0,21,22,0,21,23,0,20,18,2,68,0,0
26988,1000000US170315603002002,53,16,2,0,0,0,35,18,0,35,37,0,20,20,0,79,0,0
26989,1000000US170315603002003,40,14,3,3,0,0,23,17,0,23,26,0,17,17,0,57,3,0
26990,1000000US170315603002004,30,11,2,0,0,0,19,11,0,19,19,2,13,13,0,40,0,2
26991,1000000US170315603002005,49,14,1,0,2,0,34,15,0,34,35,4,20,20,0,67,0,1
26992,1000000US170315603002006,0,0,0,0,0,0,0,0,0,0,0,0,1,0,1,0,0,0
26993,1000000US170315603002007,41,26,1,1,0,0,15,26,0,15,15,0,19,19,0,53,1,1
26994,1000000US170315603002008,41,25,0,0,2,0,14,27,0,14,16,0,20,20,0,46,0,0
26995,1000000US170315603002009,54,21,4,0,1,0,32,22,0,32,33,0,20,19,1,78,0,4
26996,1000000US170315603002010,53,15,4,1,0,0,38,15,0,38,38,6,24,24,0,75,1,4
26997,1000000US170315603002011,49,30,0,0,0,0,19,30,0,19,19,6,20,20,0,60,0,0
26998,1000000US170315603002012,42,18,0,7,4,0,21,21,0,21,24,1,18,16,2,64,7,0
26999,1000000US170315603002013,53,35,0,0,0,0,18,35,0,18,18,0,20,20,0,68,0,0
27000,1000000US170315603002014,55,28,0,0,0,0,27,28,0,27,27,0,20,20,0,63,0,0
27001,1000000US170315603002015,45,24,1,0,0,0,19,26,0,19,21,1,20,19,1,59,0,1
27002,1000000US170315603002016,62,16,0,0,3,0,43,19,0,43,46,0,20,20,0,90,0,0
27003,1000000US170315603002017,43,33,0,0,0,0,10,33,0,10,10,0,19,19,0,51,0,0
27004,1000000US170315603002018,46,30,0,0,2,0,14,32,0,14,16,0,17,17,0,59,0,0
27005,1000000US170315603002019,42,11,0,0,0,0,31,11,0,31,31,0,16,15,1,65,0,0
27006,1000000US170315603002020,48,32,0,0,0,0,16,32,0,16,16,0,20,19,1,67,0,0
27007,1000000US170315603002021,54,35,1,0,2,0,17,37,0,17,19,1,20,20,0,67,0,1
27008,1000000US170315603002022,45,10,0,0,0,0,35,10,0,35,35,2,16,14,2,57,0,0
27009,1000000US170315603002023,36,18,0,0,1,0,17,19,0,17,18,1,15,15,0,42,0,0
27010,1000000US170315603002024,37,14,0,0,1,0,22,15,0,22,23,0,18,18,0,53,0,0
27011,1000000US170315603002025,40,16,0,0,0,0,24,16,0,24,24,0,18,17,1,50,0,0
27012,1000000US170315603002026,0,0,0,0,0,0,0,0,0,0,0,0,0,0,0,0,0,0
27013,1000000US170315604001000,12,0,0,0,2,0,12,0,0,12,12,2,4,4,0,26,0,0
27014,1000000US170315604001001,3,1,0,0,0,0,2,1,0,2,2,0,2,2,0,7,0,0
27015,1000000US170315604001002,0,0,0,0,0,0,0,0,0,0,0,0,0,0,0,0,0,0
27016,1000000US170315604001003,0,0,0,0,0,0,0,0,0,0,0,0,0,0,0,0,0,0
27017,1000000US170315604001004,0,0,0,0,0,0,0,0,0,0,0,0,0,0,0,0,0,0
27018,1000000US170315604001005,47,2,0,0,0,0,45,2,0,45,45,0,15,14,1,72,0,0
27019,1000000US170315604001006,40,4,0,0,4,0,32,8,0,32,36,0,15,13,2,53,0,0
27020,1000000US170315604001007,52,14,0,0,4,0,34,18,0,34,38,0,15,15,0,69,0,0
27021,1000000US170315604001008,34,14,0,0,0,0,20,14,0,20,20,0,14,14,0,45,0,0
27022,1000000US170315604001009,30,7,0,4,2,0,21,9,0,21,23,0,13,11,2,45,4,0
27023,1000000US170315604001010,49,12,0,0,0,0,37,12,0,37,37,0,20,19,1,74,0,0
27024,1000000US170315604001011,65,9,0,4,4,0,52,13,0,52,56,3,20,20,0,92,4,0
27025,1000000US170315604001012,57,24,0,0,3,0,30,27,0,30,33,0,21,21,0,69,0,0
27026,1000000US170315604001013,48,17,0,0,0,4,31,17,0,31,31,5,19,17,2,63,0,0
27027,1000000US170315604001014,60,8,14,0,0,0,52,8,0,52,52,0,19,18,1,83,0,14
27028,1000000US170315604001015,0,0,0,0,0,0,0,0,0,0,0,0,0,0,0,0,0,0
27029,1000000US170315604001016,0,0,0,0,0,0,0,0,0,0,0,0,0,0,0,0,0,0
27030,1000000US170315604001017,50,21,0,3,0,0,26,24,0,26,29,1,20,19,1,64,2,0
27031,1000000US170315604001018,52,30,0,0,0,0,22,30,0,22,22,0,20,20,0,70,0,0
27032,1000000US170315604001019,46,14,3,0,3,0,27,19,0,27,32,1,20,20,0,66,0,0
27033,1000000US170315604001020,49,18,5,1,5,0,21,28,0,21,31,4,20,20,0,61,1,0
27034,1000000US170315604001021,52,22,0,1,2,1,29,23,0,29,30,2,20,19,1,70,1,0
27035,1000000US170315604001022,40,24,0,0,0,0,16,24,0,16,16,0,20,18,2,45,0,0
27036,1000000US170315604001023,39,9,0,0,2,0,28,11,0,28,30,0,12,12,0,50,0,0
27037,1000000US170315604001024,32,14,0,0,0,0,18,14,0,18,18,0,15,14,1,45,0,0
27038,1000000US170315604001025,17,7,0,0,0,0,10,7,0,10,10,0,12,11,1,19,0,0
27039,1000000US170315604001026,26,8,0,0,4,0,14,12,0,14,18,0,9,9,0,37,0,0
27040,1000000US170315604001027,33,10,0,0,0,0,23,10,0,23,23,0,15,15,0,44,0,0
27041,1000000US170315604001028,46,20,0,0,0,0,25,21,0,25,26,1,16,16,0,59,0,0
27042,1000000US170315604001029,35,18,1,0,2,0,15,20,0,15,17,2,15,14,1,45,0,1
27043,1000000US170315604001030,37,13,3,8,0,0,24,13,0,24,24,3,15,14,1,44,8,3
27044,1000000US170315604001031,0,0,0,0,0,0,0,0,0,0,0,0,0,0,0,0,0,0
27045,1000000US170315604001032,9,1,0,0,0,0,8,1,0,8,8,0,4,4,0,17,0,0
27046,1000000US170315604001033,20,4,0,0,6,0,16,4,0,16,16,0,9,7,2,34,0,0
27047,1000000US170315604001034,40,22,0,0,0,0,18,22,0,18,18,0,15,15,0,48,0,0
27048,1000000US170315607001000,53,18,0,0,0,0,35,18,0,35,35,1,33,32,1,70,0,0
27049,1000000US170315607001001,84,31,0,7,6,0,47,37,0,47,53,7,43,38,5,107,2,0
27050,1000000US170315607001002,0,0,0,0,0,0,0,0,0,0,0,0,0,0,0,0,0,0
27051,1000000US170315607001003,37,24,0,0,0,0,13,24,0,13,13,1,19,17,2,42,0,0
27052,1000000US170315607001004,0,0,0,0,0,0,0,0,0,0,0,0,0,0,0,0,0,0
27053,1000000US170315607001005,23,11,0,0,0,0,12,11,0,12,12,0,8,8,0,35,0,0
27054,1000000US170315607001006,59,30,0,0,0,0,28,31,0,28,29,2,32,30,2,84,0,0
27055,1000000US170315607001007,36,14,0,0,0,0,22,14,0,22,22,0,15,15,0,51,0,0
27056,1000000US170315607001008,26,20,0,0,0,0,6,20,0,6,6,0,21,18,3,35,0,0
27057,1000000US170315607001009,13,13,0,0,0,0,0,13,0,0,0,0,10,8,2,13,0,0
27058,1000000US170315607001010,29,19,0,0,0,0,10,19,0,10,10,0,13,13,0,33,0,0
27059,1000000US170315607001011,53,26,4,0,0,0,23,30,0,23,27,0,25,25,0,74,0,0
27060,1000000US170315607001012,47,8,0,3,0,0,39,8,0,39,39,3,20,20,0,66,0,0
27061,1000000US170315607001013,37,23,0,0,0,0,14,23,0,14,14,0,20,20,0,49,0,0
27062,1000000US170315607001014,38,23,0,0,0,0,15,23,0,15,15,0,19,19,0,52,0,0
27063,1000000US170315607001015,37,15,4,0,0,0,22,15,0,22,22,1,16,14,2,51,0,4
27064,1000000US170315607001016,39,25,0,0,0,0,14,25,0,14,14,1,14,14,0,53,0,0
27065,1000000US170315607001017,99,50,2,3,0,1,47,52,0,47,49,6,62,59,3,127,0,0
27066,1000000US170315607001018,53,28,1,0,0,0,24,29,0,24,25,1,20,19,1,75,0,0
27067,1000000US170315607001019,31,23,0,0,0,0,8,23,0,8,8,0,14,13,1,46,0,0
27068,1000000US170315607001020,49,28,5,0,0,0,16,33,0,16,21,0,25,24,1,66,0,0
27069,1000000US170315607001021,49,14,0,3,0,0,35,14,0,35,35,5,21,20,1,74,3,0
27070,1000000US170315607001022,48,33,1,0,0,0,14,34,0,14,15,0,22,19,3,68,0,0
27071,1000000US170315607001023,31,10,9,0,0,0,12,19,0,12,21,3,27,22,5,36,0,0
27072,1000000US170315607001024,31,28,0,0,1,0,2,29,0,2,3,0,18,17,1,37,0,0
27073,1000000US170315607001025,0,0,0,0,0,0,0,0,0,0,0,0,0,0,0,0,0,0
27074,1000000US170315607002000,52,38,0,0,0,0,14,38,0,14,14,0,21,19,2,60,0,0
27075,1000000US170315607002001,52,35,1,0,1,0,15,37,0,15,17,1,23,21,2,74,0,0
27076,1000000US170315607002002,59,44,0,0,0,0,15,44,0,15,15,2,19,19,0,77,0,0
27077,1000000US170315607002003,63,37,0,0,0,0,26,37,0,26,26,0,25,25,0,84,0,0
27078,1000000US170315607002004,51,21,0,1,0,0,30,21,0,30,30,0,23,22,1,68,1,0
27079,1000000US170315607002005,55,28,0,0,2,0,25,30,0,25,27,0,24,23,1,86,0,0
27080,1000000US170315607002006,46,14,0,0,0,0,31,15,0,31,32,1,21,20,1,67,0,0
27081,1000000US170315607002007,55,33,0,0,0,0,22,33,0,22,22,0,22,22,0,71,0,0
27082,1000000US170315607002008,41,13,0,0,0,0,28,13,0,28,28,1,18,17,1,58,0,0
27083,1000000US170315607002009,57,40,0,6,0,0,17,40,0,17,17,5,20,20,0,73,1,0
27084,1000000US170315607002010,0,0,0,0,0,0,0,0,0,0,0,0,0,0,0,0,0,0
27085,1000000US170315607002011,36,28,0,0,0,0,8,28,0,8,8,0,22,20,2,51,0,0
27086,1000000US170315607002012,46,29,0,0,0,0,17,29,0,17,17,2,21,20,1,61,0,0
27087,1000000US170315607002013,41,25,0,1,1,0,16,25,0,16,16,1,20,20,0,50,1,0
27088,1000000US170315607002014,35,12,0,0,0,0,23,12,0,23,23,0,15,14,1,44,0,0
27089,1000000US170315607002015,70,26,0,0,9,0,36,34,0,36,44,0,27,25,2,86,0,0
27090,1000000US170315607002016,43,24,0,0,0,0,19,24,0,19,19,0,20,19,1,67,0,0
27091,1000000US170315607002017,46,21,5,0,0,0,24,22,0,24,25,11,19,18,1,64,0,5
27092,1000000US170315607002018,47,20,0,0,0,0,27,20,0,27,27,6,20,19,1,66,0,0
27093,1000000US170315607002019,36,18,0,1,0,0,18,18,0,18,18,1,17,14,3,46,0,0
27094,1000000US170315607002020,34,24,2,0,0,0,10,24,0,10,10,0,18,17,1,50,0,2
27095,1000000US170315607002021,18,14,0,0,0,0,4,14,0,4,4,0,11,10,1,26,0,0
27096,1000000US170315607002022,39,12,0,2,2,0,25,14,0,25,27,0,17,17,0,54,2,0
27097,1000000US170315607002023,46,17,0,1,0,0,28,18,0,28,29,0,20,19,1,61,1,0
27098,1000000US170315607002024,49,28,0,0,0,0,21,28,0,21,21,4,27,24,3,67,0,0
27099,1000000US170315607002025,24,19,0,0,0,0,5,19,0,5,5,0,15,13,2,33,0,0
27100,1000000US170315607002026,41,17,0,1,0,0,24,17,0,24,24,1,18,16,2,54,0,0
27101,1000000US170315607002027,20,11,0,0,0,0,9,11,0,9,9,0,11,9,2,26,0,0
27102,1000000US170315607002028,24,16,0,7,0,0,8,16,0,8,8,7,9,8,1,30,0,0
27103,1000000US170315607002029,20,13,0,0,0,0,7,13,0,7,7,0,9,8,1,29,0,0
27104,1000000US170315607002030,18,9,0,1,3,0,9,9,0,9,9,3,9,8,1,22,1,0
27105,1000000US170315607002031,0,0,0,0,0,0,0,0,0,0,0,0,0,0,0,0,0,0
27106,1000000US170315607002032,36,17,0,0,0,0,19,17,0,19,19,3,26,22,4,43,0,0
27107,1000000US170315607002033,15,11,0,2,0,0,4,11,0,4,4,0,10,10,0,18,2,0
27108,1000000US170315607002034,6,3,0,0,0,0,3,3,0,3,3,0,7,4,3,6,0,0
27109,1000000US170315607002035,25,14,0,0,0,0,11,14,0,11,11,0,15,15,0,36,0,0
27110,1000000US170315607002036,32,24,2,0,0,0,7,25,0,7,8,1,23,20,3,34,0,1
27111,1000000US170315607002037,14,7,0,0,0,0,7,7,0,7,7,0,9,9,0,28,0,0
27112,1000000US170315607002038,0,0,0,0,0,0,0,0,0,0,0,0,0,0,0,0,0,0
27113,1000000US170315607002039,0,0,0,0,0,0,0,0,0,0,0,0,0,0,0,0,0,0
27114,1000000US170315607002040,0,0,0,0,0,0,0,0,0,0,0,0,0,0,0,0,0,0
27115,1000000US170315607002041,54,30,0,0,0,0,23,31,0,23,24,1,28,28,0,75,0,0
27116,1000000US170315607002042,0,0,0,0,0,0,0,0,0,0,0,0,0,0,0,0,0,0
27117,1000000US170315607002043,4,2,0,0,0,0,2,2,0,2,2,0,2,2,0,6,0,0
27118,1000000US170315607002044,38,25,1,0,0,0,12,26,0,12,13,0,20,19,1,52,0,0
27119,1000000US170315607002045,0,0,0,0,0,0,0,0,0,0,0,0,0,0,0,0,0,0
27120,1000000US170315607002046,6,5,0,0,0,0,1,5,0,1,1,0,4,4,0,6,0,0
27121,1000000US170315607002047,10,8,0,0,0,0,2,8,0,2,2,0,4,4,0,14,0,0
27122,1000000US170315607002048,19,9,1,0,0,0,9,10,0,9,10,1,13,12,1,33,0,0
27123,1000000US170315607002049,15,13,1,0,0,0,1,14,0,1,2,0,11,7,4,24,0,0
27124,1000000US170315607002050,15,13,0,0,0,0,2,13,0,2,2,0,10,8,2,17,0,0
27125,1000000US170315607002051,20,7,0,0,4,0,9,11,0,9,13,0,13,11,2,30,0,0
27126,1000000US170315607002052,6,2,0,0,0,0,4,2,0,4,4,0,2,2,0,7,0,0
27127,1000000US170315607002053,6,6,0,0,0,0,0,6,0,0,0,0,3,3,0,6,0,0
27128,1000000US170315608001000,43,17,0,0,0,0,26,17,0,26,26,0,21,19,2,53,0,0
27129,1000000US170315608001001,43,26,0,0,3,0,14,29,0,14,17,0,18,18,0,55,0,0
27130,1000000US170315608001002,54,17,0,0,0,0,37,17,0,37,37,0,20,20,0,71,0,0
27131,1000000US170315608001003,42,28,1,0,2,0,11,31,0,11,14,2,17,17,0,59,0,0
27132,1000000US170315608001004,38,21,0,0,0,0,17,21,0,17,17,0,18,17,1,61,0,0
27133,1000000US170315608001005,39,17,0,1,0,0,22,17,0,22,22,2,18,18,0,54,1,0
27134,1000000US170315608001006,42,23,0,0,3,0,16,26,0,16,19,0,21,20,1,49,0,0
27135,1000000US170315608001007,35,26,0,0,0,0,9,26,0,9,9,1,20,19,1,47,0,0
27136,1000000US170315608001008,34,29,0,0,0,0,5,29,0,5,5,0,17,16,1,43,0,0
27137,1000000US170315608001009,36,16,0,0,0,0,20,16,0,20,20,1,17,16,1,51,0,0
27138,1000000US170315608001010,32,22,0,3,1,0,7,25,0,7,10,2,18,17,1,40,1,0
27139,1000000US170315608001011,30,21,0,0,0,0,9,21,0,9,9,0,14,13,1,37,0,0
27140,1000000US170315608001012,30,28,0,0,0,0,2,28,0,2,2,1,13,13,0,41,0,0
27141,1000000US170315608001013,52,27,0,0,0,0,25,27,0,25,25,0,23,22,1,77,0,0
27142,1000000US170315608001014,45,25,0,0,0,0,20,25,0,20,20,0,24,23,1,70,0,0
27143,1000000US170315608001015,56,21,0,4,0,0,35,21,0,35,35,5,22,21,1,80,4,0
27144,1000000US170315608001016,6,4,0,0,0,0,2,4,0,2,2,2,3,3,0,8,0,0
27145,1000000US170315608001017,4,4,0,0,0,0,0,4,0,0,0,0,3,3,0,4,0,0
27146,1000000US170315608001018,9,7,0,0,0,0,2,7,0,2,2,0,6,6,0,14,0,0
27147,1000000US170315608001019,6,4,0,0,0,0,2,4,0,2,2,0,3,3,0,8,0,0
27148,1000000US170315608001020,7,5,0,0,0,0,2,5,0,2,2,2,4,4,0,9,0,0
27149,1000000US170315608001021,16,3,0,0,0,0,13,3,0,13,13,0,6,6,0,22,0,0
27150,1000000US170315608001022,14,9,0,0,0,0,5,9,0,5,5,0,7,7,0,16,0,0
27151,1000000US170315608001023,17,14,0,0,0,0,3,14,0,3,3,0,9,9,0,20,0,0
27152,1000000US170315608001024,0,0,0,0,0,0,0,0,0,0,0,0,0,0,0,0,0,0
27153,1000000US170315608001025,17,5,2,3,0,0,10,7,0,10,12,1,12,10,2,25,3,0
27154,1000000US170315608001026,11,11,0,0,0,0,0,11,0,0,0,0,5,5,0,11,0,0
27155,1000000US170315608001027,20,13,0,0,0,0,7,13,0,7,7,0,11,10,1,24,0,0
27156,1000000US170315608001028,88,73,0,0,0,0,15,73,0,15,15,0,58,54,4,95,0,0
27157,1000000US170315608001029,2,0,0,0,2,0,0,2,0,0,2,2,2,1,1,2,0,0
27158,1000000US170315608001030,30,20,1,4,2,0,10,20,0,10,10,2,14,13,1,34,4,1
27159,1000000US170315608001031,0,0,0,0,0,0,0,0,0,0,0,0,0,0,0,0,0,0
27160,1000000US170315608001032,0,0,0,0,0,0,0,0,0,0,0,0,0,0,0,0,0,0
27161,1000000US170315608002000,36,11,0,0,0,0,25,11,0,25,25,8,18,16,2,47,0,0
27162,1000000US170315608002001,42,30,0,0,0,0,12,30,0,12,12,0,19,19,0,54,0,0
27163,1000000US170315608002002,33,21,0,0,0,0,12,21,0,12,12,0,18,17,1,43,0,0
27164,1000000US170315608002003,30,21,0,0,0,0,9,21,0,9,9,1,17,15,2,39,0,0
27165,1000000US170315608002004,34,25,1,0,1,0,8,26,0,8,9,0,18,17,1,45,0,1
27166,1000000US170315608002005,36,25,0,0,0,0,11,25,0,11,11,0,16,16,0,43,0,0
27167,1000000US170315608002006,32,24,0,0,0,0,8,24,0,8,8,0,19,15,4,41,0,0
27168,1000000US170315608002007,40,34,0,0,0,0,6,34,0,6,6,0,21,21,0,49,0,0
27169,1000000US170315608002008,31,24,0,0,0,0,7,24,0,7,7,0,18,17,1,38,0,0
27170,1000000US170315608002009,35,21,0,1,0,0,14,21,0,14,14,0,17,17,0,48,1,0
27171,1000000US170315608002010,29,22,0,1,2,0,5,24,0,5,7,2,15,15,0,47,1,0
27172,1000000US170315608002011,36,22,0,0,0,0,14,22,0,14,14,0,17,17,0,55,0,0
27173,1000000US170315608002012,31,25,0,0,0,0,6,25,0,6,6,0,18,16,2,39,0,0
27174,1000000US170315608002013,35,12,2,0,0,0,23,12,0,23,23,0,17,17,0,52,0,2
27175,1000000US170315608002014,28,17,0,0,0,0,11,17,0,11,11,0,17,17,0,33,0,0
27176,1000000US170315608002015,40,27,0,0,0,0,13,27,0,13,13,0,17,17,0,55,0,0
27177,1000000US170315608002016,18,13,0,0,0,0,5,13,0,5,5,0,8,8,0,22,0,0
27178,1000000US170315608002017,23,20,0,0,0,0,3,20,0,3,3,0,11,11,0,28,0,0
27179,1000000US170315608002018,33,24,0,0,0,0,9,24,0,9,9,0,14,14,0,43,0,0
27180,1000000US170315608002019,29,16,0,0,0,0,13,16,0,13,13,0,13,13,0,33,0,0
27181,1000000US170315608002020,28,15,0,0,0,0,13,15,0,13,13,0,13,13,0,35,0,0
27182,1000000US170315608002021,29,19,0,0,0,0,10,19,0,10,10,0,14,13,1,38,0,0
27183,1000000US170315608002022,26,18,0,0,0,0,8,18,0,8,8,0,16,13,3,40,0,0
27184,1000000US170315608002023,31,20,0,0,0,0,11,20,0,11,11,0,12,12,0,36,0,0
27185,1000000US170315608002024,5,5,0,0,0,0,0,5,0,0,0,0,2,2,0,5,0,0
27186,1000000US170315608002025,0,0,0,0,0,0,0,0,0,0,0,0,0,0,0,0,0,0
27187,1000000US170315608002026,0,0,0,0,0,0,0,0,0,0,0,0,0,0,0,0,0,0
27188,1000000US170315608002027,159,112,1,0,5,1,41,118,0,41,47,1,108,105,3,198,0,0
27189,1000000US170315608002028,0,0,0,0,0,0,0,0,0,0,0,0,0,0,0,0,0,0
27190,1000000US170315608002029,171,137,0,0,1,0,33,138,0,33,34,2,108,102,6,212,0,0
27191,1000000US170315608002030,27,18,0,1,0,0,8,19,0,8,9,1,12,11,1,35,0,0
27192,1000000US170315608002031,28,24,0,2,0,0,2,26,0,2,4,2,16,14,2,39,0,0
27193,1000000US170315608003000,35,15,0,0,0,0,20,15,0,20,20,0,15,12,3,46,0,0
27194,1000000US170315608003001,30,21,0,0,0,0,9,21,0,9,9,0,16,16,0,39,0,0
27195,1000000US170315608003002,38,27,0,0,1,0,10,28,0,10,11,2,19,19,0,54,0,0
27196,1000000US170315608003003,38,26,0,0,1,1,11,27,0,11,12,1,18,18,0,48,0,0
27197,1000000US170315608003004,32,23,0,0,0,0,9,23,0,9,9,0,19,19,0,37,0,0
27198,1000000US170315608003005,41,39,0,0,0,0,2,39,0,2,2,0,19,17,2,48,0,0
27199,1000000US170315608003006,36,18,0,0,1,0,17,19,0,17,18,0,17,17,0,47,0,0
27200,1000000US170315608003007,26,21,0,0,0,0,5,21,0,5,5,0,14,14,0,31,0,0
27201,1000000US170315608003008,32,25,0,0,0,0,7,25,0,7,7,0,19,19,0,41,0,0
27202,1000000US170315608003009,33,24,0,0,0,0,9,24,0,9,9,0,17,16,1,50,0,0
27203,1000000US170315608003010,1,1,0,0,0,0,0,1,0,0,0,0,1,1,0,1,0,0
27204,1000000US170315608003011,16,9,0,0,1,0,6,10,0,6,7,0,10,9,1,21,0,0
27205,1000000US170315608003012,34,26,0,3,0,0,5,29,0,5,8,0,17,16,1,38,3,0
27206,1000000US170315608003013,40,30,0,0,2,0,8,32,0,8,10,0,15,15,0,42,0,0
27207,1000000US170315608003014,34,26,0,0,1,0,7,27,0,7,8,0,18,16,2,43,0,0
27208,1000000US170315608003015,3,0,0,1,0,0,2,1,0,2,3,1,2,2,0,6,0,0
27209,1000000US170315608003016,0,0,0,0,0,0,0,0,0,0,0,0,0,0,0,0,0,0
27210,1000000US170315608003017,43,24,0,0,0,0,19,24,0,19,19,0,18,18,0,53,0,0
27211,1000000US170315608003018,28,22,0,0,0,0,6,22,0,6,6,0,15,15,0,40,0,0
27212,1000000US170315608003019,31,19,0,0,0,0,12,19,0,12,12,0,17,16,1,47,0,0
27213,1000000US170315608003020,0,0,0,0,0,0,0,0,0,0,0,0,0,0,0,0,0,0
27214,1000000US170315608003021,23,19,0,2,0,0,4,19,0,4,4,0,22,16,6,26,2,0
27215,1000000US170315608003022,19,6,0,0,0,0,13,6,0,13,13,0,10,10,0,22,0,0
27216,1000000US170315608003023,1,1,0,0,0,0,0,1,0,0,0,0,1,1,0,1,0,0
27217,1000000US170315608003024,34,27,0,0,0,0,7,27,0,7,7,0,21,21,0,42,0,0
27218,1000000US170315608003025,14,14,0,0,0,0,0,14,0,0,0,0,9,8,1,17,0,0
27219,1000000US170315608003026,16,16,0,0,0,0,0,16,0,0,0,0,8,7,1,16,0,0
27220,1000000US170315608004000,30,17,0,0,0,0,13,17,0,13,13,0,18,18,0,40,0,0
27221,1000000US170315608004001,49,29,0,0,0,0,20,29,0,20,20,0,19,19,0,66,0,0
27222,1000000US170315608004002,29,21,0,0,2,0,6,23,0,6,8,1,16,15,1,34,0,0
27223,1000000US170315608004003,36,29,0,0,0,0,7,29,0,7,7,0,18,18,0,53,0,0
27224,1000000US170315608004004,37,31,0,0,0,0,6,31,0,6,6,0,17,17,0,49,0,0
27225,1000000US170315608004005,35,22,0,0,0,0,13,22,0,13,13,0,22,19,3,52,0,0
27226,1000000US170315608004006,34,31,0,0,0,0,3,31,0,3,3,0,21,18,3,47,0,0
27227,1000000US170315608004007,54,29,0,0,0,0,25,29,0,25,25,0,25,21,4,75,0,0
27228,1000000US170315608004008,41,23,0,0,0,0,18,23,0,18,18,0,22,21,1,51,0,0
27229,1000000US170315608004009,26,17,0,0,0,0,9,17,0,9,9,0,19,14,5,29,0,0
27230,1000000US170315608004010,27,22,0,1,2,0,2,25,0,2,5,1,17,16,1,31,0,0
27231,1000000US170315608004011,37,31,0,0,1,0,5,32,0,5,6,0,19,17,2,52,0,0
27232,1000000US170315608004012,11,8,0,0,0,0,3,8,0,3,3,1,6,6,0,13,0,0
27233,1000000US170315608004013,5,4,0,0,0,0,1,4,0,1,1,0,2,2,0,8,0,0
27234,1000000US170315608004014,14,7,0,0,0,0,7,7,0,7,7,1,11,10,1,16,0,0
27235,1000000US170315608004015,3,3,0,0,0,0,0,3,0,0,0,0,2,2,0,3,0,0
27236,1000000US170315608004016,2,2,0,0,0,0,0,2,0,0,0,0,2,2,0,2,0,0
27237,1000000US170315608004017,9,5,0,0,4,0,0,9,0,0,4,0,7,6,1,12,0,0
27238,1000000US170315608004018,0,0,0,0,0,0,0,0,0,0,0,0,0,0,0,0,0,0
27239,1000000US170315608004019,125,91,0,0,3,0,32,93,0,32,34,3,71,70,1,152,0,0
27240,1000000US170315608005000,37,27,0,0,0,0,10,27,0,10,10,0,17,16,1,53,0,0
27241,1000000US170315608005001,40,36,0,0,1,0,4,36,0,4,4,0,19,18,1,52,0,0
27242,1000000US170315608005002,32,26,0,1,0,0,5,27,0,5,6,0,18,17,1,40,1,0
27243,1000000US170315608005003,43,27,0,0,0,0,16,27,0,16,16,0,20,20,0,58,0,0
27244,1000000US170315608005004,50,37,0,0,0,0,13,37,0,13,13,0,23,22,1,65,0,0
27245,1000000US170315608005005,46,37,0,0,0,0,9,37,0,9,9,0,21,21,0,58,0,0
27246,1000000US170315608005006,39,27,0,0,0,0,12,27,0,12,12,0,18,17,1,45,0,0
27247,1000000US170315608005007,31,23,0,0,0,0,8,23,0,8,8,0,16,16,0,41,0,0
27248,1000000US170315608005008,35,28,0,0,0,0,6,29,0,6,7,0,18,18,0,46,0,0
27249,1000000US170315608005009,34,28,0,0,0,0,6,28,0,6,6,0,15,15,0,46,0,0
27250,1000000US170315608005010,32,17,0,0,0,0,15,17,0,15,15,0,17,16,1,44,0,0
27251,1000000US170315608005011,40,34,0,1,0,0,6,34,0,6,6,1,19,19,0,52,0,0
27252,1000000US170315608005012,37,28,0,0,0,0,9,28,0,9,9,2,20,19,1,51,0,0
27253,1000000US170315608005013,34,27,0,0,0,0,7,27,0,7,7,0,20,18,2,47,0,0
27254,1000000US170315608005014,35,29,0,0,0,0,6,29,0,6,6,0,19,18,1,46,0,0
27255,1000000US170315608005015,44,28,0,0,4,0,12,32,0,12,16,0,19,19,0,52,0,0
27256,1000000US170315608005016,32,24,0,0,0,0,8,24,0,8,8,0,15,14,1,41,0,0
27257,1000000US170315608005017,58,51,0,0,0,0,7,51,0,7,7,0,26,26,0,71,0,0
27258,1000000US170315608005018,36,22,0,0,0,0,14,22,0,14,14,0,15,14,1,47,0,0
27259,1000000US170315608005019,21,10,0,0,0,0,11,10,0,11,11,0,10,10,0,28,0,0
27260,1000000US170315608005020,17,13,0,0,0,0,4,13,0,4,4,0,13,10,3,21,0,0
27261,1000000US170315608005021,15,14,0,0,0,0,1,14,0,1,1,1,7,7,0,18,0,0
27262,1000000US170315608005022,13,12,0,0,0,0,1,12,0,1,1,0,6,5,1,21,0,0
27263,1000000US170315608005023,11,2,0,4,0,0,5,6,0,5,9,4,5,4,1,13,0,0
27264,1000000US170315608005024,21,10,2,0,0,0,9,12,0,9,11,1,11,11,0,29,0,0
27265,1000000US170315608005025,10,8,0,0,0,0,2,8,0,2,2,0,5,5,0,13,0,0
27266,1000000US170315608005026,0,0,0,0,0,0,0,0,0,0,0,0,0,0,0,0,0,0
27267,1000000US170315608005027,0,0,0,0,0,0,0,0,0,0,0,0,0,0,0,0,0,0
27268,1000000US170315608005028,0,0,0,0,0,0,0,0,0,0,0,0,0,0,0,0,0,0
27269,1000000US170315609001000,42,21,0,0,0,0,21,21,0,21,21,0,20,19,1,56,0,0
27270,1000000US170315609001001,30,21,0,0,1,0,8,22,0,8,9,1,18,17,1,34,0,0
27271,1000000US170315609001002,34,21,0,0,0,0,13,21,0,13,13,0,18,16,2,48,0,0
27272,1000000US170315609001003,32,21,0,0,4,0,7,25,0,7,11,4,17,15,2,42,0,0
27273,1000000US170315609001004,37,28,0,0,0,0,9,28,0,9,9,0,17,17,0,40,0,0
27274,1000000US170315609001005,36,30,0,0,0,0,6,30,0,6,6,0,17,17,0,43,0,0
27275,1000000US170315609001006,32,24,0,0,0,0,8,24,0,8,8,0,19,18,1,51,0,0
27276,1000000US170315609001007,29,24,0,0,0,0,5,24,0,5,5,0,16,16,0,36,0,0
27277,1000000US170315609001008,35,21,0,0,1,0,13,22,0,13,14,0,18,18,0,43,0,0
27278,1000000US170315609001009,43,33,1,0,0,0,9,34,0,9,10,1,20,20,0,60,0,0
27279,1000000US170315609001010,41,27,0,0,0,0,14,27,0,14,14,0,19,18,1,54,0,0
27280,1000000US170315609001011,49,37,0,1,0,0,12,37,0,12,12,2,22,22,0,63,1,0
27281,1000000US170315609001012,52,40,0,0,0,0,12,40,0,12,12,0,21,21,0,61,0,0
27282,1000000US170315609001013,33,29,0,0,0,0,4,29,0,4,4,0,18,18,0,46,0,0
27283,1000000US170315609001014,44,23,0,0,0,0,21,23,0,21,21,0,18,18,0,63,0,0
27284,1000000US170315609001015,39,30,0,0,0,0,9,30,0,9,9,0,18,18,0,48,0,0
27285,1000000US170315609001016,33,18,0,0,0,0,15,18,0,15,15,0,17,16,1,44,0,0
27286,1000000US170315609001017,34,31,0,0,1,0,2,32,0,2,3,1,17,17,0,46,0,0
27287,1000000US170315609001018,31,21,0,0,0,0,10,21,0,10,10,0,16,16,0,38,0,0
27288,1000000US170315609001019,29,27,0,0,0,0,2,27,0,2,2,0,13,13,0,39,0,0
27289,1000000US170315609001020,25,21,0,0,0,0,4,21,0,4,4,0,14,11,3,31,0,0
27290,1000000US170315609001021,29,24,0,0,0,0,5,24,0,5,5,0,12,12,0,33,0,0
27291,1000000US170315609001022,25,20,0,0,1,0,4,21,0,4,5,0,12,11,1,40,0,0
27292,1000000US170315609001023,18,16,0,0,0,0,2,16,0,2,2,0,10,10,0,21,0,0
27293,1000000US170315609001024,0,0,0,0,0,0,0,0,0,0,0,0,0,0,0,0,0,0
27294,1000000US170315609001025,1,0,0,0,0,0,1,0,0,1,1,0,1,1,0,2,0,0
27295,1000000US170315609001026,5,2,1,0,0,0,2,3,0,2,3,0,2,2,0,5,0,0
27296,1000000US170315609002000,45,32,0,0,0,0,13,32,0,13,13,0,20,20,0,50,0,0
27297,1000000US170315609002001,34,29,0,0,0,0,5,29,0,5,5,0,18,18,0,43,0,0
27298,1000000US170315609002002,37,34,0,3,0,0,2,35,0,2,3,0,18,18,0,45,3,0
27299,1000000US170315609002003,44,34,0,0,0,0,10,34,0,10,10,0,19,19,0,58,0,0
27300,1000000US170315609002004,30,19,1,3,5,0,5,25,0,5,11,1,14,14,0,38,3,0
27301,1000000US170315609002005,28,23,0,0,0,0,5,23,0,5,5,0,14,14,0,39,0,0
27302,1000000US170315609002006,33,23,0,0,0,0,10,23,0,10,10,0,15,14,1,40,0,0
27303,1000000US170315609002007,30,22,0,0,0,0,8,22,0,8,8,0,15,15,0,46,0,0
27304,1000000US170315609002008,23,23,0,0,0,0,0,23,0,0,0,0,16,15,1,23,0,0
27305,1000000US170315609002009,40,36,0,0,0,0,4,36,0,4,4,0,19,19,0,53,0,0
27306,1000000US170315609002010,27,23,0,0,0,0,4,23,0,4,4,0,14,12,2,35,0,0
27307,1000000US170315609002011,27,25,0,0,0,0,2,25,0,2,2,0,12,11,1,34,0,0
27308,1000000US170315609002012,26,18,0,0,0,0,8,18,0,8,8,0,13,12,1,30,0,0
27309,1000000US170315609002013,32,27,0,0,1,0,4,28,0,4,5,0,13,13,0,40,0,0
27310,1000000US170315609002014,24,13,0,1,0,0,10,14,0,10,11,0,15,15,0,33,1,0
27311,1000000US170315609002015,0,0,0,0,0,0,0,0,0,0,0,0,0,0,0,0,0,0
27312,1000000US170315609002016,7,7,0,0,0,0,0,7,0,0,0,0,5,5,0,8,0,0
27313,1000000US170315609003000,15,8,0,0,1,0,6,9,0,6,7,0,7,7,0,21,0,0
27314,1000000US170315609003001,14,7,0,0,0,0,7,7,0,7,7,0,5,5,0,16,0,0
27315,1000000US170315609003002,41,25,0,4,0,0,12,29,0,12,16,4,19,18,1,50,0,0
27316,1000000US170315609003003,38,28,0,0,0,0,10,28,0,10,10,1,20,20,0,52,0,0
27317,1000000US170315609003004,33,26,0,0,0,0,7,26,0,7,7,0,18,18,0,43,0,0
27318,1000000US170315609003005,45,33,0,0,0,1,12,33,0,12,12,1,21,21,0,59,0,0
27319,1000000US170315609003006,43,21,0,2,0,0,20,23,0,20,22,1,17,16,1,54,1,0
27320,1000000US170315609003007,37,25,0,1,0,0,11,26,0,11,12,1,18,17,1,49,0,0
27321,1000000US170315609003008,31,23,0,0,0,0,8,23,0,8,8,1,18,17,1,44,0,0
27322,1000000US170315609003009,42,31,0,0,0,0,11,31,0,11,11,2,20,20,0,57,0,0
27323,1000000US170315609003010,66,54,0,1,0,0,11,55,0,11,12,1,31,30,1,82,0,0
27324,1000000US170315609003011,49,43,0,0,0,0,6,43,0,6,6,0,23,21,2,66,0,0
27325,1000000US170315609003012,26,24,0,0,0,0,2,24,0,2,2,0,16,15,1,29,0,0
27326,1000000US170315609003013,27,27,0,0,0,0,0,27,0,0,0,0,15,15,0,29,0,0
27327,1000000US170315609003014,0,0,0,0,0,0,0,0,0,0,0,0,0,0,0,0,0,0
27328,1000000US170315609003015,24,23,0,0,0,0,1,23,0,1,1,0,13,12,1,26,0,0
27329,1000000US170315609003016,22,18,0,0,0,0,4,18,0,4,4,0,15,13,2,31,0,0
27330,1000000US170315609003017,44,28,0,0,0,0,16,28,0,16,16,0,18,18,0,53,0,0
27331,1000000US170315609003018,31,25,0,0,0,0,6,25,0,6,6,0,16,15,1,40,0,0
27332,1000000US170315609003019,29,23,0,0,0,0,6,23,0,6,6,0,15,15,0,43,0,0
27333,1000000US170315609003020,29,19,0,4,0,0,6,23,0,6,10,4,16,14,2,37,0,0
27334,1000000US170315609003021,3,3,0,0,0,0,0,3,0,0,0,0,1,1,0,3,0,0
27335,1000000US170315609003022,0,0,0,0,0,0,0,0,0,0,0,0,0,0,0,0,0,0
27336,1000000US170315609003023,5,2,0,0,0,0,3,2,0,3,3,0,4,2,2,8,0,0
27337,1000000US170315609004000,42,38,0,2,0,0,2,40,0,2,4,2,19,19,0,51,0,0
27338,1000000US170315609004001,39,26,0,0,0,0,13,26,0,13,13,0,19,19,0,49,0,0
27339,1000000US170315609004002,34,29,0,0,0,0,5,29,0,5,5,0,19,19,0,47,0,0
27340,1000000US170315609004003,42,29,0,0,1,0,12,30,0,12,13,2,21,21,0,60,0,0
27341,1000000US170315609004004,40,34,0,0,0,0,6,34,0,6,6,0,20,19,1,53,0,0
27342,1000000US170315609004005,34,28,0,0,0,0,6,28,0,6,6,0,20,19,1,41,0,0
27343,1000000US170315609004006,55,37,0,0,0,0,18,37,0,18,18,0,29,28,1,68,0,0
27344,1000000US170315609004007,66,54,0,2,0,0,10,56,0,10,12,2,33,33,0,85,0,0
27345,1000000US170315609004008,61,52,0,0,0,0,9,52,0,9,9,1,30,30,0,85,0,0
27346,1000000US170315609004009,32,21,0,0,0,0,11,21,0,11,11,0,15,15,0,36,0,0
27347,1000000US170315609004010,34,29,0,0,0,0,5,29,0,5,5,0,15,15,0,45,0,0
27348,1000000US170315609004011,27,25,0,0,0,0,1,26,0,1,2,0,16,16,0,32,0,0
27349,1000000US170315609004012,24,18,0,0,0,0,6,18,0,6,6,0,12,11,1,33,0,0
27350,1000000US170315609004013,31,24,0,0,0,0,7,24,0,7,7,0,16,15,1,40,0,0
27351,1000000US170315609004014,41,37,1,0,0,0,3,38,0,3,4,1,16,16,0,54,0,0
27352,1000000US170315609004015,34,29,0,0,0,0,5,29,0,5,5,0,16,16,0,40,0,0
27353,1000000US170315609004016,31,20,0,1,0,0,10,21,0,10,11,1,16,16,0,37,0,0
27354,1000000US170315609004017,33,23,0,0,0,0,10,23,0,10,10,0,16,16,0,43,0,0
27355,1000000US170315609004018,32,29,0,0,1,0,2,30,0,2,3,0,16,15,1,36,0,0
27356,1000000US170315609004019,35,19,0,0,0,0,16,19,0,16,16,2,16,16,0,46,0,0
27357,1000000US170315609004020,39,35,0,0,0,0,4,35,0,4,4,0,16,16,0,41,0,0
27358,1000000US170315609004021,7,6,0,0,0,0,1,6,0,1,1,0,4,4,0,7,0,0
27359,1000000US170315609004022,0,0,0,0,0,0,0,0,0,0,0,0,0,0,0,0,0,0
27360,1000000US170315609004023,0,0,0,0,0,0,0,0,0,0,0,0,0,0,0,0,0,0
27361,1000000US170315609005000,51,36,3,0,0,0,12,39,0,12,15,0,21,21,0,71,0,0
27362,1000000US170315609005001,35,29,0,0,1,0,5,30,0,5,6,0,20,18,2,44,0,0
27363,1000000US170315609005002,0,0,0,0,0,0,0,0,0,0,0,0,0,0,0,0,0,0
27364,1000000US170315609005003,108,88,0,2,3,0,15,93,0,15,20,2,53,52,1,131,0,0
27365,1000000US170315609005004,67,50,0,0,0,0,17,50,0,17,17,0,31,30,1,78,0,0
27366,1000000US170315609005005,13,12,0,0,0,0,1,12,0,1,1,0,6,6,0,14,0,0
27367,1000000US170315609005006,56,44,0,1,0,0,12,44,0,12,12,2,29,29,0,69,1,0
27368,1000000US170315609005007,51,45,0,0,0,0,6,45,0,6,6,0,24,24,0,62,0,0
27369,1000000US170315609005008,75,64,0,0,0,0,11,64,0,11,11,0,32,32,0,103,0,0
27370,1000000US170315609005009,63,56,0,0,0,0,7,56,0,7,7,0,35,34,1,83,0,0
27371,1000000US170315609006000,66,51,0,0,0,0,15,51,0,15,15,0,30,30,0,105,0,0
27372,1000000US170315609006001,63,49,0,0,0,0,14,49,0,14,14,2,31,30,1,88,0,0
27373,1000000US170315609006002,30,24,0,0,0,0,6,24,0,6,6,0,15,15,0,35,0,0
27374,1000000US170315609006003,32,25,0,0,1,0,6,26,0,6,7,1,19,17,2,35,0,0
27375,1000000US170315609006004,56,33,0,0,0,0,23,33,0,23,23,1,30,30,0,82,0,0
27376,1000000US170315609006005,31,19,0,0,0,0,12,19,0,12,12,0,14,13,1,47,0,0
27377,1000000US170315609006006,2,1,0,0,0,0,1,1,0,1,1,0,1,1,0,2,0,0
27378,1000000US170315609006007,24,16,0,0,0,0,8,16,0,8,8,0,14,14,0,32,0,0
27379,1000000US170315609006008,43,31,0,0,0,0,12,31,0,12,12,0,16,16,0,50,0,0
27380,1000000US170315609006009,33,24,1,0,0,0,8,25,0,8,9,0,14,14,0,39,0,0
27381,1000000US170315609006010,37,28,0,0,0,0,9,28,0,9,9,0,22,20,2,48,0,0
27382,1000000US170315609006011,37,28,0,1,1,0,7,30,0,7,9,1,16,16,0,57,0,0
27383,1000000US170315609006012,44,31,0,0,0,0,13,31,0,13,13,0,16,16,0,57,0,0
27384,1000000US170315609006013,34,29,0,2,0,0,5,29,0,5,5,0,15,15,0,44,2,0
27385,1000000US170315609006014,25,23,0,0,0,0,2,23,0,2,2,0,16,15,1,32,0,0
27386,1000000US170315609006015,33,24,2,0,1,0,6,27,0,6,9,2,15,14,1,43,0,0
27387,1000000US170315609006016,0,0,0,0,0,0,0,0,0,0,0,0,0,0,0,0,0,0
27388,1000000US170315609006017,6,5,0,0,0,0,1,5,0,1,1,0,7,5,2,11,0,0
27389,1000000US170315609006018,0,0,0,0,0,0,0,0,0,0,0,0,0,0,0,0,0,0
27390,1000000US170315609006019,7,5,0,0,0,0,1,6,0,1,2,0,8,7,1,8,0,0
27391,1000000US170315610001000,0,0,0,0,0,0,0,0,0,0,0,0,0,0,0,0,0,0
27392,1000000US170315610001001,3,1,0,0,0,0,2,1,0,2,2,1,2,2,0,5,0,0
27393,1000000US170315610001002,10,8,0,0,0,0,2,8,0,2,2,0,6,5,1,13,0,0
27394,1000000US170315610001003,36,34,0,0,0,0,2,34,0,2,2,0,16,15,1,40,0,0
27395,1000000US170315610001004,38,27,0,2,0,0,11,27,0,11,11,0,18,18,0,48,2,0
27396,1000000US170315610001005,14,10,0,0,1,0,3,11,0,3,4,1,11,9,2,20,0,0
27397,1000000US170315610001006,0,0,0,0,0,0,0,0,0,0,0,0,0,0,0,0,0,0
27398,1000000US170315610001007,57,38,0,1,0,0,18,39,0,18,19,3,34,33,1,66,0,0
27399,1000000US170315610001008,34,24,0,0,0,0,10,24,0,10,10,0,18,18,0,45,0,0
27400,1000000US170315610001009,59,50,0,0,0,0,9,50,0,9,9,0,30,29,1,78,0,0
27401,1000000US170315610001010,50,35,0,0,0,0,15,35,0,15,15,0,25,22,3,66,0,0
27402,1000000US170315610001011,26,20,0,0,0,0,6,20,0,6,6,0,14,13,1,36,0,0
27403,1000000US170315610001012,32,21,0,0,0,0,11,21,0,11,11,0,12,11,1,36,0,0
27404,1000000US170315610001013,31,28,0,0,2,0,1,30,0,1,3,0,16,16,0,42,0,0
27405,1000000US170315610001014,44,32,0,0,0,0,12,32,0,12,12,0,24,23,1,58,0,0
27406,1000000US170315610001015,44,28,0,0,0,0,16,28,0,16,16,0,17,17,0,53,0,0
27407,1000000US170315610001016,35,21,1,0,0,0,14,21,0,14,14,0,15,14,1,47,0,1
27408,1000000US170315610001017,35,28,0,0,0,0,7,28,0,7,7,0,16,16,0,47,0,0
27409,1000000US170315610001018,64,52,0,3,0,0,12,52,0,12,12,0,30,27,3,85,3,0
27410,1000000US170315610001019,34,31,0,0,0,0,3,31,0,3,3,0,15,15,0,37,0,0
27411,1000000US170315610001020,34,28,4,0,0,0,6,28,0,6,6,0,17,17,0,43,0,4
27412,1000000US170315610001021,35,25,0,4,0,0,10,25,0,10,10,4,17,16,1,43,4,0
27413,1000000US170315610001022,38,34,0,0,0,0,4,34,0,4,4,0,16,16,0,48,0,0
27414,1000000US170315610001023,35,19,0,0,0,0,16,19,0,16,16,0,16,16,0,44,0,0
27415,1000000US170315610002000,3,3,0,0,0,0,0,3,0,0,0,0,3,3,0,3,0,0
27416,1000000US170315610002001,5,4,0,0,0,0,1,4,0,1,1,0,4,4,0,6,0,0
27417,1000000US170315610002002,30,15,0,0,0,0,15,15,0,15,15,0,14,13,1,32,0,0
27418,1000000US170315610002003,23,18,0,0,0,0,5,18,0,5,5,0,13,13,0,33,0,0
27419,1000000US170315610002004,25,22,0,0,0,0,3,22,0,3,3,0,13,13,0,31,0,0
27420,1000000US170315610002005,23,19,0,1,1,0,3,20,0,3,4,2,17,13,4,27,0,0
27421,1000000US170315610002006,62,38,0,0,2,0,23,39,0,23,24,1,30,30,0,71,0,0
27422,1000000US170315610002007,64,55,0,0,2,0,7,57,0,7,9,1,32,30,2,90,0,0
27423,1000000US170315610002008,67,49,1,4,0,0,18,49,0,18,18,4,32,31,1,82,0,1
27424,1000000US170315610002009,60,48,0,0,2,0,10,50,0,10,12,0,30,29,1,81,0,0
27425,1000000US170315610002010,32,31,0,0,0,0,1,31,0,1,1,0,16,16,0,41,0,0
27426,1000000US170315610002011,28,16,0,0,0,0,12,16,0,12,12,0,17,16,1,33,0,0
27427,1000000US170315610002012,40,29,0,0,0,0,11,29,0,11,11,4,18,17,1,51,0,0
27428,1000000US170315610002013,28,17,0,0,0,0,11,17,0,11,11,0,15,14,1,38,0,0
27429,1000000US170315610003000,0,0,0,0,0,0,0,0,0,0,0,0,0,0,0,0,0,0
27430,1000000US170315610003001,1,1,0,0,0,0,0,1,0,0,0,0,1,1,0,1,0,0
27431,1000000US170315610003002,2,1,0,0,1,0,0,2,0,0,1,1,1,1,0,2,0,0
27432,1000000US170315610003003,24,18,0,0,0,0,6,18,0,6,6,0,14,14,0,31,0,0
27433,1000000US170315610003004,23,20,0,0,0,0,3,20,0,3,3,0,14,13,1,25,0,0
27434,1000000US170315610003005,54,50,0,0,0,0,4,50,0,4,4,0,31,29,2,66,0,0
27435,1000000US170315610003006,69,56,2,0,0,0,13,56,0,13,13,2,32,31,1,85,0,2
27436,1000000US170315610003007,30,27,0,0,0,0,3,27,0,3,3,0,15,15,0,39,0,0
27437,1000000US170315610003008,23,15,0,0,0,0,8,15,0,8,8,0,14,14,0,31,0,0
27438,1000000US170315610003009,23,19,0,0,0,0,4,19,0,4,4,0,13,11,2,30,0,0
27439,1000000US170315610003010,33,24,0,0,2,0,7,26,0,7,9,0,16,16,0,42,0,0
27440,1000000US170315610003011,29,25,0,0,1,0,3,26,0,3,4,0,18,17,1,40,0,0
27441,1000000US170315610003012,29,27,0,0,1,0,1,28,0,1,2,0,20,20,0,41,0,0
27442,1000000US170315610003013,64,49,1,3,1,0,13,51,0,13,15,0,33,32,1,81,3,0
27443,1000000US170315610003014,40,36,0,0,2,0,2,38,0,2,4,2,18,18,0,49,0,0
27444,1000000US170315610003015,37,27,0,0,0,0,10,27,0,10,10,1,18,18,0,51,0,0
27445,1000000US170315610003016,71,57,0,0,0,0,14,57,0,14,14,0,33,32,1,102,0,0
27446,1000000US170315610003017,37,27,0,0,0,0,10,27,0,10,10,0,18,18,0,55,0,0
27447,1000000US170315610003018,30,28,0,0,0,0,2,28,0,2,2,0,16,16,0,37,0,0
27448,1000000US170315610003019,45,25,0,0,0,0,20,25,0,20,20,0,19,19,0,68,0,0
27449,1000000US170315610003020,40,26,2,2,0,0,12,28,0,12,14,0,17,17,0,49,2,0
27450,1000000US170315610003021,36,36,0,0,0,0,0,36,0,0,0,0,18,18,0,40,0,0
27451,1000000US170315610003022,23,19,0,1,0,0,3,20,0,3,4,0,15,13,2,32,1,0
27452,1000000US170315610004000,0,0,0,0,0,0,0,0,0,0,0,0,0,0,0,0,0,0
27453,1000000US170315610004001,0,0,0,0,0,0,0,0,0,0,0,0,0,0,0,0,0,0
27454,1000000US170315610004002,23,22,0,0,0,0,1,22,0,1,1,0,14,13,1,27,0,0
27455,1000000US170315610004003,28,25,0,0,0,0,3,25,0,3,3,0,15,14,1,39,0,0
27456,1000000US170315610004004,40,24,0,0,0,0,16,24,0,16,16,0,17,17,0,56,0,0
27457,1000000US170315610004005,39,22,0,0,0,0,17,22,0,17,17,0,17,16,1,56,0,0
27458,1000000US170315610004006,71,59,1,0,0,0,12,59,0,12,12,1,37,35,2,83,0,1
27459,1000000US170315610004007,22,11,0,0,0,0,11,11,0,11,11,0,12,12,0,25,0,0
27460,1000000US170315610004008,31,27,0,0,0,0,4,27,0,4,4,0,12,12,0,41,0,0
27461,1000000US170315610004009,60,50,0,0,0,0,8,52,0,8,10,0,33,30,3,75,0,0
27462,1000000US170315610004010,23,14,0,0,0,0,9,14,0,9,9,0,15,12,3,31,0,0
27463,1000000US170315610004011,37,26,0,0,0,0,11,26,0,11,11,0,20,18,2,49,0,0
27464,1000000US170315610004012,42,35,0,0,0,0,7,35,0,7,7,0,21,19,2,59,0,0
27465,1000000US170315610004013,34,28,0,0,0,0,6,28,0,6,6,0,17,17,0,38,0,0
27466,1000000US170315610004014,29,28,0,0,1,0,0,29,0,0,1,0,17,16,1,40,0,0
27467,1000000US170315610004015,36,30,0,1,0,0,5,31,0,5,6,1,18,18,0,52,0,0
27468,1000000US170315610005000,0,0,0,0,0,0,0,0,0,0,0,0,0,0,0,0,0,0
27469,1000000US170315610005001,2,2,0,0,0,0,0,2,0,0,0,0,3,1,2,2,0,0
27470,1000000US170315610005002,8,0,0,4,2,0,2,6,0,2,8,0,4,4,0,15,4,0
27471,1000000US170315610005003,27,18,0,0,0,0,9,18,0,9,9,0,13,13,0,31,0,0
27472,1000000US170315610005004,30,18,0,0,0,0,12,18,0,12,12,0,13,13,0,42,0,0
27473,1000000US170315610005005,33,23,0,4,0,0,10,23,0,10,10,0,13,13,0,39,4,0
27474,1000000US170315610005006,58,49,0,1,0,0,8,50,0,8,9,0,30,30,0,86,1,0
27475,1000000US170315610005007,31,25,0,0,0,0,6,25,0,6,6,0,16,16,0,43,0,0
27476,1000000US170315610005008,35,24,0,0,0,0,11,24,0,11,11,1,18,16,2,50,0,0
27477,1000000US170315610005009,33,20,0,0,0,0,13,20,0,13,13,2,15,15,0,44,0,0
27478,1000000US170315610005010,34,27,0,2,1,0,6,28,0,6,7,0,13,12,1,50,2,0
27479,1000000US170315610005011,24,24,0,0,0,0,0,24,0,0,0,0,12,12,0,31,0,0
27480,1000000US170315610005012,24,21,0,0,0,0,3,21,0,3,3,0,15,14,1,32,0,0
27481,1000000US170315610005013,27,20,0,1,0,0,6,21,0,6,7,1,17,16,1,34,1,0
27482,1000000US170315610005014,58,46,0,1,1,0,10,48,0,10,12,0,30,29,1,81,1,0
27483,1000000US170315610005015,60,47,1,0,0,0,12,48,0,12,13,0,31,31,0,78,0,0
27484,1000000US170315610005016,36,29,0,0,1,0,4,32,0,4,7,0,19,19,0,39,0,0
27485,1000000US170315610005017,34,23,2,0,0,0,9,25,0,9,11,0,16,16,0,41,0,0
27486,1000000US170315610005018,40,38,0,0,0,0,2,38,0,2,2,0,20,20,0,49,0,0
27487,1000000US170315610005019,39,31,0,0,0,0,8,31,0,8,8,0,19,19,0,51,0,0
27488,1000000US170315610005020,57,39,0,0,0,0,18,39,0,18,18,0,30,28,2,73,0,0
27489,1000000US170315610005021,32,24,0,0,0,0,8,24,0,8,8,0,15,15,0,37,0,0
27490,1000000US170315610005022,44,36,0,0,0,0,8,36,0,8,8,0,17,17,0,54,0,0
27491,1000000US170315610006000,0,0,0,0,0,0,0,0,0,0,0,0,0,0,0,0,0,0
27492,1000000US170315610006001,4,4,0,0,0,0,0,4,0,0,0,0,4,3,1,4,0,0
27493,1000000US170315610006002,0,0,0,0,0,0,0,0,0,0,0,0,0,0,0,0,0,0
27494,1000000US170315610006003,22,20,0,0,0,0,2,20,0,2,2,0,13,12,1,26,0,0
27495,1000000US170315610006004,21,20,0,0,0,0,1,20,0,1,1,0,12,11,1,23,0,0
27496,1000000US170315610006005,30,22,0,0,0,0,8,22,0,8,8,0,15,15,0,36,0,0
27497,1000000US170315610006006,26,16,0,0,0,0,6,20,0,6,10,0,13,11,2,33,0,0
27498,1000000US170315610006007,23,15,0,0,1,0,7,16,0,7,8,0,11,10,1,30,0,0
27499,1000000US170315610006008,0,0,0,0,0,0,0,0,0,0,0,0,0,0,0,0,0,0
27500,1000000US170315610006009,7,7,0,0,0,0,0,7,0,0,0,0,6,5,1,7,0,0
27501,1000000US170315610006010,37,33,0,0,0,0,4,33,0,4,4,0,20,17,3,46,0,0
27502,1000000US170315610006011,63,54,2,0,1,0,6,57,0,6,9,0,30,30,0,76,0,0
27503,1000000US170315610006012,72,53,0,0,1,0,18,54,0,18,19,0,34,32,2,97,0,0
27504,1000000US170315610006013,30,22,0,0,1,0,8,22,0,8,8,2,15,15,0,39,0,0
27505,1000000US170315610006014,28,26,0,0,0,0,2,26,0,2,2,0,15,15,0,41,0,0
27506,1000000US170315610006015,61,32,0,2,0,0,29,32,0,29,29,3,31,26,5,68,0,0
27507,1000000US170315610006016,39,29,2,0,0,0,8,31,0,8,10,0,20,20,0,51,0,0
27508,1000000US170315610006017,3,3,0,0,0,0,0,3,0,0,0,0,2,1,1,3,0,0
27509,1000000US170315610006018,110,89,13,0,0,0,8,102,0,8,21,2,117,103,14,110,0,0
27510,1000000US170315610006019,31,29,0,0,0,0,2,29,0,2,2,0,17,16,1,37,0,0
27511,1000000US170315610006020,30,18,0,0,0,0,12,18,0,12,12,0,16,16,0,38,0,0
27512,1000000US170315610006021,29,27,0,0,0,0,2,27,0,2,2,0,15,15,0,35,0,0
27513,1000000US170315610006022,60,55,0,0,0,0,5,55,0,5,5,0,32,29,3,72,0,0
27514,1000000US170315611001000,0,0,0,0,0,0,0,0,0,0,0,0,0,0,0,0,0,0
27515,1000000US170315611001001,2,2,0,0,0,0,0,2,0,0,0,0,2,1,1,2,0,0
27516,1000000US170315611001002,10,5,0,0,0,0,5,5,0,5,5,0,5,5,0,11,0,0
27517,1000000US170315611001003,35,6,0,0,0,0,29,6,0,29,29,0,21,16,5,47,0,0
27518,1000000US170315611001004,30,11,0,0,0,0,19,11,0,19,19,0,15,15,0,44,0,0
27519,1000000US170315611001005,40,24,0,0,0,0,16,24,0,16,16,0,22,22,0,62,0,0
27520,1000000US170315611001006,18,8,0,0,1,0,9,9,0,9,10,0,8,8,0,28,0,0
27521,1000000US170315611001007,2,0,0,0,0,0,2,0,0,2,2,2,1,1,0,2,0,0
27522,1000000US170315611001008,30,16,0,1,1,0,12,18,0,12,14,0,12,12,0,46,1,0
27523,1000000US170315611001009,0,0,0,0,0,0,0,0,0,0,0,0,0,0,0,0,0,0
27524,1000000US170315611001010,0,0,0,0,0,0,0,0,0,0,0,0,0,0,0,0,0,0
27525,1000000US170315611001011,30,22,1,0,0,0,7,23,0,7,8,0,18,17,1,45,0,0
27526,1000000US170315611001012,47,28,1,3,0,0,18,29,0,18,19,2,20,20,0,61,1,0
27527,1000000US170315611001013,24,16,0,0,0,0,8,16,0,8,8,0,11,11,0,34,0,0
27528,1000000US170315611001014,0,0,0,0,0,0,0,0,0,0,0,0,0,0,0,0,0,0
27529,1000000US170315611001015,51,37,0,1,2,0,9,42,0,9,14,2,18,18,0,65,0,0
27530,1000000US170315611001016,43,28,2,0,0,0,15,28,0,15,15,2,19,19,0,60,0,2
27531,1000000US170315611001017,31,11,1,2,0,0,20,11,0,20,20,2,11,11,0,41,0,1
27532,1000000US170315611001018,0,0,0,0,0,0,0,0,0,0,0,0,0,0,0,0,0,0
27533,1000000US170315611001019,61,38,0,0,1,0,22,39,0,22,23,3,22,21,1,71,0,0
27534,1000000US170315611001020,16,16,0,0,0,0,0,16,0,0,0,0,6,6,0,16,0,0
27535,1000000US170315611001021,8,8,0,0,0,0,0,8,0,0,0,0,4,4,0,11,0,0
27536,1000000US170315611001022,10,5,0,0,0,0,5,5,0,5,5,0,4,4,0,13,0,0
27537,1000000US170315611001023,40,28,0,0,0,0,12,28,0,12,12,0,15,15,0,59,0,0
27538,1000000US170315611001024,6,3,0,0,0,0,3,3,0,3,3,0,3,3,0,6,0,0
27539,1000000US170315611002000,39,20,0,0,1,0,18,21,0,18,19,1,21,19,2,51,0,0
27540,1000000US170315611002001,37,26,0,0,4,0,9,28,0,9,11,2,17,17,0,48,0,0
27541,1000000US170315611002002,38,27,0,0,0,0,11,27,0,11,11,0,17,17,0,49,0,0
27542,1000000US170315611002003,36,27,0,0,0,0,9,27,0,9,9,0,16,16,0,46,0,0
27543,1000000US170315611002004,35,33,0,0,1,0,1,34,0,1,2,0,18,18,0,44,0,0
27544,1000000US170315611002005,34,25,0,1,0,0,9,25,0,9,9,1,17,17,0,40,1,0
27545,1000000US170315611002006,48,26,0,0,1,0,21,27,0,21,22,0,21,20,1,56,0,0
27546,1000000US170315611002007,41,26,0,0,0,0,15,26,0,15,15,0,21,21,0,54,0,0
27547,1000000US170315611002008,22,15,0,0,0,0,7,15,0,7,7,0,14,13,1,26,0,0
27548,1000000US170315611002009,28,26,0,0,0,0,2,26,0,2,2,0,13,13,0,36,0,0
27549,1000000US170315611002010,30,16,0,0,0,0,14,16,0,14,14,0,13,13,0,47,0,0
27550,1000000US170315611002011,19,15,0,0,0,0,4,15,0,4,4,0,11,10,1,27,0,0
27551,1000000US170315611002012,24,16,0,0,0,0,8,16,0,8,8,0,11,11,0,30,0,0
27552,1000000US170315611002013,39,20,0,0,0,0,19,20,0,19,19,0,15,15,0,45,0,0
27553,1000000US170315611002014,29,21,0,0,0,0,8,21,0,8,8,0,14,14,0,36,0,0
27554,1000000US170315611002015,36,22,0,0,0,0,14,22,0,14,14,0,15,14,1,47,0,0
27555,1000000US170315611002016,27,9,0,2,0,0,18,9,0,18,18,0,9,9,0,40,2,0
27556,1000000US170315611002017,15,8,0,0,0,0,7,8,0,7,7,0,10,9,1,24,0,0
27557,1000000US170315611002018,16,10,0,0,0,0,6,10,0,6,6,0,8,8,0,18,0,0
27558,1000000US170315611002019,17,12,0,0,0,0,5,12,0,5,5,0,8,8,0,22,0,0
27559,1000000US170315611003000,25,11,0,0,0,0,14,11,0,14,14,0,10,10,0,31,0,0
27560,1000000US170315611003001,20,14,1,1,0,0,5,15,0,5,6,1,10,8,2,28,1,0
27561,1000000US170315611003002,31,14,0,0,0,0,17,14,0,17,17,0,13,12,1,37,0,0
27562,1000000US170315611003003,12,8,0,0,0,0,4,8,0,4,4,0,8,7,1,13,0,0
27563,1000000US170315611003004,23,20,0,0,0,0,3,20,0,3,3,0,11,11,0,26,0,0
27564,1000000US170315611003005,36,15,0,0,0,0,21,15,0,21,21,0,13,12,1,55,0,0
27565,1000000US170315611003006,29,20,0,0,1,0,8,21,0,8,9,0,18,16,2,32,0,0
27566,1000000US170315611003007,38,27,0,2,2,0,11,27,0,11,11,4,18,16,2,47,0,0
27567,1000000US170315611003008,44,28,6,3,0,0,10,34,0,10,16,3,23,22,1,55,0,0
27568,1000000US170315611003009,32,20,0,0,0,0,12,20,0,12,12,0,13,13,0,39,0,0
27569,1000000US170315611003010,26,22,0,0,0,0,4,22,0,4,4,0,12,12,0,32,0,0
27570,1000000US170315611003011,24,12,0,0,0,0,12,12,0,12,12,0,13,13,0,37,0,0
27571,1000000US170315611003012,19,11,0,0,0,0,8,11,0,8,8,0,12,12,0,25,0,0
27572,1000000US170315611003013,22,16,0,0,0,0,6,16,0,6,6,0,13,10,3,29,0,0
27573,1000000US170315611003014,41,25,0,0,0,0,16,25,0,16,16,1,25,23,2,52,0,0
27574,1000000US170315611003015,29,25,0,0,0,0,4,25,0,4,4,0,17,17,0,35,0,0
27575,1000000US170315611003016,28,19,2,0,0,0,7,21,0,7,9,2,17,15,2,37,0,0
27576,1000000US170315611003017,28,23,0,0,0,0,5,23,0,5,5,0,16,16,0,37,0,0
27577,1000000US170315611003018,42,21,0,6,0,0,21,21,0,21,21,0,17,17,0,56,6,0
27578,1000000US170315611003019,39,30,0,0,0,0,9,30,0,9,9,0,17,16,1,46,0,0
27579,1000000US170315611004000,17,12,0,0,0,0,5,12,0,5,5,0,7,7,0,24,0,0
27580,1000000US170315611004001,14,14,0,0,0,0,0,14,0,0,0,0,8,8,0,16,0,0
27581,1000000US170315611004002,20,19,0,0,0,0,1,19,0,1,1,0,9,9,0,24,0,0
27582,1000000US170315611004003,34,28,0,0,0,0,6,28,0,6,6,0,17,17,0,44,0,0
27583,1000000US170315611004004,33,26,0,0,0,0,7,26,0,7,7,0,14,14,0,40,0,0
27584,1000000US170315611004005,34,24,0,0,0,0,10,24,0,10,10,0,15,15,0,46,0,0
27585,1000000US170315611004006,31,21,0,0,0,0,10,21,0,10,10,0,15,15,0,38,0,0
27586,1000000US170315611004007,37,25,0,0,0,0,12,25,0,12,12,0,15,15,0,43,0,0
27587,1000000US170315611004008,26,17,0,0,0,0,9,17,0,9,9,0,18,17,1,33,0,0
27588,1000000US170315611004009,30,28,0,0,0,0,2,28,0,2,2,0,18,17,1,40,0,0
27589,1000000US170315611004010,34,26,0,0,0,0,8,26,0,8,8,3,16,15,1,43,0,0
27590,1000000US170315611004011,39,30,0,0,0,0,9,30,0,9,9,0,17,16,1,47,0,0
27591,1000000US170315611004012,29,22,0,0,0,0,7,22,0,7,7,0,17,16,1,35,0,0
27592,1000000US170315611004013,37,27,0,0,0,0,10,27,0,10,10,0,17,16,1,60,0,0
27593,1000000US170315611004014,38,34,0,0,0,0,4,34,0,4,4,0,18,18,0,56,0,0
27594,1000000US170315611004015,50,36,0,1,0,0,14,36,0,14,14,1,29,27,2,68,0,0
27595,1000000US170315611004016,40,22,0,0,0,0,18,22,0,18,18,0,17,16,1,55,0,0
27596,1000000US170315611004017,35,31,0,0,0,0,4,31,0,4,4,0,19,18,1,46,0,0
27597,1000000US170315611004018,42,31,0,0,0,0,11,31,0,11,11,0,17,17,0,60,0,0
27598,1000000US170315611004019,39,35,0,0,0,0,4,35,0,4,4,0,17,17,0,53,0,0
27599,1000000US170315611004020,38,29,0,0,0,0,9,29,0,9,9,0,18,18,0,49,0,0
27600,1000000US170315611004021,28,21,0,0,0,0,7,21,0,7,7,0,14,14,0,41,0,0
27601,1000000US170315611004022,34,24,0,0,0,0,10,24,0,10,10,0,16,16,0,40,0,0
27602,1000000US170315611004023,35,25,0,0,0,0,10,25,0,10,10,0,18,17,1,40,0,0
27603,1000000US170315611004024,29,24,0,0,0,0,5,24,0,5,5,0,14,13,1,34,0,0
27604,1000000US170315611004025,25,23,0,0,2,0,0,25,0,0,2,0,14,13,1,29,0,0
27605,1000000US170315611004026,24,20,0,0,0,0,4,20,0,4,4,0,15,14,1,33,0,0
27606,1000000US170315611004027,20,6,0,0,0,0,14,6,0,14,14,0,9,9,0,22,0,0
27607,1000000US170315611004028,9,9,0,0,0,0,0,9,0,0,0,0,4,4,0,10,0,0
27608,1000000US170315611004029,9,4,0,0,0,0,5,4,0,5,5,0,4,4,0,10,0,0
27609,1000000US170315611005000,22,18,0,0,0,0,4,18,0,4,4,0,9,9,0,31,0,0
27610,1000000US170315611005001,20,14,0,0,3,0,3,17,0,3,6,0,10,10,0,22,0,0
27611,1000000US170315611005002,24,12,0,0,0,0,12,12,0,12,12,0,9,9,0,35,0,0
27612,1000000US170315611005003,41,34,1,0,0,0,6,35,0,6,7,0,16,16,0,49,0,0
27613,1000000US170315611005004,37,31,0,0,0,0,6,31,0,6,6,1,15,15,0,49,0,0
27614,1000000US170315611005005,30,30,0,0,0,0,0,30,0,0,0,0,15,14,1,45,0,0
27615,1000000US170315611005006,24,16,0,0,0,0,8,16,0,8,8,0,13,13,0,34,0,0
27616,1000000US170315611005007,42,34,0,0,0,0,8,34,0,8,8,0,20,20,0,50,0,0
27617,1000000US170315611005008,44,23,1,0,0,0,20,24,0,20,21,0,18,16,2,54,0,0
27618,1000000US170315611005009,36,18,0,0,1,0,17,19,0,17,18,2,16,15,1,46,0,0
27619,1000000US170315611005010,36,19,0,0,0,0,17,19,0,17,17,0,20,20,0,47,0,0
27620,1000000US170315611005011,34,27,0,0,0,0,7,27,0,7,7,0,19,18,1,45,0,0
27621,1000000US170315611005012,48,25,0,0,0,0,23,25,0,23,23,0,15,15,0,62,0,0
27622,1000000US170315611005013,34,22,0,0,1,0,11,23,0,11,12,0,15,15,0,45,0,0
27623,1000000US170315611005014,44,32,0,1,0,0,11,33,0,11,12,1,19,19,0,57,0,0
27624,1000000US170315611005015,46,25,0,0,0,0,21,25,0,21,21,0,19,19,0,65,0,0
27625,1000000US170315611005016,36,27,0,0,0,0,9,27,0,9,9,0,21,20,1,44,0,0
27626,1000000US170315611005017,54,39,0,0,0,0,15,39,0,15,15,0,22,22,0,75,0,0
27627,1000000US170315611005018,36,20,0,0,0,0,16,20,0,16,16,2,17,16,1,46,0,0
27628,1000000US170315611005019,53,28,0,0,3,0,23,30,0,23,25,0,20,20,0,70,0,0
27629,1000000US170315611005020,42,29,0,2,0,0,13,29,0,13,13,2,18,18,0,58,0,0
27630,1000000US170315611005021,30,22,0,0,0,0,7,23,0,7,8,1,14,14,0,38,0,0
27631,1000000US170315611005022,22,15,0,0,0,0,7,15,0,7,7,0,14,12,2,28,0,0
27632,1000000US170315611005023,31,25,0,0,0,0,6,25,0,6,6,0,15,14,1,34,0,0
27633,1000000US170315611005024,34,24,0,0,1,0,9,25,0,9,10,0,15,15,0,36,0,0
27634,1000000US170315611005025,28,26,0,0,0,0,2,26,0,2,2,0,15,15,0,40,0,0
27635,1000000US170315611005026,30,20,0,0,0,0,10,20,0,10,10,0,15,15,0,38,0,0
27636,1000000US170315611005027,14,14,0,0,0,0,0,14,0,0,0,0,9,9,0,15,0,0
27637,1000000US170315611005028,27,12,0,0,0,0,15,12,0,15,15,0,10,10,0,33,0,0
27638,1000000US170315611005029,18,12,0,0,0,0,6,12,0,6,6,0,8,8,0,18,0,0
27639,1000000US170315611006000,43,30,0,0,1,0,12,31,0,12,13,1,24,23,1,47,0,0
27640,1000000US170315611006001,0,0,0,0,0,0,0,0,0,0,0,0,0,0,0,0,0,0
27641,1000000US170315611006002,40,26,0,0,0,0,14,26,0,14,14,0,14,14,0,53,0,0
27642,1000000US170315611006003,15,11,0,0,1,0,3,12,0,3,4,1,10,9,1,19,0,0
27643,1000000US170315611006004,35,22,0,0,2,0,12,23,0,12,13,0,20,19,1,42,0,0
27644,1000000US170315611006005,0,0,0,0,0,0,0,0,0,0,0,0,0,0,0,0,0,0
27645,1000000US170315611006006,0,0,0,0,0,0,0,0,0,0,0,0,0,0,0,0,0,0
27646,1000000US170315611006007,27,23,0,0,0,0,4,23,0,4,4,0,13,12,1,32,0,0
27647,1000000US170315611006008,22,19,0,0,0,0,3,19,0,3,3,0,11,11,0,35,0,0
27648,1000000US170315611006009,4,2,0,0,0,0,2,2,0,2,2,0,4,3,1,4,0,0
27649,1000000US170315611006010,21,11,0,0,0,0,10,11,0,10,10,0,12,11,1,28,0,0
27650,1000000US170315611006011,0,0,0,0,0,0,0,0,0,0,0,0,0,0,0,0,0,0
27651,1000000US170315611006012,38,21,0,0,0,0,17,21,0,17,17,0,18,18,0,54,0,0
27652,1000000US170315611006013,36,22,0,0,0,0,14,22,0,14,14,0,17,17,0,52,0,0
27653,1000000US170315611006014,26,24,0,0,0,0,2,24,0,2,2,0,12,12,0,31,0,0
27654,1000000US170315611006015,27,15,0,0,0,0,12,15,0,12,12,0,12,12,0,39,0,0
27655,1000000US170315611006016,28,24,0,0,0,0,4,24,0,4,4,0,13,12,1,33,0,0
27656,1000000US170315611006017,31,15,0,0,0,0,16,15,0,16,16,0,14,14,0,38,0,0
27657,1000000US170315611006018,34,21,0,0,0,0,13,21,0,13,13,0,15,14,1,46,0,0
27658,1000000US170315611006019,46,44,0,0,0,0,2,44,0,2,2,0,25,24,1,49,0,0
27659,1000000US170315611006020,9,6,0,1,0,0,2,7,0,2,3,0,5,4,1,11,1,0
27660,1000000US170315611006021,17,10,0,0,1,0,6,11,0,6,7,0,8,8,0,19,0,0
27661,1000000US170315611006022,20,15,0,0,0,0,5,15,0,5,5,0,10,10,0,28,0,0
27662,1000000US170315701001000,0,0,0,0,0,0,0,0,0,0,0,0,0,0,0,0,0,0
27663,1000000US170315701001001,0,0,0,0,0,0,0,0,0,0,0,0,0,0,0,0,0,0
27664,1000000US170315701001002,0,0,0,0,0,0,0,0,0,0,0,0,0,0,0,0,0,0
27665,1000000US170315701001003,2,0,0,0,0,0,2,0,0,2,2,0,1,1,0,8,0,0
27666,1000000US170315701001004,22,6,0,0,5,0,11,11,0,11,16,0,8,8,0,32,0,0
27667,1000000US170315701001005,13,8,1,0,1,0,5,8,0,5,5,1,6,6,0,15,0,1
27668,1000000US170315701001006,25,9,1,0,0,0,15,10,0,15,16,0,13,13,0,33,0,0
27669,1000000US170315701001007,19,1,0,1,0,0,18,1,0,18,18,1,7,5,2,32,1,0
27670,1000000US170315701001008,56,20,1,0,9,0,28,28,0,28,36,1,23,21,2,68,0,1
27671,1000000US170315701001009,27,8,0,0,0,0,19,8,0,19,19,0,14,12,2,39,0,0
27672,1000000US170315701001010,26,4,0,0,0,0,22,4,0,22,22,0,12,12,0,39,0,0
27673,1000000US170315701001011,27,5,0,0,0,0,22,5,0,22,22,1,10,10,0,33,0,0
27674,1000000US170315701001012,72,22,0,3,0,0,47,25,0,47,50,5,25,23,2,96,0,0
27675,1000000US170315701001013,0,0,0,0,0,0,0,0,0,0,0,0,0,0,0,0,0,0
27676,1000000US170315701001014,0,0,0,0,0,0,0,0,0,0,0,0,0,0,0,0,0,0
27677,1000000US170315701001015,0,0,0,0,0,0,0,0,0,0,0,0,0,0,0,0,0,0
27678,1000000US170315701001016,0,0,0,0,0,0,0,0,0,0,0,0,0,0,0,0,0,0
27679,1000000US170315701001017,47,10,0,0,4,0,33,14,0,33,37,0,28,25,3,62,0,0
27680,1000000US170315701001018,52,20,1,0,0,0,31,21,0,31,32,3,33,33,0,61,0,0
27681,1000000US170315701001019,41,8,0,0,0,0,33,8,0,33,33,4,20,18,2,61,0,0
27682,1000000US170315701001020,68,19,0,0,2,0,47,21,0,47,49,0,25,23,2,82,0,0
27683,1000000US170315701001021,66,10,7,0,2,0,51,15,0,51,56,6,23,22,1,100,0,4
27684,1000000US170315701001022,50,18,3,6,0,0,29,21,0,29,32,1,26,23,3,81,6,0
27685,1000000US170315701001023,45,23,0,0,0,0,22,23,0,22,22,0,20,19,1,61,0,0
27686,1000000US170315701001024,0,0,0,0,0,0,0,0,0,0,0,0,0,0,0,0,0,0
27687,1000000US170315701001025,2,0,0,0,0,0,2,0,0,2,2,0,2,2,0,6,0,0
27688,1000000US170315701001026,58,11,0,2,0,0,46,12,0,46,47,3,27,23,4,81,1,0
27689,1000000US170315701001027,59,23,0,0,0,0,36,23,0,36,36,0,26,25,1,76,0,0
27690,1000000US170315701001028,35,6,0,2,1,0,28,7,0,28,29,0,18,16,2,59,2,0
27691,1000000US170315701001029,19,1,0,0,0,0,18,1,0,18,18,0,10,7,3,28,0,0
27692,1000000US170315701001030,2,2,0,0,0,0,0,2,0,0,0,0,1,1,0,2,0,0
27693,1000000US170315701001031,40,10,0,0,0,0,29,11,0,29,30,0,17,15,2,53,0,0
27694,1000000US170315701001032,0,0,0,0,0,0,0,0,0,0,0,0,0,0,0,0,0,0
27695,1000000US170315701001033,0,0,0,0,0,0,0,0,0,0,0,0,0,0,0,0,0,0
27696,1000000US170315701001034,2,0,0,0,0,0,2,0,0,2,2,1,1,1,0,2,0,0
27697,1000000US170315701001035,38,22,0,0,0,0,16,22,0,16,16,0,31,22,9,47,0,0
27698,1000000US170315702001000,0,0,0,0,0,0,0,0,0,0,0,0,0,0,0,0,0,0
27699,1000000US170315702001001,0,0,0,0,0,0,0,0,0,0,0,0,0,0,0,0,0,0
27700,1000000US170315702001002,0,0,0,0,0,0,0,0,0,0,0,0,0,0,0,0,0,0
27701,1000000US170315702001003,0,0,0,0,0,0,0,0,0,0,0,0,0,0,0,0,0,0
27702,1000000US170315702001004,0,0,0,0,0,0,0,0,0,0,0,0,0,0,0,0,0,0
27703,1000000US170315702001005,0,0,0,0,0,0,0,0,0,0,0,0,0,0,0,0,0,0
27704,1000000US170315702001006,0,0,0,0,0,0,0,0,0,0,0,0,0,0,0,0,0,0
27705,1000000US170315702001007,0,0,0,0,0,0,0,0,0,0,0,0,0,0,0,0,0,0
27706,1000000US170315702001008,1,0,1,0,0,0,0,1,0,0,1,0,0,0,0,1,0,0
27707,1000000US170315702001009,0,0,0,0,0,0,0,0,0,0,0,0,0,0,0,0,0,0
27708,1000000US170315702001010,0,0,0,0,0,0,0,0,0,0,0,0,0,0,0,0,0,0
27709,1000000US170315702001011,0,0,0,0,0,0,0,0,0,0,0,0,0,0,0,0,0,0
27710,1000000US170315702001012,0,0,0,0,0,0,0,0,0,0,0,0,0,0,0,0,0,0
27711,1000000US170315702001013,0,0,0,0,0,0,0,0,0,0,0,0,0,0,0,0,0,0
27712,1000000US170315702001014,0,0,0,0,0,0,0,0,0,0,0,0,0,0,0,0,0,0
27713,1000000US170315702001015,0,0,0,0,0,0,0,0,0,0,0,0,0,0,0,0,0,0
27714,1000000US170315702001016,0,0,0,0,0,0,0,0,0,0,0,0,0,0,0,0,0,0
27715,1000000US170315702001017,0,0,0,0,0,0,0,0,0,0,0,0,0,0,0,0,0,0
27716,1000000US170315702001018,37,4,0,0,0,0,33,4,0,33,33,0,14,12,2,53,0,0
27717,1000000US170315702001019,0,0,0,0,0,0,0,0,0,0,0,0,0,0,0,0,0,0
27718,1000000US170315702001020,51,21,0,0,0,0,30,21,0,30,30,0,22,21,1,64,0,0
27719,1000000US170315702001021,53,3,0,0,7,0,43,10,0,43,50,3,21,20,1,78,0,0
27720,1000000US170315702001022,51,12,0,4,0,0,39,12,0,39,39,0,22,22,0,72,4,0
27721,1000000US170315702001023,46,14,0,0,4,0,32,14,0,32,32,0,24,21,3,74,0,0
27722,1000000US170315702001024,59,6,0,0,0,0,53,6,0,53,53,0,20,19,1,89,0,0
27723,1000000US170315702001025,49,18,2,1,1,1,28,21,0,28,31,2,22,20,2,70,0,1
27724,1000000US170315702001026,45,22,0,0,3,0,21,24,0,21,23,1,20,20,0,58,0,0
27725,1000000US170315702001027,0,0,0,0,0,0,0,0,0,0,0,0,0,0,0,0,0,0
27726,1000000US170315702001028,0,0,0,0,0,0,0,0,0,0,0,0,0,0,0,0,0,0
27727,1000000US170315702001029,52,21,0,0,0,0,31,21,0,31,31,0,23,20,3,66,0,0
27728,1000000US170315702001030,40,17,0,1,1,0,22,18,0,22,23,1,18,17,1,58,1,0
27729,1000000US170315702001031,30,10,0,0,0,0,20,10,0,20,20,0,15,14,1,43,0,0
27730,1000000US170315702001032,52,15,0,2,0,0,37,15,0,37,37,1,24,21,3,71,2,0
27731,1000000US170315702001033,33,14,1,3,0,0,19,14,0,19,19,2,21,20,1,50,3,1
27732,1000000US170315702001034,33,13,0,2,0,0,20,13,0,20,20,0,20,16,4,52,2,0
27733,1000000US170315702001035,37,19,0,0,0,0,18,19,0,18,18,0,17,16,1,48,0,0
27734,1000000US170315702001036,49,8,0,2,3,0,38,11,0,38,41,2,20,19,1,73,2,0
27735,1000000US170315702001037,45,13,1,0,0,0,31,14,0,31,32,0,19,19,0,65,0,0
27736,1000000US170315702001038,34,12,0,0,5,0,17,17,0,17,22,0,17,16,1,45,0,0
27737,1000000US170315702001039,56,23,0,0,0,0,33,23,0,33,33,2,25,22,3,77,0,0
27738,1000000US170315702001040,56,9,4,2,0,0,45,11,0,45,47,3,28,25,3,75,2,3
27739,1000000US170315702001041,48,8,2,0,4,0,34,14,0,34,40,0,21,18,3,66,0,0
27740,1000000US170315702001042,50,9,0,0,0,0,41,9,0,41,41,7,19,19,0,66,0,0
27741,1000000US170315702001043,0,0,0,0,0,0,0,0,0,0,0,0,0,0,0,0,0,0
27742,1000000US170315702001044,9,0,0,0,0,0,9,0,0,9,9,0,2,2,0,13,0,0
27743,1000000US170315702001045,42,11,0,0,0,0,31,11,0,31,31,0,20,17,3,58,0,0
27744,1000000US170315702001046,27,10,0,0,0,0,17,10,0,17,17,0,20,13,7,38,0,0
27745,1000000US170315702001047,26,17,0,0,0,0,9,17,0,9,9,0,14,12,2,32,0,0
27746,1000000US170315702001048,69,14,2,0,7,0,50,19,0,50,55,6,29,25,4,106,0,2
27747,1000000US170315702001049,39,17,0,3,0,0,22,17,0,22,22,0,14,13,1,53,3,0
27748,1000000US170315702001050,20,3,0,0,0,0,17,3,0,17,17,0,12,7,5,31,0,0
27749,1000000US170315702001051,29,0,0,0,8,0,21,8,0,21,29,3,14,12,2,46,0,0
27750,1000000US170315702001052,53,10,0,0,2,0,41,12,0,41,43,0,21,20,1,81,0,0
27751,1000000US170315702001053,46,7,2,0,0,0,39,7,0,39,39,0,23,22,1,71,0,2
27752,1000000US170315702001054,0,0,0,0,0,0,0,0,0,0,0,0,0,0,0,0,0,0
27753,1000000US170315703001000,2,0,0,0,0,0,2,0,0,2,2,0,2,2,0,2,0,0
27754,1000000US170315703001001,0,0,0,0,0,0,0,0,0,0,0,0,0,0,0,0,0,0
27755,1000000US170315703001002,33,3,0,0,0,0,30,3,0,30,30,0,11,11,0,45,0,0
27756,1000000US170315703001003,0,0,0,0,0,0,0,0,0,0,0,0,0,0,0,0,0,0
27757,1000000US170315703001004,19,6,0,0,0,0,13,6,0,13,13,0,12,10,2,29,0,0
27758,1000000US170315703001005,68,14,3,0,0,0,51,17,0,51,54,0,27,25,2,94,0,0
27759,1000000US170315703001006,84,23,0,0,0,0,61,23,0,61,61,1,46,37,9,150,0,0
27760,1000000US170315703001007,57,12,0,0,0,0,45,12,0,45,45,0,32,23,9,97,0,0
27761,1000000US170315703001008,68,20,0,0,0,0,48,20,0,48,48,0,28,26,2,100,0,0
27762,1000000US170315703001009,65,15,0,0,0,0,50,15,0,50,50,0,28,24,4,96,0,0
27763,1000000US170315703001010,57,13,0,6,0,0,44,13,0,44,44,0,25,22,3,77,6,0
27764,1000000US170315703001011,67,3,4,0,2,0,61,6,0,61,64,0,29,29,0,102,0,4
27765,1000000US170315703001012,68,11,0,2,0,0,57,11,0,57,57,4,39,30,9,100,2,0
27766,1000000US170315703001013,70,5,0,0,4,0,61,9,0,61,65,0,36,29,7,108,0,0
27767,1000000US170315703001014,58,13,0,0,0,0,45,13,0,45,45,0,34,27,7,89,0,0
27768,1000000US170315703001015,76,19,0,0,0,0,57,19,0,57,57,2,33,29,4,128,0,0
27769,1000000US170315703001016,0,0,0,0,0,0,0,0,0,0,0,0,0,0,0,0,0,0
27770,1000000US170315703001017,68,11,0,3,0,0,55,13,0,55,57,0,30,29,1,112,3,0
27771,1000000US170315703001018,28,3,0,0,0,0,25,3,0,25,25,0,16,16,0,49,0,0
27772,1000000US170315703001019,6,5,0,0,0,0,1,5,0,1,1,0,3,3,0,6,0,0
27773,1000000US170315703002000,0,0,0,0,0,0,0,0,0,0,0,0,0,0,0,0,0,0
27774,1000000US170315703002001,93,27,0,0,4,0,62,31,0,62,66,1,39,35,4,136,0,0
27775,1000000US170315703002002,66,21,2,0,0,0,43,23,0,43,45,1,36,34,2,106,0,0
27776,1000000US170315703002003,67,13,0,0,0,0,54,13,0,54,54,0,29,28,1,92,0,0
27777,1000000US170315703002004,55,25,0,0,0,0,30,25,0,30,30,0,26,24,2,80,0,0
27778,1000000US170315703002005,76,11,0,0,2,0,63,13,0,63,65,3,26,25,1,109,0,0
27779,1000000US170315703002006,85,25,0,4,0,0,60,25,0,60,60,0,28,26,2,124,4,0
27780,1000000US170315703002007,80,12,0,1,0,0,68,12,0,68,68,6,41,34,7,110,1,0
27781,1000000US170315703002008,53,6,1,0,0,0,47,6,0,47,47,2,20,20,0,85,0,1
27782,1000000US170315703002009,35,14,8,0,0,0,13,22,0,13,21,0,14,13,1,47,0,0
27783,1000000US170315703002010,26,9,0,0,0,0,17,9,0,17,17,0,11,7,4,39,0,0
27784,1000000US170315703002011,22,5,0,0,0,0,17,5,0,17,17,0,10,8,2,34,0,0
27785,1000000US170315703002012,21,12,0,2,0,0,9,12,0,9,9,0,11,11,0,29,2,0
27786,1000000US170315703002013,13,5,0,0,0,0,8,5,0,8,8,1,6,6,0,15,0,0
27787,1000000US170315703002014,0,0,0,0,0,0,0,0,0,0,0,0,0,0,0,0,0,0
27788,1000000US170315703002015,5,4,0,0,0,0,1,4,0,1,1,0,5,3,2,9,0,0
27789,1000000US170315703002016,4,4,0,0,0,0,0,4,0,0,0,0,2,2,0,6,0,0
27790,1000000US170315703002017,12,9,0,0,0,0,3,9,0,3,3,0,8,7,1,12,0,0
27791,1000000US170315703002018,0,0,0,0,0,0,0,0,0,0,0,0,0,0,0,0,0,0
27792,1000000US170315703002019,0,0,0,0,0,0,0,0,0,0,0,0,0,0,0,0,0,0
27793,1000000US170315703002020,0,0,0,0,0,0,0,0,0,0,0,0,0,0,0,0,0,0
27794,1000000US170315703002021,0,0,0,0,0,0,0,0,0,0,0,0,0,0,0,0,0,0
27795,1000000US170315703003000,24,1,0,0,0,0,23,1,0,23,23,0,8,8,0,38,0,0
27796,1000000US170315703003001,48,18,0,0,0,0,30,18,0,30,30,4,23,22,1,60,0,0
27797,1000000US170315703003002,76,10,0,0,0,0,66,10,0,66,66,6,30,29,1,107,0,0
27798,1000000US170315703003003,56,10,0,0,0,0,46,10,0,46,46,2,23,20,3,86,0,0
27799,1000000US170315703003004,68,13,0,0,0,0,55,13,0,55,55,0,30,30,0,88,0,0
27800,1000000US170315703003005,73,7,1,2,0,1,63,10,0,63,66,9,38,30,8,113,0,0
27801,1000000US170315703003006,96,30,0,0,0,0,65,31,0,65,66,1,38,38,0,129,0,0
27802,1000000US170315703003007,50,26,0,0,0,0,24,26,0,24,24,3,26,22,4,65,0,0
27803,1000000US170315703003008,79,26,0,0,0,0,53,26,0,53,53,1,28,27,1,110,0,0
27804,1000000US170315703003009,73,23,0,0,0,0,50,23,0,50,50,0,30,29,1,108,0,0
27805,1000000US170315703003010,61,16,0,0,1,0,45,16,0,45,45,4,28,25,3,84,0,0
27806,1000000US170315703003011,78,22,0,0,0,0,56,22,0,56,56,0,45,36,9,116,0,0
27807,1000000US170315703003012,98,10,0,0,1,2,87,11,0,87,88,4,36,33,3,133,0,0
27808,1000000US170315703003013,27,17,0,0,0,0,10,17,0,10,10,0,19,16,3,33,0,0
27809,1000000US170315703003014,42,13,0,0,0,0,28,14,0,28,29,0,24,19,5,71,0,0
27810,1000000US170315703003015,44,5,0,0,0,0,39,5,0,39,39,0,20,16,4,72,0,0
27811,1000000US170315703003016,63,15,0,1,0,0,47,16,0,47,48,0,25,20,5,92,1,0
27812,1000000US170315703003017,1,1,0,0,0,0,0,1,0,0,0,0,2,1,1,1,0,0
27813,1000000US170315703003018,16,13,0,0,0,0,3,13,0,3,3,0,8,8,0,18,0,0
27814,1000000US170315703004000,59,16,6,0,0,0,37,22,0,37,43,3,23,23,0,91,0,0
27815,1000000US170315703004001,4,0,0,0,3,0,1,3,0,1,4,0,2,2,0,4,0,0
27816,1000000US170315703004002,44,15,0,0,0,0,29,15,0,29,29,0,14,14,0,61,0,0
27817,1000000US170315703004003,46,15,0,0,2,0,29,17,0,29,31,0,21,20,1,62,0,0
27818,1000000US170315703004004,66,14,0,0,0,0,52,14,0,52,52,0,21,21,0,85,0,0
27819,1000000US170315703004005,56,16,0,0,1,0,39,17,0,39,40,0,16,16,0,70,0,0
27820,1000000US170315703004006,0,0,0,0,0,0,0,0,0,0,0,0,0,0,0,0,0,0
27821,1000000US170315703004007,0,0,0,0,0,0,0,0,0,0,0,0,0,0,0,0,0,0
27822,1000000US170315703004008,46,5,0,3,0,0,41,5,0,41,41,3,20,19,1,65,2,0
27823,1000000US170315703004009,53,14,0,3,0,0,39,14,0,39,39,4,22,20,2,73,0,0
27824,1000000US170315703004010,50,15,0,0,0,0,34,16,0,34,35,6,20,19,1,80,0,0
27825,1000000US170315703004011,78,15,0,0,0,0,63,15,0,63,63,0,26,25,1,106,0,0
27826,1000000US170315703004012,59,8,0,0,0,0,50,9,0,50,51,0,27,24,3,111,0,0
27827,1000000US170315703004013,59,15,0,0,0,0,44,15,0,44,44,5,28,25,3,92,0,0
27828,1000000US170315703004014,74,12,1,2,0,0,62,12,0,62,62,1,32,30,2,111,2,1
27829,1000000US170315703004015,76,14,0,2,2,0,61,15,0,61,62,3,35,31,4,94,2,0
27830,1000000US170315703004016,49,22,0,0,0,0,26,23,0,26,27,0,29,22,7,60,0,0
27831,1000000US170315703004017,96,17,2,0,1,0,78,18,0,78,79,11,45,43,2,164,0,1
27832,1000000US170315703004018,68,18,6,7,0,0,48,20,0,48,50,3,30,25,5,93,4,4
27833,1000000US170315703004019,48,17,0,0,0,0,31,17,0,31,31,2,18,16,2,65,0,0
27834,1000000US170315703004020,62,18,4,0,0,0,40,22,0,40,44,0,27,26,1,94,0,0
27835,1000000US170315703004021,72,17,2,0,0,0,53,19,0,53,55,2,29,29,0,102,0,0
27836,1000000US170315703004022,41,18,0,0,0,0,23,18,0,23,23,1,20,19,1,56,0,0
27837,1000000US170315703004023,69,8,0,1,0,0,60,9,0,60,61,0,29,26,3,105,1,0
27838,1000000US170315703004024,61,25,0,0,1,0,35,26,0,35,36,2,19,19,0,87,0,0
27839,1000000US170315703004025,30,22,0,0,0,0,8,22,0,8,8,0,13,13,0,42,0,0
27840,1000000US170315703004026,40,15,0,0,0,0,25,15,0,25,25,0,18,16,2,55,0,0
27841,1000000US170315703004027,69,30,0,0,6,0,33,36,0,33,39,1,29,28,1,88,0,0
27842,1000000US170315703004028,0,0,0,0,0,0,0,0,0,0,0,0,0,0,0,0,0,0
27843,1000000US170315703004029,0,0,0,0,0,0,0,0,0,0,0,0,0,0,0,0,0,0
27844,1000000US170315703004030,37,4,0,1,4,0,32,5,0,32,33,6,16,16,0,49,1,0
27845,1000000US170315703004031,7,1,0,0,0,0,6,1,0,6,6,0,5,4,1,10,0,0
27846,1000000US170315704001000,2,0,0,0,0,0,2,0,0,2,2,0,1,1,0,4,0,0
27847,1000000US170315704001001,33,6,0,3,2,0,25,8,0,25,27,0,12,12,0,42,3,0
27848,1000000US170315704001002,27,5,0,4,0,0,22,5,0,22,22,0,13,11,2,46,4,0
27849,1000000US170315704001003,74,16,5,1,0,0,52,22,0,52,58,0,29,29,0,105,1,0
27850,1000000US170315704001004,78,16,0,0,0,0,62,16,0,62,62,6,30,27,3,118,0,0
27851,1000000US170315704001005,39,6,2,0,2,0,29,10,0,29,33,0,19,18,1,52,0,0
27852,1000000US170315704001006,53,15,0,0,0,0,38,15,0,38,38,0,24,23,1,89,0,0
27853,1000000US170315704001007,77,29,1,0,4,0,43,34,0,43,48,1,41,38,3,92,0,0
27854,1000000US170315704001008,48,6,5,0,0,0,37,11,0,37,42,0,33,26,7,70,0,0
27855,1000000US170315704001009,56,10,0,0,0,0,46,10,0,46,46,0,25,21,4,90,0,0
27856,1000000US170315704001010,48,9,3,0,0,0,36,12,0,36,39,3,29,24,5,78,0,0
27857,1000000US170315704001011,39,21,0,0,0,0,18,21,0,18,18,0,22,20,2,54,0,0
27858,1000000US170315704001012,67,14,2,0,5,0,46,21,0,46,53,6,31,29,2,81,0,0
27859,1000000US170315704001013,0,0,0,0,0,0,0,0,0,0,0,0,0,0,0,0,0,0
27860,1000000US170315704002000,0,0,0,0,0,0,0,0,0,0,0,0,0,0,0,0,0,0
27861,1000000US170315704002001,42,25,1,0,0,1,16,26,0,16,17,0,27,27,0,53,0,0
27862,1000000US170315704002002,4,2,0,0,0,0,2,2,0,2,2,0,3,3,0,4,0,0
27863,1000000US170315704002003,6,3,0,0,0,0,3,3,0,3,3,0,4,4,0,7,0,0
27864,1000000US170315704002004,21,2,0,0,0,0,18,3,0,18,19,1,12,12,0,27,0,0
27865,1000000US170315704002005,12,3,0,0,2,0,7,5,0,7,9,0,10,7,3,16,0,0
27866,1000000US170315704002006,36,10,0,0,0,0,26,10,0,26,26,0,14,13,1,48,0,0
27867,1000000US170315704002007,30,9,0,0,0,0,21,9,0,21,21,0,14,14,0,38,0,0
27868,1000000US170315704002008,28,3,4,0,0,0,24,4,0,24,25,1,20,15,5,41,0,3
27869,1000000US170315704002009,48,2,0,0,0,0,46,2,0,46,46,1,19,17,2,58,0,0
27870,1000000US170315704002010,19,7,0,0,0,0,12,7,0,12,12,0,8,8,0,24,0,0
27871,1000000US170315704002011,9,0,0,0,0,0,9,0,0,9,9,0,5,4,1,11,0,0
27872,1000000US170315704002012,2,0,0,0,0,0,2,0,0,2,2,0,1,1,0,2,0,0
27873,1000000US170315704002013,0,0,0,0,0,0,0,0,0,0,0,0,0,0,0,0,0,0
27874,1000000US170315704002014,82,14,5,3,3,1,60,22,0,60,68,1,40,37,3,121,3,0
27875,1000000US170315704002015,3,0,0,0,0,0,3,0,0,3,3,0,1,1,0,8,0,0
27876,1000000US170315704002016,80,31,0,1,0,0,47,33,0,47,49,6,36,32,4,114,1,0
27877,1000000US170315704002017,0,0,0,0,0,0,0,0,0,0,0,0,0,0,0,0,0,0
27878,1000000US170315704002018,0,0,0,0,0,0,0,0,0,0,0,0,0,0,0,0,0,0
27879,1000000US170315704002019,19,13,0,0,0,0,6,13,0,6,6,0,5,5,0,24,0,0
27880,1000000US170315704002020,66,13,0,0,2,0,51,15,0,51,53,2,42,33,9,98,0,0
27881,1000000US170315705001000,0,0,0,0,0,0,0,0,0,0,0,0,0,0,0,0,0,0
27882,1000000US170315705001001,71,22,7,0,3,0,39,32,0,39,49,6,32,27,5,92,0,0
27883,1000000US170315705001002,0,0,0,0,0,0,0,0,0,0,0,0,0,0,0,0,0,0
27884,1000000US170315705001003,0,0,0,0,0,0,0,0,0,0,0,0,0,0,0,0,0,0
27885,1000000US170315705001004,10,0,0,0,0,0,10,0,0,10,10,0,6,4,2,16,0,0
27886,1000000US170315705001005,0,0,0,0,0,0,0,0,0,0,0,0,0,0,0,0,0,0
27887,1000000US170315705001006,0,0,0,0,0,0,0,0,0,0,0,0,1,0,1,0,0,0
27888,1000000US170315705001007,30,10,0,0,0,0,20,10,0,20,20,0,18,14,4,38,0,0
27889,1000000US170315705001008,4,0,0,0,0,0,4,0,0,4,4,1,2,2,0,4,0,0
27890,1000000US170315705001009,78,19,3,1,0,0,55,23,0,55,59,1,28,28,0,113,1,0
27891,1000000US170315705001010,47,11,0,2,0,0,36,11,0,36,36,0,23,18,5,78,2,0
27892,1000000US170315705001011,38,15,0,4,0,0,23,15,0,23,23,0,17,14,3,54,4,0
27893,1000000US170315705001012,78,20,0,0,2,0,56,22,0,56,58,2,27,25,2,107,0,0
27894,1000000US170315705001013,47,24,0,0,0,0,23,24,0,23,23,0,24,23,1,62,0,0
27895,1000000US170315705001014,34,15,0,0,0,0,19,15,0,19,19,0,14,13,1,45,0,0
27896,1000000US170315705001015,43,18,4,0,0,0,22,21,0,22,25,0,27,21,6,55,0,1
27897,1000000US170315705001016,21,5,0,0,0,0,16,5,0,16,16,0,12,12,0,43,0,0
27898,1000000US170315705001017,31,13,0,1,0,0,18,13,0,18,18,0,12,12,0,46,1,0
27899,1000000US170315705001018,0,0,0,0,0,0,0,0,0,0,0,0,0,0,0,0,0,0
27900,1000000US170315705001019,46,9,0,0,0,0,37,9,0,37,37,0,14,14,0,62,0,0
27901,1000000US170315705001020,48,4,0,0,0,0,44,4,0,44,44,0,14,13,1,69,0,0
27902,1000000US170315705001021,51,10,1,0,0,0,40,11,0,40,41,4,24,23,1,69,0,0
27903,1000000US170315705002000,45,17,1,0,3,0,24,21,0,24,28,0,22,22,0,59,0,0
27904,1000000US170315705002001,63,23,0,0,0,0,40,23,0,40,40,0,25,24,1,91,0,0
27905,1000000US170315705002002,31,8,0,0,0,0,23,8,0,23,23,0,15,13,2,48,0,0
27906,1000000US170315705002003,78,14,2,0,0,0,62,16,0,62,64,0,34,32,2,115,0,0
27907,1000000US170315705002004,60,18,1,0,2,0,39,21,0,39,42,0,32,26,6,75,0,0
27908,1000000US170315705002005,59,12,0,3,0,0,47,12,0,47,47,3,25,25,0,90,0,0
27909,1000000US170315705002006,66,16,4,1,0,0,49,17,0,49,50,4,30,27,3,82,1,3
27910,1000000US170315705002007,71,18,3,8,0,0,51,20,0,51,53,4,30,28,2,95,5,3
27911,1000000US170315705002008,103,28,1,0,0,0,75,28,0,75,75,3,33,32,1,147,0,1
27912,1000000US170315705002009,56,23,0,0,0,0,33,23,0,33,33,0,26,24,2,75,0,0
27913,1000000US170315705002010,55,31,1,0,0,0,23,32,0,23,24,0,28,23,5,75,0,0
27914,1000000US170315705002011,59,30,0,0,0,0,29,30,0,29,29,0,30,28,2,76,0,0
27915,1000000US170315705002012,75,36,0,0,0,0,39,36,0,39,39,1,42,40,2,102,0,0
27916,1000000US170315705002013,40,13,1,0,0,0,27,13,0,27,27,0,10,10,0,45,0,1
27917,1000000US170315705002014,33,3,1,1,0,0,27,6,0,27,30,1,15,14,1,52,0,0
27918,1000000US170315705002015,0,0,0,0,0,0,0,0,0,0,0,0,1,0,1,0,0,0
27919,1000000US170315705002016,0,0,0,0,0,0,0,0,0,0,0,0,0,0,0,0,0,0
27920,1000000US170315705002017,10,2,3,1,0,0,4,6,0,4,8,0,4,4,0,14,1,0
27921,1000000US170315705002018,0,0,0,0,0,0,0,0,0,0,0,0,0,0,0,0,0,0
27922,1000000US170315705002019,93,39,4,3,1,0,49,44,0,49,54,2,35,35,0,139,3,1
27923,1000000US170315705002020,0,0,0,0,0,0,0,0,0,0,0,0,0,0,0,0,0,0
27924,1000000US170315705002021,28,23,0,0,0,0,5,23,0,5,5,1,10,9,1,33,0,0
27925,1000000US170315705002022,29,18,0,0,0,0,11,18,0,11,11,2,14,14,0,37,0,0
27926,1000000US170315705002023,0,0,0,0,0,0,0,0,0,0,0,0,0,0,0,0,0,0
27927,1000000US170315705002024,24,7,0,0,0,0,17,7,0,17,17,6,12,12,0,29,0,0
27928,1000000US170315705002025,14,0,0,0,0,0,14,0,0,14,14,0,6,6,0,30,0,0
27929,1000000US170315801001000,0,0,0,0,0,0,0,0,0,0,0,0,0,0,0,0,0,0
27930,1000000US170315801001001,34,1,1,1,9,0,24,10,0,24,33,2,13,13,0,49,0,1
27931,1000000US170315801001002,23,0,0,0,0,0,23,0,0,23,23,1,16,11,5,33,0,0
27932,1000000US170315801001003,43,11,0,0,1,0,31,12,0,31,32,0,26,23,3,60,0,0
27933,1000000US170315801001004,18,0,2,0,5,0,11,7,0,11,18,0,7,7,0,22,0,0
27934,1000000US170315801001005,6,0,0,0,2,0,5,1,0,5,6,2,4,3,1,12,0,0
27935,1000000US170315801001006,11,0,0,0,0,0,11,0,0,11,11,0,5,5,0,11,0,0
27936,1000000US170315801001007,0,0,0,0,0,0,0,0,0,0,0,0,0,0,0,0,0,0
27937,1000000US170315801001008,0,0,0,0,0,0,0,0,0,0,0,0,0,0,0,0,0,0
27938,1000000US170315801001009,5,0,0,2,0,0,5,0,0,5,5,0,2,2,0,5,2,0
27939,1000000US170315801001010,7,2,0,0,0,0,5,2,0,5,5,0,6,4,2,13,0,0
27940,1000000US170315801001011,45,10,0,0,0,0,35,10,0,35,35,0,14,14,0,65,0,0
27941,1000000US170315801001012,64,2,0,0,0,0,62,2,0,62,62,2,23,22,1,83,0,0
27942,1000000US170315801001013,14,0,0,0,1,0,13,1,0,13,14,0,7,6,1,22,0,0
27943,1000000US170315801001014,0,0,0,0,0,0,0,0,0,0,0,0,0,0,0,0,0,0
27944,1000000US170315801001015,17,0,0,0,9,0,8,9,0,8,17,1,10,6,4,29,0,0
27945,1000000US170315801001016,32,3,0,0,6,0,23,9,0,23,29,0,20,14,6,57,0,0
27946,1000000US170315801001017,76,4,0,3,0,0,72,4,0,72,72,4,31,27,4,116,3,0
27947,1000000US170315801001018,50,6,0,0,0,0,44,6,0,44,44,0,24,19,5,73,0,0
27948,1000000US170315801001019,31,3,0,0,2,0,26,5,0,26,28,0,15,13,2,52,0,0
27949,1000000US170315801001020,24,4,2,0,5,0,16,8,0,16,20,0,13,11,2,39,0,2
27950,1000000US170315801001021,62,14,3,0,20,0,28,34,0,28,48,0,24,23,1,81,0,3
27951,1000000US170315801001022,57,5,0,1,4,0,48,9,0,48,52,0,25,25,0,70,1,0
27952,1000000US170315801001023,0,0,0,0,0,0,0,0,0,0,0,0,0,0,0,0,0,0
27953,1000000US170315801001024,0,0,0,0,0,0,0,0,0,0,0,0,0,0,0,0,0,0
27954,1000000US170315801001025,0,0,0,0,0,0,0,0,0,0,0,0,0,0,0,0,0,0
27955,1000000US170315801001026,102,7,1,2,45,0,53,49,0,53,95,3,44,42,2,134,2,0
27956,1000000US170315801001027,29,3,1,0,13,0,12,17,0,12,26,0,11,11,0,40,0,0
27957,1000000US170315801001028,66,6,0,0,15,0,45,21,0,45,60,0,27,22,5,100,0,0
27958,1000000US170315801001029,53,4,2,0,2,0,45,8,0,45,49,4,30,26,4,82,0,0
27959,1000000US170315801001030,30,2,0,1,1,0,26,4,0,26,28,1,11,9,2,45,0,0
27960,1000000US170315801001031,23,2,2,0,2,0,19,4,0,19,21,2,8,8,0,37,0,2
27961,1000000US170315801001032,27,5,0,0,10,0,12,15,0,12,22,0,13,12,1,41,0,0
27962,1000000US170315801001033,24,0,0,0,18,0,6,18,0,6,24,0,10,10,0,33,0,0
27963,1000000US170315801001034,0,0,0,0,0,0,0,0,0,0,0,0,0,0,0,0,0,0
27964,1000000US170315801002000,0,0,0,0,0,0,0,0,0,0,0,0,0,0,0,0,0,0
27965,1000000US170315801002001,36,15,0,0,3,0,17,19,0,17,21,0,16,16,0,50,0,0
27966,1000000US170315801002002,0,0,0,0,0,0,0,0,0,0,0,0,0,0,0,0,0,0
27967,1000000US170315801002003,0,0,0,0,0,0,0,0,0,0,0,0,0,0,0,0,0,0
27968,1000000US170315801002004,59,2,12,0,15,0,29,30,0,29,57,0,27,26,1,83,0,0
27969,1000000US170315801002005,41,1,7,0,4,0,29,12,0,29,40,0,20,17,3,60,0,0
27970,1000000US170315801002006,36,5,0,0,0,0,31,5,0,31,31,0,21,17,4,53,0,0
27971,1000000US170315801002007,40,5,0,3,1,0,34,6,0,34,35,3,18,15,3,64,3,0
27972,1000000US170315801002008,35,6,0,0,4,0,26,9,0,26,29,3,13,13,0,51,0,0
27973,1000000US170315801002009,39,17,0,0,0,0,22,17,0,22,22,6,13,13,0,58,0,0
27974,1000000US170315801002010,0,0,0,0,0,0,0,0,0,0,0,0,1,0,1,0,0,0
27975,1000000US170315801002011,28,3,0,0,5,0,20,8,0,20,25,0,10,8,2,42,0,0
27976,1000000US170315801002012,56,10,0,0,3,0,43,13,0,43,46,0,27,24,3,78,0,0
27977,1000000US170315801002013,44,16,0,0,3,0,25,19,0,25,28,0,17,14,3,54,0,0
27978,1000000US170315801002014,23,4,0,0,0,0,19,4,0,19,19,0,16,10,6,30,0,0
27979,1000000US170315801002015,51,2,0,0,2,0,47,4,0,47,49,3,22,19,3,89,0,0
27980,1000000US170315801002016,19,0,0,0,6,0,13,6,0,13,19,0,10,8,2,29,0,0
27981,1000000US170315801002017,30,5,0,0,7,0,18,12,0,18,25,0,15,12,3,43,0,0
27982,1000000US170315801002018,97,11,6,0,44,1,37,60,0,37,86,9,49,42,7,125,0,0
27983,1000000US170315801002019,7,1,0,0,0,0,6,1,0,6,6,0,5,4,1,10,0,0
27984,1000000US170315801002020,0,0,0,0,0,0,0,0,0,0,0,0,0,0,0,0,0,0
27985,1000000US170315801002021,48,8,0,0,0,0,40,8,0,40,40,6,24,21,3,70,0,0
27986,1000000US170315801002022,60,19,13,0,6,0,22,38,0,22,41,0,27,25,2,67,0,0
27987,1000000US170315801002023,3,1,0,0,1,0,1,2,0,1,2,0,5,2,3,4,0,0
27988,1000000US170315801002024,0,0,0,0,0,0,0,0,0,0,0,0,0,0,0,0,0,0
27989,1000000US170315801002025,12,4,0,0,0,0,8,4,0,8,8,0,9,7,2,26,0,0
27990,1000000US170315801002026,40,1,0,0,0,0,39,1,0,39,39,5,18,17,1,69,0,0
27991,1000000US170315801002027,47,5,0,1,7,0,34,13,0,34,42,1,20,20,0,74,0,0
27992,1000000US170315801002028,37,3,2,0,10,0,24,13,0,24,34,1,21,19,2,58,0,1
27993,1000000US170315801002029,2,0,0,0,2,0,0,2,0,0,2,0,1,1,0,4,0,0
27994,1000000US170315801002030,105,8,0,0,12,0,85,20,0,85,97,3,44,37,7,138,0,0
27995,1000000US170315801002031,31,3,0,0,7,0,21,10,0,21,28,2,11,11,0,43,0,0
27996,1000000US170315801002032,32,7,0,0,7,0,18,14,0,18,25,0,14,13,1,45,0,0
27997,1000000US170315801002033,42,5,2,0,0,0,37,5,0,37,37,2,18,17,1,68,0,2
27998,1000000US170315802001000,0,0,0,0,0,0,0,0,0,0,0,0,0,0,0,0,0,0
27999,1000000US170315802001001,0,0,0,0,0,0,0,0,0,0,0,0,0,0,0,0,0,0
28000,1000000US170315802001002,0,0,0,0,0,0,0,0,0,0,0,0,0,0,0,0,0,0
28001,1000000US170315802001003,0,0,0,0,0,0,0,0,0,0,0,0,0,0,0,0,0,0
28002,1000000US170315802001004,76,5,0,1,3,0,68,8,0,68,71,0,30,30,0,122,1,0
28003,1000000US170315802001005,61,15,0,0,7,0,44,17,0,44,46,5,24,21,3,88,0,0
28004,1000000US170315802001006,61,5,1,0,0,0,55,6,0,55,56,0,26,17,9,84,0,0
28005,1000000US170315802001007,50,6,0,0,1,0,43,7,0,43,44,0,17,17,0,74,0,0
28006,1000000US170315802001008,27,7,1,0,0,0,20,7,0,20,20,1,13,13,0,47,0,1
28007,1000000US170315802001009,83,5,0,0,2,0,76,7,0,76,78,0,23,22,1,114,0,0
28008,1000000US170315802001010,71,6,0,0,7,0,57,14,0,57,65,0,31,27,4,112,0,0
28009,1000000US170315802001011,0,0,0,0,0,0,0,0,0,0,0,0,0,0,0,0,0,0
28010,1000000US170315802001012,0,0,0,0,0,0,0,0,0,0,0,0,0,0,0,0,0,0
28011,1000000US170315802001013,0,0,0,0,0,0,0,0,0,0,0,0,0,0,0,0,0,0
28012,1000000US170315802001014,0,0,0,0,0,0,0,0,0,0,0,0,0,0,0,0,0,0
28013,1000000US170315802001015,0,0,0,0,0,0,0,0,0,0,0,0,0,0,0,0,0,0
28014,1000000US170315802001016,42,4,0,0,19,0,19,23,0,19,38,0,17,15,2,63,0,0
28015,1000000US170315802001017,29,5,3,3,9,0,15,14,0,15,24,3,11,11,0,41,0,3
28016,1000000US170315802001018,29,0,0,0,11,0,18,11,0,18,29,0,10,10,0,42,0,0
28017,1000000US170315802001019,17,0,0,0,9,0,8,9,0,8,17,2,10,9,1,22,0,0
28018,1000000US170315802001020,28,8,0,0,0,0,20,8,0,20,20,0,12,11,1,42,0,0
28019,1000000US170315802001021,30,1,1,0,3,0,25,5,0,25,29,0,8,8,0,38,0,0
28020,1000000US170315802001022,27,0,0,0,6,0,21,6,0,21,27,0,9,8,1,40,0,0
28021,1000000US170315802001023,12,4,0,0,0,0,8,4,0,8,8,0,4,4,0,16,0,0
28022,1000000US170315802001024,27,1,0,0,0,0,26,1,0,26,26,0,10,10,0,46,0,0
28023,1000000US170315802001025,0,0,0,0,0,0,0,0,0,0,0,0,0,0,0,0,0,0
28024,1000000US170315802001026,0,0,0,0,0,0,0,0,0,0,0,0,0,0,0,0,0,0
28025,1000000US170315802001027,40,10,2,0,13,0,17,23,0,17,30,4,14,14,0,51,0,2
28026,1000000US170315802001028,0,0,0,0,0,0,0,0,0,0,0,0,0,0,0,0,0,0
28027,1000000US170315802001029,30,1,0,0,23,0,6,24,0,6,29,1,12,12,0,39,0,0
28028,1000000US170315802001030,17,0,0,0,6,0,12,5,0,12,17,2,8,8,0,26,0,0
28029,1000000US170315802001031,0,0,0,0,0,0,0,0,0,0,0,0,0,0,0,0,0,0
28030,1000000US170315802001032,0,0,0,0,0,0,0,0,0,0,0,0,0,0,0,0,0,0
28031,1000000US170315802001033,0,0,0,0,0,0,0,0,0,0,0,0,0,0,0,0,0,0
28032,1000000US170315802001034,0,0,0,0,0,0,0,0,0,0,0,0,0,0,0,0,0,0
28033,1000000US170315802001035,90,13,1,3,5,0,70,20,0,70,77,2,38,36,2,140,2,0
28034,1000000US170315802001036,30,5,1,0,0,0,24,6,0,24,25,3,13,10,3,44,0,0
28035,1000000US170315802001037,32,5,0,0,4,0,23,9,0,23,27,0,13,12,1,51,0,0
28036,1000000US170315802001038,29,2,1,0,0,0,26,3,0,26,27,0,14,11,3,51,0,0
28037,1000000US170315802001039,27,4,3,0,10,0,12,15,0,12,23,2,13,12,1,42,0,0
28038,1000000US170315802002000,83,3,3,2,0,0,80,3,0,80,80,5,37,36,1,118,2,3
28039,1000000US170315802002001,84,10,0,3,7,0,66,18,0,66,74,7,34,34,0,122,2,0
28040,1000000US170315802002002,49,1,0,3,0,2,47,2,0,47,48,8,19,17,2,88,3,0
28041,1000000US170315802002003,23,1,0,0,5,0,17,6,0,17,22,5,7,6,1,33,0,0
28042,1000000US170315802002004,32,1,1,1,6,0,25,7,0,25,31,1,12,12,0,47,1,0
28043,1000000US170315802002005,43,0,4,0,0,0,39,4,0,39,43,0,17,14,3,67,0,0
28044,1000000US170315802002006,25,1,0,0,8,0,17,8,0,17,24,4,10,10,0,40,0,0
28045,1000000US170315802002007,0,0,0,0,0,0,0,0,0,0,0,0,0,0,0,0,0,0
28046,1000000US170315802002008,0,0,0,0,0,0,0,0,0,0,0,0,0,0,0,0,0,0
28047,1000000US170315802002009,51,6,0,0,2,0,43,8,0,43,45,5,23,22,1,79,0,0
28048,1000000US170315802002010,59,5,1,0,0,0,54,5,0,54,54,2,26,23,3,95,0,1
28049,1000000US170315802002011,39,2,0,0,0,0,37,2,0,37,37,0,20,18,2,56,0,0
28050,1000000US170315802002012,30,0,0,0,0,0,30,0,0,30,30,0,12,12,0,39,0,0
28051,1000000US170315802002013,29,0,0,0,0,0,29,0,0,29,29,0,14,13,1,42,0,0
28052,1000000US170315802002014,26,3,0,0,2,0,21,5,0,21,23,0,12,9,3,35,0,0
28053,1000000US170315802002015,25,5,2,0,1,0,17,8,0,17,20,0,15,13,2,35,0,0
28054,1000000US170315802002016,34,0,0,0,2,0,32,2,0,32,34,0,11,10,1,47,0,0
28055,1000000US170315802002017,36,0,4,4,0,0,32,4,0,32,36,6,22,16,6,60,4,0
28056,1000000US170315802002018,36,0,0,0,5,0,31,5,0,31,36,0,12,12,0,50,0,0
28057,1000000US170315802002019,45,0,0,1,0,0,44,1,0,44,45,0,17,16,1,69,1,0
28058,1000000US170315802002020,42,2,0,0,8,0,32,10,0,32,40,3,27,21,6,53,0,0
28059,1000000US170315802002021,96,20,0,5,9,0,67,29,0,67,76,4,45,36,9,139,5,0
28060,1000000US170315802002022,95,18,3,0,11,0,63,32,0,63,77,4,38,37,1,131,0,0
28061,1000000US170315802002023,51,3,0,0,9,0,39,12,0,39,48,0,21,20,1,81,0,0
28062,1000000US170315802002024,17,9,1,0,0,0,8,9,0,8,8,0,6,6,0,17,0,1
28063,1000000US170315802002025,4,0,0,0,0,0,4,0,0,4,4,0,2,2,0,6,0,0
28064,1000000US170315802002026,48,12,5,0,0,0,31,17,0,31,36,1,27,23,4,70,0,0
28065,1000000US170315802002027,92,4,2,0,2,0,85,7,0,85,88,0,50,44,6,179,0,1
28066,1000000US170315802002028,2,2,0,0,0,0,0,2,0,0,0,0,1,1,0,4,0,0
28067,1000000US170315802002029,83,11,0,0,1,0,71,12,0,71,72,10,48,39,9,128,0,0
28068,1000000US170315802002030,64,8,2,0,5,0,49,15,0,49,56,3,25,22,3,94,0,0
28069,1000000US170315802002031,38,11,1,0,0,0,27,11,0,27,27,3,23,19,4,56,0,1
28070,1000000US170315803001000,0,0,0,0,0,0,0,0,0,0,0,0,0,0,0,0,0,0
28071,1000000US170315803001001,0,0,0,0,0,0,0,0,0,0,0,0,0,0,0,0,0,0
28072,1000000US170315803001002,0,0,0,0,0,0,0,0,0,0,0,0,0,0,0,0,0,0
28073,1000000US170315803001003,0,0,0,0,0,0,0,0,0,0,0,0,0,0,0,0,0,0
28074,1000000US170315803001004,0,0,0,0,0,0,0,0,0,0,0,0,0,0,0,0,0,0
28075,1000000US170315803001005,163,19,0,3,6,0,135,28,0,135,144,2,69,66,3,241,3,0
28076,1000000US170315803001006,94,2,0,7,4,0,87,7,0,87,92,3,38,30,8,119,7,0
28077,1000000US170315803001007,64,9,0,0,4,0,51,13,0,51,55,0,31,27,4,98,0,0
28078,1000000US170315803001008,23,0,0,0,0,0,23,0,0,23,23,0,10,9,1,36,0,0
28079,1000000US170315803001009,35,1,0,0,0,0,34,1,0,34,34,0,14,13,1,59,0,0
28080,1000000US170315803001010,25,0,0,0,5,0,20,5,0,20,25,0,10,10,0,37,0,0
28081,1000000US170315803001011,36,0,0,0,0,0,36,0,0,36,36,0,22,16,6,49,0,0
28082,1000000US170315803001012,53,0,0,0,0,0,53,0,0,53,53,0,23,21,2,95,0,0
28083,1000000US170315803001013,27,0,0,0,0,0,27,0,0,27,27,0,15,14,1,38,0,0
28084,1000000US170315803001014,41,3,2,0,0,0,36,5,0,36,38,0,24,19,5,72,0,0
28085,1000000US170315803001015,153,7,3,0,66,0,77,76,0,77,146,0,67,58,9,231,0,0
28086,1000000US170315803001016,95,0,3,0,1,0,91,4,0,91,95,9,37,35,2,134,0,0
28087,1000000US170315803001017,72,4,5,1,6,0,59,13,0,59,68,11,31,24,7,103,0,1
28088,1000000US170315803001018,62,0,2,1,0,0,60,2,0,60,62,3,25,24,1,94,1,0
28089,1000000US170315803001019,88,3,2,3,12,0,73,15,0,73,85,7,38,32,6,118,3,2
28090,1000000US170315803001020,91,3,0,0,5,0,83,8,0,83,88,5,46,34,12,134,0,0
28091,1000000US170315803001021,74,1,0,0,10,0,63,11,0,63,73,0,28,27,1,102,0,0
28092,1000000US170315803001022,48,7,0,0,10,0,31,17,0,31,41,0,28,22,6,70,0,0
28093,1000000US170315803001023,93,1,4,0,3,1,84,9,0,84,92,3,45,37,8,128,0,0
28094,1000000US170315803001024,24,0,0,0,0,0,24,0,0,24,24,0,11,8,3,34,0,0
28095,1000000US170315803001025,36,0,0,1,2,0,34,2,0,34,36,0,14,12,2,60,1,0
28096,1000000US170315803001026,50,0,0,0,0,0,50,0,0,50,50,0,20,20,0,84,0,0
28097,1000000US170315803001027,75,8,0,0,7,0,60,15,0,60,67,0,41,31,10,100,0,0
28098,1000000US170315803001028,75,2,0,2,0,0,73,2,0,73,73,7,33,30,3,112,1,0
28099,1000000US170315803001029,34,2,0,0,0,0,32,2,0,32,32,0,13,12,1,50,0,0
28100,1000000US170315803001030,21,0,0,0,6,0,15,6,0,15,21,0,7,7,0,28,0,0
28101,1000000US170315804001000,0,0,0,0,0,0,0,0,0,0,0,0,0,0,0,0,0,0
28102,1000000US170315804001001,0,0,0,0,0,0,0,0,0,0,0,0,0,0,0,0,0,0
28103,1000000US170315804001002,0,0,0,0,0,0,0,0,0,0,0,0,0,0,0,0,0,0
28104,1000000US170315804001003,102,17,1,1,0,0,85,17,0,85,85,5,50,44,6,166,1,1
28105,1000000US170315804001004,107,9,6,1,5,0,88,19,0,88,98,1,51,48,3,156,1,1
28106,1000000US170315804001005,37,10,3,0,4,0,23,14,0,23,27,3,19,19,0,47,0,3
28107,1000000US170315804001006,46,8,0,1,6,0,32,14,0,32,38,0,22,20,2,64,1,0
28108,1000000US170315804001007,54,13,0,0,25,0,16,38,0,16,41,0,21,20,1,64,0,0
28109,1000000US170315804001008,63,9,0,0,18,0,36,27,0,36,54,0,20,20,0,84,0,0
28110,1000000US170315804001009,55,11,0,0,13,0,31,24,0,31,44,3,21,20,1,70,0,0
28111,1000000US170315804001010,57,9,0,0,17,0,31,26,0,31,48,0,22,22,0,74,0,0
28112,1000000US170315804001011,59,2,0,0,0,0,57,2,0,57,57,0,22,20,2,99,0,0
28113,1000000US170315804001012,73,2,0,2,11,0,60,13,0,60,71,0,32,25,7,106,2,0
28114,1000000US170315804001013,47,9,0,0,3,0,35,12,0,35,38,2,23,20,3,72,0,0
28115,1000000US170315804001014,4,0,0,0,0,0,4,0,0,4,4,0,4,4,0,5,0,0
28116,1000000US170315804001015,0,0,0,0,0,0,0,0,0,0,0,0,0,0,0,0,0,0
28117,1000000US170315804001016,0,0,0,0,0,0,0,0,0,0,0,0,0,0,0,0,0,0
28118,1000000US170315804001017,43,10,0,2,0,0,33,10,0,33,33,0,37,26,11,73,2,0
28119,1000000US170315804001018,64,15,10,0,1,0,38,26,0,38,49,0,55,49,6,68,0,0
28120,1000000US170315804001019,74,7,1,1,0,0,67,7,0,67,67,3,41,32,9,101,0,1
28121,1000000US170315804002000,0,0,0,0,0,0,0,0,0,0,0,0,0,0,0,0,0,0
28122,1000000US170315804002001,80,8,0,0,7,0,65,15,0,65,72,1,42,37,5,134,0,0
28123,1000000US170315804002002,4,0,0,0,0,0,4,0,0,4,4,0,3,2,1,4,0,0
28124,1000000US170315804002003,0,0,0,0,0,0,0,0,0,0,0,0,0,0,0,0,0,0
28125,1000000US170315804002004,91,14,0,0,2,0,77,14,0,77,77,3,50,45,5,146,0,0
28126,1000000US170315804002005,80,4,0,0,6,0,67,13,0,67,76,0,41,36,5,128,0,0
28127,1000000US170315804002006,41,9,0,1,0,0,31,10,0,31,32,1,26,19,7,62,0,0
28128,1000000US170315804002007,26,8,2,0,0,0,16,10,0,16,18,0,20,14,6,34,0,0
28129,1000000US170315804002008,26,4,1,3,0,0,21,5,0,21,22,0,17,14,3,34,3,0
28130,1000000US170315804002009,103,8,0,3,6,0,89,14,0,89,95,12,52,43,9,164,1,0
28131,1000000US170315804002010,6,0,0,0,0,0,6,0,0,6,6,0,3,3,0,12,0,0
28132,1000000US170315804002011,87,11,0,4,0,0,75,12,0,75,76,2,44,41,3,138,3,0
28133,1000000US170315804002012,2,0,1,0,0,0,2,0,0,2,2,0,1,1,0,2,0,1
28134,1000000US170315804002013,70,3,0,2,5,0,62,8,0,62,67,1,26,24,2,108,2,0
28135,1000000US170315804002014,98,13,3,1,12,0,71,27,0,71,85,9,37,37,0,152,1,2
28136,1000000US170315804002015,24,5,0,0,8,0,11,13,0,11,19,0,8,8,0,35,0,0
28137,1000000US170315804002016,9,3,0,1,0,0,6,3,0,6,6,0,5,5,0,12,1,0
28138,1000000US170315804002017,9,0,0,0,0,0,9,0,0,9,9,0,3,3,0,15,0,0
28139,1000000US170315804002018,0,0,0,0,0,0,0,0,0,0,0,0,0,0,0,0,0,0
28140,1000000US170315804003000,0,0,0,0,0,0,0,0,0,0,0,0,0,0,0,0,0,0
28141,1000000US170315804003001,79,15,0,0,3,0,61,18,0,61,64,0,36,29,7,120,0,0
28142,1000000US170315804003002,57,14,0,0,1,0,42,15,0,42,43,0,29,27,2,87,0,0
28143,1000000US170315804003003,78,6,1,1,0,0,70,8,0,70,72,0,38,35,3,128,1,0
28144,1000000US170315804003004,85,9,7,0,0,1,72,13,0,72,76,3,46,37,9,134,0,3
28145,1000000US170315804003005,50,4,0,0,3,0,43,7,0,43,46,0,24,22,2,77,0,0
28146,1000000US170315804003006,47,4,2,0,8,0,33,14,0,33,43,4,23,19,4,85,0,0
28147,1000000US170315804003007,69,5,0,0,5,0,59,10,0,59,64,3,28,28,0,99,0,0
28148,1000000US170315804003008,62,8,0,0,0,0,54,8,0,54,54,0,29,24,5,104,0,0
28149,1000000US170315804003009,58,5,0,0,1,0,52,6,0,52,53,0,22,19,3,95,0,0
28150,1000000US170315804003010,38,6,0,0,0,0,32,6,0,32,32,3,11,11,0,58,0,0
28151,1000000US170315804003011,22,3,0,2,0,0,19,3,0,19,19,0,12,11,1,32,2,0
28152,1000000US170315804003012,35,1,0,0,0,0,34,1,0,34,34,1,20,18,2,58,0,0
28153,1000000US170315804003013,75,10,0,2,0,0,65,10,0,65,65,3,32,26,6,112,0,0
28154,1000000US170315804003014,0,0,0,0,0,0,0,0,0,0,0,0,0,0,0,0,0,0
28155,1000000US170315804003015,0,0,0,0,0,0,0,0,0,0,0,0,0,0,0,0,0,0
28156,1000000US170315804003016,3,0,1,0,0,0,2,1,0,2,3,0,1,1,0,3,0,0
28157,1000000US170315804003017,24,0,3,0,0,0,22,2,0,22,24,2,15,11,4,45,0,1
28158,1000000US170315804003018,23,7,0,0,0,0,16,7,0,16,16,2,14,13,1,38,0,0
28159,1000000US170315804003019,8,0,0,4,0,0,7,1,0,7,8,1,4,4,0,12,4,0
28160,1000000US170315804003020,4,0,0,0,0,0,4,0,0,4,4,0,3,1,2,6,0,0
28161,1000000US170315804003021,0,0,0,0,0,0,0,0,0,0,0,0,0,0,0,0,0,0
28162,1000000US170315804004000,12,3,0,0,0,0,9,3,0,9,9,0,7,7,0,17,0,0
28163,1000000US170315804004001,19,4,0,0,8,0,7,12,0,7,15,0,9,8,1,27,0,0
28164,1000000US170315804004002,34,9,4,0,5,0,20,14,0,20,25,0,21,15,6,48,0,4
28165,1000000US170315804004003,47,8,0,0,6,0,33,14,0,33,39,0,19,17,2,63,0,0
28166,1000000US170315804004004,94,14,0,2,2,0,77,17,0,77,80,6,56,50,6,146,1,0
28167,1000000US170315804004005,56,9,0,0,20,0,29,27,0,29,47,2,23,21,2,70,0,0
28168,1000000US170315804004006,40,9,0,0,11,0,20,20,0,20,31,0,15,15,0,60,0,0
28169,1000000US170315804004007,80,10,0,0,0,3,70,10,0,70,70,1,36,30,6,117,0,0
28170,1000000US170315804004008,70,10,1,2,11,0,49,21,0,49,60,2,38,34,4,102,0,1
28171,1000000US170315804004009,43,4,0,0,5,0,34,9,0,34,39,0,17,12,5,68,0,0
28172,1000000US170315804004010,64,2,1,0,11,0,51,13,0,51,62,0,30,26,4,117,0,1
28173,1000000US170315804004011,61,2,5,0,12,0,46,15,0,46,59,0,23,19,4,92,0,4
28174,1000000US170315804004012,63,5,0,0,4,0,55,8,0,55,58,3,30,28,2,82,0,0
28175,1000000US170315804004013,8,7,0,0,0,0,1,7,0,1,1,0,7,6,1,12,0,0
28176,1000000US170315804004014,0,0,0,0,0,0,0,0,0,0,0,0,0,0,0,0,0,0
28177,1000000US170315804004015,0,0,0,0,0,0,0,0,0,0,0,0,0,0,0,0,0,0
28178,1000000US170315804004016,48,6,4,0,0,0,38,10,0,38,42,0,33,29,4,52,0,0
28179,1000000US170315805011000,0,0,0,0,0,0,0,0,0,0,0,0,0,0,0,0,0,0
28180,1000000US170315805011001,78,11,1,3,0,0,63,15,0,63,67,1,41,31,10,134,3,0
28181,1000000US170315805011002,0,0,0,0,0,0,0,0,0,0,0,0,0,0,0,0,0,0
28182,1000000US170315805011003,4,0,0,0,0,0,4,0,0,4,4,0,3,3,0,6,0,0
28183,1000000US170315805011004,68,9,2,0,0,0,57,11,0,57,59,0,33,31,2,111,0,0
28184,1000000US170315805011005,58,7,2,0,0,0,50,8,0,50,51,0,31,23,8,98,0,1
28185,1000000US170315805011006,103,15,3,0,0,0,88,15,0,88,88,3,59,43,16,190,0,3
28186,1000000US170315805011007,110,13,1,6,0,0,97,13,0,97,97,7,54,41,13,171,1,1
28187,1000000US170315805011008,64,9,1,0,2,0,52,12,0,52,55,4,24,23,1,104,0,0
28188,1000000US170315805011009,4,0,0,0,0,0,4,0,0,4,4,0,3,2,1,7,0,0
28189,1000000US170315805011010,21,0,0,0,0,0,21,0,0,21,21,0,8,5,3,22,0,0
28190,1000000US170315805011011,40,0,0,0,0,0,40,0,0,40,40,3,24,15,9,67,0,0
28191,1000000US170315805011012,51,6,0,1,9,0,36,15,0,36,45,0,23,20,3,75,1,0
28192,1000000US170315805011013,59,7,2,0,12,0,38,21,0,38,52,1,23,20,3,83,0,0
28193,1000000US170315805011014,57,4,6,0,0,0,49,8,0,49,53,1,28,25,3,84,0,3
28194,1000000US170315805011015,62,11,0,0,7,0,44,18,0,44,51,0,24,24,0,86,0,0
28195,1000000US170315805011016,40,2,0,0,0,0,38,2,0,38,38,1,19,15,4,53,0,0
28196,1000000US170315805012000,16,3,0,0,0,0,13,3,0,13,13,0,8,8,0,22,0,0
28197,1000000US170315805012001,36,13,0,0,0,0,23,13,0,23,23,0,18,16,2,50,0,0
28198,1000000US170315805012002,78,12,4,0,3,0,61,17,0,61,66,0,34,33,1,111,0,1
28199,1000000US170315805012003,113,16,0,1,0,0,97,16,0,97,97,2,50,47,3,167,1,0
28200,1000000US170315805012004,83,0,2,1,11,0,74,9,0,74,83,5,41,32,9,129,1,0
28201,1000000US170315805012005,26,3,1,0,0,0,21,5,0,21,23,0,17,14,3,34,0,0
28202,1000000US170315805012006,35,10,3,0,0,0,25,10,0,25,25,0,21,18,3,62,0,3
28203,1000000US170315805012007,0,0,0,0,0,0,0,0,0,0,0,0,0,0,0,0,0,0
28204,1000000US170315805012008,0,0,0,0,0,0,0,0,0,0,0,0,0,0,0,0,0,0
28205,1000000US170315805012009,40,12,0,0,5,0,23,17,0,23,28,0,21,19,2,58,0,0
28206,1000000US170315805012010,40,13,1,0,0,0,26,14,0,26,27,3,15,12,3,52,0,0
28207,1000000US170315805012011,14,3,0,0,0,0,11,3,0,11,11,0,7,7,0,15,0,0
28208,1000000US170315805012012,44,6,0,0,0,0,38,6,0,38,38,0,26,25,1,54,0,0
28209,1000000US170315805012013,11,3,0,0,0,0,8,3,0,8,8,0,5,5,0,14,0,0
28210,1000000US170315805013000,81,9,3,0,0,0,68,13,0,68,72,0,42,37,5,124,0,0
28211,1000000US170315805013001,60,10,0,0,3,0,47,13,0,47,50,0,31,26,5,77,0,0
28212,1000000US170315805013002,42,4,0,0,0,0,38,4,0,38,38,0,24,17,7,64,0,0
28213,1000000US170315805013003,42,10,0,0,0,0,32,10,0,32,32,5,20,18,2,59,0,0
28214,1000000US170315805013004,51,1,0,1,0,0,50,1,0,50,50,2,22,18,4,86,1,0
28215,1000000US170315805013005,9,3,0,0,0,0,6,3,0,6,6,0,7,7,0,10,0,0
28216,1000000US170315805013006,65,7,0,1,0,0,58,7,0,58,58,3,33,30,3,98,1,0
28217,1000000US170315805013007,61,1,0,0,0,0,60,1,0,60,60,0,33,23,10,92,0,0
28218,1000000US170315805013008,71,0,5,3,4,0,67,4,0,67,71,2,37,30,7,104,1,5
28219,1000000US170315805013009,35,13,0,2,2,0,19,16,0,19,22,1,23,22,1,46,1,0
28220,1000000US170315805013010,43,7,0,3,0,0,36,7,0,36,36,0,26,16,10,69,3,0
28221,1000000US170315805013011,73,3,0,1,0,0,70,3,0,70,70,0,36,30,6,103,1,0
28222,1000000US170315805013012,86,3,0,2,0,0,83,3,0,83,83,6,35,30,5,120,0,0
28223,1000000US170315805013013,78,9,0,3,0,0,69,9,0,69,69,7,33,29,4,126,3,0
28224,1000000US170315805013014,51,13,0,0,0,0,38,13,0,38,38,0,22,19,3,65,0,0
28225,1000000US170315805013015,36,16,1,1,0,0,19,17,0,19,20,0,22,18,4,56,1,0
28226,1000000US170315805013016,44,0,0,0,0,0,44,0,0,44,44,4,25,18,7,70,0,0
28227,1000000US170315805013017,50,2,2,0,0,0,46,4,0,46,48,1,28,23,5,74,0,0
28228,1000000US170315805013018,53,1,6,0,6,0,40,13,0,40,52,0,27,23,4,82,0,0
28229,1000000US170315805013019,0,0,0,0,0,0,0,0,0,0,0,0,0,0,0,0,0,0
28230,1000000US170315805013020,11,0,2,0,0,0,9,2,0,9,11,4,7,4,3,17,0,0
28231,1000000US170315805013021,64,6,1,1,0,0,56,8,0,56,58,2,33,28,5,88,1,0
28232,1000000US170315805014000,64,15,5,1,0,0,43,21,0,43,49,1,29,27,2,93,0,0
28233,1000000US170315805014001,103,3,0,0,10,0,90,13,0,90,100,0,43,38,5,140,0,0
28234,1000000US170315805014002,95,13,4,0,12,0,69,26,0,69,82,8,42,36,6,138,0,3
28235,1000000US170315805014003,79,12,0,0,6,0,61,18,0,61,67,0,34,30,4,106,0,0
28236,1000000US170315805014004,50,1,0,2,6,0,43,7,0,43,49,0,17,16,1,81,2,0
28237,1000000US170315805014005,78,13,0,0,4,0,61,17,0,61,65,1,40,35,5,122,0,0
28238,1000000US170315805014006,99,14,0,1,1,1,84,15,0,84,85,3,47,41,6,154,1,0
28239,1000000US170315805014007,54,10,0,1,0,0,44,10,0,44,44,2,23,22,1,77,1,0
28240,1000000US170315805014008,39,8,1,5,0,0,31,8,0,31,31,0,14,14,0,55,5,1
28241,1000000US170315805014009,8,2,0,0,2,0,4,4,0,4,6,0,10,6,4,9,0,0
28242,1000000US170315805014010,74,11,0,3,0,0,63,11,0,63,63,0,43,42,1,116,3,0
28243,1000000US170315805014011,99,12,1,2,0,0,86,13,0,86,87,2,44,38,6,147,0,0
28244,1000000US170315805014012,48,11,2,0,4,0,31,17,0,31,37,6,25,22,3,66,0,0
28245,1000000US170315805014013,59,7,1,0,5,0,47,12,0,47,52,0,30,29,1,74,0,1
28246,1000000US170315805021000,69,5,0,0,1,0,63,6,0,63,64,1,34,30,4,118,0,0
28247,1000000US170315805021001,98,15,0,0,2,0,81,17,0,81,83,2,40,40,0,138,0,0
28248,1000000US170315805021002,112,15,1,1,15,0,81,31,0,81,97,5,43,39,4,157,1,0
28249,1000000US170315805021003,4,0,0,0,0,0,4,0,0,4,4,0,3,3,0,4,0,0
28250,1000000US170315805021004,17,3,0,0,0,0,14,3,0,14,14,0,9,7,2,22,0,0
28251,1000000US170315805021005,10,3,0,0,0,0,7,3,0,7,7,0,5,5,0,12,0,0
28252,1000000US170315805021006,0,0,0,0,0,0,0,0,0,0,0,0,0,0,0,0,0,0
28253,1000000US170315805021007,19,0,0,0,3,0,16,3,0,16,19,0,10,9,1,36,0,0
28254,1000000US170315805021008,34,4,0,0,5,0,26,8,0,26,30,0,18,15,3,54,0,0
28255,1000000US170315805021009,21,0,0,0,0,0,21,0,0,21,21,0,12,11,1,40,0,0
28256,1000000US170315805021010,49,6,0,1,2,0,41,8,0,41,43,10,24,19,5,64,1,0
28257,1000000US170315805021011,16,6,0,0,2,0,8,8,0,8,10,0,7,7,0,25,0,0
28258,1000000US170315805021012,0,0,0,0,0,0,0,0,0,0,0,0,0,0,0,0,0,0
28259,1000000US170315805021013,0,0,0,0,0,0,0,0,0,0,0,0,0,0,0,0,0,0
28260,1000000US170315805021014,0,0,0,0,0,0,0,0,0,0,0,0,0,0,0,0,0,0
28261,1000000US170315805021015,11,6,0,0,0,0,5,6,0,5,5,0,6,5,1,18,0,0
28262,1000000US170315805021016,122,8,2,1,8,0,109,13,0,109,114,13,49,46,3,191,1,1
28263,1000000US170315805021017,105,4,0,0,10,0,91,14,0,91,101,2,39,35,4,160,0,0
28264,1000000US170315805021018,83,7,0,0,0,0,76,7,0,76,76,0,41,37,4,125,0,0
28265,1000000US170315805022000,115,5,3,0,0,0,107,8,0,107,110,0,52,46,6,170,0,1
28266,1000000US170315805022001,114,8,1,0,9,0,96,18,0,96,106,2,54,47,7,162,0,0
28267,1000000US170315805022002,83,5,0,2,4,0,74,9,0,74,78,0,35,29,6,131,2,0
28268,1000000US170315805022003,92,8,0,0,0,0,84,8,0,84,84,7,39,33,6,138,0,0
28269,1000000US170315805022004,84,20,2,0,3,0,61,23,0,61,64,0,46,41,5,130,0,2
28270,1000000US170315805022005,104,11,0,3,0,0,93,11,0,93,93,3,60,42,18,158,3,0
28271,1000000US170315805022006,118,12,0,1,5,2,103,15,0,103,106,1,53,48,5,192,1,0
28272,1000000US170315805022007,107,12,0,1,2,0,93,14,0,93,95,4,44,36,8,170,1,0
28273,1000000US170315805022008,0,0,0,0,0,0,0,0,0,0,0,0,0,0,0,0,0,0
28274,1000000US170315805022009,87,9,0,2,3,0,72,15,0,72,78,6,43,36,7,134,1,0
28275,1000000US170315805022010,99,4,1,0,4,0,90,9,0,90,95,6,38,34,4,153,0,0
28276,1000000US170315805023000,85,3,1,0,4,0,77,8,0,77,82,0,45,34,11,130,0,0
28277,1000000US170315805023001,76,25,0,0,0,0,51,25,0,51,51,7,48,35,13,108,0,0
28278,1000000US170315805023002,106,2,1,2,0,0,104,2,0,104,104,8,42,37,5,152,2,1
28279,1000000US170315805023003,79,11,0,0,8,0,60,19,0,60,68,1,34,30,4,102,0,0
28280,1000000US170315805023004,96,15,2,1,0,0,80,16,0,80,81,1,41,39,2,146,0,1
28281,1000000US170315805023005,82,9,0,0,4,0,69,13,0,69,73,3,40,34,6,127,0,0
28282,1000000US170315805023006,0,0,0,0,0,0,0,0,0,0,0,0,0,0,0,0,0,0
28283,1000000US170315805023007,100,1,0,2,8,0,91,9,0,91,99,1,47,40,7,153,2,0
28284,1000000US170315805023008,0,0,0,0,0,0,0,0,0,0,0,0,0,0,0,0,0,0
28285,1000000US170315805023009,60,6,1,0,0,0,54,6,0,54,54,1,33,25,8,86,0,1
28286,1000000US170315805023010,86,10,12,0,0,2,64,22,0,64,76,0,27,25,2,115,0,0
28287,1000000US170315805023011,81,16,0,0,15,0,50,31,0,50,65,0,34,31,3,104,0,0
28288,1000000US170315805023012,11,0,0,0,0,0,11,0,0,11,11,0,5,5,0,19,0,0
28289,1000000US170315805023013,21,2,0,0,0,0,19,2,0,19,19,1,13,10,3,31,0,0
28290,1000000US170315805023014,0,0,0,0,0,0,0,0,0,0,0,0,0,0,0,0,0,0
28291,1000000US170315805023015,64,7,0,1,31,3,26,38,0,26,57,3,29,25,4,88,1,0
28292,1000000US170315805023016,40,9,0,2,2,0,27,13,0,27,31,0,25,22,3,65,2,0
28293,1000000US170315805023017,0,0,0,0,0,0,0,0,0,0,0,0,0,0,0,0,0,0
28294,1000000US170315805023018,85,8,0,7,3,0,75,10,0,75,77,2,40,36,4,137,7,0
28295,1000000US170315805023019,0,0,0,0,0,0,0,0,0,0,0,0,2,0,2,0,0,0
28296,1000000US170315805023020,41,15,4,0,0,0,25,16,0,25,26,0,18,18,0,65,0,3
28297,1000000US170315805023021,0,0,0,0,0,0,0,0,0,0,0,0,0,0,0,0,0,0
28298,1000000US170315805023022,79,8,2,0,0,0,71,8,0,71,71,1,46,37,9,136,0,2
28299,1000000US170315805023023,62,2,6,2,0,0,58,4,0,58,60,5,33,30,3,102,2,4
28300,1000000US170315805023024,57,2,0,2,0,0,55,2,0,55,55,0,28,22,6,89,2,0
28301,1000000US170315805023025,42,5,26,2,4,0,6,36,0,6,37,1,3,2,1,97,1,0
28302,1000000US170315805023026,108,10,0,0,4,0,94,14,0,94,98,2,48,42,6,167,0,0
28303,1000000US170315805023027,88,15,0,0,1,0,72,16,0,72,73,0,45,33,12,124,0,0
28304,1000000US170315805023028,58,15,1,0,0,0,43,15,0,43,43,2,31,26,5,82,0,1
28305,1000000US170315805023029,40,6,6,2,4,0,25,15,0,25,34,3,19,19,0,64,0,1
28306,1000000US170315805023030,74,6,5,2,6,0,60,14,0,60,68,9,37,33,4,140,2,1
28307,1000000US170315805023031,12,1,0,0,0,0,11,1,0,11,11,0,5,5,0,18,0,0
28308,1000000US170315806001000,0,0,0,0,0,0,0,0,0,0,0,0,0,0,0,0,0,0
28309,1000000US170315806001001,88,6,0,0,9,0,74,14,0,74,82,5,35,33,2,153,0,0
28310,1000000US170315806001002,111,5,7,2,18,0,85,26,0,85,106,4,44,41,3,182,2,5
28311,1000000US170315806001003,1,1,0,0,0,0,0,1,0,0,0,0,2,1,1,1,0,0
28312,1000000US170315806001004,131,22,4,0,11,0,100,31,0,100,109,8,60,55,5,179,0,4
28313,1000000US170315806001005,121,19,0,0,24,1,78,43,0,78,102,5,59,54,5,166,0,0
28314,1000000US170315806001006,33,1,0,0,0,0,32,1,0,32,32,0,21,17,4,45,0,0
28315,1000000US170315806001007,82,4,0,0,3,0,75,7,0,75,78,4,34,31,3,135,0,0
28316,1000000US170315806001008,39,1,0,1,11,0,27,12,0,27,38,4,20,19,1,74,1,0
28317,1000000US170315806001009,13,3,0,0,0,0,10,3,0,10,10,0,8,6,2,16,0,0
28318,1000000US170315806001010,0,0,0,0,0,0,0,0,0,0,0,0,0,0,0,0,0,0
28319,1000000US170315806001011,7,0,0,0,0,0,7,0,0,7,7,0,4,3,1,18,0,0
28320,1000000US170315806002000,24,3,0,0,17,0,4,20,0,4,21,0,11,9,2,32,0,0
28321,1000000US170315806002001,56,23,0,0,0,0,33,23,0,33,33,0,28,25,3,75,0,0
28322,1000000US170315806002002,133,2,5,10,16,0,109,24,0,109,131,0,59,49,10,188,10,2
28323,1000000US170315806002003,0,0,0,0,0,0,0,0,0,0,0,0,1,0,1,0,0,0
28324,1000000US170315806002004,15,0,1,0,0,0,14,1,0,14,15,0,4,4,0,21,0,0
28325,1000000US170315806002005,0,0,0,0,0,0,0,0,0,0,0,0,0,0,0,0,0,0
28326,1000000US170315806002006,27,4,0,0,8,0,15,12,0,15,23,0,18,11,7,33,0,0
28327,1000000US170315806002007,36,10,0,0,8,0,18,18,0,18,26,0,20,18,2,42,0,0
28328,1000000US170315806002008,153,19,5,3,18,0,116,37,0,116,134,7,74,66,8,233,3,2
28329,1000000US170315806002009,96,12,2,2,3,0,79,17,0,79,84,5,51,46,5,152,2,0
28330,1000000US170315806002010,81,4,0,0,16,0,61,20,0,61,77,0,32,28,4,118,0,0
28331,1000000US170315806002011,43,0,0,2,0,0,43,0,0,43,43,2,21,21,0,67,2,0
28332,1000000US170315806002012,111,8,2,5,1,0,98,13,0,98,103,6,50,46,4,150,3,0
28333,1000000US170315806002013,18,2,1,0,3,0,12,6,0,12,16,0,14,9,5,26,0,0
28334,1000000US170315806002014,51,1,0,0,3,0,47,4,0,47,50,0,18,16,2,78,0,0
28335,1000000US170315806002015,45,1,0,1,1,0,43,2,0,43,44,2,24,20,4,73,1,0
28336,1000000US170315806003000,29,1,6,2,0,0,20,9,0,20,28,0,17,13,4,54,2,0
28337,1000000US170315806003001,23,7,0,0,0,0,16,7,0,16,16,0,11,11,0,32,0,0
28338,1000000US170315806003002,52,9,0,0,0,0,43,9,0,43,43,0,25,24,1,89,0,0
28339,1000000US170315806003003,60,11,1,4,0,0,48,12,0,48,49,1,33,30,3,95,4,0
28340,1000000US170315806003004,82,19,1,0,0,0,63,19,0,63,63,0,37,31,6,119,0,1
28341,1000000US170315806003005,77,2,2,1,2,0,73,4,0,73,75,1,35,29,6,122,1,2
28342,1000000US170315806003006,51,3,0,0,2,0,46,5,0,46,48,0,37,24,13,92,0,0
28343,1000000US170315806003007,87,12,2,0,2,0,71,16,0,71,75,0,38,33,5,130,0,0
28344,1000000US170315806003008,55,4,2,0,0,0,50,5,0,50,51,2,20,20,0,85,0,1
28345,1000000US170315806003009,56,3,0,0,0,0,53,3,0,53,53,3,22,20,2,88,0,0
28346,1000000US170315806003010,59,8,3,0,0,0,51,8,0,51,51,0,27,24,3,89,0,3
28347,1000000US170315806003011,37,7,0,5,2,0,28,9,0,28,30,2,22,16,6,55,5,0
28348,1000000US170315806003012,43,1,0,0,0,0,42,1,0,42,42,0,18,15,3,68,0,0
28349,1000000US170315806003013,58,4,2,0,0,0,54,4,0,54,54,2,40,29,11,96,0,2
28350,1000000US170315806003014,73,11,1,0,0,0,62,11,0,62,62,0,38,33,5,123,0,1
28351,1000000US170315806003015,101,9,5,0,4,0,87,14,0,87,92,2,40,39,1,151,0,4
28352,1000000US170315806003016,62,5,1,0,0,0,57,5,0,57,57,2,34,28,6,106,0,1
28353,1000000US170315806004000,31,12,3,0,0,0,16,15,0,16,19,0,17,16,1,52,0,0
28354,1000000US170315806004001,35,0,0,0,0,0,35,0,0,35,35,2,19,17,2,67,0,0
28355,1000000US170315806004002,59,4,5,2,0,0,52,7,0,52,55,0,36,29,7,113,2,2
28356,1000000US170315806004003,84,11,2,0,0,0,73,11,0,73,73,1,38,35,3,122,0,2
28357,1000000US170315806004004,97,11,0,0,2,0,83,14,0,83,86,0,44,38,6,156,0,0
28358,1000000US170315806004005,77,11,2,0,0,0,64,13,0,64,66,2,40,33,7,130,0,0
28359,1000000US170315806004006,112,9,7,5,2,0,95,17,0,95,103,8,58,47,11,191,2,1
28360,1000000US170315806004007,88,3,0,0,4,0,81,7,0,81,85,0,36,35,1,160,0,0
28361,1000000US170315806004008,65,10,0,0,0,0,55,10,0,55,55,2,39,32,7,104,0,0
28362,1000000US170315806004009,93,20,0,0,1,0,73,20,0,73,73,9,43,39,4,136,0,0
28363,1000000US170315806004010,86,17,0,0,0,0,69,17,0,69,69,2,41,37,4,124,0,0
28364,1000000US170315806004011,91,8,5,1,1,0,80,11,0,80,83,3,45,41,4,157,0,2
28365,1000000US170315806004012,53,16,0,0,0,0,37,16,0,37,37,0,21,20,1,73,0,0
28366,1000000US170315806004013,49,1,2,0,0,0,46,3,0,46,48,0,22,22,0,95,0,0
28367,1000000US170315807001000,0,0,0,0,0,0,0,0,0,0,0,0,0,0,0,0,0,0
28368,1000000US170315807001001,32,0,0,0,0,0,32,0,0,32,32,0,19,15,4,51,0,0
28369,1000000US170315807001002,11,1,2,0,0,0,10,1,0,10,10,0,5,5,0,12,0,2
28370,1000000US170315807001003,77,10,0,0,0,0,67,10,0,67,67,9,34,29,5,111,0,0
28371,1000000US170315807001004,70,7,2,0,3,0,60,10,0,60,63,2,36,32,4,123,0,2
28372,1000000US170315807001005,71,13,1,0,7,0,50,21,0,50,58,0,33,28,5,97,0,0
28373,1000000US170315807001006,78,4,4,0,0,0,71,7,0,71,74,1,39,34,5,130,0,1
28374,1000000US170315807001007,69,6,0,0,0,0,63,6,0,63,63,0,35,28,7,99,0,0
28375,1000000US170315807001008,72,7,2,0,0,0,64,8,0,64,65,1,30,28,2,97,0,1
28376,1000000US170315807001009,85,16,2,0,6,1,61,24,0,61,69,2,37,32,5,126,0,0
28377,1000000US170315807001010,73,18,0,0,2,0,53,20,0,53,55,2,30,26,4,112,0,0
28378,1000000US170315807001011,49,5,1,1,0,0,44,5,0,44,44,2,26,23,3,87,0,1
28379,1000000US170315807001012,30,1,0,1,3,0,26,4,0,26,29,0,13,11,2,38,1,0
28380,1000000US170315807001013,37,7,0,0,0,0,30,7,0,30,30,0,16,15,1,55,0,0
28381,1000000US170315807001014,27,0,4,0,1,0,26,1,0,26,27,0,14,11,3,52,0,4
28382,1000000US170315807001015,22,3,0,0,0,0,19,3,0,19,19,0,10,10,0,30,0,0
28383,1000000US170315807002000,0,0,0,0,0,0,0,0,0,0,0,0,0,0,0,0,0,0
28384,1000000US170315807002001,68,13,5,0,10,0,45,23,0,45,55,7,31,24,7,96,0,0
28385,1000000US170315807002002,24,1,0,0,12,0,11,13,0,11,23,0,12,9,3,30,0,0
28386,1000000US170315807002003,71,8,0,1,26,0,36,35,0,36,63,0,30,26,4,114,1,0
28387,1000000US170315807002004,0,0,0,0,0,0,0,0,0,0,0,0,0,0,0,0,0,0
28388,1000000US170315807002005,56,4,24,5,0,0,33,23,0,33,52,5,47,22,25,91,5,7
28389,1000000US170315807002006,194,10,5,7,8,0,173,21,0,173,184,8,84,69,15,316,7,2
28390,1000000US170315807002007,64,13,3,0,16,0,35,29,0,35,51,0,25,23,2,90,0,3
28391,1000000US170315807002008,58,17,2,0,6,0,33,25,0,33,41,0,31,27,4,81,0,0
28392,1000000US170315807002009,68,7,0,0,11,0,50,18,0,50,61,0,28,27,1,89,0,0
28393,1000000US170315807002010,15,1,0,2,0,0,13,2,0,13,14,1,5,5,0,18,2,0
28394,1000000US170315807002011,47,5,0,4,9,0,33,14,0,33,42,2,23,22,1,76,2,0
28395,1000000US170315807002012,21,0,0,1,0,0,21,0,0,21,21,0,12,9,3,33,1,0
28396,1000000US170315807002013,48,10,4,0,2,0,32,16,0,32,38,2,22,21,1,73,0,0
28397,1000000US170315807002014,66,3,0,3,9,0,54,12,0,54,63,0,28,26,2,101,3,0
28398,1000000US170315807002015,50,11,0,1,21,0,18,32,0,18,39,0,21,19,2,65,1,0
28399,1000000US170315807002016,25,4,1,5,0,0,20,5,0,20,21,4,16,16,0,34,1,0
28400,1000000US170315807002017,74,6,2,6,0,0,66,8,0,66,68,0,39,30,9,104,6,0
28401,1000000US170315807002018,170,20,5,2,17,0,133,37,0,133,150,1,71,61,10,230,2,5
28402,1000000US170315807002019,184,24,5,4,18,0,142,42,0,142,160,8,82,75,7,269,2,4
28403,1000000US170315807002020,223,22,1,6,21,0,183,40,0,183,201,16,102,88,14,353,1,0
28404,1000000US170315807002021,129,23,5,0,8,0,98,31,0,98,106,1,63,57,6,218,0,5
28405,1000000US170315807002022,145,8,4,5,14,0,122,23,0,122,137,5,72,61,11,245,5,4
28406,1000000US170315807002023,198,15,2,1,18,0,164,34,0,164,183,6,95,77,18,291,1,2
28407,1000000US170315807003000,110,9,4,2,13,0,87,23,0,87,101,3,46,42,4,155,2,3
28408,1000000US170315807003001,111,1,7,1,0,0,103,8,0,103,110,2,48,48,0,189,1,0
28409,1000000US170315807003002,111,6,0,0,0,0,105,6,0,105,105,0,43,37,6,167,0,0
28410,1000000US170315807003003,88,4,9,0,3,0,74,14,0,74,84,1,45,41,4,164,0,2
28411,1000000US170315807003004,98,8,2,0,3,0,84,14,0,84,90,0,50,43,7,164,0,0
28412,1000000US170315807003005,84,2,0,0,2,0,80,4,0,80,82,0,37,29,8,145,0,0
28413,1000000US170315807003006,37,4,0,0,0,0,33,4,0,33,33,0,19,15,4,55,0,0
28414,1000000US170315807003007,56,1,0,0,3,0,52,4,0,52,55,0,19,19,0,79,0,0
28415,1000000US170315807003008,29,4,0,2,3,0,22,7,0,22,25,0,19,14,5,49,2,0
28416,1000000US170315807003009,73,5,2,2,0,0,67,6,0,67,68,5,35,27,8,111,2,2
28417,1000000US170315807003010,100,5,2,2,2,0,90,10,0,90,95,4,41,40,1,159,2,0
28418,1000000US170315807003011,63,8,1,1,2,0,53,10,0,53,55,0,31,23,8,107,1,1
28419,1000000US170315807003012,85,0,0,3,5,0,80,5,0,80,85,4,27,26,1,122,3,0
28420,1000000US170315807003013,65,6,0,0,1,0,59,6,0,59,59,0,27,24,3,101,0,0
28421,1000000US170315807003014,89,11,2,1,1,0,76,13,0,76,78,3,39,39,0,133,1,1
28422,1000000US170315808001000,0,0,0,0,0,0,0,0,0,0,0,0,0,0,0,0,0,0
28423,1000000US170315808001001,6,0,0,0,0,0,6,0,0,6,6,0,3,3,0,12,0,0
28424,1000000US170315808001002,194,4,3,2,3,2,185,9,0,185,190,8,77,74,3,302,2,1
28425,1000000US170315808001003,2,0,0,0,0,0,2,0,0,2,2,0,1,1,0,4,0,0
28426,1000000US170315808001004,160,12,3,4,0,0,148,12,0,148,148,3,81,62,19,239,4,3
28427,1000000US170315808001005,142,14,1,1,0,0,127,15,0,127,128,10,67,60,7,218,1,0
28428,1000000US170315808001006,22,0,0,0,0,0,22,0,0,22,22,0,9,6,3,37,0,0
28429,1000000US170315808001007,18,2,0,0,2,0,14,4,0,14,16,0,7,7,0,24,0,0
28430,1000000US170315808001008,144,15,6,1,0,0,125,19,0,125,129,9,65,56,9,214,1,2
28431,1000000US170315808001009,178,22,1,2,0,0,154,24,0,154,156,4,78,75,3,271,2,0
28432,1000000US170315808001010,58,7,0,0,0,0,51,7,0,51,51,0,21,21,0,99,0,0
28433,1000000US170315808001011,0,0,0,0,0,0,0,0,0,0,0,0,0,0,0,0,0,0
28434,1000000US170315808001012,159,10,0,0,0,0,149,10,0,149,149,2,84,70,14,270,0,0
28435,1000000US170315808001013,171,12,0,3,0,0,159,12,0,159,159,4,69,66,3,283,3,0
28436,1000000US170315808001014,46,4,0,0,0,0,42,4,0,42,42,0,15,14,1,59,0,0
28437,1000000US170315808001015,26,10,0,2,0,0,15,11,0,15,16,0,15,14,1,29,2,0
28438,1000000US170315905001000,9,1,0,0,1,0,7,2,0,7,8,0,7,5,2,14,0,0
28439,1000000US170315905001001,56,1,1,0,50,0,4,52,0,4,55,0,24,22,2,76,0,0
28440,1000000US170315905001002,50,8,3,0,3,0,37,13,0,37,42,0,25,23,2,80,0,1
28441,1000000US170315905001003,0,0,0,0,0,0,0,0,0,0,0,0,0,0,0,0,0,0
28442,1000000US170315905001004,0,0,0,0,0,0,0,0,0,0,0,0,0,0,0,0,0,0
28443,1000000US170315905001005,15,2,2,0,0,0,11,4,0,11,13,0,12,9,3,24,0,0
28444,1000000US170315905001006,19,4,0,0,0,0,15,4,0,15,15,0,15,9,6,26,0,0
28445,1000000US170315905001007,39,11,0,0,7,0,21,18,0,21,28,0,24,23,1,65,0,0
28446,1000000US170315905001008,81,26,5,1,5,0,50,31,0,50,55,4,40,38,2,110,0,4
28447,1000000US170315905001009,0,0,0,0,0,0,0,0,0,0,0,0,0,0,0,0,0,0
28448,1000000US170315905001010,0,0,0,0,0,0,0,0,0,0,0,0,0,0,0,0,0,0
28449,1000000US170315905001011,34,1,0,0,27,0,6,28,0,6,33,0,14,14,0,47,0,0
28450,1000000US170315905001012,9,1,1,0,4,0,3,6,0,3,8,0,5,5,0,11,0,0
28451,1000000US170315905001013,0,0,0,0,0,0,0,0,0,0,0,0,0,0,0,0,0,0
28452,1000000US170315905001014,37,13,1,0,4,0,19,18,0,19,24,0,20,18,2,45,0,0
28453,1000000US170315905001015,26,8,1,0,2,0,15,11,0,15,18,0,21,16,5,31,0,0
28454,1000000US170315905001016,0,0,0,0,0,0,0,0,0,0,0,0,0,0,0,0,0,0
28455,1000000US170315905001017,0,0,0,0,0,0,0,0,0,0,0,0,0,0,0,0,0,0
28456,1000000US170315905001018,0,0,0,0,0,0,0,0,0,0,0,0,0,0,0,0,0,0
28457,1000000US170315905001019,22,4,0,0,1,0,17,5,0,17,18,0,9,9,0,32,0,0
28458,1000000US170315905001020,11,4,0,0,2,0,5,6,0,5,7,0,4,4,0,12,0,0
28459,1000000US170315905001021,56,18,9,0,0,0,29,27,0,29,38,1,41,38,3,64,0,0
28460,1000000US170315905001022,5,0,0,0,0,0,5,0,0,5,5,0,1,1,0,5,0,0
28461,1000000US170315905001023,25,6,1,0,6,0,12,13,0,12,19,0,15,15,0,27,0,0
28462,1000000US170315905001024,63,10,0,0,1,0,52,11,0,52,53,0,35,28,7,88,0,0
28463,1000000US170315905001025,85,31,1,0,1,0,52,33,0,52,54,0,40,40,0,110,0,0
28464,1000000US170315905001026,68,28,2,1,0,0,40,28,0,40,40,1,43,38,5,94,1,2
28465,1000000US170315905001027,78,32,0,2,5,0,41,37,0,41,46,4,45,37,8,92,2,0
28466,1000000US170315905001028,50,12,0,0,2,0,36,14,0,36,38,1,17,17,0,73,0,0
28467,1000000US170315905001029,82,34,2,1,12,0,34,48,0,34,48,0,43,40,3,112,1,1
28468,1000000US170315905001030,57,31,0,2,3,0,23,34,0,23,26,3,31,29,2,70,0,0
28469,1000000US170315905001031,33,11,0,0,10,0,12,21,0,12,22,0,25,17,8,43,0,0
28470,1000000US170315905001032,69,9,0,0,21,0,39,30,0,39,60,3,28,25,3,90,0,0
28471,1000000US170315905001033,42,22,0,0,0,0,20,22,0,20,20,0,16,16,0,46,0,0
28472,1000000US170315905001034,62,7,0,2,9,0,44,18,0,44,55,0,34,29,5,81,2,0
28473,1000000US170315905001035,0,0,0,0,0,0,0,0,0,0,0,0,0,0,0,0,0,0
28474,1000000US170315905001036,0,0,0,0,0,0,0,0,0,0,0,0,0,0,0,0,0,0
28475,1000000US170315905001037,0,0,0,0,0,0,0,0,0,0,0,0,0,0,0,0,0,0
28476,1000000US170315905001038,15,4,1,0,3,0,7,8,0,7,11,0,7,7,0,19,0,0
28477,1000000US170315905001039,36,8,0,1,8,0,20,16,0,20,28,2,21,18,3,44,1,0
28478,1000000US170315905001040,36,9,0,0,0,0,27,9,0,27,27,0,15,14,1,41,0,0
28479,1000000US170315905001041,0,0,0,0,0,0,0,0,0,0,0,0,0,0,0,0,0,0
28480,1000000US170315906001000,0,0,0,0,0,0,0,0,0,0,0,0,0,0,0,0,0,0
28481,1000000US170315906001001,32,3,0,2,8,0,21,11,0,21,29,0,14,13,1,47,2,0
28482,1000000US170315906001002,53,14,0,1,0,0,39,14,0,39,39,1,33,28,5,79,0,0
28483,1000000US170315906001003,8,0,0,0,0,0,8,0,0,8,8,0,3,3,0,8,0,0
28484,1000000US170315906001004,50,14,0,0,4,0,32,18,0,32,36,2,26,25,1,82,0,0
28485,1000000US170315906001005,87,16,1,2,1,0,70,17,0,70,71,2,34,32,2,137,2,0
28486,1000000US170315906001006,71,9,4,1,12,0,47,24,0,47,62,1,35,30,5,109,1,1
28487,1000000US170315906001007,78,4,0,0,11,0,63,15,0,63,74,4,41,35,6,111,0,0
28488,1000000US170315906001008,83,17,4,0,8,0,54,29,0,54,66,1,39,37,2,116,0,0
28489,1000000US170315906001009,95,17,8,1,13,0,66,29,0,66,78,11,46,43,3,153,1,8
28490,1000000US170315906001010,45,10,1,1,4,0,31,14,0,31,35,1,27,22,5,57,1,1
28491,1000000US170315906001011,77,12,1,0,4,0,60,17,0,60,65,3,29,28,1,106,0,0
28492,1000000US170315906001012,67,21,3,2,9,0,34,33,0,34,46,0,36,35,1,82,2,0
28493,1000000US170315906001013,75,13,3,0,8,0,53,22,0,53,62,0,34,34,0,107,0,2
28494,1000000US170315906002000,111,8,0,0,6,2,95,16,0,95,103,0,66,56,10,186,0,0
28495,1000000US170315906002001,73,4,0,1,9,0,60,13,0,60,69,7,34,30,4,99,0,0
28496,1000000US170315906002002,46,16,0,0,6,0,24,22,0,24,30,0,29,26,3,76,0,0
28497,1000000US170315906002003,91,19,2,0,4,0,68,23,0,68,72,0,41,37,4,127,0,2
28498,1000000US170315906002004,92,19,1,0,3,0,70,22,0,70,73,5,59,49,10,138,0,1
28499,1000000US170315906002005,98,28,2,0,7,0,62,36,0,62,70,3,58,47,11,126,0,0
28500,1000000US170315906002006,106,17,4,0,7,0,79,27,0,79,89,2,48,42,6,151,0,0
28501,1000000US170315906002007,97,21,4,0,0,0,73,24,0,73,76,4,53,45,8,146,0,3
28502,1000000US170315906002008,82,35,6,4,6,0,39,43,0,39,47,8,47,42,5,119,1,4
28503,1000000US170315906002009,78,13,1,0,0,0,65,13,0,65,65,7,40,39,1,109,0,1
28504,1000000US170315906003000,88,23,0,0,8,0,57,31,0,57,65,0,45,40,5,114,0,0
28505,1000000US170315906003001,69,18,1,2,0,0,49,20,0,49,51,4,42,36,6,100,0,0
28506,1000000US170315906003002,42,17,0,1,4,0,20,22,0,20,25,0,24,22,2,49,1,0
28507,1000000US170315906003003,68,13,3,0,4,0,49,19,0,49,55,2,45,31,14,98,0,1
28508,1000000US170315906003004,48,17,0,2,0,0,29,19,0,29,31,3,22,22,0,64,2,0
28509,1000000US170315906003005,52,13,0,0,3,0,36,16,0,36,39,2,27,24,3,76,0,0
28510,1000000US170315906003006,61,13,1,0,0,0,48,13,0,48,48,0,28,25,3,84,0,1
28511,1000000US170315906003007,66,16,0,0,2,0,49,17,0,49,50,2,39,33,6,103,0,0
28512,1000000US170315906003008,66,17,1,0,12,0,37,29,0,37,49,7,34,30,4,82,0,0
28513,1000000US170315906003009,71,8,0,3,3,0,57,14,0,57,63,3,28,26,2,98,0,0
28514,1000000US170315906003010,18,0,0,1,0,0,18,0,0,18,18,0,5,5,0,24,1,0
28515,1000000US170315906003011,20,8,5,0,1,0,6,14,0,6,12,1,11,9,2,26,0,0
28516,1000000US170315906003012,0,0,0,0,0,0,0,0,0,0,0,0,0,0,0,0,0,0
28517,1000000US170315906003013,0,0,0,0,0,0,0,0,0,0,0,0,0,0,0,0,0,0
28518,1000000US170315906003014,65,21,3,1,8,0,34,31,0,34,44,1,37,34,3,83,1,1
28519,1000000US170315906003015,57,18,0,1,0,0,39,18,0,39,39,0,30,29,1,80,1,0
28520,1000000US170315906003016,8,4,0,0,0,0,4,4,0,4,4,0,4,4,0,12,0,0
28521,1000000US170315907001000,7,3,0,0,0,0,4,3,0,4,4,0,6,4,2,12,0,0
28522,1000000US170315907001001,24,13,0,0,0,0,11,13,0,11,11,4,14,13,1,30,0,0
28523,1000000US170315907001002,39,16,0,0,1,0,22,17,0,22,23,0,22,19,3,59,0,0
28524,1000000US170315907001003,63,28,0,0,8,0,27,36,0,27,35,1,27,26,1,93,0,0
28525,1000000US170315907001004,83,19,3,0,13,1,50,33,0,50,64,1,49,38,11,116,0,0
28526,1000000US170315907001005,98,21,1,0,7,0,70,28,0,70,77,0,50,45,5,150,0,1
28527,1000000US170315907001006,114,13,1,0,1,0,100,14,0,100,101,8,50,50,0,192,0,0
28528,1000000US170315907001007,16,8,0,0,0,0,8,8,0,8,8,0,7,7,0,23,0,0
28529,1000000US170315907001008,37,5,0,0,10,0,22,15,0,22,32,0,16,16,0,47,0,0
28530,1000000US170315907001009,86,9,3,2,23,0,53,33,0,53,77,1,45,36,9,121,2,2
28531,1000000US170315907001010,89,13,2,3,15,0,60,29,0,60,76,6,47,40,7,140,3,1
28532,1000000US170315907001011,108,9,6,6,15,0,80,28,0,80,99,0,53,46,7,144,6,0
28533,1000000US170315907001012,74,19,3,1,7,0,45,29,0,45,55,1,41,31,10,109,1,0
28534,1000000US170315907001013,103,12,1,0,4,0,86,17,0,86,91,8,54,48,6,141,0,0
28535,1000000US170315907001014,77,9,0,0,46,0,21,56,0,21,68,3,36,34,2,101,0,0
28536,1000000US170315907001015,52,7,2,3,2,0,39,13,0,39,45,3,28,26,2,77,1,0
28537,1000000US170315907001016,50,6,0,0,3,0,41,9,0,41,44,3,24,21,3,68,0,0
28538,1000000US170315907001017,19,7,0,0,0,0,12,7,0,12,12,0,11,9,2,26,0,0
28539,1000000US170315907001018,0,0,0,0,0,0,0,0,0,0,0,0,0,0,0,0,0,0
28540,1000000US170315907002000,0,0,0,0,0,0,0,0,0,0,0,0,0,0,0,0,0,0
28541,1000000US170315907002001,0,0,0,0,0,0,0,0,0,0,0,0,0,0,0,0,0,0
28542,1000000US170315907002002,0,0,0,0,0,0,0,0,0,0,0,0,0,0,0,0,0,0
28543,1000000US170315907002003,4,1,0,0,0,0,3,1,0,3,3,0,3,3,0,8,0,0
28544,1000000US170315907002004,8,1,0,0,1,0,6,2,0,6,7,0,5,4,1,16,0,0
28545,1000000US170315907002005,14,1,0,0,13,0,0,14,0,0,13,0,7,7,0,16,0,0
28546,1000000US170315907002006,17,1,0,0,5,0,11,6,0,11,16,0,13,10,3,22,0,0
28547,1000000US170315907002007,0,0,0,0,0,0,0,0,0,0,0,0,0,0,0,0,0,0
28548,1000000US170315907002008,0,0,0,0,0,0,0,0,0,0,0,0,0,0,0,0,0,0
28549,1000000US170315907002009,0,0,0,0,0,0,0,0,0,0,0,0,0,0,0,0,0,0
28550,1000000US170315907002010,0,0,0,0,0,0,0,0,0,0,0,0,0,0,0,0,0,0
28551,1000000US170315907002011,9,0,0,0,0,0,9,0,0,9,9,0,6,5,1,19,0,0
28552,1000000US170315907002012,6,0,0,0,0,0,6,0,0,6,6,0,2,2,0,11,0,0
28553,1000000US170315907002013,0,0,0,0,0,0,0,0,0,0,0,0,0,0,0,0,0,0
28554,1000000US170315907002014,30,0,1,0,0,0,30,0,0,30,30,3,12,12,0,43,0,1
28555,1000000US170315907002015,76,11,0,0,9,0,56,20,0,56,65,0,43,35,8,111,0,0
28556,1000000US170315907002016,62,6,0,0,8,0,48,14,0,48,56,3,31,28,3,95,0,0
28557,1000000US170315907002017,48,9,1,0,0,0,39,9,0,39,39,0,26,22,4,64,0,1
28558,1000000US170315907002018,21,5,0,0,0,0,16,5,0,16,16,0,10,9,1,30,0,0
28559,1000000US170315907002019,29,9,0,0,2,0,18,11,0,18,20,0,17,15,2,43,0,0
28560,1000000US170315907002020,114,16,2,0,13,0,83,31,0,83,98,2,45,40,5,188,0,0
28561,1000000US170315907002021,0,0,0,0,0,0,0,0,0,0,0,0,0,0,0,0,0,0
28562,1000000US170315907002022,133,32,5,2,6,0,91,42,0,91,101,5,67,60,7,204,2,1
28563,1000000US170315907002023,30,7,0,0,0,0,23,7,0,23,23,0,20,16,4,45,0,0
28564,1000000US170315907002024,34,6,0,0,5,0,23,11,0,23,28,2,20,16,4,45,0,0
28565,1000000US170315907002025,20,5,0,0,0,0,15,5,0,15,15,0,11,10,1,26,0,0
28566,1000000US170315907002026,67,12,3,2,4,0,48,19,0,48,55,3,26,26,0,90,2,0
28567,1000000US170315907002027,86,8,1,2,9,0,69,17,0,69,78,4,39,35,4,128,0,1
28568,1000000US170315907002028,63,9,2,0,6,0,48,15,0,48,54,0,31,24,7,97,0,2
28569,1000000US170315907002029,75,9,0,0,0,0,66,9,0,66,66,1,43,33,10,127,0,0
28570,1000000US170315907002030,0,0,0,0,0,0,0,0,0,0,0,0,0,0,0,0,0,0
28571,1000000US170315907002031,19,7,0,0,0,0,10,9,0,10,12,3,13,11,2,23,0,0
28572,1000000US170316004001000,153,13,2,1,133,0,5,148,0,5,140,4,62,61,1,199,1,0
28573,1000000US170316004001001,100,37,0,1,54,0,9,91,0,9,63,1,49,45,4,125,1,0
28574,1000000US170316004001002,127,43,0,0,77,0,7,120,0,7,84,1,64,55,9,180,0,0
28575,1000000US170316004001003,14,0,0,0,14,0,0,14,0,0,14,0,5,4,1,20,0,0
28576,1000000US170316004001004,87,29,0,2,45,1,12,75,0,12,58,2,47,41,6,106,0,0
28577,1000000US170316004001005,121,34,0,0,68,1,19,102,0,19,87,0,74,61,13,156,0,0
28578,1000000US170316004001006,102,32,0,0,47,0,23,79,0,23,70,0,60,55,5,131,0,0
28579,1000000US170316004001007,91,51,0,0,31,0,9,82,0,9,40,3,55,45,10,110,0,0
28580,1000000US170316004001008,118,38,5,3,51,0,24,94,0,24,80,5,66,58,8,134,2,0
28581,1000000US170316004001009,158,18,0,0,122,0,18,140,0,18,140,1,76,70,6,215,0,0
28582,1000000US170316004001010,79,24,0,0,55,0,0,79,0,0,55,0,36,33,3,102,0,0
28583,1000000US170316004002000,102,32,0,0,53,0,18,84,0,18,70,0,54,52,2,136,0,0
28584,1000000US170316004002001,90,9,0,0,77,0,5,85,0,5,81,1,41,38,3,114,0,0
28585,1000000US170316004002002,0,0,0,0,0,0,0,0,0,0,0,0,5,0,5,0,0,0
28586,1000000US170316004002003,68,20,0,1,31,0,16,52,0,16,48,1,36,31,5,82,0,0
28587,1000000US170316004002004,61,32,0,2,20,0,7,54,0,7,29,2,28,24,4,85,0,0
28588,1000000US170316004002005,74,23,1,0,38,0,12,62,0,12,51,0,38,35,3,90,0,0
28589,1000000US170316004002006,72,24,0,0,48,0,0,72,0,0,48,0,39,30,9,83,0,0
28590,1000000US170316004002007,78,25,0,0,50,0,3,75,0,3,53,0,32,31,1,97,0,0
28591,1000000US170316004002008,58,19,0,1,24,0,15,43,0,15,39,0,29,27,2,70,1,0
28592,1000000US170316004002009,74,13,2,0,39,0,23,51,0,23,61,1,38,37,1,96,0,2
28593,1000000US170316004002010,16,4,0,0,11,0,1,15,0,1,12,0,11,7,4,24,0,0
28594,1000000US170316004002011,22,10,0,0,11,0,1,21,0,1,12,0,17,14,3,24,0,0
28595,1000000US170316004002012,20,2,1,1,17,1,2,18,0,2,18,3,13,13,0,24,0,1
28596,1000000US170316004003000,66,10,0,0,49,0,7,59,0,7,56,0,23,23,0,83,0,0
28597,1000000US170316004003001,128,30,0,0,80,0,18,110,0,18,98,0,54,53,1,149,0,0
28598,1000000US170316004003002,30,4,1,0,21,0,4,26,0,4,26,0,16,15,1,31,0,0
28599,1000000US170316004003003,94,39,30,1,6,0,19,75,0,19,55,0,85,83,2,94,1,0
28600,1000000US170316004003004,86,32,0,0,36,0,18,68,0,18,54,0,46,42,4,115,0,0
28601,1000000US170316004003005,127,41,0,0,74,0,12,115,0,12,86,1,55,53,2,160,0,0
28602,1000000US170316004003006,66,14,0,0,43,0,9,57,0,9,52,0,36,32,4,87,0,0
28603,1000000US170316004003007,75,10,0,0,57,2,9,66,0,9,65,0,31,30,1,91,0,0
28604,1000000US170316004003008,116,44,3,1,38,0,29,87,0,29,72,3,64,56,8,150,1,0
28605,1000000US170316004003009,143,31,2,3,99,0,12,131,0,12,112,3,79,71,8,176,2,1
28606,1000000US170316004003010,109,38,1,0,65,0,5,104,0,5,71,0,55,50,5,123,0,0
28607,1000000US170316004003011,78,38,0,2,32,0,9,69,0,9,40,1,37,33,4,90,2,0
28608,1000000US170316004003012,110,37,1,0,44,0,28,82,0,28,73,4,62,55,7,139,0,0
28609,1000000US170316006001000,24,7,4,0,7,0,7,17,0,7,17,2,21,14,7,28,0,1
28610,1000000US170316006001001,13,4,0,0,9,0,0,13,0,0,9,0,8,7,1,14,0,0
28611,1000000US170316006001002,73,20,1,0,15,0,40,33,0,40,53,4,34,32,2,99,0,1
28612,1000000US170316006001003,79,29,0,1,16,0,33,46,0,33,50,1,44,41,3,90,1,0
28613,1000000US170316006001004,65,27,0,0,13,0,25,40,0,25,38,6,41,33,8,84,0,0
28614,1000000US170316006001005,68,26,0,0,36,0,6,62,0,6,42,0,24,23,1,85,0,0
28615,1000000US170316006001006,112,32,2,0,50,0,28,84,0,28,80,0,53,45,8,142,0,0
28616,1000000US170316006001007,18,11,0,0,6,0,1,17,0,1,7,0,13,9,4,19,0,0
28617,1000000US170316006001008,30,13,0,0,6,0,11,19,0,11,17,0,16,16,0,40,0,0
28618,1000000US170316006001009,10,3,0,0,4,0,3,7,0,3,7,0,8,5,3,13,0,0
28619,1000000US170316006001010,26,1,0,0,24,0,1,25,0,1,25,0,8,8,0,30,0,0
28620,1000000US170316006001011,14,1,0,0,10,0,3,11,0,3,13,0,7,6,1,22,0,0
28621,1000000US170316006001012,9,7,0,0,2,0,0,9,0,0,2,0,5,4,1,9,0,0
28622,1000000US170316006001013,36,12,1,1,10,0,12,24,0,12,24,1,23,19,4,52,0,0
28623,1000000US170316006001014,10,4,0,0,1,0,5,5,0,5,6,0,11,8,3,10,0,0
28624,1000000US170316006001015,103,39,1,0,32,0,31,72,0,31,64,2,46,43,3,139,0,0
28625,1000000US170316006001016,111,49,2,0,20,0,40,71,0,40,62,4,62,57,5,149,0,0
28626,1000000US170316006001017,117,15,0,0,57,0,45,72,0,45,102,0,59,53,6,161,0,0
28627,1000000US170316006001018,157,33,5,2,70,0,49,108,0,49,124,2,83,68,15,201,0,0
28628,1000000US170316006001019,133,43,0,1,50,0,40,93,0,40,90,1,66,64,2,163,1,0
28629,1000000US170316006001020,178,43,0,0,55,0,80,98,0,80,135,3,94,85,9,235,0,0
28630,1000000US170316006001021,20,4,2,0,5,0,10,10,0,10,16,0,10,10,0,39,0,1
28631,1000000US170316006002000,1,1,0,0,0,0,0,1,0,0,0,0,1,1,0,1,0,0
28632,1000000US170316006002001,35,16,0,0,17,0,2,33,0,2,19,0,16,15,1,45,0,0
28633,1000000US170316006002002,15,9,0,0,4,0,2,13,0,2,6,2,14,9,5,18,0,0
28634,1000000US170316006002003,31,12,0,0,15,0,4,27,0,4,19,0,15,15,0,38,0,0
28635,1000000US170316006002004,14,10,0,0,0,0,4,10,0,4,4,1,12,9,3,19,0,0
28636,1000000US170316006002005,26,18,0,0,3,0,5,21,0,5,8,0,14,13,1,37,0,0
28637,1000000US170316006002006,31,13,0,0,7,0,11,20,0,11,18,0,14,13,1,44,0,0
28638,1000000US170316006002007,18,9,1,0,4,0,5,13,0,5,9,2,14,11,3,21,0,0
28639,1000000US170316006002008,18,15,0,0,3,0,0,18,0,0,3,0,10,8,2,25,0,0
28640,1000000US170316006002009,28,15,2,4,4,0,4,24,0,4,13,1,13,11,2,40,4,0
28641,1000000US170316006002010,13,13,0,0,0,0,0,13,0,0,0,0,5,5,0,16,0,0
28642,1000000US170316006002011,0,0,0,0,0,0,0,0,0,0,0,0,0,0,0,0,0,0
28643,1000000US170316006002012,0,0,0,0,0,0,0,0,0,0,0,0,0,0,0,0,0,0
28644,1000000US170316006002013,0,0,0,0,0,0,0,0,0,0,0,0,0,0,0,0,0,0
28645,1000000US170316006002014,0,0,0,0,0,0,0,0,0,0,0,0,0,0,0,0,0,0
28646,1000000US170316006002015,0,0,0,0,0,0,0,0,0,0,0,0,0,0,0,0,0,0
28647,1000000US170316006002016,18,9,0,1,0,0,9,9,0,9,9,0,10,10,0,27,1,0
28648,1000000US170316006002017,18,4,0,0,7,0,7,11,0,7,14,1,14,9,5,19,0,0
28649,1000000US170316006002018,0,0,0,0,0,0,0,0,0,0,0,0,0,0,0,0,0,0
28650,1000000US170316006002019,51,14,0,0,17,1,20,31,0,20,37,2,28,25,3,74,0,0
28651,1000000US170316006002020,23,12,1,1,4,0,6,17,0,6,11,1,13,13,0,28,0,0
28652,1000000US170316006002021,89,32,0,0,23,0,34,55,0,34,57,0,49,45,4,116,0,0
28653,1000000US170316006002022,82,12,0,0,37,0,33,49,0,33,70,0,42,36,6,110,0,0
28654,1000000US170316006002023,81,8,0,0,19,0,54,27,0,54,73,1,43,35,8,125,0,0
28655,1000000US170316006002024,22,13,0,0,9,0,0,22,0,0,9,0,12,11,1,26,0,0
28656,1000000US170316006002025,43,17,1,0,14,0,11,32,0,11,26,1,28,22,6,49,0,0
28657,1000000US170316006002026,0,0,0,0,0,0,0,0,0,0,0,0,0,0,0,0,0,0
28658,1000000US170316006002027,23,9,0,0,9,0,5,18,0,5,14,0,12,12,0,36,0,0
28659,1000000US170316007001000,12,6,0,0,2,0,4,8,0,4,6,0,6,6,0,15,0,0
28660,1000000US170316007001001,80,35,2,0,39,0,4,76,0,4,45,3,39,37,2,93,0,0
28661,1000000US170316007001002,89,24,0,1,46,0,19,70,0,19,65,1,45,42,3,111,1,0
28662,1000000US170316007001003,104,49,3,2,23,1,29,75,0,29,55,3,58,53,5,141,2,0
28663,1000000US170316007001004,89,22,2,0,43,0,22,67,0,22,67,0,41,37,4,120,0,0
28664,1000000US170316007001005,20,8,0,0,8,0,4,16,0,4,12,0,10,9,1,24,0,0
28665,1000000US170316007001006,77,16,1,0,44,0,16,61,0,16,61,1,39,36,3,99,0,0
28666,1000000US170316007001007,19,1,1,0,2,0,15,4,0,15,18,0,10,8,2,32,0,0
28667,1000000US170316007001008,72,14,0,0,43,0,15,57,0,15,58,0,41,38,3,96,0,0
28668,1000000US170316007001009,91,31,1,0,50,1,9,82,0,9,60,3,40,38,2,121,0,0
28669,1000000US170316007001010,46,20,0,0,5,1,20,26,0,20,26,1,29,25,4,62,0,0
28670,1000000US170316007001011,45,24,1,0,14,0,6,39,0,6,21,1,26,22,4,50,0,0
28671,1000000US170316007001012,35,11,0,0,7,0,17,18,0,17,24,1,19,18,1,44,0,0
28672,1000000US170316007001013,42,17,0,4,9,0,16,26,0,16,25,0,20,20,0,58,4,0
28673,1000000US170316007001014,39,5,0,0,29,0,5,34,0,5,34,0,19,18,1,51,0,0
28674,1000000US170316007001015,59,19,2,0,21,0,18,41,0,18,40,3,34,29,5,81,0,0
28675,1000000US170316007002000,0,0,0,0,0,0,0,0,0,0,0,0,0,0,0,0,0,0
28676,1000000US170316007002001,25,19,0,0,4,0,2,23,0,2,6,0,13,13,0,33,0,0
28677,1000000US170316007002002,34,16,0,0,12,0,6,28,0,6,18,3,17,16,1,40,0,0
28678,1000000US170316007002003,37,20,0,5,9,0,8,29,0,8,17,0,23,20,3,50,5,0
28679,1000000US170316007002004,61,15,1,0,30,0,15,46,0,15,46,0,29,28,1,74,0,0
28680,1000000US170316007002005,27,5,0,0,21,0,1,26,0,1,22,0,9,9,0,35,0,0
28681,1000000US170316007002006,0,0,0,0,0,0,0,0,0,0,0,0,0,0,0,0,0,0
28682,1000000US170316007002007,33,8,0,0,12,0,13,20,0,13,25,0,15,13,2,40,0,0
28683,1000000US170316007002008,0,0,0,0,0,0,0,0,0,0,0,0,0,0,0,0,0,0
28684,1000000US170316007002009,17,7,0,0,7,0,3,14,0,3,10,0,12,11,1,24,0,0
28685,1000000US170316007002010,56,33,0,1,11,0,11,45,0,11,23,1,31,27,4,72,0,0
28686,1000000US170316007002011,0,0,0,0,0,0,0,0,0,0,0,0,0,0,0,0,0,0
28687,1000000US170316007002012,0,0,0,0,0,0,0,0,0,0,0,0,0,0,0,0,0,0
28688,1000000US170316007002013,0,0,0,0,0,0,0,0,0,0,0,0,0,0,0,0,0,0
28689,1000000US170316007002014,91,24,31,1,17,0,19,72,0,19,67,4,74,69,5,103,1,0
28690,1000000US170316007002015,0,0,0,0,0,0,0,0,0,0,0,0,0,0,0,0,0,0
28691,1000000US170316007002016,0,0,0,0,0,0,0,0,0,0,0,0,0,0,0,0,0,0
28692,1000000US170316007002017,4,2,0,0,0,0,2,2,0,2,2,0,7,2,5,6,0,0
28693,1000000US170316007002018,7,2,0,0,2,0,4,3,0,4,5,1,6,6,0,11,0,0
28694,1000000US170316007002019,30,6,3,0,8,0,13,17,0,13,24,0,23,16,7,40,0,0
28695,1000000US170316007002020,21,6,1,0,4,1,9,12,0,9,15,1,11,10,1,32,0,0
28696,1000000US170316007002021,0,0,0,0,0,0,0,0,0,0,0,0,0,0,0,0,0,0
28697,1000000US170316007002022,0,0,0,0,0,0,0,0,0,0,0,0,0,0,0,0,0,0
28698,1000000US170316007002023,0,0,0,0,0,0,0,0,0,0,0,0,0,0,0,0,0,0
28699,1000000US170316007002024,0,0,0,0,0,0,0,0,0,0,0,0,0,0,0,0,0,0
28700,1000000US170316007002025,0,0,0,0,0,0,0,0,0,0,0,0,0,0,0,0,0,0
28701,1000000US170316007002026,0,0,0,0,0,0,0,0,0,0,0,0,0,0,0,0,0,0
28702,1000000US170316007002027,32,12,3,1,13,1,2,30,0,2,20,1,21,16,5,39,1,0
28703,1000000US170316007002028,0,0,0,0,0,0,0,0,0,0,0,0,0,0,0,0,0,0
28704,1000000US170316007002029,97,19,6,0,38,0,34,63,0,34,78,2,47,44,3,137,0,1
28705,1000000US170316007002030,41,27,0,0,10,0,4,37,0,4,14,0,17,17,0,47,0,0
28706,1000000US170316007002031,16,4,2,0,6,0,4,12,0,4,12,0,8,7,1,19,0,0
28707,1000000US170316007002032,105,41,2,0,33,0,29,76,0,29,64,0,58,50,8,131,0,0
28708,1000000US170316007002033,9,2,1,0,3,0,3,6,0,3,7,1,7,5,2,14,0,0
28709,1000000US170316007002034,117,62,31,0,3,0,24,93,0,24,55,7,100,87,13,120,0,3
28710,1000000US170316007002035,21,1,3,0,15,0,2,19,0,2,20,0,14,11,3,23,0,0
28711,1000000US170316007002036,19,6,0,0,4,0,9,10,0,9,13,0,9,9,0,22,0,0
28712,1000000US170316007002037,1,1,0,0,0,0,0,1,0,0,0,0,1,1,0,1,0,0
28713,1000000US170316007002038,0,0,0,0,0,0,0,0,0,0,0,0,0,0,0,0,0,0
28714,1000000US170316007002039,104,14,1,3,62,0,24,80,0,24,90,7,52,43,9,129,0,0
28715,1000000US170316007002040,57,11,1,0,24,0,22,35,0,22,46,1,36,30,6,68,0,1
28716,1000000US170316007002041,28,9,0,1,17,0,2,26,0,2,19,0,12,12,0,37,1,0
28717,1000000US170316007002042,0,0,0,0,0,0,0,0,0,0,0,0,0,0,0,0,0,0
28718,1000000US170316007002043,0,0,0,0,0,0,0,0,0,0,0,0,0,0,0,0,0,0
28719,1000000US170316009001000,0,0,0,0,0,0,0,0,0,0,0,0,0,0,0,0,0,0
28720,1000000US170316009001001,52,20,18,2,0,0,13,39,0,13,32,2,33,26,7,77,0,0
28721,1000000US170316009001002,92,10,63,3,2,0,22,70,0,22,82,7,77,44,33,134,1,4
28722,1000000US170316009001003,103,32,8,0,17,2,47,56,0,47,71,2,54,54,0,170,0,1
28723,1000000US170316009001004,95,30,1,1,14,0,49,46,0,49,65,6,59,48,11,120,0,0
28724,1000000US170316009001005,61,13,0,0,29,0,19,42,0,19,48,0,34,27,7,81,0,0
28725,1000000US170316009001006,26,23,0,0,0,0,3,23,0,3,3,0,24,15,9,28,0,0
28726,1000000US170316009001007,29,5,2,0,7,0,15,14,0,15,24,1,13,13,0,43,0,0
28727,1000000US170316009001008,27,7,5,0,0,0,15,12,0,15,20,2,22,14,8,38,0,0
28728,1000000US170316009002000,87,30,1,0,38,0,20,67,0,20,57,0,41,39,2,110,0,0
28729,1000000US170316009002001,29,8,4,0,13,0,3,26,0,3,21,0,13,12,1,35,0,0
28730,1000000US170316009002002,88,31,2,0,43,0,13,75,0,13,57,2,55,44,11,112,0,1
28731,1000000US170316009002003,9,1,0,0,6,0,2,7,0,2,8,0,6,4,2,9,0,0
28732,1000000US170316009002004,87,16,4,2,37,0,31,56,0,31,71,1,45,40,5,100,2,1
28733,1000000US170316009002005,75,40,0,2,18,0,17,58,0,17,35,0,42,38,4,88,2,0
28734,1000000US170316009002006,15,9,0,0,0,0,6,9,0,6,6,1,8,8,0,15,0,0
28735,1000000US170316009002007,42,18,3,3,8,0,11,31,0,11,24,2,25,20,5,53,2,0
28736,1000000US170316009002008,63,27,2,2,20,1,15,48,0,15,36,1,48,39,9,79,2,1
28737,1000000US170316009002009,30,8,2,0,9,0,11,19,0,11,22,0,17,17,0,40,0,0
28738,1000000US170316009002010,33,14,2,0,13,0,4,29,0,4,19,0,24,18,6,42,0,0
28739,1000000US170316009002011,140,61,9,2,23,0,50,90,0,50,79,0,96,70,26,180,2,3
28740,1000000US170316009002012,58,14,0,0,27,0,17,41,0,17,44,0,31,29,2,70,0,0
28741,1000000US170316009002013,71,38,4,0,12,0,19,52,0,19,33,2,59,41,18,83,0,2
28742,1000000US170316009002014,3,3,0,0,0,0,0,3,0,0,0,0,0,0,0,3,0,0
28743,1000000US170316009002015,48,24,1,0,10,0,13,35,0,13,24,2,28,26,2,55,0,0
28744,1000000US170316009002016,25,14,3,1,3,0,4,21,0,4,11,2,17,16,1,28,0,0
28745,1000000US170316009003000,28,19,0,0,0,0,9,19,0,9,9,0,18,17,1,30,0,0
28746,1000000US170316009003001,45,16,3,0,10,0,16,29,0,16,29,0,26,26,0,55,0,0
28747,1000000US170316009003002,52,15,2,1,2,0,32,20,0,32,37,1,27,25,2,73,0,0
28748,1000000US170316009003003,60,26,4,1,20,0,12,48,0,12,34,2,32,30,2,75,1,0
28749,1000000US170316009003004,50,20,4,0,20,0,6,44,0,6,30,1,27,25,2,56,0,0
28750,1000000US170316009003005,35,10,0,0,7,0,18,17,0,18,25,1,19,16,3,38,0,0
28751,1000000US170316009003006,36,14,1,1,7,0,12,24,0,12,22,0,28,20,8,40,1,0
28752,1000000US170316009003007,55,24,1,0,14,0,16,39,0,16,31,0,37,31,6,68,0,0
28753,1000000US170316009003008,50,23,0,0,12,0,15,35,0,15,27,2,36,27,9,72,0,0
28754,1000000US170316009003009,67,37,5,1,8,0,16,51,0,16,30,0,50,40,10,80,1,0
28755,1000000US170316009003010,47,24,0,6,3,0,15,32,0,15,23,1,24,22,2,53,5,0
28756,1000000US170316009003011,53,16,6,1,1,0,30,23,0,30,37,0,31,29,2,69,1,0
28757,1000000US170316009004000,70,56,0,1,0,0,13,57,0,13,14,0,41,37,4,94,1,0
28758,1000000US170316009004001,5,0,0,0,0,0,5,0,0,5,5,0,2,2,0,5,0,0
28759,1000000US170316009004002,46,16,2,1,18,0,9,37,0,9,30,0,27,24,3,66,1,0
28760,1000000US170316009004003,52,4,2,1,34,0,11,41,0,11,48,0,25,24,1,68,1,0
28761,1000000US170316009004004,57,13,9,0,23,0,12,45,0,12,44,0,29,28,1,80,0,0
28762,1000000US170316009004005,79,12,2,0,59,0,6,73,0,6,67,0,32,32,0,94,0,0
28763,1000000US170316009004006,86,25,7,1,37,0,24,62,0,24,61,8,36,34,2,109,1,0
28764,1000000US170316009004007,40,15,0,0,10,0,15,25,0,15,25,0,25,19,6,51,0,0
28765,1000000US170316009004008,27,15,0,0,4,0,8,19,0,8,12,0,13,13,0,39,0,0
28766,1000000US170316009004009,46,19,3,0,11,0,13,33,0,13,27,0,23,22,1,58,0,0
28767,1000000US170316009004010,7,0,0,0,4,0,3,4,0,3,7,0,4,3,1,7,0,0
28768,1000000US170316009004011,68,47,0,0,2,0,19,49,0,19,21,0,45,40,5,91,0,0
28769,1000000US170316009004012,51,23,0,0,5,0,23,28,0,23,28,0,30,25,5,63,0,0
28770,1000000US170316009004013,0,0,0,0,0,0,0,0,0,0,0,0,0,0,0,0,0,0
28771,1000000US170316009004014,38,17,0,0,8,0,13,25,0,13,21,0,20,19,1,49,0,0
28772,1000000US170316009004015,21,13,0,0,4,0,4,17,0,4,8,0,11,11,0,24,0,0
28773,1000000US170316009004016,39,24,1,0,10,0,4,35,0,4,15,0,21,21,0,48,0,0
28774,1000000US170316009004017,28,16,0,0,0,0,12,16,0,12,12,0,16,14,2,40,0,0
28775,1000000US170316009004018,133,15,1,2,101,0,16,117,0,16,118,6,51,50,1,179,1,0
28776,1000000US170316009004019,23,4,8,0,10,0,3,20,0,3,19,0,13,11,2,32,0,2
28777,1000000US170316103001000,2,0,1,0,0,0,2,0,0,2,2,0,1,1,0,3,0,1
28778,1000000US170316103001001,0,0,0,0,0,0,0,0,0,0,0,0,0,0,0,0,0,0
28779,1000000US170316103001002,0,0,0,0,0,0,0,0,0,0,0,0,0,0,0,0,0,0
28780,1000000US170316103001003,0,0,0,0,0,0,0,0,0,0,0,0,0,0,0,0,0,0
28781,1000000US170316103001004,0,0,0,0,0,0,0,0,0,0,0,0,0,0,0,0,0,0
28782,1000000US170316103001005,0,0,0,0,0,0,0,0,0,0,0,0,0,0,0,0,0,0
28783,1000000US170316103001006,0,0,0,0,0,0,0,0,0,0,0,0,0,0,0,0,0,0
28784,1000000US170316103001007,8,1,3,0,0,0,4,4,0,4,7,0,4,4,0,8,0,0
28785,1000000US170316103001008,32,2,1,0,0,0,29,3,0,29,30,2,15,15,0,41,0,0
28786,1000000US170316103001009,7,0,0,0,0,0,7,0,0,7,7,0,6,5,1,11,0,0
28787,1000000US170316103001010,27,5,0,0,0,0,22,5,0,22,22,0,11,10,1,42,0,0
28788,1000000US170316103001011,47,9,0,0,0,0,38,9,0,38,38,3,23,19,4,71,0,0
28789,1000000US170316103001012,38,1,0,0,0,0,37,1,0,37,37,6,14,14,0,53,0,0
28790,1000000US170316103001013,88,8,6,4,6,0,68,20,0,68,80,2,45,39,6,139,4,0
28791,1000000US170316103001014,102,6,4,11,1,0,88,14,0,88,96,3,60,46,14,167,9,0
28792,1000000US170316103001015,94,10,5,2,7,0,75,19,0,75,84,5,61,41,20,144,2,3
28793,1000000US170316103001016,133,16,12,1,0,0,105,28,0,105,117,7,60,53,7,196,0,0
28794,1000000US170316103001017,105,11,7,2,1,0,85,20,0,85,94,1,56,50,6,182,2,0
28795,1000000US170316103001018,122,2,8,2,3,0,116,6,0,116,120,6,57,52,5,181,2,4
28796,1000000US170316103001019,123,2,2,6,0,0,117,6,0,117,121,9,55,50,5,207,0,0
28797,1000000US170316103001020,62,0,3,0,0,2,62,0,0,62,62,2,26,23,3,93,0,3
28798,1000000US170316103001021,64,2,0,2,0,0,62,2,0,62,62,2,29,29,0,89,2,0
28799,1000000US170316103001022,60,2,0,0,3,0,57,3,0,57,58,0,26,24,2,91,0,0
28800,1000000US170316103001023,74,7,2,2,0,0,65,9,0,65,67,6,41,35,6,115,2,0
28801,1000000US170316103001024,31,0,0,0,0,0,31,0,0,31,31,0,12,12,0,44,0,0
28802,1000000US170316103001025,57,2,0,3,0,0,55,2,0,55,55,3,34,25,9,94,3,0
28803,1000000US170316103001026,54,1,2,0,0,0,53,1,0,53,53,0,23,20,3,81,0,2
28804,1000000US170316103002000,9,0,0,0,0,0,9,0,0,9,9,0,5,4,1,14,0,0
28805,1000000US170316103002001,139,5,6,2,2,1,127,12,0,127,134,5,75,61,14,210,2,0
28806,1000000US170316103002002,0,0,0,0,0,0,0,0,0,0,0,0,0,0,0,0,0,0
28807,1000000US170316103002003,0,0,0,0,0,0,0,0,0,0,0,0,0,0,0,0,0,0
28808,1000000US170316103002004,124,4,4,0,0,0,115,9,0,115,120,1,53,45,8,180,0,0
28809,1000000US170316103002005,126,4,5,4,0,0,117,9,0,117,122,2,90,56,34,220,4,0
28810,1000000US170316103002006,118,4,7,3,6,0,102,16,0,102,114,5,68,54,14,217,3,1
28811,1000000US170316103002007,89,2,0,2,0,0,87,2,0,87,87,3,64,40,24,140,2,0
28812,1000000US170316103002008,129,3,9,4,1,1,118,11,0,118,126,7,66,56,10,217,4,2
28813,1000000US170316103002009,108,7,2,6,0,0,101,7,0,101,101,3,50,43,7,179,4,2
28814,1000000US170316103002010,0,0,0,0,0,0,0,0,0,0,0,0,0,0,0,0,0,0
28815,1000000US170316103002011,0,0,0,0,0,0,0,0,0,0,0,0,0,0,0,0,0,0
28816,1000000US170316103002012,0,0,0,0,0,0,0,0,0,0,0,0,0,0,0,0,0,0
28817,1000000US170316103002013,0,0,0,0,0,0,0,0,0,0,0,0,0,0,0,0,0,0
28818,1000000US170316103002014,0,0,0,0,0,0,0,0,0,0,0,0,0,0,0,0,0,0
28819,1000000US170316103002015,0,0,0,0,0,0,0,0,0,0,0,0,0,0,0,0,0,0
28820,1000000US170316103002016,38,2,2,4,0,0,34,4,0,34,36,0,29,18,11,53,4,0
28821,1000000US170316103002017,51,3,1,0,0,0,47,4,0,47,48,0,23,17,6,85,0,0
28822,1000000US170316103002018,65,2,1,1,3,0,62,3,0,62,63,3,35,28,7,103,1,0
28823,1000000US170316103002019,75,6,12,2,1,0,58,17,0,58,69,1,38,32,6,128,2,2
28824,1000000US170316103002020,69,3,6,0,0,0,59,10,0,59,66,0,37,25,12,119,0,0
28825,1000000US170316103002021,66,2,4,0,0,0,60,6,0,60,64,0,29,28,1,101,0,0
28826,1000000US170316103002022,0,0,0,0,0,0,0,0,0,0,0,0,0,0,0,0,0,0
28827,1000000US170316103003000,0,0,0,0,0,0,0,0,0,0,0,0,0,0,0,0,0,0
28828,1000000US170316103003001,0,0,0,0,0,0,0,0,0,0,0,0,0,0,0,0,0,0
28829,1000000US170316103003002,0,0,0,0,0,0,0,0,0,0,0,0,0,0,0,0,0,0
28830,1000000US170316103003003,244,93,37,2,36,0,81,163,0,81,151,2,163,155,8,278,1,4
28831,1000000US170316103003004,0,0,0,0,0,0,0,0,0,0,0,0,0,0,0,0,0,0
28832,1000000US170316103003005,0,0,0,0,0,0,0,0,0,0,0,0,0,0,0,0,0,0
28833,1000000US170316103003006,18,3,2,0,4,0,9,9,0,9,15,2,12,11,1,30,0,0
28834,1000000US170316103003007,29,1,15,0,0,0,13,16,0,13,28,2,13,11,2,55,0,0
28835,1000000US170316103003008,5,5,0,0,0,0,0,5,0,0,0,0,2,2,0,9,0,0
28836,1000000US170316103003009,0,0,0,0,0,0,0,0,0,0,0,0,3,0,3,0,0,0
28837,1000000US170316103003010,0,0,0,0,0,0,0,0,0,0,0,0,0,0,0,0,0,0
28838,1000000US170316103003011,0,0,0,0,0,0,0,0,0,0,0,0,0,0,0,0,0,0
28839,1000000US170316103003012,0,0,0,0,0,0,0,0,0,0,0,0,0,0,0,0,0,0
28840,1000000US170316103003013,0,0,0,0,0,0,0,0,0,0,0,0,0,0,0,0,0,0
28841,1000000US170316103003014,0,0,0,0,0,0,0,0,0,0,0,0,0,0,0,0,0,0
28842,1000000US170316103003015,0,0,0,0,0,0,0,0,0,0,0,0,0,0,0,0,0,0
28843,1000000US170316103003016,0,0,0,0,0,0,0,0,0,0,0,0,0,0,0,0,0,0
28844,1000000US170316103003017,0,0,0,0,0,0,0,0,0,0,0,0,0,0,0,0,0,0
28845,1000000US170316103003018,0,0,0,0,0,0,0,0,0,0,0,0,0,0,0,0,0,0
28846,1000000US170316103003019,0,0,0,0,0,0,0,0,0,0,0,0,0,0,0,0,0,0
28847,1000000US170316103003020,63,6,0,0,0,0,57,6,0,57,57,1,29,28,1,102,0,0
28848,1000000US170316103003021,0,0,0,0,0,0,0,0,0,0,0,0,0,0,0,0,0,0
28849,1000000US170316103003022,94,8,3,0,0,0,82,12,0,82,86,8,41,40,1,142,0,0
28850,1000000US170316103003023,86,5,2,2,3,0,76,10,0,76,81,0,44,36,8,135,2,0
28851,1000000US170316103003024,92,12,6,8,8,6,78,14,0,78,80,13,40,38,2,145,2,6
28852,1000000US170316103003025,0,0,0,0,0,0,0,0,0,0,0,0,0,0,0,0,0,0
28853,1000000US170316103003026,83,1,2,0,0,0,82,1,0,82,82,5,41,39,2,158,0,2
28854,1000000US170316103003027,37,4,0,0,1,0,33,4,0,33,33,1,24,13,11,62,0,0
28855,1000000US170316103003028,72,0,6,0,0,0,66,6,0,66,72,0,37,31,6,114,0,0
28856,1000000US170316103003029,104,0,3,0,0,0,101,3,0,101,104,1,46,36,10,160,0,0
28857,1000000US170316103003030,100,1,1,3,2,0,97,3,0,97,99,0,52,41,11,144,3,1
28858,1000000US170316103003031,7,1,0,0,0,0,6,1,0,6,6,0,3,3,0,7,0,0
28859,1000000US170316103003032,38,14,0,0,2,0,24,14,0,24,24,8,12,11,1,59,0,0
28860,1000000US170316103003033,16,1,2,0,2,0,11,5,0,11,15,0,11,9,2,31,0,0
28861,1000000US170316103003034,7,0,0,0,0,0,7,0,0,7,7,0,8,3,5,9,0,0
28862,1000000US170316104001000,10,0,0,0,0,0,10,0,0,10,10,0,7,4,3,12,0,0
28863,1000000US170316104001001,118,3,1,1,0,0,115,3,0,115,115,0,55,48,7,195,1,1
28864,1000000US170316104001002,126,5,6,2,1,1,118,8,0,118,121,4,67,62,5,186,2,5
28865,1000000US170316104001003,178,7,4,2,0,0,171,7,0,171,171,2,85,79,6,310,2,4
28866,1000000US170316104001004,125,3,6,0,0,0,121,4,0,121,122,2,78,54,24,189,0,5
28867,1000000US170316104001005,173,4,10,1,0,0,168,5,0,168,169,7,92,71,21,288,1,9
28868,1000000US170316104001006,77,7,2,0,0,0,69,8,0,69,70,5,43,33,10,110,0,1
28869,1000000US170316104001007,71,7,3,0,0,0,62,9,0,62,64,3,35,32,3,114,0,1
28870,1000000US170316104001008,74,8,8,5,0,0,60,14,0,60,66,3,40,37,3,115,5,2
28871,1000000US170316104001009,118,10,0,0,0,0,108,10,0,108,108,0,58,48,10,168,0,0
28872,1000000US170316104001010,118,1,0,0,0,2,115,3,0,115,117,7,63,52,11,186,0,0
28873,1000000US170316104001011,84,0,0,2,3,0,81,3,0,81,84,2,40,33,7,137,2,0
28874,1000000US170316104001012,32,0,4,1,0,0,28,4,0,28,32,0,14,12,2,46,1,0
28875,1000000US170316104001013,12,0,0,0,0,0,12,0,0,12,12,0,5,4,1,13,0,0
28876,1000000US170316104001014,0,0,0,0,0,0,0,0,0,0,0,0,0,0,0,0,0,0
28877,1000000US170316104001015,40,3,0,0,0,0,37,3,0,37,37,0,22,18,4,57,0,0
28878,1000000US170316104001016,0,0,0,0,0,0,0,0,0,0,0,0,0,0,0,0,0,0
28879,1000000US170316104001017,28,0,0,6,0,0,28,0,0,28,28,4,12,12,0,49,5,0
28880,1000000US170316104001018,18,0,2,0,0,0,16,2,0,16,18,0,13,12,1,28,0,0
28881,1000000US170316104001019,4,1,0,0,0,0,3,1,0,3,3,0,3,2,1,5,0,0
28882,1000000US170316104001020,2,0,0,0,0,0,2,0,0,2,2,0,1,1,0,5,0,0
28883,1000000US170316108001000,0,0,0,0,0,0,0,0,0,0,0,0,0,0,0,0,0,0
28884,1000000US170316108001001,0,0,0,0,0,0,0,0,0,0,0,0,0,0,0,0,0,0
28885,1000000US170316108001002,13,13,0,0,0,0,0,13,0,0,0,0,6,6,0,16,0,0
28886,1000000US170316108001003,4,4,0,0,0,0,0,4,0,0,0,0,2,2,0,6,0,0
28887,1000000US170316108001004,39,20,0,1,10,0,8,31,0,8,19,3,18,18,0,53,0,0
28888,1000000US170316108001005,47,33,0,0,1,0,13,34,0,13,14,0,26,25,1,64,0,0
28889,1000000US170316108001006,41,38,1,0,0,0,2,39,0,2,3,0,17,16,1,55,0,0
28890,1000000US170316108001007,46,43,0,0,0,0,3,43,0,3,3,1,24,24,0,61,0,0
28891,1000000US170316108001008,40,24,0,0,0,0,16,24,0,16,16,0,25,21,4,60,0,0
28892,1000000US170316108001009,34,31,0,0,0,0,3,31,0,3,3,3,22,18,4,43,0,0
28893,1000000US170316108001010,51,43,1,1,3,0,3,48,0,3,8,1,29,28,1,71,0,0
28894,1000000US170316108001011,36,25,2,0,0,0,9,27,0,9,11,0,23,19,4,48,0,0
28895,1000000US170316108001012,34,32,0,1,0,0,1,33,0,1,2,1,23,18,5,50,0,0
28896,1000000US170316108001013,22,19,0,0,1,0,2,20,0,2,3,0,11,11,0,24,0,0
28897,1000000US170316108001014,61,48,0,0,6,0,7,54,0,7,13,1,30,27,3,77,0,0
28898,1000000US170316108001015,32,22,2,0,6,0,2,30,0,2,10,0,16,14,2,50,0,0
28899,1000000US170316108001016,33,28,1,0,0,0,4,29,0,4,5,0,17,17,0,46,0,0
28900,1000000US170316108001017,31,31,0,0,0,0,0,31,0,0,0,0,20,18,2,45,0,0
28901,1000000US170316108001018,0,0,0,0,0,0,0,0,0,0,0,0,0,0,0,0,0,0
28902,1000000US170316108001019,32,25,0,0,0,0,7,25,0,7,7,0,22,20,2,36,0,0
28903,1000000US170316108001020,44,37,0,0,0,0,7,37,0,7,7,1,24,22,2,59,0,0
28904,1000000US170316108001021,42,34,2,0,2,0,4,38,0,4,8,1,35,22,13,53,0,0
28905,1000000US170316108001022,18,14,0,0,0,0,4,14,0,4,4,0,11,11,0,24,0,0
28906,1000000US170316108001023,54,32,7,0,6,0,9,45,0,9,22,2,32,23,9,73,0,0
28907,1000000US170316108001024,45,38,0,1,2,0,5,40,0,5,7,0,30,23,7,61,1,0
28908,1000000US170316108001025,0,0,0,0,0,0,0,0,0,0,0,0,0,0,0,0,0,0
28909,1000000US170316108001026,0,0,0,0,0,0,0,0,0,0,0,0,0,0,0,0,0,0
28910,1000000US170316108001027,0,0,0,0,0,0,0,0,0,0,0,0,0,0,0,0,0,0
28911,1000000US170316108001028,40,37,0,0,0,0,3,37,0,3,3,0,18,15,3,45,0,0
28912,1000000US170316108001029,37,37,0,0,0,0,0,37,0,0,0,0,21,20,1,51,0,0
28913,1000000US170316108001030,36,33,0,0,2,0,1,35,0,1,3,0,29,24,5,53,0,0
28914,1000000US170316108001031,15,13,2,0,0,0,0,15,0,0,2,0,12,9,3,19,0,0
28915,1000000US170316108001032,17,13,0,0,0,0,4,13,0,4,4,0,20,13,7,21,0,0
28916,1000000US170316108001033,12,2,2,0,0,0,8,4,0,8,10,0,6,4,2,13,0,0
28917,1000000US170316108001034,41,34,0,0,1,0,6,35,0,6,7,0,23,20,3,58,0,0
28918,1000000US170316108001035,40,28,1,2,0,0,9,31,0,9,12,0,23,19,4,55,2,0
28919,1000000US170316108001036,2,1,0,0,1,0,0,2,0,0,1,1,3,1,2,3,0,0
28920,1000000US170316110001000,0,0,0,0,0,0,0,0,0,0,0,0,0,0,0,0,0,0
28921,1000000US170316110001001,0,0,0,0,0,0,0,0,0,0,0,0,0,0,0,0,0,0
28922,1000000US170316110001002,0,0,0,0,0,0,0,0,0,0,0,0,0,0,0,0,0,0
28923,1000000US170316110001003,0,0,0,0,0,0,0,0,0,0,0,0,0,0,0,0,0,0
28924,1000000US170316110001004,0,0,0,0,0,0,0,0,0,0,0,0,0,0,0,0,0,0
28925,1000000US170316110001005,57,2,2,1,0,0,55,2,0,55,55,0,27,23,4,96,1,2
28926,1000000US170316110001006,45,0,12,0,0,0,28,17,0,28,45,0,29,16,13,62,0,0
28927,1000000US170316110001007,0,0,0,0,0,0,0,0,0,0,0,0,0,0,0,0,0,0
28928,1000000US170316110001008,3,0,1,0,0,0,2,1,0,2,3,0,2,2,0,5,0,0
28929,1000000US170316110001009,0,0,0,0,0,0,0,0,0,0,0,0,0,0,0,0,0,0
28930,1000000US170316110001010,0,0,0,0,0,0,0,0,0,0,0,0,0,0,0,0,0,0
28931,1000000US170316110001011,0,0,0,0,0,0,0,0,0,0,0,0,0,0,0,0,0,0
28932,1000000US170316110001012,0,0,0,0,0,0,0,0,0,0,0,0,0,0,0,0,0,0
28933,1000000US170316110001013,15,1,5,0,0,0,9,6,0,9,14,0,11,6,5,23,0,0
28934,1000000US170316110001014,21,0,20,0,0,0,1,20,0,1,21,0,14,12,2,27,0,0
28935,1000000US170316110001015,22,0,22,0,0,0,0,22,0,0,22,0,10,9,1,33,0,0
28936,1000000US170316110001016,43,0,33,0,0,0,10,33,0,10,43,0,14,12,2,60,0,0
28937,1000000US170316110001017,40,0,38,0,2,0,0,40,0,0,40,0,21,19,2,55,0,0
28938,1000000US170316110001018,0,0,0,0,0,0,0,0,0,0,0,0,0,0,0,0,0,0
28939,1000000US170316110001019,18,0,10,0,0,0,8,10,0,8,18,0,7,6,1,34,0,0
28940,1000000US170316110001020,33,0,29,0,0,0,4,29,0,4,33,0,21,13,8,40,0,0
28941,1000000US170316110001021,24,0,24,0,0,0,0,24,0,0,24,0,21,11,10,41,0,0
28942,1000000US170316110001022,27,1,24,0,0,0,2,25,0,2,26,0,14,11,3,36,0,0
28943,1000000US170316110001023,13,0,13,0,0,0,0,13,0,0,13,0,9,5,4,20,0,0
28944,1000000US170316110001024,40,0,34,0,0,0,6,34,0,6,40,0,18,13,5,67,0,0
28945,1000000US170316110001025,98,2,94,0,0,0,2,96,0,2,96,3,48,47,1,157,0,0
28946,1000000US170316110001026,23,1,11,0,0,0,11,12,0,11,22,0,8,8,0,36,0,0
28947,1000000US170316110001027,29,1,23,0,0,0,5,24,0,5,28,0,14,9,5,40,0,0
28948,1000000US170316110001028,18,0,16,0,0,0,2,16,0,2,18,0,27,10,17,33,0,0
28949,1000000US170316110001029,0,0,0,0,0,0,0,0,0,0,0,0,0,0,0,0,0,0
28950,1000000US170316110001030,0,0,0,0,0,0,0,0,0,0,0,0,0,0,0,0,0,0
28951,1000000US170316110001031,0,0,0,0,0,0,0,0,0,0,0,0,2,0,2,0,0,0
28952,1000000US170316110001032,1,1,0,0,0,0,0,1,0,0,0,0,4,1,3,1,0,0
28953,1000000US170316110001033,21,0,21,0,0,0,0,21,0,0,21,0,9,7,2,31,0,0
28954,1000000US170316110001034,17,0,16,0,0,0,2,15,0,2,17,0,9,9,0,31,0,2
28955,1000000US170316110001035,0,0,0,0,0,0,0,0,0,0,0,0,0,0,0,0,0,0
28956,1000000US170316110001036,8,0,8,0,0,0,0,8,0,0,8,0,5,5,0,15,0,0
28957,1000000US170316110001037,28,0,22,0,0,0,5,23,0,5,28,0,23,17,6,41,0,0
28958,1000000US170316110001038,44,0,44,0,0,0,0,44,0,0,44,1,21,17,4,61,0,0
28959,1000000US170316110001039,25,0,25,0,0,0,0,25,0,0,25,0,12,9,3,46,0,0
28960,1000000US170316110001040,0,0,0,0,0,0,0,0,0,0,0,0,0,0,0,0,0,0
28961,1000000US170316110001041,2,0,1,0,0,0,1,1,0,1,2,0,4,2,2,2,0,0
28962,1000000US170316110001042,5,0,0,0,0,0,5,0,0,5,5,0,1,1,0,5,0,0
28963,1000000US170316111001000,17,4,4,0,0,0,9,8,0,9,13,0,7,7,0,27,0,0
28964,1000000US170316111001001,0,0,0,0,0,0,0,0,0,0,0,0,0,0,0,0,0,0
28965,1000000US170316111001002,53,0,2,0,0,0,51,2,0,51,53,4,18,17,1,78,0,0
28966,1000000US170316111001003,58,9,5,0,0,0,44,14,0,44,49,1,35,27,8,76,0,0
28967,1000000US170316111001004,70,6,6,0,0,0,58,12,0,58,64,1,25,22,3,104,0,0
28968,1000000US170316111001005,82,13,16,2,1,1,52,30,0,52,69,3,50,38,12,122,2,0
28969,1000000US170316111001006,91,2,14,0,0,0,75,16,0,75,89,3,52,40,12,138,0,0
28970,1000000US170316111001007,65,1,0,0,0,0,64,1,0,64,64,0,25,24,1,93,0,0
28971,1000000US170316111001008,64,6,0,0,0,0,58,6,0,58,58,0,24,20,4,97,0,0
28972,1000000US170316111001009,97,11,1,8,0,0,85,12,0,85,86,0,50,43,7,153,8,0
28973,1000000US170316111001010,20,1,10,1,0,0,9,11,0,9,19,1,8,6,2,26,0,0
28974,1000000US170316111001011,12,0,7,0,0,0,5,7,0,5,12,0,8,6,2,15,0,0
28975,1000000US170316111001012,57,5,16,6,0,0,30,27,0,30,52,1,37,29,8,85,6,0
28976,1000000US170316111002000,14,0,5,2,0,0,9,5,0,9,14,0,12,7,5,25,2,0
28977,1000000US170316111002001,40,6,4,4,0,0,28,12,0,28,34,2,20,16,4,65,4,1
28978,1000000US170316111002002,19,1,11,0,0,0,7,12,0,7,18,2,17,9,8,24,0,0
28979,1000000US170316111002003,30,4,7,1,1,0,18,12,0,18,26,1,25,16,9,41,1,0
28980,1000000US170316111002004,38,0,21,0,0,0,17,21,0,17,38,2,28,16,12,51,0,0
28981,1000000US170316111002005,17,0,17,0,0,0,0,17,0,0,17,0,21,5,16,26,0,0
28982,1000000US170316111002006,23,2,15,0,0,0,6,17,0,6,21,0,15,14,1,39,0,0
28983,1000000US170316111002007,1,0,0,0,0,0,1,0,0,1,1,0,2,1,1,5,0,0
28984,1000000US170316111002008,45,0,33,8,0,0,20,25,0,20,45,12,17,14,3,78,8,8
28985,1000000US170316111002009,21,0,19,0,0,0,2,19,0,2,21,1,10,8,2,39,0,0
28986,1000000US170316111002010,50,0,21,0,0,0,29,21,0,29,50,0,18,18,0,77,0,0
28987,1000000US170316111002011,22,0,12,0,0,0,10,12,0,10,22,0,17,9,8,33,0,0
28988,1000000US170316111002012,15,0,15,0,0,0,2,13,0,2,15,0,13,7,6,20,0,2
28989,1000000US170316111002013,19,0,13,0,0,0,6,13,0,6,19,0,9,7,2,27,0,0
28990,1000000US170316111002014,19,0,14,0,0,0,5,14,0,5,19,5,6,6,0,26,0,0
28991,1000000US170316111003000,0,0,0,0,0,0,0,0,0,0,0,0,0,0,0,0,0,0
28992,1000000US170316111003001,22,0,3,0,0,0,19,3,0,19,22,0,10,10,0,37,0,0
28993,1000000US170316111003002,102,3,2,1,9,1,87,15,0,87,99,1,47,38,9,161,1,0
28994,1000000US170316111003003,103,0,12,2,0,0,95,8,0,95,103,1,50,41,9,161,2,5
28995,1000000US170316111003004,74,0,8,5,0,0,68,6,0,68,74,2,45,34,11,121,5,2
28996,1000000US170316111003005,104,4,2,0,1,0,99,5,0,99,100,5,51,46,5,171,0,2
28997,1000000US170316111003006,71,1,4,4,0,0,67,4,0,67,70,8,29,27,2,107,4,1
28998,1000000US170316111003007,68,5,6,1,0,0,56,12,0,56,63,0,25,24,1,98,1,0
28999,1000000US170316111003008,69,0,5,0,0,0,61,8,0,61,69,4,38,27,11,121,0,0
29000,1000000US170316111003009,100,3,0,0,1,0,97,3,0,97,97,2,47,41,6,166,0,0
29001,1000000US170316111003010,21,1,5,2,0,0,15,6,0,15,20,0,13,10,3,31,2,0
29002,1000000US170316111003011,27,1,9,1,0,0,16,11,0,16,26,6,19,15,4,44,0,0
29003,1000000US170316111003012,22,2,12,0,0,0,9,13,0,9,20,0,15,11,4,37,0,1
29004,1000000US170316111003013,24,1,14,1,0,0,8,16,0,8,23,1,14,11,3,29,0,0
29005,1000000US170316111003014,37,0,37,0,0,0,0,37,0,0,37,0,22,12,10,48,0,0
29006,1000000US170316112001000,29,0,0,0,0,0,29,0,0,29,29,0,9,9,0,43,0,0
29007,1000000US170316112001001,17,1,4,1,0,0,12,5,0,12,16,0,9,7,2,22,1,0
29008,1000000US170316112001002,0,0,0,0,0,0,0,0,0,0,0,0,1,0,1,0,0,0
29009,1000000US170316112001003,80,2,11,0,4,1,64,16,0,64,78,1,52,39,13,136,0,1
29010,1000000US170316112001004,108,4,7,0,0,0,97,11,0,97,104,7,54,43,11,174,0,0
29011,1000000US170316112001005,81,3,21,1,2,0,55,26,0,55,78,3,42,33,9,142,1,0
29012,1000000US170316112001006,77,5,14,0,2,0,59,18,0,59,72,2,42,37,5,145,0,3
29013,1000000US170316112001007,70,0,0,0,0,3,70,0,0,70,70,3,32,26,6,119,0,0
29014,1000000US170316112001008,61,1,2,1,0,0,58,3,0,58,60,1,31,27,4,92,0,0
29015,1000000US170316112001009,99,5,3,2,1,0,90,9,0,90,94,5,46,37,9,163,2,1
29016,1000000US170316112001010,19,0,0,0,0,0,19,0,0,19,19,1,16,10,6,36,0,0
29017,1000000US170316112001011,5,0,2,0,0,0,3,2,0,3,5,0,3,2,1,8,0,0
29018,1000000US170316112001012,42,0,13,2,0,0,29,13,0,29,42,1,19,18,1,74,2,0
29019,1000000US170316112001013,1,0,1,0,0,0,0,1,0,0,1,0,2,1,1,1,0,0
29020,1000000US170316112002000,13,1,2,0,0,0,10,3,0,10,12,0,4,4,0,15,0,0
29021,1000000US170316112002001,87,8,71,3,0,0,7,80,0,7,79,2,69,68,1,87,3,0
29022,1000000US170316112002002,0,0,0,0,0,0,0,0,0,0,0,0,0,0,0,0,0,0
29023,1000000US170316112002003,68,2,2,0,0,0,65,3,0,65,66,3,33,30,3,119,0,1
29024,1000000US170316112002004,58,5,0,0,0,1,53,5,0,53,53,1,30,22,8,85,0,0
29025,1000000US170316112002005,85,9,10,0,0,0,68,17,0,68,76,3,43,36,7,147,0,2
29026,1000000US170316112002006,96,3,9,3,0,0,83,13,0,83,93,7,52,43,9,166,2,0
29027,1000000US170316112002007,64,13,14,4,3,0,30,34,0,30,51,4,39,32,7,93,3,0
29028,1000000US170316112002008,56,2,1,0,0,0,51,5,0,51,54,1,26,20,6,105,0,0
29029,1000000US170316112002009,65,0,13,0,0,0,52,13,0,52,65,0,27,21,6,102,0,0
29030,1000000US170316112002010,72,0,4,0,3,0,69,3,0,69,72,0,33,25,8,111,0,1
29031,1000000US170316112002011,28,0,13,0,0,0,15,13,0,15,28,0,13,10,3,41,0,0
29032,1000000US170316112002012,76,5,49,0,2,0,22,54,0,22,71,3,28,21,7,141,0,1
29033,1000000US170316112002013,47,4,31,0,0,0,12,35,0,12,43,1,31,19,12,88,0,0
29034,1000000US170316112002014,3,0,3,0,0,0,0,3,0,0,3,0,4,2,2,8,0,0
29035,1000000US170316112002015,22,1,13,0,0,0,8,14,0,8,21,0,13,10,3,37,0,0
29036,1000000US170316112002016,14,0,14,0,0,0,0,14,0,0,14,0,8,7,1,22,0,0
29037,1000000US170316112002017,1,0,0,0,0,0,1,0,0,1,1,0,3,1,2,5,0,0
29038,1000000US170316112002018,36,0,18,0,0,0,18,18,0,18,36,0,19,15,4,61,0,0
29039,1000000US170316112002019,6,0,6,0,0,0,0,6,0,0,6,0,2,2,0,10,0,0
29040,1000000US170316112002020,26,9,9,0,2,1,6,20,0,6,17,4,0,0,0,41,0,0
29041,1000000US170316112002021,30,0,28,0,0,0,3,27,0,3,30,0,23,14,9,47,0,1
29042,1000000US170316112002022,31,1,16,0,0,0,14,17,0,14,30,1,19,13,6,37,0,0
29043,1000000US170316112002023,0,0,0,0,0,0,0,0,0,0,0,0,0,0,0,0,0,0
29044,1000000US170316112002024,23,0,11,0,0,0,15,8,0,15,23,0,13,10,3,29,0,3
29045,1000000US170316112002025,32,1,15,0,0,0,16,16,0,16,31,0,20,17,3,60,0,0
29046,1000000US170316112002026,6,1,5,0,0,0,0,6,0,0,5,0,5,4,1,12,0,0
29047,1000000US170316113001000,1,0,0,0,0,0,1,0,0,1,1,0,1,1,0,1,0,0
29048,1000000US170316113001001,17,0,0,0,0,0,17,0,0,17,17,3,9,6,3,30,0,0
29049,1000000US170316113001002,12,0,0,0,0,0,12,0,0,12,12,0,12,7,5,22,0,0
29050,1000000US170316113001003,92,6,7,1,0,0,81,11,0,81,86,5,41,35,6,125,1,2
29051,1000000US170316113001004,0,0,0,0,0,0,0,0,0,0,0,0,0,0,0,0,0,0
29052,1000000US170316113001005,72,4,4,2,0,0,64,8,0,64,68,0,28,24,4,125,2,0
29053,1000000US170316113001006,68,16,3,0,1,0,49,19,0,49,52,2,50,35,15,93,0,0
29054,1000000US170316113001007,87,4,2,4,0,0,82,5,0,82,83,4,51,35,16,136,4,1
29055,1000000US170316113001008,125,1,3,1,0,0,121,4,0,121,124,11,54,48,6,216,0,0
29056,1000000US170316113001009,79,2,12,2,0,0,66,13,0,66,77,3,35,27,8,113,0,2
29057,1000000US170316113002000,160,4,11,5,0,3,148,12,0,148,156,3,76,55,21,235,5,3
29058,1000000US170316113002001,63,7,23,0,0,0,33,30,0,33,56,2,34,25,9,101,0,0
29059,1000000US170316113002002,55,5,16,0,0,0,34,21,0,34,50,2,36,21,15,92,0,0
29060,1000000US170316113002003,36,4,21,0,2,0,9,27,0,9,32,0,17,8,9,54,0,0
29061,1000000US170316113002004,103,3,38,0,1,0,63,40,0,63,100,3,42,40,2,176,0,2
29062,1000000US170316113002005,59,7,7,0,0,2,46,13,0,46,52,2,27,26,1,105,0,1
29063,1000000US170316113002006,66,2,12,2,0,0,52,14,0,52,64,4,30,24,6,105,0,0
29064,1000000US170316113002007,85,5,22,0,0,1,58,27,0,58,80,1,38,35,3,148,0,0
29065,1000000US170316113002008,26,2,14,0,0,0,17,9,0,17,24,0,18,13,5,53,0,7
29066,1000000US170316113002009,15,0,4,0,0,0,11,4,0,11,15,0,9,6,3,26,0,0
29067,1000000US170316113002010,0,0,0,0,0,0,0,0,0,0,0,0,0,0,0,0,0,0
29068,1000000US170316113002011,14,0,11,0,0,0,3,11,0,3,14,0,7,7,0,18,0,0
29069,1000000US170316113002012,0,0,0,0,0,0,0,0,0,0,0,0,0,0,0,0,0,0
29070,1000000US170316113002013,9,0,8,1,0,0,1,8,0,1,9,0,6,4,2,19,1,0
29071,1000000US170316113002014,15,4,11,0,0,0,0,15,0,0,11,0,9,6,3,21,0,0
29072,1000000US170316113003000,10,0,0,0,0,0,10,0,0,10,10,1,7,5,2,12,0,0
29073,1000000US170316113003001,57,4,11,2,0,0,42,15,0,42,53,2,37,26,11,90,0,0
29074,1000000US170316113003002,61,0,1,0,0,0,60,1,0,60,61,2,29,25,4,86,0,0
29075,1000000US170316113003003,59,1,7,1,0,0,51,8,0,51,58,1,31,25,6,87,1,0
29076,1000000US170316113003004,68,2,0,0,0,0,66,2,0,66,66,2,33,26,7,111,0,0
29077,1000000US170316113003005,44,2,5,0,0,0,38,6,0,38,42,1,23,17,6,58,0,1
29078,1000000US170316113003006,26,0,4,0,0,0,22,4,0,22,26,0,13,9,4,40,0,0
29079,1000000US170316113003007,29,2,0,0,0,0,27,2,0,27,27,2,13,12,1,40,0,0
29080,1000000US170316113003008,117,5,4,2,0,0,108,9,0,108,112,3,69,54,15,216,2,0
29081,1000000US170316113003009,125,10,5,4,3,0,107,18,0,107,115,3,74,55,19,202,4,0
29082,1000000US170316113003010,39,8,1,0,2,0,28,11,0,28,31,0,17,12,5,66,0,0
29083,1000000US170316113003011,85,3,5,0,0,0,77,8,0,77,82,5,35,31,4,131,0,0
29084,1000000US170316113003012,96,3,8,0,0,0,87,9,0,87,93,3,46,43,3,165,0,2
29085,1000000US170316113003013,149,5,27,2,0,0,117,32,0,117,144,5,73,63,10,238,2,0
29086,1000000US170316114001000,19,1,0,0,0,0,18,1,0,18,18,0,11,10,1,28,0,0
29087,1000000US170316114001001,10,0,0,0,0,0,10,0,0,10,10,0,4,3,1,16,0,0
29088,1000000US170316114001002,123,12,2,1,1,0,107,16,0,107,111,4,63,59,4,207,1,0
29089,1000000US170316114001003,61,0,0,0,0,0,61,0,0,61,61,0,32,30,2,107,0,0
29090,1000000US170316114001004,83,4,10,0,0,0,74,9,0,74,79,1,39,37,2,125,0,5
29091,1000000US170316114001005,129,13,5,3,0,0,108,21,0,108,116,4,62,57,5,184,0,0
29092,1000000US170316114001006,153,4,5,0,1,0,146,7,0,146,149,4,70,64,6,265,0,2
29093,1000000US170316114001007,103,7,4,0,0,0,94,9,0,94,96,5,54,45,9,172,0,2
29094,1000000US170316114001008,103,7,9,0,1,0,88,15,0,88,96,2,47,45,2,166,0,2
29095,1000000US170316114001009,16,2,0,0,0,0,14,2,0,14,14,0,6,6,0,24,0,0
29096,1000000US170316114001010,111,4,6,1,1,0,105,6,0,105,107,3,50,42,8,173,1,5
29097,1000000US170316114001011,174,4,17,4,3,0,150,24,0,150,170,8,75,69,6,303,1,0
29098,1000000US170316114002000,136,3,7,0,4,0,123,13,0,123,133,4,63,52,11,199,0,0
29099,1000000US170316114002001,151,2,7,0,2,0,145,6,0,145,149,2,71,58,13,259,0,3
29100,1000000US170316114002002,0,0,0,0,0,0,0,0,0,0,0,0,0,0,0,0,0,0
29101,1000000US170316114002003,0,0,0,0,0,0,0,0,0,0,0,0,0,0,0,0,0,0
29102,1000000US170316114002004,88,1,25,0,0,0,66,22,0,66,87,4,41,35,6,167,0,4
29103,1000000US170316114002005,67,0,3,0,0,0,63,4,0,63,67,3,30,23,7,122,0,1
29104,1000000US170316114002006,84,4,22,0,0,0,56,28,0,56,80,1,44,42,2,151,0,0
29105,1000000US170316114002007,6,0,4,0,0,0,4,2,0,4,6,0,6,3,3,14,0,2
29106,1000000US170316114003000,105,4,0,0,0,0,101,4,0,101,101,7,46,41,5,154,0,0
29107,1000000US170316114003001,10,0,0,0,0,0,10,0,0,10,10,0,11,8,3,15,0,0
29108,1000000US170316114003002,0,0,0,0,0,0,0,0,0,0,0,0,0,0,0,0,0,0
29109,1000000US170316114003003,48,6,1,0,0,0,41,7,0,41,42,2,27,19,8,71,0,0
29110,1000000US170316114003004,50,4,0,0,0,0,46,4,0,46,46,0,26,26,0,74,0,0
29111,1000000US170316114003005,3,0,1,0,0,0,3,0,0,3,3,0,1,1,0,3,0,1
29112,1000000US170316114003006,144,4,37,2,0,0,104,40,0,104,140,5,76,64,12,242,0,1
29113,1000000US170316114003007,61,12,1,0,1,0,47,14,0,47,49,6,32,26,6,109,0,0
29114,1000000US170316114003008,186,8,12,2,0,0,168,18,0,168,178,4,79,70,9,279,2,2
29115,1000000US170316114003009,49,0,2,0,0,0,47,2,0,47,49,0,23,22,1,68,0,0
29116,1000000US170316114003010,115,3,5,5,2,0,104,11,0,104,112,11,53,49,4,192,2,0
29117,1000000US170316114003011,131,1,8,0,0,0,122,9,0,122,130,5,59,54,5,216,0,0
29118,1000000US170316115001000,125,8,3,1,0,0,115,10,0,115,117,7,74,61,13,205,0,1
29119,1000000US170316115001001,38,4,0,0,0,0,34,4,0,34,34,0,13,13,0,55,0,0
29120,1000000US170316115001002,90,4,1,0,0,0,85,5,0,85,86,2,37,36,1,155,0,0
29121,1000000US170316115001003,82,1,1,2,7,0,74,8,0,74,81,0,38,35,3,134,2,1
29122,1000000US170316115001004,93,1,0,0,0,0,92,1,0,92,92,4,38,35,3,137,0,0
29123,1000000US170316115001005,93,3,0,1,0,0,90,3,0,90,90,2,41,39,2,134,1,0
29124,1000000US170316115001006,110,2,4,3,0,0,104,6,0,104,108,6,55,45,10,174,3,0
29125,1000000US170316115001007,106,4,7,3,0,1,97,9,0,97,102,3,52,42,10,159,2,2
29126,1000000US170316115001008,102,2,9,0,1,3,87,15,0,87,100,1,57,43,14,147,0,0
29127,1000000US170316115001009,0,0,0,0,0,0,0,0,0,0,0,0,0,0,0,0,0,0
29128,1000000US170316115001010,2,0,0,0,0,0,2,0,0,2,2,0,1,1,0,3,0,0
29129,1000000US170316115002000,0,0,0,0,0,0,0,0,0,0,0,0,0,0,0,0,0,0
29130,1000000US170316115002001,0,0,0,0,0,0,0,0,0,0,0,0,0,0,0,0,0,0
29131,1000000US170316115002002,56,9,1,0,0,0,47,9,0,47,47,0,35,31,4,93,0,1
29132,1000000US170316115002003,17,1,0,0,0,0,16,1,0,16,16,0,9,7,2,29,0,0
29133,1000000US170316115002004,14,0,0,0,0,0,14,0,0,14,14,0,4,4,0,21,0,0
29134,1000000US170316115002005,14,1,1,0,0,0,12,2,0,12,13,0,8,8,0,24,0,0
29135,1000000US170316115002006,23,5,0,0,0,0,18,5,0,18,18,0,12,12,0,36,0,0
29136,1000000US170316115002007,31,15,0,0,0,0,16,15,0,16,16,0,14,13,1,39,0,0
29137,1000000US170316115002008,12,0,0,0,0,0,12,0,0,12,12,0,3,3,0,19,0,0
29138,1000000US170316115002009,5,0,0,0,0,0,5,0,0,5,5,1,2,2,0,8,0,0
29139,1000000US170316115002010,33,8,0,0,0,0,25,8,0,25,25,0,20,20,0,42,0,0
29140,1000000US170316115002011,163,28,91,0,0,1,45,118,0,45,135,1,0,0,0,163,0,2
29141,1000000US170316115002012,0,0,0,0,0,0,0,0,0,0,0,0,0,0,0,0,0,0
29142,1000000US170316115002013,117,3,97,0,4,0,15,102,0,15,114,1,109,109,0,117,0,0
29143,1000000US170316115002014,1,0,0,0,0,0,1,0,0,1,1,0,1,1,0,1,0,0
29144,1000000US170316115002015,2,0,2,0,0,0,0,2,0,0,2,0,1,1,0,3,0,0
29145,1000000US170316115002016,0,0,0,0,0,0,0,0,0,0,0,0,0,0,0,0,0,0
29146,1000000US170316115002017,0,0,0,0,0,0,0,0,0,0,0,0,0,0,0,0,0,0
29147,1000000US170316115002018,162,5,1,4,7,0,149,13,0,149,157,2,66,54,12,247,4,0
29148,1000000US170316115002019,151,10,19,2,0,0,121,30,0,121,141,2,72,57,15,226,0,0
29149,1000000US170316115002020,124,3,23,2,1,1,97,27,0,97,121,1,63,56,7,193,2,0
29150,1000000US170316115002021,74,0,10,0,0,0,64,10,0,64,74,1,34,30,4,132,0,0
29151,1000000US170316115002022,64,4,18,0,0,0,42,22,0,42,60,0,35,29,6,112,0,0
29152,1000000US170316115002023,54,5,0,3,2,1,48,6,0,48,49,3,30,25,5,90,1,0
29153,1000000US170316115002024,36,5,0,0,0,0,31,5,0,31,31,0,15,15,0,58,0,0
29154,1000000US170316115002025,76,0,2,0,0,0,74,2,0,74,76,0,34,32,2,124,0,0
29155,1000000US170316115002026,80,2,0,0,0,0,78,2,0,78,78,0,37,30,7,121,0,0
29156,1000000US170316115002027,11,0,5,0,0,0,6,5,0,6,11,0,6,6,0,17,0,0
29157,1000000US170316115002028,13,1,3,0,0,0,9,4,0,9,12,0,6,6,0,23,0,0
29158,1000000US170316115002029,3,0,0,0,0,0,3,0,0,3,3,0,4,1,3,4,0,0
29159,1000000US170316115002030,68,0,17,0,0,0,56,12,0,56,68,12,40,31,9,124,0,5
29160,1000000US170316115002031,0,0,0,0,0,0,0,0,0,0,0,0,0,0,0,0,0,0
29161,1000000US170316115002032,62,2,12,0,0,0,48,14,0,48,60,3,31,26,5,99,0,0
29162,1000000US170316115002033,61,2,8,2,0,0,51,10,0,51,59,5,28,25,3,99,0,0
29163,1000000US170316116001000,53,0,15,1,0,0,38,15,0,38,53,0,31,22,9,71,1,0
29164,1000000US170316116001001,32,0,8,0,2,0,24,8,0,24,32,0,16,13,3,49,0,0
29165,1000000US170316116001002,29,3,8,0,0,0,18,11,0,18,26,5,14,12,2,50,0,0
29166,1000000US170316116001003,8,0,6,0,0,0,2,6,0,2,8,1,4,3,1,8,0,0
29167,1000000US170316116001004,20,0,5,0,0,0,15,5,0,15,20,0,20,8,12,32,0,0
29168,1000000US170316116001005,16,0,16,0,0,0,0,16,0,0,16,0,6,6,0,22,0,0
29169,1000000US170316116001006,7,0,7,0,0,0,0,7,0,0,7,0,5,3,2,14,0,0
29170,1000000US170316116001007,1,0,0,0,0,0,1,0,0,1,1,1,1,1,0,3,0,0
29171,1000000US170316116001008,141,2,73,2,1,0,68,73,0,68,139,14,77,56,21,219,1,3
29172,1000000US170316116001009,25,0,11,1,0,0,16,9,0,16,25,0,19,11,8,44,1,2
29173,1000000US170316116001010,12,0,9,0,0,0,3,9,0,3,12,0,12,5,7,19,0,0
29174,1000000US170316116001011,27,0,15,3,0,0,12,15,0,12,27,1,17,11,6,36,3,0
29175,1000000US170316116001012,19,0,0,0,0,0,19,0,0,19,19,0,10,7,3,27,0,0
29176,1000000US170316116001013,20,0,16,0,0,0,4,16,0,4,20,0,18,10,8,34,0,0
29177,1000000US170316116001014,6,0,3,1,0,0,2,4,0,2,6,0,4,4,0,9,1,0
29178,1000000US170316116001015,10,0,0,0,0,0,10,0,0,10,10,0,6,4,2,18,0,0
29179,1000000US170316116001016,4,0,4,0,0,0,0,4,0,0,4,0,1,1,0,10,0,0
29180,1000000US170316116001017,0,0,0,0,0,0,0,0,0,0,0,0,7,0,7,0,0,0
29181,1000000US170316116001018,0,0,0,0,0,0,0,0,0,0,0,0,0,0,0,0,0,0
29182,1000000US170316116001019,27,2,17,0,0,0,8,19,0,8,25,0,13,10,3,43,0,0
29183,1000000US170316116001020,29,0,27,0,0,0,2,27,0,2,29,0,16,15,1,42,0,0
29184,1000000US170316116001021,24,0,13,0,0,0,11,13,0,11,24,0,17,12,5,36,0,0
29185,1000000US170316116002000,24,0,18,0,0,0,6,18,0,6,24,0,21,11,10,46,0,0
29186,1000000US170316116002001,0,0,0,0,0,0,0,0,0,0,0,0,0,0,0,0,0,0
29187,1000000US170316116002002,28,0,28,0,0,0,0,28,0,0,28,0,9,9,0,56,0,0
29188,1000000US170316116002003,26,0,26,0,0,0,0,26,0,0,26,0,10,10,0,33,0,0
29189,1000000US170316116002004,36,0,36,0,0,0,0,36,0,0,36,0,13,10,3,55,0,0
29190,1000000US170316116002005,20,1,12,0,0,0,7,13,0,7,19,0,10,7,3,28,0,0
29191,1000000US170316116002006,15,0,15,0,0,0,0,15,0,0,15,0,9,7,2,21,0,0
29192,1000000US170316116002007,19,1,12,0,0,0,6,13,0,6,18,0,10,9,1,29,0,0
29193,1000000US170316116002008,6,0,1,1,1,0,5,1,0,5,6,1,3,3,0,9,0,0
29194,1000000US170316116002009,52,0,41,1,1,2,9,43,0,9,52,1,24,13,11,85,1,0
29195,1000000US170316116002010,29,0,29,0,0,0,0,29,0,0,29,0,20,17,3,46,0,0
29196,1000000US170316116002011,54,0,54,0,0,0,0,54,0,0,54,0,28,20,8,77,0,0
29197,1000000US170316116002012,31,2,26,0,0,0,3,28,0,3,29,0,18,14,4,34,0,0
29198,1000000US170316116002013,27,1,25,0,0,0,1,26,0,1,26,1,16,16,0,36,0,0
29199,1000000US170316116002014,159,3,129,1,1,0,27,132,0,27,156,6,70,61,9,239,0,1
29200,1000000US170316116002015,0,0,0,0,0,0,0,0,0,0,0,0,0,0,0,0,0,0
29201,1000000US170316116002016,2,0,0,0,0,0,2,0,0,2,2,0,1,1,0,2,0,0
29202,1000000US170316116002017,20,0,20,0,0,0,0,20,0,0,20,0,9,9,0,27,0,0
29203,1000000US170316116002018,0,0,0,0,0,0,0,0,0,0,0,0,0,0,0,0,0,0
29204,1000000US170316117001000,44,1,23,0,0,2,22,22,0,22,43,4,23,21,2,69,0,2
29205,1000000US170316117001001,32,0,23,0,0,0,9,23,0,9,32,0,14,14,0,56,0,0
29206,1000000US170316117001002,39,0,21,0,0,0,18,21,0,18,39,0,26,17,9,65,0,0
29207,1000000US170316117001003,32,0,32,0,0,0,3,29,0,3,32,0,24,14,10,40,0,3
29208,1000000US170316117001004,45,0,39,0,0,0,6,39,0,6,45,0,26,18,8,71,0,0
29209,1000000US170316117001005,24,0,16,0,0,0,9,15,0,9,24,0,22,11,11,46,0,1
29210,1000000US170316117001006,43,0,26,3,0,0,17,26,0,17,43,2,27,18,9,63,2,0
29211,1000000US170316117001007,49,0,39,0,0,0,10,39,0,10,49,0,30,18,12,86,0,0
29212,1000000US170316117001008,32,0,22,0,0,0,10,22,0,10,32,0,18,15,3,42,0,0
29213,1000000US170316117001009,58,0,26,0,0,0,32,26,0,32,58,1,28,21,7,83,0,0
29214,1000000US170316117001010,34,0,26,0,0,0,10,24,0,10,34,0,18,16,2,67,0,2
29215,1000000US170316117001011,2,0,2,0,0,0,0,2,0,0,2,0,2,2,0,4,0,0
29216,1000000US170316117001012,0,0,0,0,0,0,0,0,0,0,0,0,0,0,0,0,0,0
29217,1000000US170316117002000,35,0,22,0,0,0,13,22,0,13,35,0,20,13,7,58,0,0
29218,1000000US170316117002001,20,0,20,0,0,0,0,20,0,0,20,0,26,10,16,34,0,0
29219,1000000US170316117002002,29,0,29,0,0,0,0,29,0,0,29,0,17,15,2,60,0,0
29220,1000000US170316117002003,39,0,27,0,0,0,12,27,0,12,39,0,22,17,5,52,0,0
29221,1000000US170316117002004,34,0,24,0,0,0,10,24,0,10,34,0,21,15,6,42,0,0
29222,1000000US170316117002005,53,0,33,0,0,0,20,33,0,20,53,1,24,18,6,78,0,0
29223,1000000US170316117002006,39,0,37,0,0,0,2,37,0,2,39,0,20,15,5,65,0,0
29224,1000000US170316117002007,28,0,22,0,3,0,6,22,0,6,28,0,18,9,9,45,0,0
29225,1000000US170316117002008,38,0,21,6,0,0,19,19,0,19,38,4,17,11,6,57,6,2
29226,1000000US170316117002009,30,0,7,0,0,0,23,7,0,23,30,0,20,15,5,49,0,0
29227,1000000US170316117002010,30,0,30,0,0,0,0,30,0,0,30,0,16,15,1,43,0,0
29228,1000000US170316117002011,29,0,29,0,0,0,0,29,0,0,29,0,14,14,0,34,0,0
29229,1000000US170316117003000,20,0,13,0,0,0,8,12,0,8,20,0,11,8,3,28,0,1
29230,1000000US170316117003001,19,0,9,0,0,0,11,8,0,11,19,0,15,9,6,29,0,1
29231,1000000US170316117003002,3,0,3,0,0,0,0,3,0,0,3,0,1,1,0,5,0,0
29232,1000000US170316117003003,34,6,11,0,0,0,17,17,0,17,28,2,24,13,11,49,0,0
29233,1000000US170316117003004,39,2,16,0,0,0,21,18,0,21,37,1,27,17,10,65,0,0
29234,1000000US170316117003005,38,0,37,0,4,0,1,37,0,1,38,4,20,15,5,62,0,0
29235,1000000US170316117003006,42,0,22,0,4,0,20,22,0,20,42,4,24,18,6,80,0,0
29236,1000000US170316117003007,29,0,22,2,0,0,15,14,0,15,29,0,11,9,2,46,2,8
29237,1000000US170316117003008,37,0,24,0,0,4,13,24,0,13,37,4,30,16,14,64,0,0
29238,1000000US170316117003009,20,0,20,0,0,0,0,20,0,0,20,0,15,8,7,28,0,0
29239,1000000US170316117003010,24,0,22,0,0,0,2,22,0,2,24,0,20,12,8,39,0,0
29240,1000000US170316117003011,37,0,7,2,0,0,30,7,0,30,37,0,21,17,4,63,2,0
29241,1000000US170316117003012,44,0,20,4,0,0,24,20,0,24,44,3,24,19,5,69,4,0
29242,1000000US170316117003013,3,0,0,0,0,0,3,0,0,3,3,0,5,1,4,5,0,0
29243,1000000US170316117003014,39,0,18,0,0,0,21,18,0,21,39,0,18,18,0,49,0,0
29244,1000000US170316118001000,7,0,7,0,0,0,0,7,0,0,7,0,4,4,0,12,0,0
29245,1000000US170316118001001,46,0,32,0,0,0,16,30,0,16,46,0,19,16,3,73,0,2
29246,1000000US170316118001002,48,0,33,0,0,0,15,33,0,15,48,0,38,20,18,68,0,0
29247,1000000US170316118001003,40,1,25,2,0,0,13,27,0,13,39,0,28,19,9,59,2,1
29248,1000000US170316118001004,61,4,20,0,2,0,37,24,0,37,57,2,34,23,11,88,0,0
29249,1000000US170316118001005,51,0,39,0,0,0,12,39,0,12,51,0,36,23,13,88,0,0
29250,1000000US170316118001006,8,0,2,0,0,0,6,2,0,6,8,1,11,3,8,10,0,0
29251,1000000US170316118001007,62,0,49,0,0,1,13,49,0,13,62,2,28,23,5,109,0,0
29252,1000000US170316118001008,40,0,33,0,0,0,9,31,0,9,40,0,35,20,15,66,0,2
29253,1000000US170316118001009,58,2,34,1,0,0,21,37,0,21,56,0,29,26,3,95,1,0
29254,1000000US170316118001010,9,0,9,0,0,0,0,9,0,0,9,0,13,4,9,13,0,0
29255,1000000US170316118001011,1,0,1,0,0,0,0,1,0,0,1,0,1,1,0,1,0,0
29256,1000000US170316118001012,52,0,39,4,0,0,13,39,0,13,52,0,28,24,4,86,4,0
29257,1000000US170316118001013,34,1,30,0,0,0,3,31,0,3,33,0,21,15,6,57,0,0
29258,1000000US170316118001014,7,0,7,0,0,0,0,7,0,0,7,0,6,4,2,12,0,0
29259,1000000US170316118001015,0,0,0,0,0,0,0,0,0,0,0,0,0,0,0,0,0,0
29260,1000000US170316118001016,0,0,0,0,0,0,0,0,0,0,0,0,6,0,6,0,0,0
29261,1000000US170316118001017,38,0,38,0,0,0,0,38,0,0,38,0,20,19,1,50,0,0
29262,1000000US170316118001018,51,0,42,0,0,0,9,42,0,9,51,0,27,23,4,69,0,0
29263,1000000US170316118001019,45,0,38,0,0,0,7,38,0,7,45,2,29,21,8,63,0,0
29264,1000000US170316118001020,48,0,36,0,0,0,13,35,0,13,48,2,30,23,7,90,0,1
29265,1000000US170316118001021,64,0,41,0,0,0,26,38,0,26,64,0,30,20,10,90,0,3
29266,1000000US170316118001022,28,0,23,0,0,0,6,22,0,6,28,1,27,12,15,53,0,1
29267,1000000US170316118001023,40,0,32,0,0,0,8,32,0,8,40,0,28,23,5,75,0,0
29268,1000000US170316118001024,54,0,44,0,0,0,10,44,0,10,54,0,30,23,7,77,0,0
29269,1000000US170316118001025,67,1,62,0,0,0,4,63,0,4,66,0,47,29,18,102,0,0
29270,1000000US170316118002000,40,0,34,0,0,0,6,34,0,6,40,1,32,17,15,48,0,0
29271,1000000US170316118002001,23,0,19,1,0,0,3,20,0,3,23,0,26,12,14,40,1,0
29272,1000000US170316118002002,37,0,31,0,0,0,6,31,0,6,37,0,30,15,15,53,0,0
29273,1000000US170316118002003,54,2,40,0,0,0,12,42,0,12,52,0,31,22,9,88,0,0
29274,1000000US170316118002004,34,0,23,2,0,0,11,23,0,11,34,1,15,11,4,46,2,0
29275,1000000US170316118002005,32,0,31,0,0,0,1,31,0,1,32,0,21,14,7,38,0,0
29276,1000000US170316118002006,45,1,38,0,3,0,6,39,0,6,44,0,23,19,4,78,0,0
29277,1000000US170316118002007,42,0,37,1,0,0,4,38,0,4,42,0,24,18,6,57,1,0
29278,1000000US170316118002008,59,0,49,0,0,0,10,49,0,10,59,0,25,24,1,90,0,0
29279,1000000US170316118002009,16,0,16,0,0,0,0,16,0,0,16,0,12,8,4,18,0,0
29280,1000000US170316118002010,15,1,14,0,0,0,0,15,0,0,14,0,9,9,0,26,0,0
29281,1000000US170316118002011,37,0,36,0,0,0,1,36,0,1,37,0,21,18,3,51,0,0
29282,1000000US170316119001000,11,0,11,0,0,0,0,11,0,0,11,0,6,6,0,25,0,0
29283,1000000US170316119001001,12,0,12,0,0,0,0,12,0,0,12,0,7,6,1,23,0,0
29284,1000000US170316119001002,23,0,18,0,0,0,7,16,0,7,23,0,7,7,0,35,0,2
29285,1000000US170316119001003,24,0,15,0,0,0,9,15,0,9,24,0,12,11,1,38,0,0
29286,1000000US170316119001004,7,0,7,0,0,0,0,7,0,0,7,0,7,3,4,7,0,0
29287,1000000US170316119001005,14,0,6,0,0,0,8,6,0,8,14,0,6,5,1,19,0,0
29288,1000000US170316119001006,27,0,21,2,0,0,6,21,0,6,27,3,21,14,7,51,2,0
29289,1000000US170316119001007,20,0,15,0,0,0,5,15,0,5,20,0,18,12,6,45,0,0
29290,1000000US170316119001008,18,1,0,0,0,0,17,1,0,17,17,0,11,5,6,32,0,0
29291,1000000US170316119001009,18,0,15,0,0,0,3,15,0,3,18,0,13,11,2,37,0,0
29292,1000000US170316119001010,29,0,20,0,0,0,11,18,0,11,29,0,21,16,5,57,0,2
29293,1000000US170316119001011,14,0,14,0,0,0,0,14,0,0,14,0,13,7,6,20,0,0
29294,1000000US170316119001012,7,0,5,0,0,0,2,5,0,2,7,0,3,3,0,15,0,0
29295,1000000US170316119001013,19,1,14,0,0,0,4,15,0,4,18,0,16,8,8,25,0,0
29296,1000000US170316119001014,30,0,30,0,0,0,0,30,0,0,30,0,11,10,1,41,0,0
29297,1000000US170316119001015,11,0,10,0,0,0,2,9,0,2,11,0,8,7,1,34,0,1
29298,1000000US170316119001016,30,0,24,0,0,0,6,24,0,6,30,0,19,11,8,44,0,0
29299,1000000US170316119001017,32,0,31,0,0,0,1,31,0,1,32,0,24,16,8,55,0,0
29300,1000000US170316119001018,30,0,30,0,0,0,0,30,0,0,30,0,33,15,18,74,0,0
29301,1000000US170316119001019,1,0,1,0,0,0,0,1,0,0,1,0,1,1,0,4,0,0
29302,1000000US170316119001020,30,2,28,0,0,0,0,30,0,0,28,0,24,17,7,60,0,0
29303,1000000US170316119001021,23,1,22,0,0,0,1,22,0,1,22,0,17,9,8,32,0,1
29304,1000000US170316119001022,31,0,30,0,0,0,1,30,0,1,31,0,26,15,11,57,0,0
29305,1000000US170316119001023,45,0,36,0,0,0,9,36,0,9,45,0,25,16,9,57,0,0
29306,1000000US170316119001024,38,0,38,0,0,0,0,38,0,0,38,0,20,15,5,62,0,0
29307,1000000US170316119001025,64,2,47,0,0,0,15,49,0,15,62,1,28,24,4,90,0,0
29308,1000000US170316119001026,45,0,39,0,0,0,5,40,0,5,45,1,33,23,10,64,0,0
29309,1000000US170316119001027,0,0,0,0,0,0,0,0,0,0,0,0,0,0,0,0,0,0
29310,1000000US170316119001028,6,1,5,0,0,0,0,6,0,0,5,0,6,4,2,9,0,0
29311,1000000US170316119001029,18,2,16,0,0,0,0,18,0,0,16,0,22,9,13,26,0,0
29312,1000000US170316119001030,11,0,11,0,0,0,0,11,0,0,11,0,6,6,0,23,0,0
29313,1000000US170316119001031,115,6,106,0,0,0,3,112,0,3,109,0,70,66,4,147,0,0
29314,1000000US170316119001032,39,0,35,0,0,0,5,34,0,5,39,4,30,23,7,66,0,1
29315,1000000US170316119002000,6,1,5,0,0,0,0,6,0,0,5,0,7,3,4,6,0,0
29316,1000000US170316119002001,6,0,6,0,0,0,0,6,0,0,6,0,2,2,0,7,0,0
29317,1000000US170316119002002,42,4,19,2,0,0,17,25,0,17,38,2,25,19,6,67,2,0
29318,1000000US170316119002003,0,0,0,0,0,0,0,0,0,0,0,0,0,0,0,0,0,0
29319,1000000US170316119002004,22,0,16,0,0,0,6,16,0,6,22,0,15,12,3,33,0,0
29320,1000000US170316119002005,6,0,6,0,0,0,0,6,0,0,6,0,2,2,0,11,0,0
29321,1000000US170316119002006,24,0,19,0,0,0,5,19,0,5,24,0,10,8,2,31,0,0
29322,1000000US170316119002007,0,0,0,0,0,0,0,0,0,0,0,0,0,0,0,0,0,0
29323,1000000US170316119002008,17,0,17,0,0,0,0,17,0,0,17,0,12,7,5,27,0,0
29324,1000000US170316119002009,5,0,5,0,0,0,0,5,0,0,5,0,8,3,5,5,0,0
29325,1000000US170316119002010,0,0,0,0,0,0,0,0,0,0,0,0,0,0,0,0,0,0
29326,1000000US170316119002011,28,0,26,0,0,0,2,26,0,2,28,0,20,15,5,53,0,0
29327,1000000US170316119002012,4,0,4,0,0,0,0,4,0,0,4,0,5,2,3,5,0,0
29328,1000000US170316119002013,4,0,0,0,0,0,4,0,0,4,4,0,4,2,2,9,0,0
29329,1000000US170316119002014,1,1,0,0,0,0,0,1,0,0,0,0,3,1,2,1,0,0
29330,1000000US170316119002015,0,0,0,0,0,0,0,0,0,0,0,0,0,0,0,0,0,0
29331,1000000US170316119002016,0,0,0,0,0,0,0,0,0,0,0,0,0,0,0,0,0,0
29332,1000000US170316119002017,0,0,0,0,0,0,0,0,0,0,0,0,0,0,0,0,0,0
29333,1000000US170316119002018,62,3,56,0,0,0,3,59,0,3,59,2,46,29,17,90,0,0
29334,1000000US170316119002019,44,0,44,0,0,0,0,44,0,0,44,0,26,21,5,81,0,0
29335,1000000US170316119002020,35,0,29,0,0,0,6,29,0,6,35,1,29,15,14,47,0,0
29336,1000000US170316119002021,0,0,0,0,0,0,0,0,0,0,0,0,0,0,0,0,0,0
29337,1000000US170316119002022,0,0,0,0,0,0,0,0,0,0,0,0,0,0,0,0,0,0
29338,1000000US170316119002023,0,0,0,0,0,0,0,0,0,0,0,0,0,0,0,0,0,0
29339,1000000US170316119002024,46,1,43,2,0,0,4,42,0,4,45,2,30,20,10,80,2,2
29340,1000000US170316119002025,28,0,28,0,0,0,4,24,0,4,28,0,21,16,5,45,0,4
29341,1000000US170316119002026,51,0,51,0,0,2,0,51,0,0,51,2,32,26,6,73,0,0
29342,1000000US170316119002027,0,0,0,0,0,0,0,0,0,0,0,0,0,0,0,0,0,0
29343,1000000US170316119002028,0,0,0,0,0,0,0,0,0,0,0,0,0,0,0,0,0,0
29344,1000000US170316119002029,0,0,0,0,0,0,0,0,0,0,0,0,0,0,0,0,0,0
29345,1000000US170316120001000,12,1,11,0,0,0,4,8,0,4,11,4,24,9,15,16,0,4
29346,1000000US170316120001001,37,0,37,0,0,0,0,37,0,0,37,0,20,16,4,60,0,0
29347,1000000US170316120001002,21,0,21,1,0,0,0,21,0,0,21,1,14,9,5,29,1,0
29348,1000000US170316120001003,49,0,36,2,0,0,13,36,0,13,49,2,26,20,6,68,0,0
29349,1000000US170316120001004,24,0,19,0,0,0,5,19,0,5,24,0,27,15,12,36,0,0
29350,1000000US170316120001005,0,0,0,0,0,0,0,0,0,0,0,0,0,0,0,0,0,0
29351,1000000US170316120001006,32,0,26,0,0,0,4,28,0,4,32,2,22,17,5,44,0,2
29352,1000000US170316120001007,36,0,35,0,0,0,1,35,0,1,36,0,37,23,14,48,0,0
29353,1000000US170316120001008,40,1,35,0,0,0,4,36,0,4,39,0,23,18,5,59,0,0
29354,1000000US170316120001009,39,0,38,2,1,0,1,38,0,1,39,2,20,16,4,61,1,1
29355,1000000US170316120001010,20,2,18,0,0,0,0,20,0,0,18,0,10,10,0,28,0,0
29356,1000000US170316120001011,33,0,32,0,0,0,1,32,0,1,33,0,21,18,3,45,0,0
29357,1000000US170316120001012,29,1,28,0,0,0,0,29,0,0,28,0,23,13,10,38,0,0
29358,1000000US170316120002000,0,0,0,0,0,0,0,0,0,0,0,0,0,0,0,0,0,0
29359,1000000US170316120002001,17,0,17,0,0,0,0,17,0,0,17,0,10,5,5,27,0,0
29360,1000000US170316120002002,45,1,44,0,0,0,0,45,0,0,44,0,22,12,10,89,0,0
29361,1000000US170316120002003,28,0,28,0,0,0,1,27,0,1,28,0,16,11,5,37,0,1
29362,1000000US170316120002004,26,0,24,0,0,0,3,23,0,3,26,0,21,14,7,39,0,1
29363,1000000US170316120002005,31,0,31,1,0,0,0,31,0,0,31,1,17,13,4,48,0,0
29364,1000000US170316120002006,11,0,11,0,0,0,0,11,0,0,11,0,6,6,0,15,0,0
29365,1000000US170316120002007,32,0,28,0,0,0,4,28,0,4,32,0,18,12,6,46,0,0
29366,1000000US170316120002008,21,0,21,0,0,0,0,21,0,0,21,0,14,7,7,26,0,0
29367,1000000US170316120002009,41,2,32,0,0,0,7,34,0,7,39,0,20,19,1,61,0,0
29368,1000000US170316120002010,27,0,27,0,0,0,0,27,0,0,27,0,19,16,3,35,0,0
29369,1000000US170316120002011,42,0,42,0,0,0,0,42,0,0,42,0,17,15,2,61,0,0
29370,1000000US170316120002012,33,0,33,0,0,0,0,33,0,0,33,0,21,15,6,49,0,0
29371,1000000US170316120002013,43,0,43,0,0,0,0,43,0,0,43,0,23,21,2,53,0,0
29372,1000000US170316120002014,23,0,23,0,0,0,0,23,0,0,23,0,22,13,9,50,0,0
29373,1000000US170316120002015,28,6,20,2,0,0,0,28,0,0,22,0,21,17,4,43,2,0
29374,1000000US170316120002016,36,2,33,0,0,0,1,35,0,1,34,0,24,16,8,55,0,0
29375,1000000US170316120002017,59,0,59,0,0,0,2,57,0,2,59,0,34,26,8,75,0,2
29376,1000000US170316120002018,56,0,56,0,0,0,0,56,0,0,56,1,28,17,11,62,0,0
29377,1000000US170316120002019,47,0,47,0,0,0,0,47,0,0,47,0,26,19,7,71,0,0
29378,1000000US170316120002020,21,0,21,0,0,0,0,21,0,0,21,0,15,13,2,31,0,0
29379,1000000US170316120002021,5,0,5,0,0,0,0,5,0,0,5,0,2,2,0,8,0,0
29380,1000000US170316120002022,19,0,19,0,0,0,0,19,0,0,19,0,12,8,4,21,0,0
29381,1000000US170316120002023,10,0,10,0,0,0,0,10,0,0,10,0,2,2,0,11,0,0
29382,1000000US170316121001000,0,0,0,0,0,0,0,0,0,0,0,0,0,0,0,0,0,0
29383,1000000US170316121001001,4,0,4,0,0,0,0,4,0,0,4,0,6,2,4,5,0,0
29384,1000000US170316121001002,41,0,39,0,0,0,2,39,0,2,41,0,27,18,9,63,0,0
29385,1000000US170316121001003,8,0,8,0,0,0,0,8,0,0,8,0,5,4,1,15,0,0
29386,1000000US170316121001004,21,3,16,1,0,0,1,20,0,1,18,1,10,7,3,32,1,0
29387,1000000US170316121001005,35,1,34,0,0,0,0,35,0,0,34,0,20,14,6,61,0,0
29388,1000000US170316121001006,29,0,29,0,0,0,0,29,0,0,29,0,14,12,2,41,0,0
29389,1000000US170316121001007,12,0,12,0,0,0,0,12,0,0,12,0,5,5,0,17,0,0
29390,1000000US170316121001008,40,0,40,0,0,0,0,40,0,0,40,0,23,20,3,66,0,0
29391,1000000US170316121001009,14,0,14,0,0,0,0,14,0,0,14,0,10,8,2,32,0,0
29392,1000000US170316121001010,66,0,66,0,0,0,1,65,0,1,66,2,38,25,13,79,0,1
29393,1000000US170316121001011,21,0,21,0,0,0,0,21,0,0,21,0,23,15,8,35,0,0
29394,1000000US170316121001012,41,0,41,0,0,0,2,39,0,2,41,0,24,21,3,68,0,2
29395,1000000US170316121001013,52,0,52,5,0,0,0,52,0,0,52,5,30,22,8,68,5,0
29396,1000000US170316121001014,2,1,0,0,0,0,0,2,0,0,1,1,1,1,0,2,0,0
29397,1000000US170316121001015,3,0,3,0,0,0,0,3,0,0,3,0,7,2,5,6,0,0
29398,1000000US170316121001016,7,1,6,0,0,0,0,7,0,0,6,0,5,4,1,7,0,0
29399,1000000US170316121001017,24,0,24,0,0,0,0,24,0,0,24,0,20,10,10,39,0,0
29400,1000000US170316121001018,22,0,22,0,0,0,0,22,0,0,22,0,13,11,2,41,0,0
29401,1000000US170316121001019,0,0,0,0,0,0,0,0,0,0,0,0,1,0,1,0,0,0
29402,1000000US170316121001020,0,0,0,0,0,0,0,0,0,0,0,0,0,0,0,0,0,0
29403,1000000US170316121001021,16,0,16,0,0,0,0,16,0,0,16,0,8,8,0,22,0,0
29404,1000000US170316121001022,8,0,8,0,0,0,0,8,0,0,8,0,9,6,3,11,0,0
29405,1000000US170316121001023,18,0,18,0,0,0,0,18,0,0,18,0,7,5,2,28,0,0
29406,1000000US170316121001024,7,0,7,0,0,0,0,7,0,0,7,0,3,3,0,9,0,0
29407,1000000US170316121001025,12,0,12,0,0,0,0,12,0,0,12,0,5,5,0,22,0,0
29408,1000000US170316121001026,16,3,10,0,0,0,3,13,0,3,13,0,7,7,0,25,0,0
29409,1000000US170316121001027,34,0,34,2,0,0,0,34,0,0,34,2,17,16,1,45,2,0
29410,1000000US170316121001028,25,0,25,0,0,0,0,25,0,0,25,0,16,13,3,41,0,0
29411,1000000US170316121001029,10,0,10,0,0,0,0,10,0,0,10,0,11,4,7,13,0,0
29412,1000000US170316121001030,0,0,0,0,0,0,0,0,0,0,0,0,0,0,0,0,0,0
29413,1000000US170316121001031,11,0,11,0,0,0,0,11,0,0,11,0,6,6,0,16,0,0
29414,1000000US170316121001032,3,3,0,0,0,0,0,3,0,0,0,0,3,2,1,3,0,0
29415,1000000US170316121001033,15,0,15,0,0,0,0,15,0,0,15,0,4,4,0,20,0,0
29416,1000000US170316121001034,18,0,18,0,0,0,0,18,0,0,18,0,18,11,7,27,0,0
29417,1000000US170316121001035,10,1,8,0,0,0,1,9,0,1,9,0,6,5,1,19,0,0
29418,1000000US170316121001036,18,0,17,0,0,0,2,16,0,2,18,0,9,9,0,26,0,1
29419,1000000US170316121001037,20,0,19,1,0,0,1,19,0,1,20,1,16,10,6,33,1,1
29420,1000000US170316121001038,11,0,11,0,0,0,0,11,0,0,11,0,8,7,1,17,0,0
29421,1000000US170316121001039,0,0,0,0,0,0,0,0,0,0,0,0,0,0,0,0,0,0
29422,1000000US170316121001040,22,0,21,0,0,0,0,22,0,0,22,0,17,16,1,46,0,0
29423,1000000US170316121001041,22,0,22,0,0,0,0,22,0,0,22,1,16,13,3,37,0,0
29424,1000000US170316121001042,34,0,34,0,0,0,0,34,0,0,34,1,15,13,2,51,0,0
29425,1000000US170316121001043,90,0,85,1,0,0,4,86,0,4,90,0,81,77,4,104,1,0
29426,1000000US170316121001044,8,0,8,0,0,0,0,8,0,0,8,0,4,4,0,15,0,0
29427,1000000US170316121001045,52,0,44,0,0,0,9,43,0,9,52,0,29,26,3,75,0,1
29428,1000000US170316121001046,67,2,52,0,1,0,12,55,0,12,65,1,23,19,4,88,0,0
29429,1000000US170316201001000,4,0,0,0,0,0,4,0,0,4,4,1,2,1,1,5,0,0
29430,1000000US170316201001001,13,0,1,0,8,0,4,9,0,4,13,0,8,4,4,21,0,0
29431,1000000US170316201001002,0,0,0,0,0,0,0,0,0,0,0,0,0,0,0,0,0,0
29432,1000000US170316201001003,26,2,0,0,6,0,18,8,0,18,24,1,10,10,0,39,0,0
29433,1000000US170316201001004,6,0,1,0,0,0,5,1,0,5,6,0,5,3,2,9,0,0
29434,1000000US170316201001005,59,13,0,2,0,0,46,13,0,46,46,0,20,20,0,85,2,0
29435,1000000US170316201001006,25,8,0,0,0,0,17,8,0,17,17,0,11,11,0,30,0,0
29436,1000000US170316201001007,0,0,0,0,0,0,0,0,0,0,0,0,0,0,0,0,0,0
29437,1000000US170316201001008,53,4,0,0,17,0,32,21,0,32,49,3,20,20,0,66,0,0
29438,1000000US170316201001009,0,0,0,0,0,0,0,0,0,0,0,0,0,0,0,0,0,0
29439,1000000US170316201001010,24,4,1,0,0,0,18,6,0,18,20,1,8,8,0,31,0,1
29440,1000000US170316201001011,18,6,0,0,0,0,12,6,0,12,12,0,8,7,1,25,0,0
29441,1000000US170316201001012,15,2,0,0,0,0,13,2,0,13,13,0,7,6,1,23,0,0
29442,1000000US170316201001013,30,4,0,0,0,0,26,4,0,26,26,0,9,9,0,45,0,0
29443,1000000US170316201001014,17,1,1,0,4,0,11,6,0,11,16,0,8,7,1,25,0,0
29444,1000000US170316201001015,43,8,0,0,0,0,35,8,0,35,35,0,20,19,1,58,0,0
29445,1000000US170316201001016,30,6,0,0,0,0,24,6,0,24,24,0,12,12,0,53,0,0
29446,1000000US170316201001017,39,3,3,5,2,0,32,7,0,32,36,0,16,15,1,59,5,0
29447,1000000US170316201001018,48,9,0,0,0,0,39,9,0,39,39,0,16,16,0,67,0,0
29448,1000000US170316201001019,49,5,0,0,0,0,44,5,0,44,44,3,16,16,0,73,0,0
29449,1000000US170316201001020,32,5,0,4,0,0,27,5,0,27,27,0,15,15,0,56,4,0
29450,1000000US170316201001021,39,7,0,0,2,0,30,9,0,30,32,0,14,14,0,53,0,0
29451,1000000US170316201001022,29,6,1,0,1,0,21,8,0,21,23,0,13,13,0,42,0,0
29452,1000000US170316201001023,39,11,0,1,0,0,27,12,0,27,28,0,14,14,0,52,1,0
29453,1000000US170316201001024,39,12,0,0,2,0,27,12,0,27,27,2,15,15,0,54,0,0
29454,1000000US170316201001025,42,6,0,0,0,0,36,6,0,36,36,0,13,12,1,56,0,0
29455,1000000US170316201001026,58,14,0,0,0,0,44,14,0,44,44,0,19,16,3,72,0,0
29456,1000000US170316201001027,30,11,3,0,0,0,16,14,0,16,19,1,14,13,1,38,0,0
29457,1000000US170316201001028,53,5,0,0,0,0,48,5,0,48,48,6,20,17,3,79,0,0
29458,1000000US170316201001029,3,0,0,0,0,0,3,0,0,3,3,0,1,1,0,4,0,0
29459,1000000US170316201002000,63,8,0,1,0,0,55,8,0,55,55,3,20,20,0,93,1,0
29460,1000000US170316201002001,53,14,0,0,0,0,39,14,0,39,39,2,18,17,1,70,0,0
29461,1000000US170316201002002,38,8,0,3,0,0,29,9,0,29,30,1,18,18,0,59,2,0
29462,1000000US170316201002003,33,11,0,0,0,0,22,11,0,22,22,1,17,15,2,42,0,0
29463,1000000US170316201002004,44,6,0,0,4,0,34,10,0,34,38,1,18,18,0,63,0,0
29464,1000000US170316201002005,45,9,0,0,1,0,36,9,0,36,36,2,17,17,0,68,0,0
29465,1000000US170316201002006,41,12,0,0,2,2,27,14,0,27,29,0,18,18,0,57,0,0
29466,1000000US170316201002007,39,8,0,0,0,0,31,8,0,31,31,0,20,17,3,57,0,0
29467,1000000US170316201002008,36,8,0,2,1,0,27,9,0,27,28,0,19,17,2,53,2,0
29468,1000000US170316201002009,28,17,0,0,3,0,8,20,0,8,11,0,17,16,1,41,0,0
29469,1000000US170316201002010,54,3,0,0,0,0,51,3,0,51,51,4,19,19,0,75,0,0
29470,1000000US170316201002011,58,3,0,0,0,0,55,3,0,55,55,0,23,22,1,93,0,0
29471,1000000US170316201002012,50,27,0,0,2,0,21,29,0,21,23,0,23,22,1,60,0,0
29472,1000000US170316201002013,51,13,0,3,0,0,38,13,0,38,38,0,18,18,0,71,3,0
29473,1000000US170316201002014,42,3,0,0,2,0,37,5,0,37,39,0,19,16,3,58,0,0
29474,1000000US170316201002015,62,5,0,0,0,0,57,5,0,57,57,0,19,19,0,88,0,0
29475,1000000US170316201002016,57,6,1,0,0,0,50,7,0,50,51,0,20,20,0,75,0,0
29476,1000000US170316201002017,66,2,0,0,2,0,62,4,0,62,64,4,19,19,0,97,0,0
29477,1000000US170316201002018,25,8,0,0,0,0,17,8,0,17,17,5,14,12,2,31,0,0
29478,1000000US170316201002019,28,6,0,0,0,0,22,6,0,22,22,0,13,12,1,42,0,0
29479,1000000US170316201002020,27,3,3,3,3,0,21,6,0,21,24,3,12,10,2,38,0,3
29480,1000000US170316201002021,31,6,0,0,1,0,25,6,0,25,25,1,14,14,0,45,0,0
29481,1000000US170316201002022,40,6,0,0,0,0,34,6,0,34,34,0,14,14,0,54,0,0
29482,1000000US170316201002023,45,14,0,0,0,0,31,14,0,31,31,0,15,15,0,55,0,0
29483,1000000US170316201002024,49,6,0,0,0,0,43,6,0,43,43,0,15,14,1,68,0,0
29484,1000000US170316201002025,98,2,21,0,15,0,61,37,0,61,96,1,41,41,0,163,0,1
29485,1000000US170316201002026,24,1,0,0,0,0,23,1,0,23,23,0,9,9,0,38,0,0
29486,1000000US170316201002027,35,0,0,0,0,0,35,0,0,35,35,0,10,10,0,52,0,0
29487,1000000US170316201002028,23,4,0,1,0,0,18,5,0,18,19,1,9,9,0,32,0,0
29488,1000000US170316201002029,57,8,0,0,3,0,46,11,0,46,49,5,21,21,0,84,0,0
29489,1000000US170316201002030,0,0,0,0,0,0,0,0,0,0,0,0,0,0,0,0,0,0
29490,1000000US170316201003000,104,26,17,1,0,0,61,43,0,61,78,2,66,57,9,151,1,1
29491,1000000US170316201003001,25,7,2,0,0,0,16,9,0,16,18,0,13,13,0,34,0,0
29492,1000000US170316201003002,42,9,0,0,0,0,33,9,0,33,33,2,18,17,1,66,0,0
29493,1000000US170316201003003,45,1,0,2,0,0,44,1,0,44,44,0,19,17,2,74,2,0
29494,1000000US170316201003004,25,2,0,0,0,0,23,2,0,23,23,0,10,10,0,46,0,0
29495,1000000US170316201003005,31,8,0,0,0,0,23,8,0,23,23,0,13,13,0,49,0,0
29496,1000000US170316201003006,40,7,0,0,0,0,33,7,0,33,33,3,14,14,0,55,0,0
29497,1000000US170316201003007,34,6,0,0,0,0,28,6,0,28,28,0,13,12,1,57,0,0
29498,1000000US170316201003008,34,4,0,0,0,0,30,4,0,30,30,0,15,13,2,54,0,0
29499,1000000US170316201003009,43,0,0,0,0,0,43,0,0,43,43,0,15,14,1,66,0,0
29500,1000000US170316201003010,43,5,4,0,2,0,33,10,0,33,38,0,15,14,1,57,0,0
29501,1000000US170316201003011,45,0,0,0,0,0,45,0,0,45,45,5,15,15,0,70,0,0
29502,1000000US170316201003012,40,10,0,0,0,0,30,10,0,30,30,0,14,14,0,64,0,0
29503,1000000US170316201003013,0,0,0,0,0,0,0,0,0,0,0,0,0,0,0,0,0,0
29504,1000000US170316201003014,0,0,0,0,0,0,0,0,0,0,0,0,0,0,0,0,0,0
29505,1000000US170316201003015,35,10,0,0,0,1,25,10,0,25,25,1,13,11,2,43,0,0
29506,1000000US170316201003016,26,1,0,0,0,0,25,1,0,25,25,0,8,8,0,35,0,0
29507,1000000US170316201003017,19,0,0,0,0,0,19,0,0,19,19,0,7,7,0,33,0,0
29508,1000000US170316201003018,27,4,1,0,0,0,23,4,0,23,23,0,13,13,0,43,0,1
29509,1000000US170316201003019,24,2,0,0,0,0,22,2,0,22,22,0,6,6,0,32,0,0
29510,1000000US170316201003020,30,1,0,0,1,0,28,2,0,28,29,0,13,13,0,39,0,0
29511,1000000US170316201003021,32,1,0,0,0,0,31,1,0,31,31,0,11,10,1,51,0,0
29512,1000000US170316201003022,0,0,0,0,0,0,0,0,0,0,0,0,0,0,0,0,0,0
29513,1000000US170316201003023,16,0,0,0,0,0,16,0,0,16,16,0,6,6,0,28,0,0
29514,1000000US170316202001000,0,0,0,0,0,0,0,0,0,0,0,0,0,0,0,0,0,0
29515,1000000US170316202001001,29,15,12,0,0,0,2,27,0,2,14,0,29,29,0,29,0,0
29516,1000000US170316202001002,0,0,0,0,0,0,0,0,0,0,0,0,0,0,0,0,0,0
29517,1000000US170316202001003,29,13,0,0,0,0,16,13,0,16,16,0,17,14,3,41,0,0
29518,1000000US170316202001004,46,21,2,0,0,0,23,23,0,23,25,0,17,17,0,70,0,0
29519,1000000US170316202001005,47,16,0,0,0,0,31,16,0,31,31,3,15,14,1,66,0,0
29520,1000000US170316202001006,59,21,0,0,0,0,38,21,0,38,38,0,21,18,3,83,0,0
29521,1000000US170316202001007,40,2,0,0,5,0,33,7,0,33,38,0,15,15,0,59,0,0
29522,1000000US170316202001008,33,13,0,0,0,0,19,14,0,19,20,3,14,14,0,40,0,0
29523,1000000US170316202001009,30,15,0,0,0,0,15,15,0,15,15,0,13,13,0,43,0,0
29524,1000000US170316202001010,29,12,0,0,1,0,16,13,0,16,17,0,12,12,0,36,0,0
29525,1000000US170316202001011,27,14,0,0,0,0,13,14,0,13,13,0,14,13,1,34,0,0
29526,1000000US170316202001012,32,15,0,0,0,0,17,15,0,17,17,3,15,15,0,41,0,0
29527,1000000US170316202001013,45,22,0,0,0,0,23,22,0,23,23,0,15,15,0,52,0,0
29528,1000000US170316202001014,40,9,0,0,0,0,31,9,0,31,31,0,15,15,0,58,0,0
29529,1000000US170316202001015,37,21,0,0,0,0,16,21,0,16,16,2,15,15,0,44,0,0
29530,1000000US170316202001016,32,20,0,0,0,0,12,20,0,12,12,0,15,15,0,45,0,0
29531,1000000US170316202001017,36,18,0,0,0,0,18,18,0,18,18,0,15,15,0,43,0,0
29532,1000000US170316202001018,0,0,0,0,0,0,0,0,0,0,0,0,0,0,0,0,0,0
29533,1000000US170316202001019,1,1,0,0,0,0,0,1,0,0,0,0,1,1,0,1,0,0
29534,1000000US170316202001020,40,7,0,1,0,0,33,7,0,33,33,3,19,16,3,68,1,0
29535,1000000US170316202001021,46,16,0,0,7,0,23,23,0,23,30,0,24,24,0,60,0,0
29536,1000000US170316202001022,1,1,0,0,0,0,0,1,0,0,0,0,1,1,0,1,0,0
29537,1000000US170316202001023,16,7,1,0,0,0,8,8,0,8,9,0,7,7,0,21,0,0
29538,1000000US170316202001024,44,24,0,0,2,0,18,26,0,18,20,1,31,31,0,48,0,0
29539,1000000US170316202002000,41,21,0,0,0,0,20,21,0,20,20,0,20,18,2,56,0,0
29540,1000000US170316202002001,60,24,0,0,0,0,36,24,0,36,36,2,23,23,0,76,0,0
29541,1000000US170316202002002,59,22,0,0,0,0,37,22,0,37,37,0,22,21,1,71,0,0
29542,1000000US170316202002003,39,19,0,0,0,0,20,19,0,20,20,6,18,17,1,52,0,0
29543,1000000US170316202002004,51,10,0,0,3,0,38,13,0,38,41,4,18,18,0,73,0,0
29544,1000000US170316202002005,0,0,0,0,0,0,0,0,0,0,0,0,0,0,0,0,0,0
29545,1000000US170316202002006,38,10,0,0,0,0,28,10,0,28,28,0,20,19,1,50,0,0
29546,1000000US170316202002007,108,27,7,4,2,1,74,34,0,74,81,12,53,49,4,157,4,0
29547,1000000US170316202002008,70,14,4,2,1,0,51,19,0,51,56,1,40,40,0,99,2,0
29548,1000000US170316202002009,19,10,0,0,0,0,9,10,0,9,9,0,8,7,1,26,0,0
29549,1000000US170316202002010,27,12,3,1,0,0,13,14,0,13,15,0,17,14,3,35,1,1
29550,1000000US170316202002011,0,0,0,0,0,0,0,0,0,0,0,0,0,0,0,0,0,0
29551,1000000US170316202002012,0,0,0,0,0,0,0,0,0,0,0,0,0,0,0,0,0,0
29552,1000000US170316202002013,11,7,0,3,0,3,4,7,0,4,4,4,5,5,0,13,3,0
29553,1000000US170316202002014,55,16,11,0,1,0,28,27,0,28,39,1,28,25,3,86,0,1
29554,1000000US170316202002015,69,19,5,0,0,0,45,24,0,45,50,2,29,25,4,97,0,0
29555,1000000US170316202002016,46,3,4,1,0,0,38,8,0,38,43,0,17,16,1,75,1,0
29556,1000000US170316202002017,24,7,0,0,0,1,16,8,0,16,17,1,14,12,2,36,0,0
29557,1000000US170316202002018,50,7,3,0,0,0,40,10,0,40,43,0,35,31,4,67,0,0
29558,1000000US170316202002019,46,14,0,0,2,0,30,16,0,30,32,1,26,23,3,53,0,0
29559,1000000US170316202002020,46,9,1,0,0,0,37,9,0,37,37,0,20,20,0,61,0,1
29560,1000000US170316202002021,34,8,0,0,0,0,26,8,0,26,26,4,15,15,0,57,0,0
29561,1000000US170316203001000,50,5,0,1,1,0,43,7,0,43,45,2,22,21,1,76,0,0
29562,1000000US170316203001001,19,2,0,0,0,0,17,2,0,17,17,1,11,9,2,41,0,0
29563,1000000US170316203001002,0,0,0,0,0,0,0,0,0,0,0,0,0,0,0,0,0,0
29564,1000000US170316203001003,16,2,0,0,0,0,14,2,0,14,14,0,8,8,0,21,0,0
29565,1000000US170316203001004,19,8,0,4,0,0,7,12,0,7,11,4,9,9,0,24,0,0
29566,1000000US170316203001005,58,5,0,0,10,0,43,15,0,43,53,6,16,16,0,73,0,0
29567,1000000US170316203001006,28,2,0,0,0,0,26,2,0,26,26,0,10,10,0,40,0,0
29568,1000000US170316203001007,41,16,0,0,0,0,25,16,0,25,25,0,14,14,0,48,0,0
29569,1000000US170316203001008,26,9,0,0,0,0,17,9,0,17,17,0,9,8,1,32,0,0
29570,1000000US170316203001009,47,15,0,1,0,0,31,16,0,31,32,1,14,13,1,63,0,0
29571,1000000US170316203001010,36,11,0,0,0,2,25,11,0,25,25,3,15,15,0,44,0,0
29572,1000000US170316203001011,52,13,0,1,0,0,39,13,0,39,39,0,16,16,0,74,1,0
29573,1000000US170316203001012,45,10,1,0,0,0,34,11,0,34,35,1,15,15,0,64,0,0
29574,1000000US170316203001013,23,2,0,0,0,0,21,2,0,21,21,0,8,8,0,42,0,0
29575,1000000US170316203001014,31,2,0,0,0,0,29,2,0,29,29,0,12,11,1,50,0,0
29576,1000000US170316203001015,42,7,3,0,0,0,35,7,0,35,35,2,15,15,0,73,0,3
29577,1000000US170316203001016,34,19,1,0,0,0,15,19,0,15,15,0,10,10,0,46,0,1
29578,1000000US170316203001017,7,2,0,0,0,0,5,2,0,5,5,0,2,2,0,7,0,0
29579,1000000US170316203001018,61,11,0,0,5,0,45,16,0,45,50,0,21,20,1,71,0,0
29580,1000000US170316203001019,18,6,0,0,0,0,12,6,0,12,12,0,7,7,0,31,0,0
29581,1000000US170316203001020,0,0,0,0,0,0,0,0,0,0,0,0,0,0,0,0,0,0
29582,1000000US170316203001021,40,12,0,0,0,0,28,12,0,28,28,0,18,17,1,56,0,0
29583,1000000US170316203001022,21,2,0,0,0,0,19,2,0,19,19,0,9,9,0,34,0,0
29584,1000000US170316203002000,3,1,0,0,0,0,2,1,0,2,2,0,2,2,0,8,0,0
29585,1000000US170316203002001,36,15,0,0,0,0,21,15,0,21,21,1,16,16,0,56,0,0
29586,1000000US170316203002002,48,16,0,0,0,0,32,16,0,32,32,2,21,20,1,77,0,0
29587,1000000US170316203002003,46,12,0,0,0,0,34,12,0,34,34,1,19,16,3,68,0,0
29588,1000000US170316203002004,46,7,0,4,0,0,39,7,0,39,39,0,18,17,1,64,4,0
29589,1000000US170316203002005,42,3,0,0,0,0,39,3,0,39,39,0,16,15,1,65,0,0
29590,1000000US170316203002006,59,14,0,4,3,0,45,14,0,45,45,4,24,22,2,96,4,0
29591,1000000US170316203002007,62,20,0,0,0,0,42,20,0,42,42,2,25,24,1,81,0,0
29592,1000000US170316203002008,29,10,0,0,0,0,19,10,0,19,19,1,15,14,1,45,0,0
29593,1000000US170316203002009,5,4,0,0,0,0,1,4,0,1,1,0,2,2,0,5,0,0
29594,1000000US170316203002010,0,0,0,0,0,0,0,0,0,0,0,0,0,0,0,0,0,0
29595,1000000US170316203002011,46,27,0,0,0,0,19,27,0,19,19,1,27,25,2,61,0,0
29596,1000000US170316203002012,51,12,1,0,0,0,38,13,0,38,39,1,20,19,1,68,0,0
29597,1000000US170316203002013,46,21,2,0,1,0,22,24,0,22,25,0,20,19,1,51,0,0
29598,1000000US170316203002014,45,14,1,0,0,0,30,15,0,30,31,0,27,25,2,63,0,0
29599,1000000US170316203002015,50,22,0,0,0,0,28,22,0,28,28,0,27,26,1,78,0,0
29600,1000000US170316203002016,41,21,1,0,1,0,18,23,0,18,20,0,16,16,0,52,0,0
29601,1000000US170316203002017,51,15,0,0,0,0,36,15,0,36,36,0,19,18,1,77,0,0
29602,1000000US170316203002018,37,2,3,0,0,0,32,5,0,32,35,0,17,17,0,59,0,0
29603,1000000US170316203002019,0,0,0,0,0,0,0,0,0,0,0,0,0,0,0,0,0,0
29604,1000000US170316203003000,26,6,0,2,0,0,18,8,0,18,20,0,11,11,0,42,2,0
29605,1000000US170316203003001,19,9,0,0,0,0,10,9,0,10,10,0,11,11,0,26,0,0
29606,1000000US170316203003002,40,16,0,0,0,0,24,16,0,24,24,0,15,14,1,59,0,0
29607,1000000US170316203003003,37,19,0,0,0,0,18,19,0,18,18,0,14,12,2,58,0,0
29608,1000000US170316203003004,42,22,0,1,0,0,20,22,0,20,20,0,17,16,1,50,1,0
29609,1000000US170316203003005,36,16,3,0,0,0,17,19,0,17,20,0,17,16,1,44,0,0
29610,1000000US170316203003006,58,10,0,0,0,0,48,10,0,48,48,1,28,24,4,84,0,0
29611,1000000US170316203003007,38,9,0,0,0,0,29,9,0,29,29,0,18,16,2,60,0,0
29612,1000000US170316203003008,44,25,0,0,4,0,19,25,0,19,19,3,18,18,0,55,0,0
29613,1000000US170316203003009,49,15,1,0,0,0,33,16,0,33,34,0,25,21,4,70,0,0
29614,1000000US170316203003010,45,17,0,2,0,0,27,18,0,27,28,1,22,20,2,67,1,0
29615,1000000US170316203003011,56,15,2,0,3,0,38,18,0,38,41,7,29,26,3,79,0,2
29616,1000000US170316203003012,34,2,0,0,3,0,29,5,0,29,32,2,15,15,0,51,0,0
29617,1000000US170316203003013,50,9,0,2,2,0,39,11,0,39,41,0,20,20,0,72,2,0
29618,1000000US170316203003014,45,8,0,1,0,0,36,9,0,36,37,4,20,19,1,73,0,0
29619,1000000US170316203003015,29,12,0,0,0,0,17,12,0,17,17,0,15,12,3,44,0,0
29620,1000000US170316203003016,60,16,0,0,0,0,44,16,0,44,44,0,22,22,0,91,0,0
29621,1000000US170316203003017,40,14,0,1,1,0,24,16,0,24,26,2,22,20,2,55,0,0
29622,1000000US170316203003018,8,3,0,0,0,0,5,3,0,5,5,1,7,6,1,12,0,0
29623,1000000US170316203004000,15,4,2,0,0,0,9,6,0,9,11,0,9,8,1,21,0,0
29624,1000000US170316203004001,9,7,0,0,0,0,2,7,0,2,2,0,5,5,0,9,0,0
29625,1000000US170316203004002,27,4,5,0,0,0,19,8,0,19,23,0,15,15,0,36,0,1
29626,1000000US170316203004003,52,26,0,0,0,0,26,26,0,26,26,0,21,20,1,67,0,0
29627,1000000US170316203004004,33,19,0,0,0,0,14,19,0,14,14,0,14,13,1,39,0,0
29628,1000000US170316203004005,31,7,0,0,0,0,24,7,0,24,24,0,15,14,1,43,0,0
29629,1000000US170316203004006,47,11,0,0,0,0,36,11,0,36,36,1,15,15,0,71,0,0
29630,1000000US170316203004007,80,14,3,5,0,0,63,17,0,63,66,1,30,30,0,122,5,0
29631,1000000US170316203004008,60,25,0,0,0,0,35,25,0,35,35,0,21,21,0,89,0,0
29632,1000000US170316203004009,74,10,0,3,0,0,64,10,0,64,64,0,27,22,5,106,3,0
29633,1000000US170316203004010,36,6,0,0,0,0,30,6,0,30,30,0,18,15,3,47,0,0
29634,1000000US170316203004011,42,13,0,0,1,0,28,14,0,28,29,0,17,17,0,68,0,0
29635,1000000US170316203004012,46,15,0,0,0,0,31,15,0,31,31,0,17,16,1,69,0,0
29636,1000000US170316203004013,66,25,2,6,0,0,39,27,0,39,41,11,33,28,5,97,6,0
29637,1000000US170316203004014,72,18,0,0,0,0,54,18,0,54,54,0,25,23,2,94,0,0
29638,1000000US170316203005000,0,0,0,0,0,0,0,0,0,0,0,0,0,0,0,0,0,0
29639,1000000US170316203005001,53,18,0,0,6,0,29,24,0,29,35,1,31,25,6,84,0,0
29640,1000000US170316203005002,54,21,0,0,0,0,33,21,0,33,33,0,24,21,3,69,0,0
29641,1000000US170316203005003,50,16,0,0,0,0,34,16,0,34,34,1,17,17,0,68,0,0
29642,1000000US170316203005004,34,20,0,0,0,0,14,20,0,14,14,0,18,16,2,47,0,0
29643,1000000US170316203005005,8,0,0,0,0,0,8,0,0,8,8,0,4,3,1,12,0,0
29644,1000000US170316203005006,49,10,0,0,0,0,39,10,0,39,39,0,15,15,0,71,0,0
29645,1000000US170316203005007,52,18,1,2,0,0,34,18,0,34,34,1,26,25,1,65,1,1
29646,1000000US170316203005008,47,18,2,0,0,0,27,20,0,27,29,1,29,29,0,61,0,0
29647,1000000US170316203005009,35,8,2,2,0,0,23,12,0,23,27,0,16,15,1,50,2,0
29648,1000000US170316203005010,41,6,1,0,0,0,34,7,0,34,35,1,15,13,2,54,0,0
29649,1000000US170316203005011,30,10,2,1,0,0,18,12,0,18,20,0,19,14,5,40,1,0
29650,1000000US170316203005012,39,15,0,0,2,0,22,17,0,22,24,0,17,16,1,47,0,0
29651,1000000US170316203005013,68,27,0,0,7,0,34,34,0,34,41,1,26,26,0,73,0,0
29652,1000000US170316203005014,8,6,0,0,0,0,2,6,0,2,2,0,9,6,3,10,0,0
29653,1000000US170316203005015,48,5,0,0,6,1,41,7,0,41,43,2,16,16,0,71,0,0
29654,1000000US170316203006000,36,21,1,0,0,0,15,21,0,15,15,4,20,20,0,48,0,1
29655,1000000US170316203006001,16,5,0,0,0,0,11,5,0,11,11,0,9,8,1,24,0,0
29656,1000000US170316203006002,68,33,5,2,0,0,30,38,0,30,35,3,38,37,1,83,0,0
29657,1000000US170316203006003,0,0,0,0,0,0,0,0,0,0,0,0,0,0,0,0,0,0
29658,1000000US170316203006004,42,12,0,9,0,2,30,12,0,30,30,5,16,15,1,65,9,0
29659,1000000US170316203006005,30,8,1,0,0,0,21,9,0,21,22,0,14,13,1,48,0,0
29660,1000000US170316203006006,46,11,0,0,0,0,35,11,0,35,35,0,19,17,2,78,0,0
29661,1000000US170316203006007,42,9,0,0,0,0,33,9,0,33,33,0,16,16,0,56,0,0
29662,1000000US170316203006008,39,14,0,0,0,0,25,14,0,25,25,0,15,15,0,63,0,0
29663,1000000US170316203006009,44,18,0,1,2,0,24,20,0,24,26,0,21,21,0,60,1,0
29664,1000000US170316203006010,59,22,0,0,0,0,37,22,0,37,37,0,20,20,0,87,0,0
29665,1000000US170316203006011,46,13,0,0,0,0,33,13,0,33,33,1,21,20,1,65,0,0
29666,1000000US170316203006012,54,13,0,0,0,0,41,13,0,41,41,0,20,19,1,81,0,0
29667,1000000US170316203006013,50,22,0,0,0,0,28,22,0,28,28,1,20,20,0,65,0,0
29668,1000000US170316203006014,207,85,7,4,8,3,106,101,0,106,122,13,134,120,14,252,3,0
29669,1000000US170316203006015,23,11,0,0,0,0,11,12,0,11,12,0,15,15,0,32,0,0
29670,1000000US170316203006016,33,27,1,0,0,0,6,27,0,6,6,0,21,18,3,43,0,1
29671,1000000US170316203006017,44,21,2,0,0,0,21,23,0,21,23,0,21,19,2,64,0,0
29672,1000000US170316203006018,44,13,0,0,0,0,31,13,0,31,31,0,21,18,3,69,0,0
29673,1000000US170316203006019,57,14,0,1,4,0,39,18,0,39,43,5,20,19,1,77,0,0
29674,1000000US170316203006020,40,14,0,0,0,0,26,14,0,26,26,0,23,20,3,63,0,0
29675,1000000US170316204001000,0,0,0,0,0,0,0,0,0,0,0,0,0,0,0,0,0,0
29676,1000000US170316204001001,88,8,9,1,4,0,68,20,0,68,80,4,40,37,3,130,0,0
29677,1000000US170316204001002,61,9,0,3,3,0,50,11,0,50,52,4,24,24,0,77,0,0
29678,1000000US170316204001003,61,12,0,0,0,0,49,12,0,49,49,4,22,22,0,89,0,0
29679,1000000US170316204001004,53,7,5,5,0,0,41,12,0,41,46,3,23,21,2,71,5,0
29680,1000000US170316204001005,83,9,0,0,0,0,73,10,0,73,74,7,31,28,3,124,0,0
29681,1000000US170316204001006,56,11,0,0,0,0,45,11,0,45,45,3,21,21,0,91,0,0
29682,1000000US170316204001007,46,7,1,0,0,0,38,8,0,38,39,1,19,19,0,62,0,0
29683,1000000US170316204001008,59,5,0,0,3,0,51,8,0,51,54,0,23,22,1,90,0,0
29684,1000000US170316204001009,52,5,0,0,1,0,46,6,0,46,47,0,25,21,4,77,0,0
29685,1000000US170316204001010,51,8,0,0,0,0,40,11,0,40,43,1,18,18,0,81,0,0
29686,1000000US170316204001011,49,11,0,0,0,0,38,11,0,38,38,0,21,20,1,74,0,0
29687,1000000US170316204001012,55,14,0,2,1,0,41,14,0,41,41,3,21,21,0,87,2,0
29688,1000000US170316204001013,43,6,0,2,0,0,37,6,0,37,37,0,22,21,1,79,2,0
29689,1000000US170316204001014,60,5,0,0,1,0,54,6,0,54,55,0,22,22,0,95,0,0
29690,1000000US170316204001015,58,8,0,0,0,0,50,8,0,50,50,0,19,16,3,91,0,0
29691,1000000US170316204001016,59,7,1,4,0,0,51,8,0,51,52,0,22,20,2,89,4,0
29692,1000000US170316204002000,44,1,1,4,0,0,42,2,0,42,43,0,17,16,1,73,4,0
29693,1000000US170316204002001,66,0,0,0,8,0,58,8,0,58,66,5,27,21,6,96,0,0
29694,1000000US170316204002002,84,1,0,5,0,0,83,1,0,83,83,6,24,24,0,132,5,0
29695,1000000US170316204002003,56,9,2,0,0,0,47,9,0,47,47,8,24,21,3,90,0,2
29696,1000000US170316204002004,49,6,0,0,1,0,43,6,0,43,43,1,25,22,3,88,0,0
29697,1000000US170316204002005,54,14,0,0,0,0,40,14,0,40,40,0,21,20,1,88,0,0
29698,1000000US170316204002006,81,8,0,0,0,0,73,8,0,73,73,0,29,27,2,120,0,0
29699,1000000US170316204002007,70,7,3,0,3,1,57,13,0,57,63,1,30,25,5,109,0,0
29700,1000000US170316204002008,0,0,0,0,0,0,0,0,0,0,0,0,0,0,0,0,0,0
29701,1000000US170316204002009,55,6,0,0,0,0,49,6,0,49,49,0,21,20,1,83,0,0
29702,1000000US170316204002010,44,12,0,0,3,0,32,12,0,32,32,3,17,15,2,60,0,0
29703,1000000US170316204002011,106,7,7,0,0,0,97,9,0,97,99,0,41,36,5,166,0,5
29704,1000000US170316204002012,51,7,0,0,0,0,44,7,0,44,44,4,19,19,0,85,0,0
29705,1000000US170316204002013,62,6,1,1,2,0,54,8,0,54,56,1,21,20,1,94,1,1
29706,1000000US170316204002014,78,20,2,0,0,0,56,22,0,56,58,0,35,33,2,105,0,0
29707,1000000US170316204002015,0,0,0,0,0,0,0,0,0,0,0,0,0,0,0,0,0,0
29708,1000000US170316204003000,53,7,1,1,0,0,45,8,0,45,46,0,19,19,0,87,1,0
29709,1000000US170316204003001,45,10,0,0,0,0,35,10,0,35,35,1,18,17,1,68,0,0
29710,1000000US170316204003002,48,9,2,0,0,0,37,11,0,37,39,0,15,15,0,68,0,0
29711,1000000US170316204003003,74,3,3,2,0,0,70,4,0,70,71,0,26,22,4,104,2,3
29712,1000000US170316204003004,0,0,0,0,0,0,0,0,0,0,0,0,0,0,0,0,0,0
29713,1000000US170316204003005,56,10,0,0,0,0,46,10,0,46,46,0,19,19,0,82,0,0
29714,1000000US170316204003006,59,12,1,0,0,0,46,13,0,46,47,1,22,22,0,93,0,0
29715,1000000US170316204003007,43,8,0,1,3,0,32,11,0,32,35,0,18,18,0,62,1,0
29716,1000000US170316204003008,51,13,0,0,2,0,36,15,0,36,38,0,20,20,0,73,0,0
29717,1000000US170316204003009,50,9,0,0,0,0,41,9,0,41,41,0,19,19,0,79,0,0
29718,1000000US170316204003010,45,8,0,0,0,4,37,8,0,37,37,4,16,15,1,68,0,0
29719,1000000US170316204003011,66,10,0,0,0,0,56,10,0,56,56,2,22,21,1,90,0,0
29720,1000000US170316204003012,56,5,0,0,0,0,51,5,0,51,51,0,19,18,1,93,0,0
29721,1000000US170316204003013,66,13,2,0,1,0,51,15,0,51,53,1,29,29,0,95,0,0
29722,1000000US170316204003014,36,9,0,0,0,0,27,9,0,27,27,0,16,16,0,44,0,0
29723,1000000US170316204004000,69,7,0,6,0,0,62,7,0,62,62,0,24,20,4,116,6,0
29724,1000000US170316204004001,49,4,1,0,2,0,43,6,0,43,45,0,18,18,0,74,0,1
29725,1000000US170316204004002,43,7,0,0,0,0,36,7,0,36,36,5,13,12,1,60,0,0
29726,1000000US170316204004003,55,11,0,3,0,0,44,11,0,44,44,2,22,21,1,75,3,0
29727,1000000US170316204004004,68,11,0,0,0,0,57,11,0,57,57,0,24,23,1,98,0,0
29728,1000000US170316204004005,50,6,0,0,0,0,44,6,0,44,44,1,20,19,1,79,0,0
29729,1000000US170316204004006,52,7,0,0,0,0,45,7,0,45,45,0,21,18,3,67,0,0
29730,1000000US170316204004007,57,1,0,0,0,0,56,1,0,56,56,3,20,18,2,97,0,0
29731,1000000US170316204004008,67,10,1,0,0,0,57,10,0,57,57,1,22,22,0,99,0,1
29732,1000000US170316204004009,47,2,0,0,0,0,45,2,0,45,45,5,19,17,2,72,0,0
29733,1000000US170316204004010,66,11,0,0,11,0,44,22,0,44,55,0,21,21,0,89,0,0
29734,1000000US170316204004011,56,3,0,0,0,0,53,3,0,53,53,2,19,19,0,85,0,0
29735,1000000US170316204004012,60,4,0,0,0,0,56,4,0,56,56,0,19,19,0,99,0,0
29736,1000000US170316204004013,48,13,0,0,0,0,35,13,0,35,35,3,21,19,2,64,0,0
29737,1000000US170316204004014,58,15,0,0,0,2,43,15,0,43,43,2,24,20,4,85,0,0
29738,1000000US170316204004015,27,10,0,0,0,0,17,10,0,17,17,0,9,8,1,37,0,0
29739,1000000US170316301001000,0,0,0,0,0,0,0,0,0,0,0,0,0,0,0,0,0,0
29740,1000000US170316301001001,271,16,21,1,2,0,232,39,0,232,255,4,123,105,18,435,1,1
29741,1000000US170316301001002,54,0,2,0,0,0,53,1,0,53,54,4,20,20,0,88,0,1
29742,1000000US170316301001003,19,0,0,0,0,0,19,0,0,19,19,0,10,9,1,37,0,0
29743,1000000US170316301001004,51,0,2,1,0,0,49,2,0,49,51,0,19,17,2,77,1,0
29744,1000000US170316301001005,26,0,1,0,0,0,26,0,0,26,26,0,12,12,0,46,0,1
29745,1000000US170316301001006,0,0,0,0,0,0,0,0,0,0,0,0,0,0,0,0,0,0
29746,1000000US170316301001007,2,0,0,0,0,0,2,0,0,2,2,0,1,1,0,2,0,0
29747,1000000US170316301001008,0,0,0,0,0,0,0,0,0,0,0,0,0,0,0,0,0,0
29748,1000000US170316301001009,15,1,1,1,0,0,13,2,0,13,14,1,7,7,0,22,0,0
29749,1000000US170316301001010,56,2,24,0,0,0,30,26,0,30,54,0,33,32,1,77,0,0
29750,1000000US170316301001011,22,3,5,0,0,0,19,3,0,19,19,0,8,7,1,30,0,5
29751,1000000US170316301001012,10,6,0,0,0,0,4,6,0,4,4,0,5,3,2,18,0,0
29752,1000000US170316301001013,19,0,1,0,0,0,19,0,0,19,19,0,9,7,2,35,0,1
29753,1000000US170316301001014,18,0,0,0,0,0,18,0,0,18,18,0,8,7,1,32,0,0
29754,1000000US170316301001015,34,3,20,0,1,0,15,19,0,15,31,2,22,15,7,53,0,4
29755,1000000US170316301001016,0,0,0,0,0,0,0,0,0,0,0,0,0,0,0,0,0,0
29756,1000000US170316301001017,0,0,0,0,0,0,0,0,0,0,0,0,0,0,0,0,0,0
29757,1000000US170316301001018,0,0,0,0,0,0,0,0,0,0,0,0,0,0,0,0,0,0
29758,1000000US170316301001019,0,0,0,0,0,0,0,0,0,0,0,0,0,0,0,0,0,0
29759,1000000US170316301001020,0,0,0,0,0,0,0,0,0,0,0,0,0,0,0,0,0,0
29760,1000000US170316301001021,0,0,0,0,0,0,0,0,0,0,0,0,0,0,0,0,0,0
29761,1000000US170316301001022,0,0,0,0,0,0,0,0,0,0,0,0,0,0,0,0,0,0
29762,1000000US170316301001023,47,0,31,0,0,0,16,31,0,16,47,0,18,18,0,66,0,0
29763,1000000US170316301001024,9,0,3,0,0,0,5,4,0,5,9,0,6,5,1,13,0,0
29764,1000000US170316301001025,0,0,0,0,0,0,0,0,0,0,0,0,0,0,0,0,0,0
29765,1000000US170316301001026,0,0,0,0,0,0,0,0,0,0,0,0,0,0,0,0,0,0
29766,1000000US170316301001027,0,0,0,0,0,0,0,0,0,0,0,0,0,0,0,0,0,0
29767,1000000US170316301001028,0,0,0,0,0,0,0,0,0,0,0,0,0,0,0,0,0,0
29768,1000000US170316301001029,90,6,81,0,0,0,3,87,0,3,84,1,60,50,10,125,0,0
29769,1000000US170316302001000,21,3,4,0,0,0,14,7,0,14,18,0,13,13,0,33,0,0
29770,1000000US170316302001001,101,10,2,0,0,0,90,11,0,90,91,3,43,42,1,160,0,1
29771,1000000US170316302001002,61,9,1,0,8,0,43,18,0,43,52,0,34,25,9,90,0,0
29772,1000000US170316302001003,0,0,0,0,0,0,0,0,0,0,0,0,0,0,0,0,0,0
29773,1000000US170316302001004,0,0,0,0,0,0,0,0,0,0,0,0,0,0,0,0,0,0
29774,1000000US170316302001005,0,0,0,0,0,0,0,0,0,0,0,0,0,0,0,0,0,0
29775,1000000US170316302001006,0,0,0,0,0,0,0,0,0,0,0,0,0,0,0,0,0,0
29776,1000000US170316302001007,0,0,0,0,0,0,0,0,0,0,0,0,0,0,0,0,0,0
29777,1000000US170316302001008,39,2,0,0,1,0,36,3,0,36,37,4,14,13,1,54,0,0
29778,1000000US170316302001009,19,5,0,0,2,0,12,7,0,12,14,0,10,9,1,26,0,0
29779,1000000US170316302001010,38,5,0,0,3,0,30,8,0,30,33,0,20,15,5,51,0,0
29780,1000000US170316302001011,17,0,0,0,3,0,14,3,0,14,17,0,6,6,0,23,0,0
29781,1000000US170316302001012,26,3,0,0,0,0,23,3,0,23,23,3,13,11,2,35,0,0
29782,1000000US170316302001013,46,1,0,0,2,0,43,3,0,43,45,2,21,19,2,76,0,0
29783,1000000US170316302001014,60,3,2,1,1,0,54,6,0,54,57,2,24,21,3,101,1,0
29784,1000000US170316302001015,40,5,0,0,0,0,35,5,0,35,35,0,19,17,2,66,0,0
29785,1000000US170316302001016,41,4,11,2,0,0,29,12,0,29,37,6,28,19,9,58,2,3
29786,1000000US170316302001017,0,0,0,0,0,0,0,0,0,0,0,0,0,0,0,0,0,0
29787,1000000US170316302001018,0,0,0,0,0,0,0,0,0,0,0,0,0,0,0,0,0,0
29788,1000000US170316302001019,35,3,0,0,0,0,32,3,0,32,32,1,16,15,1,52,0,0
29789,1000000US170316302001020,54,1,2,1,3,0,53,1,0,53,53,14,20,18,2,76,1,2
29790,1000000US170316302001021,45,2,0,0,0,0,43,2,0,43,43,0,20,17,3,66,0,0
29791,1000000US170316302001022,19,0,0,0,1,0,19,0,0,19,19,1,11,8,3,34,0,0
29792,1000000US170316302001023,71,7,0,0,1,0,62,9,0,62,64,7,26,25,1,98,0,0
29793,1000000US170316302001024,39,12,3,0,0,0,24,15,0,24,27,0,21,17,4,63,0,0
29794,1000000US170316302001025,71,11,1,2,0,0,57,14,0,57,60,3,27,25,2,115,0,0
29795,1000000US170316302001026,61,7,0,0,0,0,54,7,0,54,54,2,26,25,1,101,0,0
29796,1000000US170316302001027,49,2,0,0,0,0,47,2,0,47,47,0,24,21,3,73,0,0
29797,1000000US170316302001028,73,8,2,0,0,0,65,8,0,65,65,4,36,30,6,119,0,2
29798,1000000US170316302001029,52,9,1,0,0,0,42,10,0,42,43,0,28,25,3,88,0,0
29799,1000000US170316302001030,56,3,1,0,0,0,52,4,0,52,53,4,28,19,9,73,0,0
29800,1000000US170316302001031,14,3,0,0,0,0,11,3,0,11,11,0,8,8,0,22,0,0
29801,1000000US170316302001032,5,3,0,0,0,0,2,3,0,2,2,0,6,5,1,6,0,0
29802,1000000US170316302001033,12,3,0,0,0,0,9,3,0,9,9,1,9,5,4,16,0,0
29803,1000000US170316302001034,13,0,1,0,0,0,12,1,0,12,13,0,7,5,2,15,0,0
29804,1000000US170316302001035,31,0,0,0,0,0,31,0,0,31,31,0,12,10,2,47,0,0
29805,1000000US170316302001036,47,4,0,0,0,0,43,4,0,43,43,7,21,19,2,82,0,0
29806,1000000US170316302001037,11,3,0,0,0,0,8,3,0,8,8,0,6,6,0,12,0,0
29807,1000000US170316303001000,16,0,0,0,0,0,16,0,0,16,16,0,9,8,1,28,0,0
29808,1000000US170316303001001,24,6,0,0,0,0,18,6,0,18,18,0,11,11,0,28,0,0
29809,1000000US170316303001002,32,4,0,0,0,0,28,4,0,28,28,0,12,11,1,61,0,0
29810,1000000US170316303001003,36,10,6,0,0,0,20,16,0,20,26,0,33,26,7,57,0,0
29811,1000000US170316303001004,29,0,0,0,0,0,29,0,0,29,29,0,15,12,3,49,0,0
29812,1000000US170316303001005,24,0,0,0,0,0,24,0,0,24,24,0,10,8,2,43,0,0
29813,1000000US170316303001006,66,3,0,0,0,0,63,3,0,63,63,0,24,22,2,114,0,0
29814,1000000US170316303001007,65,6,1,2,0,0,59,6,0,59,59,1,21,21,0,96,2,1
29815,1000000US170316303001008,35,5,0,0,0,0,30,5,0,30,30,2,14,14,0,61,0,0
29816,1000000US170316303001009,44,2,0,1,0,0,42,2,0,42,42,2,16,15,1,71,1,0
29817,1000000US170316303001010,64,1,0,0,0,0,63,1,0,63,63,0,23,23,0,106,0,0
29818,1000000US170316303001011,25,0,1,0,0,0,25,0,0,25,25,1,12,9,3,36,0,1
29819,1000000US170316303001012,30,2,0,0,0,1,27,3,0,27,28,0,16,14,2,52,0,0
29820,1000000US170316303001013,87,6,0,0,0,0,81,6,0,81,81,0,40,37,3,147,0,0
29821,1000000US170316303001014,0,0,0,0,0,0,0,0,0,0,0,0,0,0,0,0,0,0
29822,1000000US170316303001015,0,0,0,0,0,0,0,0,0,0,0,0,0,0,0,0,0,0
29823,1000000US170316303001016,90,0,0,2,0,0,90,0,0,90,90,2,29,25,4,148,0,0
29824,1000000US170316303001017,74,3,3,0,0,0,71,3,0,71,71,7,25,22,3,121,0,3
29825,1000000US170316303001018,60,3,0,0,0,0,57,3,0,57,57,1,23,20,3,89,0,0
29826,1000000US170316303001019,50,2,0,0,0,0,48,2,0,48,48,4,20,18,2,83,0,0
29827,1000000US170316303001020,61,4,1,0,0,0,56,5,0,56,57,1,28,26,2,111,0,0
29828,1000000US170316303001021,67,7,0,2,0,2,60,7,0,60,60,3,18,17,1,95,2,0
29829,1000000US170316303001022,61,1,0,0,0,0,60,1,0,60,60,0,20,20,0,81,0,0
29830,1000000US170316303001023,58,0,0,0,0,0,58,0,0,58,58,0,20,19,1,97,0,0
29831,1000000US170316303001024,51,2,0,2,0,0,49,2,0,49,49,2,19,19,0,75,0,0
29832,1000000US170316303001025,78,4,0,0,3,0,71,7,0,71,74,0,27,26,1,130,0,0
29833,1000000US170316303001026,95,7,0,3,0,1,86,9,0,86,88,15,27,26,1,142,0,0
29834,1000000US170316303001027,68,2,3,0,4,0,59,9,0,59,66,0,28,25,3,124,0,0
29835,1000000US170316303001028,83,2,1,2,0,0,80,3,0,80,81,4,34,32,2,134,1,0
29836,1000000US170316303001029,72,3,1,0,0,0,68,4,0,68,69,0,25,23,2,116,0,0
29837,1000000US170316303002000,155,6,5,1,0,0,145,10,0,145,149,9,60,52,8,222,1,2
29838,1000000US170316303002001,0,0,0,0,0,0,0,0,0,0,0,0,0,0,0,0,0,0
29839,1000000US170316303002002,0,0,0,0,0,0,0,0,0,0,0,0,0,0,0,0,0,0
29840,1000000US170316303002003,0,0,0,0,0,0,0,0,0,0,0,0,0,0,0,0,0,0
29841,1000000US170316303002004,0,0,0,0,0,0,0,0,0,0,0,0,0,0,0,0,0,0
29842,1000000US170316303002005,0,0,0,0,0,0,0,0,0,0,0,0,0,0,0,0,0,0
29843,1000000US170316303002006,0,0,0,0,0,0,0,0,0,0,0,0,0,0,0,0,0,0
29844,1000000US170316303002007,0,0,0,0,0,0,0,0,0,0,0,0,0,0,0,0,0,0
29845,1000000US170316303002008,0,0,0,0,0,0,0,0,0,0,0,0,0,0,0,0,0,0
29846,1000000US170316303002009,54,6,1,4,1,0,47,7,0,47,48,0,20,18,2,75,4,1
29847,1000000US170316303002010,59,12,0,0,0,0,47,12,0,47,47,0,26,24,2,83,0,0
29848,1000000US170316303002011,71,2,0,6,0,0,69,2,0,69,69,5,27,26,1,128,6,0
29849,1000000US170316303002012,69,9,0,0,4,0,57,12,0,57,60,3,25,24,1,114,0,0
29850,1000000US170316303002013,93,3,3,0,0,0,88,5,0,88,90,5,45,40,5,173,0,1
29851,1000000US170316303002014,91,6,0,1,0,0,85,6,0,85,85,1,43,37,6,149,1,0
29852,1000000US170316303002015,117,1,0,0,0,3,113,4,0,113,116,0,45,45,0,202,0,0
29853,1000000US170316303002016,93,7,4,5,1,3,85,8,0,85,86,2,41,38,3,152,5,3
29854,1000000US170316303002017,55,6,17,0,0,0,32,23,0,32,49,0,33,30,3,72,0,0
29855,1000000US170316303002018,34,2,3,0,0,0,29,5,0,29,32,0,23,20,3,52,0,0
29856,1000000US170316303002019,69,4,0,0,0,0,65,4,0,65,65,0,35,29,6,125,0,0
29857,1000000US170316303002020,73,9,1,0,0,0,63,10,0,63,64,2,33,26,7,128,0,0
29858,1000000US170316303002021,90,3,3,0,0,0,87,3,0,87,87,3,34,33,1,144,0,3
29859,1000000US170316303002022,88,7,3,0,0,3,78,10,0,78,81,2,38,36,2,166,0,0
29860,1000000US170316303002023,74,2,0,0,0,0,72,2,0,72,72,12,29,26,3,116,0,0
29861,1000000US170316303002024,70,6,8,1,0,0,56,14,0,56,64,2,28,28,0,114,0,0
29862,1000000US170316303002025,58,0,0,5,0,0,58,0,0,58,58,5,19,17,2,82,5,0
29863,1000000US170316303002026,61,5,1,0,0,0,55,6,0,55,56,0,24,23,1,111,0,0
29864,1000000US170316303002027,76,8,2,0,3,0,63,13,0,63,68,3,25,25,0,108,0,0
29865,1000000US170316303002028,43,7,0,0,2,0,34,9,0,34,36,0,19,18,1,58,0,0
29866,1000000US170316303002029,17,1,0,0,0,0,16,1,0,16,16,0,5,5,0,25,0,0
29867,1000000US170316303002030,87,4,0,0,4,0,79,8,0,79,83,0,31,29,2,128,0,0
29868,1000000US170316303002031,65,6,0,3,0,0,59,6,0,59,59,2,22,21,1,89,3,0
29869,1000000US170316303002032,77,7,0,2,0,0,70,7,0,70,70,2,25,25,0,119,2,0
29870,1000000US170316303002033,28,3,0,0,0,0,25,3,0,25,25,0,9,9,0,47,0,0
29871,1000000US170316303002034,19,0,0,0,0,0,19,0,0,19,19,0,11,8,3,32,0,0
29872,1000000US170316303002035,8,1,0,0,0,0,7,1,0,7,7,0,3,3,0,12,0,0
29873,1000000US170316303002036,0,0,0,0,0,0,0,0,0,0,0,0,0,0,0,0,0,0
29874,1000000US170316303002037,0,0,0,0,0,0,0,0,0,0,0,0,0,0,0,0,0,0
29875,1000000US170316304001000,64,5,0,2,0,0,59,5,0,59,59,0,24,23,1,98,2,0
29876,1000000US170316304001001,75,0,1,0,0,0,75,0,0,75,75,1,32,26,6,132,0,1
29877,1000000US170316304001002,10,2,6,0,0,0,2,8,0,2,8,0,6,6,0,13,0,0
29878,1000000US170316304001003,6,2,0,0,2,0,2,4,0,2,4,0,3,3,0,8,0,0
29879,1000000US170316304001004,67,4,0,0,0,0,63,4,0,63,63,6,21,21,0,103,0,0
29880,1000000US170316304001005,47,3,0,0,0,0,44,3,0,44,44,0,25,19,6,77,0,0
29881,1000000US170316304001006,69,4,1,0,0,0,65,4,0,65,65,0,25,23,2,89,0,1
29882,1000000US170316304001007,67,0,0,6,0,0,67,0,0,67,67,0,26,21,5,109,6,0
29883,1000000US170316304001008,67,2,0,3,0,0,65,2,0,65,65,2,29,27,2,106,3,0
29884,1000000US170316304001009,55,18,0,0,0,0,36,19,0,36,37,1,24,22,2,85,0,0
29885,1000000US170316304001010,91,10,2,2,0,0,79,12,0,79,81,1,41,38,3,148,2,0
29886,1000000US170316304001011,72,14,0,1,0,0,58,14,0,58,58,0,30,25,5,107,1,0
29887,1000000US170316304001012,75,8,0,0,0,0,67,8,0,67,67,0,30,29,1,115,0,0
29888,1000000US170316304001013,54,5,0,0,0,0,49,5,0,49,49,0,15,15,0,75,0,0
29889,1000000US170316304001014,53,2,0,0,1,0,51,2,0,51,51,0,24,22,2,89,0,0
29890,1000000US170316304001015,74,8,0,0,0,0,66,8,0,66,66,0,28,24,4,114,0,0
29891,1000000US170316304001016,72,10,0,0,0,0,62,10,0,62,62,0,22,21,1,118,0,0
29892,1000000US170316304001017,70,0,0,0,0,0,70,0,0,70,70,0,22,22,0,114,0,0
29893,1000000US170316304001018,16,2,0,0,0,0,14,2,0,14,14,0,12,10,2,31,0,0
29894,1000000US170316304002000,55,2,0,1,2,0,51,4,0,51,53,1,24,24,0,88,1,0
29895,1000000US170316304002001,74,2,0,0,0,0,72,2,0,72,72,0,22,20,2,99,0,0
29896,1000000US170316304002002,61,7,0,0,0,0,54,7,0,54,54,0,21,19,2,97,0,0
29897,1000000US170316304002003,78,12,0,0,0,0,66,12,0,66,66,0,31,28,3,100,0,0
29898,1000000US170316304002004,43,4,0,0,0,0,39,4,0,39,39,0,18,16,2,73,0,0
29899,1000000US170316304002005,105,8,0,0,0,0,97,8,0,97,97,6,35,31,4,167,0,0
29900,1000000US170316304002006,76,2,0,0,2,0,73,3,0,73,74,0,30,26,4,114,0,0
29901,1000000US170316304002007,86,4,0,0,0,0,82,4,0,82,82,2,32,31,1,130,0,0
29902,1000000US170316304002008,45,1,0,0,0,0,44,1,0,44,44,0,14,14,0,87,0,0
29903,1000000US170316304002009,65,3,0,0,0,0,62,3,0,62,62,0,22,20,2,102,0,0
29904,1000000US170316304002010,39,6,0,0,0,0,33,6,0,33,33,0,22,18,4,58,0,0
29905,1000000US170316304002011,39,14,0,0,0,0,25,14,0,25,25,0,16,15,1,54,0,0
29906,1000000US170316304002012,42,4,0,4,0,0,38,4,0,38,38,1,14,14,0,61,4,0
29907,1000000US170316304002013,56,8,0,0,0,0,48,8,0,48,48,0,19,16,3,78,0,0
29908,1000000US170316304002014,34,3,0,0,0,0,31,3,0,31,31,0,15,14,1,54,0,0
29909,1000000US170316304002015,84,4,6,1,1,0,73,11,0,73,80,0,35,33,2,126,1,0
29910,1000000US170316304002016,0,0,0,0,0,0,0,0,0,0,0,0,0,0,0,0,0,0
29911,1000000US170316304002017,28,0,0,0,0,0,28,0,0,28,28,0,8,7,1,34,0,0
29912,1000000US170316304002018,20,8,0,0,0,0,12,8,0,12,12,0,7,7,0,26,0,0
29913,1000000US170316304002019,19,0,1,0,0,0,18,1,0,18,19,0,11,9,2,27,0,0
29914,1000000US170316304003000,70,7,0,0,0,1,63,7,0,63,63,1,32,28,4,102,0,0
29915,1000000US170316304003001,59,5,0,0,0,0,54,5,0,54,54,3,17,17,0,91,0,0
29916,1000000US170316304003002,13,0,0,0,0,0,13,0,0,13,13,2,4,4,0,16,0,0
29917,1000000US170316304003003,78,1,0,0,0,0,77,1,0,77,77,0,30,30,0,114,0,0
29918,1000000US170316304003004,83,1,2,0,0,0,80,3,0,80,82,0,31,28,3,141,0,0
29919,1000000US170316304003005,99,0,0,0,0,0,99,0,0,99,99,0,26,26,0,142,0,0
29920,1000000US170316304003006,66,0,0,0,0,0,66,0,0,66,66,3,26,19,7,112,0,0
29921,1000000US170316304003007,3,0,0,0,0,0,3,0,0,3,3,0,1,1,0,4,0,0
29922,1000000US170316304003008,85,5,4,0,0,0,80,5,0,80,80,4,29,29,0,125,0,4
29923,1000000US170316304003009,70,9,0,0,0,0,61,9,0,61,61,0,33,27,6,103,0,0
29924,1000000US170316304003010,74,3,0,1,0,0,71,3,0,71,71,2,33,30,3,138,1,0
29925,1000000US170316304003011,71,1,0,0,0,0,70,1,0,70,70,3,24,23,1,102,0,0
29926,1000000US170316304003012,76,11,1,1,0,0,65,11,0,65,65,6,30,29,1,121,1,1
29927,1000000US170316304003013,84,8,2,0,0,0,74,10,0,74,76,2,32,30,2,148,0,0
29928,1000000US170316304003014,2,0,0,0,0,0,2,0,0,2,2,0,1,1,0,6,0,0
29929,1000000US170316304003015,0,0,0,0,0,0,0,0,0,0,0,0,0,0,0,0,0,0
29930,1000000US170316304003016,68,0,0,0,0,0,68,0,0,68,68,0,18,18,0,105,0,0
29931,1000000US170316304003017,88,5,0,0,0,0,83,5,0,83,83,0,32,29,3,122,0,0
29932,1000000US170316304003018,80,10,3,0,0,0,67,13,0,67,70,1,38,34,4,124,0,0
29933,1000000US170316304003019,60,13,2,0,0,0,45,15,0,45,47,0,28,27,1,93,0,0
29934,1000000US170316304004000,0,0,0,0,0,0,0,0,0,0,0,0,0,0,0,0,0,0
29935,1000000US170316304004001,0,0,0,0,0,0,0,0,0,0,0,0,0,0,0,0,0,0
29936,1000000US170316304004002,6,0,0,0,0,0,6,0,0,6,6,0,2,2,0,6,0,0
29937,1000000US170316304004003,6,2,0,0,0,0,4,2,0,4,4,0,3,3,0,9,0,0
29938,1000000US170316304004004,25,3,1,1,0,0,22,3,0,22,22,1,11,10,1,38,1,1
29939,1000000US170316304004005,53,3,0,6,0,2,50,3,0,50,50,4,27,20,7,84,6,0
29940,1000000US170316304004006,58,7,0,0,0,0,51,7,0,51,51,0,28,25,3,81,0,0
29941,1000000US170316304004007,71,2,0,0,0,0,69,2,0,69,69,2,21,20,1,109,0,0
29942,1000000US170316304004008,77,1,1,3,0,2,76,1,0,76,76,0,34,31,3,124,3,1
29943,1000000US170316304004009,84,6,0,0,0,0,78,6,0,78,78,5,38,36,2,141,0,0
29944,1000000US170316304004010,64,0,0,1,0,0,63,1,0,63,64,0,29,25,4,99,1,0
29945,1000000US170316304004011,77,2,1,1,0,0,75,2,0,75,75,10,34,29,5,120,1,1
29946,1000000US170316304004012,77,3,1,0,0,0,73,4,0,73,74,0,36,30,6,126,0,0
29947,1000000US170316304004013,100,5,0,0,0,0,95,5,0,95,95,4,40,38,2,162,0,0
29948,1000000US170316304004014,81,1,0,0,0,0,79,2,0,79,80,1,34,30,4,124,0,0
29949,1000000US170316304004015,82,13,0,1,0,0,68,14,0,68,69,1,35,34,1,122,0,0
29950,1000000US170316304004016,70,20,1,0,0,0,49,21,0,49,50,0,28,26,2,123,0,0
29951,1000000US170316304004017,84,2,1,5,0,0,81,3,0,81,82,8,37,31,6,135,4,0
29952,1000000US170316304004018,96,0,0,0,0,0,96,0,0,96,96,0,36,34,2,159,0,0
29953,1000000US170316304004019,65,6,3,4,2,0,55,10,0,55,59,4,34,32,2,106,3,0
29954,1000000US170316305001000,5,1,0,0,0,0,4,1,0,4,4,0,4,3,1,7,0,0
29955,1000000US170316305001001,13,2,0,0,0,0,11,2,0,11,11,0,6,6,0,17,0,0
29956,1000000US170316305001002,27,2,0,0,0,0,25,2,0,25,25,0,18,13,5,49,0,0
29957,1000000US170316305001003,37,2,0,0,0,0,35,2,0,35,35,0,15,14,1,55,0,0
29958,1000000US170316305001004,29,0,0,2,0,0,29,0,0,29,29,0,14,12,2,47,2,0
29959,1000000US170316305001005,61,2,0,0,0,0,59,2,0,59,59,0,23,21,2,108,0,0
29960,1000000US170316305001006,51,11,0,0,0,0,40,11,0,40,40,0,22,18,4,80,0,0
29961,1000000US170316305001007,60,2,0,0,0,0,58,2,0,58,58,0,25,23,2,99,0,0
29962,1000000US170316305001008,50,2,1,0,0,0,48,2,0,48,48,1,25,22,3,87,0,1
29963,1000000US170316305001009,63,5,0,0,5,0,58,5,0,58,58,0,19,19,0,94,0,0
29964,1000000US170316305001010,94,7,0,0,0,0,87,7,0,87,87,0,40,34,6,144,0,0
29965,1000000US170316305001011,15,1,2,0,0,0,12,3,0,12,14,2,13,10,3,25,0,0
29966,1000000US170316305001012,88,2,4,0,4,0,86,2,0,86,86,15,38,34,4,132,0,4
29967,1000000US170316305001013,79,6,4,0,8,0,61,18,0,61,73,1,32,30,2,123,0,0
29968,1000000US170316305001014,88,3,7,1,0,0,82,6,0,82,85,3,40,30,10,130,1,4
29969,1000000US170316305001015,95,11,0,0,0,0,84,11,0,84,84,3,32,29,3,138,0,0
29970,1000000US170316305001016,56,2,0,0,0,0,54,2,0,54,54,3,23,21,2,94,0,0
29971,1000000US170316305001017,57,0,0,5,0,0,57,0,0,57,57,6,19,18,1,92,4,0
29972,1000000US170316305001018,95,3,2,1,2,0,91,4,0,91,92,6,38,36,2,161,1,1
29973,1000000US170316305001019,110,0,1,0,0,0,110,0,0,110,110,9,38,35,3,181,0,1
29974,1000000US170316305002000,6,0,0,0,0,0,6,0,0,6,6,1,1,1,0,9,0,0
29975,1000000US170316305002001,66,4,16,0,0,0,46,20,0,46,62,0,24,24,0,98,0,0
29976,1000000US170316305002002,71,3,1,0,0,0,68,3,0,68,68,0,27,26,1,110,0,1
29977,1000000US170316305002003,92,2,5,1,0,0,86,6,0,86,90,3,34,29,5,146,1,1
29978,1000000US170316305002004,85,9,8,1,0,0,68,17,0,68,76,4,39,35,4,130,1,0
29979,1000000US170316305002005,114,13,5,2,0,0,94,20,0,94,101,6,46,40,6,169,2,0
29980,1000000US170316305002006,94,0,10,0,0,0,86,8,0,86,94,3,41,33,8,160,0,2
29981,1000000US170316305002007,110,6,12,3,3,0,89,21,0,89,104,4,45,41,4,184,3,0
29982,1000000US170316305002008,42,2,3,1,0,0,37,5,0,37,40,0,19,19,0,62,1,0
29983,1000000US170316305002009,38,1,0,1,0,0,37,1,0,37,37,0,12,11,1,65,1,0
29984,1000000US170316305002010,46,0,5,0,2,0,41,5,0,41,46,0,19,18,1,78,0,0
29985,1000000US170316305002011,18,3,0,0,0,0,15,3,0,15,15,0,7,4,3,21,0,0
29986,1000000US170316305002012,32,8,3,0,0,0,23,9,0,23,24,0,17,13,4,47,0,2
29987,1000000US170316305002013,28,7,6,0,0,0,15,13,0,15,21,1,14,12,2,36,0,0
29988,1000000US170316305002014,0,0,0,0,0,0,0,0,0,0,0,0,0,0,0,0,0,0
29989,1000000US170316305002015,29,0,0,0,0,0,29,0,0,29,29,0,10,9,1,45,0,0
29990,1000000US170316305002016,0,0,0,0,0,0,0,0,0,0,0,0,0,0,0,0,0,0
29991,1000000US170316305003000,77,7,1,0,0,0,70,7,0,70,70,10,27,25,2,115,0,1
29992,1000000US170316305003001,82,3,0,3,0,0,79,3,0,79,79,0,30,27,3,137,3,0
29993,1000000US170316305003002,57,12,0,0,0,0,45,12,0,45,45,0,31,25,6,82,0,0
29994,1000000US170316305003003,83,0,1,0,0,0,83,0,0,83,83,3,34,29,5,147,0,1
29995,1000000US170316305003004,78,10,0,0,0,0,68,10,0,68,68,0,29,26,3,114,0,0
29996,1000000US170316305003005,77,5,1,0,0,0,71,6,0,71,72,2,33,32,1,121,0,0
29997,1000000US170316305003006,93,10,0,0,0,0,83,10,0,83,83,5,37,33,4,142,0,0
29998,1000000US170316305003007,54,7,0,0,1,0,46,8,0,46,47,0,32,29,3,92,0,0
29999,1000000US170316305003008,63,4,0,0,0,0,59,4,0,59,59,0,24,21,3,90,0,0
30000,1000000US170316305003009,62,1,4,3,0,0,57,5,0,57,61,0,23,22,1,116,3,0
30001,1000000US170316305003010,82,0,1,0,0,0,82,0,0,82,82,1,27,24,3,120,0,1
30002,1000000US170316305003011,75,11,5,0,0,0,59,16,0,59,64,0,34,29,5,98,0,0
30003,1000000US170316305003012,2,2,0,0,0,0,0,2,0,0,0,0,0,0,0,2,0,0
30004,1000000US170316305003013,60,0,3,0,0,0,57,3,0,57,60,0,21,19,2,96,0,0
30005,1000000US170316305003014,48,0,3,0,0,0,44,4,0,44,48,2,21,19,2,83,0,1
30006,1000000US170316305003015,43,1,0,2,0,0,42,1,0,42,42,2,15,15,0,61,2,0
30007,1000000US170316305003016,32,2,0,0,0,0,30,2,0,30,30,0,14,12,2,49,0,0
30008,1000000US170316305003017,0,0,0,0,0,0,0,0,0,0,0,0,0,0,0,0,0,0
30009,1000000US170316305004000,17,2,0,0,0,0,15,2,0,15,15,0,9,6,3,18,0,0
30010,1000000US170316305004001,11,3,0,0,0,0,8,3,0,8,8,0,5,5,0,13,0,0
30011,1000000US170316305004002,24,0,1,0,0,0,24,0,0,24,24,2,13,12,1,44,0,1
30012,1000000US170316305004003,19,4,0,0,0,0,15,4,0,15,15,0,8,8,0,31,0,0
30013,1000000US170316305004004,22,6,3,0,0,0,13,9,0,13,16,2,6,6,0,37,0,0
30014,1000000US170316305004005,21,3,0,0,0,0,18,3,0,18,18,0,7,6,1,30,0,0
30015,1000000US170316305004006,69,4,0,3,0,0,65,4,0,65,65,1,24,22,2,94,3,0
30016,1000000US170316305004007,55,14,0,0,0,0,41,14,0,41,41,0,21,20,1,77,0,0
30017,1000000US170316305004008,85,1,0,0,0,0,84,1,0,84,84,0,30,28,2,139,0,0
30018,1000000US170316305004009,72,0,1,0,0,0,72,0,0,72,72,0,29,26,3,106,0,1
30019,1000000US170316305004010,65,5,0,0,0,0,60,5,0,60,60,0,24,21,3,100,0,0
30020,1000000US170316305004011,57,2,0,0,0,0,55,2,0,55,55,0,23,21,2,106,0,0
30021,1000000US170316305004012,0,0,0,0,0,0,0,0,0,0,0,0,0,0,0,0,0,0
30022,1000000US170316305004013,103,8,0,4,0,0,94,9,0,94,95,3,31,30,1,165,4,0
30023,1000000US170316305004014,61,9,0,0,2,0,52,9,0,52,52,2,26,24,2,96,0,0
30024,1000000US170316305004015,70,5,0,4,0,0,65,5,0,65,65,0,31,26,5,105,4,0
30025,1000000US170316305004016,61,7,0,1,0,0,53,8,0,53,54,1,29,24,5,94,0,0
30026,1000000US170316305004017,75,6,5,1,0,0,64,11,0,64,69,5,31,31,0,123,1,0
30027,1000000US170316305004018,69,2,3,3,0,0,67,2,0,67,67,3,27,27,0,98,3,3
30028,1000000US170316308001000,8,0,0,0,0,0,8,0,0,8,8,0,6,4,2,10,0,0
30029,1000000US170316308001001,34,0,5,1,0,0,29,5,0,29,34,0,13,12,1,54,1,0
30030,1000000US170316308001002,36,1,0,0,0,0,35,1,0,35,35,0,8,8,0,53,0,0
30031,1000000US170316308001003,36,5,7,0,0,0,24,12,0,24,31,0,12,11,1,48,0,0
30032,1000000US170316308001004,70,3,27,0,0,0,40,30,0,40,67,2,27,27,0,112,0,0
30033,1000000US170316308001005,58,0,0,0,0,0,58,0,0,58,58,0,27,21,6,88,0,0
30034,1000000US170316308001006,48,3,7,0,0,0,39,9,0,39,45,0,28,26,2,91,0,1
30035,1000000US170316308001007,28,3,2,0,0,0,22,6,0,22,25,1,7,7,0,42,0,0
30036,1000000US170316308001008,3,0,2,0,0,0,1,2,0,1,3,1,2,2,0,4,0,0
30037,1000000US170316308001009,73,2,0,1,0,0,71,2,0,71,71,0,25,22,3,124,1,0
30038,1000000US170316308001010,51,2,0,0,0,0,49,2,0,49,49,0,17,15,2,69,0,0
30039,1000000US170316308001011,64,5,0,0,1,0,58,6,0,58,59,4,27,26,1,100,0,0
30040,1000000US170316308001012,65,4,0,0,0,0,61,4,0,61,61,0,26,22,4,101,0,0
30041,1000000US170316308001013,47,4,10,0,0,0,43,4,0,43,43,11,19,17,2,72,0,10
30042,1000000US170316308001014,69,7,0,1,0,0,62,7,0,62,62,0,26,25,1,113,1,0
30043,1000000US170316308001015,38,6,0,0,0,0,32,6,0,32,32,0,15,15,0,55,0,0
30044,1000000US170316308001016,71,1,7,4,0,0,69,2,0,69,70,4,20,18,2,113,2,6
30045,1000000US170316308001017,34,1,0,0,0,0,33,1,0,33,33,1,15,13,2,56,0,0
30046,1000000US170316308001018,51,14,0,0,0,0,37,14,0,37,37,0,19,19,0,76,0,0
30047,1000000US170316308001019,59,4,0,0,0,0,51,8,0,51,55,7,16,16,0,81,0,0
30048,1000000US170316308001020,38,6,0,0,0,0,32,6,0,32,32,5,14,12,2,48,0,0
30049,1000000US170316308001021,58,2,4,0,4,0,48,10,0,48,56,4,15,14,1,91,0,0
30050,1000000US170316308001022,51,7,0,0,0,0,44,7,0,44,44,0,18,18,0,86,0,0
30051,1000000US170316308001023,48,2,1,0,0,0,45,3,0,45,46,0,17,16,1,69,0,0
30052,1000000US170316308002000,65,5,0,2,0,0,59,6,0,59,60,7,22,22,0,94,2,0
30053,1000000US170316308002001,71,3,0,0,0,0,68,3,0,68,68,7,24,23,1,132,0,0
30054,1000000US170316308002002,49,3,0,0,0,0,46,3,0,46,46,0,16,13,3,74,0,0
30055,1000000US170316308002003,63,0,0,0,5,0,58,5,0,58,63,6,17,17,0,97,0,0
30056,1000000US170316308002004,78,3,10,3,2,0,65,13,0,65,75,1,30,29,1,120,3,1
30057,1000000US170316308002005,97,5,8,0,4,0,81,16,0,81,92,3,34,32,2,151,0,0
30058,1000000US170316308002006,89,4,0,2,0,0,85,4,0,85,85,2,22,22,0,123,2,0
30059,1000000US170316308002007,85,3,17,0,3,0,66,19,0,66,82,1,40,38,2,122,0,1
30060,1000000US170316308002008,72,5,2,2,1,0,65,7,0,65,67,1,28,28,0,112,2,1
30061,1000000US170316308002009,94,3,4,0,0,0,91,3,0,91,91,4,23,23,0,136,0,4
30062,1000000US170316308002010,95,3,11,0,1,1,86,9,0,86,92,4,40,35,5,143,0,6
30063,1000000US170316308002011,87,1,6,2,0,0,80,7,0,80,86,0,32,29,3,128,2,1
30064,1000000US170316308002012,73,4,4,0,0,0,65,8,0,65,69,0,34,31,3,115,0,0
30065,1000000US170316308002013,87,1,0,0,0,0,86,1,0,86,86,5,33,32,1,144,0,0
30066,1000000US170316308002014,87,8,8,0,0,0,71,16,0,71,79,0,30,30,0,135,0,0
30067,1000000US170316308002015,7,0,0,0,0,0,7,0,0,7,7,0,4,4,0,19,0,0
30068,1000000US170316308002016,44,1,0,0,0,0,43,1,0,43,43,0,12,12,0,75,0,0
30069,1000000US170316308003000,84,7,0,5,0,0,77,7,0,77,77,10,30,29,1,118,5,0
30070,1000000US170316308003001,51,5,0,0,0,0,46,5,0,46,46,1,22,22,0,97,0,0
30071,1000000US170316308003002,75,6,1,0,0,0,68,7,0,68,69,3,21,21,0,106,0,0
30072,1000000US170316308003003,68,9,2,0,0,0,59,9,0,59,59,2,22,22,0,113,0,2
30073,1000000US170316308003004,35,3,1,0,0,0,31,4,0,31,32,2,21,17,4,48,0,0
30074,1000000US170316308003005,71,13,3,0,0,0,58,13,0,58,58,2,22,21,1,99,0,3
30075,1000000US170316308003006,83,2,1,0,1,0,80,3,0,80,81,8,29,28,1,131,0,0
30076,1000000US170316308003007,68,2,3,0,1,0,62,6,0,62,66,0,24,24,0,104,0,0
30077,1000000US170316308003008,60,2,5,0,1,0,53,7,0,53,58,0,29,24,5,91,0,1
30078,1000000US170316308003009,93,1,2,2,0,0,90,3,0,90,92,0,31,31,0,157,2,0
30079,1000000US170316308003010,72,2,7,0,0,0,65,7,0,65,70,0,28,25,3,127,0,2
30080,1000000US170316308003011,81,15,5,4,0,0,62,19,0,62,66,0,29,27,2,118,4,1
30081,1000000US170316308003012,57,3,0,6,0,0,54,3,0,54,54,0,21,21,0,87,6,0
30082,1000000US170316308003013,75,0,0,0,0,0,75,0,0,75,75,5,22,22,0,127,0,0
30083,1000000US170316308003014,0,0,0,0,0,0,0,0,0,0,0,0,0,0,0,0,0,0
30084,1000000US170316308003015,56,6,0,6,0,0,50,6,0,50,50,5,15,15,0,86,6,0
30085,1000000US170316308003016,55,2,0,0,1,0,53,2,0,53,53,1,15,14,1,89,0,0
30086,1000000US170316308004000,48,1,6,0,0,0,41,7,0,41,47,0,16,14,2,69,0,0
30087,1000000US170316308004001,45,5,0,0,0,0,40,5,0,40,40,0,18,16,2,70,0,0
30088,1000000US170316308004002,40,3,2,0,0,0,35,5,0,35,37,0,15,14,1,66,0,0
30089,1000000US170316308004003,62,5,3,0,0,0,54,8,0,54,57,1,25,23,2,92,0,0
30090,1000000US170316308004004,43,2,4,2,0,0,36,7,0,36,41,2,15,15,0,61,0,1
30091,1000000US170316308004005,64,0,0,0,0,0,64,0,0,64,64,0,16,16,0,83,0,0
30092,1000000US170316308004006,50,2,6,0,0,0,47,3,0,47,48,5,15,14,1,82,0,5
30093,1000000US170316308004007,114,7,17,0,0,0,90,24,0,90,107,2,53,48,5,170,0,0
30094,1000000US170316308004008,77,3,2,0,0,0,72,5,0,72,74,4,24,22,2,113,0,0
30095,1000000US170316308004009,67,1,8,0,0,0,59,8,0,59,66,4,35,34,1,111,0,1
30096,1000000US170316308004010,44,6,1,1,1,0,38,6,0,38,38,4,16,15,1,72,0,1
30097,1000000US170316308004011,48,2,0,0,0,0,46,2,0,46,46,0,20,17,3,63,0,0
30098,1000000US170316308004012,67,4,1,2,0,0,62,5,0,62,63,0,26,25,1,105,2,0
30099,1000000US170316308004013,92,1,2,0,0,0,89,3,0,89,91,0,33,29,4,123,0,0
30100,1000000US170316308004014,55,1,9,0,0,0,49,6,0,49,54,0,23,22,1,88,0,4
30101,1000000US170316308004015,0,0,0,0,0,0,0,0,0,0,0,0,0,0,0,0,0,0
30102,1000000US170316308004016,46,1,30,1,2,0,13,33,0,13,45,0,28,27,1,56,1,1
30103,1000000US170316308004017,53,0,21,0,3,0,29,24,0,29,53,0,34,31,3,85,0,0
30104,1000000US170316308004018,14,1,5,0,0,0,8,6,0,8,13,0,8,8,0,22,0,0
30105,1000000US170316308004019,61,2,12,0,0,0,46,15,0,46,59,1,27,26,1,93,0,0
30106,1000000US170316308004020,33,1,26,0,0,0,6,27,0,6,32,0,19,19,0,48,0,0
30107,1000000US170316308004021,12,1,10,0,0,0,1,11,0,1,11,0,11,11,0,21,0,0
30108,1000000US170316308004022,28,7,4,2,5,0,15,13,0,15,21,4,25,20,5,31,2,0
30109,1000000US170316308004023,3,0,0,0,0,0,3,0,0,3,3,0,2,2,0,9,0,0
30110,1000000US170316309001000,10,3,1,1,0,0,7,3,0,7,7,3,0,0,0,10,1,1
30111,1000000US170316309001001,20,3,0,0,0,0,17,3,0,17,17,0,8,7,1,33,0,0
30112,1000000US170316309001002,14,0,0,0,0,0,14,0,0,14,14,3,4,4,0,18,0,0
30113,1000000US170316309001003,22,2,1,0,1,0,18,4,0,18,20,1,18,16,2,29,0,0
30114,1000000US170316309001004,86,5,10,0,1,0,71,15,0,71,81,1,36,34,2,131,0,1
30115,1000000US170316309001005,22,5,1,0,0,0,16,6,0,16,17,0,9,9,0,38,0,0
30116,1000000US170316309001006,33,7,4,0,0,0,24,9,0,24,26,0,23,17,6,51,0,2
30117,1000000US170316309001007,68,1,10,0,0,0,66,2,0,66,67,5,27,25,2,103,0,9
30118,1000000US170316309001008,80,5,5,3,0,0,72,8,0,72,75,3,36,36,0,133,3,2
30119,1000000US170316309001009,54,3,0,0,0,0,51,3,0,51,51,0,17,16,1,78,0,0
30120,1000000US170316309001010,67,7,0,2,0,0,60,7,0,60,60,2,23,23,0,98,2,0
30121,1000000US170316309001011,67,0,0,0,2,0,65,2,0,65,67,1,26,26,0,106,0,0
30122,1000000US170316309001012,80,5,3,2,0,0,72,8,0,72,75,2,35,32,3,129,2,0
30123,1000000US170316309001013,82,5,1,0,0,0,77,5,0,77,77,0,38,33,5,124,0,1
30124,1000000US170316309001014,80,2,0,0,0,0,77,3,0,77,78,1,26,26,0,148,0,0
30125,1000000US170316309001015,60,4,0,0,0,0,56,4,0,56,56,0,21,21,0,92,0,0
30126,1000000US170316309001016,2,0,0,0,0,0,2,0,0,2,2,0,1,1,0,4,0,0
30127,1000000US170316309001017,46,0,20,3,3,0,23,23,0,23,46,0,23,23,0,61,3,0
30128,1000000US170316309001018,61,10,0,2,0,0,49,12,0,49,51,2,16,16,0,87,2,0
30129,1000000US170316309001019,64,8,0,0,0,0,56,8,0,56,56,4,23,23,0,114,0,0
30130,1000000US170316309001020,76,3,0,0,0,0,73,3,0,73,73,2,29,27,2,125,0,0
30131,1000000US170316309001021,65,9,0,6,0,1,56,9,0,56,56,8,22,20,2,104,5,0
30132,1000000US170316309002000,79,6,2,2,0,0,71,8,0,71,73,7,34,31,3,117,2,0
30133,1000000US170316309002001,50,2,0,6,0,0,48,2,0,48,48,0,17,16,1,73,6,0
30134,1000000US170316309002002,74,7,1,0,0,0,67,7,0,67,67,0,21,20,1,103,0,1
30135,1000000US170316309002003,53,4,0,0,1,0,48,5,0,48,49,0,15,15,0,80,0,0
30136,1000000US170316309002004,0,0,0,0,0,0,0,0,0,0,0,0,0,0,0,0,0,0
30137,1000000US170316309002005,49,9,0,0,0,0,40,9,0,40,40,0,23,19,4,69,0,0
30138,1000000US170316309002006,61,6,0,0,0,0,55,6,0,55,55,0,21,18,3,97,0,0
30139,1000000US170316309002007,58,5,0,0,0,0,53,5,0,53,53,4,20,19,1,83,0,0
30140,1000000US170316309002008,53,0,0,0,0,0,53,0,0,53,53,1,16,16,0,96,0,0
30141,1000000US170316309002009,62,9,0,0,0,0,53,9,0,53,53,0,24,21,3,102,0,0
30142,1000000US170316309002010,70,1,2,4,0,0,69,1,0,69,69,0,24,23,1,129,4,2
30143,1000000US170316309002011,66,4,0,0,1,0,62,4,0,62,62,2,18,18,0,101,0,0
30144,1000000US170316309002012,178,21,9,1,0,2,147,31,0,147,157,5,71,71,0,285,1,0
30145,1000000US170316309002013,0,0,0,0,0,0,0,0,0,0,0,0,0,0,0,0,0,0
30146,1000000US170316309002014,0,0,0,0,0,0,0,0,0,0,0,0,0,0,0,0,0,0
30147,1000000US170316309002015,54,0,4,0,0,0,52,2,0,52,54,0,24,21,3,93,0,2
30148,1000000US170316309002016,39,3,0,0,1,0,35,4,0,35,36,0,19,19,0,56,0,0
30149,1000000US170316309002017,31,5,0,0,0,0,26,5,0,26,26,0,11,10,1,39,0,0
30150,1000000US170316309002018,15,10,4,1,0,0,1,14,0,1,5,1,12,11,1,19,1,0
30151,1000000US170316309002019,49,6,1,0,0,0,42,7,0,42,43,0,19,17,2,80,0,0
30152,1000000US170316309002020,58,11,0,0,0,0,47,11,0,47,47,4,19,19,0,97,0,0
30153,1000000US170316309002021,78,30,35,0,2,1,13,65,0,13,48,1,86,77,9,78,0,0
30154,1000000US170316309003000,10,0,0,0,0,0,10,0,0,10,10,4,2,2,0,16,0,0
30155,1000000US170316309003001,24,1,0,0,7,0,16,8,0,16,23,2,8,7,1,36,0,0
30156,1000000US170316309003002,21,3,0,0,0,0,18,3,0,18,18,0,9,8,1,27,0,0
30157,1000000US170316309003003,52,0,0,0,0,0,52,0,0,52,52,0,14,13,1,77,0,0
30158,1000000US170316309003004,48,1,0,4,0,0,47,1,0,47,47,6,16,15,1,81,0,0
30159,1000000US170316309003005,47,4,3,3,0,0,43,4,0,43,43,0,17,14,3,74,3,3
30160,1000000US170316309003006,39,3,0,0,3,0,33,6,0,33,36,4,15,15,0,66,0,0
30161,1000000US170316309003007,57,3,0,0,0,0,54,3,0,54,54,1,20,20,0,94,0,0
30162,1000000US170316309003008,75,8,1,0,0,5,66,9,0,66,67,6,21,20,1,108,0,0
30163,1000000US170316309003009,58,8,0,0,0,0,50,8,0,50,50,0,20,20,0,85,0,0
30164,1000000US170316309003010,65,1,0,0,0,0,64,1,0,64,64,0,21,19,2,101,0,0
30165,1000000US170316309003011,69,2,0,0,0,0,67,2,0,67,67,0,23,22,1,92,0,0
30166,1000000US170316309003012,30,2,0,0,0,0,28,2,0,28,28,1,14,11,3,50,0,0
30167,1000000US170316309003013,18,4,0,0,2,0,12,6,0,12,14,1,5,5,0,20,0,0
30168,1000000US170316309003014,0,0,0,0,0,0,0,0,0,0,0,0,0,0,0,0,0,0
30169,1000000US170316309003015,22,0,0,0,0,0,22,0,0,22,22,0,7,7,0,35,0,0
30170,1000000US170316309003016,73,7,0,0,3,0,66,7,0,66,66,4,21,20,1,99,0,0
30171,1000000US170316309003017,58,6,0,4,0,0,52,6,0,52,52,4,26,23,3,93,0,0
30172,1000000US170316309003018,85,9,2,0,0,0,74,11,0,74,76,0,35,35,0,141,0,0
30173,1000000US170316309003019,89,1,0,8,0,0,88,1,0,88,88,14,27,26,1,135,2,0
30174,1000000US170316309003020,63,5,0,0,0,0,58,5,0,58,58,6,22,22,0,94,0,0
30175,1000000US170316309003021,46,5,3,1,0,0,37,9,0,37,41,0,20,17,3,82,1,0
30176,1000000US170316309003022,91,6,0,0,0,0,85,6,0,85,85,3,25,25,0,144,0,0
30177,1000000US170316401001000,0,0,0,0,0,0,0,0,0,0,0,0,0,0,0,0,0,0
30178,1000000US170316401001001,0,0,0,0,0,0,0,0,0,0,0,0,0,0,0,0,0,0
30179,1000000US170316401001002,0,0,0,0,0,0,0,0,0,0,0,0,0,0,0,0,0,0
30180,1000000US170316401001003,0,0,0,0,0,0,0,0,0,0,0,0,0,0,0,0,0,0
30181,1000000US170316401001004,26,18,0,0,0,1,7,19,0,7,8,1,17,15,2,29,0,0
30182,1000000US170316401001005,53,28,0,0,0,0,25,28,0,25,25,0,26,22,4,77,0,0
30183,1000000US170316401001006,41,18,0,0,0,0,23,18,0,23,23,0,31,21,10,67,0,0
30184,1000000US170316401001007,55,13,0,0,1,5,37,18,0,37,42,2,41,27,14,79,0,0
30185,1000000US170316401001008,0,0,0,0,0,0,0,0,0,0,0,0,0,0,0,0,0,0
30186,1000000US170316401001009,43,22,3,0,0,0,18,25,0,18,21,2,27,24,3,65,0,0
30187,1000000US170316401001010,23,10,2,0,0,0,11,12,0,11,13,2,18,15,3,36,0,0
30188,1000000US170316401001011,0,0,0,0,0,0,0,0,0,0,0,0,0,0,0,0,0,0
30189,1000000US170316401001012,0,0,0,0,0,0,0,0,0,0,0,0,0,0,0,0,0,0
30190,1000000US170316401001013,79,27,5,2,0,0,47,32,0,47,52,0,40,32,8,112,2,0
30191,1000000US170316401001014,38,27,0,0,0,0,11,27,0,11,11,0,28,24,4,46,0,0
30192,1000000US170316401001015,32,19,0,0,0,0,13,19,0,13,13,0,20,15,5,44,0,0
30193,1000000US170316401001016,43,15,0,0,0,0,28,15,0,28,28,0,29,19,10,60,0,0
30194,1000000US170316401001017,108,47,8,0,8,0,43,65,0,43,61,5,55,52,3,127,0,1
30195,1000000US170316401001018,61,24,0,0,0,0,37,24,0,37,37,1,23,23,0,81,0,0
30196,1000000US170316401001019,56,22,1,0,1,0,33,23,0,33,34,1,31,23,8,73,0,0
30197,1000000US170316401001020,71,17,6,6,0,0,48,23,0,48,54,6,32,31,1,101,0,0
30198,1000000US170316401001021,53,10,0,0,0,0,43,10,0,43,43,0,23,23,0,85,0,0
30199,1000000US170316401001022,40,10,13,0,0,0,18,22,0,18,30,0,24,24,0,55,0,1
30200,1000000US170316401001023,0,0,0,0,0,0,0,0,0,0,0,0,0,0,0,0,0,0
30201,1000000US170316401001024,53,10,0,0,3,1,38,15,0,38,43,2,25,24,1,74,0,0
30202,1000000US170316401001025,0,0,0,0,0,0,0,0,0,0,0,0,0,0,0,0,0,0
30203,1000000US170316403001000,27,20,1,1,1,0,5,22,0,5,7,0,18,15,3,37,1,0
30204,1000000US170316403001001,41,33,0,0,0,0,8,33,0,8,8,0,19,19,0,49,0,0
30205,1000000US170316403001002,44,35,0,0,0,0,9,35,0,9,9,0,20,20,0,48,0,0
30206,1000000US170316403001003,38,24,0,0,0,0,14,24,0,14,14,0,17,17,0,50,0,0
30207,1000000US170316403001004,71,44,0,0,0,0,27,44,0,27,27,5,35,32,3,97,0,0
30208,1000000US170316403001005,69,18,0,1,0,0,51,18,0,51,51,11,33,33,0,111,1,0
30209,1000000US170316403001006,79,37,5,2,1,0,36,43,0,36,42,4,39,39,0,116,2,0
30210,1000000US170316403001007,30,17,0,0,2,0,13,17,0,13,13,0,10,10,0,36,0,0
30211,1000000US170316403001008,4,2,0,0,0,0,2,2,0,2,2,0,7,4,3,4,0,0
30212,1000000US170316403001009,63,19,0,1,1,0,42,21,0,42,44,0,23,23,0,99,1,0
30213,1000000US170316403001010,63,18,2,0,1,0,43,20,0,43,45,7,38,34,4,78,0,0
30214,1000000US170316403001011,42,26,0,1,0,0,16,26,0,16,16,2,27,23,4,59,1,0
30215,1000000US170316403001012,20,8,0,0,0,0,12,8,0,12,12,4,15,14,1,24,0,0
30216,1000000US170316403001013,68,34,4,2,0,1,25,43,0,25,34,4,56,50,6,77,0,0
30217,1000000US170316403002000,75,33,1,0,0,0,41,34,0,41,42,2,32,31,1,95,0,0
30218,1000000US170316403002001,70,26,9,1,0,0,36,34,0,36,44,1,31,27,4,112,0,2
30219,1000000US170316403002002,61,38,1,0,2,0,21,40,0,21,23,4,29,28,1,88,0,0
30220,1000000US170316403002003,50,29,4,0,0,0,18,32,0,18,21,1,31,26,5,65,0,1
30221,1000000US170316403002004,40,19,0,0,0,1,21,19,0,21,21,1,29,21,8,62,0,0
30222,1000000US170316403002005,52,23,0,2,0,1,28,24,0,28,29,2,27,22,5,73,1,0
30223,1000000US170316403002006,74,29,0,0,0,0,45,29,0,45,45,0,42,35,7,111,0,0
30224,1000000US170316403002007,37,26,2,1,0,0,8,29,0,8,11,3,27,21,6,46,0,0
30225,1000000US170316403002008,32,23,0,0,0,0,9,23,0,9,9,0,18,16,2,38,0,0
30226,1000000US170316403002009,43,30,0,0,0,0,13,30,0,13,13,0,19,19,0,62,0,0
30227,1000000US170316403002010,46,19,2,1,0,0,25,21,0,25,27,5,19,18,1,62,1,0
30228,1000000US170316403002011,43,20,1,1,0,0,22,21,0,22,23,1,28,25,3,55,1,1
30229,1000000US170316403002012,55,21,0,0,0,0,34,21,0,34,34,2,34,28,6,78,0,0
30230,1000000US170316403002013,48,22,1,0,0,0,26,22,0,26,26,1,22,19,3,67,0,1
30231,1000000US170316403002014,49,10,0,0,1,0,39,10,0,39,39,1,23,17,6,67,0,0
30232,1000000US170316403002015,47,29,4,0,0,0,14,33,0,14,18,0,28,27,1,58,0,0
30233,1000000US170316403002016,35,11,0,0,0,0,24,11,0,24,24,2,20,15,5,41,0,0
30234,1000000US170316403002017,2,1,0,0,0,0,1,1,0,1,1,0,3,2,1,6,0,0
30235,1000000US170316403002018,2,2,0,0,0,0,0,2,0,0,0,0,1,1,0,2,0,0
30236,1000000US170316403002019,0,0,0,0,0,0,0,0,0,0,0,0,0,0,0,0,0,0
30237,1000000US170316403003000,26,20,0,0,0,0,6,20,0,6,6,0,11,11,0,33,0,0
30238,1000000US170316403003001,16,14,0,0,0,0,2,14,0,2,2,0,9,9,0,23,0,0
30239,1000000US170316403003002,10,10,0,0,0,0,0,10,0,0,0,0,4,4,0,13,0,0
30240,1000000US170316403003003,77,44,0,0,0,0,33,44,0,33,33,0,36,35,1,111,0,0
30241,1000000US170316403003004,6,0,0,0,0,0,6,0,0,6,6,0,2,2,0,10,0,0
30242,1000000US170316403003005,15,12,0,0,0,0,3,12,0,3,3,0,7,7,0,17,0,0
30243,1000000US170316403003006,49,28,0,0,0,0,21,28,0,21,21,2,20,19,1,69,0,0
30244,1000000US170316403003007,39,30,0,0,0,0,9,30,0,9,9,0,17,16,1,54,0,0
30245,1000000US170316403003008,38,23,0,0,0,0,15,23,0,15,15,2,19,19,0,56,0,0
30246,1000000US170316403003009,38,33,0,0,0,0,5,33,0,5,5,0,19,18,1,48,0,0
30247,1000000US170316403003010,37,29,0,0,0,0,8,29,0,8,8,0,18,18,0,48,0,0
30248,1000000US170316403003011,46,21,0,0,0,0,24,22,0,24,25,0,20,19,1,72,0,0
30249,1000000US170316403003012,39,23,0,1,0,0,15,24,0,15,16,0,19,19,0,49,1,0
30250,1000000US170316403003013,33,26,0,0,0,0,7,26,0,7,7,0,19,18,1,40,0,0
30251,1000000US170316403003014,39,21,0,0,0,0,18,21,0,18,18,2,19,18,1,54,0,0
30252,1000000US170316403003015,53,35,0,0,0,0,17,36,0,17,18,2,28,28,0,83,0,0
30253,1000000US170316403003016,31,25,0,0,0,0,6,25,0,6,6,0,14,13,1,36,0,0
30254,1000000US170316403003017,0,0,0,0,0,0,0,0,0,0,0,0,0,0,0,0,0,0
30255,1000000US170316403004000,0,0,0,0,0,0,0,0,0,0,0,0,0,0,0,0,0,0
30256,1000000US170316403004001,0,0,0,0,0,0,0,0,0,0,0,0,0,0,0,0,0,0
30257,1000000US170316403004002,82,49,0,0,1,0,32,50,0,32,33,0,44,42,2,114,0,0
30258,1000000US170316403004003,7,4,0,2,0,0,1,6,0,1,3,2,4,4,0,13,0,0
30259,1000000US170316403004004,13,9,0,1,0,0,4,9,0,4,4,1,10,7,3,14,0,0
30260,1000000US170316403004005,20,15,0,0,0,0,5,15,0,5,5,0,9,9,0,23,0,0
30261,1000000US170316403004006,21,18,0,0,0,0,3,18,0,3,3,0,10,10,0,25,0,0
30262,1000000US170316403004007,55,39,0,0,0,0,16,39,0,16,16,0,25,25,0,73,0,0
30263,1000000US170316403004008,7,7,0,0,0,0,0,7,0,0,0,0,4,4,0,9,0,0
30264,1000000US170316403004009,17,15,0,0,2,0,0,17,0,0,2,0,10,9,1,21,0,0
30265,1000000US170316403004010,33,18,0,0,0,0,15,18,0,15,15,0,15,15,0,50,0,0
30266,1000000US170316403004011,23,16,0,0,0,0,6,17,0,6,7,1,13,12,1,30,0,0
30267,1000000US170316403004012,21,12,0,0,0,0,9,12,0,9,9,0,11,10,1,27,0,0
30268,1000000US170316403004013,17,13,0,1,0,0,3,14,0,3,4,0,10,10,0,25,1,0
30269,1000000US170316403004014,15,8,0,0,0,0,7,8,0,7,7,0,7,7,0,19,0,0
30270,1000000US170316403004015,11,9,0,0,0,0,2,9,0,2,2,0,6,6,0,13,0,0
30271,1000000US170316403004016,0,0,0,0,0,0,0,0,0,0,0,0,0,0,0,0,0,0
30272,1000000US170316403004017,12,5,0,0,0,0,7,5,0,7,7,0,5,5,0,18,0,0
30273,1000000US170316403004018,15,10,0,0,0,0,5,10,0,5,5,0,8,8,0,17,0,0
30274,1000000US170316403004019,21,12,0,0,0,0,9,12,0,9,9,0,10,10,0,31,0,0
30275,1000000US170316403004020,21,12,0,0,0,0,9,12,0,9,9,0,9,8,1,37,0,0
30276,1000000US170316403004021,22,16,0,0,0,0,6,16,0,6,6,0,9,9,0,29,0,0
30277,1000000US170316403004022,12,0,0,0,0,0,12,0,0,12,12,0,4,4,0,15,0,0
30278,1000000US170316403004023,34,21,4,0,0,0,13,21,0,13,13,6,19,18,1,47,0,4
30279,1000000US170316403004024,47,30,0,0,0,0,17,30,0,17,17,3,24,24,0,63,0,0
30280,1000000US170316403004025,25,20,0,0,1,1,4,21,0,4,5,3,19,16,3,36,0,0
30281,1000000US170316403004026,46,27,0,0,0,0,19,27,0,19,19,0,19,18,1,60,0,0
30282,1000000US170316403004027,41,15,0,0,0,0,26,15,0,26,26,4,26,21,5,59,0,0
30283,1000000US170316403004028,43,28,1,0,0,0,15,28,0,15,15,4,21,20,1,61,0,1
30284,1000000US170316403004029,52,31,0,0,1,0,20,32,0,20,21,1,19,18,1,68,0,0
30285,1000000US170316403004030,37,22,0,0,1,0,14,23,0,14,15,1,19,19,0,51,0,0
30286,1000000US170316403004031,50,24,0,0,0,0,26,24,0,26,26,0,19,18,1,68,0,0
30287,1000000US170316403004032,38,25,1,0,1,0,11,27,0,11,13,1,20,19,1,56,0,0
30288,1000000US170316403004033,44,24,0,0,1,0,19,25,0,19,20,0,22,22,0,60,0,0
30289,1000000US170316403004034,41,20,0,0,0,0,21,20,0,21,21,0,17,17,0,55,0,0
30290,1000000US170316403004035,41,31,0,0,0,0,10,31,0,10,10,1,19,18,1,49,0,0
30291,1000000US170316403004036,40,30,0,0,0,0,10,30,0,10,10,1,20,20,0,50,0,0
30292,1000000US170316403004037,43,33,0,0,0,0,10,33,0,10,10,2,20,19,1,55,0,0
30293,1000000US170316403004038,37,27,0,0,0,0,10,27,0,10,10,2,15,15,0,45,0,0
30294,1000000US170316403005000,48,25,2,2,0,1,23,25,0,23,23,5,21,17,4,79,2,2
30295,1000000US170316403005001,54,22,0,2,0,0,31,23,0,31,32,4,29,28,1,76,0,0
30296,1000000US170316403005002,27,19,0,0,0,0,8,19,0,8,8,1,12,10,2,35,0,0
30297,1000000US170316403005003,11,6,0,0,5,0,0,11,0,0,5,0,4,4,0,14,0,0
30298,1000000US170316403005004,46,27,0,0,0,0,19,27,0,19,19,2,20,19,1,63,0,0
30299,1000000US170316403005005,41,31,0,0,0,0,10,31,0,10,10,0,20,20,0,57,0,0
30300,1000000US170316403005006,42,28,0,0,0,0,14,28,0,14,14,0,20,18,2,50,0,0
30301,1000000US170316403005007,40,27,0,0,0,0,13,27,0,13,13,0,20,20,0,50,0,0
30302,1000000US170316403005008,26,17,0,0,0,0,9,17,0,9,9,0,15,15,0,41,0,0
30303,1000000US170316403005009,32,19,0,0,0,0,13,19,0,13,13,0,17,17,0,47,0,0
30304,1000000US170316403005010,38,16,0,0,5,0,17,21,0,17,22,1,15,15,0,53,0,0
30305,1000000US170316403005011,37,29,0,0,0,0,8,29,0,8,8,0,12,12,0,47,0,0
30306,1000000US170316403005012,24,18,0,0,0,0,6,18,0,6,6,0,12,12,0,32,0,0
30307,1000000US170316403005013,31,16,0,0,0,0,15,16,0,15,15,0,16,15,1,44,0,0
30308,1000000US170316403005014,35,23,0,0,0,0,12,23,0,12,12,0,16,15,1,40,0,0
30309,1000000US170316403005015,33,21,0,0,0,0,12,21,0,12,12,0,14,14,0,50,0,0
30310,1000000US170316403005016,30,18,0,0,5,1,7,23,0,7,12,2,24,23,1,34,0,0
30311,1000000US170316403005017,33,9,0,0,0,0,24,9,0,24,24,8,14,13,1,38,0,0
30312,1000000US170316403005018,0,0,0,0,0,0,0,0,0,0,0,0,0,0,0,0,0,0
30313,1000000US170316403005019,15,11,0,0,2,0,2,13,0,2,4,0,9,9,0,33,0,0
30314,1000000US170316403006000,1,0,0,0,0,0,1,0,0,1,1,0,1,1,0,4,0,0
30315,1000000US170316403006001,41,18,2,0,4,0,17,24,0,17,23,0,18,18,0,58,0,0
30316,1000000US170316403006002,13,12,0,0,0,0,1,12,0,1,1,0,9,9,0,22,0,0
30317,1000000US170316403006003,20,14,0,0,0,0,6,14,0,6,6,0,9,9,0,22,0,0
30318,1000000US170316403006004,17,17,0,0,0,0,0,17,0,0,0,0,9,9,0,21,0,0
30319,1000000US170316403006005,16,9,0,0,0,0,7,9,0,7,7,2,9,9,0,19,0,0
30320,1000000US170316403006006,73,34,1,0,0,1,37,36,0,37,39,1,31,31,0,104,0,0
30321,1000000US170316403006007,34,22,0,0,0,0,12,22,0,12,12,0,16,16,0,43,0,0
30322,1000000US170316403006008,43,31,0,0,2,0,10,33,0,10,12,0,18,18,0,63,0,0
30323,1000000US170316403006009,36,29,0,0,0,0,7,29,0,7,7,0,19,19,0,46,0,0
30324,1000000US170316403006010,44,28,0,0,0,0,16,28,0,16,16,0,19,19,0,58,0,0
30325,1000000US170316403006011,43,39,0,0,0,0,4,39,0,4,4,0,19,19,0,54,0,0
30326,1000000US170316403006012,36,25,0,0,0,0,11,25,0,11,11,0,20,20,0,51,0,0
30327,1000000US170316403006013,40,30,0,0,0,0,10,30,0,10,10,0,20,19,1,51,0,0
30328,1000000US170316403006014,35,27,0,0,0,0,8,27,0,8,8,0,19,18,1,42,0,0
30329,1000000US170316403006015,57,24,4,0,0,1,29,28,0,29,33,0,22,21,1,82,0,0
30330,1000000US170316403006016,39,21,0,0,0,0,18,21,0,18,18,5,19,19,0,49,0,0
30331,1000000US170316403006017,40,34,1,2,1,0,4,36,0,4,6,2,21,20,1,53,2,0
30332,1000000US170316403006018,0,0,0,0,0,0,0,0,0,0,0,0,0,0,0,0,0,0
30333,1000000US170316403006019,0,0,0,0,0,0,0,0,0,0,0,0,0,0,0,0,0,0
30334,1000000US170316403006020,28,21,0,0,0,0,7,21,0,7,7,1,14,13,1,37,0,0
30335,1000000US170316403006021,32,23,0,0,0,0,9,23,0,9,9,0,14,13,1,37,0,0
30336,1000000US170316403006022,34,22,0,0,0,0,12,22,0,12,12,2,15,15,0,41,0,0
30337,1000000US170316403006023,2,0,0,0,0,0,2,0,0,2,2,1,1,1,0,4,0,0
30338,1000000US170316403006024,35,25,0,0,2,0,8,27,0,8,10,2,23,23,0,41,0,0
30339,1000000US170316403006025,34,27,0,0,0,0,7,27,0,7,7,0,21,18,3,44,0,0
30340,1000000US170316403006026,28,19,0,0,2,0,7,21,0,7,9,0,14,13,1,35,0,0
30341,1000000US170316403006027,32,28,0,2,0,0,2,30,0,2,4,0,13,12,1,35,2,0
30342,1000000US170316403006028,8,5,0,1,0,0,2,6,0,2,3,1,9,7,2,9,0,0
30343,1000000US170316403006029,68,52,2,0,0,0,14,54,0,14,16,2,49,46,3,80,0,0
30344,1000000US170316404001000,18,16,0,0,0,0,2,16,0,2,2,0,8,7,1,23,0,0
30345,1000000US170316404001001,16,12,0,0,0,0,4,12,0,4,4,0,8,8,0,20,0,0
30346,1000000US170316404001002,15,10,0,1,0,0,5,10,0,5,5,0,8,8,0,17,1,0
30347,1000000US170316404001003,14,13,0,1,0,0,0,14,0,0,1,1,8,7,1,15,0,0
30348,1000000US170316404001004,16,13,0,0,0,0,3,13,0,3,3,0,7,7,0,19,0,0
30349,1000000US170316404001005,15,9,0,0,0,0,6,9,0,6,6,0,8,7,1,20,0,0
30350,1000000US170316404001006,20,16,0,0,0,0,4,16,0,4,4,0,8,8,0,21,0,0
30351,1000000US170316404001007,13,8,0,0,0,0,5,8,0,5,5,0,8,7,1,18,0,0
30352,1000000US170316404001008,35,15,0,0,0,0,20,15,0,20,20,0,17,17,0,46,0,0
30353,1000000US170316404001009,79,61,0,0,0,0,18,61,0,18,18,0,41,40,1,106,0,0
30354,1000000US170316404001010,40,32,0,0,1,0,7,33,0,7,8,1,19,19,0,60,0,0
30355,1000000US170316404001011,54,54,0,0,0,0,0,54,0,0,0,0,25,23,2,60,0,0
30356,1000000US170316404001012,30,22,0,0,0,0,8,22,0,8,8,0,15,15,0,41,0,0
30357,1000000US170316404001013,31,25,0,0,2,0,4,27,0,4,6,0,15,14,1,41,0,0
30358,1000000US170316404001014,27,21,0,1,0,0,6,21,0,6,6,0,15,13,2,32,1,0
30359,1000000US170316404001015,36,24,0,1,3,0,11,25,0,11,12,2,17,17,0,63,1,0
30360,1000000US170316404001016,36,27,0,0,0,0,9,27,0,9,9,0,16,16,0,43,0,0
30361,1000000US170316404001017,35,25,0,0,0,0,10,25,0,10,10,1,16,16,0,42,0,0
30362,1000000US170316404001018,65,45,0,0,0,0,20,45,0,20,20,0,37,35,2,96,0,0
30363,1000000US170316404001019,33,25,0,3,0,0,8,25,0,8,8,1,16,16,0,46,2,0
30364,1000000US170316404001020,40,33,0,0,0,0,7,33,0,7,7,2,19,18,1,48,0,0
30365,1000000US170316404001021,36,28,0,0,0,0,8,28,0,8,8,0,15,15,0,45,0,0
30366,1000000US170316404001022,23,16,0,4,1,0,3,20,0,3,7,4,16,12,4,28,0,0
30367,1000000US170316404001023,24,16,0,0,0,0,7,17,0,7,8,0,17,15,2,25,0,0
30368,1000000US170316404001024,35,33,0,0,0,0,2,33,0,2,2,0,17,17,0,43,0,0
30369,1000000US170316404001025,35,19,0,4,0,0,16,19,0,16,16,5,17,17,0,48,0,0
30370,1000000US170316404001026,27,19,0,0,0,0,8,19,0,8,8,0,14,14,0,39,0,0
30371,1000000US170316404001027,28,25,0,0,0,0,3,25,0,3,3,0,16,16,0,39,0,0
30372,1000000US170316404001028,21,17,0,0,0,0,4,17,0,4,4,0,14,12,2,25,0,0
30373,1000000US170316404001029,23,13,0,4,1,0,5,18,0,5,10,0,13,13,0,27,4,0
30374,1000000US170316404001030,23,14,0,0,0,0,9,14,0,9,9,1,12,12,0,36,0,0
30375,1000000US170316404001031,20,17,0,0,0,0,3,17,0,3,3,0,11,10,1,27,0,0
30376,1000000US170316404001032,18,15,0,0,0,0,3,15,0,3,3,0,9,9,0,24,0,0
30377,1000000US170316404001033,38,18,1,0,3,0,16,22,0,16,20,0,23,21,2,52,0,0
30378,1000000US170316404001034,0,0,0,0,0,0,0,0,0,0,0,0,0,0,0,0,0,0
30379,1000000US170316404001035,2,1,0,0,1,0,0,2,0,0,1,0,1,1,0,4,0,0
30380,1000000US170316404001036,36,26,0,0,4,0,6,30,0,6,10,4,20,20,0,43,0,0
30381,1000000US170316404001037,34,16,0,4,0,0,14,20,0,14,18,0,17,17,0,45,4,0
30382,1000000US170316404002000,19,8,0,0,4,0,7,12,0,7,11,0,9,8,1,23,0,0
30383,1000000US170316404002001,19,14,0,0,3,0,3,16,0,3,5,0,9,9,0,24,0,0
30384,1000000US170316404002002,18,18,0,0,0,0,0,18,0,0,0,0,10,10,0,21,0,0
30385,1000000US170316404002003,26,13,0,0,0,0,13,13,0,13,13,0,9,8,1,30,0,0
30386,1000000US170316404002004,54,44,3,1,0,0,9,45,0,9,10,3,24,24,0,64,1,3
30387,1000000US170316404002005,35,17,0,0,0,0,18,17,0,18,18,0,14,14,0,39,0,0
30388,1000000US170316404002006,0,0,0,0,0,0,0,0,0,0,0,0,0,0,0,0,0,0
30389,1000000US170316404002007,0,0,0,0,0,0,0,0,0,0,0,0,0,0,0,0,0,0
30390,1000000US170316404002008,0,0,0,0,0,0,0,0,0,0,0,0,0,0,0,0,0,0
30391,1000000US170316404002009,0,0,0,0,0,0,0,0,0,0,0,0,0,0,0,0,0,0
30392,1000000US170316404002010,0,0,0,0,0,0,0,0,0,0,0,0,0,0,0,0,0,0
30393,1000000US170316404002011,13,12,0,0,0,0,1,12,0,1,1,0,8,8,0,13,0,0
30394,1000000US170316404002012,15,13,0,0,0,0,2,13,0,2,2,0,8,8,0,19,0,0
30395,1000000US170316404002013,12,11,0,0,0,0,1,11,0,1,1,0,7,7,0,14,0,0
30396,1000000US170316404002014,0,0,0,0,0,0,0,0,0,0,0,0,0,0,0,0,0,0
30397,1000000US170316404002015,1,1,0,0,0,0,0,1,0,0,0,0,1,1,0,1,0,0
30398,1000000US170316404002016,10,4,0,0,0,0,6,4,0,6,6,0,5,5,0,16,0,0
30399,1000000US170316404002017,24,13,0,0,0,0,11,13,0,11,11,0,11,11,0,31,0,0
30400,1000000US170316404002018,23,9,0,1,0,0,14,9,0,14,14,0,10,9,1,35,1,0
30401,1000000US170316404002019,24,12,0,0,0,0,12,12,0,12,12,0,11,11,0,28,0,0
30402,1000000US170316404002020,43,28,0,0,0,0,15,28,0,15,15,0,19,19,0,53,0,0
30403,1000000US170316404002021,47,35,0,0,0,0,12,35,0,12,12,0,22,22,0,61,0,0
30404,1000000US170316404002022,0,0,0,0,0,0,0,0,0,0,0,0,0,0,0,0,0,0
30405,1000000US170316404002023,89,55,7,1,4,0,23,66,0,23,34,3,66,60,6,114,0,0
30406,1000000US170316404002024,48,36,0,0,0,0,12,36,0,12,12,0,19,19,0,66,0,0
30407,1000000US170316404002025,46,35,0,0,0,0,11,35,0,11,11,0,19,19,0,61,0,0
30408,1000000US170316404002026,33,23,0,0,0,0,10,23,0,10,10,0,16,16,0,44,0,0
30409,1000000US170316404002027,30,22,0,0,0,0,8,22,0,8,8,0,18,15,3,40,0,0
30410,1000000US170316404002028,42,29,0,0,0,0,13,29,0,13,13,0,20,19,1,57,0,0
30411,1000000US170316404002029,44,37,0,0,0,0,7,37,0,7,7,0,20,20,0,56,0,0
30412,1000000US170316404002030,34,26,0,0,0,0,8,26,0,8,8,0,20,19,1,46,0,0
30413,1000000US170316404002031,42,28,0,0,0,0,14,28,0,14,14,0,21,20,1,57,0,0
30414,1000000US170316404002032,36,34,0,0,0,0,2,34,0,2,2,0,16,15,1,39,0,0
30415,1000000US170316404002033,56,45,1,0,0,0,10,46,0,10,11,0,20,20,0,75,0,0
30416,1000000US170316404002034,0,0,0,0,0,0,0,0,0,0,0,0,0,0,0,0,0,0
30417,1000000US170316404002035,34,24,0,0,0,3,10,24,0,10,10,3,15,15,0,47,0,0
30418,1000000US170316404002036,0,0,0,0,0,0,0,0,0,0,0,0,0,0,0,0,0,0
30419,1000000US170316404002037,0,0,0,0,0,0,0,0,0,0,0,0,0,0,0,0,0,0
30420,1000000US170316404002038,92,83,2,0,0,0,9,83,0,9,9,2,60,55,5,105,0,2
30421,1000000US170316404002039,61,45,1,0,0,0,13,48,0,13,16,2,44,42,2,69,0,0
30422,1000000US170316404002040,0,0,0,0,0,0,0,0,0,0,0,0,0,0,0,0,0,0
30423,1000000US170316404002041,0,0,0,0,0,0,0,0,0,0,0,0,0,0,0,0,0,0
30424,1000000US170316404002042,0,0,0,0,0,0,0,0,0,0,0,0,0,0,0,0,0,0
30425,1000000US170316404002043,0,0,0,0,0,0,0,0,0,0,0,0,0,0,0,0,0,0
30426,1000000US170316404002044,0,0,0,0,0,0,0,0,0,0,0,0,0,0,0,0,0,0
30427,1000000US170316404002045,24,19,0,0,0,0,5,19,0,5,5,0,15,15,0,29,0,0
30428,1000000US170316404002046,34,27,0,0,0,0,7,27,0,7,7,0,14,14,0,41,0,0
30429,1000000US170316404002047,24,20,1,0,0,0,3,21,0,3,4,0,16,15,1,28,0,0
30430,1000000US170316404002048,41,9,0,0,0,0,32,9,0,32,32,0,15,15,0,51,0,0
30431,1000000US170316404002049,28,23,0,0,0,0,5,23,0,5,5,0,12,12,0,37,0,0
30432,1000000US170316404002050,29,15,0,0,0,0,14,15,0,14,14,0,13,13,0,40,0,0
30433,1000000US170316404002051,19,17,0,2,0,0,2,17,0,2,2,0,8,8,0,29,2,0
30434,1000000US170316404002052,26,16,0,0,0,0,10,16,0,10,10,0,12,12,0,43,0,0
30435,1000000US170316404002053,30,16,0,0,0,0,14,16,0,14,14,0,14,11,3,39,0,0
30436,1000000US170316404002054,35,30,0,0,0,0,5,30,0,5,5,0,14,14,0,39,0,0
30437,1000000US170316404002055,34,27,0,4,0,0,7,27,0,7,7,4,16,16,0,39,0,0
30438,1000000US170316404002056,0,0,0,0,0,0,0,0,0,0,0,0,0,0,0,0,0,0
30439,1000000US170316405001000,54,29,0,0,0,0,25,29,0,25,25,0,34,31,3,73,0,0
30440,1000000US170316405001001,47,36,0,0,0,0,11,36,0,11,11,0,36,30,6,54,0,0
30441,1000000US170316405001002,56,35,2,3,0,0,16,40,0,16,21,1,37,33,4,70,2,0
30442,1000000US170316405001003,59,32,2,1,4,0,22,37,0,22,27,2,33,30,3,76,0,0
30443,1000000US170316405001004,10,8,0,0,0,0,2,8,0,2,2,0,5,5,0,13,0,0
30444,1000000US170316405001005,38,28,0,0,0,0,10,28,0,10,10,0,18,18,0,44,0,0
30445,1000000US170316405001006,42,36,0,0,0,0,6,36,0,6,6,0,20,19,1,54,0,0
30446,1000000US170316405001007,55,36,0,0,0,0,19,36,0,19,19,0,19,18,1,66,0,0
30447,1000000US170316405001008,38,26,0,1,0,0,11,27,0,11,12,1,16,16,0,45,0,0
30448,1000000US170316405001009,17,10,1,2,0,0,6,11,0,6,7,1,12,11,1,17,2,0
30449,1000000US170316405001010,0,0,0,0,0,0,0,0,0,0,0,0,0,0,0,0,0,0
30450,1000000US170316405001011,48,32,0,0,2,0,14,34,0,14,16,0,20,20,0,63,0,0
30451,1000000US170316405001012,45,35,0,0,0,0,10,35,0,10,10,0,21,20,1,57,0,0
30452,1000000US170316405001013,19,12,0,0,0,0,7,12,0,7,7,0,11,10,1,24,0,0
30453,1000000US170316405001014,7,7,0,0,0,0,0,7,0,0,0,0,4,4,0,8,0,0
30454,1000000US170316405001015,31,29,0,0,0,0,2,29,0,2,2,0,12,12,0,43,0,0
30455,1000000US170316405001016,42,31,0,0,0,0,11,31,0,11,11,0,20,20,0,59,0,0
30456,1000000US170316405001017,39,35,0,0,0,0,4,35,0,4,4,0,20,19,1,49,0,0
30457,1000000US170316405001018,27,21,0,2,0,0,6,21,0,6,6,0,15,14,1,41,2,0
30458,1000000US170316405001019,10,10,0,0,0,0,0,10,0,0,0,0,4,4,0,11,0,0
30459,1000000US170316405001020,55,42,2,0,0,0,13,42,0,13,13,0,37,36,1,62,0,2
30460,1000000US170316405001021,33,24,0,0,0,1,8,25,0,8,9,0,16,16,0,44,0,0
30461,1000000US170316405001022,33,19,0,0,0,0,14,19,0,14,14,0,19,17,2,40,0,0
30462,1000000US170316405001023,40,26,0,0,1,0,13,27,0,13,14,0,20,20,0,53,0,0
30463,1000000US170316405001024,23,19,0,1,2,0,1,22,0,1,4,1,12,11,1,32,0,0
30464,1000000US170316405001025,15,15,0,0,0,0,0,15,0,0,0,0,9,8,1,15,0,0
30465,1000000US170316405001026,97,75,2,0,1,0,20,77,0,20,22,1,70,70,0,112,0,1
30466,1000000US170316405001027,118,90,2,2,0,0,26,92,0,26,28,2,86,80,6,139,0,0
30467,1000000US170316405001028,37,30,0,0,0,0,7,30,0,7,7,0,19,19,0,46,0,0
30468,1000000US170316405001029,84,68,0,0,0,0,16,68,0,16,16,0,60,56,4,96,0,0
30469,1000000US170316405001030,90,60,6,0,6,0,20,70,0,20,30,2,49,48,1,116,0,2
30470,1000000US170316405001031,33,31,0,1,0,0,1,32,0,1,2,0,20,18,2,39,1,0
30471,1000000US170316405001032,60,52,0,0,0,0,8,52,0,8,8,2,48,47,1,64,0,0
30472,1000000US170316405001033,46,33,0,0,2,0,11,35,0,11,13,0,52,30,22,57,0,0
30473,1000000US170316405001034,47,33,0,0,1,0,13,34,0,13,14,4,19,19,0,58,0,0
30474,1000000US170316405002000,46,20,0,0,0,0,26,20,0,26,26,0,25,23,2,57,0,0
30475,1000000US170316405002001,47,24,0,0,0,0,23,24,0,23,23,0,20,20,0,62,0,0
30476,1000000US170316405002002,66,34,4,0,0,0,28,38,0,28,32,1,33,31,2,93,0,0
30477,1000000US170316405002003,33,18,1,0,0,0,15,18,0,15,15,1,12,12,0,41,0,1
30478,1000000US170316405002004,0,0,0,0,0,0,0,0,0,0,0,0,0,0,0,0,0,0
30479,1000000US170316405002005,78,48,5,0,1,0,24,54,0,24,30,6,37,37,0,103,0,0
30480,1000000US170316405002006,42,31,3,0,0,0,8,34,0,8,11,0,21,21,0,56,0,0
30481,1000000US170316405002007,1,1,0,0,0,0,0,1,0,0,0,0,0,0,0,1,0,0
30482,1000000US170316405002008,38,27,0,0,1,0,10,28,0,10,11,1,21,21,0,50,0,0
30483,1000000US170316405002009,13,8,0,0,0,0,5,8,0,5,5,0,4,4,0,17,0,0
30484,1000000US170316405002010,39,14,0,0,1,0,25,14,0,25,25,1,15,15,0,52,0,0
30485,1000000US170316405002011,48,33,0,0,0,0,15,33,0,15,15,0,19,19,0,56,0,0
30486,1000000US170316405002012,48,27,0,0,0,0,21,27,0,21,21,0,20,20,0,65,0,0
30487,1000000US170316405002013,31,25,0,0,0,0,6,25,0,6,6,0,16,16,0,35,0,0
30488,1000000US170316405002014,20,13,0,0,0,0,7,13,0,7,7,0,10,9,1,23,0,0
30489,1000000US170316405002015,42,35,1,0,0,0,6,36,0,6,7,0,20,20,0,55,0,0
30490,1000000US170316405002016,43,27,0,0,3,0,13,30,0,13,16,0,20,20,0,59,0,0
30491,1000000US170316405002017,16,8,0,0,0,0,8,8,0,8,8,0,7,7,0,20,0,0
30492,1000000US170316405002018,16,16,0,0,0,0,0,16,0,0,0,0,9,8,1,21,0,0
30493,1000000US170316405002019,8,8,0,0,0,0,0,8,0,0,0,0,4,4,0,8,0,0
30494,1000000US170316405002020,37,28,0,0,0,0,9,28,0,9,9,0,15,15,0,45,0,0
30495,1000000US170316405002021,21,9,0,0,4,0,8,13,0,8,12,0,7,7,0,29,0,0
30496,1000000US170316405002022,0,0,0,0,0,0,0,0,0,0,0,0,0,0,0,0,0,0
30497,1000000US170316405002023,45,16,0,0,0,0,29,16,0,29,29,0,20,19,1,69,0,0
30498,1000000US170316405002024,246,147,6,3,13,0,79,167,0,79,99,9,176,166,10,310,1,1
30499,1000000US170316405002025,55,23,0,0,8,0,24,31,0,24,32,2,44,25,19,73,0,0
30500,1000000US170316405002026,31,24,0,1,4,0,2,29,0,2,7,5,15,14,1,38,0,0
30501,1000000US170316405002027,39,26,0,0,0,0,13,26,0,13,13,0,20,20,0,47,0,0
30502,1000000US170316405002028,52,41,0,0,0,0,11,41,0,11,11,1,20,20,0,71,0,0
30503,1000000US170316405002029,27,24,0,1,0,0,2,25,0,2,3,0,15,15,0,40,1,0
30504,1000000US170316405002030,39,27,5,1,0,1,10,29,0,10,12,0,20,20,0,55,1,4
30505,1000000US170316405002031,0,0,0,0,0,0,0,0,0,0,0,0,0,0,0,0,0,0
30506,1000000US170316406001000,9,6,0,0,1,0,2,7,0,2,3,0,7,7,0,10,0,0
30507,1000000US170316406001001,35,22,1,0,0,0,12,23,0,12,13,1,26,24,2,41,0,0
30508,1000000US170316406001002,40,25,1,0,2,0,12,28,0,12,15,0,19,17,2,52,0,0
30509,1000000US170316406001003,61,26,2,0,12,0,27,34,0,27,35,5,30,27,3,84,0,2
30510,1000000US170316406001004,6,4,0,0,0,0,2,4,0,2,2,0,3,3,0,10,0,0
30511,1000000US170316406001005,0,0,0,0,0,0,0,0,0,0,0,0,4,0,4,0,0,0
30512,1000000US170316406001006,31,22,0,0,0,0,9,22,0,9,9,0,16,16,0,37,0,0
30513,1000000US170316406001007,35,20,1,0,0,0,15,20,0,15,15,1,19,17,2,45,0,1
30514,1000000US170316406001008,52,36,0,0,0,1,15,37,0,15,16,4,25,23,2,66,0,0
30515,1000000US170316406001009,38,16,0,0,0,0,21,17,0,21,22,1,27,18,9,63,0,0
30516,1000000US170316406001010,51,28,0,0,0,0,23,28,0,23,23,0,24,19,5,71,0,0
30517,1000000US170316406001011,20,17,0,0,0,0,3,17,0,3,3,0,8,8,0,25,0,0
30518,1000000US170316406001012,71,32,6,0,0,0,33,38,0,33,39,1,41,35,6,94,0,0
30519,1000000US170316406001013,56,10,0,0,0,0,46,10,0,46,46,0,29,19,10,88,0,0
30520,1000000US170316406001014,19,8,0,0,3,3,7,12,0,7,11,6,13,11,2,24,0,0
30521,1000000US170316406001015,7,0,0,2,0,0,5,2,0,5,7,0,3,3,0,16,2,0
30522,1000000US170316406001016,41,23,0,0,0,0,18,23,0,18,18,1,22,22,0,60,0,0
30523,1000000US170316406001017,64,14,0,0,0,1,50,14,0,50,50,3,32,25,7,99,0,0
30524,1000000US170316406001018,39,5,0,3,0,0,34,5,0,34,34,0,18,17,1,50,3,0
30525,1000000US170316406001019,3,2,0,0,0,1,0,3,0,0,1,0,1,1,0,4,0,0
30526,1000000US170316406002000,78,54,1,1,0,0,23,55,0,23,24,1,57,52,5,97,1,0
30527,1000000US170316406002001,43,30,0,0,1,0,12,31,0,12,13,0,32,27,5,47,0,0
30528,1000000US170316406002002,6,6,0,0,0,0,0,6,0,0,0,0,5,5,0,6,0,0
30529,1000000US170316406002003,106,49,5,0,0,0,53,53,0,53,57,0,57,55,2,140,0,1
30530,1000000US170316406002004,25,22,0,0,0,0,3,22,0,3,3,1,17,16,1,28,0,0
30531,1000000US170316406002005,9,6,0,0,0,0,3,6,0,3,3,0,4,4,0,9,0,0
30532,1000000US170316406002006,53,21,1,0,0,0,32,21,0,32,32,0,25,22,3,80,0,1
30533,1000000US170316406002007,40,17,0,0,0,0,23,17,0,23,23,3,20,19,1,51,0,0
30534,1000000US170316406002008,49,27,3,0,0,0,19,30,0,19,22,0,23,22,1,74,0,0
30535,1000000US170316406002009,31,27,0,0,0,0,4,27,0,4,4,0,15,15,0,37,0,0
30536,1000000US170316406002010,19,15,0,0,0,0,4,15,0,4,4,0,9,9,0,25,0,0
30537,1000000US170316406002011,19,11,0,0,0,0,6,13,0,6,8,2,8,8,0,23,0,0
30538,1000000US170316406002012,32,19,0,0,0,0,13,19,0,13,13,0,15,15,0,47,0,0
30539,1000000US170316406002013,29,26,0,0,0,0,3,26,0,3,3,0,15,14,1,33,0,0
30540,1000000US170316406002014,27,23,0,0,0,0,4,23,0,4,4,0,15,15,0,44,0,0
30541,1000000US170316406002015,32,22,2,2,2,0,6,26,0,6,10,4,15,15,0,44,0,0
30542,1000000US170316406002016,18,14,0,0,0,0,4,14,0,4,4,0,9,9,0,26,0,0
30543,1000000US170316406002017,21,16,0,0,2,0,5,16,0,5,5,1,11,11,0,34,0,0
30544,1000000US170316406002018,35,11,0,0,0,0,24,11,0,24,24,0,19,18,1,51,0,0
30545,1000000US170316406002019,55,23,0,3,0,0,31,24,0,31,32,0,22,21,1,74,3,0
30546,1000000US170316406002020,41,18,0,0,0,0,23,18,0,23,23,0,21,20,1,55,0,0
30547,1000000US170316406002021,28,15,0,0,0,0,13,15,0,13,13,0,18,18,0,38,0,0
30548,1000000US170316406002022,28,18,0,0,0,0,10,18,0,10,10,0,15,15,0,43,0,0
30549,1000000US170316406002023,97,67,4,0,1,0,25,72,0,25,30,2,76,69,7,114,0,0
30550,1000000US170316406002024,29,11,1,4,0,0,14,15,0,14,18,3,19,16,3,42,1,0
30551,1000000US170316406002025,28,23,2,0,0,0,3,25,0,3,5,0,17,17,0,37,0,0
30552,1000000US170316406002026,36,17,0,2,1,0,16,20,0,16,19,0,21,20,1,56,2,0
30553,1000000US170316406002027,68,47,0,0,0,0,21,47,0,21,21,2,27,27,0,91,0,0
30554,1000000US170316406002028,32,23,0,2,0,0,9,23,0,9,9,0,16,16,0,42,2,0
30555,1000000US170316406002029,2,2,0,0,0,0,0,2,0,0,0,0,3,2,1,2,0,0
30556,1000000US170316406002030,0,0,0,0,0,0,0,0,0,0,0,0,0,0,0,0,0,0
30557,1000000US170316406003000,50,21,2,0,3,0,26,24,0,26,29,0,21,20,1,64,0,2
30558,1000000US170316406003001,35,28,0,0,6,0,3,32,0,3,7,0,22,21,1,39,0,0
30559,1000000US170316406003002,46,37,1,0,0,0,9,37,0,9,9,0,36,33,3,54,0,1
30560,1000000US170316406003003,43,34,0,0,0,0,9,34,0,9,9,0,21,21,0,55,0,0
30561,1000000US170316406003004,48,33,0,1,8,1,5,43,0,5,15,2,21,20,1,62,0,0
30562,1000000US170316406003005,42,37,0,0,0,0,5,37,0,5,5,0,20,20,0,46,0,0
30563,1000000US170316406003006,36,33,0,0,0,0,3,33,0,3,3,0,19,19,0,46,0,0
30564,1000000US170316406003007,42,32,0,1,0,0,10,32,0,10,10,1,20,20,0,52,1,0
30565,1000000US170316406003008,4,4,0,0,0,0,0,4,0,0,0,0,2,2,0,5,0,0
30566,1000000US170316406003009,6,4,0,0,0,0,2,4,0,2,2,0,4,4,0,9,0,0
30567,1000000US170316406003010,42,36,0,0,0,0,6,36,0,6,6,2,20,20,0,43,0,0
30568,1000000US170316406003011,36,28,0,0,0,0,8,28,0,8,8,0,19,18,1,40,0,0
30569,1000000US170316406003012,28,19,1,0,2,0,6,22,0,6,9,0,15,15,0,30,0,0
30570,1000000US170316406003013,16,5,0,0,0,0,11,5,0,11,11,0,5,5,0,18,0,0
30571,1000000US170316406003014,21,18,0,0,0,0,3,18,0,3,3,0,7,7,0,27,0,0
30572,1000000US170316406003015,35,26,0,0,0,0,9,26,0,9,9,0,20,19,1,45,0,0
30573,1000000US170316406003016,49,37,0,0,0,0,12,37,0,12,12,0,20,20,0,64,0,0
30574,1000000US170316406003017,37,27,0,0,0,0,10,27,0,10,10,0,22,18,4,49,0,0
30575,1000000US170316406003018,40,25,0,0,1,0,14,26,0,14,15,0,20,19,1,53,0,0
30576,1000000US170316406003019,99,74,1,0,2,0,22,77,0,22,25,0,84,75,9,112,0,0
30577,1000000US170316406003020,50,35,0,0,2,0,14,36,0,14,15,3,35,34,1,57,0,0
30578,1000000US170316406003021,129,80,0,0,0,0,45,84,0,45,49,4,82,79,3,153,0,0
30579,1000000US170316406003022,63,45,0,0,0,0,18,45,0,18,18,1,39,39,0,88,0,0
30580,1000000US170316406003023,168,104,10,0,4,0,50,118,0,50,64,2,118,108,10,205,0,0
30581,1000000US170316406003024,57,38,0,1,2,0,17,40,0,17,19,0,35,35,0,67,1,0
30582,1000000US170316407001000,0,0,0,0,0,0,0,0,0,0,0,0,0,0,0,0,0,0
30583,1000000US170316407001001,0,0,0,0,0,0,0,0,0,0,0,0,0,0,0,0,0,0
30584,1000000US170316407001002,10,7,0,0,0,0,3,7,0,3,3,0,5,5,0,13,0,0
30585,1000000US170316407001003,4,3,0,0,0,0,1,3,0,1,1,0,4,3,1,4,0,0
30586,1000000US170316407001004,0,0,0,0,0,0,0,0,0,0,0,0,0,0,0,0,0,0
30587,1000000US170316407001005,33,9,0,0,0,0,24,9,0,24,24,0,15,13,2,54,0,0
30588,1000000US170316407001006,41,9,3,0,0,0,32,9,0,32,32,0,15,14,1,61,0,3
30589,1000000US170316407001007,44,18,0,0,0,0,26,18,0,26,26,3,15,15,0,70,0,0
30590,1000000US170316407001008,30,22,0,0,0,0,8,22,0,8,8,0,15,14,1,34,0,0
30591,1000000US170316407001009,0,0,0,0,0,0,0,0,0,0,0,0,0,0,0,0,0,0
30592,1000000US170316407001010,36,17,0,0,0,0,19,17,0,19,19,0,15,14,1,47,0,0
30593,1000000US170316407001011,34,13,1,0,0,0,21,13,0,21,21,0,15,15,0,42,0,1
30594,1000000US170316407001012,47,28,0,2,0,0,19,28,0,19,19,0,20,19,1,50,2,0
30595,1000000US170316407001013,44,15,0,0,0,0,29,15,0,29,29,1,20,20,0,61,0,0
30596,1000000US170316407001014,48,16,0,0,1,0,30,18,0,30,32,4,20,20,0,78,0,0
30597,1000000US170316407001015,43,10,0,0,2,0,31,12,0,31,33,3,20,18,2,64,0,0
30598,1000000US170316407001016,48,20,0,0,0,0,28,20,0,28,28,0,21,19,2,62,0,0
30599,1000000US170316407001017,49,19,0,0,0,0,30,19,0,30,30,1,20,19,1,58,0,0
30600,1000000US170316407001018,47,13,2,0,0,0,32,15,0,32,34,0,20,19,1,65,0,0
30601,1000000US170316407001019,2,0,0,0,0,0,2,0,0,2,2,0,1,1,0,2,0,0
30602,1000000US170316407002000,40,11,0,0,0,0,29,11,0,29,29,0,19,19,0,63,0,0
30603,1000000US170316407002001,0,0,0,0,0,0,0,0,0,0,0,0,0,0,0,0,0,0
30604,1000000US170316407002002,0,0,0,0,0,0,0,0,0,0,0,0,0,0,0,0,0,0
30605,1000000US170316407002003,0,0,0,0,0,0,0,0,0,0,0,0,0,0,0,0,0,0
30606,1000000US170316407002004,54,29,3,1,0,0,22,32,0,22,25,0,22,22,0,61,1,0
30607,1000000US170316407002005,44,33,0,0,0,0,11,33,0,11,11,0,18,18,0,58,0,0
30608,1000000US170316407002006,60,28,2,0,0,0,30,30,0,30,32,0,32,29,3,93,0,0
30609,1000000US170316407002007,81,31,0,3,0,0,49,32,0,49,50,1,35,33,2,106,2,0
30610,1000000US170316407002008,140,80,1,0,2,0,58,82,0,58,60,3,66,64,2,197,0,1
30611,1000000US170316407002009,100,57,0,0,0,0,43,57,0,43,43,0,49,48,1,134,0,0
30612,1000000US170316407002010,46,29,1,1,1,0,15,31,0,15,17,1,23,20,3,61,1,0
30613,1000000US170316407003000,4,2,0,0,0,0,2,2,0,2,2,0,3,2,1,4,0,0
30614,1000000US170316407003001,23,4,1,1,0,0,18,5,0,18,19,1,12,12,0,35,1,0
30615,1000000US170316407003002,2,2,0,0,0,0,0,2,0,0,0,0,2,2,0,4,0,0
30616,1000000US170316407003003,45,35,0,0,0,0,10,35,0,10,10,0,26,24,2,57,0,0
30617,1000000US170316407003004,43,26,0,0,0,0,16,27,0,16,17,1,22,21,1,63,0,0
30618,1000000US170316407003005,40,27,1,1,0,1,12,28,0,12,13,2,22,22,0,52,0,0
30619,1000000US170316407003006,40,22,0,2,0,0,16,24,0,16,18,2,25,22,3,51,0,0
30620,1000000US170316407003007,64,38,2,0,0,0,24,40,0,24,26,0,35,31,4,87,0,0
30621,1000000US170316407003008,47,37,1,0,3,0,6,41,0,6,10,0,26,25,1,63,0,0
30622,1000000US170316407003009,57,48,3,0,0,0,7,50,0,7,9,0,30,29,1,74,0,1
30623,1000000US170316407003010,51,45,0,0,0,0,6,45,0,6,6,0,24,23,1,68,0,0
30624,1000000US170316407003011,73,38,1,2,0,0,33,40,0,33,35,14,40,36,4,111,1,0
30625,1000000US170316407003012,23,22,0,0,0,0,1,22,0,1,1,0,9,9,0,27,0,0
30626,1000000US170316407003013,26,16,1,0,0,0,10,16,0,10,10,0,15,13,2,36,0,1
30627,1000000US170316407003014,48,27,0,4,0,0,20,28,0,20,21,5,24,24,0,89,4,0
30628,1000000US170316407003015,0,0,0,0,0,0,0,0,0,0,0,0,0,0,0,0,0,0
30629,1000000US170316407004000,0,0,0,0,0,0,0,0,0,0,0,0,0,0,0,0,0,0
30630,1000000US170316407004001,0,0,0,0,0,0,0,0,0,0,0,0,0,0,0,0,0,0
30631,1000000US170316407004002,34,11,0,0,0,0,23,11,0,23,23,1,15,14,1,45,0,0
30632,1000000US170316407004003,15,7,0,0,0,0,8,7,0,8,8,1,7,7,0,20,0,0
30633,1000000US170316407004004,31,20,0,0,0,0,11,20,0,11,11,0,16,14,2,43,0,0
30634,1000000US170316407004005,29,10,0,1,1,0,17,12,0,17,19,1,13,13,0,48,1,0
30635,1000000US170316407004006,29,22,1,0,0,0,6,23,0,6,7,0,22,18,4,54,0,0
30636,1000000US170316407004007,66,16,3,1,11,0,37,29,0,37,50,1,34,33,1,105,1,0
30637,1000000US170316407004008,3,1,0,0,0,0,2,1,0,2,2,0,2,1,1,6,0,0
30638,1000000US170316407004009,11,11,0,0,0,0,0,11,0,0,0,0,7,7,0,12,0,0
30639,1000000US170316407004010,29,14,0,0,0,0,15,14,0,15,15,0,13,11,2,40,0,0
30640,1000000US170316407004011,30,14,0,0,0,0,16,14,0,16,16,0,15,13,2,38,0,0
30641,1000000US170316407004012,34,17,0,0,0,0,17,17,0,17,17,1,16,16,0,51,0,0
30642,1000000US170316407004013,44,12,0,0,0,0,32,12,0,32,32,1,26,21,5,63,0,0
30643,1000000US170316407004014,35,13,3,3,0,0,16,19,0,16,22,2,16,15,1,46,1,0
30644,1000000US170316407004015,0,0,0,0,0,0,0,0,0,0,0,0,0,0,0,0,0,0
30645,1000000US170316407004016,0,0,0,0,0,0,0,0,0,0,0,0,0,0,0,0,0,0
30646,1000000US170316407004017,42,10,1,0,0,0,31,11,0,31,32,0,15,15,0,69,0,0
30647,1000000US170316407004018,0,0,0,0,0,0,0,0,0,0,0,0,0,0,0,0,0,0
30648,1000000US170316407004019,35,6,0,0,0,0,29,6,0,29,29,1,18,18,0,60,0,0
30649,1000000US170316407004020,36,11,0,6,0,0,25,11,0,25,25,0,14,13,1,50,6,0
30650,1000000US170316407004021,37,12,1,0,0,0,24,13,0,24,25,0,18,17,1,47,0,0
30651,1000000US170316408001000,0,0,0,0,0,0,0,0,0,0,0,0,0,0,0,0,0,0
30652,1000000US170316408001001,0,0,0,0,0,0,0,0,0,0,0,0,0,0,0,0,0,0
30653,1000000US170316408001002,27,3,7,0,8,0,9,18,0,9,24,0,17,15,2,37,0,0
30654,1000000US170316408001003,0,0,0,0,0,0,0,0,0,0,0,0,0,0,0,0,0,0
30655,1000000US170316408001004,0,0,0,0,0,0,0,0,0,0,0,0,0,0,0,0,0,0
30656,1000000US170316408001005,47,19,0,0,0,0,28,19,0,28,28,0,21,19,2,65,0,0
30657,1000000US170316408001006,50,10,0,0,0,0,40,10,0,40,40,0,15,15,0,76,0,0
30658,1000000US170316408001007,46,10,1,0,0,1,36,10,0,36,36,1,16,15,1,56,0,1
30659,1000000US170316408001008,48,7,0,0,0,0,41,7,0,41,41,0,17,17,0,65,0,0
30660,1000000US170316408001009,48,5,0,0,0,0,43,5,0,43,43,0,17,16,1,80,0,0
30661,1000000US170316408001010,48,7,1,0,0,0,39,9,0,39,41,0,31,22,9,83,0,0
30662,1000000US170316408001011,45,8,0,0,0,0,37,8,0,37,37,0,16,16,0,58,0,0
30663,1000000US170316408001012,0,0,0,0,0,0,0,0,0,0,0,0,0,0,0,0,0,0
30664,1000000US170316408001013,0,0,0,0,0,0,0,0,0,0,0,0,0,0,0,0,0,0
30665,1000000US170316408001014,59,14,1,0,1,1,43,16,0,43,45,1,28,28,0,71,0,0
30666,1000000US170316408001015,41,19,0,0,0,0,22,19,0,22,22,1,22,21,1,50,0,0
30667,1000000US170316408001016,67,11,0,0,0,0,56,11,0,56,56,0,21,21,0,91,0,0
30668,1000000US170316408001017,58,16,7,0,3,0,32,26,0,32,42,3,32,27,5,86,0,0
30669,1000000US170316408001018,49,21,0,0,0,0,27,22,0,27,28,0,18,18,0,66,0,0
30670,1000000US170316408002000,0,0,0,0,0,0,0,0,0,0,0,0,0,0,0,0,0,0
30671,1000000US170316408002001,47,11,0,2,0,0,36,11,0,36,36,0,19,19,0,70,2,0
30672,1000000US170316408002002,58,18,0,0,0,0,40,18,0,40,40,0,23,23,0,74,0,0
30673,1000000US170316408002003,34,14,2,0,0,0,18,16,0,18,20,2,22,20,2,45,0,0
30674,1000000US170316408002004,64,13,0,0,3,1,47,17,0,47,51,10,30,28,2,81,0,0
30675,1000000US170316408002005,52,7,3,0,0,0,43,9,0,43,45,2,21,20,1,67,0,1
30676,1000000US170316408002006,59,9,6,0,1,0,37,22,0,37,50,0,25,22,3,79,0,0
30677,1000000US170316408002007,0,0,0,0,0,0,0,0,0,0,0,0,0,0,0,0,0,0
30678,1000000US170316408002008,0,0,0,0,0,0,0,0,0,0,0,0,0,0,0,0,0,0
30679,1000000US170316408002009,52,19,1,0,4,0,28,24,0,28,33,0,19,19,0,81,0,0
30680,1000000US170316408002010,48,13,1,0,2,1,31,17,0,31,35,1,22,19,3,78,0,0
30681,1000000US170316408002011,49,10,1,1,0,0,38,11,0,38,39,0,20,19,1,67,1,0
30682,1000000US170316408002012,41,18,0,0,0,0,23,18,0,23,23,0,20,17,3,55,0,0
30683,1000000US170316408002013,47,5,0,0,0,0,41,6,0,41,42,2,18,18,0,63,0,0
30684,1000000US170316408002014,53,21,0,0,0,0,29,24,0,29,32,0,23,22,1,72,0,0
30685,1000000US170316501001000,0,0,0,0,0,0,0,0,0,0,0,0,0,0,0,0,0,0
30686,1000000US170316501001001,0,0,0,0,0,0,0,0,0,0,0,0,0,0,0,0,0,0
30687,1000000US170316501001002,0,0,0,0,0,0,0,0,0,0,0,0,0,0,0,0,0,0
30688,1000000US170316501001003,108,17,13,2,4,0,74,34,0,74,91,9,67,59,8,156,0,0
30689,1000000US170316501001004,61,10,0,0,0,0,49,12,0,49,51,0,22,19,3,91,0,0
30690,1000000US170316501001005,35,13,0,0,1,0,21,14,0,21,22,0,14,14,0,57,0,0
30691,1000000US170316501001006,53,13,3,0,0,0,37,16,0,37,40,0,19,18,1,65,0,0
30692,1000000US170316501001007,52,14,0,0,0,0,38,14,0,38,38,0,21,21,0,77,0,0
30693,1000000US170316501001008,51,13,0,1,0,0,38,13,0,38,38,0,24,20,4,73,1,0
30694,1000000US170316501001009,52,1,0,1,0,0,51,1,0,51,51,1,16,15,1,82,0,0
30695,1000000US170316501001010,55,8,4,0,0,0,47,8,0,47,47,0,24,22,2,74,0,4
30696,1000000US170316501001011,59,10,0,0,0,0,49,10,0,49,49,0,22,21,1,93,0,0
30697,1000000US170316501001012,65,2,3,0,0,1,62,3,0,62,63,7,24,22,2,99,0,2
30698,1000000US170316501001013,53,8,0,0,0,0,45,8,0,45,45,0,21,19,2,84,0,0
30699,1000000US170316501001014,0,0,0,0,0,0,0,0,0,0,0,0,0,0,0,0,0,0
30700,1000000US170316501001015,0,0,0,0,0,0,0,0,0,0,0,0,0,0,0,0,0,0
30701,1000000US170316501001016,63,9,0,0,0,0,54,9,0,54,54,0,20,18,2,92,0,0
30702,1000000US170316501001017,74,17,3,0,0,0,54,20,0,54,57,7,25,25,0,107,0,0
30703,1000000US170316501001018,72,5,8,0,0,0,59,13,0,59,67,0,23,22,1,101,0,0
30704,1000000US170316501001019,73,17,0,0,0,0,56,17,0,56,56,0,20,20,0,105,0,0
30705,1000000US170316501002000,0,0,0,0,0,0,0,0,0,0,0,0,0,0,0,0,0,0
30706,1000000US170316501002001,3,0,0,0,0,0,3,0,0,3,3,2,2,2,0,4,0,0
30707,1000000US170316501002002,56,14,0,0,0,0,42,14,0,42,42,3,19,19,0,88,0,0
30708,1000000US170316501002003,59,5,0,5,0,0,54,5,0,54,54,1,19,19,0,84,5,0
30709,1000000US170316501002004,64,12,8,4,0,0,52,12,0,52,52,13,21,19,2,86,4,8
30710,1000000US170316501002005,48,6,2,2,0,0,41,7,0,41,42,0,19,19,0,71,2,1
30711,1000000US170316501002006,43,8,0,0,0,0,35,8,0,35,35,0,19,18,1,67,0,0
30712,1000000US170316501002007,78,13,0,0,0,0,65,13,0,65,65,0,33,31,2,116,0,0
30713,1000000US170316501002008,61,2,0,3,1,0,58,3,0,58,59,0,24,21,3,102,3,0
30714,1000000US170316501002009,62,9,1,0,0,0,52,10,0,52,53,4,22,22,0,92,0,0
30715,1000000US170316501002010,0,0,0,0,0,0,0,0,0,0,0,0,0,0,0,0,0,0
30716,1000000US170316501002011,0,0,0,0,0,0,0,0,0,0,0,0,0,0,0,0,0,0
30717,1000000US170316501002012,77,7,1,0,0,0,69,8,0,69,70,0,22,20,2,119,0,0
30718,1000000US170316501002013,4,2,0,0,0,0,2,2,0,2,2,0,0,0,0,4,0,0
30719,1000000US170316501002014,26,10,0,0,0,0,16,10,0,16,16,0,14,11,3,44,0,0
30720,1000000US170316501002015,58,4,2,1,1,1,53,5,0,53,54,1,25,22,3,83,0,1
30721,1000000US170316501002016,85,0,0,0,0,0,84,1,0,84,85,3,25,25,0,129,0,0
30722,1000000US170316501002017,65,17,1,0,0,0,48,17,0,48,48,2,24,24,0,96,0,1
30723,1000000US170316501002018,3,0,0,0,0,0,3,0,0,3,3,0,3,2,1,9,0,0
30724,1000000US170316501002019,72,4,0,0,0,0,68,4,0,68,68,0,22,19,3,103,0,0
30725,1000000US170316501002020,0,0,0,0,0,0,0,0,0,0,0,0,0,0,0,0,0,0
30726,1000000US170316501003000,52,6,2,4,1,0,43,9,0,43,46,4,21,20,1,80,3,1
30727,1000000US170316501003001,28,3,0,0,0,0,25,3,0,25,25,0,15,11,4,38,0,0
30728,1000000US170316501003002,0,0,0,0,0,0,0,0,0,0,0,0,0,0,0,0,0,0
30729,1000000US170316501003003,45,9,0,0,0,0,36,9,0,36,36,0,16,14,2,56,0,0
30730,1000000US170316501003004,55,10,0,0,0,0,45,10,0,45,45,1,18,17,1,77,0,0
30731,1000000US170316501003005,60,12,6,2,3,0,40,20,0,40,48,7,24,23,1,97,0,1
30732,1000000US170316501003006,44,7,0,0,0,0,37,7,0,37,37,0,17,15,2,68,0,0
30733,1000000US170316501003007,0,0,0,0,0,0,0,0,0,0,0,0,0,0,0,0,0,0
30734,1000000US170316501003008,44,9,0,1,0,0,35,9,0,35,35,0,15,14,1,71,1,0
30735,1000000US170316501003009,47,6,0,0,0,0,41,6,0,41,41,0,17,15,2,66,0,0
30736,1000000US170316501003010,68,5,0,0,0,0,63,5,0,63,63,1,29,26,3,100,0,0
30737,1000000US170316501003011,0,0,0,0,0,0,0,0,0,0,0,0,0,0,0,0,0,0
30738,1000000US170316501003012,86,11,23,0,10,0,42,44,0,42,75,2,64,57,7,122,0,0
30739,1000000US170316501003013,48,0,0,3,0,0,46,2,0,46,48,1,14,13,1,65,2,0
30740,1000000US170316501003014,38,7,19,2,0,0,14,24,0,14,31,1,23,23,0,61,1,2
30741,1000000US170316501003015,44,14,0,0,0,0,30,14,0,30,30,4,19,18,1,53,0,0
30742,1000000US170316501003016,54,2,0,0,0,0,52,2,0,52,52,0,22,20,2,88,0,0
30743,1000000US170316501004000,58,3,1,2,0,0,54,4,0,54,55,5,22,20,2,75,2,0
30744,1000000US170316501004001,57,4,19,1,0,0,34,23,0,34,53,0,39,34,5,99,1,0
30745,1000000US170316501004002,42,8,0,0,4,0,30,12,0,30,34,0,14,14,0,58,0,0
30746,1000000US170316501004003,52,7,0,0,0,0,45,7,0,45,45,1,19,19,0,76,0,0
30747,1000000US170316501004004,67,11,4,0,0,0,52,15,0,52,56,9,17,17,0,92,0,0
30748,1000000US170316501004005,43,0,0,0,0,0,43,0,0,43,43,0,14,14,0,61,0,0
30749,1000000US170316501004006,47,8,0,0,0,0,39,8,0,39,39,0,16,16,0,64,0,0
30750,1000000US170316501004007,50,6,0,0,0,0,44,6,0,44,44,2,23,19,4,75,0,0
30751,1000000US170316501004008,50,11,0,0,0,0,39,11,0,39,39,0,20,20,0,78,0,0
30752,1000000US170316501004009,28,2,0,0,0,0,26,2,0,26,26,0,13,12,1,40,0,0
30753,1000000US170316501004010,1,0,0,0,0,0,1,0,0,1,1,0,1,1,0,1,0,0
30754,1000000US170316501004011,41,12,0,0,0,0,29,12,0,29,29,0,14,14,0,52,0,0
30755,1000000US170316501004012,63,6,3,0,4,0,50,13,0,50,57,1,20,20,0,84,0,0
30756,1000000US170316501004013,47,16,1,1,0,0,31,16,0,31,31,1,20,20,0,64,1,1
30757,1000000US170316501004014,31,9,0,0,0,0,22,9,0,22,22,3,15,14,1,40,0,0
30758,1000000US170316501004015,49,7,0,0,0,0,42,7,0,42,42,0,18,16,2,67,0,0
30759,1000000US170316501004016,67,3,7,0,0,0,57,10,0,57,64,7,19,19,0,95,0,0
30760,1000000US170316502001000,19,3,0,0,0,0,16,3,0,16,16,5,7,7,0,27,0,0
30761,1000000US170316502001001,17,2,0,0,4,0,15,2,0,15,15,0,8,7,1,26,0,0
30762,1000000US170316502001002,24,7,7,1,2,0,15,9,0,15,17,8,9,9,0,30,1,7
30763,1000000US170316502001003,14,7,0,1,0,0,7,7,0,7,7,0,9,8,1,19,1,0
30764,1000000US170316502001004,36,0,0,0,4,0,32,4,0,32,36,4,18,15,3,57,0,0
30765,1000000US170316502001005,13,0,0,0,0,0,13,0,0,13,13,0,5,5,0,17,0,0
30766,1000000US170316502001006,38,6,0,0,3,0,29,9,0,29,32,0,16,16,0,54,0,0
30767,1000000US170316502001007,69,17,0,1,0,0,52,17,0,52,52,1,24,23,1,85,1,0
30768,1000000US170316502001008,35,19,0,0,0,0,16,19,0,16,16,0,20,18,2,53,0,0
30769,1000000US170316502001009,41,5,0,0,2,0,35,6,0,35,36,0,19,19,0,60,0,0
30770,1000000US170316502001010,45,16,0,0,0,0,29,16,0,29,29,0,21,20,1,68,0,0
30771,1000000US170316502001011,36,6,0,0,1,0,29,7,0,29,30,0,17,15,2,57,0,0
30772,1000000US170316502001012,42,15,6,0,0,0,21,21,0,21,27,0,20,19,1,63,0,0
30773,1000000US170316502001013,38,13,0,0,0,0,25,13,0,25,25,0,21,19,2,47,0,0
30774,1000000US170316502001014,60,6,0,0,0,0,54,6,0,54,54,7,20,19,1,95,0,0
30775,1000000US170316502001015,65,15,1,5,0,0,50,15,0,50,50,9,23,23,0,97,5,1
30776,1000000US170316502001016,77,12,0,2,0,0,65,12,0,65,65,4,30,29,1,110,2,0
30777,1000000US170316502001017,0,0,0,0,0,0,0,0,0,0,0,0,0,0,0,0,0,0
30778,1000000US170316502001018,0,0,0,0,0,0,0,0,0,0,0,0,0,0,0,0,0,0
30779,1000000US170316502001019,62,12,0,7,0,0,49,13,0,49,50,2,29,25,4,94,6,0
30780,1000000US170316502001020,71,18,0,0,1,0,52,19,0,52,53,4,32,29,3,95,0,0
30781,1000000US170316502001021,67,20,0,4,0,0,46,21,0,46,47,0,25,25,0,85,4,0
30782,1000000US170316502001022,12,0,0,0,1,0,12,0,0,12,12,0,7,4,3,20,0,0
30783,1000000US170316502002000,6,0,0,0,0,0,6,0,0,6,6,0,5,5,0,8,0,0
30784,1000000US170316502002001,59,14,0,0,0,0,45,14,0,45,45,0,20,20,0,82,0,0
30785,1000000US170316502002002,73,8,0,3,0,0,65,8,0,65,65,4,23,23,0,112,3,0
30786,1000000US170316502002003,64,9,0,0,0,0,55,9,0,55,55,0,22,21,1,95,0,0
30787,1000000US170316502002004,55,19,0,0,0,0,36,19,0,36,36,2,23,22,1,76,0,0
30788,1000000US170316502002005,41,18,0,3,0,0,23,18,0,23,23,3,20,20,0,72,0,0
30789,1000000US170316502002006,54,9,0,0,0,0,45,9,0,45,45,0,23,22,1,80,0,0
30790,1000000US170316502002007,58,14,0,0,0,0,44,14,0,44,44,0,25,24,1,97,0,0
30791,1000000US170316502002008,61,19,0,0,0,0,42,19,0,42,42,0,24,24,0,85,0,0
30792,1000000US170316502002009,60,16,0,0,0,0,44,16,0,44,44,0,25,21,4,72,0,0
30793,1000000US170316502002010,66,5,4,0,0,0,61,5,0,61,61,10,24,24,0,112,0,4
30794,1000000US170316502002011,41,12,2,0,0,0,27,14,0,27,29,4,20,17,3,60,0,0
30795,1000000US170316502002012,36,10,3,1,0,0,23,13,0,23,26,0,18,17,1,58,1,0
30796,1000000US170316502002013,40,15,0,0,0,0,25,15,0,25,25,0,16,16,0,58,0,0
30797,1000000US170316502002014,53,9,3,0,0,0,41,12,0,41,44,0,22,22,0,80,0,0
30798,1000000US170316502002015,44,15,1,2,0,0,27,17,0,27,29,5,18,17,1,60,0,1
30799,1000000US170316502002016,49,7,0,1,0,0,41,8,0,41,42,2,21,20,1,78,1,0
30800,1000000US170316502002017,48,12,0,0,0,0,36,12,0,36,36,0,17,16,1,65,0,0
30801,1000000US170316502002018,52,16,0,3,0,0,36,16,0,36,36,2,23,23,0,75,3,0
30802,1000000US170316502002019,6,0,0,0,0,0,6,0,0,6,6,3,5,2,3,10,0,0
30803,1000000US170316502002020,0,0,0,0,0,0,0,0,0,0,0,0,0,0,0,0,0,0
30804,1000000US170316502002021,47,8,13,0,1,0,26,21,0,26,39,1,29,29,0,60,0,0
30805,1000000US170316502002022,30,6,0,0,3,0,21,9,0,21,24,2,17,15,2,46,0,0
30806,1000000US170316502002023,6,1,0,0,1,0,5,1,0,5,5,1,3,3,0,6,0,0
30807,1000000US170316502002024,4,4,0,0,0,0,0,4,0,0,0,0,3,2,1,4,0,0
30808,1000000US170316502003000,56,18,0,0,0,0,38,18,0,38,38,0,23,23,0,78,0,0
30809,1000000US170316502003001,96,14,0,2,0,0,82,14,0,82,82,0,34,33,1,155,2,0
30810,1000000US170316502003002,63,13,0,0,0,0,50,13,0,50,50,0,26,20,6,105,0,0
30811,1000000US170316502003003,58,11,2,0,0,0,45,13,0,45,47,0,26,24,2,102,0,0
30812,1000000US170316502003004,63,20,0,6,0,0,43,20,0,43,43,6,27,25,2,96,0,0
30813,1000000US170316502003005,67,18,0,0,0,0,49,18,0,49,49,2,32,28,4,99,0,0
30814,1000000US170316502003006,52,6,0,0,0,0,46,6,0,46,46,4,24,23,1,89,0,0
30815,1000000US170316502003007,33,9,0,0,0,0,24,9,0,24,24,0,20,15,5,64,0,0
30816,1000000US170316502003008,43,15,2,2,0,0,27,16,0,27,28,5,18,17,1,62,0,1
30817,1000000US170316502003009,43,24,0,0,0,0,19,24,0,19,19,3,15,14,1,62,0,0
30818,1000000US170316502003010,51,15,1,0,0,0,36,15,0,36,36,1,20,18,2,70,0,1
30819,1000000US170316502003011,50,15,0,1,0,0,35,15,0,35,35,0,26,24,2,66,1,0
30820,1000000US170316502003012,35,4,0,0,0,0,31,4,0,31,31,0,17,15,2,50,0,0
30821,1000000US170316502003013,75,3,0,0,6,0,66,9,0,66,72,2,26,24,2,103,0,0
30822,1000000US170316502003014,49,7,0,0,0,0,42,7,0,42,42,3,20,17,3,66,0,0
30823,1000000US170316502003015,58,16,0,0,0,0,42,16,0,42,42,2,27,26,1,88,0,0
30824,1000000US170316502003016,9,8,0,0,0,0,1,8,0,1,1,0,7,5,2,14,0,0
30825,1000000US170316502003017,21,3,0,1,0,0,17,4,0,17,18,0,10,10,0,44,1,0
30826,1000000US170316502003018,8,0,0,0,0,0,8,0,0,8,8,0,4,4,0,14,0,0
30827,1000000US170316502003019,6,1,0,0,0,0,5,1,0,5,5,0,2,2,0,6,0,0
30828,1000000US170316502004000,24,6,0,0,0,0,18,6,0,18,18,6,9,9,0,31,0,0
30829,1000000US170316502004001,22,11,0,0,0,0,11,11,0,11,11,0,11,11,0,26,0,0
30830,1000000US170316502004002,25,4,0,0,0,0,21,4,0,21,21,1,9,9,0,34,0,0
30831,1000000US170316502004003,55,17,0,1,1,0,36,19,0,36,38,1,24,22,2,76,0,0
30832,1000000US170316502004004,54,32,0,0,0,0,22,32,0,22,22,0,23,23,0,67,0,0
30833,1000000US170316502004005,103,14,0,2,0,0,89,14,0,89,89,0,37,37,0,140,2,0
30834,1000000US170316502004006,51,14,1,0,0,0,36,15,0,36,37,0,23,22,1,85,0,0
30835,1000000US170316502004007,50,20,0,1,1,0,29,21,0,29,30,2,24,21,3,65,1,0
30836,1000000US170316502004008,41,27,1,0,0,0,13,28,0,13,14,0,19,19,0,58,0,0
30837,1000000US170316502004009,53,7,0,0,0,0,46,7,0,46,46,0,24,23,1,75,0,0
30838,1000000US170316502004010,51,17,2,0,0,0,32,19,0,32,34,1,19,18,1,67,0,0
30839,1000000US170316502004011,58,5,0,0,0,0,53,5,0,53,53,0,20,19,1,91,0,0
30840,1000000US170316502004012,51,7,6,0,0,0,38,13,0,38,44,0,15,15,0,87,0,0
30841,1000000US170316502004013,57,8,3,0,0,0,46,11,0,46,49,0,18,18,0,83,0,0
30842,1000000US170316502004014,75,21,2,1,0,0,52,23,0,52,54,5,22,22,0,84,0,0
30843,1000000US170316502004015,53,10,7,0,0,0,36,17,0,36,43,0,24,22,2,76,0,0
30844,1000000US170316502004016,62,10,0,0,0,0,52,10,0,52,52,2,26,25,1,98,0,0
30845,1000000US170316502004017,54,18,2,0,0,0,35,19,0,35,36,3,22,18,4,89,0,1
30846,1000000US170316502004018,54,18,1,0,0,0,36,18,0,36,36,1,25,25,0,76,0,1
30847,1000000US170316502005000,55,7,0,0,0,0,48,7,0,48,48,0,28,28,0,85,0,0
30848,1000000US170316502005001,59,12,2,0,0,0,46,13,0,46,47,2,25,22,3,88,0,1
30849,1000000US170316502005002,89,21,2,0,0,0,66,23,0,66,68,6,35,34,1,119,0,0
30850,1000000US170316502005003,35,16,1,0,0,0,17,18,0,17,19,0,26,17,9,47,0,0
30851,1000000US170316502005004,56,26,2,0,0,0,29,27,0,29,30,0,31,26,5,73,0,1
30852,1000000US170316502005005,1,1,0,0,0,0,0,1,0,0,0,0,3,1,2,1,0,0
30853,1000000US170316502005006,74,18,2,0,0,0,56,18,0,56,56,1,42,37,5,103,0,2
30854,1000000US170316502005007,67,34,0,0,0,0,33,34,0,33,33,0,26,23,3,96,0,0
30855,1000000US170316502005008,56,15,0,0,1,0,40,16,0,40,41,1,25,24,1,82,0,0
30856,1000000US170316502005009,61,28,0,2,0,0,32,29,0,32,33,1,22,22,0,80,1,0
30857,1000000US170316502005010,56,10,15,0,0,0,36,20,0,36,46,1,24,21,3,86,0,5
30858,1000000US170316502006000,73,21,9,0,0,1,43,30,0,43,52,1,36,32,4,96,0,0
30859,1000000US170316502006001,47,6,2,1,0,0,39,8,0,39,41,0,21,20,1,74,1,0
30860,1000000US170316502006002,53,23,0,0,1,0,29,24,0,29,30,1,25,23,2,73,0,0
30861,1000000US170316502006003,90,32,2,0,3,0,53,37,0,53,58,1,41,39,2,132,0,0
30862,1000000US170316502006004,70,27,0,0,1,0,42,28,0,42,43,2,32,31,1,96,0,0
30863,1000000US170316502006005,1,0,0,0,0,0,1,0,0,1,1,0,1,1,0,1,0,0
30864,1000000US170316502006006,9,2,0,0,1,1,5,4,0,5,7,2,7,7,0,9,0,0
30865,1000000US170316502006007,46,12,0,0,5,0,29,17,0,29,34,0,26,21,5,55,0,0
30866,1000000US170316502006008,48,24,3,1,0,0,24,24,0,24,24,3,22,20,2,59,0,3
30867,1000000US170316502006009,44,20,0,0,0,0,24,20,0,24,24,0,17,17,0,58,0,0
30868,1000000US170316502006010,41,23,0,2,0,0,18,23,0,18,18,3,22,20,2,56,2,0
30869,1000000US170316502006011,43,15,0,0,0,0,28,15,0,28,28,0,20,16,4,71,0,0
30870,1000000US170316502006012,0,0,0,0,0,0,0,0,0,0,0,0,0,0,0,0,0,0
30871,1000000US170316502006013,19,0,0,0,0,0,19,0,0,19,19,0,7,7,0,29,0,0
30872,1000000US170316503011000,14,2,0,0,0,0,12,2,0,12,12,0,9,7,2,16,0,0
30873,1000000US170316503011001,44,7,1,0,1,0,36,8,0,36,37,0,28,26,2,75,0,1
30874,1000000US170316503011002,39,6,1,2,0,0,32,7,0,32,33,3,25,24,1,54,2,1
30875,1000000US170316503011003,9,5,1,0,0,0,3,6,0,3,4,0,8,8,0,10,0,0
30876,1000000US170316503011004,42,11,0,0,0,0,31,11,0,31,31,0,15,14,1,70,0,0
30877,1000000US170316503011005,3,0,0,1,1,0,3,0,0,3,3,2,1,1,0,3,0,0
30878,1000000US170316503011006,7,6,0,0,0,0,1,6,0,1,1,0,0,0,0,7,0,0
30879,1000000US170316503011007,48,2,0,0,0,0,46,2,0,46,46,0,13,13,0,62,0,0
30880,1000000US170316503011008,38,16,0,0,0,0,22,16,0,22,22,0,18,18,0,49,0,0
30881,1000000US170316503011009,46,3,0,1,0,0,43,3,0,43,43,0,15,14,1,67,1,0
30882,1000000US170316503011010,38,9,2,0,0,0,29,9,0,29,29,2,21,18,3,64,0,2
30883,1000000US170316503011011,49,2,1,0,2,1,46,3,0,46,47,4,20,17,3,69,0,0
30884,1000000US170316503011012,56,15,2,3,0,0,39,17,0,39,41,0,17,17,0,86,3,0
30885,1000000US170316503011013,57,4,0,0,0,0,53,4,0,53,53,0,21,20,1,89,0,0
30886,1000000US170316503011014,39,9,0,0,0,0,30,9,0,30,30,0,14,13,1,59,0,0
30887,1000000US170316503011015,45,13,0,1,0,0,32,13,0,32,32,2,17,17,0,57,0,0
30888,1000000US170316503011016,0,0,0,0,0,0,0,0,0,0,0,0,0,0,0,0,0,0
30889,1000000US170316503011017,60,17,0,0,0,0,43,17,0,43,43,0,21,21,0,83,0,0
30890,1000000US170316503011018,62,16,2,3,0,0,46,16,0,46,46,2,23,21,2,79,2,2
30891,1000000US170316503011019,49,14,0,0,0,0,35,14,0,35,35,0,18,16,2,68,0,0
30892,1000000US170316503011020,58,18,1,0,1,0,38,20,0,38,40,0,23,23,0,81,0,0
30893,1000000US170316503011021,37,14,0,0,0,3,23,14,0,23,23,0,23,22,1,55,0,0
30894,1000000US170316503011022,56,14,0,0,0,0,42,14,0,42,42,0,21,20,1,72,0,0
30895,1000000US170316503012000,44,20,0,2,4,0,20,24,0,20,24,1,21,19,2,60,2,0
30896,1000000US170316503012001,61,14,0,5,0,0,46,15,0,46,47,0,21,21,0,82,5,0
30897,1000000US170316503012002,59,4,0,0,0,0,55,4,0,55,55,2,20,19,1,90,0,0
30898,1000000US170316503012003,51,12,4,0,0,0,38,13,0,38,39,3,20,19,1,80,0,3
30899,1000000US170316503012004,48,10,0,0,0,0,38,10,0,38,38,1,20,19,1,71,0,0
30900,1000000US170316503012005,48,22,0,0,0,0,26,22,0,26,26,4,20,20,0,73,0,0
30901,1000000US170316503012006,45,13,0,0,0,0,32,13,0,32,32,0,20,17,3,75,0,0
30902,1000000US170316503012007,39,18,0,0,0,0,21,18,0,21,21,0,18,16,2,59,0,0
30903,1000000US170316503012008,464,151,1,7,5,0,310,154,0,310,313,10,175,171,4,638,5,1
30904,1000000US170316503012009,44,20,2,0,0,0,23,21,0,23,24,1,18,17,1,62,0,1
30905,1000000US170316503012010,55,4,0,0,0,0,51,4,0,51,51,2,20,19,1,93,0,0
30906,1000000US170316503012011,52,9,3,0,0,0,40,12,0,40,43,0,20,20,0,82,0,0
30907,1000000US170316503012012,61,11,0,0,0,0,50,11,0,50,50,0,20,19,1,88,0,0
30908,1000000US170316503012013,58,3,0,0,0,0,55,3,0,55,55,0,15,14,1,77,0,0
30909,1000000US170316503012014,38,11,2,0,0,0,24,14,0,24,27,0,17,16,1,55,0,0
30910,1000000US170316503012015,43,15,0,0,0,0,28,15,0,28,28,0,16,14,2,63,0,0
30911,1000000US170316503012016,36,3,0,0,0,0,33,3,0,33,33,1,15,14,1,57,0,0
30912,1000000US170316503012017,0,0,0,0,0,0,0,0,0,0,0,0,0,0,0,0,0,0
30913,1000000US170316503012018,26,7,0,0,0,0,19,7,0,19,19,0,10,10,0,37,0,0
30914,1000000US170316503013000,0,0,0,0,0,0,0,0,0,0,0,0,0,0,0,0,0,0
30915,1000000US170316503013001,25,2,1,0,0,0,22,3,0,22,23,0,15,14,1,43,0,0
30916,1000000US170316503013002,3,0,0,0,0,0,3,0,0,3,3,0,1,1,0,7,0,0
30917,1000000US170316503013003,21,6,2,0,0,0,13,8,0,13,15,0,12,12,0,24,0,0
30918,1000000US170316503013004,14,5,0,0,0,0,9,5,0,9,9,0,7,7,0,19,0,0
30919,1000000US170316503013005,49,2,0,0,1,0,44,5,0,44,47,0,16,16,0,73,0,0
30920,1000000US170316503013006,38,6,0,0,0,0,32,6,0,32,32,0,17,16,1,58,0,0
30921,1000000US170316503013007,48,7,0,0,0,0,41,7,0,41,41,0,18,18,0,80,0,0
30922,1000000US170316503013008,40,6,2,3,1,0,31,9,0,31,34,1,17,17,0,53,3,0
30923,1000000US170316503013009,49,10,1,0,0,0,37,12,0,37,39,5,19,19,0,64,0,0
30924,1000000US170316503013010,44,9,4,0,0,0,35,9,0,35,35,4,20,19,1,63,0,4
30925,1000000US170316503013011,43,15,0,0,0,3,27,16,0,27,28,2,16,16,0,60,0,0
30926,1000000US170316503013012,0,0,0,0,0,0,0,0,0,0,0,0,0,0,0,0,0,0
30927,1000000US170316503013013,0,0,0,0,0,0,0,0,0,0,0,0,0,0,0,0,0,0
30928,1000000US170316503013014,35,5,0,0,0,0,30,5,0,30,30,1,18,17,1,62,0,0
30929,1000000US170316503013015,64,15,10,0,2,0,38,26,0,38,49,1,29,28,1,83,0,0
30930,1000000US170316503013016,60,16,0,0,0,0,44,16,0,44,44,0,20,20,0,82,0,0
30931,1000000US170316503013017,54,12,2,2,0,0,42,12,0,42,42,6,19,19,0,90,2,2
30932,1000000US170316503013018,54,7,7,1,0,0,43,11,0,43,47,4,25,20,5,80,0,3
30933,1000000US170316503013019,50,19,0,1,0,0,31,19,0,31,31,0,21,21,0,74,1,0
30934,1000000US170316503013020,52,20,0,2,0,0,32,20,0,32,32,0,22,20,2,69,2,0
30935,1000000US170316503013021,54,18,0,0,0,0,36,18,0,36,36,0,18,18,0,76,0,0
30936,1000000US170316503013022,31,10,0,0,0,0,21,10,0,21,21,1,16,15,1,44,0,0
30937,1000000US170316503013023,40,12,0,0,0,0,28,12,0,28,28,0,16,13,3,58,0,0
30938,1000000US170316503013024,69,10,2,5,0,0,59,10,0,59,59,0,24,24,0,102,5,2
30939,1000000US170316503013025,46,12,0,0,0,0,34,12,0,34,34,5,21,20,1,80,0,0
30940,1000000US170316503013026,0,0,0,0,0,0,0,0,0,0,0,0,0,0,0,0,0,0
30941,1000000US170316503014000,56,14,0,0,0,0,42,14,0,42,42,4,25,23,2,76,0,0
30942,1000000US170316503014001,46,9,3,0,0,0,36,10,0,36,37,0,21,20,1,83,0,2
30943,1000000US170316503014002,57,14,0,0,2,0,41,16,0,41,43,0,24,24,0,85,0,0
30944,1000000US170316503014003,69,15,0,3,0,0,54,15,0,54,54,10,27,26,1,100,3,0
30945,1000000US170316503014004,50,8,2,0,0,0,41,9,0,41,42,7,19,19,0,85,0,1
30946,1000000US170316503014005,62,14,0,0,2,0,46,16,0,46,48,4,21,21,0,94,0,0
30947,1000000US170316503014006,44,12,0,0,0,0,32,12,0,32,32,0,15,15,0,57,0,0
30948,1000000US170316503014007,0,0,0,0,0,0,0,0,0,0,0,0,0,0,0,0,0,0
30949,1000000US170316503014008,0,0,0,0,0,0,0,0,0,0,0,0,0,0,0,0,0,0
30950,1000000US170316503014009,46,16,1,1,0,0,30,16,0,30,30,1,21,20,1,69,1,1
30951,1000000US170316503014010,54,15,0,0,0,0,39,15,0,39,39,0,20,18,2,89,0,0
30952,1000000US170316503014011,51,19,2,4,0,0,30,21,0,30,32,5,20,20,0,77,0,0
30953,1000000US170316503014012,52,10,0,2,0,0,42,10,0,42,42,2,19,17,2,66,2,0
30954,1000000US170316503014013,50,6,2,0,1,0,44,6,0,44,44,4,23,22,1,78,0,2
30955,1000000US170316503014014,58,13,0,0,9,0,37,21,0,37,45,1,27,26,1,95,0,0
30956,1000000US170316503014015,55,10,0,2,0,0,44,11,0,44,45,13,23,23,0,80,1,0
30957,1000000US170316503014016,11,3,0,0,0,0,8,3,0,8,8,0,3,3,0,16,0,0
30958,1000000US170316503021000,0,0,0,0,0,0,0,0,0,0,0,0,0,0,0,0,0,0
30959,1000000US170316503021001,0,0,0,0,0,0,0,0,0,0,0,0,0,0,0,0,0,0
30960,1000000US170316503021002,16,2,11,0,0,0,3,13,0,3,14,0,10,10,0,21,0,0
30961,1000000US170316503021003,61,1,35,2,0,0,25,36,0,25,60,2,31,29,2,88,2,0
30962,1000000US170316503021004,6,0,0,0,0,0,6,0,0,6,6,3,2,2,0,10,0,0
30963,1000000US170316503021005,42,9,3,0,4,0,26,16,0,26,33,2,19,18,1,49,0,0
30964,1000000US170316503021006,59,4,0,0,5,0,50,9,0,50,55,2,17,17,0,80,0,0
30965,1000000US170316503021007,57,4,0,0,0,0,53,4,0,53,53,0,18,18,0,67,0,0
30966,1000000US170316503021008,45,15,8,0,1,0,21,24,0,21,30,1,19,16,3,62,0,0
30967,1000000US170316503021009,35,3,0,0,0,0,32,3,0,32,32,0,13,11,2,58,0,0
30968,1000000US170316503021010,39,5,0,0,0,0,34,5,0,34,34,0,22,18,4,52,0,0
30969,1000000US170316503021011,0,0,0,0,0,0,0,0,0,0,0,0,0,0,0,0,0,0
30970,1000000US170316503021012,0,0,0,0,0,0,0,0,0,0,0,0,0,0,0,0,0,0
30971,1000000US170316503021013,32,7,0,0,0,0,25,7,0,25,25,0,15,13,2,52,0,0
30972,1000000US170316503021014,31,10,0,0,0,0,21,10,0,21,21,0,17,12,5,49,0,0
30973,1000000US170316503021015,53,7,0,0,0,0,46,7,0,46,46,0,19,19,0,82,0,0
30974,1000000US170316503021016,52,7,0,0,0,0,45,7,0,45,45,0,20,19,1,80,0,0
30975,1000000US170316503021017,67,5,0,5,0,0,62,5,0,62,62,0,25,25,0,106,5,0
30976,1000000US170316503021018,51,7,0,3,0,0,44,7,0,44,44,3,19,17,2,76,0,0
30977,1000000US170316503021019,41,7,3,0,0,0,31,10,0,31,34,0,15,14,1,50,0,0
30978,1000000US170316503021020,0,0,0,0,0,0,0,0,0,0,0,0,0,0,0,0,0,0
30979,1000000US170316503021021,45,9,2,0,0,0,36,9,0,36,36,0,14,14,0,64,0,2
30980,1000000US170316503021022,38,7,0,0,0,1,31,7,0,31,31,1,16,14,2,57,0,0
30981,1000000US170316503021023,52,11,0,0,0,0,41,11,0,41,41,1,18,17,1,68,0,0
30982,1000000US170316503021024,68,2,0,0,0,0,66,2,0,66,66,2,25,22,3,107,0,0
30983,1000000US170316503021025,46,5,0,0,0,0,41,5,0,41,41,6,16,16,0,70,0,0
30984,1000000US170316503021026,48,10,0,0,1,0,37,11,0,37,38,6,18,13,5,67,0,0
30985,1000000US170316503021027,3,1,0,0,0,0,2,1,0,2,2,0,3,2,1,3,0,0
30986,1000000US170316503021028,52,5,4,0,0,0,43,9,0,43,47,0,19,18,1,82,0,0
30987,1000000US170316503021029,43,10,0,0,0,0,33,10,0,33,33,0,18,15,3,65,0,0
30988,1000000US170316503021030,48,4,1,1,0,0,42,6,0,42,44,0,15,14,1,73,1,0
30989,1000000US170316503021031,0,0,0,0,0,0,0,0,0,0,0,0,0,0,0,0,0,0
30990,1000000US170316503021032,34,17,1,0,0,0,16,18,0,16,17,0,16,16,0,47,0,0
30991,1000000US170316503021033,54,7,0,0,0,0,47,7,0,47,47,0,16,16,0,78,0,0
30992,1000000US170316503021034,86,4,2,0,0,0,80,6,0,80,82,2,31,30,1,144,0,0
30993,1000000US170316503021035,40,10,0,0,0,0,30,10,0,30,30,4,15,15,0,65,0,0
30994,1000000US170316503022000,38,8,0,0,0,0,30,8,0,30,30,0,15,14,1,52,0,0
30995,1000000US170316503022001,41,7,0,0,0,0,34,7,0,34,34,0,17,13,4,56,0,0
30996,1000000US170316503022002,48,2,0,1,0,0,46,2,0,46,46,1,17,17,0,64,1,0
30997,1000000US170316503022003,48,5,0,2,0,0,43,5,0,43,43,1,17,15,2,66,2,0
30998,1000000US170316503022004,50,1,0,0,0,0,49,1,0,49,49,1,21,17,4,96,0,0
30999,1000000US170316503022005,57,2,0,1,0,0,55,2,0,55,55,0,18,18,0,94,1,0
31000,1000000US170316503022006,100,23,4,0,1,0,76,24,0,76,77,10,35,32,3,149,0,3
31001,1000000US170316503022007,61,9,0,0,0,0,52,9,0,52,52,0,22,20,2,92,0,0
31002,1000000US170316503022008,42,9,2,1,0,0,31,11,0,31,33,0,20,18,2,61,1,0
31003,1000000US170316503022009,40,16,3,0,1,0,21,19,0,21,24,1,17,16,1,56,0,1
31004,1000000US170316503022010,40,9,1,0,0,0,30,10,0,30,31,0,19,16,3,63,0,0
31005,1000000US170316503022011,46,8,8,0,0,0,30,16,0,30,38,1,19,16,3,59,0,0
31006,1000000US170316503022012,43,6,0,0,0,0,37,6,0,37,37,0,15,13,2,62,0,0
31007,1000000US170316503022013,0,0,0,0,0,0,0,0,0,0,0,0,0,0,0,0,0,0
31008,1000000US170316503022014,40,7,1,0,0,0,32,8,0,32,33,0,17,17,0,69,0,0
31009,1000000US170316503022015,71,9,2,0,0,0,62,9,0,62,62,0,20,20,0,106,0,2
31010,1000000US170316503022016,44,20,0,3,2,0,22,22,0,22,24,7,16,15,1,56,0,0
31011,1000000US170316503022017,54,1,0,0,0,0,53,1,0,53,53,2,15,15,0,85,0,0
31012,1000000US170316503022018,0,0,0,0,0,0,0,0,0,0,0,0,0,0,0,0,0,0
31013,1000000US170316503022019,60,6,0,0,0,0,54,6,0,54,54,0,22,21,1,94,0,0
31014,1000000US170316503022020,40,4,1,0,0,0,35,5,0,35,36,0,16,14,2,60,0,0
31015,1000000US170316503022021,15,4,0,0,0,0,11,4,0,11,11,0,7,7,0,21,0,0
31016,1000000US170316503022022,17,4,0,0,0,0,13,4,0,13,13,2,9,7,2,29,0,0
31017,1000000US170316503022023,0,0,0,0,0,0,0,0,0,0,0,0,0,0,0,0,0,0
31018,1000000US170316503022024,12,0,0,0,0,0,12,0,0,12,12,0,8,6,2,20,0,0
31019,1000000US170316503022025,18,2,0,0,0,0,16,2,0,16,16,0,6,6,0,33,0,0
31020,1000000US170316503022026,48,6,0,0,0,0,42,6,0,42,42,0,19,17,2,81,0,0
31021,1000000US170316503022027,40,3,0,2,0,0,37,3,0,37,37,0,15,14,1,61,2,0
31022,1000000US170316503022028,29,12,0,0,0,0,17,12,0,17,17,4,14,13,1,40,0,0
31023,1000000US170316503022029,41,17,2,0,0,0,22,19,0,22,24,0,17,15,2,51,0,0
31024,1000000US170316503022030,0,0,0,0,0,0,0,0,0,0,0,0,0,0,0,0,0,0
31025,1000000US170316503022031,0,0,0,0,0,0,0,0,0,0,0,0,0,0,0,0,0,0
31026,1000000US170316503022032,47,3,0,0,0,0,44,3,0,44,44,0,15,15,0,74,0,0
31027,1000000US170316503022033,59,6,0,6,0,0,52,7,0,52,53,0,19,19,0,80,6,0
31028,1000000US170316503022034,50,14,0,0,0,0,36,14,0,36,36,0,16,16,0,82,0,0
31029,1000000US170316503022035,34,3,0,0,0,3,30,4,0,30,31,2,10,10,0,41,0,0
31030,1000000US170316503022036,19,2,0,2,0,0,15,4,0,15,17,0,7,7,0,33,2,0
31031,1000000US170316503022037,23,2,0,0,0,0,21,2,0,21,21,6,8,7,1,33,0,0
31032,1000000US170316503022038,22,1,0,0,0,0,21,1,0,21,21,0,7,7,0,29,0,0
31033,1000000US170316503022039,70,8,3,0,0,0,60,10,0,60,62,7,17,17,0,92,0,1
31034,1000000US170316503022040,55,6,0,0,0,0,49,6,0,49,49,0,18,17,1,79,0,0
31035,1000000US170316503022041,38,2,0,2,2,0,34,4,0,34,36,1,14,14,0,53,1,0
31036,1000000US170316504001000,349,43,9,2,0,2,299,50,0,299,306,13,130,124,6,509,2,2
31037,1000000US170316504001001,63,8,0,0,3,0,52,11,0,52,55,4,18,17,1,96,0,0
31038,1000000US170316504001002,38,5,0,0,2,0,33,5,0,33,33,2,14,13,1,58,0,0
31039,1000000US170316504001003,42,8,0,0,3,0,31,11,0,31,34,2,15,15,0,56,0,0
31040,1000000US170316504001004,53,9,0,0,0,0,44,9,0,44,44,0,18,18,0,78,0,0
31041,1000000US170316504001005,44,11,5,1,0,0,28,16,0,28,33,3,16,16,0,64,0,0
31042,1000000US170316504001006,37,6,1,0,0,0,31,6,0,31,31,0,15,15,0,52,0,1
31043,1000000US170316504001007,38,7,1,2,0,0,30,8,0,30,31,2,16,16,0,59,2,0
31044,1000000US170316504001008,48,8,0,0,0,0,36,12,0,36,40,2,19,17,2,65,0,0
31045,1000000US170316504002000,44,12,0,0,0,0,32,12,0,32,32,0,18,16,2,56,0,0
31046,1000000US170316504002001,37,7,0,1,0,0,30,7,0,30,30,0,19,18,1,56,1,0
31047,1000000US170316504002002,57,9,5,0,0,0,43,14,0,43,48,0,20,18,2,86,0,0
31048,1000000US170316504002003,48,16,0,0,0,0,32,16,0,32,32,0,17,17,0,64,0,0
31049,1000000US170316504002004,34,7,0,0,0,0,27,7,0,27,27,0,18,14,4,55,0,0
31050,1000000US170316504002005,54,12,1,1,0,2,41,13,0,41,42,6,20,19,1,84,1,0
31051,1000000US170316504002006,32,4,0,0,0,0,28,4,0,28,28,0,19,16,3,55,0,0
31052,1000000US170316504002007,41,4,2,0,0,0,35,6,0,35,37,0,18,17,1,72,0,0
31053,1000000US170316504002008,45,4,4,2,3,0,34,11,0,34,41,7,17,17,0,71,2,0
31054,1000000US170316504002009,64,13,0,0,2,0,51,13,0,51,51,3,19,19,0,83,0,0
31055,1000000US170316504002010,55,4,5,0,0,0,46,9,0,46,51,0,20,18,2,101,0,0
31056,1000000US170316504002011,56,3,0,2,0,0,53,3,0,53,53,2,17,17,0,88,0,0
31057,1000000US170316504002012,46,4,0,0,0,0,42,4,0,42,42,0,17,16,1,68,0,0
31058,1000000US170316504002013,42,9,0,0,1,0,32,10,0,32,33,0,18,18,0,57,0,0
31059,1000000US170316504002014,53,3,5,0,6,0,39,14,0,39,50,0,18,18,0,79,0,0
31060,1000000US170316504002015,45,0,4,0,0,0,41,4,0,41,45,0,15,14,1,58,0,0
31061,1000000US170316504003000,0,0,0,0,0,0,0,0,0,0,0,0,0,0,0,0,0,0
31062,1000000US170316504003001,0,0,0,0,0,0,0,0,0,0,0,0,0,0,0,0,0,0
31063,1000000US170316504003002,27,0,17,0,0,0,10,17,0,10,27,0,12,10,2,39,0,0
31064,1000000US170316504003003,32,2,4,0,12,0,14,18,0,14,30,0,10,10,0,46,0,0
31065,1000000US170316504003004,24,1,4,0,0,0,19,5,0,19,23,0,9,8,1,45,0,0
31066,1000000US170316504003005,39,1,0,0,0,0,38,1,0,38,38,0,9,9,0,53,0,0
31067,1000000US170316504003006,38,3,4,0,0,0,35,3,0,35,35,0,16,15,1,58,0,4
31068,1000000US170316504003007,46,2,0,0,0,0,44,2,0,44,44,0,19,17,2,74,0,0
31069,1000000US170316504003008,47,6,0,0,0,0,41,6,0,41,41,0,17,16,1,70,0,0
31070,1000000US170316504003009,46,3,2,0,0,0,41,5,0,41,43,0,19,19,0,76,0,0
31071,1000000US170316504003010,34,4,20,0,0,0,10,24,0,10,30,0,18,15,3,49,0,0
31072,1000000US170316504003011,61,0,0,0,0,0,61,0,0,61,61,0,18,18,0,104,0,0
31073,1000000US170316504003012,75,2,5,0,0,0,68,7,0,68,73,0,23,22,1,117,0,0
31074,1000000US170316504003013,51,0,14,1,0,0,36,15,0,36,51,0,25,22,3,81,1,0
31075,1000000US170316504003014,66,8,0,0,3,0,55,11,0,55,58,0,21,21,0,88,0,0
31076,1000000US170316504003015,64,5,2,2,2,0,55,9,0,55,59,1,22,21,1,98,2,0
31077,1000000US170316504003016,62,5,6,0,0,0,51,11,0,51,57,0,19,19,0,93,0,0
31078,1000000US170316504003017,54,7,2,0,0,0,45,9,0,45,47,4,20,19,1,78,0,0
31079,1000000US170316504003018,55,7,3,0,0,0,45,10,0,45,48,0,19,17,2,83,0,0
31080,1000000US170316504003019,55,3,24,0,0,1,29,26,0,29,52,2,23,20,3,86,0,1
31081,1000000US170316504003020,63,5,7,0,0,0,51,12,0,51,58,0,27,27,0,91,0,0
31082,1000000US170316504003021,42,14,0,0,0,0,28,14,0,28,28,0,19,18,1,65,0,0
31083,1000000US170316504003022,0,0,0,0,0,0,0,0,0,0,0,0,0,0,0,0,0,0
31084,1000000US170316504003023,22,1,13,0,0,0,8,14,0,8,21,0,14,11,3,32,0,0
31085,1000000US170316504003024,17,2,0,0,0,0,15,2,0,15,15,0,5,5,0,20,0,0
31086,1000000US170316504003025,25,3,0,0,0,0,22,3,0,22,22,4,9,9,0,41,0,0
31087,1000000US170316504003026,0,0,0,0,0,0,0,0,0,0,0,0,0,0,0,0,0,0
31088,1000000US170316504003027,57,14,7,2,0,0,40,17,0,40,43,2,18,18,0,80,2,4
31089,1000000US170316504003028,0,0,0,0,0,0,0,0,0,0,0,0,0,0,0,0,0,0
31090,1000000US170316504004000,68,5,1,0,0,0,63,5,0,63,63,3,20,18,2,103,0,1
31091,1000000US170316504004001,42,4,0,0,0,0,38,4,0,38,38,0,15,15,0,73,0,0
31092,1000000US170316504004002,43,10,1,3,2,0,31,12,0,31,33,4,24,21,3,56,1,0
31093,1000000US170316504004003,0,0,0,0,0,0,0,0,0,0,0,0,0,0,0,0,0,0
31094,1000000US170316504004004,44,0,0,0,0,0,44,0,0,44,44,4,15,13,2,73,0,0
31095,1000000US170316504004005,48,3,0,4,0,0,45,3,0,45,45,5,15,14,1,61,0,0
31096,1000000US170316504004006,0,0,0,0,0,0,0,0,0,0,0,0,0,0,0,0,0,0
31097,1000000US170316504004007,42,4,3,0,0,0,35,7,0,35,38,0,14,12,2,65,0,0
31098,1000000US170316504004008,54,2,1,0,0,0,51,3,0,51,52,4,20,20,0,90,0,0
31099,1000000US170316504004009,61,4,0,0,0,4,57,4,0,57,57,5,19,18,1,87,0,0
31100,1000000US170316504004010,38,8,0,2,0,0,30,8,0,30,30,0,14,14,0,52,2,0
31101,1000000US170316504004011,9,7,0,0,0,0,2,7,0,2,2,0,6,5,1,9,0,0
31102,1000000US170316504004012,35,5,7,0,0,0,23,12,0,23,30,1,18,18,0,46,0,0
31103,1000000US170316504004013,52,5,5,0,2,0,40,12,0,40,47,0,20,20,0,85,0,0
31104,1000000US170316504004014,29,6,0,0,9,0,14,15,0,14,23,0,9,9,0,39,0,0
31105,1000000US170316504004015,35,8,9,0,1,0,17,18,0,17,27,0,13,12,1,48,0,0
31106,1000000US170316504004016,30,1,0,0,0,0,29,1,0,29,29,2,9,9,0,48,0,0
31107,1000000US170316504004017,36,1,5,2,0,0,28,8,0,28,35,4,15,14,1,61,0,0
31108,1000000US170316504004018,4,0,0,0,0,0,4,0,0,4,4,0,0,0,0,4,0,0
31109,1000000US170316504004019,44,0,8,4,0,0,36,8,0,36,44,0,16,16,0,75,4,0
31110,1000000US170316504004020,36,4,0,0,0,0,32,4,0,32,32,0,12,12,0,51,0,0
31111,1000000US170316504004021,43,6,0,0,0,0,37,6,0,37,37,0,14,14,0,64,0,0
31112,1000000US170316504004022,35,6,0,0,0,0,29,6,0,29,29,2,14,14,0,52,0,0
31113,1000000US170316504004023,41,6,0,0,6,0,29,12,0,29,35,0,14,14,0,50,0,0
31114,1000000US170316504004024,58,4,0,0,0,0,54,4,0,54,54,0,20,20,0,94,0,0
31115,1000000US170316504004025,45,16,0,0,0,0,29,16,0,29,29,1,18,18,0,70,0,0
31116,1000000US170316504005000,46,6,1,0,0,0,40,6,0,40,40,6,20,18,2,66,0,1
31117,1000000US170316504005001,34,7,1,0,2,0,25,9,0,25,27,7,14,13,1,51,0,1
31118,1000000US170316504005002,10,0,1,0,0,0,9,1,0,9,10,0,6,5,1,12,0,0
31119,1000000US170316504005003,53,8,2,0,0,0,43,10,0,43,45,0,18,16,2,82,0,0
31120,1000000US170316504005004,43,4,0,0,0,0,39,4,0,39,39,0,13,13,0,59,0,0
31121,1000000US170316504005005,36,3,0,0,0,0,33,3,0,33,33,0,13,12,1,54,0,0
31122,1000000US170316504005006,67,6,2,3,0,0,59,8,0,59,61,3,19,19,0,91,3,0
31123,1000000US170316504005007,49,4,2,0,0,0,43,6,0,43,45,0,18,18,0,79,0,0
31124,1000000US170316504005008,34,9,1,0,3,0,21,13,0,21,25,0,14,14,0,43,0,0
31125,1000000US170316504005009,0,0,0,0,0,0,0,0,0,0,0,0,0,0,0,0,0,0
31126,1000000US170316504005010,41,11,3,0,1,0,28,13,0,28,30,2,25,24,1,53,0,1
31127,1000000US170316504005011,37,5,0,0,0,0,32,5,0,32,32,0,14,14,0,61,0,0
31128,1000000US170316504005012,57,17,0,0,0,0,40,17,0,40,40,0,18,18,0,85,0,0
31129,1000000US170316504005013,52,16,0,0,0,0,36,16,0,36,36,0,18,17,1,75,0,0
31130,1000000US170316504005014,37,4,3,2,0,0,30,7,0,30,33,0,13,13,0,56,2,0
31131,1000000US170316504005015,48,7,5,0,0,0,36,12,0,36,41,0,14,14,0,68,0,0
31132,1000000US170316504005016,54,7,0,0,0,1,47,7,0,47,47,7,19,19,0,75,0,0
31133,1000000US170316504005017,52,7,0,3,3,0,42,10,0,42,45,7,19,19,0,80,0,0
31134,1000000US170316504005018,36,9,0,0,0,2,27,9,0,27,27,0,14,14,0,51,0,0
31135,1000000US170316504005019,24,0,6,0,0,0,19,5,0,19,24,0,12,11,1,35,0,1
31136,1000000US170316504005020,0,0,0,0,0,0,0,0,0,0,0,0,0,0,0,0,0,0
31137,1000000US170316504005021,37,1,0,0,0,0,36,1,0,36,36,0,15,15,0,51,0,0
31138,1000000US170316504005022,62,9,0,0,0,0,53,9,0,53,53,0,21,19,2,82,0,0
31139,1000000US170316504005023,46,11,2,1,0,0,33,13,0,33,35,1,19,18,1,70,1,0
31140,1000000US170316504005024,43,2,0,0,0,0,41,2,0,41,41,0,15,15,0,71,0,0
31141,1000000US170316505001000,4,0,0,0,0,0,4,0,0,4,4,0,3,2,1,7,0,0
31142,1000000US170316505001001,13,0,0,0,2,0,13,0,0,13,13,0,4,4,0,20,0,0
31143,1000000US170316505001002,29,9,0,0,0,0,20,9,0,20,20,0,9,9,0,42,0,0
31144,1000000US170316505001003,19,2,0,0,0,0,17,2,0,17,17,0,8,7,1,28,0,0
31145,1000000US170316505001004,3,0,3,0,0,0,3,0,0,3,3,0,2,1,1,6,0,3
31146,1000000US170316505001005,61,20,2,2,2,0,37,24,0,37,41,5,20,20,0,89,0,2
31147,1000000US170316505001006,49,7,0,0,0,0,42,7,0,42,42,0,16,15,1,70,0,0
31148,1000000US170316505001007,52,12,8,3,1,0,31,21,0,31,40,0,21,20,1,78,3,0
31149,1000000US170316505001008,35,8,0,0,0,0,27,8,0,27,27,0,15,15,0,56,0,0
31150,1000000US170316505001009,58,4,6,1,0,0,49,9,0,49,54,2,23,22,1,90,1,2
31151,1000000US170316505001010,33,8,0,0,0,0,25,8,0,25,25,0,18,13,5,48,0,0
31152,1000000US170316505001011,57,6,2,0,0,0,49,8,0,49,51,1,20,18,2,88,0,0
31153,1000000US170316505001012,46,3,0,1,0,2,43,3,0,43,43,2,19,18,1,73,1,0
31154,1000000US170316505001013,53,6,4,0,0,0,47,6,0,47,47,0,20,20,0,86,0,4
31155,1000000US170316505001014,38,11,0,0,0,0,26,12,0,26,27,2,20,19,1,52,0,0
31156,1000000US170316505001015,15,0,1,1,2,0,11,4,0,11,15,2,7,6,1,18,1,0
31157,1000000US170316505001016,98,17,0,2,0,0,81,17,0,81,81,3,33,32,1,132,2,0
31158,1000000US170316505001017,16,0,0,0,0,0,16,0,0,16,16,0,5,5,0,22,0,0
31159,1000000US170316505001018,50,8,0,0,0,0,42,8,0,42,42,0,15,15,0,66,0,0
31160,1000000US170316505001019,53,6,0,0,5,0,42,11,0,42,47,0,20,19,1,86,0,0
31161,1000000US170316505001020,0,0,0,0,0,0,0,0,0,0,0,0,0,0,0,0,0,0
31162,1000000US170316505001021,35,12,0,0,0,0,23,12,0,23,23,1,14,13,1,53,0,0
31163,1000000US170316505002000,24,5,0,4,0,0,18,6,0,18,19,0,10,9,1,31,4,0
31164,1000000US170316505002001,29,1,0,0,0,0,28,1,0,28,28,0,8,8,0,42,0,0
31165,1000000US170316505002002,28,2,0,0,0,0,26,2,0,26,26,0,10,10,0,40,0,0
31166,1000000US170316505002003,26,3,0,0,2,0,21,5,0,21,23,0,12,10,2,34,0,0
31167,1000000US170316505002004,29,7,1,2,0,0,21,8,0,21,22,0,11,11,0,36,2,0
31168,1000000US170316505002005,43,15,0,0,1,0,27,16,0,27,28,1,16,16,0,62,0,0
31169,1000000US170316505002006,36,14,0,0,0,0,22,14,0,22,22,3,15,15,0,49,0,0
31170,1000000US170316505002007,45,13,1,0,0,0,32,13,0,32,32,1,17,17,0,68,0,1
31171,1000000US170316505002008,40,5,0,0,0,0,35,5,0,35,35,0,16,14,2,57,0,0
31172,1000000US170316505002009,43,14,0,0,0,0,29,14,0,29,29,0,15,13,2,67,0,0
31173,1000000US170316505002010,24,10,1,0,0,0,13,11,0,13,14,1,15,13,2,38,0,0
31174,1000000US170316505002011,43,6,0,0,0,0,37,6,0,37,37,0,13,13,0,55,0,0
31175,1000000US170316505002012,37,6,1,1,0,0,29,8,0,29,31,0,16,14,2,53,1,0
31176,1000000US170316505002013,59,3,3,2,0,0,53,6,0,53,56,1,20,20,0,91,2,0
31177,1000000US170316505002014,46,4,0,4,0,0,42,4,0,42,42,4,20,17,3,67,0,0
31178,1000000US170316505002015,43,9,0,0,1,1,32,11,0,32,34,0,18,18,0,70,0,0
31179,1000000US170316505002016,52,14,0,0,0,0,38,14,0,38,38,0,19,19,0,84,0,0
31180,1000000US170316505002017,57,21,0,4,0,0,36,21,0,36,36,0,20,20,0,78,4,0
31181,1000000US170316505002018,48,7,0,0,0,0,41,7,0,41,41,2,19,17,2,78,0,0
31182,1000000US170316505002019,56,15,3,1,8,0,41,15,0,41,41,12,18,17,1,75,1,3
31183,1000000US170316505002020,50,5,0,1,0,0,44,6,0,44,45,0,17,17,0,73,1,0
31184,1000000US170316505002021,54,3,3,0,4,0,44,10,0,44,51,0,18,18,0,76,0,0
31185,1000000US170316505002022,43,6,0,0,0,0,37,6,0,37,37,0,16,14,2,69,0,0
31186,1000000US170316505002023,38,11,1,0,0,0,27,11,0,27,27,0,17,17,0,47,0,1
31187,1000000US170316505002024,40,19,2,0,0,0,19,21,0,19,21,0,21,20,1,54,0,0
31188,1000000US170316505003000,26,5,1,0,0,0,21,5,0,21,21,0,13,12,1,43,0,1
31189,1000000US170316505003001,24,5,0,1,0,0,19,5,0,19,19,5,8,8,0,35,0,0
31190,1000000US170316505003002,29,6,2,0,0,0,21,8,0,21,23,0,12,12,0,40,0,0
31191,1000000US170316505003003,22,7,0,0,0,0,15,7,0,15,15,0,12,11,1,30,0,0
31192,1000000US170316505003004,38,16,2,0,0,0,20,18,0,20,22,0,16,16,0,60,0,0
31193,1000000US170316505003005,39,9,1,3,0,0,29,10,0,29,30,4,16,13,3,49,0,0
31194,1000000US170316505003006,42,8,0,0,0,0,34,8,0,34,34,0,15,15,0,62,0,0
31195,1000000US170316505003007,41,8,1,0,0,0,32,9,0,32,33,0,18,17,1,62,0,0
31196,1000000US170316505003008,3,0,0,0,0,0,3,0,0,3,3,0,1,1,0,3,0,0
31197,1000000US170316505003009,60,24,0,0,1,0,35,25,0,35,36,1,27,26,1,83,0,0
31198,1000000US170316505003010,15,3,0,0,0,0,12,3,0,12,12,0,6,6,0,22,0,0
31199,1000000US170316505003011,27,6,0,0,0,0,21,6,0,21,21,2,9,9,0,46,0,0
31200,1000000US170316505003012,12,7,0,0,0,0,5,7,0,5,5,0,5,4,1,15,0,0
31201,1000000US170316505003013,30,11,0,0,0,0,19,11,0,19,19,0,14,13,1,34,0,0
31202,1000000US170316505003014,143,57,77,0,1,0,8,135,0,8,86,3,147,122,25,143,0,0
31203,1000000US170316505003015,0,0,0,0,0,0,0,0,0,0,0,0,0,0,0,0,0,0
31204,1000000US170316505003016,0,0,0,0,0,0,0,0,0,0,0,0,0,0,0,0,0,0
31205,1000000US170316505003017,0,0,0,0,0,0,0,0,0,0,0,0,0,0,0,0,0,0
31206,1000000US170316505003018,0,0,0,0,0,0,0,0,0,0,0,0,0,0,0,0,0,0
31207,1000000US170316505003019,0,0,0,0,0,0,0,0,0,0,0,0,0,0,0,0,0,0
31208,1000000US170316505003020,0,0,0,0,0,0,0,0,0,0,0,0,0,0,0,0,0,0
31209,1000000US170316505003021,27,5,0,0,3,0,19,8,0,19,22,0,11,10,1,37,0,0
31210,1000000US170316505003022,2,1,0,0,0,0,1,1,0,1,1,1,1,1,0,2,0,0
31211,1000000US170316505003023,0,0,0,0,0,0,0,0,0,0,0,0,0,0,0,0,0,0
31212,1000000US170316505003024,0,0,0,0,0,0,0,0,0,0,0,0,0,0,0,0,0,0
31213,1000000US170316505003025,0,0,0,0,0,0,0,0,0,0,0,0,0,0,0,0,0,0
31214,1000000US170316505003026,0,0,0,0,0,0,0,0,0,0,0,0,0,0,0,0,0,0
31215,1000000US170316505003027,0,0,0,0,0,0,0,0,0,0,0,0,0,0,0,0,0,0
31216,1000000US170316505003028,0,0,0,0,0,0,0,0,0,0,0,0,0,0,0,0,0,0
31217,1000000US170316505003029,46,6,0,0,0,0,40,6,0,40,40,0,14,14,0,69,0,0
31218,1000000US170316505003030,39,4,0,0,0,0,35,4,0,35,35,0,15,14,1,60,0,0
31219,1000000US170316505003031,356,35,247,6,16,0,56,300,0,56,321,10,234,221,13,445,4,0
31220,1000000US170316505003032,0,0,0,0,0,0,0,0,0,0,0,0,0,0,0,0,0,0
31221,1000000US170316505003033,0,0,0,0,0,0,0,0,0,0,0,0,0,0,0,0,0,0
31222,1000000US170316505003034,0,0,0,0,0,0,0,0,0,0,0,0,0,0,0,0,0,0
31223,1000000US170316505003035,0,0,0,0,0,0,0,0,0,0,0,0,0,0,0,0,0,0
31224,1000000US170316505003036,0,0,0,0,0,0,0,0,0,0,0,0,0,0,0,0,0,0
31225,1000000US170316505003037,0,0,0,0,0,0,0,0,0,0,0,0,0,0,0,0,0,0
31226,1000000US170316505003038,302,71,157,5,6,0,76,226,0,76,231,10,214,186,28,377,5,8
31227,1000000US170316505003039,0,0,0,0,0,0,0,0,0,0,0,0,0,0,0,0,0,0
31228,1000000US170316505003040,0,0,0,0,0,0,0,0,0,0,0,0,0,0,0,0,0,0
31229,1000000US170316505003041,0,0,0,0,0,0,0,0,0,0,0,0,0,0,0,0,0,0
31230,1000000US170316505003042,0,0,0,0,0,0,0,0,0,0,0,0,0,0,0,0,0,0
31231,1000000US170316505003043,0,0,0,0,0,0,0,0,0,0,0,0,0,0,0,0,0,0
31232,1000000US170316505003044,0,0,0,0,0,0,0,0,0,0,0,0,0,0,0,0,0,0
31233,1000000US170316505003045,0,0,0,0,0,0,0,0,0,0,0,0,0,0,0,0,0,0
31234,1000000US170316505003046,0,0,0,0,0,0,0,0,0,0,0,0,0,0,0,0,0,0
31235,1000000US170316505003047,0,0,0,0,0,0,0,0,0,0,0,0,0,0,0,0,0,0
31236,1000000US170316505003048,0,0,0,0,0,0,0,0,0,0,0,0,0,0,0,0,0,0
31237,1000000US170316505003049,0,0,0,0,0,0,0,0,0,0,0,0,0,0,0,0,0,0
31238,1000000US170316505003050,0,0,0,0,0,0,0,0,0,0,0,0,0,0,0,0,0,0
31239,1000000US170316603011000,53,2,17,0,0,0,34,19,0,34,51,0,20,14,6,86,0,0
31240,1000000US170316603011001,47,5,15,4,0,0,35,12,0,35,42,4,17,16,1,65,0,8
31241,1000000US170316603011002,51,0,5,0,0,0,46,5,0,46,51,0,14,13,1,70,0,0
31242,1000000US170316603011003,64,4,3,3,0,0,57,7,0,57,60,0,19,16,3,97,3,0
31243,1000000US170316603011004,41,3,5,0,0,0,33,8,0,33,38,0,15,14,1,57,0,0
31244,1000000US170316603011005,73,4,38,0,0,0,32,41,0,32,69,0,36,33,3,106,0,1
31245,1000000US170316603011006,53,2,3,0,1,1,49,4,0,49,51,2,21,16,5,88,0,1
31246,1000000US170316603011007,66,0,10,1,0,0,58,8,0,58,66,2,29,22,7,118,0,2
31247,1000000US170316603011008,45,1,26,0,0,0,18,27,0,18,44,0,31,18,13,68,0,0
31248,1000000US170316603011009,68,2,21,0,0,0,46,22,0,46,66,1,34,24,10,118,0,1
31249,1000000US170316603011010,76,2,13,0,0,0,61,15,0,61,74,3,38,32,6,142,0,0
31250,1000000US170316603011011,60,4,32,3,0,0,25,35,0,25,56,2,36,30,6,95,3,1
31251,1000000US170316603011012,60,1,25,0,0,0,34,26,0,34,59,3,36,24,12,83,0,0
31252,1000000US170316603011013,82,0,21,0,0,0,63,19,0,63,82,4,34,29,5,137,0,2
31253,1000000US170316603011014,101,1,42,2,1,1,58,43,0,58,100,3,51,48,3,159,0,1
31254,1000000US170316603011015,33,1,31,1,0,0,0,33,0,0,32,1,26,26,0,41,0,0
31255,1000000US170316603011016,0,0,0,0,0,0,0,0,0,0,0,0,0,0,0,0,0,0
31256,1000000US170316603011017,45,0,34,0,0,0,12,33,0,12,45,0,36,24,12,72,0,1
31257,1000000US170316603011018,40,0,32,1,0,0,9,31,0,9,40,2,40,31,9,51,1,1
31258,1000000US170316603011019,42,1,32,0,0,0,9,33,0,9,41,1,43,32,11,55,0,0
31259,1000000US170316603011020,30,0,18,0,0,0,14,16,0,14,30,1,23,14,9,46,0,2
31260,1000000US170316603011021,2,0,0,0,0,0,2,0,0,2,2,0,5,1,4,4,0,0
31261,1000000US170316603011022,14,0,4,0,0,0,10,4,0,10,14,0,35,6,29,19,0,0
31262,1000000US170316603011023,4,0,0,0,0,0,4,0,0,4,4,0,2,2,0,8,0,0
31263,1000000US170316603021000,0,0,0,0,0,0,0,0,0,0,0,0,0,0,0,0,0,0
31264,1000000US170316603021001,24,2,15,0,0,0,7,17,0,7,22,0,18,12,6,40,0,0
31265,1000000US170316603021002,29,0,2,0,0,0,27,2,0,27,29,0,28,18,10,43,0,0
31266,1000000US170316603021003,47,4,6,0,0,0,37,10,0,37,43,0,16,15,1,73,0,0
31267,1000000US170316603021004,54,1,0,1,0,0,53,1,0,53,53,0,18,17,1,75,1,0
31268,1000000US170316603021005,55,3,0,0,0,0,52,3,0,52,52,2,23,21,2,86,0,0
31269,1000000US170316603021006,55,3,0,0,0,0,52,3,0,52,52,0,21,15,6,83,0,0
31270,1000000US170316603021007,80,2,12,0,2,0,64,16,0,64,78,2,26,23,3,129,0,0
31271,1000000US170316603021008,58,6,4,0,0,0,48,10,0,48,52,0,26,24,2,99,0,0
31272,1000000US170316603021009,62,4,0,0,2,0,58,4,0,58,58,2,19,19,0,96,0,0
31273,1000000US170316603021010,60,0,7,3,0,0,54,6,0,54,60,3,19,19,0,91,3,1
31274,1000000US170316603021011,75,0,7,0,0,0,68,7,0,68,75,2,32,30,2,114,0,0
31275,1000000US170316603021012,62,7,18,0,0,0,38,24,0,38,55,2,27,25,2,109,0,1
31276,1000000US170316603021013,54,5,0,0,0,0,49,5,0,49,49,0,16,16,0,85,0,0
31277,1000000US170316603021014,77,4,25,0,0,0,48,29,0,48,73,0,33,32,1,116,0,0
31278,1000000US170316603022000,10,0,3,0,0,0,7,3,0,7,10,2,8,7,1,12,0,0
31279,1000000US170316603022001,33,8,5,1,0,3,18,15,0,18,25,3,34,22,12,47,0,1
31280,1000000US170316603022002,41,3,0,1,0,0,38,3,0,38,38,0,12,11,1,72,1,0
31281,1000000US170316603022003,54,2,2,0,0,0,50,4,0,50,52,0,17,16,1,84,0,0
31282,1000000US170316603022004,58,11,1,0,0,0,46,12,0,46,47,1,20,18,2,89,0,0
31283,1000000US170316603022005,0,0,0,0,0,0,0,0,0,0,0,0,0,0,0,0,0,0
31284,1000000US170316603022006,6,0,0,0,0,0,6,0,0,6,6,0,4,3,1,14,0,0
31285,1000000US170316603022007,104,4,39,3,0,0,61,43,0,61,100,0,51,47,4,149,3,0
31286,1000000US170316603022008,125,1,48,1,0,1,71,54,0,71,124,4,55,47,8,199,1,1
31287,1000000US170316603022009,116,6,42,5,0,0,70,46,0,70,110,7,55,54,1,179,5,2
31288,1000000US170316603022010,98,8,16,7,2,0,73,25,0,73,90,2,34,30,4,137,7,1
31289,1000000US170316603022011,100,0,26,4,4,1,78,22,0,78,100,8,50,44,6,156,0,4
31290,1000000US170316603022012,164,2,40,2,0,0,123,41,0,123,162,7,66,62,4,255,2,1
31291,1000000US170316603022013,44,4,34,0,0,0,8,36,0,8,40,2,30,30,0,55,0,2
31292,1000000US170316603023000,30,2,0,0,0,0,28,2,0,28,28,0,14,8,6,32,0,0
31293,1000000US170316603023001,26,2,6,0,0,0,18,8,0,18,24,0,13,11,2,34,0,0
31294,1000000US170316603023002,23,1,0,0,0,0,21,2,0,21,22,1,18,9,9,37,0,0
31295,1000000US170316603023003,67,2,3,0,0,0,62,5,0,62,65,2,24,22,2,93,0,0
31296,1000000US170316603023004,60,8,20,0,0,0,32,28,0,32,52,0,30,29,1,76,0,0
31297,1000000US170316603023005,65,2,25,7,0,0,37,28,0,37,63,0,33,30,3,86,7,1
31298,1000000US170316603023006,31,6,4,0,0,0,21,10,0,21,25,0,12,12,0,58,0,0
31299,1000000US170316603023007,70,1,2,4,0,0,69,1,0,69,69,4,20,20,0,94,4,2
31300,1000000US170316603023008,108,0,50,1,0,0,61,47,0,61,108,1,46,43,3,155,1,3
31301,1000000US170316603023009,104,0,32,0,4,0,70,34,0,70,104,0,33,32,1,153,0,2
31302,1000000US170316603023010,89,2,34,0,0,0,53,36,0,53,87,3,45,40,5,130,0,0
31303,1000000US170316603023011,92,0,21,0,0,0,71,21,0,71,92,1,31,31,0,149,0,0
31304,1000000US170316603023012,47,5,0,0,0,0,42,5,0,42,42,0,16,16,0,68,0,0
31305,1000000US170316603023013,62,1,0,0,0,0,61,1,0,61,61,2,29,22,7,95,0,0
31306,1000000US170316603023014,80,5,19,0,1,0,58,22,0,58,75,10,24,24,0,119,0,2
31307,1000000US170316603024000,62,1,13,0,0,0,48,14,0,48,61,0,23,20,3,111,0,0
31308,1000000US170316603024001,61,1,3,0,0,0,57,4,0,57,60,0,20,17,3,89,0,0
31309,1000000US170316603024002,90,1,30,0,0,0,59,31,0,59,89,0,34,33,1,154,0,0
31310,1000000US170316603024003,75,3,21,3,3,0,48,27,0,48,72,1,30,30,0,102,3,0
31311,1000000US170316603024004,68,3,17,3,2,0,47,21,0,47,65,1,32,25,7,110,3,0
31312,1000000US170316603024005,88,1,28,0,2,0,57,31,0,57,87,0,32,30,2,130,0,0
31313,1000000US170316603024006,69,7,24,0,0,0,38,31,0,38,62,5,29,28,1,106,0,0
31314,1000000US170316603024007,93,2,64,0,0,0,28,65,0,28,91,0,45,40,5,150,0,1
31315,1000000US170316603024008,90,1,40,2,3,0,47,43,0,47,89,6,59,45,14,126,2,4
31316,1000000US170316603024009,86,0,28,1,0,0,58,28,0,58,86,2,45,36,9,123,1,0
31317,1000000US170316603024010,105,2,39,0,0,0,65,40,0,65,103,2,45,40,5,159,0,1
31318,1000000US170316603024011,68,5,9,1,0,0,54,14,0,54,63,6,32,25,7,101,1,0
31319,1000000US170316604001000,57,4,31,0,0,0,23,34,0,23,53,4,44,41,3,74,0,1
31320,1000000US170316604001001,53,1,2,0,0,0,48,5,0,48,52,0,16,15,1,82,0,0
31321,1000000US170316604001002,62,4,0,0,0,0,58,4,0,58,58,3,21,21,0,100,0,0
31322,1000000US170316604001003,34,0,3,1,0,0,32,2,0,32,34,7,10,10,0,59,1,2
31323,1000000US170316604001004,72,9,3,4,0,0,59,13,0,59,63,5,33,29,4,106,3,0
31324,1000000US170316604001005,93,1,6,0,6,0,81,12,0,81,92,5,27,25,2,136,0,1
31325,1000000US170316604001006,83,1,4,7,0,0,80,3,0,80,82,0,29,25,4,142,7,2
31326,1000000US170316604001007,36,7,3,2,3,0,29,7,0,29,29,3,13,13,0,50,2,3
31327,1000000US170316604001008,95,3,0,0,0,0,92,3,0,92,92,9,27,26,1,136,0,0
31328,1000000US170316604001009,77,3,1,1,0,0,73,4,0,73,74,0,27,26,1,108,1,0
31329,1000000US170316604001010,79,5,3,0,0,0,71,8,0,71,74,1,27,25,2,114,0,0
31330,1000000US170316604001011,84,10,3,1,0,0,73,11,0,73,74,1,30,28,2,112,0,3
31331,1000000US170316604001012,0,0,0,0,0,0,0,0,0,0,0,0,0,0,0,0,0,0
31332,1000000US170316604001013,87,7,8,0,0,0,77,10,0,77,80,7,30,28,2,124,0,5
31333,1000000US170316604001014,54,8,0,0,0,0,46,8,0,46,46,0,21,18,3,83,0,0
31334,1000000US170316604001015,68,7,1,3,0,0,61,7,0,61,61,6,29,25,4,97,3,1
31335,1000000US170316604002000,0,0,0,0,0,0,0,0,0,0,0,0,0,0,0,0,0,0
31336,1000000US170316604002001,44,0,0,0,0,0,44,0,0,44,44,0,15,15,0,70,0,0
31337,1000000US170316604002002,68,2,4,1,0,0,64,4,0,64,66,0,25,23,2,102,1,2
31338,1000000US170316604002003,64,2,0,1,0,0,62,2,0,62,62,0,22,19,3,93,1,0
31339,1000000US170316604002004,46,5,6,0,0,0,35,11,0,35,41,2,16,16,0,73,0,0
31340,1000000US170316604002005,60,4,0,0,0,0,56,4,0,56,56,1,20,19,1,86,0,0
31341,1000000US170316604002006,100,17,34,2,0,0,48,52,0,48,83,1,57,56,1,140,2,1
31342,1000000US170316604002007,46,4,3,0,1,0,41,5,0,41,42,2,19,19,0,77,0,2
31343,1000000US170316604002008,63,1,0,0,0,0,62,1,0,62,62,1,27,27,0,106,0,0
31344,1000000US170316604002009,55,5,6,0,0,0,46,9,0,46,50,0,25,24,1,78,0,2
31345,1000000US170316604002010,57,1,1,0,0,0,56,1,0,56,56,0,21,18,3,85,0,1
31346,1000000US170316604002011,59,3,0,0,1,0,55,4,0,55,56,0,19,19,0,101,0,0
31347,1000000US170316604002012,64,20,6,4,0,1,37,27,0,37,44,4,27,27,0,100,3,1
31348,1000000US170316604002013,120,10,74,1,0,0,37,83,0,37,110,7,81,67,14,166,0,2
31349,1000000US170316604002014,88,19,10,0,0,0,61,27,0,61,69,1,43,42,1,129,0,2
31350,1000000US170316604002015,25,2,20,0,0,0,3,22,0,3,23,0,20,20,0,28,0,0
31351,1000000US170316604003000,69,4,0,11,0,0,65,4,0,65,65,4,25,24,1,116,11,0
31352,1000000US170316604003001,53,6,2,0,6,0,44,9,0,44,47,6,22,21,1,94,0,0
31353,1000000US170316604003002,69,6,2,0,4,1,62,7,0,62,63,6,21,19,2,110,0,2
31354,1000000US170316604003003,56,4,1,0,0,0,52,4,0,52,52,2,16,16,0,89,0,1
31355,1000000US170316604003004,65,5,2,0,0,0,58,7,0,58,60,0,23,21,2,100,0,0
31356,1000000US170316604003005,73,5,0,6,0,0,68,5,0,68,68,8,25,23,2,121,0,0
31357,1000000US170316604003006,59,23,0,0,0,0,36,23,0,36,36,1,23,23,0,88,0,0
31358,1000000US170316604003007,57,4,0,3,0,1,52,5,0,52,53,5,25,21,4,94,0,0
31359,1000000US170316604003008,72,3,0,4,0,0,69,3,0,69,69,7,27,25,2,122,0,0
31360,1000000US170316604003009,57,3,0,0,0,0,54,3,0,54,54,0,26,23,3,86,0,0
31361,1000000US170316604003010,47,3,1,1,1,1,44,3,0,44,44,3,21,17,4,74,0,1
31362,1000000US170316604003011,50,3,0,0,0,0,47,3,0,47,47,0,23,20,3,88,0,0
31363,1000000US170316604003012,59,11,2,0,0,0,46,13,0,46,48,1,28,26,2,95,0,0
31364,1000000US170316604003013,49,3,0,0,0,0,46,3,0,46,46,3,19,16,3,76,0,0
31365,1000000US170316604003014,2,0,1,0,0,0,1,1,0,1,2,0,1,1,0,4,0,0
31366,1000000US170316604003015,0,0,0,0,0,0,0,0,0,0,0,0,0,0,0,0,0,0
31367,1000000US170316604004000,46,2,0,0,0,0,44,2,0,44,44,0,19,15,4,66,0,0
31368,1000000US170316604004001,71,7,5,0,0,0,60,11,0,60,64,0,17,17,0,112,0,1
31369,1000000US170316604004002,49,10,0,0,0,0,39,10,0,39,39,0,20,19,1,75,0,0
31370,1000000US170316604004003,64,7,0,4,0,0,53,11,0,53,57,4,24,24,0,101,0,0
31371,1000000US170316604004004,59,5,1,0,0,0,54,5,0,54,54,3,24,23,1,109,0,1
31372,1000000US170316604004005,73,4,3,7,0,0,67,6,0,67,69,0,26,22,4,109,7,1
31373,1000000US170316604004006,60,14,1,0,0,0,45,15,0,45,46,0,20,19,1,82,0,0
31374,1000000US170316604004007,65,4,0,2,0,0,59,6,0,59,61,2,25,24,1,105,2,0
31375,1000000US170316604004008,70,2,0,0,0,0,68,2,0,68,68,1,23,22,1,117,0,0
31376,1000000US170316604004009,78,3,5,1,0,0,72,6,0,72,75,4,29,28,1,128,1,3
31377,1000000US170316604004010,89,9,8,0,0,0,72,17,0,72,80,0,25,24,1,132,0,0
31378,1000000US170316604004011,61,11,1,1,0,0,50,11,0,50,50,0,19,18,1,94,1,1
31379,1000000US170316604004012,78,9,0,0,0,0,69,9,0,69,69,0,26,24,2,118,0,0
31380,1000000US170316604004013,66,6,1,0,0,0,59,7,0,59,60,7,22,21,1,107,0,0
31381,1000000US170316604004014,72,6,5,0,0,0,61,11,0,61,66,0,27,24,3,101,0,0
31382,1000000US170316604004015,57,9,0,0,0,0,48,9,0,48,48,0,22,22,0,90,0,0
31383,1000000US170316605001000,129,15,83,4,0,0,33,96,0,33,114,3,113,99,14,138,4,2
31384,1000000US170316605001001,16,12,0,0,2,0,2,14,0,2,4,0,12,10,2,16,0,0
31385,1000000US170316605001002,21,6,8,1,0,0,7,14,0,7,15,0,12,11,1,30,1,0
31386,1000000US170316605001003,57,2,5,0,4,0,48,9,0,48,55,3,24,22,2,93,0,0
31387,1000000US170316605001004,93,8,5,0,3,0,80,13,0,80,85,2,39,35,4,148,0,0
31388,1000000US170316605001005,53,0,3,0,0,0,52,1,0,52,53,6,25,23,2,93,0,2
31389,1000000US170316605001006,46,3,11,3,0,0,38,8,0,38,43,6,17,16,1,71,3,6
31390,1000000US170316605001007,36,7,0,0,0,0,29,7,0,29,29,0,14,13,1,56,0,0
31391,1000000US170316605001008,38,9,0,0,0,0,29,9,0,29,29,1,15,14,1,54,0,0
31392,1000000US170316605001009,61,2,13,0,1,0,46,15,0,46,59,6,34,30,4,109,0,0
31393,1000000US170316605001010,49,6,2,0,0,0,41,8,0,41,43,0,18,17,1,81,0,0
31394,1000000US170316605001011,21,5,7,0,0,0,12,9,0,12,16,0,10,8,2,34,0,3
31395,1000000US170316605001012,57,12,3,0,0,0,41,16,0,41,45,1,18,17,1,82,0,0
31396,1000000US170316605001013,65,3,0,0,0,0,62,3,0,62,62,1,17,16,1,103,0,0
31397,1000000US170316605001014,52,14,0,0,0,0,38,14,0,38,38,0,17,13,4,77,0,0
31398,1000000US170316605001015,60,6,2,4,0,0,52,8,0,52,54,4,19,18,1,80,4,0
31399,1000000US170316605002000,58,17,3,0,1,0,37,21,0,37,41,0,19,19,0,79,0,0
31400,1000000US170316605002001,97,1,7,2,0,0,90,7,0,90,96,3,33,32,1,165,2,2
31401,1000000US170316605002002,34,1,11,0,0,0,22,12,0,22,33,0,12,11,1,63,0,0
31402,1000000US170316605002003,83,10,20,0,0,0,58,25,0,58,73,0,31,28,3,125,0,5
31403,1000000US170316605002004,84,3,2,0,1,0,78,6,0,78,81,2,29,28,1,114,0,0
31404,1000000US170316605002005,38,1,0,0,0,0,36,2,0,36,37,0,14,14,0,76,0,0
31405,1000000US170316605002006,60,2,4,0,1,0,54,6,0,54,58,7,15,15,0,102,0,0
31406,1000000US170316605002007,56,6,8,0,0,0,42,14,0,42,50,0,25,23,2,67,0,0
31407,1000000US170316605002008,49,11,3,0,6,0,29,20,0,29,38,0,21,18,3,74,0,0
31408,1000000US170316605002009,63,8,2,0,0,0,53,10,0,53,55,1,17,16,1,91,0,0
31409,1000000US170316605002010,55,3,0,0,0,0,52,3,0,52,52,0,19,17,2,78,0,0
31410,1000000US170316605002011,50,6,12,0,1,0,32,18,0,32,44,1,24,21,3,72,0,1
31411,1000000US170316605002012,65,11,7,2,0,0,47,18,0,47,54,1,32,32,0,90,2,0
31412,1000000US170316605002013,59,7,0,0,0,0,52,7,0,52,52,0,17,15,2,84,0,0
31413,1000000US170316605002014,149,16,94,1,2,0,40,109,0,40,133,3,80,77,3,224,0,3
31414,1000000US170316605002015,61,10,9,0,0,0,43,18,0,43,51,0,22,22,0,88,0,1
31415,1000000US170316605003000,0,0,0,0,0,0,0,0,0,0,0,0,0,0,0,0,0,0
31416,1000000US170316605003001,54,4,0,0,0,0,50,4,0,50,50,0,13,13,0,79,0,0
31417,1000000US170316605003002,0,0,0,0,0,0,0,0,0,0,0,0,0,0,0,0,0,0
31418,1000000US170316605003003,0,0,0,0,0,0,0,0,0,0,0,0,0,0,0,0,0,0
31419,1000000US170316605003004,49,0,10,0,0,0,42,7,0,42,49,0,18,17,1,81,0,3
31420,1000000US170316605003005,52,8,5,0,0,0,39,13,0,39,44,1,22,22,0,85,0,0
31421,1000000US170316605003006,58,3,1,4,0,0,55,3,0,55,55,1,25,23,2,101,3,1
31422,1000000US170316605003007,35,9,2,0,0,0,24,11,0,24,26,0,19,15,4,58,0,0
31423,1000000US170316605003008,52,6,0,4,3,0,44,8,0,44,46,1,19,17,2,87,4,0
31424,1000000US170316605003009,64,7,0,0,0,0,57,7,0,57,57,1,25,23,2,100,0,0
31425,1000000US170316605003010,74,2,14,4,0,0,58,16,0,58,72,0,26,25,1,107,4,0
31426,1000000US170316605003011,50,18,1,0,0,0,31,19,0,31,32,1,15,15,0,71,0,0
31427,1000000US170316605003012,45,2,2,3,2,0,41,4,0,41,43,2,20,15,5,77,3,0
31428,1000000US170316605003013,0,0,0,0,0,0,0,0,0,0,0,0,0,0,0,0,0,0
31429,1000000US170316605003014,0,0,0,0,0,0,0,0,0,0,0,0,0,0,0,0,0,0
31430,1000000US170316605003015,46,10,0,0,0,0,36,10,0,36,36,1,21,16,5,64,0,0
31431,1000000US170316605003016,93,6,40,0,0,0,48,45,0,48,87,3,43,40,3,130,0,1
31432,1000000US170316605003017,40,5,7,0,0,0,28,12,0,28,35,0,13,12,1,59,0,0
31433,1000000US170316605003018,74,9,3,0,0,0,62,12,0,62,65,0,26,22,4,121,0,0
31434,1000000US170316605004000,0,0,0,0,0,0,0,0,0,0,0,0,0,0,0,0,0,0
31435,1000000US170316605004001,5,0,0,0,0,0,5,0,0,5,5,0,1,1,0,6,0,0
31436,1000000US170316605004002,0,0,0,0,0,0,0,0,0,0,0,0,0,0,0,0,0,0
31437,1000000US170316605004003,179,35,30,2,4,0,111,68,0,111,144,1,13,13,0,235,2,1
31438,1000000US170316605004004,56,8,8,0,0,0,40,16,0,40,48,0,26,21,5,98,0,0
31439,1000000US170316605004005,61,8,7,1,0,0,47,14,0,47,53,2,23,23,0,101,1,1
31440,1000000US170316605004006,95,5,22,0,0,0,68,27,0,68,90,2,42,36,6,158,0,0
31441,1000000US170316605004007,0,0,0,0,0,0,0,0,0,0,0,0,0,0,0,0,0,0
31442,1000000US170316605004008,60,5,0,0,1,0,54,6,0,54,55,1,21,21,0,87,0,0
31443,1000000US170316605004009,52,4,6,1,0,0,41,11,0,41,48,0,22,20,2,85,1,0
31444,1000000US170316605004010,46,2,6,0,0,0,39,7,0,39,44,1,17,16,1,67,0,1
31445,1000000US170316605004011,63,3,0,0,0,0,60,3,0,60,60,1,23,22,1,106,0,0
31446,1000000US170316605004012,0,0,0,0,0,0,0,0,0,0,0,0,0,0,0,0,0,0
31447,1000000US170316605004013,0,0,0,0,0,0,0,0,0,0,0,0,0,0,0,0,0,0
31448,1000000US170316605004014,72,1,0,1,0,0,71,1,0,71,71,1,23,21,2,112,0,0
31449,1000000US170316605004015,43,6,6,0,1,0,30,13,0,30,37,0,15,15,0,75,0,0
31450,1000000US170316605004016,45,4,1,0,0,0,41,4,0,41,41,2,25,19,6,78,0,1
31451,1000000US170316605004017,59,11,3,0,0,0,45,14,0,45,48,4,21,21,0,91,0,0
31452,1000000US170316605004018,56,6,0,0,0,0,50,6,0,50,50,0,20,20,0,89,0,0
31453,1000000US170316605004019,44,7,2,0,0,0,35,9,0,35,37,0,21,15,6,69,0,0
31454,1000000US170316606001000,2,0,0,0,0,0,2,0,0,2,2,1,13,1,12,2,0,0
31455,1000000US170316606001001,44,0,43,1,0,0,1,43,0,1,44,2,36,34,2,52,0,0
31456,1000000US170316606001002,2,0,2,0,0,0,0,2,0,0,2,0,23,1,22,2,0,0
31457,1000000US170316606001003,32,0,26,0,0,0,6,26,0,6,32,0,20,15,5,49,0,0
31458,1000000US170316606001004,42,0,39,0,0,0,3,39,0,3,42,0,24,15,9,57,0,0
31459,1000000US170316606001005,59,0,59,0,1,0,0,59,0,0,59,1,40,27,13,89,0,0
31460,1000000US170316606001006,64,2,61,1,0,0,0,64,0,0,62,0,45,34,11,91,1,0
31461,1000000US170316606001007,72,0,63,0,0,0,9,63,0,9,72,0,47,31,16,105,0,0
31462,1000000US170316606001008,0,0,0,0,0,0,0,0,0,0,0,0,2,0,2,0,0,0
31463,1000000US170316606001009,0,0,0,0,0,0,0,0,0,0,0,0,0,0,0,0,0,0
31464,1000000US170316606001010,55,2,49,4,0,0,0,55,0,0,53,0,36,27,9,72,4,0
31465,1000000US170316606001011,50,0,50,0,0,0,0,50,0,0,50,0,33,21,12,71,0,0
31466,1000000US170316606001012,46,2,28,1,0,0,15,31,0,15,44,0,27,20,7,61,1,0
31467,1000000US170316606001013,67,0,62,5,0,0,0,67,0,0,67,0,32,24,8,96,5,0
31468,1000000US170316606001014,77,5,72,0,0,0,2,75,0,2,72,0,39,30,9,116,0,2
31469,1000000US170316606002000,59,1,58,3,0,0,2,57,0,2,58,3,33,25,8,100,0,2
31470,1000000US170316606002001,5,0,5,0,0,0,0,5,0,0,5,0,3,2,1,8,0,0
31471,1000000US170316606002002,4,0,4,0,0,0,1,3,0,1,4,0,5,3,2,4,0,1
31472,1000000US170316606002003,68,0,46,0,0,0,23,45,0,23,68,0,36,31,5,87,0,1
31473,1000000US170316606002004,46,2,32,0,0,0,12,34,0,12,44,0,17,15,2,65,0,0
31474,1000000US170316606002005,60,0,45,6,0,0,15,45,0,15,60,0,23,21,2,103,6,0
31475,1000000US170316606002006,57,0,47,0,2,0,8,49,0,8,57,2,30,27,3,93,0,0
31476,1000000US170316606002007,57,1,54,0,0,0,2,55,0,2,56,0,27,22,5,83,0,0
31477,1000000US170316606002008,53,3,43,0,0,0,7,46,0,7,50,5,24,18,6,61,0,0
31478,1000000US170316606002009,90,1,83,0,0,0,6,84,0,6,89,2,53,39,14,128,0,0
31479,1000000US170316606002010,57,0,45,0,2,4,13,44,0,13,57,4,22,18,4,101,0,3
31480,1000000US170316606002011,86,0,65,0,0,0,21,65,0,21,86,0,33,32,1,137,0,0
31481,1000000US170316606002012,47,2,37,0,0,0,8,39,0,8,45,0,22,20,2,86,0,0
31482,1000000US170316606002013,44,2,31,0,0,0,11,33,0,11,42,1,24,17,7,70,0,0
31483,1000000US170316606002014,49,2,44,1,0,0,2,47,0,2,47,0,34,26,8,67,1,0
31484,1000000US170316606003000,13,0,0,0,0,0,13,0,0,13,13,0,3,3,0,17,0,0
31485,1000000US170316606003001,43,1,37,2,0,0,3,40,0,3,42,1,56,25,31,54,2,0
31486,1000000US170316606003002,23,0,10,0,0,0,13,10,0,13,23,0,9,6,3,34,0,0
31487,1000000US170316606003003,29,0,17,0,2,0,13,16,0,13,29,3,12,11,1,48,0,1
31488,1000000US170316606003004,50,0,30,0,0,0,20,30,0,20,50,0,20,16,4,67,0,0
31489,1000000US170316606003005,77,6,65,2,0,0,7,70,0,7,71,2,61,43,18,105,1,1
31490,1000000US170316606003006,65,4,49,2,0,0,12,53,0,12,61,0,54,35,19,81,2,0
31491,1000000US170316606003007,84,7,27,6,0,0,50,34,0,50,77,0,34,30,4,111,6,0
31492,1000000US170316606003008,59,4,25,0,0,0,29,30,0,29,55,7,24,24,0,90,0,0
31493,1000000US170316606003009,123,7,28,0,1,0,89,34,0,89,116,4,58,42,16,192,0,1
31494,1000000US170316606003010,96,1,76,1,0,0,21,75,0,21,95,3,50,48,2,138,0,2
31495,1000000US170316606003011,65,2,56,1,0,0,7,58,0,7,63,0,48,32,16,105,1,0
31496,1000000US170316606003012,63,3,50,2,0,0,10,53,0,10,60,2,35,27,8,90,2,1
31497,1000000US170316606003013,31,0,31,0,0,0,1,30,0,1,31,0,14,12,2,50,0,1
31498,1000000US170316606004000,17,0,3,0,0,0,14,3,0,14,17,0,8,8,0,24,0,0
31499,1000000US170316606004001,7,1,2,0,0,0,4,3,0,4,6,0,5,4,1,12,0,0
31500,1000000US170316606004002,21,0,8,0,0,0,13,8,0,13,21,0,8,8,0,33,0,0
31501,1000000US170316606004003,89,3,23,5,0,0,61,28,0,61,86,1,36,30,6,138,5,0
31502,1000000US170316606004004,55,0,24,0,1,0,30,25,0,30,55,1,24,21,3,82,0,0
31503,1000000US170316606004005,92,2,43,5,0,0,43,49,0,43,90,0,42,38,4,133,5,0
31504,1000000US170316606004006,61,2,33,2,1,0,26,35,0,26,59,2,41,30,11,86,2,1
31505,1000000US170316606004007,50,2,35,0,0,0,13,37,0,13,48,0,35,26,9,79,0,0
31506,1000000US170316606004008,41,2,7,0,0,0,32,9,0,32,39,0,14,14,0,67,0,0
31507,1000000US170316606004009,80,3,8,0,0,0,69,11,0,69,77,0,27,24,3,121,0,0
31508,1000000US170316606004010,97,1,55,1,1,0,45,52,0,45,96,4,54,47,7,144,1,4
31509,1000000US170316606004011,78,6,38,0,0,0,34,44,0,34,72,2,49,40,9,131,0,0
31510,1000000US170316606004012,69,1,20,4,0,0,47,22,0,47,68,2,35,25,10,106,4,0
31511,1000000US170316606004013,73,2,36,0,0,0,35,38,0,35,71,2,46,38,8,140,0,0
31512,1000000US170316606004014,73,1,49,0,0,0,23,50,0,23,72,0,36,27,9,108,0,0
31513,1000000US170316606005000,11,0,3,0,0,0,8,3,0,8,11,5,4,3,1,17,0,0
31514,1000000US170316606005001,11,0,11,0,0,0,0,11,0,0,11,0,16,7,9,16,0,0
31515,1000000US170316606005002,11,0,1,0,0,0,10,1,0,10,11,0,11,6,5,17,0,0
31516,1000000US170316606005003,118,6,92,5,0,0,22,96,0,22,112,7,91,89,2,144,5,2
31517,1000000US170316606005004,63,3,60,0,0,0,0,63,0,0,60,0,45,43,2,98,0,0
31518,1000000US170316606005005,92,1,82,0,0,0,9,83,0,9,91,0,61,58,3,134,0,1
31519,1000000US170316606005006,73,5,22,2,0,0,46,27,0,46,68,0,36,34,2,104,2,0
31520,1000000US170316606005007,81,1,12,0,0,0,68,13,0,68,80,1,27,26,1,125,0,0
31521,1000000US170316606005008,55,3,8,4,1,0,43,12,0,43,52,5,32,20,12,87,4,0
31522,1000000US170316606005009,76,3,52,0,1,0,21,55,0,21,73,1,32,26,6,120,0,0
31523,1000000US170316606005010,50,1,25,2,0,0,26,24,0,26,49,1,20,20,0,73,2,2
31524,1000000US170316606005011,67,6,11,5,0,0,51,16,0,51,61,1,29,27,2,92,5,1
31525,1000000US170316606005012,58,6,25,0,0,0,28,30,0,28,52,1,32,30,2,104,0,1
31526,1000000US170316606005013,59,2,25,7,0,1,32,27,0,32,57,1,28,28,0,107,7,0
31527,1000000US170316606005014,47,4,11,0,0,0,33,14,0,33,43,0,21,16,5,72,0,1
31528,1000000US170316606005015,58,7,10,0,0,0,42,16,0,42,51,0,21,20,1,93,0,1
31529,1000000US170316606005016,79,5,23,0,4,0,47,32,0,47,74,0,43,36,7,122,0,0
31530,1000000US170316606005017,54,1,13,0,0,0,41,13,0,41,53,0,24,22,2,89,0,1
31531,1000000US170316606005018,48,2,24,0,0,0,23,25,0,23,46,1,29,23,6,77,0,1
31532,1000000US170316607001000,0,0,0,0,0,0,0,0,0,0,0,0,0,0,0,0,0,0
31533,1000000US170316607001001,1,0,1,0,0,0,0,1,0,0,1,0,1,1,0,1,0,0
31534,1000000US170316607001002,0,0,0,0,0,0,0,0,0,0,0,0,0,0,0,0,0,0
31535,1000000US170316607001003,0,0,0,0,0,0,0,0,0,0,0,0,0,0,0,0,0,0
31536,1000000US170316607001004,153,4,131,6,11,0,10,143,0,10,149,10,0,0,0,183,4,4
31537,1000000US170316607001005,41,0,37,0,0,0,4,37,0,4,41,0,24,14,10,60,0,0
31538,1000000US170316607001006,44,0,44,0,0,0,1,43,0,1,44,0,19,17,2,66,0,1
31539,1000000US170316607001007,32,0,32,0,0,0,0,32,0,0,32,0,14,14,0,39,0,0
31540,1000000US170316607001008,30,0,30,0,0,0,0,30,0,0,30,0,13,13,0,43,0,0
31541,1000000US170316607001009,34,0,34,0,0,0,0,34,0,0,34,0,18,17,1,45,0,0
31542,1000000US170316607001010,39,0,39,0,0,0,0,39,0,0,39,0,18,17,1,59,0,0
31543,1000000US170316607001011,48,1,47,0,0,0,1,47,0,1,47,0,21,21,0,71,0,1
31544,1000000US170316607001012,0,0,0,0,0,0,0,0,0,0,0,0,0,0,0,0,0,0
31545,1000000US170316607001013,0,0,0,0,0,0,0,0,0,0,0,0,0,0,0,0,0,0
31546,1000000US170316607001014,48,0,46,0,0,0,2,46,0,2,48,0,20,19,1,62,0,0
31547,1000000US170316607001015,49,1,46,0,0,0,2,47,0,2,48,0,23,21,2,77,0,0
31548,1000000US170316607001016,56,1,55,0,0,0,0,56,0,0,55,0,22,19,3,101,0,0
31549,1000000US170316607001017,59,0,59,0,0,0,0,59,0,0,59,0,21,21,0,94,0,0
31550,1000000US170316607001018,39,2,37,0,0,0,0,39,0,0,37,0,21,15,6,62,0,0
31551,1000000US170316607001019,28,0,21,0,5,0,2,26,0,2,28,0,11,11,0,37,0,0
31552,1000000US170316607001020,8,1,7,0,0,0,0,8,0,0,7,0,17,6,11,8,0,0
31553,1000000US170316607001021,0,0,0,0,0,0,0,0,0,0,0,0,0,0,0,0,0,0
31554,1000000US170316607001022,0,0,0,0,0,0,0,0,0,0,0,0,0,0,0,0,0,0
31555,1000000US170316607001023,55,0,55,1,0,0,0,55,0,0,55,1,22,18,4,86,1,0
31556,1000000US170316607001024,45,0,40,0,0,0,6,39,0,6,45,2,20,20,0,70,0,1
31557,1000000US170316607002000,32,1,31,0,0,0,0,32,0,0,31,0,14,11,3,40,0,0
31558,1000000US170316607002001,37,0,34,0,0,0,5,32,0,5,37,0,19,14,5,61,0,2
31559,1000000US170316607002002,60,0,60,0,0,0,0,60,0,0,60,0,25,20,5,90,0,0
31560,1000000US170316607002003,62,1,55,0,0,0,9,53,0,9,61,0,30,28,2,85,0,3
31561,1000000US170316607002004,27,0,27,0,0,0,0,27,0,0,27,0,9,8,1,35,0,0
31562,1000000US170316607002005,4,0,4,0,0,0,0,4,0,0,4,0,3,3,0,6,0,0
31563,1000000US170316607002006,20,0,20,0,0,0,0,20,0,0,20,0,10,10,0,30,0,0
31564,1000000US170316607002007,62,1,61,1,0,0,0,62,0,0,61,1,48,46,2,71,0,0
31565,1000000US170316607002008,48,0,47,1,0,0,1,47,0,1,48,1,25,18,7,71,1,0
31566,1000000US170316607002009,33,0,33,0,0,0,0,33,0,0,33,0,14,12,2,42,0,0
31567,1000000US170316607002010,28,0,28,0,0,0,0,28,0,0,28,0,13,12,1,45,0,0
31568,1000000US170316607002011,46,0,46,0,0,0,0,46,0,0,46,0,18,17,1,60,0,0
31569,1000000US170316607002012,43,0,43,0,0,0,1,42,0,1,43,0,16,14,2,61,0,1
31570,1000000US170316607002013,40,0,40,0,0,0,0,40,0,0,40,0,17,15,2,51,0,0
31571,1000000US170316607002014,29,1,28,0,0,0,0,29,0,0,28,0,20,14,6,40,0,0
31572,1000000US170316607002015,33,0,33,0,0,0,0,33,0,0,33,0,15,12,3,46,0,0
31573,1000000US170316607002016,42,0,42,0,0,0,0,42,0,0,42,2,18,18,0,56,0,0
31574,1000000US170316607002017,12,0,9,0,0,0,3,9,0,3,12,3,6,6,0,15,0,0
31575,1000000US170316607002018,0,0,0,0,0,0,0,0,0,0,0,0,0,0,0,0,0,0
31576,1000000US170316607002019,34,0,34,0,0,0,0,34,0,0,34,0,17,16,1,43,0,0
31577,1000000US170316607002020,38,0,38,0,0,0,0,38,0,0,38,0,16,15,1,48,0,0
31578,1000000US170316607002021,27,0,24,0,0,0,4,23,0,4,27,0,16,13,3,36,0,1
31579,1000000US170316607002022,46,0,46,0,0,0,0,46,0,0,46,0,19,17,2,64,0,0
31580,1000000US170316607002023,44,0,44,0,0,0,0,44,0,0,44,0,20,17,3,75,0,0
31581,1000000US170316607002024,5,0,5,0,0,0,0,5,0,0,5,0,2,2,0,9,0,0
31582,1000000US170316607002025,6,1,5,0,0,0,0,6,0,0,5,0,4,3,1,6,0,0
31583,1000000US170316607002026,3,0,3,0,0,0,0,3,0,0,3,0,2,2,0,3,0,0
31584,1000000US170316607002027,6,0,6,0,0,0,0,6,0,0,6,0,4,4,0,13,0,0
31585,1000000US170316608001000,15,4,11,0,0,0,0,15,0,0,11,0,18,9,9,19,0,0
31586,1000000US170316608001001,52,0,52,0,2,0,0,52,0,0,52,2,31,25,6,72,0,0
31587,1000000US170316608001002,61,0,56,2,0,0,7,54,0,7,61,2,37,28,9,81,0,2
31588,1000000US170316608001003,49,0,48,0,1,0,0,49,0,0,49,0,23,16,7,78,0,0
31589,1000000US170316608001004,31,3,16,2,0,0,12,19,0,12,28,1,34,20,14,46,2,0
31590,1000000US170316608001005,72,2,70,0,0,0,0,72,0,0,70,0,47,37,10,95,0,0
31591,1000000US170316608001006,48,4,42,0,0,0,2,46,0,2,44,0,24,20,4,63,0,0
31592,1000000US170316608001007,51,0,44,0,1,2,0,51,0,0,51,6,34,23,11,75,0,0
31593,1000000US170316608001008,61,0,58,0,0,0,3,58,0,3,61,0,31,30,1,90,0,0
31594,1000000US170316608001009,39,0,39,0,0,0,0,39,0,0,39,0,22,17,5,54,0,0
31595,1000000US170316608001010,51,0,51,1,0,0,1,50,0,1,51,3,28,22,6,81,1,1
31596,1000000US170316608001011,0,0,0,0,0,0,0,0,0,0,0,0,0,0,0,0,0,0
31597,1000000US170316608001012,6,0,6,0,1,0,1,5,0,1,6,2,6,2,4,10,0,1
31598,1000000US170316608001013,14,0,14,0,0,0,0,14,0,0,14,0,13,7,6,17,0,0
31599,1000000US170316608001014,35,0,30,0,0,0,6,29,0,6,35,0,21,18,3,48,0,1
31600,1000000US170316608002000,97,4,93,0,0,0,0,97,0,0,93,1,45,38,7,125,0,0
31601,1000000US170316608002001,62,1,51,0,0,0,10,52,0,10,61,0,24,22,2,87,0,0
31602,1000000US170316608002002,45,0,40,0,0,0,5,40,0,5,45,0,42,26,16,63,0,0
31603,1000000US170316608002003,56,0,56,0,0,0,0,56,0,0,56,0,41,26,15,80,0,0
31604,1000000US170316608002004,48,1,47,0,0,0,0,48,0,0,47,0,25,19,6,72,0,0
31605,1000000US170316608002005,68,0,61,3,0,1,8,60,0,8,68,7,37,33,4,116,3,1
31606,1000000US170316608002006,58,3,55,0,0,0,5,53,0,5,55,1,36,31,5,101,0,5
31607,1000000US170316608002007,45,0,42,0,0,0,4,41,0,4,45,0,29,25,4,62,0,2
31608,1000000US170316608002008,53,8,45,0,0,0,1,52,0,1,45,1,29,27,2,70,0,1
31609,1000000US170316608002009,45,0,39,1,1,0,4,41,0,4,45,1,24,18,6,61,1,0
31610,1000000US170316608002010,69,0,56,0,0,0,13,56,0,13,69,0,32,31,1,101,0,0
31611,1000000US170316608002011,33,0,28,0,0,0,5,28,0,5,33,0,29,23,6,48,0,0
31612,1000000US170316608002012,38,3,33,0,0,0,3,35,0,3,35,0,25,23,2,48,0,1
31613,1000000US170316608003000,59,2,43,0,0,0,14,45,0,14,57,0,32,28,4,96,0,0
31614,1000000US170316608003001,68,5,47,0,1,0,15,53,0,15,63,0,37,32,5,103,0,0
31615,1000000US170316608003002,74,6,43,0,0,0,25,49,0,25,68,0,42,33,9,94,0,0
31616,1000000US170316608003003,105,28,62,2,2,0,13,92,0,13,77,2,76,59,17,142,2,0
31617,1000000US170316608003004,128,8,96,0,0,1,25,103,0,25,120,1,62,55,7,199,0,1
31618,1000000US170316608003005,49,5,31,0,4,0,9,40,0,9,44,0,35,23,12,68,0,0
31619,1000000US170316608003006,75,4,49,0,0,0,22,53,0,22,71,0,31,29,2,122,0,0
31620,1000000US170316608003007,46,6,13,2,0,0,25,21,0,25,40,1,20,17,3,85,2,0
31621,1000000US170316608003008,54,1,36,3,0,0,17,37,0,17,53,0,28,25,3,94,3,0
31622,1000000US170316608003009,48,11,19,0,0,0,18,30,0,18,37,1,19,18,1,89,0,0
31623,1000000US170316608003010,0,0,0,0,0,0,0,0,0,0,0,0,3,0,3,0,0,0
31624,1000000US170316608003011,92,2,79,2,0,0,9,83,0,9,90,5,57,54,3,114,1,0
31625,1000000US170316608004000,83,5,39,0,0,0,36,47,0,36,78,2,38,36,2,127,0,0
31626,1000000US170316608004001,60,4,9,0,1,0,47,13,0,47,56,4,22,22,0,96,0,0
31627,1000000US170316608004002,91,11,53,1,0,0,28,63,0,28,80,0,39,38,1,131,1,1
31628,1000000US170316608004003,83,7,26,0,0,0,44,39,0,44,76,0,32,30,2,118,0,0
31629,1000000US170316608004004,0,0,0,0,0,0,0,0,0,0,0,0,0,0,0,0,0,0
31630,1000000US170316608004005,57,2,22,0,0,0,33,24,0,33,55,0,19,18,1,80,0,0
31631,1000000US170316608004006,59,3,22,0,0,1,34,25,0,34,56,1,20,19,1,95,0,0
31632,1000000US170316608004007,82,4,19,2,1,1,60,22,0,60,78,4,38,35,3,124,2,1
31633,1000000US170316608004008,61,0,34,1,0,0,27,34,0,27,61,1,22,21,1,85,1,0
31634,1000000US170316608004009,49,3,27,0,0,0,19,30,0,19,46,0,22,20,2,75,0,0
31635,1000000US170316608004010,61,1,46,0,0,0,14,47,0,14,60,0,35,25,10,90,0,0
31636,1000000US170316608004011,11,6,0,0,3,2,2,9,0,2,5,2,5,4,1,13,0,0
31637,1000000US170316608004012,26,2,19,0,0,0,5,21,0,5,24,0,17,16,1,34,0,0
31638,1000000US170316608004013,28,0,14,0,0,0,14,14,0,14,28,0,9,9,0,37,0,0
31639,1000000US170316608005000,72,2,22,4,0,1,47,25,0,47,70,0,25,24,1,103,4,0
31640,1000000US170316608005001,67,0,20,0,0,0,47,20,0,47,67,0,24,18,6,94,0,0
31641,1000000US170316608005002,62,4,11,0,0,0,47,15,0,47,58,0,21,20,1,88,0,0
31642,1000000US170316608005003,48,4,0,0,0,0,44,4,0,44,44,0,20,18,2,80,0,0
31643,1000000US170316608005004,58,8,8,0,1,0,41,17,0,41,50,0,23,23,0,84,0,0
31644,1000000US170316608005005,70,4,4,0,1,0,61,9,0,61,66,0,19,19,0,99,0,0
31645,1000000US170316608005006,87,7,32,0,0,0,48,39,0,48,80,0,47,38,9,124,0,0
31646,1000000US170316608005007,36,1,11,0,0,0,24,12,0,24,35,0,23,20,3,64,0,0
31647,1000000US170316608005008,1,0,0,0,0,0,1,0,0,1,1,0,1,1,0,1,0,0
31648,1000000US170316608005009,72,11,41,0,0,0,20,52,0,20,61,0,37,34,3,101,0,0
31649,1000000US170316608005010,48,5,13,0,0,0,29,19,0,29,43,0,28,22,6,63,0,0
31650,1000000US170316608005011,47,4,20,2,0,0,23,24,0,23,43,0,22,17,5,76,2,0
31651,1000000US170316608005012,46,9,14,2,0,0,25,21,0,25,37,1,17,16,1,73,1,3
31652,1000000US170316608005013,82,6,34,1,0,0,42,40,0,42,76,0,29,27,2,118,1,0
31653,1000000US170316608005014,67,1,43,0,0,0,23,44,0,23,66,1,32,27,5,105,0,1
31654,1000000US170316608005015,47,1,15,0,0,0,33,14,0,33,46,0,22,20,2,72,0,2
31655,1000000US170316608005016,93,9,81,1,0,0,3,90,0,3,84,0,85,68,17,131,1,1
31656,1000000US170316608005017,25,0,4,0,0,0,21,4,0,21,25,0,14,10,4,37,0,0
31657,1000000US170316608005018,65,0,64,2,0,0,5,60,0,5,65,2,59,46,13,87,2,5
31658,1000000US170316608005019,75,3,58,0,0,0,10,65,0,10,72,0,59,51,8,91,0,0
31659,1000000US170316609001000,0,0,0,0,0,0,0,0,0,0,0,0,0,0,0,0,0,0
31660,1000000US170316609001001,44,0,44,0,0,0,1,43,0,1,44,0,21,19,2,53,0,1
31661,1000000US170316609001002,57,0,55,0,1,0,2,55,0,2,57,1,43,30,13,82,0,0
31662,1000000US170316609001003,85,0,81,1,0,0,6,79,0,6,85,2,65,52,13,108,1,2
31663,1000000US170316609001004,55,0,55,0,0,0,1,54,0,1,55,0,44,37,7,83,0,1
31664,1000000US170316609001005,44,4,35,0,1,2,3,41,0,3,40,3,28,24,4,58,0,2
31665,1000000US170316609001006,58,0,58,0,0,0,0,58,0,0,58,0,38,27,11,74,0,0
31666,1000000US170316609001007,34,1,33,0,0,0,0,34,0,0,33,0,28,20,8,61,0,0
31667,1000000US170316609001008,44,0,42,0,0,0,3,41,0,3,44,0,27,21,6,62,0,1
31668,1000000US170316609001009,29,2,25,0,1,1,2,27,0,2,27,1,18,14,4,36,0,0
31669,1000000US170316609001010,48,2,45,0,0,0,1,47,0,1,46,0,26,23,3,71,0,0
31670,1000000US170316609001011,60,3,57,0,0,0,0,60,0,0,57,0,37,29,8,88,0,0
31671,1000000US170316609001012,40,2,33,0,0,0,6,34,0,6,38,0,24,20,4,57,0,1
31672,1000000US170316609001013,57,0,35,3,0,0,22,35,0,22,57,3,25,20,5,82,2,0
31673,1000000US170316609001014,49,0,41,0,0,0,9,40,0,9,49,0,30,22,8,63,0,1
31674,1000000US170316609001015,26,2,23,1,0,0,1,25,0,1,24,1,28,13,15,46,1,0
31675,1000000US170316609001016,47,2,36,6,0,0,14,33,0,14,45,6,25,20,5,69,3,6
31676,1000000US170316609001017,43,0,34,0,0,0,10,33,0,10,43,0,18,15,3,65,0,1
31677,1000000US170316609001018,32,7,23,0,0,0,3,29,0,3,25,0,23,16,7,56,0,1
31678,1000000US170316609001019,10,0,5,0,1,0,5,5,0,5,10,1,9,6,3,19,0,1
31679,1000000US170316609001020,3,0,3,0,0,0,0,3,0,0,3,0,3,2,1,3,0,0
31680,1000000US170316609001021,25,1,20,0,0,0,4,21,0,4,24,0,19,12,7,38,0,0
31681,1000000US170316609001022,54,5,36,0,0,0,13,41,0,13,49,0,27,23,4,77,0,0
31682,1000000US170316609001023,20,0,17,0,0,0,5,15,0,5,20,0,13,10,3,31,0,2
31683,1000000US170316609002000,1,1,0,0,0,0,0,1,0,0,0,0,1,1,0,1,0,0
31684,1000000US170316609002001,8,0,6,0,0,0,2,6,0,2,8,0,6,6,0,14,0,0
31685,1000000US170316609002002,36,0,36,0,0,0,1,35,0,1,36,0,29,19,10,61,0,1
31686,1000000US170316609002003,18,4,14,0,0,0,0,18,0,0,14,0,23,13,10,32,0,0
31687,1000000US170316609002004,14,1,8,0,0,0,5,9,0,5,13,0,14,8,6,17,0,0
31688,1000000US170316609002005,54,0,54,0,0,0,0,54,0,0,54,0,37,26,11,93,0,0
31689,1000000US170316609002006,35,0,35,0,0,0,0,35,0,0,35,0,15,13,2,59,0,0
31690,1000000US170316609002007,42,1,41,0,0,0,0,42,0,0,41,0,23,21,2,63,0,0
31691,1000000US170316609002008,46,1,45,0,0,0,0,46,0,0,45,0,26,21,5,59,0,0
31692,1000000US170316609002009,46,1,44,0,0,0,1,45,0,1,45,0,28,22,6,68,0,0
31693,1000000US170316609002010,42,0,41,0,0,0,1,41,0,1,42,0,34,22,12,56,0,0
31694,1000000US170316609002011,51,6,45,0,0,0,0,51,0,0,45,0,34,25,9,79,0,0
31695,1000000US170316609002012,61,0,61,0,0,0,0,61,0,0,61,0,36,30,6,84,0,0
31696,1000000US170316609002013,46,0,46,0,0,0,0,46,0,0,46,0,42,30,12,69,0,0
31697,1000000US170316609002014,62,0,51,0,0,0,11,51,0,11,62,0,44,35,9,87,0,0
31698,1000000US170316609002015,44,1,43,0,0,0,0,44,0,0,43,0,29,24,5,63,0,0
31699,1000000US170316609002016,55,0,50,0,0,0,5,50,0,5,55,0,23,19,4,78,0,0
31700,1000000US170316609002017,70,17,50,1,0,0,3,67,0,3,53,0,44,30,14,90,1,0
31701,1000000US170316609002018,63,0,52,0,0,0,11,52,0,11,63,0,37,27,10,78,0,0
31702,1000000US170316609002019,18,0,18,0,0,0,4,14,0,4,18,0,12,10,2,20,0,4
31703,1000000US170316609002020,0,0,0,0,0,0,0,0,0,0,0,0,0,0,0,0,0,0
31704,1000000US170316609002021,6,2,4,0,0,0,0,6,0,0,4,0,3,3,0,11,0,0
31705,1000000US170316609002022,13,0,13,0,0,0,0,13,0,0,13,0,10,8,2,19,0,0
31706,1000000US170316609002023,11,0,11,0,0,0,0,11,0,0,11,0,9,5,4,15,0,0
31707,1000000US170316609002024,21,0,21,0,0,0,0,21,0,0,21,0,11,10,1,33,0,0
31708,1000000US170316609002025,0,0,0,0,0,0,0,0,0,0,0,0,4,0,4,0,0,0
31709,1000000US170316609003000,64,63,0,0,0,0,1,63,0,1,1,0,0,0,0,64,0,0
31710,1000000US170316609003001,0,0,0,0,0,0,0,0,0,0,0,0,0,0,0,0,0,0
31711,1000000US170316609003002,0,0,0,0,0,0,0,0,0,0,0,0,0,0,0,0,0,0
31712,1000000US170316609003003,0,0,0,0,0,0,0,0,0,0,0,0,0,0,0,0,0,0
31713,1000000US170316609003004,0,0,0,0,0,0,0,0,0,0,0,0,0,0,0,0,0,0
31714,1000000US170316609003005,0,0,0,0,0,0,0,0,0,0,0,0,0,0,0,0,0,0
31715,1000000US170316609003006,0,0,0,0,0,0,0,0,0,0,0,0,0,0,0,0,0,0
31716,1000000US170316609003007,0,0,0,0,0,0,0,0,0,0,0,0,0,0,0,0,0,0
31717,1000000US170316609003008,0,0,0,0,0,0,0,0,0,0,0,0,0,0,0,0,0,0
31718,1000000US170316609003009,0,0,0,0,0,0,0,0,0,0,0,0,0,0,0,0,0,0
31719,1000000US170316609003010,0,0,0,0,0,0,0,0,0,0,0,0,0,0,0,0,0,0
31720,1000000US170316609003011,0,0,0,0,0,0,0,0,0,0,0,0,0,0,0,0,0,0
31721,1000000US170316609003012,0,0,0,0,0,0,0,0,0,0,0,0,0,0,0,0,0,0
31722,1000000US170316609003013,15,15,0,0,0,0,0,15,0,0,0,0,0,0,0,15,0,0
31723,1000000US170316609003014,44,1,31,0,3,0,9,35,0,9,43,1,30,24,6,56,0,0
31724,1000000US170316609003015,52,1,50,2,1,0,0,52,0,0,51,3,28,22,6,72,1,0
31725,1000000US170316609003016,68,8,59,0,0,0,1,67,0,1,60,0,45,33,12,97,0,0
31726,1000000US170316609003017,71,0,70,0,0,0,2,69,0,2,71,1,43,36,7,105,0,1
31727,1000000US170316609003018,7,0,7,0,0,0,0,7,0,0,7,0,12,5,7,13,0,0
31728,1000000US170316609003019,40,0,37,0,0,0,5,35,0,5,40,0,28,23,5,56,0,2
31729,1000000US170316609003020,23,0,23,0,0,0,0,23,0,0,23,0,18,12,6,51,0,0
31730,1000000US170316609003021,32,0,27,0,0,0,5,27,0,5,32,0,20,13,7,47,0,0
31731,1000000US170316609003022,0,0,0,0,0,0,0,0,0,0,0,0,0,0,0,0,0,0
31732,1000000US170316609003023,36,4,15,0,6,0,11,25,0,11,32,0,26,21,5,52,0,0
31733,1000000US170316609003024,24,2,22,0,0,0,0,24,0,0,22,0,17,14,3,39,0,0
31734,1000000US170316609003025,78,5,44,0,6,0,23,55,0,23,73,0,48,38,10,110,0,0
31735,1000000US170316609003026,52,3,44,0,2,0,4,48,0,4,49,1,31,30,1,74,0,0
31736,1000000US170316609003027,4,1,3,0,0,0,0,4,0,0,3,0,2,2,0,7,0,0
31737,1000000US170316609003028,66,0,55,0,3,0,8,58,0,8,66,4,26,23,3,84,0,0
31738,1000000US170316609003029,56,5,36,0,0,0,15,41,0,15,51,0,34,24,10,86,0,0
31739,1000000US170316609003030,73,2,71,0,0,0,0,73,0,0,71,0,28,26,2,97,0,0
31740,1000000US170316609003031,54,1,39,0,0,0,16,38,0,16,53,0,23,20,3,102,0,2
31741,1000000US170316609003032,55,12,43,0,0,0,0,55,0,0,43,0,22,17,5,75,0,0
31742,1000000US170316609003033,51,2,45,0,0,0,4,47,0,4,49,3,35,24,11,85,0,0
31743,1000000US170316609003034,36,3,30,1,1,0,2,34,0,2,33,3,20,15,5,57,1,0
31744,1000000US170316609003035,57,0,56,0,1,0,0,57,0,0,57,0,30,26,4,86,0,0
31745,1000000US170316609003036,5,0,5,0,0,0,0,5,0,0,5,0,3,3,0,9,0,0
31746,1000000US170316609003037,7,0,6,1,0,0,0,7,0,0,7,0,6,4,2,12,1,0
31747,1000000US170316609003038,0,0,0,0,0,0,0,0,0,0,0,0,0,0,0,0,0,0
31748,1000000US170316609003039,0,0,0,0,0,0,0,0,0,0,0,0,0,0,0,0,0,0
31749,1000000US170316609003040,0,0,0,0,0,0,0,0,0,0,0,0,0,0,0,0,0,0
31750,1000000US170316609003041,37,2,29,0,0,0,6,31,0,6,35,0,26,22,4,50,0,0
31751,1000000US170316609003042,0,0,0,0,0,0,0,0,0,0,0,0,0,0,0,0,0,0
31752,1000000US170316610001000,0,0,0,0,0,0,0,0,0,0,0,0,0,0,0,0,0,0
31753,1000000US170316610001001,11,0,11,0,0,0,0,11,0,0,11,0,5,4,1,12,0,0
31754,1000000US170316610001002,21,0,21,0,0,0,0,21,0,0,21,0,14,13,1,32,0,0
31755,1000000US170316610001003,0,0,0,0,0,0,0,0,0,0,0,0,0,0,0,0,0,0
31756,1000000US170316610001004,42,0,42,0,0,0,0,42,0,0,42,0,18,18,0,71,0,0
31757,1000000US170316610001005,46,0,45,1,0,0,1,45,0,1,46,1,17,17,0,59,1,0
31758,1000000US170316610001006,42,0,42,0,0,0,0,42,0,0,42,0,15,15,0,53,0,0
31759,1000000US170316610001007,52,0,48,0,4,0,0,52,0,0,52,0,19,19,0,65,0,0
31760,1000000US170316610001008,30,1,29,0,0,0,0,30,0,0,29,0,21,17,4,46,0,0
31761,1000000US170316610001009,41,0,39,0,0,0,2,39,0,2,41,0,17,17,0,54,0,0
31762,1000000US170316610001010,47,1,40,0,0,0,6,41,0,6,46,0,17,16,1,71,0,0
31763,1000000US170316610001011,27,0,27,0,0,0,0,27,0,0,27,1,22,15,7,38,0,0
31764,1000000US170316610001012,41,0,41,0,0,0,0,41,0,0,41,0,17,16,1,68,0,0
31765,1000000US170316610001013,0,0,0,0,0,0,0,0,0,0,0,0,1,0,1,0,0,0
31766,1000000US170316610001014,13,1,12,0,0,0,0,13,0,0,12,0,10,9,1,14,0,0
31767,1000000US170316610001015,35,1,34,0,0,0,0,35,0,0,34,0,22,17,5,61,0,0
31768,1000000US170316610001016,0,0,0,0,0,0,0,0,0,0,0,0,0,0,0,0,0,0
31769,1000000US170316610001017,29,0,27,0,0,0,2,27,0,2,29,0,18,15,3,42,0,0
31770,1000000US170316610001018,14,3,11,0,0,0,0,14,0,0,11,0,9,8,1,17,0,0
31771,1000000US170316610001019,31,0,31,0,0,0,0,31,0,0,31,0,12,11,1,38,0,0
31772,1000000US170316610001020,24,0,24,0,0,0,0,24,0,0,24,0,12,11,1,32,0,0
31773,1000000US170316610001021,11,0,11,0,0,0,0,11,0,0,11,0,5,5,0,17,0,0
31774,1000000US170316610001022,2,0,2,0,0,0,0,2,0,0,2,0,2,2,0,2,0,0
31775,1000000US170316610001023,23,0,23,0,0,0,0,23,0,0,23,0,12,10,2,27,0,0
31776,1000000US170316610001024,21,0,21,0,0,0,0,21,0,0,21,0,10,9,1,30,0,0
31777,1000000US170316610001025,23,0,23,0,0,0,0,23,0,0,23,0,8,7,1,36,0,0
31778,1000000US170316610001026,18,0,18,1,0,0,0,18,0,0,18,1,12,9,3,26,1,0
31779,1000000US170316610001027,21,0,18,0,0,0,4,17,0,4,21,0,10,10,0,36,0,1
31780,1000000US170316610001028,21,0,20,1,0,0,0,21,0,0,21,0,10,10,0,29,1,0
31781,1000000US170316610001029,21,3,18,0,0,0,0,21,0,0,18,0,12,8,4,31,0,0
31782,1000000US170316610001030,18,0,18,0,0,0,0,18,0,0,18,0,16,15,1,20,0,0
31783,1000000US170316610002000,0,0,0,0,0,0,0,0,0,0,0,0,0,0,0,0,0,0
31784,1000000US170316610002001,0,0,0,0,0,0,0,0,0,0,0,0,0,0,0,0,0,0
31785,1000000US170316610002002,0,0,0,0,0,0,0,0,0,0,0,0,0,0,0,0,0,0
31786,1000000US170316610002003,23,0,20,0,0,0,3,20,0,3,23,0,12,7,5,29,0,0
31787,1000000US170316610002004,35,0,32,0,0,0,3,32,0,3,35,0,15,15,0,52,0,0
31788,1000000US170316610002005,17,0,17,0,0,0,0,17,0,0,17,0,9,9,0,24,0,0
31789,1000000US170316610002006,22,0,22,1,0,0,0,22,0,0,22,2,9,8,1,24,1,0
31790,1000000US170316610002007,41,0,41,0,0,0,0,41,0,0,41,0,20,18,2,57,0,0
31791,1000000US170316610002008,36,0,32,2,0,0,4,32,0,4,36,0,26,23,3,56,2,0
31792,1000000US170316610002009,16,0,16,0,0,0,0,16,0,0,16,0,10,7,3,23,0,0
31793,1000000US170316610002010,56,0,52,4,0,0,0,56,0,0,56,0,20,19,1,82,4,0
31794,1000000US170316610002011,50,0,50,0,0,0,0,50,0,0,50,1,24,20,4,75,0,0
31795,1000000US170316610002012,43,0,40,0,0,0,3,40,0,3,43,2,16,15,1,54,0,0
31796,1000000US170316610002013,39,0,39,0,0,0,0,39,0,0,39,0,17,16,1,59,0,0
31797,1000000US170316610002014,42,0,42,2,0,0,0,42,0,0,42,2,15,15,0,56,2,0
31798,1000000US170316610002015,62,0,58,0,0,0,4,58,0,4,62,0,26,23,3,87,0,0
31799,1000000US170316610002016,46,0,46,0,0,0,0,46,0,0,46,0,21,19,2,58,0,0
31800,1000000US170316610002017,20,0,20,0,0,0,0,20,0,0,20,0,10,7,3,30,0,0
31801,1000000US170316610002018,30,0,30,0,0,0,0,30,0,0,30,0,12,12,0,39,0,0
31802,1000000US170316610002019,36,1,35,0,0,0,0,36,0,0,35,0,10,10,0,49,0,0
31803,1000000US170316610002020,6,1,4,0,1,0,1,5,0,1,5,1,5,5,0,9,0,0
31804,1000000US170316610002021,0,0,0,0,0,0,0,0,0,0,0,0,0,0,0,0,0,0
31805,1000000US170316610002022,0,0,0,0,0,0,0,0,0,0,0,0,0,0,0,0,0,0
31806,1000000US170316610003000,9,4,5,0,0,0,0,9,0,0,5,0,2,2,0,10,0,0
31807,1000000US170316610003001,52,1,51,3,0,0,0,52,0,0,51,3,26,22,4,81,0,0
31808,1000000US170316610003002,61,0,60,0,0,0,1,60,0,1,61,1,46,35,11,83,0,0
31809,1000000US170316610003003,62,1,57,1,0,0,3,59,0,3,61,0,33,30,3,95,1,0
31810,1000000US170316610003004,65,5,59,0,0,0,0,65,0,0,60,1,27,27,0,95,0,0
31811,1000000US170316610003005,78,3,74,0,0,0,1,77,0,1,75,0,40,39,1,118,0,0
31812,1000000US170316610003006,51,3,47,0,4,0,0,51,0,0,48,3,25,23,2,69,0,0
31813,1000000US170316610003007,67,3,62,2,0,0,1,66,0,1,64,0,39,30,9,79,2,1
31814,1000000US170316610003008,71,1,62,1,1,0,8,63,0,8,70,1,32,30,2,83,1,0
31815,1000000US170316610003009,64,0,64,0,0,0,0,64,0,0,64,0,52,34,18,91,0,0
31816,1000000US170316610003010,51,0,48,0,0,0,0,51,0,0,51,0,24,22,2,75,0,0
31817,1000000US170316610003011,0,0,0,0,0,0,0,0,0,0,0,0,0,0,0,0,0,0
31818,1000000US170316610003012,0,0,0,0,0,0,0,0,0,0,0,0,0,0,0,0,0,0
31819,1000000US170316610003013,15,1,14,0,0,0,0,15,0,0,14,0,10,10,0,17,0,0
31820,1000000US170316610003014,7,0,7,0,0,0,0,7,0,0,7,0,4,4,0,7,0,0
31821,1000000US170316610003015,19,3,16,0,0,0,0,19,0,0,16,0,8,8,0,27,0,0
31822,1000000US170316610003016,22,1,20,0,1,0,0,22,0,0,21,0,12,11,1,30,0,0
31823,1000000US170316610003017,0,0,0,0,0,0,0,0,0,0,0,0,0,0,0,0,0,0
31824,1000000US170316610003018,0,0,0,0,0,0,0,0,0,0,0,0,0,0,0,0,0,0
31825,1000000US170316610003019,0,0,0,0,0,0,0,0,0,0,0,0,0,0,0,0,0,0
31826,1000000US170316610004000,0,0,0,0,0,0,0,0,0,0,0,0,0,0,0,0,0,0
31827,1000000US170316610004001,22,0,22,0,0,0,0,22,0,0,22,0,14,13,1,31,0,0
31828,1000000US170316610004002,6,0,6,0,0,0,0,6,0,0,6,0,3,3,0,7,0,0
31829,1000000US170316610004003,12,0,12,0,0,0,0,12,0,0,12,3,11,7,4,18,0,0
31830,1000000US170316610004004,3,0,3,0,0,0,0,3,0,0,3,0,3,2,1,5,0,0
31831,1000000US170316610004005,17,0,17,0,0,0,0,17,0,0,17,0,19,11,8,20,0,0
31832,1000000US170316610004006,50,0,43,1,0,0,7,43,0,7,50,2,25,22,3,71,1,0
31833,1000000US170316610004007,37,2,31,0,0,0,5,32,0,5,35,0,15,13,2,51,0,1
31834,1000000US170316610004008,36,1,35,0,0,0,2,34,0,2,35,0,22,15,7,49,0,2
31835,1000000US170316610004009,35,6,27,0,0,0,2,33,0,2,29,0,24,18,6,49,0,0
31836,1000000US170316610004010,48,5,41,0,0,0,3,45,0,3,43,0,24,21,3,63,0,1
31837,1000000US170316610004011,27,0,24,0,0,0,3,24,0,3,27,0,16,12,4,40,0,0
31838,1000000US170316610004012,63,0,56,0,0,0,8,55,0,8,63,0,26,23,3,92,0,1
31839,1000000US170316610004013,60,0,60,0,0,0,0,60,0,0,60,0,28,22,6,84,0,0
31840,1000000US170316610004014,41,0,33,0,4,0,4,37,0,4,41,0,21,17,4,53,0,0
31841,1000000US170316610004015,53,0,46,0,0,0,7,46,0,7,53,0,25,24,1,78,0,0
31842,1000000US170316610004016,65,0,65,0,0,0,0,65,0,0,65,0,29,26,3,89,0,0
31843,1000000US170316610004017,58,1,47,0,0,0,10,48,0,10,57,0,24,22,2,83,0,0
31844,1000000US170316610004018,77,1,72,0,0,0,4,73,0,4,76,0,41,37,4,101,0,0
31845,1000000US170316610004019,64,0,62,2,0,0,0,64,0,0,64,1,37,30,7,89,2,0
31846,1000000US170316610004020,66,0,63,0,3,0,0,66,0,0,66,0,32,32,0,106,0,0
31847,1000000US170316610004021,26,0,24,0,0,0,2,24,0,2,26,0,15,11,4,35,0,0
31848,1000000US170316610004022,71,3,44,0,1,0,24,47,0,24,68,1,24,22,2,93,0,0
31849,1000000US170316610005000,20,0,20,0,0,0,0,20,0,0,20,0,12,9,3,35,0,0
31850,1000000US170316610005001,21,6,12,0,3,0,1,20,0,1,15,1,14,11,3,25,0,1
31851,1000000US170316610005002,3,0,3,0,0,0,0,3,0,0,3,0,3,2,1,3,0,0
31852,1000000US170316610005003,50,0,48,1,0,0,2,48,0,2,50,1,22,17,5,74,1,0
31853,1000000US170316610005004,46,0,44,0,0,0,2,44,0,2,46,0,24,23,1,67,0,0
31854,1000000US170316610005005,51,1,47,0,0,0,3,48,0,3,50,0,33,28,5,65,0,0
31855,1000000US170316610005006,43,1,36,0,0,0,8,35,0,8,42,0,27,17,10,73,0,2
31856,1000000US170316610005007,60,3,43,1,1,0,13,47,0,13,57,1,30,24,6,93,1,0
31857,1000000US170316610005008,65,5,60,0,0,0,0,65,0,0,60,0,33,30,3,83,0,0
31858,1000000US170316610005009,61,0,60,0,0,0,1,60,0,1,61,0,29,26,3,82,0,0
31859,1000000US170316610005010,83,4,65,0,0,0,15,68,0,15,79,2,31,29,2,109,0,1
31860,1000000US170316610005011,63,6,50,0,0,0,8,55,0,8,57,2,41,31,10,85,0,1
31861,1000000US170316610005012,48,5,37,0,0,0,7,41,0,7,43,1,25,23,2,65,0,1
31862,1000000US170316610005013,37,2,27,0,1,0,8,29,0,8,35,1,22,18,4,56,0,1
31863,1000000US170316610005014,64,0,39,0,0,0,26,38,0,26,64,0,42,32,10,101,0,1
31864,1000000US170316610005015,40,0,30,0,2,0,8,32,0,8,40,0,18,16,2,56,0,0
31865,1000000US170316610005016,39,7,22,0,0,0,10,29,0,10,32,0,14,13,1,52,0,0
31866,1000000US170316610005017,32,1,23,0,0,0,8,24,0,8,31,0,14,14,0,45,0,0
31867,1000000US170316610005018,33,3,29,1,1,0,0,33,0,0,30,1,16,16,0,43,1,0
31868,1000000US170316610005019,38,8,20,0,0,0,10,28,0,10,30,0,16,16,0,51,0,0
31869,1000000US170316610005020,31,3,28,0,0,0,0,31,0,0,28,0,17,15,2,39,0,0
31870,1000000US170316610005021,0,0,0,0,0,0,0,0,0,0,0,0,0,0,0,0,0,0
31871,1000000US170316610005022,2,1,1,0,0,0,0,2,0,0,1,0,10,1,9,3,0,0
31872,1000000US170316610005023,40,0,34,0,0,0,6,34,0,6,40,0,26,21,5,68,0,0
31873,1000000US170316610005024,59,0,58,1,0,0,1,58,0,1,59,0,25,25,0,73,1,1
31874,1000000US170316610005025,101,0,98,2,0,0,3,98,0,3,101,4,93,88,5,103,2,0
31875,1000000US170316611001000,16,3,13,0,0,0,0,16,0,0,13,0,10,10,0,24,0,0
31876,1000000US170316611001001,35,0,32,0,0,0,3,32,0,3,35,0,28,23,5,61,0,0
31877,1000000US170316611001002,20,3,12,0,0,0,5,15,0,5,17,2,9,8,1,27,0,0
31878,1000000US170316611001003,44,1,40,0,0,0,3,41,0,3,43,0,38,30,8,60,0,0
31879,1000000US170316611001004,58,7,35,2,0,0,16,42,0,16,51,1,34,31,3,76,2,0
31880,1000000US170316611001005,39,8,29,0,0,0,2,37,0,2,31,2,27,25,2,59,0,0
31881,1000000US170316611001006,47,2,44,0,0,0,1,46,0,1,45,0,26,20,6,61,0,0
31882,1000000US170316611001007,47,14,20,0,0,0,15,32,0,15,33,0,19,19,0,72,0,2
31883,1000000US170316611001008,53,7,33,1,0,0,14,39,0,14,46,1,31,23,8,70,1,1
31884,1000000US170316611001009,56,6,40,0,7,0,3,53,0,3,50,4,32,27,5,79,0,0
31885,1000000US170316611001010,56,0,56,0,0,0,0,56,0,0,56,0,37,33,4,84,0,0
31886,1000000US170316611001011,47,2,37,0,0,0,11,36,0,11,45,0,23,21,2,71,0,3
31887,1000000US170316611001012,38,8,30,0,0,0,0,38,0,0,30,0,20,19,1,53,0,0
31888,1000000US170316611001013,44,2,40,0,0,0,2,42,0,2,42,1,21,18,3,66,0,0
31889,1000000US170316611001014,55,0,31,0,0,0,24,31,0,24,55,0,20,20,0,82,0,0
31890,1000000US170316611001015,55,5,25,2,2,0,24,31,0,24,50,2,19,18,1,76,0,1
31891,1000000US170316611001016,57,6,46,0,0,0,8,49,0,8,51,5,24,23,1,87,0,3
31892,1000000US170316611001017,68,5,56,0,0,0,8,60,0,8,63,1,32,32,0,90,0,1
31893,1000000US170316611001018,51,2,38,0,2,0,9,42,0,9,49,0,25,21,4,73,0,0
31894,1000000US170316611001019,69,11,37,0,1,0,20,49,0,20,58,0,31,28,3,97,0,0
31895,1000000US170316611002000,26,6,13,0,0,0,7,19,0,7,20,0,15,12,3,35,0,0
31896,1000000US170316611002001,23,3,13,0,0,0,7,16,0,7,20,1,15,13,2,29,0,0
31897,1000000US170316611002002,29,6,17,0,3,0,3,26,0,3,23,0,15,15,0,42,0,0
31898,1000000US170316611002003,19,4,4,0,0,0,11,8,0,11,15,1,14,11,3,29,0,0
31899,1000000US170316611002004,26,4,15,0,0,0,8,18,0,8,22,1,14,13,1,44,0,1
31900,1000000US170316611002005,36,2,24,0,0,0,10,26,0,10,34,1,16,16,0,53,0,0
31901,1000000US170316611002006,31,0,23,1,0,0,8,23,0,8,31,1,18,14,4,48,1,0
31902,1000000US170316611002007,42,0,42,0,0,0,0,42,0,0,42,0,19,16,3,58,0,0
31903,1000000US170316611002008,152,22,99,0,0,0,32,120,0,32,130,2,78,72,6,202,0,1
31904,1000000US170316611002009,46,0,39,1,0,0,7,39,0,7,46,1,18,18,0,65,1,0
31905,1000000US170316611002010,34,4,22,1,0,0,7,27,0,7,30,0,15,13,2,49,1,0
31906,1000000US170316611002011,36,0,19,1,0,0,17,19,0,17,36,2,14,14,0,47,0,0
31907,1000000US170316611002012,46,6,30,0,0,0,10,36,0,10,40,0,32,26,6,66,0,0
31908,1000000US170316611002013,0,0,0,0,0,0,0,0,0,0,0,0,0,0,0,0,0,0
31909,1000000US170316611002014,39,3,14,0,0,0,22,17,0,22,36,0,19,18,1,57,0,0
31910,1000000US170316611002015,47,9,9,0,0,0,29,18,0,29,38,0,17,14,3,72,0,0
31911,1000000US170316611002016,0,0,0,0,0,0,0,0,0,0,0,0,0,0,0,0,0,0
31912,1000000US170316611002017,0,0,0,0,0,0,0,0,0,0,0,0,0,0,0,0,0,0
31913,1000000US170316611002018,0,0,0,0,0,0,0,0,0,0,0,0,0,0,0,0,0,0
31914,1000000US170316611002019,0,0,0,0,0,0,0,0,0,0,0,0,0,0,0,0,0,0
31915,1000000US170316611002020,0,0,0,0,0,0,0,0,0,0,0,0,0,0,0,0,0,0
31916,1000000US170316611003000,43,1,40,0,0,0,2,41,0,2,42,0,22,18,4,56,0,0
31917,1000000US170316611003001,19,0,14,0,0,0,7,12,0,7,19,0,9,8,1,28,0,2
31918,1000000US170316611003002,63,3,58,3,1,0,3,60,0,3,60,3,22,18,4,69,3,2
31919,1000000US170316611003003,10,0,7,0,0,0,3,7,0,3,10,0,4,4,0,13,0,0
31920,1000000US170316611003004,39,6,24,0,0,0,9,30,0,9,33,4,15,15,0,59,0,0
31921,1000000US170316611003005,22,1,14,0,0,0,7,15,0,7,21,0,16,9,7,34,0,0
31922,1000000US170316611003006,36,6,17,0,2,0,11,25,0,11,30,2,15,13,2,53,0,0
31923,1000000US170316611003007,32,3,22,0,0,0,7,25,0,7,29,0,16,15,1,50,0,0
31924,1000000US170316611003008,40,3,26,0,0,0,13,27,0,13,37,2,17,16,1,60,0,2
31925,1000000US170316611003009,40,6,29,0,0,0,6,34,0,6,34,1,15,15,0,59,0,1
31926,1000000US170316611003010,54,2,42,0,0,0,10,44,0,10,52,0,25,21,4,80,0,0
31927,1000000US170316611003011,36,3,31,0,0,0,2,34,0,2,33,0,20,19,1,44,0,0
31928,1000000US170316611003012,44,2,32,2,0,0,10,34,0,10,42,3,20,19,1,65,2,2
31929,1000000US170316611003013,36,0,29,0,1,0,7,29,0,7,36,2,20,19,1,66,0,1
31930,1000000US170316611003014,46,2,25,0,2,0,17,29,0,17,44,0,20,20,0,72,0,0
31931,1000000US170316611003015,52,0,40,0,0,0,13,39,0,13,52,2,20,20,0,76,0,1
31932,1000000US170316611003016,55,6,28,0,0,0,22,33,0,22,49,0,21,21,0,87,0,1
31933,1000000US170316611003017,44,2,27,0,0,0,16,28,0,16,42,0,16,16,0,71,0,1
31934,1000000US170316611003018,30,8,14,0,0,0,8,22,0,8,22,0,17,16,1,41,0,0
31935,1000000US170316611003019,38,2,23,0,0,0,13,25,0,13,36,0,16,15,1,62,0,0
31936,1000000US170316611004000,15,13,0,0,2,0,0,15,0,0,2,2,12,11,1,15,0,0
31937,1000000US170316611004001,21,2,2,0,0,0,17,4,0,17,19,0,8,8,0,30,0,0
31938,1000000US170316611004002,19,7,3,0,0,0,10,9,0,10,12,0,9,9,0,27,0,1
31939,1000000US170316611004003,24,0,6,0,0,0,18,6,0,18,24,0,7,7,0,45,0,0
31940,1000000US170316611004004,35,1,9,2,0,0,28,7,0,28,34,5,16,14,2,58,0,3
31941,1000000US170316611004005,38,1,14,0,0,0,23,15,0,23,37,0,19,19,0,61,0,0
31942,1000000US170316611004006,38,2,13,0,0,0,23,15,0,23,36,0,22,17,5,57,0,0
31943,1000000US170316611004007,51,0,17,0,0,0,34,17,0,34,51,0,18,17,1,85,0,0
31944,1000000US170316611004008,56,11,18,0,0,0,27,29,0,27,45,0,20,20,0,74,0,0
31945,1000000US170316611004009,35,0,13,0,0,0,22,13,0,22,35,2,15,14,1,51,0,0
31946,1000000US170316611004010,42,3,15,0,0,0,21,21,0,21,39,1,15,14,1,63,0,1
31947,1000000US170316611004011,38,1,21,0,0,0,18,20,0,18,37,1,15,15,0,62,0,2
31948,1000000US170316611004012,44,3,6,1,0,0,35,9,0,35,41,1,15,15,0,85,1,0
31949,1000000US170316611004013,55,12,12,0,0,0,31,24,0,31,43,0,15,15,0,76,0,0
31950,1000000US170316611004014,49,5,4,0,5,0,35,14,0,35,44,0,15,15,0,81,0,0
31951,1000000US170316611004015,56,2,15,0,0,0,42,14,0,42,54,0,20,19,1,91,0,3
31952,1000000US170316611004016,49,9,8,2,0,0,32,17,0,32,40,0,20,19,1,74,2,0
31953,1000000US170316611004017,59,5,21,0,1,0,31,28,0,31,54,3,21,20,1,103,0,0
31954,1000000US170316611004018,51,2,20,0,0,0,29,22,0,29,49,0,20,18,2,74,0,0
31955,1000000US170316611004019,62,1,21,0,2,0,38,24,0,38,61,1,20,19,1,89,0,0
31956,1000000US170316611005000,57,4,12,0,0,0,42,15,0,42,53,1,19,18,1,87,0,1
31957,1000000US170316611005001,35,6,0,0,0,0,29,6,0,29,29,0,16,14,2,54,0,0
31958,1000000US170316611005002,58,3,17,0,0,0,41,17,0,41,55,0,18,18,0,82,0,3
31959,1000000US170316611005003,51,5,8,0,0,0,38,13,0,38,46,0,20,20,0,80,0,0
31960,1000000US170316611005004,47,5,4,2,0,0,38,9,0,38,42,2,19,18,1,74,2,0
31961,1000000US170316611005005,45,12,0,0,0,0,33,12,0,33,33,0,17,15,2,66,0,0
31962,1000000US170316611005006,49,4,20,0,0,0,25,24,0,25,45,1,19,17,2,83,0,0
31963,1000000US170316611005007,67,2,9,0,0,0,56,11,0,56,65,5,20,19,1,112,0,0
31964,1000000US170316611005008,56,8,5,0,0,0,43,13,0,43,48,0,20,17,3,80,0,0
31965,1000000US170316611005009,42,5,12,1,0,0,26,16,0,26,37,1,17,16,1,62,1,1
31966,1000000US170316611005010,49,1,19,0,0,0,29,20,0,29,48,2,17,17,0,71,0,0
31967,1000000US170316611005011,54,6,8,0,0,0,40,14,0,40,48,0,18,18,0,86,0,0
31968,1000000US170316611005012,58,6,14,0,1,0,40,18,0,40,52,0,19,17,2,80,0,3
31969,1000000US170316611005013,39,3,11,2,2,0,24,15,0,24,36,2,16,16,0,54,0,0
31970,1000000US170316611005014,52,9,12,0,3,0,35,17,0,35,43,8,17,17,0,77,0,4
31971,1000000US170316611005015,50,6,6,0,0,0,38,12,0,38,44,1,18,17,1,93,0,0
31972,1000000US170316611005016,65,5,15,0,1,0,43,22,0,43,60,0,18,17,1,92,0,0
31973,1000000US170316611005017,47,7,11,0,0,0,30,17,0,30,40,0,17,16,1,81,0,1
31974,1000000US170316611005018,43,2,17,0,0,0,24,19,0,24,41,1,18,18,0,67,0,0
31975,1000000US170316611005019,51,11,2,0,0,0,38,13,0,38,40,0,19,19,0,90,0,0
31976,1000000US170316611005020,50,6,5,0,0,0,39,11,0,39,44,0,19,18,1,72,0,0
31977,1000000US170316611005021,40,12,11,0,0,0,17,23,0,17,28,0,17,16,1,58,0,0
31978,1000000US170316611005022,46,4,4,0,0,0,39,7,0,39,42,0,17,16,1,65,0,1
31979,1000000US170316611005023,43,9,18,0,2,0,17,26,0,17,34,0,20,19,1,66,0,3
31980,1000000US170316701001000,0,0,0,0,0,0,0,0,0,0,0,0,0,0,0,0,0,0
31981,1000000US170316701001001,0,0,0,0,0,0,0,0,0,0,0,0,0,0,0,0,0,0
31982,1000000US170316701001002,17,0,17,0,0,0,0,17,0,0,17,2,15,5,10,17,0,0
31983,1000000US170316701001003,36,0,36,0,0,0,0,36,0,0,36,0,17,16,1,59,0,0
31984,1000000US170316701001004,4,0,4,0,0,0,0,4,0,0,4,0,7,4,3,8,0,0
31985,1000000US170316701001005,38,0,38,0,0,0,0,38,0,0,38,0,16,15,1,51,0,0
31986,1000000US170316701001006,9,0,9,0,0,0,0,9,0,0,9,0,6,4,2,11,0,0
31987,1000000US170316701001007,25,0,25,0,0,0,0,25,0,0,25,0,18,9,9,43,0,0
31988,1000000US170316701001008,33,0,32,0,0,0,1,32,0,1,33,0,35,20,15,52,0,0
31989,1000000US170316701001009,36,0,30,0,1,0,6,30,0,6,36,1,20,11,9,49,0,0
31990,1000000US170316701001010,55,0,50,2,0,0,3,52,0,3,55,0,31,22,9,79,2,0
31991,1000000US170316701001011,54,0,50,0,3,0,1,53,0,1,54,0,10,8,2,73,0,0
31992,1000000US170316701001012,12,0,11,0,0,0,1,11,0,1,12,0,9,5,4,19,0,0
31993,1000000US170316701001013,31,1,30,0,0,0,2,29,0,2,30,0,20,12,8,50,0,2
31994,1000000US170316701001014,35,0,35,0,0,0,0,35,0,0,35,0,29,18,11,64,0,0
31995,1000000US170316701001015,45,0,45,0,0,0,1,44,0,1,45,0,25,17,8,69,0,1
31996,1000000US170316701001016,0,0,0,0,0,0,0,0,0,0,0,0,0,0,0,0,0,0
31997,1000000US170316701001017,0,0,0,0,0,0,0,0,0,0,0,0,0,0,0,0,0,0
31998,1000000US170316701001018,0,0,0,0,0,0,0,0,0,0,0,0,0,0,0,0,0,0
31999,1000000US170316701001019,0,0,0,0,0,0,0,0,0,0,0,0,0,0,0,0,0,0
32000,1000000US170316701001020,101,3,97,0,0,0,1,100,0,1,98,0,0,0,0,107,0,0
32001,1000000US170316701001021,0,0,0,0,0,0,0,0,0,0,0,0,0,0,0,0,0,0
32002,1000000US170316701001022,0,0,0,0,0,0,0,0,0,0,0,0,0,0,0,0,0,0
32003,1000000US170316701002000,0,0,0,0,0,0,0,0,0,0,0,0,0,0,0,0,0,0
32004,1000000US170316701002001,0,0,0,0,0,0,0,0,0,0,0,0,0,0,0,0,0,0
32005,1000000US170316701002002,26,0,26,0,0,0,0,26,0,0,26,0,21,17,4,34,0,0
32006,1000000US170316701002003,31,0,31,0,0,0,0,31,0,0,31,0,30,11,19,40,0,0
32007,1000000US170316701002004,22,0,22,0,0,0,0,22,0,0,22,0,23,11,12,28,0,0
32008,1000000US170316701002005,25,0,25,0,0,0,2,23,0,2,25,0,15,12,3,33,0,2
32009,1000000US170316701002006,34,0,34,0,0,0,0,34,0,0,34,0,19,15,4,45,0,0
32010,1000000US170316701002007,68,1,64,3,0,0,0,68,0,0,67,0,36,30,6,119,3,0
32011,1000000US170316701002008,37,0,37,0,0,0,0,37,0,0,37,0,30,15,15,52,0,0
32012,1000000US170316701002009,48,0,48,0,0,0,0,48,0,0,48,0,25,20,5,69,0,0
32013,1000000US170316701002010,40,0,39,0,0,0,1,39,0,1,40,5,29,19,10,61,0,0
32014,1000000US170316701002011,40,2,38,0,0,0,0,40,0,0,38,4,21,17,4,60,0,0
32015,1000000US170316701002012,26,0,26,0,0,0,0,26,0,0,26,0,17,11,6,40,0,0
32016,1000000US170316701002013,37,1,36,0,0,0,1,36,0,1,36,0,27,17,10,58,0,1
32017,1000000US170316701002014,41,0,41,0,0,0,0,41,0,0,41,0,29,16,13,51,0,0
32018,1000000US170316701002015,5,0,5,0,0,0,0,5,0,0,5,0,4,3,1,16,0,0
32019,1000000US170316701002016,0,0,0,0,0,0,0,0,0,0,0,0,0,0,0,0,0,0
32020,1000000US170316701002017,0,0,0,0,0,0,0,0,0,0,0,0,0,0,0,0,0,0
32021,1000000US170316701002018,43,0,43,1,0,0,0,43,0,0,43,1,31,21,10,59,1,0
32022,1000000US170316701002019,0,0,0,0,0,0,0,0,0,0,0,0,0,0,0,0,0,0
32023,1000000US170316701002020,0,0,0,0,0,0,0,0,0,0,0,0,0,0,0,0,0,0
32024,1000000US170316702001000,0,0,0,0,0,0,0,0,0,0,0,0,0,0,0,0,0,0
32025,1000000US170316702001001,0,0,0,0,0,0,0,0,0,0,0,0,0,0,0,0,0,0
32026,1000000US170316702001002,0,0,0,0,0,0,0,0,0,0,0,0,0,0,0,0,0,0
32027,1000000US170316702001003,0,0,0,0,0,0,0,0,0,0,0,0,0,0,0,0,0,0
32028,1000000US170316702001004,10,0,10,0,0,0,0,10,0,0,10,0,5,5,0,14,0,0
32029,1000000US170316702001005,23,0,23,0,0,0,0,23,0,0,23,0,13,10,3,34,0,0
32030,1000000US170316702001006,38,0,37,0,0,0,0,38,0,0,38,0,21,16,5,50,0,0
32031,1000000US170316702001007,24,0,24,0,0,0,0,24,0,0,24,0,27,10,17,39,0,0
32032,1000000US170316702001008,19,0,19,0,0,0,0,19,0,0,19,1,18,12,6,36,0,0
32033,1000000US170316702001009,7,0,7,0,0,0,0,7,0,0,7,0,9,5,4,9,0,0
32034,1000000US170316702001010,19,0,18,0,0,0,1,18,0,1,19,0,14,9,5,29,0,0
32035,1000000US170316702001011,16,0,16,0,0,0,0,16,0,0,16,0,7,7,0,24,0,0
32036,1000000US170316702001012,3,0,3,0,0,0,0,3,0,0,3,0,6,2,4,3,0,0
32037,1000000US170316702001013,22,0,22,0,0,0,0,22,0,0,22,0,13,11,2,29,0,0
32038,1000000US170316702001014,22,0,22,0,0,0,0,22,0,0,22,0,8,7,1,35,0,0
32039,1000000US170316702001015,0,0,0,0,0,0,0,0,0,0,0,0,0,0,0,0,0,0
32040,1000000US170316702001016,23,0,22,0,0,0,1,22,0,1,23,0,12,9,3,25,0,0
32041,1000000US170316702001017,38,0,32,0,0,0,6,32,0,6,38,0,25,15,10,46,0,0
32042,1000000US170316702001018,66,0,66,0,0,0,0,66,0,0,66,0,28,25,3,106,0,0
32043,1000000US170316702001019,32,0,32,0,0,0,0,32,0,0,32,0,27,16,11,51,0,0
32044,1000000US170316702001020,36,0,36,0,0,0,0,36,0,0,36,0,30,16,14,52,0,0
32045,1000000US170316702001021,41,0,39,0,2,0,0,41,0,0,41,0,22,16,6,67,0,0
32046,1000000US170316702001022,35,0,35,0,0,0,0,35,0,0,35,0,18,12,6,40,0,0
32047,1000000US170316702001023,53,0,53,0,0,0,3,50,0,3,53,0,36,23,13,77,0,3
32048,1000000US170316702001024,35,0,34,4,0,0,1,34,0,1,35,4,20,13,7,61,1,1
32049,1000000US170316702001025,50,0,50,0,0,0,0,50,0,0,50,0,27,23,4,92,0,0
32050,1000000US170316702001026,31,0,30,1,0,0,1,30,0,1,31,1,17,12,5,52,1,0
32051,1000000US170316702001027,48,0,47,0,0,0,1,47,0,1,48,0,31,24,7,66,0,0
32052,1000000US170316702001028,49,0,48,0,0,0,1,48,0,1,49,0,30,18,12,78,0,0
32053,1000000US170316702001029,65,0,62,0,0,0,3,62,0,3,65,0,52,34,18,92,0,0
32054,1000000US170316702001030,6,0,6,0,0,0,0,6,0,0,6,0,7,3,4,6,0,0
32055,1000000US170316702001031,9,0,9,0,0,0,0,9,0,0,9,0,5,3,2,16,0,0
32056,1000000US170316702001032,15,0,15,0,0,0,0,15,0,0,15,0,8,5,3,30,0,0
32057,1000000US170316702001033,31,0,31,0,0,0,0,31,0,0,31,0,18,10,8,50,0,0
32058,1000000US170316702001034,16,0,16,0,0,0,0,16,0,0,16,0,9,5,4,26,0,0
32059,1000000US170316702001035,11,0,11,0,0,0,0,11,0,0,11,0,8,7,1,15,0,0
32060,1000000US170316702001036,0,0,0,0,0,0,0,0,0,0,0,0,0,0,0,0,0,0
32061,1000000US170316702001037,12,0,8,0,0,0,4,8,0,4,12,0,4,4,0,22,0,0
32062,1000000US170316702001038,1,0,1,0,0,0,0,1,0,0,1,0,2,1,1,1,0,0
32063,1000000US170316702001039,3,0,3,0,0,0,0,3,0,0,3,0,2,1,1,5,0,0
32064,1000000US170316702001040,0,0,0,0,0,0,0,0,0,0,0,0,0,0,0,0,0,0
32065,1000000US170316702001041,2,0,2,0,0,0,0,2,0,0,2,0,2,1,1,2,0,0
32066,1000000US170316703001000,14,0,10,0,0,0,4,10,0,4,14,0,14,6,8,27,0,0
32067,1000000US170316703001001,51,0,48,0,0,0,6,45,0,6,51,1,29,21,8,67,0,3
32068,1000000US170316703001002,41,0,34,0,0,0,5,36,0,5,41,0,41,19,22,59,0,0
32069,1000000US170316703001003,27,2,24,0,0,0,1,26,0,1,25,0,24,13,11,50,0,0
32070,1000000US170316703001004,31,0,27,0,3,0,2,29,0,2,31,1,21,16,5,42,0,0
32071,1000000US170316703001005,29,0,29,0,0,0,0,29,0,0,29,0,39,13,26,55,0,0
32072,1000000US170316703001006,58,0,56,0,0,0,2,56,0,2,58,0,32,25,7,78,0,0
32073,1000000US170316703001007,16,0,16,2,4,0,0,16,0,0,16,4,8,8,0,24,2,0
32074,1000000US170316703001008,37,0,37,0,0,0,0,37,0,0,37,0,18,16,2,49,0,0
32075,1000000US170316703001009,44,0,44,0,0,0,0,44,0,0,44,0,23,18,5,50,0,0
32076,1000000US170316703001010,0,0,0,0,0,0,0,0,0,0,0,0,0,0,0,0,0,0
32077,1000000US170316703001011,2,0,1,0,1,0,0,2,0,0,2,0,1,1,0,2,0,0
32078,1000000US170316703002000,1,0,1,0,0,0,0,1,0,0,1,0,1,1,0,1,0,0
32079,1000000US170316703002001,0,0,0,0,0,0,0,0,0,0,0,0,0,0,0,0,0,0
32080,1000000US170316703002002,26,2,24,0,0,0,0,26,0,0,24,0,15,13,2,33,0,0
32081,1000000US170316703002003,11,1,9,0,0,0,1,10,0,1,10,2,11,7,4,16,0,0
32082,1000000US170316703002004,20,0,20,0,0,0,0,20,0,0,20,0,12,11,1,27,0,0
32083,1000000US170316703002005,51,2,47,0,0,0,2,49,0,2,49,0,26,20,6,74,0,0
32084,1000000US170316703002006,13,0,13,0,0,0,0,13,0,0,13,0,9,7,2,19,0,0
32085,1000000US170316703002007,33,0,33,0,0,0,0,33,0,0,33,0,19,15,4,46,0,0
32086,1000000US170316703002008,42,0,42,0,0,0,0,42,0,0,42,0,16,15,1,54,0,0
32087,1000000US170316703002009,22,0,19,0,0,0,3,19,0,3,22,0,24,10,14,31,0,0
32088,1000000US170316703002010,30,0,28,0,0,0,2,28,0,2,30,0,18,11,7,50,0,0
32089,1000000US170316703002011,31,0,29,0,0,0,2,29,0,2,31,0,20,15,5,49,0,0
32090,1000000US170316703002012,54,1,53,0,0,0,0,54,0,0,53,2,49,28,21,82,0,0
32091,1000000US170316703002013,25,0,24,0,0,0,1,24,0,1,25,0,20,12,8,31,0,0
32092,1000000US170316703002014,34,0,32,0,0,0,0,34,0,0,34,0,19,16,3,48,0,0
32093,1000000US170316703002015,26,0,26,0,0,0,0,26,0,0,26,0,29,10,19,47,0,0
32094,1000000US170316703002016,39,0,39,0,0,0,2,37,0,2,39,0,23,16,7,49,0,2
32095,1000000US170316703002017,46,0,46,0,0,0,0,46,0,0,46,0,24,20,4,64,0,0
32096,1000000US170316703002018,82,5,70,0,0,1,7,75,0,7,77,0,19,13,6,98,0,0
32097,1000000US170316703002019,20,0,20,0,0,0,0,20,0,0,20,0,8,7,1,33,0,0
32098,1000000US170316703002020,0,0,0,0,0,0,0,0,0,0,0,0,0,0,0,0,0,0
32099,1000000US170316703002021,41,0,41,0,0,0,0,41,0,0,41,0,23,19,4,56,0,0
32100,1000000US170316704001000,0,0,0,0,0,0,0,0,0,0,0,0,0,0,0,0,0,0
32101,1000000US170316704001001,0,0,0,0,0,0,0,0,0,0,0,0,0,0,0,0,0,0
32102,1000000US170316704001002,39,0,35,0,0,0,4,35,0,4,39,0,24,20,4,51,0,0
32103,1000000US170316704001003,49,0,49,0,0,0,0,49,0,0,49,1,28,24,4,86,0,0
32104,1000000US170316704001004,32,0,32,0,0,0,0,32,0,0,32,0,18,15,3,55,0,0
32105,1000000US170316704001005,33,0,33,0,0,0,0,33,0,0,33,0,18,13,5,47,0,0
32106,1000000US170316704001006,39,0,38,0,0,0,1,38,0,1,39,0,19,17,2,60,0,0
32107,1000000US170316704001007,39,0,39,0,0,0,0,39,0,0,39,0,29,17,12,54,0,0
32108,1000000US170316704001008,35,0,33,0,0,0,2,33,0,2,35,0,24,18,6,53,0,0
32109,1000000US170316704001009,48,0,47,0,4,0,0,48,0,0,48,3,27,26,1,64,0,0
32110,1000000US170316704001010,11,0,11,0,0,0,0,11,0,0,11,1,10,7,3,23,0,0
32111,1000000US170316704001011,30,0,30,0,0,0,0,30,0,0,30,0,20,15,5,46,0,0
32112,1000000US170316704001012,44,0,36,0,0,0,9,35,0,9,44,0,26,21,5,66,0,1
32113,1000000US170316704001013,36,0,32,0,1,0,4,32,0,4,36,1,15,13,2,45,0,0
32114,1000000US170316704001014,32,0,32,0,0,0,0,32,0,0,32,0,12,11,1,54,0,0
32115,1000000US170316704001015,52,0,50,0,0,0,2,50,0,2,52,0,26,20,6,79,0,0
32116,1000000US170316704001016,66,0,66,2,0,0,0,66,0,0,66,2,30,27,3,96,0,0
32117,1000000US170316704001017,42,0,38,0,0,0,4,38,0,4,42,0,20,16,4,48,0,0
32118,1000000US170316704001018,53,0,49,0,0,0,4,49,0,4,53,0,27,22,5,71,0,0
32119,1000000US170316704001019,42,0,42,0,0,0,0,42,0,0,42,0,26,18,8,66,0,0
32120,1000000US170316704001020,44,1,43,0,0,0,0,44,0,0,43,0,24,20,4,61,0,0
32121,1000000US170316704001021,50,0,50,0,0,0,4,46,0,4,50,0,27,24,3,69,0,4
32122,1000000US170316704001022,83,0,83,0,0,0,0,83,0,0,83,0,28,25,3,109,0,0
32123,1000000US170316704001023,33,0,28,0,0,0,10,23,0,10,33,5,22,13,9,57,0,5
32124,1000000US170316704001024,0,0,0,0,0,0,0,0,0,0,0,0,0,0,0,0,0,0
32125,1000000US170316704001025,60,0,44,0,0,0,16,44,0,16,60,0,34,26,8,88,0,0
32126,1000000US170316704001026,42,1,41,0,0,0,0,42,0,0,41,0,15,12,3,57,0,0
32127,1000000US170316704001027,15,0,13,0,0,0,2,13,0,2,15,0,9,8,1,23,0,0
32128,1000000US170316704001028,51,0,51,0,0,0,4,47,0,4,51,0,22,18,4,75,0,4
32129,1000000US170316704001029,62,1,60,0,0,0,1,61,0,1,61,0,28,22,6,78,0,0
32130,1000000US170316704001030,8,0,8,0,0,0,0,8,0,0,8,0,3,3,0,8,0,0
32131,1000000US170316704001031,15,1,14,0,0,0,0,15,0,0,14,0,13,6,7,21,0,0
32132,1000000US170316704001032,16,0,16,0,0,0,0,16,0,0,16,0,10,5,5,24,0,0
32133,1000000US170316704001033,19,0,19,0,0,0,0,19,0,0,19,0,7,6,1,26,0,0
32134,1000000US170316704001034,0,0,0,0,0,0,0,0,0,0,0,0,0,0,0,0,0,0
32135,1000000US170316704001035,9,0,9,0,0,0,0,9,0,0,9,0,5,3,2,10,0,0
32136,1000000US170316704001036,20,0,20,0,0,0,2,18,0,2,20,0,6,5,1,25,0,2
32137,1000000US170316704001037,8,0,8,0,0,0,0,8,0,0,8,0,3,3,0,11,0,0
32138,1000000US170316704001038,33,0,25,0,2,0,7,26,0,7,33,0,12,11,1,48,0,0
32139,1000000US170316704001039,56,0,47,0,0,0,9,47,0,9,56,0,23,20,3,88,0,0
32140,1000000US170316704001040,4,0,4,0,0,0,0,4,0,0,4,0,2,1,1,5,0,0
32141,1000000US170316704001041,0,0,0,0,0,0,0,0,0,0,0,0,0,0,0,0,0,0
32142,1000000US170316704001042,4,0,4,0,0,0,0,4,0,0,4,0,2,2,0,5,0,0
32143,1000000US170316704001043,3,0,3,0,0,0,0,3,0,0,3,0,1,1,0,4,0,0
32144,1000000US170316705001000,0,0,0,0,0,0,0,0,0,0,0,0,0,0,0,0,0,0
32145,1000000US170316705001001,0,0,0,0,0,0,0,0,0,0,0,0,0,0,0,0,0,0
32146,1000000US170316705001002,25,0,25,0,0,0,0,25,0,0,25,0,13,10,3,30,0,0
32147,1000000US170316705001003,42,0,42,0,0,0,0,42,0,0,42,0,24,22,2,68,0,0
32148,1000000US170316705001004,8,0,8,0,0,0,0,8,0,0,8,0,7,6,1,10,0,0
32149,1000000US170316705001005,22,1,21,0,0,1,0,22,0,0,21,1,11,10,1,26,0,0
32150,1000000US170316705001006,25,0,22,0,0,0,3,22,0,3,25,0,11,9,2,35,0,0
32151,1000000US170316705001007,34,0,33,0,0,0,1,33,0,1,34,0,11,11,0,44,0,0
32152,1000000US170316705001008,21,0,21,0,0,0,0,21,0,0,21,0,10,10,0,35,0,0
32153,1000000US170316705001009,25,0,24,0,1,0,0,25,0,0,25,1,10,8,2,39,0,0
32154,1000000US170316705001010,17,0,16,0,1,0,0,17,0,0,17,2,13,7,6,27,0,0
32155,1000000US170316705001011,18,0,15,0,0,0,6,12,0,6,18,0,8,8,0,27,0,3
32156,1000000US170316705001012,14,0,9,0,0,0,5,9,0,5,14,0,5,3,2,20,0,0
32157,1000000US170316705001013,41,1,40,0,0,0,0,41,0,0,40,0,21,19,2,57,0,0
32158,1000000US170316705001014,4,0,4,0,0,0,0,4,0,0,4,0,3,3,0,4,0,0
32159,1000000US170316705001015,25,0,25,0,0,0,1,24,0,1,25,0,11,10,1,46,0,1
32160,1000000US170316705001016,27,0,27,0,0,0,0,27,0,0,27,0,11,9,2,58,0,0
32161,1000000US170316705001017,1,0,1,0,0,0,0,1,0,0,1,0,3,1,2,1,0,0
32162,1000000US170316705001018,0,0,0,0,0,0,0,0,0,0,0,0,0,0,0,0,0,0
32163,1000000US170316705001019,17,0,17,1,0,0,0,17,0,0,17,2,12,8,4,23,1,0
32164,1000000US170316705001020,5,0,5,0,0,0,0,5,0,0,5,0,2,2,0,9,0,0
32165,1000000US170316705001021,14,0,14,0,0,0,0,14,0,0,14,0,4,3,1,19,0,0
32166,1000000US170316705001022,37,0,37,0,0,0,0,37,0,0,37,0,17,13,4,49,0,0
32167,1000000US170316705001023,28,0,28,0,0,0,0,28,0,0,28,0,16,10,6,42,0,0
32168,1000000US170316705001024,26,0,26,0,1,2,1,25,0,1,26,3,15,10,5,33,0,1
32169,1000000US170316705001025,9,0,9,0,0,0,0,9,0,0,9,0,5,4,1,10,0,0
32170,1000000US170316705001026,9,0,9,0,0,0,0,9,0,0,9,0,3,3,0,13,0,0
32171,1000000US170316705001027,9,0,9,0,0,0,0,9,0,0,9,0,6,5,1,13,0,0
32172,1000000US170316705001028,12,0,12,1,0,0,0,12,0,0,12,2,7,5,2,17,1,0
32173,1000000US170316705001029,38,0,36,0,0,0,2,36,0,2,38,0,15,13,2,44,0,0
32174,1000000US170316705001030,51,0,49,0,0,0,2,49,0,2,51,0,21,16,5,69,0,0
32175,1000000US170316705001031,0,0,0,0,0,0,0,0,0,0,0,0,0,0,0,0,0,0
32176,1000000US170316705001032,0,0,0,0,0,0,0,0,0,0,0,0,1,0,1,0,0,0
32177,1000000US170316705001033,26,0,22,1,1,0,4,22,0,4,26,2,0,0,0,36,1,1
32178,1000000US170316705001034,0,0,0,0,0,0,0,0,0,0,0,0,0,0,0,0,0,0
32179,1000000US170316705001035,0,0,0,0,0,0,0,0,0,0,0,0,0,0,0,0,0,0
32180,1000000US170316705001036,0,0,0,0,0,0,0,0,0,0,0,0,0,0,0,0,0,0
32181,1000000US170316705001037,29,0,29,0,0,0,0,29,0,0,29,0,20,14,6,37,0,0
32182,1000000US170316705001038,17,0,17,0,0,0,0,17,0,0,17,0,11,5,6,26,0,0
32183,1000000US170316705001039,32,0,32,0,0,0,0,32,0,0,32,0,13,12,1,48,0,0
32184,1000000US170316705001040,12,0,12,0,0,0,0,12,0,0,12,0,4,4,0,12,0,0
32185,1000000US170316705001041,9,0,9,0,0,0,0,9,0,0,9,0,6,5,1,10,0,0
32186,1000000US170316705001042,5,0,5,0,0,0,0,5,0,0,5,0,4,3,1,12,0,0
32187,1000000US170316705001043,2,0,2,0,0,0,0,2,0,0,2,0,1,1,0,2,0,0
32188,1000000US170316705001044,31,1,28,0,0,0,2,29,0,2,30,0,11,10,1,42,0,0
32189,1000000US170316705001045,0,0,0,0,0,0,0,0,0,0,0,0,0,0,0,0,0,0
32190,1000000US170316705001046,75,1,73,1,0,0,0,75,0,0,74,0,47,39,8,119,1,0
32191,1000000US170316705001047,38,0,37,0,0,0,1,37,0,1,38,0,20,17,3,47,0,0
32192,1000000US170316705001048,0,0,0,0,0,0,0,0,0,0,0,0,0,0,0,0,0,0
32193,1000000US170316705001049,0,0,0,0,0,0,0,0,0,0,0,0,0,0,0,0,0,0
32194,1000000US170316705001050,0,0,0,0,0,0,0,0,0,0,0,0,0,0,0,0,0,0
32195,1000000US170316705001051,0,0,0,0,0,0,0,0,0,0,0,0,0,0,0,0,0,0
32196,1000000US170316705001052,0,0,0,0,0,0,0,0,0,0,0,0,0,0,0,0,0,0
32197,1000000US170316705001053,11,0,11,0,0,0,1,10,0,1,11,0,4,4,0,20,0,1
32198,1000000US170316705001054,0,0,0,0,0,0,0,0,0,0,0,0,0,0,0,0,0,0
32199,1000000US170316705001055,0,0,0,0,0,0,0,0,0,0,0,0,0,0,0,0,0,0
32200,1000000US170316705001056,24,0,24,0,0,0,0,24,0,0,24,0,13,9,4,42,0,0
32201,1000000US170316706001000,26,0,26,0,0,0,0,26,0,0,26,0,8,7,1,30,0,0
32202,1000000US170316706001001,11,0,10,0,1,0,0,11,0,0,11,1,5,3,2,18,0,0
32203,1000000US170316706001002,23,0,23,0,0,0,0,23,0,0,23,0,12,10,2,36,0,0
32204,1000000US170316706001003,23,0,23,0,0,0,0,23,0,0,23,0,14,11,3,32,0,0
32205,1000000US170316706001004,47,0,47,2,0,0,0,47,0,0,47,2,20,17,3,65,1,0
32206,1000000US170316706001005,24,0,24,0,0,0,0,24,0,0,24,1,10,10,0,34,0,0
32207,1000000US170316706001006,52,0,52,0,0,0,0,52,0,0,52,0,20,16,4,60,0,0
32208,1000000US170316706001007,38,0,38,0,0,0,0,38,0,0,38,0,20,16,4,47,0,0
32209,1000000US170316706001008,54,0,54,0,0,0,0,54,0,0,54,0,20,18,2,67,0,0
32210,1000000US170316706001009,46,0,46,0,0,0,0,46,0,0,46,0,18,15,3,63,0,0
32211,1000000US170316706001010,45,0,45,0,0,0,0,45,0,0,45,0,22,19,3,69,0,0
32212,1000000US170316706001011,36,0,36,0,0,0,0,36,0,0,36,0,15,14,1,49,0,0
32213,1000000US170316706001012,23,0,23,0,0,0,0,23,0,0,23,0,14,8,6,37,0,0
32214,1000000US170316706001013,30,0,30,0,0,0,0,30,0,0,30,0,12,10,2,34,0,0
32215,1000000US170316706001014,26,0,24,0,0,0,2,24,0,2,26,0,14,12,2,40,0,0
32216,1000000US170316706001015,40,0,40,0,0,0,0,40,0,0,40,0,25,20,5,51,0,0
32217,1000000US170316706001016,56,0,56,0,0,0,6,50,0,6,56,0,17,16,1,83,0,6
32218,1000000US170316706001017,44,0,44,0,0,0,6,38,0,6,44,0,18,16,2,53,0,6
32219,1000000US170316706001018,54,0,54,0,0,0,0,54,0,0,54,0,21,19,2,79,0,0
32220,1000000US170316706001019,51,0,51,0,0,0,0,51,0,0,51,0,18,18,0,65,0,0
32221,1000000US170316706002000,26,0,26,0,0,0,0,26,0,0,26,0,18,13,5,39,0,0
32222,1000000US170316706002001,42,0,42,0,0,0,1,41,0,1,42,1,22,16,6,59,0,1
32223,1000000US170316706002002,27,0,27,0,0,0,1,26,0,1,27,0,17,16,1,43,0,1
32224,1000000US170316706002003,57,0,57,0,0,0,0,57,0,0,57,0,31,23,8,83,0,0
32225,1000000US170316706002004,0,0,0,0,0,0,0,0,0,0,0,0,0,0,0,0,0,0
32226,1000000US170316706002005,25,0,25,0,0,0,0,25,0,0,25,0,13,11,2,45,0,0
32227,1000000US170316706002006,31,0,26,0,0,0,5,26,0,5,31,0,13,12,1,40,0,0
32228,1000000US170316706002007,21,0,21,0,0,0,0,21,0,0,21,0,12,11,1,27,0,0
32229,1000000US170316706002008,25,0,25,0,0,0,0,25,0,0,25,0,10,10,0,43,0,0
32230,1000000US170316706002009,33,0,33,0,0,0,0,33,0,0,33,0,12,11,1,60,0,0
32231,1000000US170316706002010,16,0,16,0,0,0,0,16,0,0,16,0,9,7,2,33,0,0
32232,1000000US170316706002011,15,0,15,0,0,0,0,15,0,0,15,0,11,6,5,19,0,0
32233,1000000US170316706002012,31,0,31,0,0,0,0,31,0,0,31,0,15,12,3,46,0,0
32234,1000000US170316706002013,21,0,21,0,0,0,0,21,0,0,21,0,13,8,5,24,0,0
32235,1000000US170316706002014,42,0,42,2,0,0,0,42,0,0,42,2,16,14,2,49,2,0
32236,1000000US170316706002015,9,0,9,0,0,0,0,9,0,0,9,0,3,3,0,12,0,0
32237,1000000US170316706002016,12,0,12,0,0,0,0,12,0,0,12,0,13,10,3,16,0,0
32238,1000000US170316706002017,0,0,0,0,0,0,0,0,0,0,0,0,1,0,1,0,0,0
32239,1000000US170316706002018,0,0,0,0,0,0,0,0,0,0,0,0,1,0,1,0,0,0
32240,1000000US170316707001000,0,0,0,0,0,0,0,0,0,0,0,0,0,0,0,0,0,0
32241,1000000US170316707001001,31,0,31,0,0,0,0,31,0,0,31,0,15,15,0,36,0,0
32242,1000000US170316707001002,14,0,14,1,0,0,0,14,0,0,14,2,14,11,3,34,1,0
32243,1000000US170316707001003,25,0,25,0,0,0,0,25,0,0,25,0,10,10,0,37,0,0
32244,1000000US170316707001004,16,0,16,0,0,0,0,16,0,0,16,0,9,7,2,23,0,0
32245,1000000US170316707001005,33,0,33,0,0,0,0,33,0,0,33,0,15,14,1,56,0,0
32246,1000000US170316707001006,22,0,22,0,0,0,1,21,0,1,22,0,14,10,4,39,0,1
32247,1000000US170316707001007,26,0,26,0,0,0,1,25,0,1,26,0,16,13,3,38,0,1
32248,1000000US170316707001008,29,0,29,0,0,0,0,29,0,0,29,0,15,12,3,46,0,0
32249,1000000US170316707001009,20,0,20,0,0,0,0,20,0,0,20,0,13,9,4,25,0,0
32250,1000000US170316707001010,9,0,9,0,0,0,0,9,0,0,9,0,12,3,9,11,0,0
32251,1000000US170316707001011,0,0,0,0,0,0,0,0,0,0,0,0,5,0,5,0,0,0
32252,1000000US170316707001012,19,0,15,0,0,0,4,15,0,4,19,0,5,5,0,27,0,0
32253,1000000US170316707001013,24,1,23,0,0,0,0,24,0,0,23,0,14,11,3,38,0,0
32254,1000000US170316707001014,25,0,25,0,0,1,0,25,0,0,25,1,12,10,2,54,0,0
32255,1000000US170316707001015,24,0,24,0,0,0,0,24,0,0,24,0,17,15,2,30,0,0
32256,1000000US170316707001016,30,0,30,0,0,0,0,30,0,0,30,0,9,9,0,50,0,0
32257,1000000US170316707001017,33,0,33,0,0,0,0,33,0,0,33,0,16,12,4,38,0,0
32258,1000000US170316707001018,24,0,24,0,0,0,0,24,0,0,24,0,16,10,6,38,0,0
32259,1000000US170316707001019,28,0,28,0,0,0,0,28,0,0,28,0,9,9,0,41,0,0
32260,1000000US170316707001020,19,0,19,0,0,0,0,19,0,0,19,0,13,7,6,28,0,0
32261,1000000US170316707001021,17,1,16,0,0,0,2,15,0,2,16,0,13,11,2,36,0,2
32262,1000000US170316707001022,14,0,14,0,0,0,0,14,0,0,14,0,12,8,4,27,0,0
32263,1000000US170316707002000,2,0,2,0,0,0,0,2,0,0,2,0,6,1,5,4,0,0
32264,1000000US170316707002001,34,0,34,0,0,0,0,34,0,0,34,0,30,16,14,55,0,0
32265,1000000US170316707002002,55,0,55,0,0,0,4,51,0,4,55,1,24,21,3,78,0,4
32266,1000000US170316707002003,40,1,38,1,0,0,0,40,0,0,39,0,18,11,7,61,1,0
32267,1000000US170316707002004,0,0,0,0,0,0,0,0,0,0,0,0,0,0,0,0,0,0
32268,1000000US170316707002005,42,0,42,0,0,0,0,42,0,0,42,0,16,12,4,55,0,0
32269,1000000US170316707002006,41,1,37,0,0,0,3,38,0,3,40,0,21,17,4,60,0,0
32270,1000000US170316707002007,71,0,69,0,0,0,7,64,0,7,71,2,35,30,5,87,0,5
32271,1000000US170316707002008,20,0,20,0,0,0,0,20,0,0,20,1,12,9,3,28,0,0
32272,1000000US170316707002009,34,0,34,0,0,0,0,34,0,0,34,0,17,13,4,47,0,0
32273,1000000US170316707002010,33,0,28,0,0,0,6,27,0,6,33,1,18,12,6,56,0,1
32274,1000000US170316707002011,24,0,24,0,0,0,0,24,0,0,24,0,14,9,5,28,0,0
32275,1000000US170316707002012,51,0,51,0,0,0,0,51,0,0,51,0,15,11,4,71,0,0
32276,1000000US170316707002013,25,0,25,1,0,0,0,25,0,0,25,1,13,10,3,40,1,0
32277,1000000US170316707002014,0,0,0,0,0,0,0,0,0,0,0,0,0,0,0,0,0,0
32278,1000000US170316707002015,0,0,0,0,0,0,0,0,0,0,0,0,0,0,0,0,0,0
32279,1000000US170316707002016,31,1,29,2,0,0,0,31,0,0,30,2,21,18,3,58,0,0
32280,1000000US170316707002017,6,0,6,0,0,0,0,6,0,0,6,0,3,2,1,6,0,0
32281,1000000US170316707002018,5,0,5,0,0,0,0,5,0,0,5,0,3,3,0,5,0,0
32282,1000000US170316708001000,23,0,23,0,0,0,0,23,0,0,23,0,13,11,2,36,0,0
32283,1000000US170316708001001,35,1,34,0,0,0,0,35,0,0,34,0,18,14,4,53,0,0
32284,1000000US170316708001002,0,0,0,0,0,0,0,0,0,0,0,0,0,0,0,0,0,0
32285,1000000US170316708001003,29,0,29,1,0,0,0,29,0,0,29,1,24,14,10,31,1,0
32286,1000000US170316708001004,21,0,21,0,0,0,0,21,0,0,21,0,15,10,5,37,0,0
32287,1000000US170316708001005,40,0,40,0,0,0,0,40,0,0,40,1,24,22,2,53,0,0
32288,1000000US170316708001006,41,0,40,0,0,0,0,41,0,0,41,0,16,15,1,49,0,0
32289,1000000US170316708001007,35,0,35,0,0,0,0,35,0,0,35,0,15,12,3,49,0,0
32290,1000000US170316708001008,36,0,36,0,0,0,0,36,0,0,36,0,16,14,2,55,0,0
32291,1000000US170316708001009,13,0,13,0,0,0,0,13,0,0,13,0,11,6,5,20,0,0
32292,1000000US170316708001010,24,0,24,0,0,0,0,24,0,0,24,0,8,7,1,29,0,0
32293,1000000US170316708001011,54,0,54,0,0,0,1,53,0,1,54,2,33,24,9,78,0,1
32294,1000000US170316708001012,6,0,6,0,0,0,0,6,0,0,6,0,4,2,2,7,0,0
32295,1000000US170316708001013,23,0,23,0,0,0,0,23,0,0,23,0,19,14,5,29,0,0
32296,1000000US170316708001014,28,0,28,0,0,0,2,26,0,2,28,0,15,12,3,40,0,2
32297,1000000US170316708001015,50,0,46,2,0,0,2,48,0,2,50,0,26,23,3,81,2,0
32298,1000000US170316708001016,23,0,23,0,0,0,0,23,0,0,23,0,11,11,0,34,0,0
32299,1000000US170316708001017,13,0,13,0,0,0,0,13,0,0,13,0,19,6,13,16,0,0
32300,1000000US170316708001018,10,0,7,2,0,0,1,9,0,1,10,0,12,7,5,22,2,0
32301,1000000US170316708002000,6,0,6,0,0,0,0,6,0,0,6,0,6,2,4,7,0,0
32302,1000000US170316708002001,0,0,0,0,0,0,0,0,0,0,0,0,1,0,1,0,0,0
32303,1000000US170316708002002,4,0,4,0,0,0,0,4,0,0,4,0,1,1,0,4,0,0
32304,1000000US170316708002003,38,0,38,0,0,0,1,37,0,1,38,1,27,20,7,48,0,1
32305,1000000US170316708002004,50,0,50,0,0,0,2,48,0,2,50,0,27,20,7,65,0,2
32306,1000000US170316708002005,27,0,27,0,0,0,0,27,0,0,27,0,15,12,3,42,0,0
32307,1000000US170316708002006,15,0,15,0,0,0,0,15,0,0,15,0,7,7,0,20,0,0
32308,1000000US170316708002007,21,0,21,0,0,0,0,21,0,0,21,0,17,11,6,37,0,0
32309,1000000US170316708002008,8,0,8,0,0,0,0,8,0,0,8,0,4,4,0,32,0,0
32310,1000000US170316708002009,6,0,6,0,0,0,0,6,0,0,6,0,10,4,6,6,0,0
32311,1000000US170316708002010,34,0,34,0,0,0,0,34,0,0,34,0,20,16,4,56,0,0
32312,1000000US170316708002011,29,0,29,0,0,0,0,29,0,0,29,0,13,12,1,33,0,0
32313,1000000US170316708002012,22,0,22,0,0,0,0,22,0,0,22,0,13,11,2,27,0,0
32314,1000000US170316708002013,20,0,20,0,0,0,0,20,0,0,20,0,22,10,12,21,0,0
32315,1000000US170316708002014,17,0,17,0,0,0,0,17,0,0,17,0,9,7,2,24,0,0
32316,1000000US170316708002015,14,0,14,0,0,0,0,14,0,0,14,1,10,9,1,19,0,0
32317,1000000US170316708002016,12,0,12,0,0,0,0,12,0,0,12,0,10,6,4,16,0,0
32318,1000000US170316708002017,60,1,59,0,0,0,0,60,0,0,59,0,23,22,1,89,0,0
32319,1000000US170316708002018,31,0,31,0,0,0,0,31,0,0,31,0,19,13,6,42,0,0
32320,1000000US170316708002019,47,0,47,3,0,0,0,47,0,0,47,3,23,21,2,70,3,0
32321,1000000US170316708002020,35,0,35,0,0,0,0,35,0,0,35,0,20,19,1,52,0,0
32322,1000000US170316708002021,30,0,29,0,0,0,1,29,0,1,30,0,27,21,6,30,0,0
32323,1000000US170316708002022,23,0,23,0,0,0,0,23,0,0,23,0,20,12,8,38,0,0
32324,1000000US170316708002023,24,0,24,0,0,0,0,24,0,0,24,0,17,11,6,36,0,0
32325,1000000US170316708002024,23,0,23,0,0,0,0,23,0,0,23,0,18,13,5,32,0,0
32326,1000000US170316708002025,0,0,0,0,0,0,0,0,0,0,0,0,0,0,0,0,0,0
32327,1000000US170316708002026,0,0,0,0,0,0,0,0,0,0,0,0,0,0,0,0,0,0
32328,1000000US170316708002027,20,0,20,0,0,0,0,20,0,0,20,0,11,11,0,22,0,0
32329,1000000US170316708002028,20,0,20,0,0,0,0,20,0,0,20,0,15,12,3,28,0,0
32330,1000000US170316708002029,9,0,9,0,0,0,0,9,0,0,9,0,6,4,2,20,0,0
32331,1000000US170316709001000,4,0,4,0,0,0,0,4,0,0,4,0,3,2,1,5,0,0
32332,1000000US170316709001001,0,0,0,0,0,0,0,0,0,0,0,0,0,0,0,0,0,0
32333,1000000US170316709001002,56,0,56,0,0,0,0,56,0,0,56,0,34,25,9,79,0,0
32334,1000000US170316709001003,23,2,21,0,0,0,0,23,0,0,21,0,9,7,2,28,0,0
32335,1000000US170316709001004,66,0,66,0,0,0,1,65,0,1,66,1,51,38,13,90,0,1
32336,1000000US170316709001005,33,1,32,0,0,0,0,33,0,0,32,0,15,13,2,51,0,0
32337,1000000US170316709001006,42,0,41,0,1,0,3,39,0,3,42,0,33,25,8,48,0,3
32338,1000000US170316709001007,41,0,40,0,0,0,0,41,0,0,41,0,25,22,3,56,0,0
32339,1000000US170316709001008,21,0,21,0,0,0,0,21,0,0,21,0,21,9,12,24,0,0
32340,1000000US170316709001009,20,0,20,0,0,0,3,17,0,3,20,0,14,9,5,27,0,3
32341,1000000US170316709001010,126,0,126,2,0,0,0,126,0,0,126,2,60,50,10,168,2,0
32342,1000000US170316709002000,4,0,4,0,0,0,0,4,0,0,4,0,4,2,2,5,0,0
32343,1000000US170316709002001,2,0,2,0,0,0,0,2,0,0,2,0,1,1,0,2,0,0
32344,1000000US170316709002002,25,0,25,0,0,0,0,25,0,0,25,0,18,14,4,35,0,0
32345,1000000US170316709002003,26,0,26,0,0,0,1,25,0,1,26,0,17,14,3,50,0,1
32346,1000000US170316709002004,30,0,30,0,0,0,0,30,0,0,30,0,24,15,9,37,0,0
32347,1000000US170316709002005,36,0,36,0,0,0,0,36,0,0,36,0,12,12,0,46,0,0
32348,1000000US170316709002006,29,0,29,0,0,0,0,29,0,0,29,0,17,12,5,46,0,0
32349,1000000US170316709002007,16,0,16,0,0,0,0,16,0,0,16,0,15,6,9,22,0,0
32350,1000000US170316709002008,42,0,42,0,0,0,0,42,0,0,42,0,23,16,7,48,0,0
32351,1000000US170316709002009,6,0,6,0,0,0,0,6,0,0,6,0,3,3,0,6,0,0
32352,1000000US170316709002010,0,0,0,0,0,0,0,0,0,0,0,0,1,0,1,0,0,0
32353,1000000US170316709002011,57,0,57,0,1,0,0,57,0,0,57,1,39,27,12,72,0,0
32354,1000000US170316709002012,18,0,18,0,0,0,0,18,0,0,18,0,14,7,7,22,0,0
32355,1000000US170316709002013,26,0,26,1,0,0,0,26,0,0,26,2,19,12,7,35,1,0
32356,1000000US170316709002014,33,0,32,0,1,0,1,32,0,1,33,0,27,19,8,41,0,0
32357,1000000US170316709002015,25,0,25,0,0,0,0,25,0,0,25,0,16,9,7,33,0,0
32358,1000000US170316709002016,24,0,24,0,0,0,0,24,0,0,24,0,23,12,11,42,0,0
32359,1000000US170316709002017,21,0,21,0,0,0,0,21,0,0,21,0,17,13,4,40,0,0
32360,1000000US170316709002018,43,0,37,0,0,0,6,37,0,6,43,0,19,19,0,59,0,0
32361,1000000US170316709002019,13,0,13,0,0,0,0,13,0,0,13,0,9,9,0,17,0,0
32362,1000000US170316709002020,36,0,36,0,0,0,2,34,0,2,36,0,25,19,6,51,0,2
32363,1000000US170316709002021,19,0,19,0,0,0,0,19,0,0,19,0,19,13,6,27,0,0
32364,1000000US170316709002022,13,0,13,0,0,0,0,13,0,0,13,0,13,8,5,18,0,0
32365,1000000US170316709002023,5,0,4,0,1,0,0,5,0,0,5,0,2,2,0,5,0,0
32366,1000000US170316709002024,2,0,2,0,0,0,0,2,0,0,2,0,1,1,0,2,0,0
32367,1000000US170316709002025,9,0,9,0,0,0,0,9,0,0,9,0,5,4,1,14,0,0
32368,1000000US170316709002026,0,0,0,0,0,0,0,0,0,0,0,0,0,0,0,0,0,0
32369,1000000US170316709002027,0,0,0,0,0,0,0,0,0,0,0,0,0,0,0,0,0,0
32370,1000000US170316711001000,0,0,0,0,0,0,0,0,0,0,0,0,0,0,0,0,0,0
32371,1000000US170316711001001,0,0,0,0,0,0,0,0,0,0,0,0,0,0,0,0,0,0
32372,1000000US170316711001002,6,0,6,0,0,0,0,6,0,0,6,0,2,2,0,6,0,0
32373,1000000US170316711001003,6,0,6,0,0,0,0,6,0,0,6,0,1,1,0,7,0,0
32374,1000000US170316711001004,15,0,15,0,0,0,1,14,0,1,15,0,0,0,0,16,0,1
32375,1000000US170316711001005,0,0,0,0,0,0,0,0,0,0,0,0,0,0,0,0,0,0
32376,1000000US170316711001006,41,0,41,0,0,0,0,41,0,0,41,0,24,19,5,76,0,0
32377,1000000US170316711001007,31,0,31,0,0,0,0,31,0,0,31,0,21,15,6,46,0,0
32378,1000000US170316711001008,42,0,42,0,0,0,0,42,0,0,42,0,23,18,5,53,0,0
32379,1000000US170316711001009,9,0,9,0,0,0,0,9,0,0,9,0,8,5,3,13,0,0
32380,1000000US170316711001010,41,1,40,0,0,0,1,40,0,1,40,0,24,22,2,56,0,1
32381,1000000US170316711001011,34,0,34,0,0,0,1,33,0,1,34,0,22,15,7,48,0,1
32382,1000000US170316711001012,58,0,57,0,0,0,4,54,0,4,58,0,26,24,2,79,0,3
32383,1000000US170316711001013,24,0,24,0,0,0,0,24,0,0,24,1,18,16,2,35,0,0
32384,1000000US170316711001014,0,0,0,0,0,0,0,0,0,0,0,0,0,0,0,0,0,0
32385,1000000US170316711001015,10,0,10,0,0,0,0,10,0,0,10,0,10,7,3,15,0,0
32386,1000000US170316711001016,38,0,38,0,0,0,0,38,0,0,38,0,18,12,6,48,0,0
32387,1000000US170316711001017,56,1,55,0,0,0,0,56,0,0,55,0,25,19,6,96,0,0
32388,1000000US170316711001018,35,2,33,0,0,0,0,35,0,0,33,0,24,15,9,52,0,0
32389,1000000US170316711001019,53,0,53,0,0,0,0,53,0,0,53,0,32,25,7,70,0,0
32390,1000000US170316711001020,53,0,49,0,0,0,5,48,0,5,53,1,20,17,3,74,0,1
32391,1000000US170316711001021,39,0,39,0,0,0,0,39,0,0,39,0,24,19,5,56,0,0
32392,1000000US170316711001022,58,0,58,0,0,0,0,58,0,0,58,1,34,27,7,81,0,0
32393,1000000US170316711001023,45,0,45,2,0,0,0,45,0,0,45,2,29,21,8,66,2,0
32394,1000000US170316711001024,34,0,34,2,6,0,6,28,0,6,34,6,26,17,9,61,2,6
32395,1000000US170316711001025,76,1,73,0,0,0,0,76,0,0,75,1,34,28,6,115,0,0
32396,1000000US170316711001026,60,0,60,0,0,0,0,60,0,0,60,0,33,26,7,90,0,0
32397,1000000US170316712001000,0,0,0,0,0,0,0,0,0,0,0,0,0,0,0,0,0,0
32398,1000000US170316712001001,6,0,6,0,0,0,0,6,0,0,6,0,3,3,0,9,0,0
32399,1000000US170316712001002,17,0,17,3,0,0,0,17,0,0,17,3,11,7,4,31,3,0
32400,1000000US170316712001003,0,0,0,0,0,0,0,0,0,0,0,0,0,0,0,0,0,0
32401,1000000US170316712001004,0,0,0,0,0,0,0,0,0,0,0,0,3,0,3,0,0,0
32402,1000000US170316712001005,17,1,16,0,0,0,0,17,0,0,16,0,22,10,12,29,0,0
32403,1000000US170316712001006,59,0,59,0,0,0,0,59,0,0,59,0,26,19,7,83,0,0
32404,1000000US170316712001007,25,0,25,0,0,0,0,25,0,0,25,0,21,13,8,42,0,0
32405,1000000US170316712001008,26,0,20,5,0,0,5,21,0,5,26,0,11,6,5,37,5,0
32406,1000000US170316712001009,42,0,42,0,0,0,0,42,0,0,42,1,22,16,6,51,0,0
32407,1000000US170316712001010,53,0,52,0,0,0,1,52,0,1,53,1,32,20,12,76,0,0
32408,1000000US170316712001011,67,1,66,0,0,0,0,67,0,0,66,0,40,33,7,95,0,0
32409,1000000US170316712001012,64,0,64,1,0,0,0,64,0,0,64,1,34,26,8,91,1,0
32410,1000000US170316712001013,5,0,5,0,0,0,0,5,0,0,5,0,9,4,5,9,0,0
32411,1000000US170316712002000,0,0,0,0,0,0,0,0,0,0,0,0,0,0,0,0,0,0
32412,1000000US170316712002001,0,0,0,0,0,0,0,0,0,0,0,0,0,0,0,0,0,0
32413,1000000US170316712002002,37,1,36,0,0,0,0,37,0,0,36,0,15,15,0,46,0,0
32414,1000000US170316712002003,27,0,27,0,0,0,0,27,0,0,27,0,12,9,3,44,0,0
32415,1000000US170316712002004,55,0,55,0,0,0,0,55,0,0,55,0,36,26,10,80,0,0
32416,1000000US170316712002005,21,0,21,0,0,0,0,21,0,0,21,0,21,11,10,31,0,0
32417,1000000US170316712002006,31,0,31,0,0,0,0,31,0,0,31,0,13,9,4,58,0,0
32418,1000000US170316712002007,41,0,41,0,0,0,0,41,0,0,41,0,24,21,3,54,0,0
32419,1000000US170316712002008,51,0,51,0,0,0,1,50,0,1,51,0,21,20,1,85,0,1
32420,1000000US170316712002009,49,0,49,0,0,0,0,49,0,0,49,0,23,17,6,64,0,0
32421,1000000US170316712002010,33,0,33,0,0,0,0,33,0,0,33,1,12,11,1,57,0,0
32422,1000000US170316712002011,29,0,29,0,0,0,0,29,0,0,29,0,26,14,12,43,0,0
32423,1000000US170316712002012,55,0,55,0,0,0,0,55,0,0,55,0,31,25,6,75,0,0
32424,1000000US170316712002013,37,1,36,0,0,0,0,37,0,0,36,2,21,18,3,62,0,0
32425,1000000US170316713001000,2,0,2,0,0,0,0,2,0,0,2,0,2,2,0,2,0,0
32426,1000000US170316713001001,2,0,2,0,0,0,0,2,0,0,2,0,1,1,0,3,0,0
32427,1000000US170316713001002,4,0,4,0,0,0,0,4,0,0,4,0,2,1,1,5,0,0
32428,1000000US170316713001003,2,0,1,0,0,0,1,1,0,1,2,0,2,1,1,2,0,0
32429,1000000US170316713001004,18,0,16,0,0,0,2,16,0,2,18,0,12,8,4,21,0,0
32430,1000000US170316713001005,41,0,41,0,0,0,0,41,0,0,41,0,13,10,3,52,0,0
32431,1000000US170316713001006,37,0,37,0,0,0,0,37,0,0,37,1,20,13,7,64,0,0
32432,1000000US170316713001007,47,0,47,0,0,0,0,47,0,0,47,0,23,21,2,73,0,0
32433,1000000US170316713001008,43,0,43,0,0,0,0,43,0,0,43,0,19,13,6,58,0,0
32434,1000000US170316713001009,15,0,15,0,0,0,0,15,0,0,15,0,8,5,3,17,0,0
32435,1000000US170316713001010,33,0,33,0,0,0,0,33,0,0,33,0,14,10,4,45,0,0
32436,1000000US170316713001011,38,0,38,0,0,0,0,38,0,0,38,0,19,15,4,53,0,0
32437,1000000US170316713001012,34,0,33,0,0,0,0,34,0,0,34,1,24,17,7,45,0,0
32438,1000000US170316713001013,61,1,60,0,0,0,0,61,0,0,60,0,23,21,2,86,0,0
32439,1000000US170316713001014,46,0,46,0,0,0,0,46,0,0,46,1,17,17,0,69,0,0
32440,1000000US170316713001015,40,0,40,1,0,0,0,40,0,0,40,1,23,17,6,68,0,0
32441,1000000US170316713001016,51,0,49,0,0,0,1,50,0,1,51,0,29,21,8,72,0,0
32442,1000000US170316713001017,40,0,40,0,0,0,0,40,0,0,40,0,22,19,3,50,0,0
32443,1000000US170316713001018,30,0,30,0,0,0,0,30,0,0,30,0,12,10,2,38,0,0
32444,1000000US170316713001019,67,3,61,1,0,0,5,62,0,5,64,3,21,20,1,99,1,2
32445,1000000US170316713001020,50,0,50,0,0,0,0,50,0,0,50,0,27,23,4,74,0,0
32446,1000000US170316713001021,44,0,44,0,0,0,0,44,0,0,44,0,24,19,5,62,0,0
32447,1000000US170316713001022,58,0,58,0,0,0,1,57,0,1,58,1,31,22,9,84,0,1
32448,1000000US170316713001023,39,0,39,0,0,0,0,39,0,0,39,0,21,19,2,67,0,0
32449,1000000US170316713001024,53,0,53,0,0,0,0,53,0,0,53,0,21,19,2,76,0,0
32450,1000000US170316713001025,41,0,41,0,0,0,0,41,0,0,41,0,23,17,6,65,0,0
32451,1000000US170316713001026,0,0,0,0,0,0,0,0,0,0,0,0,0,0,0,0,0,0
32452,1000000US170316713002000,44,0,43,0,0,0,0,44,0,0,44,2,17,14,3,58,0,0
32453,1000000US170316713002001,45,1,44,0,0,0,0,45,0,0,44,0,16,16,0,81,0,0
32454,1000000US170316713002002,71,2,68,1,0,0,0,71,0,0,69,4,36,29,7,99,1,0
32455,1000000US170316713002003,30,0,30,0,0,0,0,30,0,0,30,0,16,15,1,46,0,0
32456,1000000US170316713002004,20,1,17,0,0,0,2,18,0,2,19,0,16,10,6,29,0,0
32457,1000000US170316713002005,12,0,12,0,0,0,0,12,0,0,12,0,13,7,6,21,0,0
32458,1000000US170316713002006,24,0,24,0,0,0,0,24,0,0,24,0,17,9,8,33,0,0
32459,1000000US170316713002007,23,0,23,0,0,0,1,22,0,1,23,0,10,8,2,35,0,1
32460,1000000US170316713002008,28,0,28,0,0,0,0,28,0,0,28,0,19,12,7,45,0,0
32461,1000000US170316713002009,22,0,22,0,0,0,0,22,0,0,22,0,15,6,9,30,0,0
32462,1000000US170316713002010,36,0,36,0,0,0,0,36,0,0,36,0,16,12,4,44,0,0
32463,1000000US170316713002011,19,0,19,0,0,0,0,19,0,0,19,0,16,5,11,24,0,0
32464,1000000US170316713002012,36,0,34,0,0,0,3,33,0,3,36,0,21,17,4,45,0,1
32465,1000000US170316713002013,42,1,41,0,0,0,0,42,0,0,41,0,18,16,2,55,0,0
32466,1000000US170316713002014,24,0,24,0,0,0,0,24,0,0,24,0,9,9,0,29,0,0
32467,1000000US170316713002015,10,0,10,0,0,0,0,10,0,0,10,0,6,6,0,13,0,0
32468,1000000US170316713003000,49,0,42,4,0,0,4,45,0,4,49,2,32,18,14,66,4,0
32469,1000000US170316713003001,20,0,20,0,0,0,0,20,0,0,20,0,16,9,7,34,0,0
32470,1000000US170316713003002,69,0,69,0,0,0,0,69,0,0,69,0,32,30,2,99,0,0
32471,1000000US170316713003003,47,0,47,0,0,0,0,47,0,0,47,0,17,15,2,66,0,0
32472,1000000US170316713003004,0,0,0,0,0,0,0,0,0,0,0,0,0,0,0,0,0,0
32473,1000000US170316713003005,6,0,6,0,0,0,0,6,0,0,6,0,9,5,4,9,0,0
32474,1000000US170316713003006,11,0,11,0,0,0,0,11,0,0,11,0,7,6,1,13,0,0
32475,1000000US170316713003007,29,0,29,0,0,0,0,29,0,0,29,0,14,13,1,36,0,0
32476,1000000US170316713003008,30,0,29,0,0,0,1,29,0,1,30,0,15,12,3,37,0,0
32477,1000000US170316713003009,19,0,19,0,0,0,0,19,0,0,19,0,14,9,5,24,0,0
32478,1000000US170316713003010,38,0,38,0,0,0,0,38,0,0,38,0,13,13,0,54,0,0
32479,1000000US170316713003011,32,0,32,0,0,0,0,32,0,0,32,0,13,10,3,47,0,0
32480,1000000US170316713003012,28,0,28,0,0,0,0,28,0,0,28,0,14,11,3,38,0,0
32481,1000000US170316713003013,52,1,51,0,0,0,0,52,0,0,51,0,20,18,2,81,0,0
32482,1000000US170316713003014,30,0,30,0,0,0,0,30,0,0,30,0,14,12,2,47,0,0
32483,1000000US170316713003015,0,0,0,0,0,0,0,0,0,0,0,0,0,0,0,0,0,0
32484,1000000US170316713003016,0,0,0,0,0,0,0,0,0,0,0,0,0,0,0,0,0,0
32485,1000000US170316714001000,0,0,0,0,0,0,0,0,0,0,0,0,0,0,0,0,0,0
32486,1000000US170316714001001,2,0,2,0,0,0,0,2,0,0,2,0,3,1,2,2,0,0
32487,1000000US170316714001002,46,1,44,1,0,0,1,45,0,1,45,1,28,28,0,75,1,0
32488,1000000US170316714001003,0,0,0,0,0,0,0,0,0,0,0,0,0,0,0,0,0,0
32489,1000000US170316714001004,1,0,1,0,0,0,0,1,0,0,1,0,1,1,0,3,0,0
32490,1000000US170316714001005,0,0,0,0,0,0,0,0,0,0,0,0,0,0,0,0,0,0
32491,1000000US170316714001006,0,0,0,0,0,0,0,0,0,0,0,0,0,0,0,0,0,0
32492,1000000US170316714001007,41,0,41,0,0,0,0,41,0,0,41,0,19,17,2,54,0,0
32493,1000000US170316714001008,21,0,20,0,0,0,1,20,0,1,21,0,11,9,2,40,0,0
32494,1000000US170316714001009,50,0,50,0,0,0,0,50,0,0,50,0,16,16,0,73,0,0
32495,1000000US170316714001010,42,0,41,1,0,0,0,42,0,0,42,0,17,16,1,50,1,0
32496,1000000US170316714001011,15,0,15,0,0,0,0,15,0,0,15,0,10,7,3,30,0,0
32497,1000000US170316714001012,35,0,35,0,0,0,0,35,0,0,35,0,16,12,4,49,0,0
32498,1000000US170316714001013,18,0,18,0,0,0,0,18,0,0,18,0,8,6,2,23,0,0
32499,1000000US170316714001014,12,0,12,0,0,0,0,12,0,0,12,0,10,6,4,13,0,0
32500,1000000US170316714001015,59,0,59,0,0,0,0,59,0,0,59,0,15,11,4,83,0,0
32501,1000000US170316714001016,31,0,31,0,0,0,0,31,0,0,31,0,18,13,5,36,0,0
32502,1000000US170316714001017,60,0,60,0,0,0,0,60,0,0,60,0,22,20,2,80,0,0
32503,1000000US170316714001018,55,0,42,0,0,0,15,40,0,15,55,2,19,17,2,77,0,3
32504,1000000US170316714001019,36,0,36,0,0,0,0,36,0,0,36,0,15,13,2,57,0,0
32505,1000000US170316714001020,49,0,47,0,0,0,2,47,0,2,49,1,19,18,1,72,0,0
32506,1000000US170316714001021,0,0,0,0,0,0,0,0,0,0,0,0,0,0,0,0,0,0
32507,1000000US170316714001022,53,0,53,0,0,0,0,53,0,0,53,0,25,21,4,84,0,0
32508,1000000US170316714001023,36,0,36,0,0,0,0,36,0,0,36,0,24,16,8,45,0,0
32509,1000000US170316714001024,55,0,55,0,0,0,0,55,0,0,55,0,19,19,0,65,0,0
32510,1000000US170316714001025,0,0,0,0,0,0,0,0,0,0,0,0,0,0,0,0,0,0
32511,1000000US170316714001026,43,1,42,0,0,0,0,43,0,0,42,0,20,19,1,74,0,0
32512,1000000US170316714002000,28,0,28,0,0,0,0,28,0,0,28,0,12,11,1,41,0,0
32513,1000000US170316714002001,58,0,54,0,0,0,4,54,0,4,58,0,22,20,2,77,0,0
32514,1000000US170316714002002,62,0,61,0,0,0,1,61,0,1,62,0,23,22,1,78,0,0
32515,1000000US170316714002003,41,0,35,0,0,0,6,35,0,6,41,1,16,16,0,71,0,0
32516,1000000US170316714002004,41,0,40,0,2,0,1,40,0,1,41,2,21,18,3,53,0,0
32517,1000000US170316714002005,20,0,17,0,0,0,3,17,0,3,20,0,6,6,0,24,0,0
32518,1000000US170316714002006,0,0,0,0,0,0,0,0,0,0,0,0,0,0,0,0,0,0
32519,1000000US170316714002007,0,0,0,0,0,0,0,0,0,0,0,0,0,0,0,0,0,0
32520,1000000US170316714002008,0,0,0,0,0,0,0,0,0,0,0,0,0,0,0,0,0,0
32521,1000000US170316714002009,0,0,0,0,0,0,0,0,0,0,0,0,0,0,0,0,0,0
32522,1000000US170316714002010,17,0,17,0,0,0,0,17,0,0,17,0,10,9,1,26,0,0
32523,1000000US170316714002011,20,0,20,0,0,0,1,19,0,1,20,0,9,9,0,24,0,1
32524,1000000US170316714002012,10,0,10,0,0,0,0,10,0,0,10,0,6,6,0,12,0,0
32525,1000000US170316714002013,20,0,20,0,0,0,0,20,0,0,20,0,9,8,1,33,0,0
32526,1000000US170316714002014,40,0,40,0,0,0,0,40,0,0,40,0,21,17,4,55,0,0
32527,1000000US170316714002015,54,0,54,0,0,2,1,53,0,1,54,2,25,23,2,77,0,1
32528,1000000US170316714002016,43,0,43,0,0,0,0,43,0,0,43,0,18,17,1,62,0,0
32529,1000000US170316714002017,57,0,57,0,0,0,0,57,0,0,57,0,17,17,0,78,0,0
32530,1000000US170316714002018,48,1,47,0,0,0,0,48,0,0,47,0,19,17,2,66,0,0
32531,1000000US170316714002019,21,0,21,0,0,0,0,21,0,0,21,0,7,6,1,27,0,0
32532,1000000US170316714002020,22,0,22,0,0,0,0,22,0,0,22,0,9,8,1,39,0,0
32533,1000000US170316714002021,56,0,56,0,0,0,0,56,0,0,56,0,24,18,6,75,0,0
32534,1000000US170316714002022,31,1,30,0,0,0,0,31,0,0,30,0,15,13,2,35,0,0
32535,1000000US170316714002023,27,0,27,0,0,0,0,27,0,0,27,0,8,8,0,34,0,0
32536,1000000US170316715001000,3,0,3,0,0,0,0,3,0,0,3,0,2,2,0,3,0,0
32537,1000000US170316715001001,56,0,56,0,0,0,0,56,0,0,56,0,41,26,15,82,0,0
32538,1000000US170316715001002,68,1,67,0,0,0,1,67,0,1,67,1,39,28,11,96,0,1
32539,1000000US170316715001003,48,0,48,0,0,0,0,48,0,0,48,0,22,17,5,64,0,0
32540,1000000US170316715001004,51,0,51,2,0,0,0,51,0,0,51,2,29,25,4,73,2,0
32541,1000000US170316715001005,54,0,54,0,0,0,0,54,0,0,54,0,23,20,3,67,0,0
32542,1000000US170316715001006,43,0,43,0,0,0,0,43,0,0,43,0,24,22,2,76,0,0
32543,1000000US170316715001007,38,0,38,0,0,0,0,38,0,0,38,0,20,18,2,62,0,0
32544,1000000US170316715001008,7,0,7,0,0,0,0,7,0,0,7,0,7,4,3,8,0,0
32545,1000000US170316715001009,0,0,0,0,0,0,0,0,0,0,0,0,0,0,0,0,0,0
32546,1000000US170316715001010,36,0,36,0,0,0,0,36,0,0,36,0,16,14,2,41,0,0
32547,1000000US170316715001011,10,0,10,0,0,0,0,10,0,0,10,0,5,4,1,16,0,0
32548,1000000US170316715001012,3,0,3,1,0,0,0,3,0,0,3,1,1,1,0,3,1,0
32549,1000000US170316715001013,28,0,28,0,0,0,0,28,0,0,28,0,20,15,5,37,0,0
32550,1000000US170316715001014,51,0,51,0,0,0,0,51,0,0,51,1,29,24,5,59,0,0
32551,1000000US170316715001015,13,0,13,0,0,0,0,13,0,0,13,0,12,6,6,19,0,0
32552,1000000US170316715001016,0,0,0,0,0,0,0,0,0,0,0,0,0,0,0,0,0,0
32553,1000000US170316715001017,0,0,0,0,0,0,0,0,0,0,0,0,0,0,0,0,0,0
32554,1000000US170316715001018,19,0,19,0,0,0,2,17,0,2,19,1,12,6,6,27,0,2
32555,1000000US170316715002000,2,0,2,0,0,0,0,2,0,0,2,0,2,1,1,5,0,0
32556,1000000US170316715002001,36,0,36,0,0,0,0,36,0,0,36,0,21,17,4,55,0,0
32557,1000000US170316715002002,0,0,0,0,0,0,0,0,0,0,0,0,0,0,0,0,0,0
32558,1000000US170316715002003,0,0,0,0,0,0,0,0,0,0,0,0,2,0,2,0,0,0
32559,1000000US170316715002004,37,0,37,0,0,0,0,37,0,0,37,0,12,12,0,65,0,0
32560,1000000US170316715002005,32,0,24,0,0,0,8,24,0,8,32,0,17,12,5,39,0,0
32561,1000000US170316715002006,0,0,0,0,0,0,0,0,0,0,0,0,0,0,0,0,0,0
32562,1000000US170316715002007,26,0,26,0,0,0,0,26,0,0,26,0,21,14,7,42,0,0
32563,1000000US170316715002008,46,1,45,0,0,0,1,45,0,1,45,2,30,25,5,71,0,1
32564,1000000US170316715002009,53,0,50,0,0,0,3,50,0,3,53,0,28,21,7,68,0,0
32565,1000000US170316715002010,48,1,47,0,0,0,0,48,0,0,47,1,35,21,14,75,0,0
32566,1000000US170316715002011,44,2,42,0,0,0,0,44,0,0,42,0,30,19,11,63,0,0
32567,1000000US170316715002012,4,0,4,0,0,0,0,4,0,0,4,0,3,2,1,7,0,0
32568,1000000US170316715002013,41,2,39,0,0,0,0,41,0,0,39,0,20,16,4,74,0,0
32569,1000000US170316715002014,14,0,14,0,0,0,0,14,0,0,14,0,7,7,0,25,0,0
32570,1000000US170316715002015,0,0,0,0,0,0,0,0,0,0,0,0,0,0,0,0,0,0
32571,1000000US170316715002016,0,0,0,0,0,0,0,0,0,0,0,0,0,0,0,0,0,0
32572,1000000US170316715002017,28,1,27,0,0,0,0,28,0,0,27,1,9,9,0,40,0,0
32573,1000000US170316715002018,23,0,23,0,0,0,0,23,0,0,23,0,12,11,1,26,0,0
32574,1000000US170316715002019,20,0,20,0,0,0,0,20,0,0,20,0,7,7,0,28,0,0
32575,1000000US170316715002020,45,1,44,0,0,0,0,45,0,0,44,0,19,12,7,55,0,0
32576,1000000US170316715002021,50,0,50,0,0,0,1,49,0,1,50,0,22,17,5,60,0,1
32577,1000000US170316715002022,29,0,29,0,0,0,0,29,0,0,29,0,13,12,1,41,0,0
32578,1000000US170316715002023,40,0,40,0,0,0,0,40,0,0,40,0,16,14,2,75,0,0
32579,1000000US170316715002024,45,0,44,0,0,0,1,44,0,1,45,0,19,15,4,94,0,0
32580,1000000US170316715002025,33,0,28,0,0,0,2,31,0,2,33,0,21,12,9,54,0,0
32581,1000000US170316715002026,42,0,42,6,0,0,0,42,0,0,42,6,17,15,2,55,5,0
32582,1000000US170316715002027,41,0,40,1,0,0,0,41,0,0,41,1,16,14,2,55,1,0
32583,1000000US170316715002028,39,0,39,0,0,0,0,39,0,0,39,0,24,22,2,43,0,0
32584,1000000US170316715002029,40,0,40,0,0,0,0,40,0,0,40,0,25,14,11,60,0,0
32585,1000000US170316715002030,22,0,22,0,0,0,0,22,0,0,22,0,10,9,1,30,0,0
32586,1000000US170316715002031,17,0,16,0,1,0,0,17,0,0,17,0,10,9,1,34,0,0
32587,1000000US170316715002032,43,0,42,0,0,0,1,42,0,1,43,0,15,14,1,66,0,0
32588,1000000US170316715003000,0,0,0,0,0,0,0,0,0,0,0,0,0,0,0,0,0,0
32589,1000000US170316715003001,26,0,26,0,0,0,1,25,0,1,26,0,16,11,5,36,0,1
32590,1000000US170316715003002,28,0,28,0,0,0,0,28,0,0,28,0,20,13,7,35,0,0
32591,1000000US170316715003003,20,0,20,0,0,0,0,20,0,0,20,0,18,9,9,26,0,0
32592,1000000US170316715003004,39,0,39,0,0,0,0,39,0,0,39,0,27,17,10,58,0,0
32593,1000000US170316715003005,28,0,27,0,0,0,1,27,0,1,28,0,15,10,5,39,0,0
32594,1000000US170316715003006,27,0,24,0,0,0,3,24,0,3,27,0,14,12,2,44,0,0
32595,1000000US170316715003007,35,0,35,0,0,0,1,34,0,1,35,0,29,15,14,43,0,1
32596,1000000US170316715003008,0,0,0,0,0,0,0,0,0,0,0,0,0,0,0,0,0,0
32597,1000000US170316715003009,5,1,4,0,0,0,0,5,0,0,4,0,13,3,10,6,0,0
32598,1000000US170316715003010,4,0,4,0,0,0,0,4,0,0,4,0,6,3,3,7,0,0
32599,1000000US170316715003011,18,0,18,0,0,0,0,18,0,0,18,3,7,5,2,24,0,0
32600,1000000US170316715003012,2,0,2,0,0,0,0,2,0,0,2,0,2,1,1,2,0,0
32601,1000000US170316715003013,0,0,0,0,0,0,0,0,0,0,0,0,0,0,0,0,0,0
32602,1000000US170316715003014,17,0,17,0,0,0,0,17,0,0,17,0,6,6,0,18,0,0
32603,1000000US170316715003015,0,0,0,0,0,0,0,0,0,0,0,0,0,0,0,0,0,0
32604,1000000US170316715003016,36,0,36,0,0,0,0,36,0,0,36,0,20,19,1,51,0,0
32605,1000000US170316715003017,36,0,36,0,0,0,0,36,0,0,36,0,15,14,1,49,0,0
32606,1000000US170316715003018,23,0,23,0,0,0,0,23,0,0,23,0,13,10,3,30,0,0
32607,1000000US170316715003019,9,0,9,0,0,0,0,9,0,0,9,0,6,3,3,15,0,0
32608,1000000US170316715003020,0,0,0,0,0,0,0,0,0,0,0,0,0,0,0,0,0,0
32609,1000000US170316715003021,7,0,7,0,0,0,0,7,0,0,7,0,4,3,1,7,0,0
32610,1000000US170316715003022,35,0,35,0,0,0,2,33,0,2,35,0,17,14,3,43,0,2
32611,1000000US170316715003023,30,0,30,0,0,0,0,30,0,0,30,0,18,15,3,48,0,0
32612,1000000US170316715003024,28,0,28,0,0,0,0,28,0,0,28,0,12,12,0,35,0,0
32613,1000000US170316715003025,33,0,33,0,0,0,0,33,0,0,33,0,15,12,3,56,0,0
32614,1000000US170316715003026,41,0,41,0,0,0,0,41,0,0,41,0,22,20,2,46,0,0
32615,1000000US170316715003027,18,0,18,0,0,0,0,18,0,0,18,0,13,7,6,23,0,0
32616,1000000US170316715003028,60,0,59,0,0,0,1,59,0,1,60,0,21,19,2,78,0,0
32617,1000000US170316715003029,36,0,36,0,0,0,0,36,0,0,36,0,21,18,3,64,0,0
32618,1000000US170316715003030,30,0,30,0,0,0,0,30,0,0,30,0,16,12,4,43,0,0
32619,1000000US170316715003031,3,1,2,0,0,0,0,3,0,0,2,0,0,0,0,3,0,0
32620,1000000US170316715003032,22,0,22,0,0,0,0,22,0,0,22,0,12,12,0,30,0,0
32621,1000000US170316715003033,26,0,26,0,0,0,0,26,0,0,26,0,13,12,1,44,0,0
32622,1000000US170316715003034,26,2,21,0,0,0,0,26,0,0,24,0,10,8,2,40,0,0
32623,1000000US170316715003035,29,0,29,0,0,0,0,29,0,0,29,0,9,8,1,40,0,0
32624,1000000US170316716001000,30,0,30,3,0,0,0,30,0,0,30,3,16,12,4,41,3,0
32625,1000000US170316716001001,56,0,56,0,0,0,0,56,0,0,56,0,35,26,9,75,0,0
32626,1000000US170316716001002,55,0,55,0,0,0,0,55,0,0,55,2,21,19,2,77,0,0
32627,1000000US170316716001003,30,0,30,0,0,0,0,30,0,0,30,0,23,13,10,50,0,0
32628,1000000US170316716001004,38,0,38,0,0,0,1,37,0,1,38,0,23,17,6,59,0,1
32629,1000000US170316716001005,54,0,54,0,0,0,0,54,0,0,54,0,34,31,3,72,0,0
32630,1000000US170316716001006,12,0,12,0,0,0,0,12,0,0,12,0,8,6,2,17,0,0
32631,1000000US170316716001007,33,0,33,0,0,0,0,33,0,0,33,0,19,14,5,53,0,0
32632,1000000US170316716001008,36,0,36,0,0,0,0,36,0,0,36,0,14,13,1,49,0,0
32633,1000000US170316716001009,36,0,36,0,0,0,0,36,0,0,36,0,23,19,4,60,0,0
32634,1000000US170316716001010,34,1,33,0,0,0,0,34,0,0,33,0,17,13,4,41,0,0
32635,1000000US170316716001011,26,0,22,4,0,0,0,26,0,0,26,0,21,15,6,41,4,0
32636,1000000US170316716001012,37,0,37,0,0,0,0,37,0,0,37,0,27,19,8,52,0,0
32637,1000000US170316716001013,25,0,25,0,0,0,0,25,0,0,25,0,18,16,2,47,0,0
32638,1000000US170316716001014,29,1,28,0,0,0,0,29,0,0,28,0,20,14,6,43,0,0
32639,1000000US170316716001015,33,1,32,0,0,0,0,33,0,0,32,0,12,10,2,44,0,0
32640,1000000US170316716001016,182,2,180,2,0,0,1,181,0,1,180,2,89,82,7,183,2,1
32641,1000000US170316716001017,6,0,6,0,0,0,0,6,0,0,6,0,7,4,3,10,0,0
32642,1000000US170316716002000,28,0,28,1,0,0,0,28,0,0,28,1,10,10,0,45,1,0
32643,1000000US170316716002001,0,0,0,0,0,0,0,0,0,0,0,0,0,0,0,0,0,0
32644,1000000US170316716002002,0,0,0,0,0,0,0,0,0,0,0,0,0,0,0,0,0,0
32645,1000000US170316716002003,0,0,0,0,0,0,0,0,0,0,0,0,0,0,0,0,0,0
32646,1000000US170316716002004,21,0,21,0,0,0,0,21,0,0,21,0,15,10,5,31,0,0
32647,1000000US170316716002005,26,0,26,0,0,0,0,26,0,0,26,0,21,12,9,42,0,0
32648,1000000US170316716002006,38,0,38,0,0,0,0,38,0,0,38,0,25,20,5,49,0,0
32649,1000000US170316716002007,30,0,29,0,0,0,1,29,0,1,30,0,22,16,6,50,0,0
32650,1000000US170316716002008,26,0,26,0,0,0,0,26,0,0,26,0,13,10,3,32,0,0
32651,1000000US170316716002009,21,0,21,2,0,0,0,21,0,0,21,2,17,9,8,26,0,0
32652,1000000US170316716002010,35,1,34,0,0,0,1,34,0,1,34,0,12,12,0,54,0,1
32653,1000000US170316716002011,37,0,37,0,0,0,1,36,0,1,37,0,25,19,6,48,0,1
32654,1000000US170316716002012,30,0,30,0,0,0,0,30,0,0,30,0,13,11,2,34,0,0
32655,1000000US170316716002013,47,0,47,0,0,0,0,47,0,0,47,0,21,19,2,59,0,0
32656,1000000US170316716002014,35,0,35,0,0,0,0,35,0,0,35,0,21,16,5,49,0,0
32657,1000000US170316716002015,46,0,46,0,0,0,0,46,0,0,46,0,25,20,5,69,0,0
32658,1000000US170316716002016,53,1,52,0,0,0,1,52,0,1,52,0,28,19,9,65,0,1
32659,1000000US170316716002017,41,0,41,0,0,0,0,41,0,0,41,0,20,14,6,54,0,0
32660,1000000US170316716002018,9,0,9,0,0,0,0,9,0,0,9,0,8,7,1,14,0,0
32661,1000000US170316716002019,11,0,11,0,0,0,0,11,0,0,11,0,5,5,0,11,0,0
32662,1000000US170316716002020,14,0,14,0,0,0,0,14,0,0,14,0,7,7,0,23,0,0
32663,1000000US170316716002021,35,0,35,0,0,0,0,35,0,0,35,1,13,11,2,44,0,0
32664,1000000US170316716002022,20,0,20,0,0,0,0,20,0,0,20,0,8,8,0,28,0,0
32665,1000000US170316716002023,31,0,31,0,0,0,0,31,0,0,31,0,11,11,0,44,0,0
32666,1000000US170316716003000,58,0,58,0,0,0,0,58,0,0,58,0,29,22,7,87,0,0
32667,1000000US170316716003001,21,0,21,0,0,0,0,21,0,0,21,0,13,10,3,27,0,0
32668,1000000US170316716003002,52,0,52,0,0,0,1,51,0,1,52,0,26,24,2,82,0,1
32669,1000000US170316716003003,17,0,17,0,0,0,0,17,0,0,17,0,19,11,8,28,0,0
32670,1000000US170316716003004,0,0,0,0,0,0,0,0,0,0,0,0,0,0,0,0,0,0
32671,1000000US170316716003005,16,0,16,0,0,0,0,16,0,0,16,0,10,9,1,23,0,0
32672,1000000US170316716003006,31,0,29,0,0,0,2,29,0,2,31,0,20,11,9,34,0,0
32673,1000000US170316716003007,11,0,11,0,0,0,0,11,0,0,11,0,3,3,0,18,0,0
32674,1000000US170316716003008,6,0,6,0,0,0,0,6,0,0,6,0,4,2,2,6,0,0
32675,1000000US170316716003009,1,0,1,0,0,0,0,1,0,0,1,0,2,1,1,1,0,0
32676,1000000US170316716003010,22,0,21,1,0,0,0,22,0,0,22,0,19,14,5,44,1,0
32677,1000000US170316716003011,32,0,30,0,0,0,2,30,0,2,32,0,27,19,8,49,0,0
32678,1000000US170316716003012,32,0,31,1,0,0,2,30,0,2,32,0,22,16,6,56,1,2
32679,1000000US170316716003013,52,4,46,1,0,0,2,50,0,2,48,5,15,14,1,71,1,0
32680,1000000US170316716003014,14,0,13,0,0,0,0,14,0,0,14,0,20,8,12,26,0,0
32681,1000000US170316716003015,24,0,24,0,0,0,0,24,0,0,24,0,20,13,7,53,0,0
32682,1000000US170316716003016,3,0,3,0,0,0,0,3,0,0,3,0,2,2,0,4,0,0
32683,1000000US170316716003017,1,0,1,0,0,0,0,1,0,0,1,0,2,1,1,1,0,0
32684,1000000US170316716003018,0,0,0,0,0,0,0,0,0,0,0,0,0,0,0,0,0,0
32685,1000000US170316718001000,63,0,61,0,0,0,2,61,0,2,63,0,30,20,10,101,0,0
32686,1000000US170316718001001,28,0,28,0,0,0,0,28,0,0,28,0,13,11,2,38,0,0
32687,1000000US170316718001002,17,0,17,0,0,0,0,17,0,0,17,0,9,7,2,23,0,0
32688,1000000US170316718001003,1,0,1,0,0,0,0,1,0,0,1,0,3,1,2,4,0,0
32689,1000000US170316718001004,20,1,19,0,0,0,0,20,0,0,19,0,10,10,0,30,0,0
32690,1000000US170316718001005,56,0,56,0,0,0,0,56,0,0,56,0,24,17,7,78,0,0
32691,1000000US170316718001006,27,0,27,0,0,0,1,26,0,1,27,0,10,9,1,37,0,1
32692,1000000US170316718001007,29,0,29,0,0,0,0,29,0,0,29,0,12,10,2,34,0,0
32693,1000000US170316718001008,43,0,43,0,0,0,0,43,0,0,43,0,21,12,9,59,0,0
32694,1000000US170316718001009,55,0,54,1,1,0,0,55,0,0,55,3,24,22,2,78,0,0
32695,1000000US170316718001010,33,0,23,0,0,0,10,23,0,10,33,0,18,11,7,44,0,0
32696,1000000US170316718001011,17,0,17,0,0,0,0,17,0,0,17,0,12,12,0,24,0,0
32697,1000000US170316718001012,65,1,64,0,0,0,0,65,0,0,64,0,29,26,3,103,0,0
32698,1000000US170316718001013,0,0,0,0,0,0,0,0,0,0,0,0,0,0,0,0,0,0
32699,1000000US170316718001014,0,0,0,0,0,0,0,0,0,0,0,0,1,0,1,0,0,0
32700,1000000US170316718001015,44,0,44,0,0,0,2,42,0,2,44,0,27,20,7,74,0,2
32701,1000000US170316718001016,24,0,24,0,0,0,0,24,0,0,24,0,12,10,2,36,0,0
32702,1000000US170316718001017,36,0,36,0,0,0,0,36,0,0,36,0,15,12,3,47,0,0
32703,1000000US170316718001018,51,1,50,0,0,0,0,51,0,0,50,2,28,21,7,82,0,0
32704,1000000US170316718001019,0,0,0,0,0,0,0,0,0,0,0,0,0,0,0,0,0,0
32705,1000000US170316718001020,0,0,0,0,0,0,0,0,0,0,0,0,0,0,0,0,0,0
32706,1000000US170316718001021,40,0,40,0,0,0,0,40,0,0,40,0,30,22,8,48,0,0
32707,1000000US170316718001022,43,0,43,0,0,0,1,42,0,1,43,0,13,12,1,53,0,1
32708,1000000US170316718001023,25,0,25,0,0,0,1,24,0,1,25,0,15,11,4,40,0,1
32709,1000000US170316718001024,38,0,38,0,0,0,0,38,0,0,38,0,22,19,3,57,0,0
32710,1000000US170316718001025,50,1,46,0,0,0,3,47,0,3,49,0,23,20,3,70,0,0
32711,1000000US170316718001026,28,0,28,0,0,0,0,28,0,0,28,0,13,10,3,38,0,0
32712,1000000US170316718001027,2,0,2,2,0,0,0,2,0,0,2,2,1,1,0,3,2,0
32713,1000000US170316718001028,41,0,41,0,0,0,0,41,0,0,41,0,22,18,4,52,0,0
32714,1000000US170316718001029,5,0,5,0,0,0,0,5,0,0,5,0,1,1,0,6,0,0
32715,1000000US170316718001030,5,0,5,0,0,0,0,5,0,0,5,0,5,2,3,5,0,0
32716,1000000US170316718001031,36,0,36,0,0,0,2,34,0,2,36,0,14,14,0,47,0,2
32717,1000000US170316718001032,0,0,0,0,0,0,0,0,0,0,0,0,0,0,0,0,0,0
32718,1000000US170316718001033,33,0,30,1,0,0,2,31,0,2,33,0,20,15,5,52,1,0
32719,1000000US170316718001034,47,1,46,0,0,0,0,47,0,0,46,1,24,21,3,59,0,0
32720,1000000US170316719001000,44,0,44,0,0,0,0,44,0,0,44,1,19,17,2,57,0,0
32721,1000000US170316719001001,35,0,35,0,0,0,0,35,0,0,35,0,19,17,2,45,0,0
32722,1000000US170316719001002,26,1,25,0,0,0,0,26,0,0,25,2,14,12,2,34,0,0
32723,1000000US170316719001003,0,0,0,0,0,0,0,0,0,0,0,0,0,0,0,0,0,0
32724,1000000US170316719001004,37,0,37,0,0,0,0,37,0,0,37,0,12,12,0,42,0,0
32725,1000000US170316719001005,29,0,29,0,0,0,0,29,0,0,29,0,13,12,1,41,0,0
32726,1000000US170316719001006,25,0,25,0,0,0,0,25,0,0,25,0,8,8,0,29,0,0
32727,1000000US170316719001007,18,0,18,0,0,0,1,17,0,1,18,0,9,7,2,26,0,1
32728,1000000US170316719001008,28,0,28,0,0,0,0,28,0,0,28,0,13,13,0,34,0,0
32729,1000000US170316719001009,33,0,33,0,1,0,0,33,0,0,33,1,12,12,0,49,0,0
32730,1000000US170316719001010,39,0,39,0,0,0,0,39,0,0,39,0,14,13,1,64,0,0
32731,1000000US170316719001011,31,0,31,0,0,0,0,31,0,0,31,0,13,12,1,39,0,0
32732,1000000US170316719001012,27,0,27,0,0,0,0,27,0,0,27,0,9,9,0,43,0,0
32733,1000000US170316719001013,2,0,2,0,0,0,0,2,0,0,2,0,2,1,1,2,0,0
32734,1000000US170316719001014,6,0,6,0,0,0,0,6,0,0,6,0,3,2,1,7,0,0
32735,1000000US170316719001015,19,0,19,0,0,0,0,19,0,0,19,0,6,6,0,22,0,0
32736,1000000US170316719001016,32,0,32,0,0,0,0,32,0,0,32,0,17,15,2,38,0,0
32737,1000000US170316719001017,27,0,27,0,0,0,0,27,0,0,27,0,13,11,2,44,0,0
32738,1000000US170316719001018,29,1,27,2,0,0,1,28,0,1,28,1,14,13,1,56,2,0
32739,1000000US170316719001019,30,0,30,0,0,0,0,30,0,0,30,0,14,13,1,42,0,0
32740,1000000US170316719001020,16,0,16,0,0,0,0,16,0,0,16,0,8,5,3,25,0,0
32741,1000000US170316719001021,19,0,19,0,0,0,0,19,0,0,19,0,6,6,0,25,0,0
32742,1000000US170316719001022,39,0,35,0,0,0,4,35,0,4,39,0,15,14,1,50,0,0
32743,1000000US170316719001023,34,0,34,0,0,0,0,34,0,0,34,0,17,14,3,49,0,0
32744,1000000US170316719001024,38,1,37,1,0,0,0,38,0,0,37,1,13,13,0,56,1,0
32745,1000000US170316719001025,33,0,33,0,0,0,0,33,0,0,33,0,15,10,5,38,0,0
32746,1000000US170316719001026,13,0,13,0,0,0,0,13,0,0,13,0,8,7,1,21,0,0
32747,1000000US170316719001027,0,0,0,0,0,0,0,0,0,0,0,0,3,0,3,0,0,0
32748,1000000US170316719001028,0,0,0,0,0,0,0,0,0,0,0,0,0,0,0,0,0,0
32749,1000000US170316719001029,25,0,25,4,0,0,1,24,0,1,25,4,9,8,1,29,0,1
32750,1000000US170316719001030,38,0,38,0,0,0,0,38,0,0,38,0,14,13,1,55,0,0
32751,1000000US170316719001031,33,0,33,0,0,0,0,33,0,0,33,0,15,14,1,52,0,0
32752,1000000US170316719001032,32,0,32,0,0,0,0,32,0,0,32,0,14,12,2,45,0,0
32753,1000000US170316719001033,28,0,27,0,0,0,1,27,0,1,28,0,12,12,0,39,0,0
32754,1000000US170316719001034,19,0,19,0,0,0,0,19,0,0,19,0,10,10,0,27,0,0
32755,1000000US170316719001035,21,0,21,0,0,0,0,21,0,0,21,1,10,10,0,25,0,0
32756,1000000US170316719001036,31,0,31,0,0,0,0,31,0,0,31,0,12,10,2,45,0,0
32757,1000000US170316719001037,20,0,20,0,0,0,0,20,0,0,20,1,12,9,3,26,0,0
32758,1000000US170316719001038,5,0,5,0,0,0,0,5,0,0,5,0,4,3,1,10,0,0
32759,1000000US170316719001039,21,0,21,0,0,0,0,21,0,0,21,0,11,9,2,30,0,0
32760,1000000US170316719001040,12,0,12,0,0,0,0,12,0,0,12,0,4,4,0,14,0,0
32761,1000000US170316719001041,3,0,3,0,0,0,0,3,0,0,3,0,1,1,0,3,0,0
32762,1000000US170316719001042,0,0,0,0,0,0,0,0,0,0,0,0,0,0,0,0,0,0
32763,1000000US170316720001000,12,0,12,0,0,0,0,12,0,0,12,0,6,5,1,17,0,0
32764,1000000US170316720001001,10,0,10,0,0,0,0,10,0,0,10,0,5,5,0,20,0,0
32765,1000000US170316720001002,31,0,31,0,0,0,0,31,0,0,31,1,22,19,3,36,0,0
32766,1000000US170316720001003,32,0,32,0,0,0,0,32,0,0,32,0,18,17,1,40,0,0
32767,1000000US170316720001004,34,0,31,0,0,0,7,27,0,7,34,0,16,11,5,52,0,4
32768,1000000US170316720001005,28,0,28,0,0,0,0,28,0,0,28,1,16,11,5,33,0,0
32769,1000000US170316720001006,25,0,25,0,0,0,0,25,0,0,25,0,14,13,1,35,0,0
32770,1000000US170316720001007,32,1,31,0,0,0,0,32,0,0,31,0,18,13,5,45,0,0
32771,1000000US170316720001008,11,0,11,0,0,0,0,11,0,0,11,1,5,5,0,14,0,0
32772,1000000US170316720001009,3,0,3,0,0,0,0,3,0,0,3,0,3,2,1,4,0,0
32773,1000000US170316720001010,43,0,43,0,0,0,0,43,0,0,43,0,21,19,2,68,0,0
32774,1000000US170316720001011,35,0,35,0,0,0,0,35,0,0,35,0,25,16,9,55,0,0
32775,1000000US170316720001012,47,0,47,0,0,0,0,47,0,0,47,0,25,18,7,62,0,0
32776,1000000US170316720001013,49,0,49,1,0,1,0,49,0,0,49,2,19,17,2,61,1,0
32777,1000000US170316720001014,44,0,42,2,0,0,0,44,0,0,44,0,19,15,4,67,2,0
32778,1000000US170316720001015,23,0,23,0,0,0,0,23,0,0,23,0,8,7,1,32,0,0
32779,1000000US170316720001016,25,0,25,0,0,0,0,25,0,0,25,0,9,8,1,25,0,0
32780,1000000US170316720001017,52,0,52,0,0,0,0,52,0,0,52,0,23,19,4,79,0,0
32781,1000000US170316720001018,67,0,67,1,0,0,0,67,0,0,67,1,25,24,1,91,1,0
32782,1000000US170316720001019,44,0,44,0,0,0,0,44,0,0,44,0,21,17,4,58,0,0
32783,1000000US170316720001020,41,0,41,0,0,0,0,41,0,0,41,0,21,16,5,60,0,0
32784,1000000US170316720002000,29,0,27,0,0,0,2,27,0,2,29,0,12,11,1,43,0,0
32785,1000000US170316720002001,19,0,19,0,0,0,0,19,0,0,19,0,10,8,2,28,0,0
32786,1000000US170316720002002,12,0,12,0,0,0,0,12,0,0,12,0,8,7,1,22,0,0
32787,1000000US170316720002003,55,0,55,0,0,0,0,55,0,0,55,0,18,16,2,80,0,0
32788,1000000US170316720002004,41,0,41,0,0,0,0,41,0,0,41,0,17,15,2,52,0,0
32789,1000000US170316720002005,23,0,23,0,0,0,0,23,0,0,23,0,14,11,3,38,0,0
32790,1000000US170316720002006,24,0,24,0,0,0,2,22,0,2,24,0,13,10,3,47,0,2
32791,1000000US170316720002007,40,1,39,0,0,0,0,40,0,0,39,0,19,16,3,51,0,0
32792,1000000US170316720002008,37,0,37,0,0,0,0,37,0,0,37,0,18,17,1,60,0,0
32793,1000000US170316720002009,44,0,44,0,0,0,0,44,0,0,44,0,19,18,1,59,0,0
32794,1000000US170316720002010,46,0,42,0,0,0,3,43,0,3,46,0,20,20,0,57,0,0
32795,1000000US170316720002011,41,0,37,2,0,0,4,37,0,4,41,5,22,18,4,51,2,0
32796,1000000US170316720002012,61,0,61,0,0,0,0,61,0,0,61,1,23,21,2,75,0,0
32797,1000000US170316720002013,46,0,46,0,0,0,0,46,0,0,46,0,17,17,0,60,0,0
32798,1000000US170316720002014,41,0,39,2,0,0,2,39,0,2,41,2,16,14,2,53,2,0
32799,1000000US170316720002015,0,0,0,0,0,0,0,0,0,0,0,0,0,0,0,0,0,0
32800,1000000US170316720002016,34,0,34,0,0,0,0,34,0,0,34,0,17,13,4,43,0,0
32801,1000000US170316720002017,39,3,32,0,0,0,4,35,0,4,36,2,19,18,1,46,0,0
32802,1000000US170316720002018,38,0,37,0,0,0,1,37,0,1,38,0,17,15,2,47,0,0
32803,1000000US170316720002019,45,0,43,0,0,0,0,45,0,0,45,0,17,16,1,62,0,0
32804,1000000US170316720003000,17,0,17,0,0,0,0,17,0,0,17,1,7,7,0,22,0,0
32805,1000000US170316720003001,15,0,15,0,0,0,0,15,0,0,15,0,6,6,0,16,0,0
32806,1000000US170316720003002,19,0,19,0,0,0,0,19,0,0,19,0,7,7,0,36,0,0
32807,1000000US170316720003003,39,0,39,0,0,0,0,39,0,0,39,0,18,15,3,54,0,0
32808,1000000US170316720003004,32,0,31,0,0,0,1,31,0,1,32,0,14,14,0,48,0,0
32809,1000000US170316720003005,16,0,16,0,0,0,0,16,0,0,16,0,13,8,5,25,0,0
32810,1000000US170316720003006,37,0,37,0,0,0,3,34,0,3,37,1,18,18,0,56,0,3
32811,1000000US170316720003007,48,0,48,0,0,0,0,48,0,0,48,0,13,13,0,80,0,0
32812,1000000US170316720003008,50,0,50,0,0,0,0,50,0,0,50,0,17,17,0,80,0,0
32813,1000000US170316720003009,35,0,35,0,0,0,0,35,0,0,35,0,18,17,1,40,0,0
32814,1000000US170316720003010,30,0,30,0,0,0,0,30,0,0,30,0,15,15,0,38,0,0
32815,1000000US170316720003011,35,0,35,0,0,0,0,35,0,0,35,0,19,19,0,49,0,0
32816,1000000US170316720003012,41,0,41,0,0,0,0,41,0,0,41,0,21,18,3,52,0,0
32817,1000000US170316720003013,56,0,51,0,0,0,5,51,0,5,56,0,21,20,1,80,0,0
32818,1000000US170316720003014,43,0,43,0,0,0,0,43,0,0,43,0,16,16,0,69,0,0
32819,1000000US170316720003015,50,0,50,0,0,0,1,49,0,1,50,0,23,21,2,69,0,1
32820,1000000US170316720003016,38,0,38,0,0,0,0,38,0,0,38,0,17,17,0,60,0,0
32821,1000000US170316720003017,39,0,39,0,0,0,0,39,0,0,39,0,16,16,0,47,0,0
32822,1000000US170316720003018,52,0,52,2,0,0,1,51,0,1,52,2,21,19,2,70,2,1
32823,1000000US170316720003019,50,0,50,0,0,0,0,50,0,0,50,0,23,20,3,73,0,0
32824,1000000US170316720003020,40,0,40,0,0,0,0,40,0,0,40,0,21,20,1,47,0,0
32825,1000000US170316720004000,22,0,22,0,0,0,0,22,0,0,22,0,8,8,0,41,0,0
32826,1000000US170316720004001,32,0,27,0,0,0,5,27,0,5,32,0,13,13,0,53,0,0
32827,1000000US170316720004002,101,0,95,6,1,0,5,96,0,5,101,5,53,47,6,124,3,3
32828,1000000US170316720004003,42,0,40,0,0,0,2,40,0,2,42,0,19,17,2,50,0,0
32829,1000000US170316720004004,32,0,32,0,0,0,0,32,0,0,32,0,17,17,0,51,0,0
32830,1000000US170316720004005,35,0,35,0,0,0,3,32,0,3,35,0,17,16,1,38,0,3
32831,1000000US170316720004006,32,0,32,0,0,0,0,32,0,0,32,0,16,14,2,38,0,0
32832,1000000US170316720004007,148,0,144,2,0,0,3,145,0,3,148,0,67,65,2,198,2,1
32833,1000000US170316720004008,4,0,4,0,0,0,0,4,0,0,4,0,2,2,0,5,0,0
32834,1000000US170316720004009,31,0,30,0,0,0,1,30,0,1,31,0,16,14,2,39,0,0
32835,1000000US170316720004010,39,0,39,0,0,0,0,39,0,0,39,0,21,20,1,45,0,0
32836,1000000US170316720004011,7,0,7,0,0,0,0,7,0,0,7,0,3,3,0,14,0,0
32837,1000000US170316720004012,0,0,0,0,0,0,0,0,0,0,0,0,0,0,0,0,0,0
32838,1000000US170316720004013,0,0,0,0,0,0,0,0,0,0,0,0,0,0,0,0,0,0
32839,1000000US170316805001000,0,0,0,0,0,0,0,0,0,0,0,0,2,0,2,0,0,0
32840,1000000US170316805001001,0,0,0,0,0,0,0,0,0,0,0,0,0,0,0,0,0,0
32841,1000000US170316805001002,45,0,44,0,0,0,1,44,0,1,45,0,23,21,2,59,0,0
32842,1000000US170316805001003,40,0,40,0,0,0,0,40,0,0,40,0,19,19,0,54,0,0
32843,1000000US170316805001004,27,0,26,0,0,0,1,26,0,1,27,0,19,14,5,35,0,0
32844,1000000US170316805001005,26,0,26,0,0,0,0,26,0,0,26,0,18,12,6,32,0,0
32845,1000000US170316805001006,25,0,25,0,0,0,0,25,0,0,25,0,13,13,0,34,0,0
32846,1000000US170316805001007,27,0,27,0,0,0,0,27,0,0,27,0,26,15,11,52,0,0
32847,1000000US170316805001008,44,0,44,0,0,0,0,44,0,0,44,0,22,16,6,66,0,0
32848,1000000US170316805001009,43,0,43,0,0,0,0,43,0,0,43,0,22,17,5,64,0,0
32849,1000000US170316805001010,24,2,22,0,0,0,0,24,0,0,22,0,14,11,3,34,0,0
32850,1000000US170316805001011,8,0,8,0,0,0,1,7,0,1,8,0,3,2,1,10,0,1
32851,1000000US170316805001012,0,0,0,0,0,0,0,0,0,0,0,0,0,0,0,0,0,0
32852,1000000US170316805001013,67,1,66,0,0,0,0,67,0,0,66,1,40,25,15,91,0,0
32853,1000000US170316805002000,0,0,0,0,0,0,0,0,0,0,0,0,0,0,0,0,0,0
32854,1000000US170316805002001,0,0,0,0,0,0,0,0,0,0,0,0,0,0,0,0,0,0
32855,1000000US170316805002002,0,0,0,0,0,0,0,0,0,0,0,0,0,0,0,0,0,0
32856,1000000US170316805002003,61,0,59,0,0,0,2,59,0,2,61,0,40,29,11,86,0,0
32857,1000000US170316805002004,30,0,30,0,0,0,0,30,0,0,30,0,17,16,1,37,0,0
32858,1000000US170316805002005,27,1,26,0,0,0,0,27,0,0,26,0,16,11,5,31,0,0
32859,1000000US170316805002006,19,0,19,0,0,0,0,19,0,0,19,0,15,8,7,27,0,0
32860,1000000US170316805002007,24,0,23,0,0,0,0,24,0,0,24,0,14,13,1,36,0,0
32861,1000000US170316805002008,63,0,59,0,0,0,4,59,0,4,63,0,25,21,4,86,0,0
32862,1000000US170316805002009,33,0,33,0,0,0,0,33,0,0,33,0,18,13,5,47,0,0
32863,1000000US170316805002010,21,0,21,0,0,0,0,21,0,0,21,0,21,10,11,22,0,0
32864,1000000US170316805002011,23,0,23,0,0,0,0,23,0,0,23,0,15,10,5,32,0,0
32865,1000000US170316805002012,33,0,33,0,0,0,0,33,0,0,33,0,11,8,3,38,0,0
32866,1000000US170316805002013,42,0,42,1,0,0,0,42,0,0,42,1,29,19,10,65,1,0
32867,1000000US170316805002014,32,0,32,0,0,0,0,32,0,0,32,0,15,9,6,43,0,0
32868,1000000US170316805002015,25,0,25,0,0,0,0,25,0,0,25,0,20,16,4,33,0,0
32869,1000000US170316805002016,35,0,35,0,0,2,0,35,0,0,35,2,21,15,6,48,0,0
32870,1000000US170316805002017,37,0,37,0,0,0,0,37,0,0,37,0,20,16,4,51,0,0
32871,1000000US170316805002018,10,0,10,0,0,0,0,10,0,0,10,0,5,3,2,11,0,0
32872,1000000US170316805002019,13,0,13,0,0,0,0,13,0,0,13,0,7,6,1,18,0,0
32873,1000000US170316805002020,25,0,25,0,0,0,0,25,0,0,25,0,18,10,8,39,0,0
32874,1000000US170316805002021,21,0,21,1,0,0,0,21,0,0,21,1,21,15,6,24,1,0
32875,1000000US170316805002022,38,0,38,0,0,0,0,38,0,0,38,0,22,15,7,48,0,0
32876,1000000US170316805002023,11,0,11,0,0,0,0,11,0,0,11,0,8,6,2,13,0,0
32877,1000000US170316805002024,20,0,20,0,0,0,0,20,0,0,20,0,10,6,4,28,0,0
32878,1000000US170316805002025,15,0,15,0,0,0,0,15,0,0,15,0,9,8,1,22,0,0
32879,1000000US170316805002026,9,0,9,0,0,0,0,9,0,0,9,0,4,4,0,10,0,0
32880,1000000US170316805002027,0,0,0,0,0,0,0,0,0,0,0,0,0,0,0,0,0,0
32881,1000000US170316805002028,0,0,0,0,0,0,0,0,0,0,0,0,0,0,0,0,0,0
32882,1000000US170316805002029,27,2,25,0,0,0,0,27,0,0,25,0,12,11,1,47,0,0
32883,1000000US170316805002030,0,0,0,0,0,0,0,0,0,0,0,0,7,0,7,0,0,0
32884,1000000US170316805002031,7,0,6,0,0,1,0,7,0,0,7,0,11,4,7,8,0,0
32885,1000000US170316806001000,12,0,12,0,0,0,0,12,0,0,12,0,7,6,1,13,0,0
32886,1000000US170316806001001,0,0,0,0,0,0,0,0,0,0,0,0,2,0,2,0,0,0
32887,1000000US170316806001002,36,0,36,0,0,0,0,36,0,0,36,0,23,16,7,55,0,0
32888,1000000US170316806001003,12,0,12,0,0,0,0,12,0,0,12,0,20,7,13,20,0,0
32889,1000000US170316806001004,42,1,41,0,0,0,0,42,0,0,41,0,19,13,6,58,0,0
32890,1000000US170316806001005,28,0,28,0,0,0,1,27,0,1,28,0,18,12,6,57,0,1
32891,1000000US170316806001006,25,0,25,0,0,0,0,25,0,0,25,0,24,12,12,42,0,0
32892,1000000US170316806001007,45,0,45,0,0,0,0,45,0,0,45,0,24,19,5,66,0,0
32893,1000000US170316806001008,23,0,23,1,0,0,0,23,0,0,23,1,15,12,3,36,1,0
32894,1000000US170316806001009,18,0,18,0,0,0,0,18,0,0,18,0,13,11,2,22,0,0
32895,1000000US170316806001010,14,0,14,0,0,0,0,14,0,0,14,0,15,8,7,18,0,0
32896,1000000US170316806001011,2,0,2,0,0,0,0,2,0,0,2,0,5,1,4,2,0,0
32897,1000000US170316806001012,30,0,30,0,0,0,0,30,0,0,30,0,25,14,11,42,0,0
32898,1000000US170316806001013,33,0,33,0,0,0,0,33,0,0,33,0,21,16,5,48,0,0
32899,1000000US170316806002000,13,0,13,0,0,0,0,13,0,0,13,0,10,5,5,17,0,0
32900,1000000US170316806002001,0,0,0,0,0,0,0,0,0,0,0,0,1,0,1,0,0,0
32901,1000000US170316806002002,38,0,38,0,0,0,0,38,0,0,38,0,27,18,9,51,0,0
32902,1000000US170316806002003,11,0,11,0,0,0,0,11,0,0,11,0,11,4,7,13,0,0
32903,1000000US170316806002004,28,0,28,0,0,0,0,28,0,0,28,0,16,10,6,59,0,0
32904,1000000US170316806002005,44,0,42,0,0,0,2,42,0,2,44,0,30,18,12,69,0,0
32905,1000000US170316806002006,37,0,37,0,0,0,0,37,0,0,37,0,22,13,9,59,0,0
32906,1000000US170316806002007,29,0,29,0,0,0,0,29,0,0,29,0,19,10,9,39,0,0
32907,1000000US170316806002008,35,0,34,0,0,0,0,35,0,0,35,2,19,16,3,49,0,0
32908,1000000US170316806002009,30,0,30,0,0,0,0,30,0,0,30,0,13,11,2,44,0,0
32909,1000000US170316806002010,2,0,2,0,0,0,0,2,0,0,2,0,6,2,4,2,0,0
32910,1000000US170316806002011,3,0,3,0,0,0,0,3,0,0,3,0,2,2,0,3,0,0
32911,1000000US170316806002012,6,0,6,0,0,0,1,5,0,1,6,0,8,5,3,7,0,1
32912,1000000US170316806002013,27,0,27,0,0,0,0,27,0,0,27,0,13,11,2,39,0,0
32913,1000000US170316806002014,27,0,27,0,0,0,0,27,0,0,27,0,18,11,7,40,0,0
32914,1000000US170316806002015,34,0,34,0,0,0,0,34,0,0,34,0,21,16,5,49,0,0
32915,1000000US170316806002016,23,0,19,1,0,0,4,19,0,4,23,0,20,6,14,41,1,0
32916,1000000US170316806002017,8,0,8,0,0,0,0,8,0,0,8,0,4,3,1,9,0,0
32917,1000000US170316806002018,23,0,23,0,0,0,0,23,0,0,23,0,25,10,15,38,0,0
32918,1000000US170316806002019,5,0,5,0,0,0,0,5,0,0,5,0,11,1,10,5,0,0
32919,1000000US170316806002020,24,0,24,0,0,0,0,24,0,0,24,0,18,11,7,29,0,0
32920,1000000US170316806002021,30,0,30,0,0,0,0,30,0,0,30,0,20,14,6,37,0,0
32921,1000000US170316806002022,22,0,22,0,0,0,0,22,0,0,22,0,25,11,14,31,0,0
32922,1000000US170316806002023,35,0,35,0,0,0,0,35,0,0,35,0,12,10,2,46,0,0
32923,1000000US170316806002024,8,0,8,0,0,0,1,7,0,1,8,0,14,4,10,10,0,1
32924,1000000US170316806002025,21,0,21,0,0,0,0,21,0,0,21,0,23,10,13,25,0,0
32925,1000000US170316806002026,14,0,14,0,0,0,0,14,0,0,14,0,7,5,2,30,0,0
32926,1000000US170316806002027,19,0,19,0,0,0,0,19,0,0,19,0,17,10,7,33,0,0
32927,1000000US170316806002028,35,0,35,0,0,0,0,35,0,0,35,0,21,16,5,51,0,0
32928,1000000US170316806002029,0,0,0,0,0,0,0,0,0,0,0,0,2,0,2,0,0,0
32929,1000000US170316806002030,9,0,9,0,0,0,0,9,0,0,9,0,4,4,0,15,0,0
32930,1000000US170316806002031,6,0,6,0,0,0,0,6,0,0,6,0,5,5,0,8,0,0
32931,1000000US170316806002032,3,0,3,0,0,0,0,3,0,0,3,0,2,2,0,4,0,0
32932,1000000US170316809001000,54,3,51,0,0,0,1,53,0,1,51,0,27,22,5,72,0,1
32933,1000000US170316809001001,9,0,9,0,0,0,0,9,0,0,9,0,5,5,0,12,0,0
32934,1000000US170316809001002,3,0,3,0,0,0,0,3,0,0,3,0,1,1,0,3,0,0
32935,1000000US170316809001003,0,0,0,0,0,0,0,0,0,0,0,0,0,0,0,0,0,0
32936,1000000US170316809001004,15,0,15,0,0,0,0,15,0,0,15,0,8,7,1,30,0,0
32937,1000000US170316809001005,5,0,5,0,0,0,0,5,0,0,5,0,1,1,0,6,0,0
32938,1000000US170316809001006,243,0,240,3,1,0,3,240,0,3,243,3,187,150,37,341,1,0
32939,1000000US170316809001007,152,1,149,1,2,0,3,149,0,3,151,2,192,146,46,152,1,2
32940,1000000US170316809001008,0,0,0,0,0,0,0,0,0,0,0,0,0,0,0,0,0,0
32941,1000000US170316809001009,0,0,0,0,0,0,0,0,0,0,0,0,0,0,0,0,0,0
32942,1000000US170316809001010,12,0,12,0,0,0,0,12,0,0,12,0,13,6,7,16,0,0
32943,1000000US170316809001011,21,0,21,0,0,0,0,21,0,0,21,0,7,7,0,24,0,0
32944,1000000US170316809001012,28,0,28,0,0,0,0,28,0,0,28,0,22,14,8,64,0,0
32945,1000000US170316809001013,27,0,27,0,0,0,0,27,0,0,27,0,18,12,6,42,0,0
32946,1000000US170316809001014,20,0,20,0,0,0,0,20,0,0,20,0,37,11,26,28,0,0
32947,1000000US170316809001015,0,0,0,0,0,0,0,0,0,0,0,0,0,0,0,0,0,0
32948,1000000US170316809001016,11,0,11,0,0,0,0,11,0,0,11,0,10,6,4,16,0,0
32949,1000000US170316809001017,14,0,14,0,0,0,1,13,0,1,14,0,12,6,6,26,0,1
32950,1000000US170316809001018,19,2,17,1,0,0,0,19,0,0,17,1,9,9,0,37,1,0
32951,1000000US170316809001019,16,0,16,0,0,0,0,16,0,0,16,0,10,9,1,30,0,0
32952,1000000US170316809001020,12,0,12,0,0,0,0,12,0,0,12,0,16,6,10,22,0,0
32953,1000000US170316809001021,19,0,19,0,0,0,0,19,0,0,19,0,0,0,0,19,0,0
32954,1000000US170316809001022,0,0,0,0,0,0,0,0,0,0,0,0,2,0,2,0,0,0
32955,1000000US170316809001023,0,0,0,0,0,0,0,0,0,0,0,0,0,0,0,0,0,0
32956,1000000US170316809001024,4,0,4,0,0,0,0,4,0,0,4,0,2,2,0,4,0,0
32957,1000000US170316809001025,5,0,5,0,0,0,0,5,0,0,5,0,7,3,4,5,0,0
32958,1000000US170316809001026,36,0,36,0,0,0,0,36,0,0,36,0,25,20,5,65,0,0
32959,1000000US170316809001027,53,0,53,0,0,0,0,53,0,0,53,0,33,33,0,98,0,0
32960,1000000US170316809001028,0,0,0,0,0,0,0,0,0,0,0,0,0,0,0,0,0,0
32961,1000000US170316809001029,45,0,42,0,3,0,1,44,0,1,45,0,26,22,4,66,0,0
32962,1000000US170316809001030,12,1,11,0,0,0,1,11,0,1,11,0,7,6,1,24,0,1
32963,1000000US170316809001031,15,0,15,0,0,0,0,15,0,0,15,0,12,9,3,21,0,0
32964,1000000US170316809001032,63,1,62,0,0,0,0,63,0,0,62,0,30,25,5,83,0,0
32965,1000000US170316809001033,4,0,4,0,0,0,0,4,0,0,4,0,12,2,10,10,0,0
32966,1000000US170316809001034,5,0,1,4,0,0,0,5,0,0,5,0,6,1,5,7,4,0
32967,1000000US170316809001035,18,0,14,4,0,0,0,18,0,0,18,0,8,8,0,32,4,0
32968,1000000US170316809002000,0,0,0,0,0,0,0,0,0,0,0,0,0,0,0,0,0,0
32969,1000000US170316809002001,0,0,0,0,0,0,0,0,0,0,0,0,0,0,0,0,0,0
32970,1000000US170316809002002,0,0,0,0,0,0,0,0,0,0,0,0,0,0,0,0,0,0
32971,1000000US170316809002003,0,0,0,0,0,0,0,0,0,0,0,0,0,0,0,0,0,0
32972,1000000US170316809002004,0,0,0,0,0,0,0,0,0,0,0,0,0,0,0,0,0,0
32973,1000000US170316809002005,0,0,0,0,0,0,0,0,0,0,0,0,0,0,0,0,0,0
32974,1000000US170316809002006,0,0,0,0,0,0,0,0,0,0,0,0,0,0,0,0,0,0
32975,1000000US170316809002007,101,0,81,0,20,1,0,101,0,0,101,1,81,78,3,102,0,0
32976,1000000US170316809002008,0,0,0,0,0,0,0,0,0,0,0,0,0,0,0,0,0,0
32977,1000000US170316809002009,53,0,53,0,0,0,0,53,0,0,53,0,31,31,0,79,0,0
32978,1000000US170316809002010,60,0,60,0,0,0,0,60,0,0,60,0,39,31,8,98,0,0
32979,1000000US170316809002011,0,0,0,0,0,0,0,0,0,0,0,0,0,0,0,0,0,0
32980,1000000US170316809002012,0,0,0,0,0,0,0,0,0,0,0,0,0,0,0,0,0,0
32981,1000000US170316809002013,7,0,7,0,0,0,0,7,0,0,7,0,2,2,0,9,0,0
32982,1000000US170316809002014,0,0,0,0,0,0,0,0,0,0,0,0,0,0,0,0,0,0
32983,1000000US170316809002015,10,0,10,0,0,0,0,10,0,0,10,2,13,7,6,15,0,0
32984,1000000US170316809002016,44,0,44,0,0,0,0,44,0,0,44,0,85,15,70,60,0,0
32985,1000000US170316809002017,49,1,48,1,0,0,0,49,0,0,48,1,28,26,2,69,1,0
32986,1000000US170316809002018,207,2,203,3,2,0,0,207,0,0,205,4,258,197,61,216,3,0
32987,1000000US170316809002019,0,0,0,0,0,0,0,0,0,0,0,0,0,0,0,0,0,0
32988,1000000US170316809002020,0,0,0,0,0,0,0,0,0,0,0,0,0,0,0,0,0,0
32989,1000000US170316809002021,0,0,0,0,0,0,0,0,0,0,0,0,0,0,0,0,0,0
32990,1000000US170316809002022,0,0,0,0,0,0,0,0,0,0,0,0,0,0,0,0,0,0
32991,1000000US170316809002023,0,0,0,0,0,0,0,0,0,0,0,0,0,0,0,0,0,0
32992,1000000US170316809002024,0,0,0,0,0,0,0,0,0,0,0,0,0,0,0,0,0,0
32993,1000000US170316809002025,50,2,46,0,1,0,1,49,0,1,48,0,19,19,0,66,0,0
32994,1000000US170316809002026,11,1,10,0,0,0,0,11,0,0,10,0,7,6,1,18,0,0
32995,1000000US170316809002027,19,0,19,0,0,0,0,19,0,0,19,0,12,9,3,33,0,0
32996,1000000US170316809003000,140,0,140,0,0,0,1,139,0,1,140,0,109,100,9,175,0,1
32997,1000000US170316809003001,152,1,148,1,3,0,2,150,0,2,151,1,102,89,13,213,1,2
32998,1000000US170316809003002,81,0,81,0,0,0,0,81,0,0,81,0,43,34,9,138,0,0
32999,1000000US170316809003003,25,0,25,0,0,0,0,25,0,0,25,0,9,9,0,32,0,0
33000,1000000US170316809003004,0,0,0,0,0,0,0,0,0,0,0,0,0,0,0,0,0,0
33001,1000000US170316809003005,0,0,0,0,0,0,0,0,0,0,0,0,2,0,2,0,0,0
33002,1000000US170316809003006,56,0,56,0,0,0,0,56,0,0,56,0,21,17,4,73,0,0
33003,1000000US170316809003007,7,0,7,0,0,0,0,7,0,0,7,0,8,3,5,15,0,0
33004,1000000US170316809003008,25,2,22,2,0,0,1,24,0,1,23,2,16,6,10,30,2,0
33005,1000000US170316809003009,18,0,18,0,0,0,0,18,0,0,18,0,11,9,2,24,0,0
33006,1000000US170316809003010,16,0,16,0,0,0,0,16,0,0,16,0,11,11,0,28,0,0
33007,1000000US170316809003011,33,0,33,1,0,0,0,33,0,0,33,1,22,17,5,58,1,0
33008,1000000US170316809003012,19,0,19,0,0,0,0,19,0,0,19,0,12,8,4,30,0,0
33009,1000000US170316809003013,61,0,60,1,0,0,0,61,0,0,61,0,43,39,4,104,1,0
33010,1000000US170316809003014,0,0,0,0,0,0,0,0,0,0,0,0,0,0,0,0,0,0
33011,1000000US170316809003015,0,0,0,0,0,0,0,0,0,0,0,0,0,0,0,0,0,0
33012,1000000US170316809003016,9,0,9,1,0,0,0,9,0,0,9,1,4,2,2,12,1,0
33013,1000000US170316809004000,47,0,47,3,0,0,0,47,0,0,47,3,29,29,0,74,3,0
33014,1000000US170316809004001,0,0,0,0,0,0,0,0,0,0,0,0,0,0,0,0,0,0
33015,1000000US170316809004002,0,0,0,0,0,0,0,0,0,0,0,0,0,0,0,0,0,0
33016,1000000US170316809004003,0,0,0,0,0,0,0,0,0,0,0,0,0,0,0,0,0,0
33017,1000000US170316809004004,0,0,0,0,0,0,0,0,0,0,0,0,0,0,0,0,0,0
33018,1000000US170316809004005,0,0,0,0,0,0,0,0,0,0,0,0,0,0,0,0,0,0
33019,1000000US170316809004006,0,0,0,0,0,0,0,0,0,0,0,0,0,0,0,0,0,0
33020,1000000US170316809004007,0,0,0,0,0,0,0,0,0,0,0,0,0,0,0,0,0,0
33021,1000000US170316809004008,0,0,0,0,0,0,0,0,0,0,0,0,0,0,0,0,0,0
33022,1000000US170316809004009,0,0,0,0,0,0,0,0,0,0,0,0,0,0,0,0,0,0
33023,1000000US170316809004010,0,0,0,0,0,0,0,0,0,0,0,0,0,0,0,0,0,0
33024,1000000US170316809004011,0,0,0,0,0,0,0,0,0,0,0,0,0,0,0,0,0,0
33025,1000000US170316809004012,0,0,0,0,0,0,0,0,0,0,0,0,0,0,0,0,0,0
33026,1000000US170316809004013,12,0,12,0,0,0,0,12,0,0,12,0,7,7,0,19,0,0
33027,1000000US170316809004014,0,0,0,0,0,0,0,0,0,0,0,0,0,0,0,0,0,0
33028,1000000US170316809004015,20,0,20,0,0,0,0,20,0,0,20,0,10,10,0,30,0,0
33029,1000000US170316809004016,21,0,21,0,0,0,0,21,0,0,21,0,15,11,4,39,0,0
33030,1000000US170316809004017,0,0,0,0,0,0,0,0,0,0,0,0,2,0,2,0,0,0
33031,1000000US170316809004018,18,0,18,0,0,0,0,18,0,0,18,0,18,9,9,25,0,0
33032,1000000US170316809004019,22,1,19,0,0,0,0,22,0,0,21,0,18,7,11,24,0,0
33033,1000000US170316809004020,46,0,46,0,0,0,0,46,0,0,46,0,38,27,11,86,0,0
33034,1000000US170316809004021,0,0,0,0,0,0,0,0,0,0,0,0,0,0,0,0,0,0
33035,1000000US170316809004022,0,0,0,0,0,0,0,0,0,0,0,0,0,0,0,0,0,0
33036,1000000US170316809004023,0,0,0,0,0,0,0,0,0,0,0,0,0,0,0,0,0,0
33037,1000000US170316809004024,0,0,0,0,0,0,0,0,0,0,0,0,0,0,0,0,0,0
33038,1000000US170316809004025,0,0,0,0,0,0,0,0,0,0,0,0,0,0,0,0,0,0
33039,1000000US170316809004026,0,0,0,0,0,0,0,0,0,0,0,0,0,0,0,0,0,0
33040,1000000US170316809004027,0,0,0,0,0,0,0,0,0,0,0,0,0,0,0,0,0,0
33041,1000000US170316809004028,0,0,0,0,0,0,0,0,0,0,0,0,0,0,0,0,0,0
33042,1000000US170316809004029,430,0,427,3,1,0,5,425,0,5,430,6,309,248,61,670,3,3
33043,1000000US170316810001000,0,0,0,0,0,0,0,0,0,0,0,0,0,0,0,0,0,0
33044,1000000US170316810001001,0,0,0,0,0,0,0,0,0,0,0,0,0,0,0,0,0,0
33045,1000000US170316810001002,35,0,35,0,0,0,0,35,0,0,35,1,24,20,4,72,0,0
33046,1000000US170316810001003,35,0,35,0,0,0,0,35,0,0,35,0,22,18,4,58,0,0
33047,1000000US170316810001004,30,1,29,0,0,0,0,30,0,0,29,0,16,13,3,39,0,0
33048,1000000US170316810001005,21,0,21,0,0,0,1,20,0,1,21,0,16,11,5,37,0,1
33049,1000000US170316810001006,32,0,31,0,1,0,0,32,0,0,32,0,24,15,9,44,0,0
33050,1000000US170316810001007,34,0,34,0,0,0,0,34,0,0,34,0,25,14,11,50,0,0
33051,1000000US170316810001008,40,0,36,0,0,0,4,36,0,4,40,0,23,16,7,51,0,0
33052,1000000US170316810001009,54,0,53,1,0,0,3,51,0,3,54,1,36,27,9,94,1,2
33053,1000000US170316810001010,26,0,26,0,0,0,0,26,0,0,26,0,13,12,1,40,0,0
33054,1000000US170316810001011,12,0,12,0,0,0,0,12,0,0,12,0,10,5,5,16,0,0
33055,1000000US170316810001012,25,0,25,0,0,0,0,25,0,0,25,0,16,9,7,39,0,0
33056,1000000US170316810001013,42,0,42,0,0,1,0,42,0,0,42,1,21,20,1,64,0,0
33057,1000000US170316810001014,20,0,20,1,0,0,0,20,0,0,20,1,14,11,3,25,1,0
33058,1000000US170316810001015,42,0,42,0,0,0,0,42,0,0,42,0,27,19,8,49,0,0
33059,1000000US170316810001016,30,0,30,0,0,0,0,30,0,0,30,0,17,13,4,42,0,0
33060,1000000US170316810001017,34,0,34,0,0,0,0,34,0,0,34,0,25,18,7,55,0,0
33061,1000000US170316810001018,29,0,29,0,0,0,1,28,0,1,29,0,17,14,3,44,0,1
33062,1000000US170316810001019,15,0,15,0,0,0,0,15,0,0,15,0,14,7,7,16,0,0
33063,1000000US170316810002000,1,0,1,0,0,0,0,1,0,0,1,1,1,1,0,1,0,0
33064,1000000US170316810002001,66,0,66,3,0,0,0,66,0,0,66,3,49,32,17,93,0,0
33065,1000000US170316810002002,86,0,86,0,0,0,0,86,0,0,86,0,43,38,5,124,0,0
33066,1000000US170316810002003,84,0,84,0,0,0,0,84,0,0,84,0,58,35,23,124,0,0
33067,1000000US170316810002004,75,0,75,0,0,0,0,75,0,0,75,0,50,36,14,124,0,0
33068,1000000US170316810002005,32,1,31,0,0,0,2,30,0,2,31,0,16,14,2,60,0,2
33069,1000000US170316810002006,34,1,33,0,0,0,0,34,0,0,33,0,30,18,12,51,0,0
33070,1000000US170316810002007,52,1,51,0,1,0,0,52,0,0,51,2,33,29,4,82,0,0
33071,1000000US170316810002008,30,0,30,0,0,0,0,30,0,0,30,0,18,13,5,37,0,0
33072,1000000US170316810002009,27,0,27,0,0,0,0,27,0,0,27,0,20,13,7,41,0,0
33073,1000000US170316810002010,41,0,41,0,0,0,0,41,0,0,41,0,33,20,13,58,0,0
33074,1000000US170316810002011,8,0,8,0,0,0,0,8,0,0,8,0,7,4,3,16,0,0
33075,1000000US170316810002012,3,0,3,0,0,0,0,3,0,0,3,0,6,1,5,3,0,0
33076,1000000US170316810002013,7,0,7,0,0,0,0,7,0,0,7,0,7,4,3,7,0,0
33077,1000000US170316810003000,42,0,42,0,0,0,0,42,0,0,42,0,23,15,8,55,0,0
33078,1000000US170316810003001,48,0,48,0,0,0,0,48,0,0,48,0,24,19,5,57,0,0
33079,1000000US170316810003002,33,0,33,0,0,0,0,33,0,0,33,0,22,15,7,52,0,0
33080,1000000US170316810003003,25,0,25,0,0,0,0,25,0,0,25,0,12,11,1,33,0,0
33081,1000000US170316810003004,28,0,28,1,0,0,0,28,0,0,28,1,23,14,9,46,1,0
33082,1000000US170316810003005,29,0,29,0,0,0,0,29,0,0,29,0,23,18,5,43,0,0
33083,1000000US170316810003006,40,0,38,1,0,0,2,38,0,2,40,0,20,15,5,55,1,0
33084,1000000US170316810003007,14,0,14,0,0,0,0,14,0,0,14,0,19,5,14,17,0,0
33085,1000000US170316810003008,19,0,19,0,0,0,0,19,0,0,19,0,23,11,12,34,0,0
33086,1000000US170316810003009,27,0,18,1,0,0,9,18,0,9,27,1,17,12,5,37,1,0
33087,1000000US170316810003010,18,0,17,0,0,0,1,17,0,1,18,0,18,10,8,29,0,0
33088,1000000US170316810003011,38,0,38,0,0,0,0,38,0,0,38,0,23,16,7,55,0,0
33089,1000000US170316810003012,20,0,20,0,0,0,0,20,0,0,20,0,21,11,10,30,0,0
33090,1000000US170316810003013,16,0,16,0,0,0,0,16,0,0,16,0,14,8,6,28,0,0
33091,1000000US170316810003014,28,0,28,0,0,0,0,28,0,0,28,0,11,9,2,35,0,0
33092,1000000US170316810004000,0,0,0,0,0,0,0,0,0,0,0,0,0,0,0,0,0,0
33093,1000000US170316810004001,0,0,0,0,0,0,0,0,0,0,0,0,0,0,0,0,0,0
33094,1000000US170316810004002,3,0,3,0,0,0,0,3,0,0,3,0,1,1,0,3,0,0
33095,1000000US170316810004003,0,0,0,0,0,0,0,0,0,0,0,0,0,0,0,0,0,0
33096,1000000US170316810004004,5,0,5,0,0,0,0,5,0,0,5,0,6,4,2,5,0,0
33097,1000000US170316810004005,0,0,0,0,0,0,0,0,0,0,0,0,0,0,0,0,0,0
33098,1000000US170316810004006,0,0,0,0,0,0,0,0,0,0,0,0,0,0,0,0,0,0
33099,1000000US170316810004007,101,0,101,0,0,0,0,101,0,0,101,0,104,93,11,106,0,0
33100,1000000US170316810004008,28,0,28,0,0,0,0,28,0,0,28,0,19,15,4,47,0,0
33101,1000000US170316810004009,41,0,41,0,0,0,0,41,0,0,41,2,25,22,3,49,0,0
33102,1000000US170316810004010,34,0,34,0,0,0,0,34,0,0,34,0,19,15,4,49,0,0
33103,1000000US170316810004011,98,1,97,0,0,0,0,98,0,0,97,1,73,50,23,132,0,0
33104,1000000US170316810004012,6,0,6,0,0,0,0,6,0,0,6,0,5,1,4,14,0,0
33105,1000000US170316810004013,0,0,0,0,0,0,0,0,0,0,0,0,0,0,0,0,0,0
33106,1000000US170316810004014,10,0,10,0,3,0,0,10,0,0,10,3,4,4,0,20,0,0
33107,1000000US170316810004015,97,0,93,0,1,1,3,94,0,3,97,1,36,25,11,123,0,0
33108,1000000US170316810004016,83,1,81,1,0,0,0,83,0,0,82,2,40,35,5,139,1,0
33109,1000000US170316810004017,20,0,20,0,0,0,0,20,0,0,20,0,26,11,15,37,0,0
33110,1000000US170316810004018,63,0,63,2,1,0,0,63,0,0,63,2,40,31,9,77,1,0
33111,1000000US170316810004019,73,0,73,0,0,1,0,73,0,0,73,1,48,37,11,120,0,0
33112,1000000US170316810004020,13,0,13,0,0,0,0,13,0,0,13,0,9,6,3,17,0,0
33113,1000000US170316810004021,19,0,19,0,0,0,0,19,0,0,19,0,14,8,6,46,0,0
33114,1000000US170316810004022,35,0,35,0,0,0,0,35,0,0,35,0,19,16,3,71,0,0
33115,1000000US170316810004023,28,0,28,0,0,0,0,28,0,0,28,0,21,14,7,51,0,0
33116,1000000US170316810004024,23,0,23,0,0,0,0,23,0,0,23,0,29,13,16,35,0,0
33117,1000000US170316810004025,61,1,60,0,0,0,0,61,0,0,60,0,41,31,10,95,0,0
33118,1000000US170316811001000,11,0,11,0,0,0,0,11,0,0,11,0,13,6,7,15,0,0
33119,1000000US170316811001001,30,0,30,0,0,0,0,30,0,0,30,0,22,14,8,59,0,0
33120,1000000US170316811001002,47,0,47,0,0,0,0,47,0,0,47,0,34,21,13,65,0,0
33121,1000000US170316811001003,76,0,76,0,0,0,0,76,0,0,76,0,41,32,9,108,0,0
33122,1000000US170316811001004,42,0,42,0,0,0,0,42,0,0,42,0,31,20,11,86,0,0
33123,1000000US170316811001005,42,0,42,0,0,0,0,42,0,0,42,0,36,23,13,71,0,0
33124,1000000US170316811001006,45,0,45,0,0,0,0,45,0,0,45,0,29,22,7,57,0,0
33125,1000000US170316811001007,41,0,40,3,0,0,0,41,0,0,41,2,27,22,5,58,1,0
33126,1000000US170316811001008,46,0,46,0,0,0,0,46,0,0,46,0,24,18,6,70,0,0
33127,1000000US170316811001009,37,0,37,1,0,0,0,37,0,0,37,1,25,22,3,50,1,0
33128,1000000US170316811001010,41,1,40,0,0,0,0,41,0,0,40,0,30,19,11,54,0,0
33129,1000000US170316811001011,0,0,0,0,0,0,0,0,0,0,0,0,2,0,2,0,0,0
33130,1000000US170316811002000,0,0,0,0,0,0,0,0,0,0,0,0,2,0,2,0,0,0
33131,1000000US170316811002001,0,0,0,0,0,0,0,0,0,0,0,0,4,0,4,0,0,0
33132,1000000US170316811002002,0,0,0,0,0,0,0,0,0,0,0,0,0,0,0,0,0,0
33133,1000000US170316811002003,0,0,0,0,0,0,0,0,0,0,0,0,0,0,0,0,0,0
33134,1000000US170316811002004,9,0,9,0,0,0,0,9,0,0,9,0,6,6,0,9,0,0
33135,1000000US170316811002005,51,0,49,3,0,0,1,50,0,1,51,2,51,27,24,67,3,1
33136,1000000US170316811002006,50,0,48,2,1,0,0,50,0,0,50,1,36,26,10,95,2,0
33137,1000000US170316811002007,40,0,40,0,0,0,1,39,0,1,40,0,36,19,17,57,0,1
33138,1000000US170316811002008,82,2,79,1,1,1,1,81,0,1,80,2,54,46,8,115,1,0
33139,1000000US170316811002009,38,0,38,0,0,0,1,37,0,1,38,0,25,19,6,58,0,1
33140,1000000US170316811002010,55,1,54,1,0,1,1,54,0,1,54,2,32,24,8,71,1,1
33141,1000000US170316811002011,26,0,26,0,0,0,1,25,0,1,26,0,21,15,6,39,0,1
33142,1000000US170316811002012,30,0,30,0,0,0,0,30,0,0,30,0,17,17,0,45,0,0
33143,1000000US170316811002013,43,0,41,0,0,0,0,43,0,0,43,0,17,16,1,57,0,0
33144,1000000US170316811002014,69,0,69,1,0,0,1,68,0,1,69,2,33,30,3,100,1,1
33145,1000000US170316811002015,4,0,4,0,0,0,0,4,0,0,4,0,2,2,0,6,0,0
33146,1000000US170316811002016,10,0,10,0,0,0,0,10,0,0,10,0,8,7,1,13,0,0
33147,1000000US170316811003000,0,0,0,0,0,0,0,0,0,0,0,0,0,0,0,0,0,0
33148,1000000US170316811003001,9,0,9,0,0,0,0,9,0,0,9,0,9,5,4,9,0,0
33149,1000000US170316811003002,29,0,29,0,0,0,0,29,0,0,29,0,25,15,10,42,0,0
33150,1000000US170316811003003,17,0,17,0,0,0,0,17,0,0,17,0,15,9,6,22,0,0
33151,1000000US170316811003004,57,0,57,0,0,0,1,56,0,1,57,0,38,29,9,95,0,1
33152,1000000US170316811003005,44,0,44,0,0,0,0,44,0,0,44,0,25,14,11,53,0,0
33153,1000000US170316811003006,42,0,42,0,2,0,0,42,0,0,42,5,34,23,11,55,0,0
33154,1000000US170316811003007,19,0,19,0,0,0,0,19,0,0,19,0,18,9,9,36,0,0
33155,1000000US170316811003008,33,0,33,0,0,0,0,33,0,0,33,0,17,12,5,50,0,0
33156,1000000US170316811003009,46,0,46,0,2,0,5,41,0,5,46,5,50,19,31,63,0,5
33157,1000000US170316811003010,59,1,58,4,0,0,0,59,0,0,58,5,27,23,4,81,4,0
33158,1000000US170316811003011,73,0,73,0,0,0,1,72,0,1,73,0,61,33,28,105,0,1
33159,1000000US170316811003012,34,0,34,0,0,0,0,34,0,0,34,0,20,17,3,47,0,0
33160,1000000US170316811004000,55,0,55,0,0,0,0,55,0,0,55,0,44,21,23,90,0,0
33161,1000000US170316811004001,54,3,49,1,0,0,1,53,0,1,51,1,19,16,3,60,1,0
33162,1000000US170316811004002,83,1,82,0,0,0,0,83,0,0,82,0,48,42,6,114,0,0
33163,1000000US170316811004003,74,0,73,2,0,1,1,73,0,1,74,1,50,33,17,93,2,1
33164,1000000US170316811004004,44,0,44,0,0,0,0,44,0,0,44,0,24,19,5,62,0,0
33165,1000000US170316811004005,32,0,32,0,0,0,0,32,0,0,32,0,15,13,2,44,0,0
33166,1000000US170316811004006,31,0,31,0,0,0,0,31,0,0,31,0,18,11,7,53,0,0
33167,1000000US170316811004007,21,0,21,0,0,0,0,21,0,0,21,1,25,10,15,32,0,0
33168,1000000US170316811004008,38,0,38,0,0,0,2,36,0,2,38,0,21,19,2,51,0,2
33169,1000000US170316811004009,38,0,38,0,0,0,0,38,0,0,38,0,39,21,18,68,0,0
33170,1000000US170316811004010,49,0,49,0,0,0,0,49,0,0,49,0,42,27,15,80,0,0
33171,1000000US170316811004011,29,0,29,0,0,0,0,29,0,0,29,0,22,16,6,43,0,0
33172,1000000US170316811004012,0,0,0,0,0,0,0,0,0,0,0,0,2,0,2,0,0,0
33173,1000000US170316811005000,44,0,44,0,0,0,0,44,0,0,44,0,35,22,13,60,0,0
33174,1000000US170316811005001,56,1,55,3,0,0,1,55,0,1,55,4,26,23,3,73,3,1
33175,1000000US170316811005002,13,0,13,0,0,0,1,12,0,1,13,0,11,9,2,16,0,1
33176,1000000US170316811005003,29,0,29,0,0,0,0,29,0,0,29,0,14,11,3,36,0,0
33177,1000000US170316811005004,25,0,25,0,0,0,0,25,0,0,25,0,13,9,4,50,0,0
33178,1000000US170316811005005,32,0,32,3,2,0,2,30,0,2,32,4,25,11,14,42,3,2
33179,1000000US170316811005006,9,0,9,0,0,0,0,9,0,0,9,0,6,5,1,10,0,0
33180,1000000US170316811005007,12,0,12,0,0,0,0,12,0,0,12,0,5,4,1,21,0,0
33181,1000000US170316811005008,34,0,34,1,0,0,0,34,0,0,34,1,20,16,4,52,0,0
33182,1000000US170316811005009,33,0,33,0,0,0,0,33,0,0,33,0,21,13,8,34,0,0
33183,1000000US170316811005010,27,0,27,0,0,0,0,27,0,0,27,0,18,10,8,35,0,0
33184,1000000US170316811005011,33,0,33,0,0,0,0,33,0,0,33,0,14,12,2,44,0,0
33185,1000000US170316811005012,13,0,13,0,0,0,0,13,0,0,13,0,17,10,7,16,0,0
33186,1000000US170316811005013,0,0,0,0,0,0,0,0,0,0,0,0,2,0,2,0,0,0
33187,1000000US170316811005014,10,0,10,0,0,0,0,10,0,0,10,0,5,4,1,19,0,0
33188,1000000US170316811005015,38,0,38,0,0,0,2,36,0,2,38,0,17,15,2,51,0,2
33189,1000000US170316811005016,59,0,59,0,0,0,0,59,0,0,59,0,32,26,6,79,0,0
33190,1000000US170316811005017,5,0,5,1,0,0,0,5,0,0,5,1,3,3,0,6,0,0
33191,1000000US170316812001000,40,0,40,0,0,0,0,40,0,0,40,0,17,11,6,74,0,0
33192,1000000US170316812001001,37,0,37,0,0,0,0,37,0,0,37,0,26,20,6,52,0,0
33193,1000000US170316812001002,20,0,20,0,0,0,0,20,0,0,20,0,16,9,7,27,0,0
33194,1000000US170316812001003,44,0,44,0,0,0,0,44,0,0,44,0,29,19,10,56,0,0
33195,1000000US170316812001004,0,0,0,0,0,0,0,0,0,0,0,0,0,0,0,0,0,0
33196,1000000US170316812001005,13,0,13,0,0,0,0,13,0,0,13,0,18,10,8,15,0,0
33197,1000000US170316812001006,8,0,8,0,0,0,0,8,0,0,8,0,5,3,2,8,0,0
33198,1000000US170316812001007,55,0,55,0,0,0,0,55,0,0,55,0,36,26,10,90,0,0
33199,1000000US170316812001008,32,0,32,0,0,0,0,32,0,0,32,0,30,17,13,44,0,0
33200,1000000US170316812001009,35,0,35,0,0,0,0,35,0,0,35,0,17,13,4,55,0,0
33201,1000000US170316812001010,39,0,39,0,0,0,0,39,0,0,39,0,25,19,6,52,0,0
33202,1000000US170316812002000,24,0,24,0,0,0,0,24,0,0,24,0,21,8,13,33,0,0
33203,1000000US170316812002001,5,0,5,0,0,0,0,5,0,0,5,0,11,4,7,8,0,0
33204,1000000US170316812002002,35,1,32,1,0,0,1,34,0,1,34,1,21,15,6,51,0,0
33205,1000000US170316812002003,3,0,3,0,0,0,0,3,0,0,3,0,2,1,1,4,0,0
33206,1000000US170316812002004,0,0,0,0,0,0,0,0,0,0,0,0,0,0,0,0,0,0
33207,1000000US170316812002005,40,0,39,1,0,0,0,40,0,0,40,1,26,23,3,66,0,0
33208,1000000US170316812002006,27,2,25,0,0,0,0,27,0,0,25,0,15,9,6,31,0,0
33209,1000000US170316812002007,57,0,57,0,0,0,0,57,0,0,57,0,29,17,12,68,0,0
33210,1000000US170316812002008,60,0,57,0,0,0,3,57,0,3,60,2,43,38,5,101,0,0
33211,1000000US170316812002009,60,0,60,0,0,0,1,59,0,1,60,0,42,34,8,97,0,1
33212,1000000US170316812002010,34,0,34,0,0,0,0,34,0,0,34,0,26,20,6,41,0,0
33213,1000000US170316812002011,46,0,46,0,0,0,0,46,0,0,46,0,25,21,4,75,0,0
33214,1000000US170316812002012,4,0,4,0,0,0,0,4,0,0,4,0,2,1,1,12,0,0
33215,1000000US170316812002013,3,0,3,0,0,0,0,3,0,0,3,0,1,1,0,5,0,0
33216,1000000US170316812002014,29,0,29,0,0,0,0,29,0,0,29,0,11,9,2,38,0,0
33217,1000000US170316812002015,81,0,81,0,0,0,1,80,0,1,81,1,70,56,14,148,0,1
33218,1000000US170316812003000,0,0,0,0,0,0,0,0,0,0,0,0,0,0,0,0,0,0
33219,1000000US170316812003001,64,0,62,1,0,0,2,62,0,2,64,0,38,36,2,88,1,1
33220,1000000US170316812003002,12,1,11,0,0,0,0,12,0,0,11,0,5,5,0,20,0,0
33221,1000000US170316812003003,40,0,40,1,0,0,1,39,0,1,40,1,23,21,2,55,1,1
33222,1000000US170316812003004,7,0,7,0,0,0,0,7,0,0,7,0,2,2,0,9,0,0
33223,1000000US170316812003005,87,0,87,0,0,0,0,87,0,0,87,0,49,40,9,127,0,0
33224,1000000US170316812003006,83,0,83,0,0,0,1,82,0,1,83,0,48,42,6,132,0,1
33225,1000000US170316812003007,34,1,32,1,0,0,0,34,0,0,33,0,23,16,7,55,1,0
33226,1000000US170316812003008,0,0,0,0,0,0,0,0,0,0,0,0,0,0,0,0,0,0
33227,1000000US170316812003009,0,0,0,0,0,0,0,0,0,0,0,0,0,0,0,0,0,0
33228,1000000US170316812003010,21,0,21,2,0,0,0,21,0,0,21,2,13,9,4,31,2,0
33229,1000000US170316812003011,19,0,19,0,0,0,0,19,0,0,19,0,11,9,2,29,0,0
33230,1000000US170316812003012,116,0,116,0,3,0,0,116,0,0,116,3,94,69,25,163,0,0
33231,1000000US170316812003013,0,0,0,0,0,0,0,0,0,0,0,0,0,0,0,0,0,0
33232,1000000US170316812003014,33,0,33,1,0,0,0,33,0,0,33,1,15,15,0,49,1,0
33233,1000000US170316812003015,19,0,19,0,0,0,0,19,0,0,19,0,18,9,9,29,0,0
33234,1000000US170316812003016,0,0,0,0,0,0,0,0,0,0,0,0,1,0,1,0,0,0
33235,1000000US170316812003017,12,0,12,0,0,0,0,12,0,0,12,0,9,6,3,13,0,0
33236,1000000US170316812003018,76,0,76,0,0,0,0,76,0,0,76,1,52,32,20,97,0,0
33237,1000000US170316812003019,55,0,55,1,0,0,0,55,0,0,55,1,36,22,14,82,1,0
33238,1000000US170316812003020,14,0,14,0,0,0,0,14,0,0,14,0,30,7,23,23,0,0
33239,1000000US170316812003021,45,0,45,3,0,0,3,42,0,3,45,3,35,21,14,63,2,3
33240,1000000US170316812004000,23,0,23,0,0,0,0,23,0,0,23,0,18,11,7,32,0,0
33241,1000000US170316812004001,58,0,58,0,0,0,0,58,0,0,58,0,36,18,18,73,0,0
33242,1000000US170316812004002,15,2,13,0,0,0,0,15,0,0,13,0,16,7,9,28,0,0
33243,1000000US170316812004003,25,0,25,0,0,0,0,25,0,0,25,0,19,12,7,36,0,0
33244,1000000US170316812004004,34,0,34,0,0,0,0,34,0,0,34,0,24,15,9,55,0,0
33245,1000000US170316812004005,9,0,9,0,0,0,0,9,0,0,9,0,12,8,4,10,0,0
33246,1000000US170316812004006,0,0,0,0,0,0,0,0,0,0,0,0,24,0,24,0,0,0
33247,1000000US170316812004007,26,0,26,0,0,0,0,26,0,0,26,0,26,15,11,36,0,0
33248,1000000US170316812004008,30,0,30,0,0,0,0,30,0,0,30,0,21,13,8,49,0,0
33249,1000000US170316812004009,13,0,13,1,0,0,0,13,0,0,13,1,16,7,9,19,1,0
33250,1000000US170316812004010,28,0,28,0,0,0,0,28,0,0,28,0,23,13,10,40,0,0
33251,1000000US170316812004011,14,0,14,0,0,0,0,14,0,0,14,0,8,7,1,22,0,0
33252,1000000US170316813001000,15,0,15,0,0,0,0,15,0,0,15,0,6,6,0,15,0,0
33253,1000000US170316813001001,96,0,96,3,0,0,2,94,0,2,96,3,61,43,18,144,1,2
33254,1000000US170316813001002,38,0,38,0,0,0,0,38,0,0,38,0,29,21,8,66,0,0
33255,1000000US170316813001003,55,0,55,0,0,0,0,55,0,0,55,0,43,31,12,88,0,0
33256,1000000US170316813001004,61,0,61,2,0,0,0,61,0,0,61,2,42,32,10,89,2,0
33257,1000000US170316813001005,63,0,63,0,0,0,0,63,0,0,63,0,61,30,31,94,0,0
33258,1000000US170316813001006,54,0,54,0,0,0,0,54,0,0,54,0,35,21,14,70,0,0
33259,1000000US170316813001007,71,0,69,1,0,1,0,71,0,0,71,0,39,29,10,89,1,0
33260,1000000US170316813001008,38,0,38,0,0,0,0,38,0,0,38,0,36,23,13,62,0,0
33261,1000000US170316813001009,54,0,54,0,0,0,0,54,0,0,54,0,35,31,4,67,0,0
33262,1000000US170316813001010,0,0,0,0,0,0,0,0,0,0,0,0,0,0,0,0,0,0
33263,1000000US170316813001011,57,0,57,0,0,0,0,57,0,0,57,0,30,26,4,83,0,0
33264,1000000US170316813001012,0,0,0,0,0,0,0,0,0,0,0,0,0,0,0,0,0,0
33265,1000000US170316813001013,0,0,0,0,0,0,0,0,0,0,0,0,0,0,0,0,0,0
33266,1000000US170316813001014,40,0,40,0,0,0,0,40,0,0,40,0,26,21,5,66,0,0
33267,1000000US170316813001015,23,0,23,0,0,0,0,23,0,0,23,0,14,13,1,35,0,0
33268,1000000US170316813001016,31,0,31,0,0,0,0,31,0,0,31,0,26,12,14,44,0,0
33269,1000000US170316813001017,27,0,27,0,0,0,0,27,0,0,27,0,14,11,3,41,0,0
33270,1000000US170316813001018,25,0,25,0,0,0,3,22,0,3,25,0,14,13,1,39,0,3
33271,1000000US170316813001019,0,0,0,0,0,0,0,0,0,0,0,0,0,0,0,0,0,0
33272,1000000US170316813001020,29,0,29,0,0,0,0,29,0,0,29,0,15,14,1,45,0,0
33273,1000000US170316813002000,19,0,19,0,0,0,0,19,0,0,19,0,17,9,8,27,0,0
33274,1000000US170316813002001,18,0,18,0,0,0,0,18,0,0,18,0,16,6,10,30,0,0
33275,1000000US170316813002002,73,0,73,0,0,0,0,73,0,0,73,0,40,30,10,114,0,0
33276,1000000US170316813002003,35,0,35,0,0,0,0,35,0,0,35,0,44,14,30,52,0,0
33277,1000000US170316813002004,56,0,56,0,0,0,0,56,0,0,56,0,33,19,14,108,0,0
33278,1000000US170316813002005,28,0,28,0,0,0,0,28,0,0,28,0,20,15,5,44,0,0
33279,1000000US170316813002006,52,0,52,0,0,0,0,52,0,0,52,0,31,23,8,88,0,0
33280,1000000US170316813002007,0,0,0,0,0,0,0,0,0,0,0,0,0,0,0,0,0,0
33281,1000000US170316813002008,0,0,0,0,0,0,0,0,0,0,0,0,0,0,0,0,0,0
33282,1000000US170316813002009,81,0,80,0,0,1,0,81,0,0,81,0,47,44,3,98,0,0
33283,1000000US170316813002010,40,0,39,1,0,0,0,40,0,0,40,0,27,21,6,56,1,0
33284,1000000US170316813002011,76,0,76,0,0,0,0,76,0,0,76,0,49,33,16,111,0,0
33285,1000000US170316813002012,67,0,67,0,0,0,2,65,0,2,67,0,49,34,15,111,0,2
33286,1000000US170316813002013,65,0,65,0,0,0,0,65,0,0,65,0,34,28,6,99,0,0
33287,1000000US170316813002014,10,0,10,0,0,0,0,10,0,0,10,0,10,5,5,12,0,0
33288,1000000US170316813002015,4,0,4,0,0,0,0,4,0,0,4,0,3,3,0,4,0,0
33289,1000000US170316813002016,0,0,0,0,0,0,0,0,0,0,0,0,0,0,0,0,0,0
33290,1000000US170316813002017,49,1,48,0,0,0,0,49,0,0,48,0,31,24,7,77,0,0
33291,1000000US170316813003000,67,0,66,2,0,0,0,67,0,0,67,1,51,38,13,97,1,0
33292,1000000US170316813003001,51,0,51,1,0,0,1,50,0,1,51,1,45,28,17,73,1,1
33293,1000000US170316813003002,72,0,71,0,1,0,0,72,0,0,72,1,57,40,17,105,0,0
33294,1000000US170316813003003,16,0,15,0,0,0,0,16,0,0,16,0,12,9,3,18,0,0
33295,1000000US170316813003004,2,0,2,0,0,0,0,2,0,0,2,0,4,1,3,2,0,0
33296,1000000US170316813003005,5,0,5,0,0,0,0,5,0,0,5,0,4,2,2,7,0,0
33297,1000000US170316813003006,92,0,90,5,0,0,0,92,0,0,92,4,72,57,15,111,4,0
33298,1000000US170316813003007,54,0,51,0,0,3,0,54,0,0,54,3,31,28,3,72,0,0
33299,1000000US170316813003008,0,0,0,0,0,0,0,0,0,0,0,0,0,0,0,0,0,0
33300,1000000US170316813003009,0,0,0,0,0,0,0,0,0,0,0,0,0,0,0,0,0,0
33301,1000000US170316813003010,0,0,0,0,0,0,0,0,0,0,0,0,0,0,0,0,0,0
33302,1000000US170316813003011,62,0,62,0,0,0,0,62,0,0,62,0,37,34,3,86,0,0
33303,1000000US170316813003012,60,0,60,0,0,0,1,59,0,1,60,1,38,26,12,106,0,1
33304,1000000US170316813003013,68,2,65,0,0,0,1,67,0,1,66,1,33,31,2,91,0,0
33305,1000000US170316814001000,5,0,5,0,0,0,1,4,0,1,5,0,1,1,0,5,0,1
33306,1000000US170316814001001,0,0,0,0,0,0,0,0,0,0,0,0,0,0,0,0,0,0
33307,1000000US170316814001002,16,0,16,0,0,0,0,16,0,0,16,0,5,5,0,22,0,0
33308,1000000US170316814001003,28,0,28,0,0,0,0,28,0,0,28,0,17,10,7,45,0,0
33309,1000000US170316814001004,9,0,9,0,0,0,0,9,0,0,9,0,4,3,1,10,0,0
33310,1000000US170316814001005,26,0,26,0,0,0,0,26,0,0,26,0,17,13,4,34,0,0
33311,1000000US170316814001006,55,0,55,0,0,0,0,55,0,0,55,0,30,29,1,82,0,0
33312,1000000US170316814001007,23,0,23,1,0,0,0,23,0,0,23,2,28,14,14,36,1,0
33313,1000000US170316814001008,31,0,31,0,0,0,0,31,0,0,31,0,18,15,3,40,0,0
33314,1000000US170316814001009,10,0,10,0,0,0,0,10,0,0,10,0,10,9,1,12,0,0
33315,1000000US170316814001010,31,0,31,0,0,0,0,31,0,0,31,0,22,15,7,49,0,0
33316,1000000US170316814001011,69,2,67,0,0,0,0,69,0,0,67,0,34,30,4,85,0,0
33317,1000000US170316814001012,48,0,48,0,0,0,0,48,0,0,48,0,28,21,7,65,0,0
33318,1000000US170316814001013,51,0,51,0,0,0,0,51,0,0,51,0,25,21,4,87,0,0
33319,1000000US170316814001014,39,0,38,1,0,0,1,38,0,1,39,2,25,18,7,62,1,0
33320,1000000US170316814002000,6,0,5,0,0,0,0,6,0,0,6,0,6,4,2,8,0,0
33321,1000000US170316814002001,8,0,8,0,0,0,0,8,0,0,8,0,7,3,4,10,0,0
33322,1000000US170316814002002,27,0,27,0,0,0,0,27,0,0,27,0,23,13,10,39,0,0
33323,1000000US170316814002003,49,0,49,0,0,0,0,49,0,0,49,0,20,18,2,82,0,0
33324,1000000US170316814002004,39,0,38,1,0,0,0,39,0,0,39,0,23,19,4,47,1,0
33325,1000000US170316814002005,69,0,67,2,0,0,1,68,0,1,69,0,30,26,4,98,2,1
33326,1000000US170316814002006,61,0,61,0,0,0,0,61,0,0,61,0,32,26,6,92,0,0
33327,1000000US170316814002007,35,0,35,0,0,0,0,35,0,0,35,0,19,13,6,43,0,0
33328,1000000US170316814002008,14,0,14,0,0,0,0,14,0,0,14,0,7,5,2,21,0,0
33329,1000000US170316814002009,3,0,3,0,0,0,0,3,0,0,3,0,4,3,1,6,0,0
33330,1000000US170316814002010,14,0,14,2,0,0,0,14,0,0,14,2,8,7,1,15,2,0
33331,1000000US170316814002011,58,0,58,0,0,0,0,58,0,0,58,0,34,32,2,94,0,0
33332,1000000US170316814002012,38,0,38,0,0,0,0,38,0,0,38,0,26,14,12,50,0,0
33333,1000000US170316814002013,49,0,49,0,0,0,0,49,0,0,49,0,21,18,3,70,0,0
33334,1000000US170316814002014,65,1,64,0,0,0,0,65,0,0,64,0,35,27,8,75,0,0
33335,1000000US170316814002015,44,1,42,0,0,0,4,40,0,4,43,0,22,20,2,60,0,3
33336,1000000US170316814003000,6,0,6,0,0,0,0,6,0,0,6,0,14,2,12,9,0,0
33337,1000000US170316814003001,48,1,47,0,0,0,0,48,0,0,47,1,31,25,6,70,0,0
33338,1000000US170316814003002,53,0,53,0,0,0,0,53,0,0,53,0,32,27,5,68,0,0
33339,1000000US170316814003003,41,0,41,0,0,0,0,41,0,0,41,0,33,22,11,55,0,0
33340,1000000US170316814003004,53,0,53,0,1,0,2,51,0,2,53,3,36,22,14,76,0,2
33341,1000000US170316814003005,59,0,59,0,0,0,0,59,0,0,59,0,27,20,7,93,0,0
33342,1000000US170316814003006,50,0,50,0,0,0,0,50,0,0,50,0,30,19,11,62,0,0
33343,1000000US170316814003007,65,0,65,0,0,0,0,65,0,0,65,0,28,25,3,105,0,0
33344,1000000US170316814003008,36,0,36,0,0,0,0,36,0,0,36,0,21,17,4,46,0,0
33345,1000000US170316814003009,35,0,35,0,0,0,0,35,0,0,35,0,19,17,2,58,0,0
33346,1000000US170316814003010,49,0,49,0,0,0,0,49,0,0,49,0,15,15,0,68,0,0
33347,1000000US170316814003011,47,0,47,0,0,0,0,47,0,0,47,0,25,21,4,71,0,0
33348,1000000US170316814003012,0,0,0,0,0,0,0,0,0,0,0,0,0,0,0,0,0,0
33349,1000000US170316814003013,37,0,37,0,0,0,0,37,0,0,37,0,15,15,0,48,0,0
33350,1000000US170316814003014,29,0,28,0,0,0,4,25,0,4,29,1,16,13,3,47,0,3
33351,1000000US170316814003015,39,0,39,0,0,0,0,39,0,0,39,0,18,15,3,60,0,0
33352,1000000US170316814003016,10,0,10,0,0,0,0,10,0,0,10,0,10,6,4,13,0,0
33353,1000000US170316814003017,32,1,31,0,0,0,0,32,0,0,31,0,14,13,1,38,0,0
33354,1000000US170316814003018,28,1,27,0,0,0,0,28,0,0,27,0,20,12,8,46,0,0
33355,1000000US170316814003019,1,0,1,0,0,0,0,1,0,0,1,0,1,1,0,1,0,0
33356,1000000US170316814003020,0,0,0,0,0,0,0,0,0,0,0,0,0,0,0,0,0,0
33357,1000000US170316814003021,0,0,0,0,0,0,0,0,0,0,0,0,0,0,0,0,0,0
33358,1000000US170316814003022,0,0,0,0,0,0,0,0,0,0,0,0,0,0,0,0,0,0
33359,1000000US170316814003023,0,0,0,0,0,0,0,0,0,0,0,0,0,0,0,0,0,0
33360,1000000US170316814004000,44,0,44,0,0,0,0,44,0,0,44,0,20,16,4,64,0,0
33361,1000000US170316814004001,49,0,46,1,0,0,2,47,0,2,49,0,26,22,4,68,1,0
33362,1000000US170316814004002,48,0,48,0,0,0,0,48,0,0,48,0,38,23,15,73,0,0
33363,1000000US170316814004003,55,0,55,0,0,0,0,55,0,0,55,0,24,23,1,86,0,0
33364,1000000US170316814004004,54,0,54,0,0,0,0,54,0,0,54,0,30,23,7,67,0,0
33365,1000000US170316814004005,42,0,42,0,0,0,0,42,0,0,42,0,27,21,6,64,0,0
33366,1000000US170316814004006,52,0,52,0,0,0,0,52,0,0,52,0,33,22,11,69,0,0
33367,1000000US170316814004007,39,0,39,0,0,0,0,39,0,0,39,3,20,13,7,52,0,0
33368,1000000US170316814004008,41,0,41,0,0,0,0,41,0,0,41,0,28,24,4,78,0,0
33369,1000000US170316814004009,35,0,35,0,0,0,0,35,0,0,35,0,28,14,14,45,0,0
33370,1000000US170316814004010,15,0,15,0,0,0,0,15,0,0,15,0,10,7,3,28,0,0
33371,1000000US170316814004011,5,0,5,0,0,0,0,5,0,0,5,0,2,2,0,6,0,0
33372,1000000US170316814004012,45,1,44,0,0,0,0,45,0,0,44,0,24,21,3,69,0,0
33373,1000000US170316903001000,0,0,0,0,0,0,0,0,0,0,0,0,0,0,0,0,0,0
33374,1000000US170316903001001,0,0,0,0,0,0,0,0,0,0,0,0,0,0,0,0,0,0
33375,1000000US170316903001002,0,0,0,0,0,0,0,0,0,0,0,0,0,0,0,0,0,0
33376,1000000US170316903001003,0,0,0,0,0,0,0,0,0,0,0,0,0,0,0,0,0,0
33377,1000000US170316903001004,56,0,56,0,0,0,1,55,0,1,56,0,24,20,4,85,0,1
33378,1000000US170316903001005,38,0,38,0,0,0,0,38,0,0,38,0,27,25,2,59,0,0
33379,1000000US170316903001006,177,0,177,0,0,0,3,174,0,3,177,0,113,101,12,267,0,3
33380,1000000US170316903001007,0,0,0,0,0,0,0,0,0,0,0,0,0,0,0,0,0,0
33381,1000000US170316903001008,0,0,0,0,0,0,0,0,0,0,0,0,0,0,0,0,0,0
33382,1000000US170316903001009,0,0,0,0,0,0,0,0,0,0,0,0,0,0,0,0,0,0
33383,1000000US170316903001010,51,0,50,2,1,0,0,51,0,0,51,2,26,26,0,67,2,0
33384,1000000US170316903001011,91,0,91,0,0,0,0,91,0,0,91,0,59,55,4,123,0,0
33385,1000000US170316903001012,0,0,0,0,0,0,0,0,0,0,0,0,0,0,0,0,0,0
33386,1000000US170316903002000,0,0,0,0,0,0,0,0,0,0,0,0,0,0,0,0,0,0
33387,1000000US170316903002001,0,0,0,0,0,0,0,0,0,0,0,0,0,0,0,0,0,0
33388,1000000US170316903002002,0,0,0,0,0,0,0,0,0,0,0,0,0,0,0,0,0,0
33389,1000000US170316903002003,0,0,0,0,0,0,0,0,0,0,0,0,0,0,0,0,0,0
33390,1000000US170316903002004,0,0,0,0,0,0,0,0,0,0,0,0,0,0,0,0,0,0
33391,1000000US170316903002005,0,0,0,0,0,0,0,0,0,0,0,0,0,0,0,0,0,0
33392,1000000US170316903002006,0,0,0,0,0,0,0,0,0,0,0,0,0,0,0,0,0,0
33393,1000000US170316903002007,58,0,58,0,0,0,1,57,0,1,58,0,52,52,0,58,0,1
33394,1000000US170316903002008,22,0,20,7,0,0,0,22,0,0,22,7,19,12,7,27,7,0
33395,1000000US170316903002009,45,0,45,0,0,0,0,45,0,0,45,0,26,23,3,67,0,0
33396,1000000US170316903002010,41,1,40,0,0,0,0,41,0,0,40,0,25,21,4,62,0,0
33397,1000000US170316903002011,460,14,440,4,0,1,11,449,0,11,446,1,95,61,34,503,4,9
33398,1000000US170316903002012,28,0,28,0,0,0,0,28,0,0,28,0,13,13,0,39,0,0
33399,1000000US170316903002013,1,0,1,0,0,0,0,1,0,0,1,0,18,1,17,5,0,0
33400,1000000US170316903002014,0,0,0,0,0,0,0,0,0,0,0,0,23,0,23,0,0,0
33401,1000000US170316903002015,46,1,44,1,0,0,0,46,0,0,45,0,45,21,24,74,1,0
33402,1000000US170316903002016,54,0,54,1,0,0,0,54,0,0,54,1,38,30,8,87,1,0
33403,1000000US170316903002017,16,0,16,0,0,0,0,16,0,0,16,0,9,4,5,21,0,0
33404,1000000US170316903002018,55,0,55,0,0,0,0,55,0,0,55,0,36,28,8,93,0,0
33405,1000000US170316903002019,41,0,41,0,0,0,0,41,0,0,41,0,33,31,2,42,0,0
33406,1000000US170316903002020,28,0,28,0,0,0,0,28,0,0,28,0,21,14,7,44,0,0
33407,1000000US170316903002021,0,0,0,0,0,0,0,0,0,0,0,0,0,0,0,0,0,0
33408,1000000US170316903002022,267,0,266,0,0,1,5,262,0,5,267,1,195,184,11,468,0,4
33409,1000000US170316903002023,0,0,0,0,0,0,0,0,0,0,0,0,0,0,0,0,0,0
33410,1000000US170316903002024,0,0,0,0,0,0,0,0,0,0,0,0,0,0,0,0,0,0
33411,1000000US170316903002025,0,0,0,0,0,0,0,0,0,0,0,0,0,0,0,0,0,0
33412,1000000US170316903002026,0,0,0,0,0,0,0,0,0,0,0,0,0,0,0,0,0,0
33413,1000000US170316903002027,0,0,0,0,0,0,0,0,0,0,0,0,0,0,0,0,0,0
33414,1000000US170316903002028,0,0,0,0,0,0,0,0,0,0,0,0,0,0,0,0,0,0
33415,1000000US170316903002029,0,0,0,0,0,0,0,0,0,0,0,0,0,0,0,0,0,0
33416,1000000US170316903002030,0,0,0,0,0,0,0,0,0,0,0,0,0,0,0,0,0,0
33417,1000000US170316903002031,0,0,0,0,0,0,0,0,0,0,0,0,0,0,0,0,0,0
33418,1000000US170316903002032,0,0,0,0,0,0,0,0,0,0,0,0,0,0,0,0,0,0
33419,1000000US170316903002033,0,0,0,0,0,0,0,0,0,0,0,0,0,0,0,0,0,0
33420,1000000US170316903002034,0,0,0,0,0,0,0,0,0,0,0,0,0,0,0,0,0,0
33421,1000000US170316903002035,0,0,0,0,0,0,0,0,0,0,0,0,0,0,0,0,0,0
33422,1000000US170316903002036,0,0,0,0,0,0,0,0,0,0,0,0,0,0,0,0,0,0
33423,1000000US170316903002037,0,0,0,0,0,0,0,0,0,0,0,0,0,0,0,0,0,0
33424,1000000US170316903002038,0,0,0,0,0,0,0,0,0,0,0,0,0,0,0,0,0,0
33425,1000000US170316903002039,0,0,0,0,0,0,0,0,0,0,0,0,0,0,0,0,0,0
33426,1000000US170316904001000,0,0,0,0,0,0,0,0,0,0,0,0,0,0,0,0,0,0
33427,1000000US170316904001001,0,0,0,0,0,0,0,0,0,0,0,0,0,0,0,0,0,0
33428,1000000US170316904001002,0,0,0,0,0,0,0,0,0,0,0,0,0,0,0,0,0,0
33429,1000000US170316904001003,0,0,0,0,0,0,0,0,0,0,0,0,0,0,0,0,0,0
33430,1000000US170316904001004,82,1,81,0,0,0,0,82,0,0,81,0,51,45,6,103,0,0
33431,1000000US170316904001005,0,0,0,0,0,0,0,0,0,0,0,0,0,0,0,0,0,0
33432,1000000US170316904001006,42,0,42,1,0,0,2,40,0,2,42,1,38,25,13,53,1,2
33433,1000000US170316904001007,35,0,35,0,0,0,0,35,0,0,35,2,24,18,6,50,0,0
33434,1000000US170316904001008,7,0,7,0,0,0,0,7,0,0,7,0,4,3,1,7,0,0
33435,1000000US170316904001009,45,0,44,1,0,0,1,44,0,1,45,0,35,29,6,64,1,0
33436,1000000US170316904001010,85,0,84,0,0,0,0,85,0,0,85,2,47,36,11,113,0,0
33437,1000000US170316904001011,2,0,2,0,0,0,0,2,0,0,2,1,1,1,0,4,0,0
33438,1000000US170316904001012,53,0,52,1,0,0,0,53,0,0,53,1,29,24,5,73,1,0
33439,1000000US170316904001013,6,0,6,0,0,0,0,6,0,0,6,0,4,3,1,7,0,0
33440,1000000US170316904001014,31,0,31,0,0,0,0,31,0,0,31,0,26,17,9,37,0,0
33441,1000000US170316904001015,29,0,29,0,0,0,0,29,0,0,29,0,26,16,10,34,0,0
33442,1000000US170316904001016,0,0,0,0,0,0,0,0,0,0,0,0,0,0,0,0,0,0
33443,1000000US170316904001017,173,0,172,0,0,0,2,171,0,2,173,4,129,99,30,241,0,1
33444,1000000US170316904001018,0,0,0,0,0,0,0,0,0,0,0,0,1,0,1,0,0,0
33445,1000000US170316904002000,59,0,59,0,0,0,0,59,0,0,59,0,31,22,9,82,0,0
33446,1000000US170316904002001,58,0,57,2,0,0,0,58,0,0,58,1,41,33,8,93,2,0
33447,1000000US170316904002002,11,0,11,0,0,0,0,11,0,0,11,0,5,5,0,16,0,0
33448,1000000US170316904002003,0,0,0,0,0,0,0,0,0,0,0,0,0,0,0,0,0,0
33449,1000000US170316904002004,67,0,67,1,0,0,0,67,0,0,67,1,37,33,4,98,1,0
33450,1000000US170316904002005,26,0,26,0,0,0,0,26,0,0,26,0,19,12,7,30,0,0
33451,1000000US170316904002006,0,0,0,0,0,0,0,0,0,0,0,0,0,0,0,0,0,0
33452,1000000US170316904002007,22,0,22,0,0,0,0,22,0,0,22,0,50,14,36,45,0,0
33453,1000000US170316904002008,59,0,59,0,0,0,0,59,0,0,59,0,37,32,5,77,0,0
33454,1000000US170316904002009,0,0,0,0,0,0,0,0,0,0,0,0,0,0,0,0,0,0
33455,1000000US170316904002010,21,0,21,0,0,0,0,21,0,0,21,0,13,12,1,26,0,0
33456,1000000US170316904002011,21,0,21,0,0,0,0,21,0,0,21,0,12,11,1,27,0,0
33457,1000000US170316904002012,4,0,4,0,0,0,0,4,0,0,4,0,4,4,0,7,0,0
33458,1000000US170316904002013,0,0,0,0,0,0,0,0,0,0,0,0,0,0,0,0,0,0
33459,1000000US170316904002014,7,0,7,0,0,0,0,7,0,0,7,0,5,4,1,8,0,0
33460,1000000US170316904002015,58,0,58,0,0,0,1,57,0,1,58,0,38,35,3,70,0,1
33461,1000000US170316904002016,53,0,52,1,0,0,0,53,0,0,53,0,32,29,3,62,1,0
33462,1000000US170316904002017,9,0,9,0,0,0,0,9,0,0,9,0,5,5,0,12,0,0
33463,1000000US170316904002018,32,0,32,0,0,0,0,32,0,0,32,0,23,20,3,51,0,0
33464,1000000US170316904002019,48,1,46,0,0,0,1,47,0,1,47,0,28,25,3,68,0,1
33465,1000000US170316904002020,28,0,28,0,0,0,0,28,0,0,28,0,15,11,4,40,0,0
33466,1000000US170316904002021,7,0,7,0,0,0,0,7,0,0,7,0,3,3,0,7,0,0
33467,1000000US170316904002022,23,0,23,0,0,0,0,23,0,0,23,0,16,15,1,30,0,0
33468,1000000US170316904002023,18,0,18,0,0,0,0,18,0,0,18,0,10,9,1,20,0,0
33469,1000000US170316904002024,5,0,5,0,0,0,0,5,0,0,5,0,4,3,1,6,0,0
33470,1000000US170316904002025,0,0,0,0,0,0,0,0,0,0,0,0,1,0,1,0,0,0
33471,1000000US170316904002026,88,0,86,0,1,0,2,86,0,2,88,2,77,52,25,112,0,0
33472,1000000US170316904002027,8,0,8,0,0,0,0,8,0,0,8,0,9,5,4,13,0,0
33473,1000000US170316904002028,24,0,24,0,0,0,0,24,0,0,24,0,28,15,13,36,0,0
33474,1000000US170316904003000,74,1,73,0,0,0,0,74,0,0,73,0,45,41,4,109,0,0
33475,1000000US170316904003001,80,1,75,0,2,0,2,78,0,2,79,3,50,47,3,95,0,0
33476,1000000US170316904003002,94,0,93,0,1,0,0,94,0,0,94,0,56,45,11,133,0,0
33477,1000000US170316904003003,68,1,66,2,1,0,0,68,0,0,67,1,52,37,15,89,1,0
33478,1000000US170316904003004,66,0,66,0,0,0,0,66,0,0,66,0,51,42,9,97,0,0
33479,1000000US170316904003005,0,0,0,0,0,0,0,0,0,0,0,0,0,0,0,0,0,0
33480,1000000US170316904003006,0,0,0,0,0,0,0,0,0,0,0,0,0,0,0,0,0,0
33481,1000000US170316904003007,52,0,52,0,0,0,0,52,0,0,52,0,34,30,4,61,0,0
33482,1000000US170316904003008,27,0,27,0,0,0,0,27,0,0,27,0,28,20,8,36,0,0
33483,1000000US170316904003009,35,2,33,0,0,0,0,35,0,0,33,0,40,21,19,49,0,0
33484,1000000US170316904003010,44,0,44,0,0,0,0,44,0,0,44,1,39,21,18,53,0,0
33485,1000000US170316904003011,48,0,48,0,0,0,0,48,0,0,48,0,29,22,7,61,0,0
33486,1000000US170316904003012,0,0,0,0,0,0,0,0,0,0,0,0,0,0,0,0,0,0
33487,1000000US170316904004000,88,0,88,0,0,0,1,87,0,1,88,1,72,55,17,105,0,1
33488,1000000US170316904004001,44,0,44,0,1,0,0,44,0,0,44,1,30,27,3,58,0,0
33489,1000000US170316904004002,79,0,79,0,0,0,0,79,0,0,79,0,55,43,12,99,0,0
33490,1000000US170316904004003,46,0,43,3,0,0,3,43,0,3,46,2,37,24,13,63,3,0
33491,1000000US170316904004004,51,0,51,0,0,0,0,51,0,0,51,0,27,23,4,58,0,0
33492,1000000US170316904004005,0,0,0,0,0,0,0,0,0,0,0,0,0,0,0,0,0,0
33493,1000000US170316904004006,0,0,0,0,0,0,0,0,0,0,0,0,0,0,0,0,0,0
33494,1000000US170316904004007,0,0,0,0,0,0,0,0,0,0,0,0,0,0,0,0,0,0
33495,1000000US170316904004008,20,1,18,0,0,0,1,19,0,1,19,0,9,7,2,29,0,0
33496,1000000US170316904004009,53,0,52,0,0,0,1,52,0,1,53,0,33,26,7,77,0,0
33497,1000000US170316904004010,58,0,58,0,0,0,0,58,0,0,58,0,43,34,9,85,0,0
33498,1000000US170316904004011,79,0,78,0,0,0,4,75,0,4,79,0,46,44,2,106,0,4
33499,1000000US170316904004012,85,0,85,0,0,0,0,85,0,0,85,0,63,55,8,109,0,0
33500,1000000US170316904004013,54,0,54,0,0,0,3,51,0,3,54,0,40,35,5,70,0,3
33501,1000000US170316905001000,0,0,0,0,0,0,0,0,0,0,0,0,0,0,0,0,0,0
33502,1000000US170316905001001,0,0,0,0,0,0,0,0,0,0,0,0,0,0,0,0,0,0
33503,1000000US170316905001002,0,0,0,0,0,0,0,0,0,0,0,0,0,0,0,0,0,0
33504,1000000US170316905001003,0,0,0,0,0,0,0,0,0,0,0,0,2,0,2,0,0,0
33505,1000000US170316905001004,22,0,22,0,0,0,0,22,0,0,22,0,16,9,7,24,0,0
33506,1000000US170316905001005,28,0,28,0,0,0,1,27,0,1,28,1,35,16,19,35,0,1
33507,1000000US170316905001006,51,0,50,0,0,0,1,50,0,1,51,0,24,21,3,65,0,1
33508,1000000US170316905001007,62,0,62,0,0,0,1,61,0,1,62,0,47,34,13,78,0,1
33509,1000000US170316905001008,13,0,13,0,0,0,0,13,0,0,13,0,4,4,0,17,0,0
33510,1000000US170316905001009,0,0,0,0,0,0,0,0,0,0,0,0,0,0,0,0,0,0
33511,1000000US170316905001010,24,0,24,0,0,0,0,24,0,0,24,0,20,12,8,37,0,0
33512,1000000US170316905001011,0,0,0,0,0,0,0,0,0,0,0,0,0,0,0,0,0,0
33513,1000000US170316905001012,0,0,0,0,0,0,0,0,0,0,0,0,0,0,0,0,0,0
33514,1000000US170316905001013,0,0,0,0,0,0,0,0,0,0,0,0,0,0,0,0,0,0
33515,1000000US170316905001014,0,0,0,0,0,0,0,0,0,0,0,0,0,0,0,0,0,0
33516,1000000US170316905001015,0,0,0,0,0,0,0,0,0,0,0,0,0,0,0,0,0,0
33517,1000000US170316905001016,0,0,0,0,0,0,0,0,0,0,0,0,0,0,0,0,0,0
33518,1000000US170316905001017,56,0,56,0,0,0,1,55,0,1,56,0,32,25,7,72,0,1
33519,1000000US170316905001018,29,1,28,0,0,0,0,29,0,0,28,1,16,11,5,40,0,0
33520,1000000US170316905001019,45,0,45,0,0,0,0,45,0,0,45,0,32,21,11,60,0,0
33521,1000000US170316905001020,55,1,54,0,0,0,0,55,0,0,54,0,31,28,3,72,0,0
33522,1000000US170316905001021,24,0,24,0,0,0,0,24,0,0,24,0,21,17,4,26,0,0
33523,1000000US170316905001022,21,0,21,0,0,0,0,21,0,0,21,0,14,9,5,25,0,0
33524,1000000US170316905001023,0,0,0,0,0,0,0,0,0,0,0,0,0,0,0,0,0,0
33525,1000000US170316905001024,43,0,43,0,0,0,0,43,0,0,43,0,21,18,3,52,0,0
33526,1000000US170316905001025,54,0,53,0,0,0,1,53,0,1,54,1,49,37,12,72,0,0
33527,1000000US170316905001026,77,0,77,0,1,0,0,77,0,0,77,1,54,38,16,100,0,0
33528,1000000US170316905001027,29,0,29,0,0,0,0,29,0,0,29,0,26,13,13,47,0,0
33529,1000000US170316905001028,49,2,47,0,0,0,0,49,0,0,47,0,36,27,9,55,0,0
33530,1000000US170316905001029,0,0,0,0,0,0,0,0,0,0,0,0,0,0,0,0,0,0
33531,1000000US170316909001000,0,0,0,0,0,0,0,0,0,0,0,0,13,0,13,0,0,0
33532,1000000US170316909001001,0,0,0,0,0,0,0,0,0,0,0,0,0,0,0,0,0,0
33533,1000000US170316909001002,0,0,0,0,0,0,0,0,0,0,0,0,0,0,0,0,0,0
33534,1000000US170316909001003,0,0,0,0,0,0,0,0,0,0,0,0,0,0,0,0,0,0
33535,1000000US170316909001004,9,0,9,0,0,0,0,9,0,0,9,0,6,6,0,9,0,0
33536,1000000US170316909001005,11,0,11,0,0,0,0,11,0,0,11,0,8,5,3,19,0,0
33537,1000000US170316909001006,36,0,36,0,0,0,0,36,0,0,36,0,14,11,3,56,0,0
33538,1000000US170316909001007,89,0,89,0,0,0,0,89,0,0,89,1,59,52,7,124,0,0
33539,1000000US170316909001008,78,1,77,0,0,0,0,78,0,0,77,0,59,41,18,112,0,0
33540,1000000US170316909001009,44,0,43,0,0,0,2,42,0,2,44,0,41,28,13,64,0,1
33541,1000000US170316909001010,27,0,27,0,0,0,0,27,0,0,27,0,25,14,11,41,0,0
33542,1000000US170316909001011,64,0,64,0,0,0,0,64,0,0,64,0,45,37,8,89,0,0
33543,1000000US170316909001012,111,0,111,7,0,0,0,111,0,0,111,10,58,52,6,151,0,0
33544,1000000US170316909001013,14,0,14,0,0,0,0,14,0,0,14,0,7,7,0,22,0,0
33545,1000000US170316909002000,18,0,18,0,0,0,0,18,0,0,18,0,26,13,13,21,0,0
33546,1000000US170316909002001,47,0,47,0,0,0,0,47,0,0,47,0,31,25,6,84,0,0
33547,1000000US170316909002002,31,0,31,0,0,0,0,31,0,0,31,0,24,17,7,43,0,0
33548,1000000US170316909002003,38,0,38,0,0,0,1,37,0,1,38,0,38,22,16,55,0,1
33549,1000000US170316909002004,71,0,71,0,0,0,0,71,0,0,71,0,46,41,5,85,0,0
33550,1000000US170316909002005,64,0,64,0,0,0,2,62,0,2,64,0,32,28,4,86,0,2
33551,1000000US170316909002006,41,0,41,0,0,0,0,41,0,0,41,0,27,18,9,59,0,0
33552,1000000US170316909002007,16,0,16,2,0,0,0,16,0,0,16,2,17,10,7,24,0,0
33553,1000000US170316909002008,44,0,44,0,0,0,0,44,0,0,44,0,25,25,0,66,0,0
33554,1000000US170316909002009,40,0,40,0,0,0,0,40,0,0,40,0,21,15,6,65,0,0
33555,1000000US170316909002010,11,0,11,0,0,0,0,11,0,0,11,0,7,5,2,18,0,0
33556,1000000US170316909002011,4,0,4,0,0,0,0,4,0,0,4,0,7,2,5,7,0,0
33557,1000000US170316909002012,5,0,5,0,0,0,0,5,0,0,5,0,4,4,0,5,0,0
33558,1000000US170316909003000,65,0,65,0,0,0,2,63,0,2,65,0,32,28,4,100,0,2
33559,1000000US170316909003001,66,1,65,0,0,0,0,66,0,0,65,2,40,32,8,84,0,0
33560,1000000US170316909003002,49,1,48,0,0,0,0,49,0,0,48,0,49,30,19,68,0,0
33561,1000000US170316909003003,63,0,63,1,0,0,0,63,0,0,63,1,51,41,10,73,1,0
33562,1000000US170316909003004,62,0,54,10,2,0,0,62,0,0,62,3,34,31,3,84,10,0
33563,1000000US170316909003005,63,0,63,0,0,0,0,63,0,0,63,2,28,28,0,77,0,0
33564,1000000US170316909003006,68,0,68,0,0,0,2,66,0,2,68,0,44,37,7,79,0,2
33565,1000000US170316909003007,54,0,54,0,1,0,0,54,0,0,54,1,45,36,9,64,0,0
33566,1000000US170316909003008,69,1,68,1,0,0,0,69,0,0,68,1,52,47,5,99,0,0
33567,1000000US170316909003009,20,0,20,0,0,0,0,20,0,0,20,0,18,14,4,30,0,0
33568,1000000US170316909003010,48,0,47,1,0,0,0,48,0,0,48,0,28,21,7,77,1,0
33569,1000000US170316909003011,40,0,40,0,0,0,0,40,0,0,40,0,25,18,7,50,0,0
33570,1000000US170316909003012,11,0,11,0,0,0,0,11,0,0,11,0,6,6,0,11,0,0
33571,1000000US170316909003013,15,0,15,0,0,0,0,15,0,0,15,0,11,11,0,22,0,0
33572,1000000US170316909003014,27,0,26,1,0,0,0,27,0,0,27,2,18,16,2,43,1,0
33573,1000000US170316909004000,42,0,42,0,0,0,0,42,0,0,42,0,30,20,10,69,0,0
33574,1000000US170316909004001,50,0,50,0,0,0,0,50,0,0,50,0,38,27,11,72,0,0
33575,1000000US170316909004002,44,0,42,2,0,0,0,44,0,0,44,0,33,18,15,53,2,0
33576,1000000US170316909004003,56,1,55,0,0,0,1,55,0,1,55,1,45,29,16,86,0,1
33577,1000000US170316909004004,70,0,70,0,0,0,0,70,0,0,70,2,50,43,7,97,0,0
33578,1000000US170316909004005,69,0,69,0,0,0,0,69,0,0,69,2,44,42,2,103,0,0
33579,1000000US170316909004006,51,0,51,0,0,0,1,50,0,1,51,0,30,28,2,63,0,1
33580,1000000US170316909004007,60,1,58,0,1,0,0,60,0,0,59,0,44,33,11,67,0,0
33581,1000000US170316909004008,71,2,67,0,2,0,0,71,0,0,69,0,43,40,3,98,0,0
33582,1000000US170316909004009,66,0,66,0,0,0,1,65,0,1,66,0,45,38,7,94,0,1
33583,1000000US170316909004010,36,0,36,0,0,0,0,36,0,0,36,0,23,17,6,46,0,0
33584,1000000US170316909004011,68,0,68,0,0,0,1,67,0,1,68,0,46,37,9,108,0,1
33585,1000000US170316909005000,58,0,58,0,0,0,0,58,0,0,58,0,45,37,8,72,0,0
33586,1000000US170316909005001,75,0,74,1,0,0,1,74,0,1,75,1,47,43,4,108,0,0
33587,1000000US170316909005002,32,0,31,2,0,0,1,31,0,1,32,1,26,17,9,42,1,1
33588,1000000US170316909005003,60,0,60,0,0,0,1,59,0,1,60,1,49,39,10,85,0,1
33589,1000000US170316909005004,87,0,86,1,0,0,2,85,0,2,87,4,59,53,6,96,1,2
33590,1000000US170316909005005,67,0,67,0,1,0,0,67,0,0,67,2,44,41,3,87,0,0
33591,1000000US170316909005006,32,0,32,0,0,0,1,31,0,1,32,0,26,21,5,48,0,1
33592,1000000US170316909005007,61,1,59,0,1,0,1,60,0,1,60,0,36,33,3,84,0,1
33593,1000000US170316909005008,46,0,46,0,0,0,1,45,0,1,46,2,27,25,2,65,0,1
33594,1000000US170316909005009,47,1,43,3,1,0,0,47,0,0,46,1,26,25,1,64,3,0
33595,1000000US170316909005010,98,1,97,3,0,0,0,98,0,0,97,3,60,57,3,116,2,0
33596,1000000US170316909005011,47,0,47,0,0,0,1,46,0,1,47,0,43,30,13,63,0,1
33597,1000000US170316909005012,67,0,67,0,0,0,0,67,0,0,67,1,43,34,9,81,0,0
33598,1000000US170316909005013,30,0,30,0,0,0,0,30,0,0,30,0,19,18,1,34,0,0
33599,1000000US170316909005014,42,0,42,0,0,0,1,41,0,1,42,0,31,25,6,49,0,1
33600,1000000US170316909005015,81,0,80,1,0,0,0,81,0,0,81,0,52,40,12,107,1,0
33601,1000000US170316909005016,33,0,33,0,0,0,0,33,0,0,33,0,20,19,1,43,0,0
33602,1000000US170316909005017,13,0,13,0,0,0,0,13,0,0,13,0,5,5,0,17,0,0
33603,1000000US170316909005018,33,0,33,0,0,0,0,33,0,0,33,0,26,25,1,37,0,0
33604,1000000US170316910001000,53,0,53,0,0,0,0,53,0,0,53,0,39,33,6,65,0,0
33605,1000000US170316910001001,21,0,21,0,2,0,0,21,0,0,21,2,13,10,3,22,0,0
33606,1000000US170316910001002,49,0,49,0,0,0,1,48,0,1,49,0,30,25,5,58,0,1
33607,1000000US170316910001003,47,0,47,0,0,0,0,47,0,0,47,0,62,28,34,62,0,0
33608,1000000US170316910001004,41,0,41,0,0,0,0,41,0,0,41,0,22,20,2,50,0,0
33609,1000000US170316910001005,43,0,42,0,0,0,1,42,0,1,43,0,21,20,1,63,0,0
33610,1000000US170316910001006,47,0,47,0,0,0,0,47,0,0,47,0,36,32,4,63,0,0
33611,1000000US170316910001007,30,0,30,0,0,0,0,30,0,0,30,0,17,14,3,34,0,0
33612,1000000US170316910001008,42,1,41,0,0,0,0,42,0,0,41,0,39,29,10,57,0,0
33613,1000000US170316910001009,48,0,48,2,0,0,0,48,0,0,48,2,29,29,0,58,2,0
33614,1000000US170316910001010,54,0,54,0,0,0,0,54,0,0,54,0,35,29,6,65,0,0
33615,1000000US170316910002000,65,0,65,0,0,0,1,64,0,1,65,0,56,48,8,87,0,1
33616,1000000US170316910002001,53,3,50,0,0,0,0,53,0,0,50,0,45,34,11,66,0,0
33617,1000000US170316910002002,45,3,41,0,2,0,0,45,0,0,42,3,23,23,0,54,0,0
33618,1000000US170316910002003,29,0,29,0,0,0,0,29,0,0,29,0,16,16,0,33,0,0
33619,1000000US170316910002004,29,0,29,0,0,0,0,29,0,0,29,0,16,15,1,32,0,0
33620,1000000US170316910002005,37,0,36,0,1,0,0,37,0,0,37,1,22,20,2,50,0,0
33621,1000000US170316910002006,38,0,38,1,0,0,0,38,0,0,38,1,17,17,0,42,1,0
33622,1000000US170316910002007,50,0,50,0,0,0,0,50,0,0,50,0,39,32,7,63,0,0
33623,1000000US170316910002008,52,0,52,0,0,0,0,52,0,0,52,0,31,29,2,64,0,0
33624,1000000US170316910002009,47,0,47,0,0,0,0,47,0,0,47,0,33,31,2,50,0,0
33625,1000000US170316910002010,32,0,32,0,0,0,0,32,0,0,32,0,22,19,3,33,0,0
33626,1000000US170316910002011,54,0,53,0,0,0,0,54,0,0,54,0,26,24,2,71,0,0
33627,1000000US170316910002012,0,0,0,0,0,0,0,0,0,0,0,0,0,0,0,0,0,0
33628,1000000US170316910002013,11,0,11,0,0,0,0,11,0,0,11,0,8,8,0,12,0,0
33629,1000000US170316910003000,48,0,48,1,0,0,2,46,0,2,48,1,25,24,1,60,1,2
33630,1000000US170316910003001,63,0,61,0,1,0,3,60,0,3,63,0,41,40,1,83,0,2
33631,1000000US170316910003002,50,0,49,1,0,0,0,50,0,0,50,0,32,29,3,55,1,0
33632,1000000US170316910003003,56,0,56,0,0,0,0,56,0,0,56,0,29,28,1,69,0,0
33633,1000000US170316910003004,64,1,63,0,0,0,2,62,0,2,63,2,39,39,0,82,0,2
33634,1000000US170316910003005,0,0,0,0,0,0,0,0,0,0,0,0,0,0,0,0,0,0
33635,1000000US170316910003006,0,0,0,0,0,0,0,0,0,0,0,0,0,0,0,0,0,0
33636,1000000US170316910003007,39,1,38,0,0,0,0,39,0,0,38,0,31,26,5,45,0,0
33637,1000000US170316910003008,57,0,57,0,0,0,1,56,0,1,57,0,40,36,4,65,0,1
33638,1000000US170316910003009,29,0,29,0,0,0,0,29,0,0,29,0,13,12,1,35,0,0
33639,1000000US170316910003010,53,0,53,0,0,0,1,52,0,1,53,0,26,26,0,62,0,1
33640,1000000US170316910003011,51,0,51,0,0,0,1,50,0,1,51,0,27,26,1,63,0,1
33641,1000000US170316910004000,41,0,41,0,0,0,1,40,0,1,41,0,28,21,7,55,0,1
33642,1000000US170316910004001,66,1,65,0,0,0,1,65,0,1,65,1,36,33,3,75,0,1
33643,1000000US170316910004002,34,1,33,0,0,0,0,34,0,0,33,0,29,21,8,42,0,0
33644,1000000US170316910004003,46,0,46,0,0,0,0,46,0,0,46,0,34,24,10,61,0,0
33645,1000000US170316910004004,52,0,52,0,0,0,0,52,0,0,52,0,33,28,5,71,0,0
33646,1000000US170316910004005,0,0,0,0,0,0,0,0,0,0,0,0,0,0,0,0,0,0
33647,1000000US170316910004006,0,0,0,0,0,0,0,0,0,0,0,0,0,0,0,0,0,0
33648,1000000US170316910004007,26,1,25,0,0,0,0,26,0,0,25,0,16,12,4,38,0,0
33649,1000000US170316910004008,37,0,37,0,0,0,0,37,0,0,37,0,28,19,9,51,0,0
33650,1000000US170316910004009,84,0,82,2,0,0,0,84,0,0,84,0,48,47,1,96,2,0
33651,1000000US170316910004010,40,0,40,0,0,0,0,40,0,0,40,0,30,25,5,57,0,0
33652,1000000US170316910004011,66,0,63,0,0,0,3,63,0,3,66,0,43,38,5,73,0,0
33653,1000000US170316911001000,0,0,0,0,0,0,0,0,0,0,0,0,0,0,0,0,0,0
33654,1000000US170316911001001,0,0,0,0,0,0,0,0,0,0,0,0,0,0,0,0,0,0
33655,1000000US170316911001002,0,0,0,0,0,0,0,0,0,0,0,0,0,0,0,0,0,0
33656,1000000US170316911001003,0,0,0,0,0,0,0,0,0,0,0,0,0,0,0,0,0,0
33657,1000000US170316911001004,0,0,0,0,0,0,0,0,0,0,0,0,0,0,0,0,0,0
33658,1000000US170316911001005,56,0,56,0,0,0,0,56,0,0,56,0,40,34,6,70,0,0
33659,1000000US170316911001006,39,0,30,0,0,0,9,30,0,9,39,0,25,16,9,47,0,0
33660,1000000US170316911001007,0,0,0,0,0,0,0,0,0,0,0,0,0,0,0,0,0,0
33661,1000000US170316911001008,7,0,7,0,0,0,0,7,0,0,7,0,8,5,3,12,0,0
33662,1000000US170316911001009,0,0,0,0,0,0,0,0,0,0,0,0,0,0,0,0,0,0
33663,1000000US170316911001010,54,0,53,2,0,0,0,54,0,0,54,1,37,30,7,77,2,0
33664,1000000US170316911001011,0,0,0,0,0,0,0,0,0,0,0,0,0,0,0,0,0,0
33665,1000000US170316911001012,0,0,0,0,0,0,0,0,0,0,0,0,0,0,0,0,0,0
33666,1000000US170316911001013,0,0,0,0,0,0,0,0,0,0,0,0,0,0,0,0,0,0
33667,1000000US170316911001014,0,0,0,0,0,0,0,0,0,0,0,0,0,0,0,0,0,0
33668,1000000US170316911001015,0,0,0,0,0,0,0,0,0,0,0,0,0,0,0,0,0,0
33669,1000000US170316911001016,0,0,0,0,0,0,0,0,0,0,0,0,0,0,0,0,0,0
33670,1000000US170316911001017,0,0,0,0,0,0,0,0,0,0,0,0,0,0,0,0,0,0
33671,1000000US170316911001018,0,0,0,0,0,0,0,0,0,0,0,0,0,0,0,0,0,0
33672,1000000US170316911001019,0,0,0,0,0,0,0,0,0,0,0,0,0,0,0,0,0,0
33673,1000000US170316911001020,0,0,0,0,0,0,0,0,0,0,0,0,0,0,0,0,0,0
33674,1000000US170316911001021,0,0,0,0,0,0,0,0,0,0,0,0,0,0,0,0,0,0
33675,1000000US170316911001022,17,0,17,0,0,0,0,17,0,0,17,0,8,8,0,23,0,0
33676,1000000US170316911001023,0,0,0,0,0,0,0,0,0,0,0,0,0,0,0,0,0,0
33677,1000000US170316911001024,0,0,0,0,0,0,0,0,0,0,0,0,0,0,0,0,0,0
33678,1000000US170316911001025,101,0,101,0,0,0,0,101,0,0,101,0,62,47,15,148,0,0
33679,1000000US170316911001026,6,0,6,0,0,0,0,6,0,0,6,0,6,3,3,6,0,0
33680,1000000US170316911001027,0,0,0,0,0,0,0,0,0,0,0,0,0,0,0,0,0,0
33681,1000000US170316911001028,43,0,43,0,0,0,0,43,0,0,43,0,32,28,4,59,0,0
33682,1000000US170316911001029,36,0,36,0,0,0,0,36,0,0,36,0,22,18,4,49,0,0
33683,1000000US170316911001030,38,0,38,0,0,0,0,38,0,0,38,0,21,17,4,52,0,0
33684,1000000US170316911001031,18,0,18,0,0,0,0,18,0,0,18,0,12,12,0,31,0,0
33685,1000000US170316911002000,57,0,57,0,0,0,0,57,0,0,57,0,30,26,4,90,0,0
33686,1000000US170316911002001,13,0,13,0,0,0,0,13,0,0,13,0,22,12,10,26,0,0
33687,1000000US170316911002002,26,0,26,0,0,0,0,26,0,0,26,0,18,15,3,29,0,0
33688,1000000US170316911002003,112,0,112,2,0,0,0,112,0,0,112,2,56,53,3,171,2,0
33689,1000000US170316911002004,44,2,40,0,3,1,1,43,0,1,42,1,21,8,13,72,0,1
33690,1000000US170316911002005,35,0,35,0,0,0,0,35,0,0,35,0,20,17,3,49,0,0
33691,1000000US170316911002006,34,0,34,0,0,0,0,34,0,0,34,0,27,20,7,51,0,0
33692,1000000US170316911002007,0,0,0,0,0,0,0,0,0,0,0,0,6,0,6,0,0,0
33693,1000000US170316911002008,17,0,17,0,0,0,0,17,0,0,17,0,19,14,5,35,0,0
33694,1000000US170316911002009,47,0,47,0,0,0,0,47,0,0,47,0,31,24,7,83,0,0
33695,1000000US170316911002010,61,0,59,2,0,0,0,61,0,0,61,0,35,32,3,79,2,0
33696,1000000US170316911002011,37,0,37,0,0,0,0,37,0,0,37,0,20,20,0,43,0,0
33697,1000000US170316911002012,19,0,19,0,0,0,0,19,0,0,19,0,12,11,1,30,0,0
33698,1000000US170316911002013,25,0,25,0,0,0,0,25,0,0,25,0,16,16,0,42,0,0
33699,1000000US170316911003000,11,0,11,0,0,0,0,11,0,0,11,0,8,5,3,12,0,0
33700,1000000US170316911003001,33,0,33,0,0,0,0,33,0,0,33,0,31,20,11,35,0,0
33701,1000000US170316911003002,53,0,52,1,0,0,0,53,0,0,53,0,37,28,9,71,1,0
33702,1000000US170316911003003,112,0,111,1,0,0,1,111,0,1,112,0,88,69,19,135,1,1
33703,1000000US170316911003004,19,0,19,0,0,0,0,19,0,0,19,0,17,10,7,26,0,0
33704,1000000US170316911003005,52,0,52,0,0,0,0,52,0,0,52,0,33,23,10,74,0,0
33705,1000000US170316911003006,60,0,60,0,0,0,0,60,0,0,60,0,38,33,5,90,0,0
33706,1000000US170316911003007,53,0,53,0,0,0,0,53,0,0,53,0,44,34,10,80,0,0
33707,1000000US170316911003008,12,0,12,0,0,0,2,10,0,2,12,0,13,7,6,13,0,2
33708,1000000US170316911003009,104,2,102,0,0,1,3,101,0,3,102,1,64,49,15,150,0,3
33709,1000000US170316911004000,38,0,38,0,0,0,0,38,0,0,38,0,28,25,3,46,0,0
33710,1000000US170316911004001,124,0,124,1,1,0,0,124,0,0,124,2,106,100,6,133,1,0
33711,1000000US170316911004002,30,0,29,1,0,0,0,30,0,0,30,0,21,13,8,40,1,0
33712,1000000US170316911004003,48,0,48,0,0,0,0,48,0,0,48,0,26,23,3,74,0,0
33713,1000000US170316911004004,57,0,57,0,0,0,0,57,0,0,57,0,27,21,6,82,0,0
33714,1000000US170316911004005,20,0,20,0,0,0,0,20,0,0,20,0,15,13,2,28,0,0
33715,1000000US170316911004006,24,2,22,0,0,0,0,24,0,0,22,0,11,9,2,29,0,0
33716,1000000US170316911004007,55,0,55,0,1,0,1,54,0,1,55,1,45,19,26,71,0,1
33717,1000000US170316911004008,19,0,19,0,0,0,0,19,0,0,19,0,15,9,6,37,0,0
33718,1000000US170316911004009,0,0,0,0,0,0,0,0,0,0,0,0,0,0,0,0,0,0
33719,1000000US170316911004010,151,0,150,0,0,0,1,150,0,1,151,2,94,63,31,218,0,0
33720,1000000US170316911004011,35,0,35,0,0,0,0,35,0,0,35,0,24,20,4,50,0,0
33721,1000000US170316911004012,50,1,48,0,0,0,1,49,0,1,49,0,36,26,10,74,0,0
33722,1000000US170316911004013,0,0,0,0,0,0,0,0,0,0,0,0,0,0,0,0,0,0
33723,1000000US170316911004014,39,3,36,0,0,0,0,39,0,0,36,0,22,17,5,58,0,0
33724,1000000US170316911004015,34,0,34,0,0,0,0,34,0,0,34,1,19,16,3,54,0,0
33725,1000000US170316911004016,23,0,23,3,0,1,0,23,0,0,23,3,13,13,0,45,3,0
33726,1000000US170316911004017,19,1,13,0,0,0,6,13,0,6,18,0,6,5,1,29,0,1
33727,1000000US170316911004018,49,0,49,0,0,0,0,49,0,0,49,0,30,27,3,66,0,0
33728,1000000US170316911004019,32,0,32,0,0,0,0,32,0,0,32,0,15,15,0,54,0,0
33729,1000000US170316911004020,0,0,0,0,0,0,0,0,0,0,0,0,0,0,0,0,0,0
33730,1000000US170316911004021,8,0,8,0,0,0,1,7,0,1,8,0,10,5,5,18,0,1
33731,1000000US170316912001000,0,0,0,0,0,0,0,0,0,0,0,0,0,0,0,0,0,0
33732,1000000US170316912001001,0,0,0,0,0,0,0,0,0,0,0,0,0,0,0,0,0,0
33733,1000000US170316912001002,39,0,39,0,0,0,0,39,0,0,39,0,21,17,4,56,0,0
33734,1000000US170316912001003,116,0,114,0,0,0,1,115,0,1,116,0,65,59,6,193,0,0
33735,1000000US170316912001004,87,2,85,0,0,0,0,87,0,0,85,0,57,40,17,121,0,0
33736,1000000US170316912001005,140,0,140,0,0,0,0,140,0,0,140,0,81,70,11,224,0,0
33737,1000000US170316912001006,0,0,0,0,0,0,0,0,0,0,0,0,0,0,0,0,0,0
33738,1000000US170316912001007,72,0,72,0,0,0,0,72,0,0,72,0,37,31,6,115,0,0
33739,1000000US170316912001008,38,0,38,0,0,0,0,38,0,0,38,0,23,18,5,63,0,0
33740,1000000US170316912001009,0,0,0,0,0,0,0,0,0,0,0,0,0,0,0,0,0,0
33741,1000000US170316912001010,76,2,74,2,1,0,0,76,0,0,74,3,63,52,11,177,2,0
33742,1000000US170316912001011,0,0,0,0,0,0,0,0,0,0,0,0,0,0,0,0,0,0
33743,1000000US170316912001012,0,0,0,0,0,0,0,0,0,0,0,0,0,0,0,0,0,0
33744,1000000US170316912001013,6,0,6,0,0,0,0,6,0,0,6,0,5,5,0,6,0,0
33745,1000000US170316912001014,8,0,8,0,0,0,0,8,0,0,8,0,15,5,10,12,0,0
33746,1000000US170316912001015,29,0,29,0,0,0,0,29,0,0,29,1,34,9,25,40,0,0
33747,1000000US170316912001016,149,0,149,0,0,0,0,149,0,0,149,0,109,70,39,206,0,0
33748,1000000US170316912001017,129,1,127,1,0,0,0,129,0,0,128,3,65,56,9,176,1,0
33749,1000000US170316912001018,34,0,34,0,0,0,0,34,0,0,34,0,25,17,8,60,0,0
33750,1000000US170316912002000,0,0,0,0,0,0,0,0,0,0,0,0,0,0,0,0,0,0
33751,1000000US170316912002001,0,0,0,0,0,0,0,0,0,0,0,0,0,0,0,0,0,0
33752,1000000US170316912002002,0,0,0,0,0,0,0,0,0,0,0,0,0,0,0,0,0,0
33753,1000000US170316912002003,31,0,31,0,0,0,0,31,0,0,31,0,15,15,0,36,0,0
33754,1000000US170316912002004,41,0,41,0,0,0,0,41,0,0,41,0,22,20,2,55,0,0
33755,1000000US170316912002005,47,0,47,0,0,0,0,47,0,0,47,0,23,21,2,56,0,0
33756,1000000US170316912002006,5,0,5,0,0,0,0,5,0,0,5,0,4,3,1,5,0,0
33757,1000000US170316912002007,43,0,43,0,0,0,0,43,0,0,43,0,31,25,6,50,0,0
33758,1000000US170316912002008,120,0,120,0,0,0,1,119,0,1,120,0,80,68,12,177,0,1
33759,1000000US170316912002009,0,0,0,0,0,0,0,0,0,0,0,0,0,0,0,0,0,0
33760,1000000US170316912002010,0,0,0,0,0,0,0,0,0,0,0,0,0,0,0,0,0,0
33761,1000000US170316912002011,0,0,0,0,0,0,0,0,0,0,0,0,0,0,0,0,0,0
33762,1000000US170316912002012,0,0,0,0,0,0,0,0,0,0,0,0,0,0,0,0,0,0
33763,1000000US170316912002013,57,0,57,0,0,0,0,57,0,0,57,0,30,27,3,68,0,0
33764,1000000US170316912002014,46,0,46,0,0,0,0,46,0,0,46,0,27,26,1,53,0,0
33765,1000000US170316912002015,0,0,0,0,0,0,0,0,0,0,0,0,0,0,0,0,0,0
33766,1000000US170316912002016,0,0,0,0,0,0,0,0,0,0,0,0,0,0,0,0,0,0
33767,1000000US170316912002017,0,0,0,0,0,0,0,0,0,0,0,0,0,0,0,0,0,0
33768,1000000US170316912002018,10,0,10,0,0,0,0,10,0,0,10,0,11,7,4,12,0,0
33769,1000000US170316912002019,20,0,20,0,0,0,0,20,0,0,20,0,11,10,1,30,0,0
33770,1000000US170316912002020,14,0,14,0,0,0,0,14,0,0,14,0,9,8,1,16,0,0
33771,1000000US170316912002021,44,0,43,1,0,0,0,44,0,0,44,2,26,24,2,59,0,0
33772,1000000US170316912002022,27,1,26,0,0,0,0,27,0,0,26,0,18,17,1,37,0,0
33773,1000000US170316912002023,1,0,1,0,0,0,0,1,0,0,1,0,3,1,2,1,0,0
33774,1000000US170316912002024,1,0,1,0,0,0,0,1,0,0,1,0,2,1,1,1,0,0
33775,1000000US170316912002025,14,0,14,0,0,0,0,14,0,0,14,0,6,5,1,14,0,0
33776,1000000US170316912002026,0,0,0,0,0,0,0,0,0,0,0,0,0,0,0,0,0,0
33777,1000000US170316912002027,0,0,0,0,0,0,0,0,0,0,0,0,0,0,0,0,0,0
33778,1000000US170316912002028,16,0,16,0,0,0,0,16,0,0,16,0,9,8,1,18,0,0
33779,1000000US170316912002029,17,0,17,0,0,0,0,17,0,0,17,0,10,7,3,19,0,0
33780,1000000US170316912002030,13,0,13,0,0,0,0,13,0,0,13,0,5,5,0,16,0,0
33781,1000000US170316912002031,9,0,9,0,0,0,0,9,0,0,9,0,5,5,0,9,0,0
33782,1000000US170316912002032,0,0,0,0,0,0,0,0,0,0,0,0,0,0,0,0,0,0
33783,1000000US170316912002033,11,0,11,0,0,0,0,11,0,0,11,0,8,8,0,15,0,0
33784,1000000US170316912002034,12,0,12,0,0,0,0,12,0,0,12,0,9,9,0,14,0,0
33785,1000000US170316912003000,0,0,0,0,0,0,0,0,0,0,0,0,1,0,1,0,0,0
33786,1000000US170316912003001,39,0,39,0,0,0,0,39,0,0,39,0,47,24,23,50,0,0
33787,1000000US170316912003002,33,0,33,0,0,0,0,33,0,0,33,0,23,20,3,51,0,0
33788,1000000US170316912003003,78,0,77,1,0,0,0,78,0,0,78,0,50,45,5,113,1,0
33789,1000000US170316912003004,83,1,82,0,0,0,0,83,0,0,82,0,60,50,10,124,0,0
33790,1000000US170316912003005,0,0,0,0,0,0,0,0,0,0,0,0,0,0,0,0,0,0
33791,1000000US170316912003006,52,0,52,3,0,0,0,52,0,0,52,3,27,25,2,78,2,0
33792,1000000US170316912003007,0,0,0,0,0,0,0,0,0,0,0,0,0,0,0,0,0,0
33793,1000000US170316912003008,0,0,0,0,0,0,0,0,0,0,0,0,0,0,0,0,0,0
33794,1000000US170316912003009,0,0,0,0,0,0,0,0,0,0,0,0,0,0,0,0,0,0
33795,1000000US170316912003010,10,0,10,0,0,0,0,10,0,0,10,0,5,4,1,13,0,0
33796,1000000US170316912003011,42,1,41,0,0,0,0,42,0,0,41,0,24,21,3,56,0,0
33797,1000000US170316912003012,104,0,103,1,0,0,0,104,0,0,104,2,60,50,10,142,1,0
33798,1000000US170316912003013,0,0,0,0,0,0,0,0,0,0,0,0,0,0,0,0,0,0
33799,1000000US170316912003014,0,0,0,0,0,0,0,0,0,0,0,0,0,0,0,0,0,0
33800,1000000US170316912003015,0,0,0,0,0,0,0,0,0,0,0,0,0,0,0,0,0,0
33801,1000000US170316912003016,5,0,5,0,0,0,1,4,0,1,5,0,5,5,0,10,0,1
33802,1000000US170316912003017,0,0,0,0,0,0,0,0,0,0,0,0,0,0,0,0,0,0
33803,1000000US170316912003018,0,0,0,0,0,0,0,0,0,0,0,0,0,0,0,0,0,0
33804,1000000US170316912003019,0,0,0,0,0,0,0,0,0,0,0,0,0,0,0,0,0,0
33805,1000000US170316912003020,0,0,0,0,0,0,0,0,0,0,0,0,0,0,0,0,0,0
33806,1000000US170316912003021,0,0,0,0,0,0,0,0,0,0,0,0,0,0,0,0,0,0
33807,1000000US170316912003022,0,0,0,0,0,0,0,0,0,0,0,0,0,0,0,0,0,0
33808,1000000US170316912003023,0,0,0,0,0,0,0,0,0,0,0,0,0,0,0,0,0,0
33809,1000000US170316913001000,37,1,35,1,0,0,1,36,0,1,36,0,37,30,7,39,1,1
33810,1000000US170316913001001,56,0,56,0,0,0,0,56,0,0,56,0,46,30,16,66,0,0
33811,1000000US170316913001002,44,0,44,1,0,0,0,44,0,0,44,3,24,21,3,54,0,0
33812,1000000US170316913001003,54,0,50,1,0,0,4,50,0,4,54,0,25,23,2,83,1,0
33813,1000000US170316913001004,40,0,40,0,0,0,0,40,0,0,40,0,19,14,5,49,0,0
33814,1000000US170316913001005,0,0,0,0,0,0,0,0,0,0,0,0,0,0,0,0,0,0
33815,1000000US170316913001006,0,0,0,0,0,0,0,0,0,0,0,0,0,0,0,0,0,0
33816,1000000US170316913001007,46,0,46,0,0,0,0,46,0,0,46,0,18,18,0,62,0,0
33817,1000000US170316913001008,52,0,52,0,0,0,0,52,0,0,52,0,29,26,3,64,0,0
33818,1000000US170316913001009,40,0,40,0,0,0,0,40,0,0,40,0,23,21,2,47,0,0
33819,1000000US170316913001010,0,0,0,0,0,0,0,0,0,0,0,0,0,0,0,0,0,0
33820,1000000US170316913001011,0,0,0,0,0,0,0,0,0,0,0,0,0,0,0,0,0,0
33821,1000000US170316913001012,33,0,33,0,0,0,0,33,0,0,33,0,20,19,1,44,0,0
33822,1000000US170316913001013,61,0,61,0,0,0,0,61,0,0,61,0,33,33,0,67,0,0
33823,1000000US170316913001014,35,0,35,0,0,0,0,35,0,0,35,0,18,18,0,42,0,0
33824,1000000US170316913001015,40,0,40,0,0,0,0,40,0,0,40,0,20,18,2,45,0,0
33825,1000000US170316913001016,30,0,30,0,0,0,4,26,0,4,30,0,16,15,1,38,0,4
33826,1000000US170316913001017,33,0,33,0,0,0,0,33,0,0,33,1,17,16,1,46,0,0
33827,1000000US170316913001018,31,0,31,0,0,0,0,31,0,0,31,0,14,13,1,35,0,0
33828,1000000US170316913001019,38,3,35,0,0,0,2,36,0,2,35,3,21,19,2,48,0,2
33829,1000000US170316913001020,64,0,53,0,0,0,11,53,0,11,64,2,37,30,7,71,0,0
33830,1000000US170316913001021,54,0,53,4,0,0,3,51,0,3,54,5,43,39,4,61,0,2
33831,1000000US170316913001022,38,0,38,0,0,0,0,38,0,0,38,0,24,22,2,49,0,0
33832,1000000US170316913001023,57,0,57,0,0,0,3,54,0,3,57,0,32,31,1,64,0,3
33833,1000000US170316913001024,59,0,58,1,0,0,0,59,0,0,59,0,33,31,2,90,1,0
33834,1000000US170316913001025,25,0,25,0,0,0,0,25,0,0,25,0,14,12,2,37,0,0
33835,1000000US170316913001026,50,0,50,0,0,0,0,50,0,0,50,0,24,19,5,60,0,0
33836,1000000US170316913002000,47,0,47,0,0,0,0,47,0,0,47,0,22,22,0,63,0,0
33837,1000000US170316913002001,45,0,44,0,0,0,2,43,0,2,45,0,21,20,1,58,0,1
33838,1000000US170316913002002,64,0,64,0,0,0,0,64,0,0,64,0,32,31,1,83,0,0
33839,1000000US170316913002003,55,0,54,2,0,0,0,55,0,0,55,1,36,33,3,66,2,0
33840,1000000US170316913002004,64,1,63,0,0,0,0,64,0,0,63,0,51,46,5,80,0,0
33841,1000000US170316913002005,45,2,43,0,0,0,0,45,0,0,43,2,24,24,0,58,0,0
33842,1000000US170316913002006,37,0,37,0,0,0,0,37,0,0,37,0,23,19,4,42,0,0
33843,1000000US170316913002007,36,0,35,0,1,0,0,36,0,0,36,0,22,19,3,40,0,0
33844,1000000US170316913002008,56,0,55,0,0,0,1,55,0,1,56,1,33,30,3,73,0,0
33845,1000000US170316913002009,36,0,36,0,0,0,0,36,0,0,36,0,19,19,0,44,0,0
33846,1000000US170316913002010,58,0,58,4,0,0,0,58,0,0,58,4,36,32,4,68,3,0
33847,1000000US170316913002011,0,0,0,0,0,0,0,0,0,0,0,0,0,0,0,0,0,0
33848,1000000US170316913002012,0,0,0,0,0,0,0,0,0,0,0,0,0,0,0,0,0,0
33849,1000000US170316913002013,25,0,25,0,0,0,0,25,0,0,25,0,13,11,2,34,0,0
33850,1000000US170316913002014,37,0,37,0,0,0,0,37,0,0,37,0,21,19,2,44,0,0
33851,1000000US170316913002015,63,0,62,0,0,0,1,62,0,1,63,0,40,32,8,80,0,0
33852,1000000US170316913002016,35,0,35,0,0,0,0,35,0,0,35,0,22,20,2,50,0,0
33853,1000000US170316913002017,43,0,43,0,0,0,0,43,0,0,43,0,23,19,4,58,0,0
33854,1000000US170316913002018,51,1,50,0,0,0,0,51,0,0,50,0,27,25,2,61,0,0
33855,1000000US170316913002019,59,0,59,0,0,0,0,59,0,0,59,1,38,37,1,66,0,0
33856,1000000US170316913002020,0,0,0,0,0,0,0,0,0,0,0,0,0,0,0,0,0,0
33857,1000000US170316913002021,38,0,37,0,0,0,1,37,0,1,38,0,32,27,5,55,0,0
33858,1000000US170316913002022,30,0,30,0,0,0,0,30,0,0,30,0,12,12,0,32,0,0
33859,1000000US170316913002023,0,0,0,0,0,0,0,0,0,0,0,0,0,0,0,0,0,0
33860,1000000US170316913002024,0,0,0,0,0,0,0,0,0,0,0,0,0,0,0,0,0,0
33861,1000000US170316913002025,26,0,26,2,0,0,0,26,0,0,26,2,27,21,6,32,2,0
33862,1000000US170316913002026,0,0,0,0,0,0,0,0,0,0,0,0,0,0,0,0,0,0
33863,1000000US170316913002027,0,0,0,0,0,0,0,0,0,0,0,0,0,0,0,0,0,0
33864,1000000US170316914001000,16,0,16,0,0,0,0,16,0,0,16,0,14,9,5,17,0,0
33865,1000000US170316914001001,13,0,13,0,0,0,0,13,0,0,13,0,5,5,0,25,0,0
33866,1000000US170316914001002,19,0,19,0,0,0,0,19,0,0,19,0,16,12,4,22,0,0
33867,1000000US170316914001003,44,0,44,1,0,0,0,44,0,0,44,3,34,23,11,76,1,0
33868,1000000US170316914001004,13,0,13,0,0,0,0,13,0,0,13,0,6,6,0,16,0,0
33869,1000000US170316914001005,48,1,46,1,0,0,0,48,0,0,47,0,25,23,2,57,1,0
33870,1000000US170316914001006,52,0,52,0,0,0,3,49,0,3,52,0,38,30,8,71,0,3
33871,1000000US170316914001007,58,0,56,0,0,0,2,56,0,2,58,0,27,27,0,88,0,0
33872,1000000US170316914001008,42,0,42,0,0,0,0,42,0,0,42,0,27,21,6,50,0,0
33873,1000000US170316914001009,49,0,49,1,0,0,0,49,0,0,49,1,33,28,5,65,1,0
33874,1000000US170316914001010,42,0,42,0,0,0,0,42,0,0,42,0,31,23,8,52,0,0
33875,1000000US170316914001011,49,0,49,0,0,0,0,49,0,0,49,0,33,28,5,66,0,0
33876,1000000US170316914001012,31,0,31,0,0,0,0,31,0,0,31,0,28,25,3,41,0,0
33877,1000000US170316914001013,10,0,10,0,0,0,0,10,0,0,10,0,7,7,0,11,0,0
33878,1000000US170316914002000,7,0,7,0,0,0,0,7,0,0,7,0,5,3,2,7,0,0
33879,1000000US170316914002001,63,0,63,1,0,0,0,63,0,0,63,1,46,42,4,86,0,0
33880,1000000US170316914002002,44,1,43,0,0,0,0,44,0,0,43,0,27,18,9,70,0,0
33881,1000000US170316914002003,48,0,48,0,1,0,1,47,0,1,48,1,24,21,3,74,0,1
33882,1000000US170316914002004,47,1,46,0,0,0,0,47,0,0,46,0,36,26,10,63,0,0
33883,1000000US170316914002005,35,7,28,2,0,0,2,33,0,2,28,3,19,16,3,47,1,2
33884,1000000US170316914002006,21,0,20,0,0,0,3,18,0,3,21,0,18,13,5,31,0,3
33885,1000000US170316914002007,51,1,50,1,0,0,0,51,0,0,50,1,23,21,2,66,1,0
33886,1000000US170316914002008,41,0,41,0,0,0,0,41,0,0,41,0,25,21,4,55,0,0
33887,1000000US170316914002009,39,0,39,0,0,0,0,39,0,0,39,2,23,21,2,51,0,0
33888,1000000US170316914002010,62,1,61,5,0,0,0,62,0,0,61,5,40,31,9,82,4,0
33889,1000000US170316914002011,15,0,15,0,0,0,0,15,0,0,15,0,14,11,3,19,0,0
33890,1000000US170316914002012,18,0,18,1,0,0,0,18,0,0,18,1,28,14,14,26,0,0
33891,1000000US170316914002013,40,0,40,0,0,0,0,40,0,0,40,0,26,26,0,64,0,0
33892,1000000US170316914002014,25,0,25,0,0,0,0,25,0,0,25,0,14,13,1,32,0,0
33893,1000000US170316914003000,31,0,31,0,0,0,0,31,0,0,31,1,20,15,5,36,0,0
33894,1000000US170316914003001,55,1,54,0,0,0,0,55,0,0,54,0,26,24,2,73,0,0
33895,1000000US170316914003002,51,0,51,0,0,1,0,51,0,0,51,1,33,31,2,70,0,0
33896,1000000US170316914003003,38,0,38,0,0,0,0,38,0,0,38,0,29,17,12,42,0,0
33897,1000000US170316914003004,42,0,42,0,0,0,0,42,0,0,42,0,22,16,6,55,0,0
33898,1000000US170316914003005,37,0,37,0,0,0,0,37,0,0,37,0,21,19,2,47,0,0
33899,1000000US170316914003006,28,0,28,0,0,0,0,28,0,0,28,0,15,13,2,46,0,0
33900,1000000US170316914003007,31,0,31,0,0,0,0,31,0,0,31,0,15,15,0,38,0,0
33901,1000000US170316914003008,38,1,37,0,0,0,0,38,0,0,37,0,17,17,0,46,0,0
33902,1000000US170316914003009,44,0,44,0,0,0,0,44,0,0,44,1,21,18,3,55,0,0
33903,1000000US170316914003010,35,0,35,0,0,0,0,35,0,0,35,0,26,19,7,45,0,0
33904,1000000US170316914003011,52,0,52,0,0,0,0,52,0,0,52,0,34,31,3,79,0,0
33905,1000000US170316914003012,27,0,27,0,0,0,0,27,0,0,27,0,16,14,2,39,0,0
33906,1000000US170316914004000,3,0,3,2,0,0,0,3,0,0,3,2,5,3,2,7,1,0
33907,1000000US170316914004001,3,0,3,0,0,0,0,3,0,0,3,0,3,2,1,3,0,0
33908,1000000US170316914004002,6,0,6,0,0,0,0,6,0,0,6,0,4,4,0,9,0,0
33909,1000000US170316914004003,35,0,35,0,0,0,0,35,0,0,35,0,18,15,3,56,0,0
33910,1000000US170316914004004,39,0,39,0,0,0,0,39,0,0,39,0,23,17,6,55,0,0
33911,1000000US170316914004005,27,0,27,0,0,0,0,27,0,0,27,0,23,16,7,32,0,0
33912,1000000US170316914004006,42,0,42,0,0,0,0,42,0,0,42,0,34,19,15,70,0,0
33913,1000000US170316914004007,45,0,45,0,0,0,0,45,0,0,45,0,29,25,4,58,0,0
33914,1000000US170316914004008,62,4,57,1,0,0,1,61,0,1,58,3,35,32,3,88,0,1
33915,1000000US170316914004009,37,2,35,0,0,0,1,36,0,1,35,0,32,27,5,50,0,1
33916,1000000US170316914004010,23,1,22,0,0,0,0,23,0,0,22,0,22,17,5,29,0,0
33917,1000000US170316914004011,39,0,38,0,0,0,0,39,0,0,39,0,30,24,6,50,0,0
33918,1000000US170316914004012,39,0,39,0,0,0,0,39,0,0,39,0,26,23,3,54,0,0
33919,1000000US170316914004013,54,0,54,0,0,0,2,52,0,2,54,1,27,26,1,73,0,2
33920,1000000US170316914004014,35,0,35,0,0,0,0,35,0,0,35,0,20,16,4,47,0,0
33921,1000000US170316914005000,15,0,15,0,3,0,0,15,0,0,15,3,8,8,0,19,0,0
33922,1000000US170316914005001,18,0,17,0,0,0,1,17,0,1,18,0,14,11,3,25,0,0
33923,1000000US170316914005002,35,2,33,0,0,0,1,34,0,1,33,0,18,15,3,54,0,1
33924,1000000US170316914005003,46,1,45,0,0,0,1,45,0,1,45,1,32,24,8,63,0,1
33925,1000000US170316914005004,32,0,32,0,0,0,0,32,0,0,32,0,19,18,1,36,0,0
33926,1000000US170316914005005,50,0,50,1,0,0,0,50,0,0,50,1,23,21,2,70,1,0
33927,1000000US170316914005006,51,0,50,1,0,0,0,51,0,0,51,5,26,24,2,59,0,0
33928,1000000US170316914005007,36,0,36,0,0,0,0,36,0,0,36,0,25,20,5,48,0,0
33929,1000000US170316914005008,22,0,22,0,0,0,0,22,0,0,22,0,16,12,4,22,0,0
33930,1000000US170316914005009,51,0,51,0,0,0,0,51,0,0,51,0,25,24,1,60,0,0
33931,1000000US170316914005010,48,2,44,0,0,0,1,47,0,1,46,0,26,25,1,65,0,0
33932,1000000US170316914005011,42,0,42,0,0,0,0,42,0,0,42,0,21,20,1,50,0,0
33933,1000000US170316914005012,18,0,18,0,0,0,1,17,0,1,18,1,11,11,0,22,0,1
33934,1000000US170316914005013,15,0,14,1,0,0,0,15,0,0,15,0,10,10,0,19,1,0
33935,1000000US170316914005014,27,0,27,1,0,0,0,27,0,0,27,1,20,15,5,35,0,0
33936,1000000US170316914005015,26,0,26,0,0,0,2,24,0,2,26,0,18,14,4,32,0,2
33937,1000000US170316914005016,35,0,35,0,0,0,2,33,0,2,35,3,17,15,2,40,0,2
33938,1000000US170316914005017,37,2,35,0,0,0,0,37,0,0,35,0,15,14,1,48,0,0
33939,1000000US170316914005018,40,0,40,0,0,0,0,40,0,0,40,0,30,30,0,50,0,0
33940,1000000US170316914005019,12,0,12,0,0,0,0,12,0,0,12,0,13,10,3,12,0,0
33941,1000000US170316915001000,0,0,0,0,0,0,0,0,0,0,0,0,3,0,3,0,0,0
33942,1000000US170316915001001,0,0,0,0,0,0,0,0,0,0,0,0,0,0,0,0,0,0
33943,1000000US170316915001002,3,0,2,0,0,0,1,2,0,1,3,0,1,1,0,3,0,0
33944,1000000US170316915001003,2,0,2,0,0,0,0,2,0,0,2,0,2,1,1,5,0,0
33945,1000000US170316915001004,15,0,15,0,0,0,0,15,0,0,15,0,15,8,7,29,0,0
33946,1000000US170316915001005,62,0,62,0,0,0,1,61,0,1,62,0,60,60,0,62,0,1
33947,1000000US170316915001006,17,0,17,0,0,0,0,17,0,0,17,0,13,10,3,22,0,0
33948,1000000US170316915001007,15,0,15,0,0,0,0,15,0,0,15,0,13,9,4,24,0,0
33949,1000000US170316915001008,24,0,24,0,0,0,0,24,0,0,24,0,10,8,2,35,0,0
33950,1000000US170316915001009,21,0,21,0,0,0,0,21,0,0,21,0,19,11,8,34,0,0
33951,1000000US170316915001010,12,0,12,0,0,0,0,12,0,0,12,0,8,7,1,18,0,0
33952,1000000US170316915001011,7,0,7,0,0,0,0,7,0,0,7,0,6,5,1,11,0,0
33953,1000000US170316915001012,11,0,8,0,0,1,4,7,0,4,11,0,5,5,0,13,0,2
33954,1000000US170316915001013,71,0,69,0,0,0,3,68,0,3,71,1,37,36,1,100,0,1
33955,1000000US170316915001014,41,0,41,0,0,0,0,41,0,0,41,0,34,25,9,50,0,0
33956,1000000US170316915001015,72,0,72,0,0,0,0,72,0,0,72,1,45,41,4,97,0,0
33957,1000000US170316915001016,32,0,32,0,0,0,0,32,0,0,32,0,14,14,0,48,0,0
33958,1000000US170316915001017,30,0,30,0,0,0,0,30,0,0,30,0,21,19,2,37,0,0
33959,1000000US170316915001018,12,0,12,0,0,0,1,11,0,1,12,0,10,8,2,15,0,1
33960,1000000US170316915002000,0,0,0,0,0,0,0,0,0,0,0,0,0,0,0,0,0,0
33961,1000000US170316915002001,0,0,0,0,0,0,0,0,0,0,0,0,0,0,0,0,0,0
33962,1000000US170316915002002,0,0,0,0,0,0,0,0,0,0,0,0,0,0,0,0,0,0
33963,1000000US170316915002003,0,0,0,0,0,0,0,0,0,0,0,0,0,0,0,0,0,0
33964,1000000US170316915002004,2,0,2,0,0,0,0,2,0,0,2,1,1,1,0,2,0,0
33965,1000000US170316915002005,11,0,4,0,0,0,8,3,0,8,11,0,8,4,4,15,0,1
33966,1000000US170316915002006,0,0,0,0,0,0,0,0,0,0,0,0,0,0,0,0,0,0
33967,1000000US170316915002007,24,0,23,1,0,0,0,24,0,0,24,0,17,14,3,35,1,0
33968,1000000US170316915002008,6,0,6,0,0,0,0,6,0,0,6,0,5,4,1,9,0,0
33969,1000000US170316915002009,22,0,22,0,0,0,0,22,0,0,22,0,17,10,7,23,0,0
33970,1000000US170316915002010,31,0,31,0,0,0,0,31,0,0,31,0,20,12,8,47,0,0
33971,1000000US170316915002011,0,0,0,0,0,0,0,0,0,0,0,0,0,0,0,0,0,0
33972,1000000US170316915002012,20,0,20,0,0,0,0,20,0,0,20,0,11,9,2,31,0,0
33973,1000000US170316915002013,21,0,21,0,0,0,0,21,0,0,21,0,14,11,3,30,0,0
33974,1000000US170316915002014,5,0,5,0,0,0,0,5,0,0,5,0,11,4,7,10,0,0
33975,1000000US170316915002015,17,0,17,0,0,0,0,17,0,0,17,0,12,7,5,22,0,0
33976,1000000US170316915002016,27,0,27,0,0,0,0,27,0,0,27,0,20,14,6,30,0,0
33977,1000000US170316915002017,0,0,0,0,0,0,0,0,0,0,0,0,0,0,0,0,0,0
33978,1000000US170316915002018,6,0,6,0,0,0,0,6,0,0,6,0,2,2,0,7,0,0
33979,1000000US170316915002019,0,0,0,0,0,0,0,0,0,0,0,0,0,0,0,0,0,0
33980,1000000US170316915002020,10,0,10,0,0,0,0,10,0,0,10,0,17,5,12,16,0,0
33981,1000000US170316915002021,0,0,0,0,0,0,0,0,0,0,0,0,1,0,1,0,0,0
33982,1000000US170316915002022,18,0,18,0,0,0,0,18,0,0,18,0,10,10,0,27,0,0
33983,1000000US170316915002023,46,0,46,0,0,0,1,45,0,1,46,0,24,22,2,76,0,1
33984,1000000US170316915002024,93,0,91,0,0,0,1,92,0,1,93,0,62,56,6,141,0,0
33985,1000000US170316915002025,29,1,25,0,0,0,3,26,0,3,28,0,8,7,1,65,0,0
33986,1000000US170316915002026,28,0,28,1,0,0,0,28,0,0,28,1,19,15,4,38,1,0
33987,1000000US170316915002027,48,1,47,0,0,0,0,48,0,0,47,0,25,22,3,85,0,0
33988,1000000US170316915002028,29,0,29,0,0,0,0,29,0,0,29,0,29,18,11,49,0,0
33989,1000000US170316915002029,1,0,0,0,0,0,1,0,0,1,1,0,4,1,3,1,0,0
33990,1000000US170316915002030,0,0,0,0,0,0,0,0,0,0,0,0,0,0,0,0,0,0
33991,1000000US170316915002031,12,0,11,1,0,0,0,12,0,0,12,0,5,5,0,17,1,0
33992,1000000US170316915003000,0,0,0,0,0,0,0,0,0,0,0,0,0,0,0,0,0,0
33993,1000000US170316915003001,48,0,48,0,0,0,0,48,0,0,48,0,27,24,3,65,0,0
33994,1000000US170316915003002,33,0,33,1,0,0,0,33,0,0,33,1,22,18,4,48,1,0
33995,1000000US170316915003003,37,0,36,0,0,0,0,37,0,0,37,0,28,19,9,57,0,0
33996,1000000US170316915003004,30,0,30,2,0,0,1,29,0,1,30,3,19,18,1,39,2,1
33997,1000000US170316915003005,0,0,0,0,0,0,0,0,0,0,0,0,3,0,3,0,0,0
33998,1000000US170316915003006,73,0,73,2,0,1,0,73,0,0,73,4,66,46,20,93,0,0
33999,1000000US170316915003007,29,0,28,1,0,0,0,29,0,0,29,0,18,15,3,47,1,0
34000,1000000US170316915003008,66,0,65,2,0,0,0,66,0,0,66,1,40,35,5,92,2,0
34001,1000000US170316915003009,21,0,21,1,0,0,0,21,0,0,21,1,16,9,7,27,0,0
34002,1000000US170316915003010,59,0,53,0,1,0,6,53,0,6,59,1,52,33,19,83,0,0
34003,1000000US170317001001000,0,0,0,0,0,0,0,0,0,0,0,0,0,0,0,0,0,0
34004,1000000US170317001001001,0,0,0,0,0,0,0,0,0,0,0,0,0,0,0,0,0,0
34005,1000000US170317001001002,48,0,35,3,0,0,14,34,0,14,48,4,19,17,2,71,0,1
34006,1000000US170317001001003,39,2,18,0,0,0,19,20,0,19,37,0,19,17,2,66,0,0
34007,1000000US170317001001004,46,1,25,0,0,0,22,24,0,22,45,1,19,19,0,72,0,2
34008,1000000US170317001001005,38,6,15,0,0,0,17,21,0,17,32,3,15,15,0,60,0,0
34009,1000000US170317001001006,36,0,21,0,0,0,15,21,0,15,36,0,15,14,1,62,0,0
34010,1000000US170317001001007,26,0,18,0,0,0,8,18,0,8,26,0,15,14,1,46,0,0
34011,1000000US170317001001008,30,0,18,0,0,0,12,18,0,12,30,1,15,13,2,46,0,0
34012,1000000US170317001001009,42,0,35,0,0,0,7,35,0,7,42,0,19,17,2,62,0,0
34013,1000000US170317001001010,49,0,34,0,0,0,15,34,0,15,49,0,15,15,0,71,0,0
34014,1000000US170317001001011,34,2,26,0,0,0,6,28,0,6,32,0,15,14,1,53,0,0
34015,1000000US170317001001012,71,15,45,0,0,0,11,60,0,11,56,0,30,29,1,90,0,0
34016,1000000US170317001001013,62,1,50,2,0,0,12,50,0,12,61,3,24,24,0,85,2,2
34017,1000000US170317001001014,61,5,47,2,0,0,9,52,0,9,56,3,24,24,0,75,2,0
34018,1000000US170317001001015,47,0,25,0,0,0,22,25,0,22,47,0,21,18,3,75,0,0
34019,1000000US170317001001016,0,0,0,0,0,0,0,0,0,0,0,0,0,0,0,0,0,0
34020,1000000US170317001001017,14,0,6,0,0,0,8,6,0,8,14,0,4,4,0,24,0,0
34021,1000000US170317001001018,12,0,0,0,0,0,12,0,0,12,12,0,4,4,0,17,0,0
34022,1000000US170317001001019,8,0,8,0,0,0,0,8,0,0,8,0,4,4,0,11,0,0
34023,1000000US170317001001020,0,0,0,0,0,0,0,0,0,0,0,0,0,0,0,0,0,0
34024,1000000US170317001001021,6,1,1,0,0,0,4,2,0,4,5,0,4,3,1,11,0,0
34025,1000000US170317001001022,35,7,26,0,0,0,3,32,0,3,28,0,13,13,0,50,0,1
34026,1000000US170317001001023,37,0,17,0,0,0,20,17,0,20,37,0,13,12,1,46,0,0
34027,1000000US170317001001024,34,1,25,0,0,0,8,26,0,8,33,0,13,13,0,45,0,0
34028,1000000US170317001001025,26,2,15,0,0,0,11,15,0,11,24,0,13,11,2,48,0,2
34029,1000000US170317001001026,34,3,23,0,0,0,8,26,0,8,31,0,13,13,0,45,0,0
34030,1000000US170317001001027,13,0,3,0,0,0,10,3,0,10,13,0,4,4,0,23,0,0
34031,1000000US170317001001028,15,2,10,0,0,0,4,11,0,4,13,0,4,4,0,28,0,1
34032,1000000US170317001001029,40,4,13,3,0,0,23,17,0,23,36,0,13,13,0,57,3,0
34033,1000000US170317001001030,29,2,19,2,2,0,8,21,0,8,27,2,13,13,0,44,2,0
34034,1000000US170317001001031,8,2,6,0,0,0,1,7,0,1,6,0,4,4,0,11,0,1
34035,1000000US170317001001032,9,1,3,0,0,0,5,4,0,5,8,1,4,4,0,17,0,0
34036,1000000US170317001001033,26,0,19,0,0,0,7,19,0,7,26,0,13,13,0,39,0,0
34037,1000000US170317001001034,33,7,15,0,1,0,10,23,0,10,26,0,15,14,1,60,0,0
34038,1000000US170317001001035,31,2,12,0,0,0,17,14,0,17,29,2,14,13,1,52,0,1
34039,1000000US170317001001036,34,7,14,0,0,0,13,21,0,13,27,0,15,15,0,45,0,0
34040,1000000US170317001001037,27,4,15,4,0,0,8,19,0,8,23,3,11,11,0,39,2,0
34041,1000000US170317001001038,27,4,17,0,0,1,6,21,0,6,23,0,11,11,0,39,0,0
34042,1000000US170317001001039,0,0,0,0,0,0,0,0,0,0,0,0,0,0,0,0,0,0
34043,1000000US170317001001040,0,0,0,0,0,0,0,0,0,0,0,0,0,0,0,0,0,0
34044,1000000US170317001001041,35,2,24,0,0,0,9,26,0,9,33,0,11,11,0,48,0,0
34045,1000000US170317001001042,37,2,9,3,0,0,24,13,0,24,35,0,13,13,0,54,3,1
34046,1000000US170317001001043,30,3,10,0,0,0,17,13,0,17,27,0,13,11,2,47,0,0
34047,1000000US170317001001044,30,3,17,0,0,0,10,20,0,10,27,0,13,12,1,39,0,0
34048,1000000US170317001001045,29,6,13,0,0,0,10,19,0,10,23,0,13,13,0,39,0,0
34049,1000000US170317001001046,13,10,1,0,0,0,2,11,0,2,3,0,4,4,0,18,0,0
34050,1000000US170317001001047,8,2,5,0,0,0,1,7,0,1,6,1,4,4,0,9,0,0
34051,1000000US170317001001048,9,1,2,0,0,0,6,3,0,6,8,0,4,4,0,16,0,0
34052,1000000US170317001001049,18,0,3,0,0,0,15,3,0,15,18,0,4,4,0,26,0,0
34053,1000000US170317001001050,11,0,2,0,0,0,9,2,0,9,11,0,4,4,0,13,0,0
34054,1000000US170317001001051,28,2,23,2,0,0,3,25,0,3,26,1,13,12,1,35,2,0
34055,1000000US170317001001052,39,0,31,0,0,0,12,27,0,12,39,2,17,16,1,62,0,4
34056,1000000US170317001001053,2,0,2,0,0,0,0,2,0,0,2,0,1,1,0,3,0,0
34057,1000000US170317001001054,34,0,25,0,0,0,9,25,0,9,34,1,11,10,1,46,0,0
34058,1000000US170317001001055,35,0,35,0,0,0,1,34,0,1,35,0,21,19,2,49,0,1
34059,1000000US170317001001056,10,0,10,0,0,0,0,10,0,0,10,0,5,4,1,14,0,0
34060,1000000US170317001002000,0,0,0,0,0,0,0,0,0,0,0,0,0,0,0,0,0,0
34061,1000000US170317001002001,0,0,0,0,0,0,0,0,0,0,0,0,0,0,0,0,0,0
34062,1000000US170317001002002,0,0,0,0,0,0,0,0,0,0,0,0,0,0,0,0,0,0
34063,1000000US170317001002003,0,0,0,0,0,0,0,0,0,0,0,0,0,0,0,0,0,0
34064,1000000US170317001002004,0,0,0,0,0,0,0,0,0,0,0,0,0,0,0,0,0,0
34065,1000000US170317001002005,0,0,0,0,0,0,0,0,0,0,0,0,0,0,0,0,0,0
34066,1000000US170317001002006,0,0,0,0,0,0,0,0,0,0,0,0,0,0,0,0,0,0
34067,1000000US170317001002007,0,0,0,0,0,0,0,0,0,0,0,0,0,0,0,0,0,0
34068,1000000US170317001002008,5,0,4,0,0,0,3,2,0,3,5,2,1,1,0,5,0,2
34069,1000000US170317001002009,28,3,23,0,0,0,2,26,0,2,25,0,13,13,0,35,0,0
34070,1000000US170317001002010,15,0,12,0,0,0,3,12,0,3,15,0,5,5,0,21,0,0
34071,1000000US170317001002011,26,2,23,1,0,0,1,25,0,1,24,1,14,14,0,38,0,1
34072,1000000US170317001002012,35,3,26,0,5,0,1,34,0,1,32,0,14,13,1,48,0,0
34073,1000000US170317001002013,26,0,24,1,0,0,3,23,0,3,26,1,11,11,0,32,0,1
34074,1000000US170317001002014,0,0,0,0,0,0,0,0,0,0,0,0,0,0,0,0,0,0
34075,1000000US170317001002015,46,4,20,8,0,0,22,24,0,22,42,0,16,14,2,59,8,0
34076,1000000US170317001002016,28,4,24,0,0,0,0,28,0,0,24,0,14,13,1,43,0,0
34077,1000000US170317001002017,0,0,0,0,0,0,0,0,0,0,0,0,0,0,0,0,0,0
34078,1000000US170317001002018,29,1,25,0,0,0,3,26,0,3,28,0,14,13,1,36,0,0
34079,1000000US170317001002019,0,0,0,0,0,0,0,0,0,0,0,0,0,0,0,0,0,0
34080,1000000US170317001002020,0,0,0,0,0,0,0,0,0,0,0,0,0,0,0,0,0,0
34081,1000000US170317001002021,0,0,0,0,0,0,0,0,0,0,0,0,0,0,0,0,0,0
34082,1000000US170317001002022,0,0,0,0,0,0,0,0,0,0,0,0,0,0,0,0,0,0
34083,1000000US170317001002023,0,0,0,0,0,0,0,0,0,0,0,0,0,0,0,0,0,0
34084,1000000US170317001002024,0,0,0,0,0,0,0,0,0,0,0,0,0,0,0,0,0,0
34085,1000000US170317001002025,0,0,0,0,0,0,0,0,0,0,0,0,0,0,0,0,0,0
34086,1000000US170317001002026,0,0,0,0,0,0,0,0,0,0,0,0,0,0,0,0,0,0
34087,1000000US170317001002027,0,0,0,0,0,0,0,0,0,0,0,0,0,0,0,0,0,0
34088,1000000US170317001002028,0,0,0,0,0,0,0,0,0,0,0,0,0,0,0,0,0,0
34089,1000000US170317001002029,15,2,11,0,0,0,2,13,0,2,13,0,9,7,2,20,0,0
34090,1000000US170317001002030,17,1,16,0,0,0,0,17,0,0,16,0,8,8,0,22,0,0
34091,1000000US170317001002031,22,6,10,0,0,0,6,16,0,6,16,0,11,11,0,33,0,0
34092,1000000US170317001002032,20,4,16,0,0,0,0,20,0,0,16,0,7,6,1,24,0,0
34093,1000000US170317001002033,0,0,0,0,0,0,0,0,0,0,0,0,0,0,0,0,0,0
34094,1000000US170317001002034,33,4,22,0,0,0,7,26,0,7,29,0,11,11,0,41,0,0
34095,1000000US170317001002035,34,0,25,0,0,0,9,25,0,9,34,0,16,16,0,51,0,0
34096,1000000US170317001002036,52,7,32,0,2,0,11,41,0,11,45,1,50,29,21,62,0,0
34097,1000000US170317001002037,44,1,43,0,0,0,0,44,0,0,43,0,28,27,1,58,0,0
34098,1000000US170317001002038,45,2,18,0,0,0,25,20,0,25,43,0,19,19,0,70,0,0
34099,1000000US170317001002039,36,3,21,0,0,0,17,19,0,17,33,0,19,17,2,50,0,5
34100,1000000US170317001002040,49,0,29,0,0,0,23,26,0,23,49,0,19,18,1,69,0,3
34101,1000000US170317001002041,31,1,25,0,0,0,5,26,0,5,30,0,15,15,0,45,0,0
34102,1000000US170317001002042,46,1,24,0,0,0,23,23,0,23,45,0,15,14,1,60,0,2
34103,1000000US170317001002043,20,5,7,0,0,0,8,12,0,8,15,0,8,7,1,33,0,0
34104,1000000US170317001002044,19,2,17,0,0,0,0,19,0,0,17,0,11,11,0,28,0,0
34105,1000000US170317001002045,31,3,20,0,1,0,7,24,0,7,28,0,24,23,1,36,0,0
34106,1000000US170317001002046,25,4,13,0,0,0,8,17,0,8,21,0,10,10,0,33,0,0
34107,1000000US170317001002047,46,3,42,1,1,0,3,43,0,3,43,2,35,35,0,59,1,2
34108,1000000US170317001002048,26,3,18,0,0,0,5,21,0,5,23,1,10,9,1,33,0,0
34109,1000000US170317001002049,11,4,7,0,0,0,0,11,0,0,7,0,6,6,0,11,0,0
34110,1000000US170317001002050,4,0,0,0,0,0,4,0,0,4,4,0,1,1,0,4,0,0
34111,1000000US170317001002051,0,0,0,0,0,0,0,0,0,0,0,0,0,0,0,0,0,0
34112,1000000US170317001002052,0,0,0,0,0,0,0,0,0,0,0,0,0,0,0,0,0,0
34113,1000000US170317001002053,0,0,0,0,0,0,0,0,0,0,0,0,0,0,0,0,0,0
34114,1000000US170317001002054,1,1,0,0,0,0,0,1,0,0,0,0,2,1,1,1,0,0
34115,1000000US170317001002055,0,0,0,0,0,0,0,0,0,0,0,0,0,0,0,0,0,0
34116,1000000US170317001002056,0,0,0,0,0,0,0,0,0,0,0,0,0,0,0,0,0,0
34117,1000000US170317001002057,25,0,23,0,0,0,2,23,0,2,25,0,12,11,1,34,0,0
34118,1000000US170317001002058,19,0,18,1,0,0,1,18,0,1,19,0,8,8,0,30,1,0
34119,1000000US170317002001000,0,0,0,0,0,0,0,0,0,0,0,0,0,0,0,0,0,0
34120,1000000US170317002001001,2,0,2,0,0,0,0,2,0,0,2,0,1,1,0,4,0,0
34121,1000000US170317002001002,0,0,0,0,0,0,0,0,0,0,0,0,0,0,0,0,0,0
34122,1000000US170317002001003,73,1,14,0,0,0,58,15,0,58,72,0,25,25,0,109,0,0
34123,1000000US170317002001004,87,4,14,0,0,0,72,15,0,72,83,2,28,28,0,118,0,5
34124,1000000US170317002001005,83,4,28,0,0,0,51,32,0,51,79,0,32,31,1,124,0,0
34125,1000000US170317002001006,74,7,12,0,0,0,55,19,0,55,67,0,28,26,2,105,0,0
34126,1000000US170317002001007,59,14,18,0,0,0,27,32,0,27,45,0,26,26,0,89,0,0
34127,1000000US170317002001008,64,12,9,4,3,0,40,24,0,40,52,0,28,26,2,100,4,0
34128,1000000US170317002001009,41,7,1,0,0,0,33,8,0,33,34,0,20,18,2,63,0,0
34129,1000000US170317002001010,57,16,0,0,2,0,39,18,0,39,41,1,21,21,0,86,0,0
34130,1000000US170317002001011,72,7,10,1,2,0,52,20,0,52,65,3,28,27,1,110,0,0
34131,1000000US170317002001012,74,6,7,0,2,0,59,15,0,59,68,0,28,27,1,116,0,0
34132,1000000US170317002001013,85,4,9,0,0,0,72,13,0,72,81,2,28,28,0,128,0,0
34133,1000000US170317002001014,79,12,12,0,0,0,55,24,0,55,67,0,30,29,1,105,0,0
34134,1000000US170317002001015,0,0,0,0,0,0,0,0,0,0,0,0,0,0,0,0,0,0
34135,1000000US170317002001016,67,13,19,0,3,0,32,35,0,32,54,0,28,27,1,91,0,0
34136,1000000US170317002001017,53,16,5,0,0,0,32,21,0,32,37,4,22,21,1,81,0,0
34137,1000000US170317002001018,0,0,0,0,0,0,0,0,0,0,0,0,0,0,0,0,0,0
34138,1000000US170317002001019,50,3,7,0,3,0,37,13,0,37,47,0,20,19,1,67,0,0
34139,1000000US170317002001020,16,3,0,0,3,0,10,6,0,10,13,0,9,9,0,22,0,0
34140,1000000US170317002002000,202,62,9,9,2,0,129,73,0,129,140,7,87,83,4,300,8,0
34141,1000000US170317002002001,92,20,7,0,0,0,65,27,0,65,72,2,44,42,2,143,0,0
34142,1000000US170317002002002,142,51,7,0,2,1,83,59,0,83,91,5,52,52,0,191,0,1
34143,1000000US170317002002003,114,38,6,0,2,0,69,45,0,69,76,1,52,51,1,192,0,1
34144,1000000US170317002002004,146,31,14,0,2,0,101,45,0,101,115,6,58,57,1,230,0,2
34145,1000000US170317002002005,147,39,8,0,2,0,98,49,0,98,108,3,57,55,2,222,0,0
34146,1000000US170317002002006,69,15,16,2,1,0,35,34,0,35,54,3,33,32,1,114,0,1
34147,1000000US170317002002007,45,12,3,0,1,0,30,15,0,30,33,1,20,18,2,62,0,0
34148,1000000US170317002002008,35,15,0,0,0,0,20,15,0,20,20,0,17,17,0,49,0,0
34149,1000000US170317002002009,19,3,0,0,0,0,16,3,0,16,16,0,10,9,1,33,0,0
34150,1000000US170317002002010,0,0,0,0,0,0,0,0,0,0,0,0,0,0,0,0,0,0
34151,1000000US170317002002011,47,12,21,1,1,0,13,34,0,13,35,1,33,32,1,62,1,0
34152,1000000US170317002003000,66,5,21,0,1,0,40,26,0,40,61,0,29,26,3,102,0,1
34153,1000000US170317002003001,71,5,22,0,3,0,42,29,0,42,66,2,26,23,3,115,0,1
34154,1000000US170317002003002,61,9,6,0,0,0,46,15,0,46,52,4,27,25,2,93,0,0
34155,1000000US170317002003003,63,4,3,0,0,0,55,8,0,55,59,1,26,26,0,106,0,0
34156,1000000US170317002003004,70,11,9,0,0,0,50,20,0,50,59,0,27,26,1,110,0,0
34157,1000000US170317002003005,82,4,27,0,0,0,53,29,0,53,78,3,29,29,0,136,0,2
34158,1000000US170317002003006,68,11,30,0,3,0,24,44,0,24,57,0,30,29,1,98,0,0
34159,1000000US170317002003007,66,11,11,0,0,0,44,22,0,44,55,0,25,24,1,112,0,0
34160,1000000US170317002003008,64,6,19,0,6,0,33,31,0,33,58,6,26,25,1,94,0,0
34161,1000000US170317002003009,61,9,11,0,0,0,41,20,0,41,52,0,26,26,0,86,0,0
34162,1000000US170317002003010,69,13,8,0,5,0,43,26,0,43,56,5,26,25,1,109,0,0
34163,1000000US170317002003011,57,10,14,0,2,0,31,26,0,31,47,1,18,18,0,87,0,0
34164,1000000US170317002003012,67,8,15,0,0,0,44,23,0,44,59,0,26,26,0,117,0,0
34165,1000000US170317002003013,53,4,13,0,0,0,36,17,0,36,49,0,18,16,2,82,0,0
34166,1000000US170317002003014,61,15,5,5,2,0,41,20,0,41,46,4,26,23,3,83,4,0
34167,1000000US170317002003015,80,4,15,2,1,0,60,20,0,60,76,1,26,26,0,119,2,0
34168,1000000US170317002003016,71,13,14,0,0,0,44,27,0,44,58,0,26,25,1,97,0,0
34169,1000000US170317002003017,65,4,9,2,0,0,53,12,0,53,61,5,26,25,1,110,2,1
34170,1000000US170317002003018,1,0,0,0,1,0,0,1,0,0,1,0,1,1,0,1,0,0
34171,1000000US170317002003019,0,0,0,0,0,0,0,0,0,0,0,0,0,0,0,0,0,0
34172,1000000US170317002003020,0,0,0,0,0,0,0,0,0,0,0,0,0,0,0,0,0,0
34173,1000000US170317002004000,151,27,12,3,0,0,112,39,0,112,124,4,58,54,4,226,3,0
34174,1000000US170317002004001,82,15,10,0,3,0,57,25,0,57,67,4,33,32,1,134,0,1
34175,1000000US170317002004002,112,29,4,3,10,0,69,43,0,69,83,0,45,43,2,170,3,0
34176,1000000US170317002004003,89,14,12,0,1,0,64,25,0,64,75,5,34,32,2,137,0,2
34177,1000000US170317002004004,89,24,16,0,2,0,47,42,0,47,65,0,34,33,1,123,0,0
34178,1000000US170317002004005,58,25,4,0,0,0,33,25,0,33,33,0,24,23,1,90,0,4
34179,1000000US170317002004006,83,34,15,0,0,4,30,53,0,30,49,5,32,31,1,116,0,0
34180,1000000US170317002004007,94,29,14,0,0,0,51,43,0,51,65,1,35,35,0,136,0,0
34181,1000000US170317002004008,76,20,5,2,0,0,52,24,0,52,56,3,32,31,1,100,0,1
34182,1000000US170317002004009,63,15,8,1,1,0,38,25,0,38,48,1,34,32,2,98,1,0
34183,1000000US170317002004010,14,5,4,0,0,0,5,9,0,5,9,3,9,7,2,20,0,0
34184,1000000US170317002004011,19,10,5,2,0,0,4,15,0,4,9,4,8,7,1,20,2,0
34185,1000000US170317002004012,20,1,3,0,2,0,15,5,0,15,19,0,8,8,0,28,0,0
34186,1000000US170317002004013,2,0,0,0,0,0,2,0,0,2,2,0,1,1,0,6,0,0
34187,1000000US170317002004014,170,31,61,7,3,1,76,94,0,76,139,5,116,99,17,232,6,2
34188,1000000US170317003011000,55,13,15,3,3,0,26,29,0,26,42,3,24,23,1,92,3,2
34189,1000000US170317003011001,261,67,82,2,5,0,106,155,0,106,194,3,118,113,5,351,2,0
34190,1000000US170317003011002,81,14,25,0,0,1,42,39,0,42,67,2,32,32,0,110,0,0
34191,1000000US170317003011003,129,31,15,0,0,0,87,42,0,87,98,1,49,47,2,185,0,4
34192,1000000US170317003011004,77,11,7,1,1,0,60,17,0,60,66,3,29,29,0,115,0,2
34193,1000000US170317003011005,69,11,15,0,0,0,43,26,0,43,58,0,27,27,0,100,0,0
34194,1000000US170317003011006,77,28,6,0,0,0,45,32,0,45,49,0,32,31,1,106,0,2
34195,1000000US170317003011007,66,23,0,0,0,0,43,23,0,43,43,6,31,27,4,99,0,0
34196,1000000US170317003011008,55,34,2,0,0,0,19,36,0,19,21,0,24,23,1,77,0,0
34197,1000000US170317003011009,49,15,9,2,0,0,23,26,0,23,34,2,19,19,0,69,2,0
34198,1000000US170317003011010,77,31,3,0,0,0,43,34,0,43,46,0,28,28,0,111,0,0
34199,1000000US170317003011011,51,13,9,0,3,0,26,25,0,26,38,0,25,21,4,71,0,0
34200,1000000US170317003011012,67,18,8,0,10,0,31,36,0,31,49,0,32,31,1,97,0,0
34201,1000000US170317003011013,149,41,36,0,4,0,70,79,0,70,108,1,64,62,2,187,0,2
34202,1000000US170317003012000,135,46,3,1,4,0,82,53,0,82,89,6,58,56,2,199,0,0
34203,1000000US170317003012001,112,33,10,0,1,0,68,44,0,68,79,4,45,45,0,167,0,0
34204,1000000US170317003012002,113,32,7,0,3,1,71,42,0,71,81,3,49,46,3,176,0,1
34205,1000000US170317003012003,77,25,9,0,1,0,42,35,0,42,52,5,36,33,3,114,0,0
34206,1000000US170317003012004,53,16,1,0,0,0,36,17,0,36,37,0,23,22,1,67,0,0
34207,1000000US170317003012005,32,12,8,0,0,0,13,19,0,13,20,0,16,16,0,56,0,1
34208,1000000US170317003012006,188,78,6,2,6,0,99,89,0,99,110,3,75,73,2,245,2,1
34209,1000000US170317003012007,230,75,11,2,4,0,141,89,0,141,155,3,83,79,4,348,2,1
34210,1000000US170317003012008,84,32,2,1,0,0,50,34,0,50,52,9,37,33,4,122,0,0
34211,1000000US170317003012009,163,81,13,0,4,0,65,98,0,65,82,1,70,67,3,227,0,0
34212,1000000US170317003013000,21,10,2,0,0,0,9,12,0,9,11,0,6,6,0,29,0,0
34213,1000000US170317003013001,17,9,0,0,0,0,8,9,0,8,8,0,7,7,0,27,0,0
34214,1000000US170317003013002,33,9,2,0,1,0,22,11,0,22,24,0,16,15,1,58,0,0
34215,1000000US170317003013003,80,33,3,2,3,0,42,38,0,42,47,4,33,33,0,110,2,1
34216,1000000US170317003013004,63,32,4,4,2,0,27,36,0,27,31,4,30,30,0,86,2,2
34217,1000000US170317003013005,60,11,0,0,0,0,49,11,0,49,49,0,17,17,0,84,0,0
34218,1000000US170317003013006,59,26,0,2,0,0,33,26,0,33,33,0,31,28,3,82,2,0
34219,1000000US170317003013007,100,29,3,3,5,0,62,38,0,62,71,2,45,42,3,161,3,0
34220,1000000US170317003013008,117,42,0,4,3,0,74,43,0,74,75,4,55,50,5,200,2,0
34221,1000000US170317003013009,75,39,4,2,0,0,32,43,0,32,36,2,36,33,3,113,2,0
34222,1000000US170317003013010,135,32,1,3,9,0,93,42,0,93,103,1,60,58,2,203,3,0
34223,1000000US170317003013011,95,29,2,0,0,0,64,31,0,64,66,0,38,36,2,152,0,0
34224,1000000US170317003013012,0,0,0,0,0,0,0,0,0,0,0,0,0,0,0,0,0,0
34225,1000000US170317003013013,39,18,4,0,2,0,16,23,0,16,21,1,18,18,0,56,0,0
34226,1000000US170317003013014,71,33,1,0,1,0,36,35,0,36,38,3,31,30,1,97,0,0
34227,1000000US170317003013015,91,26,0,0,4,0,61,30,0,61,65,0,39,35,4,142,0,0
34228,1000000US170317003013016,84,34,6,0,0,0,44,40,0,44,50,6,37,34,3,129,0,0
34229,1000000US170317003013017,110,57,4,0,4,0,45,65,0,45,53,0,47,44,3,152,0,0
34230,1000000US170317003013018,58,16,10,0,0,0,32,26,0,32,42,2,25,25,0,83,0,0
34231,1000000US170317003013019,9,1,0,0,0,0,8,1,0,8,8,0,1,1,0,12,0,0
34232,1000000US170317003013020,39,15,2,2,0,0,22,17,0,22,24,0,19,18,1,60,2,0
34233,1000000US170317003013021,75,22,2,0,3,0,48,27,0,48,53,0,38,36,2,120,0,0
34234,1000000US170317003013022,61,23,8,0,4,0,26,35,0,26,38,1,30,29,1,81,0,0
34235,1000000US170317003021000,32,24,1,0,0,0,7,25,0,7,8,0,15,15,0,42,0,0
34236,1000000US170317003021001,41,18,4,0,0,0,19,22,0,19,23,0,15,14,1,48,0,0
34237,1000000US170317003021002,41,18,10,0,0,0,13,28,0,13,23,0,15,15,0,60,0,0
34238,1000000US170317003021003,35,15,3,0,1,0,19,16,0,19,20,0,15,14,1,52,0,2
34239,1000000US170317003021004,27,16,8,0,0,0,3,24,0,3,11,0,15,15,0,40,0,0
34240,1000000US170317003021005,30,14,9,0,2,0,8,22,0,8,16,0,15,14,1,36,0,3
34241,1000000US170317003021006,39,22,0,0,0,0,17,22,0,17,17,0,15,14,1,48,0,0
34242,1000000US170317003021007,31,18,0,0,0,0,13,18,0,13,13,0,16,15,1,42,0,0
34243,1000000US170317003021008,45,23,2,2,0,0,20,25,0,20,22,5,17,17,0,60,2,0
34244,1000000US170317003021009,41,21,5,0,0,0,16,25,0,16,20,0,19,19,0,63,0,1
34245,1000000US170317003021010,58,25,0,0,10,0,27,31,0,27,33,11,20,19,1,76,0,0
34246,1000000US170317003021011,28,22,0,0,0,0,6,22,0,6,6,0,15,14,1,37,0,0
34247,1000000US170317003021012,29,20,0,1,0,0,8,21,0,8,9,1,15,14,1,39,0,0
34248,1000000US170317003021013,0,0,0,0,0,0,0,0,0,0,0,0,0,0,0,0,0,0
34249,1000000US170317003021014,0,0,0,0,0,0,0,0,0,0,0,0,0,0,0,0,0,0
34250,1000000US170317003021015,32,17,0,0,0,0,15,17,0,15,15,0,14,14,0,40,0,0
34251,1000000US170317003021016,26,12,2,0,0,0,12,14,0,12,14,0,14,14,0,44,0,0
34252,1000000US170317003021017,2,1,0,0,0,0,1,1,0,1,1,0,2,2,0,2,0,0
34253,1000000US170317003021018,21,10,3,0,0,0,8,13,0,8,11,0,13,13,0,24,0,0
34254,1000000US170317003021019,21,14,0,0,0,0,7,14,0,7,7,0,11,11,0,29,0,0
34255,1000000US170317003021020,33,23,3,0,0,0,7,26,0,7,10,0,13,13,0,36,0,0
34256,1000000US170317003021021,25,14,0,0,0,0,11,14,0,11,11,0,13,12,1,36,0,0
34257,1000000US170317003021022,30,8,3,0,0,0,19,11,0,19,22,0,12,12,0,39,0,0
34258,1000000US170317003021023,26,16,2,1,0,0,7,19,0,7,10,1,12,12,0,36,0,0
34259,1000000US170317003021024,30,12,0,0,1,0,17,13,0,17,18,5,11,11,0,43,0,0
34260,1000000US170317003021025,25,8,2,0,0,0,16,9,0,16,17,0,11,11,0,31,0,1
34261,1000000US170317003021026,31,6,3,0,0,0,22,9,0,22,25,0,11,11,0,46,0,0
34262,1000000US170317003021027,23,19,0,0,0,0,4,19,0,4,4,0,11,11,0,29,0,0
34263,1000000US170317003021028,34,8,19,0,0,0,7,27,0,7,26,0,20,19,1,43,0,0
34264,1000000US170317003021029,0,0,0,0,0,0,0,0,0,0,0,0,0,0,0,0,0,0
34265,1000000US170317003021030,32,8,18,0,0,0,6,26,0,6,24,0,18,17,1,39,0,0
34266,1000000US170317003021031,19,13,2,0,0,0,3,16,0,3,6,0,8,8,0,24,0,0
34267,1000000US170317003021032,27,11,7,0,2,0,7,20,0,7,16,4,14,14,0,39,0,0
34268,1000000US170317003021033,30,14,8,0,1,0,9,21,0,9,16,1,19,19,0,34,0,2
34269,1000000US170317003021034,16,12,0,0,0,0,3,13,0,3,4,2,10,10,0,21,0,0
34270,1000000US170317003022000,32,8,1,0,0,0,23,9,0,23,24,1,12,12,0,39,0,0
34271,1000000US170317003022001,26,17,1,0,0,0,8,18,0,8,9,0,12,12,0,33,0,0
34272,1000000US170317003022002,25,12,2,0,0,0,11,14,0,11,13,0,12,11,1,36,0,0
34273,1000000US170317003022003,30,16,0,0,0,0,14,16,0,14,14,0,15,14,1,43,0,0
34274,1000000US170317003022004,39,16,8,0,0,0,17,22,0,17,23,2,19,19,0,49,0,2
34275,1000000US170317003022005,43,21,10,5,0,0,7,36,0,7,22,4,15,15,0,47,1,0
34276,1000000US170317003022006,0,0,0,0,0,0,0,0,0,0,0,0,0,0,0,0,0,0
34277,1000000US170317003022007,37,9,7,1,0,0,20,17,0,20,28,3,15,15,0,47,1,0
34278,1000000US170317003022008,38,5,21,0,0,0,12,26,0,12,33,4,15,15,0,45,0,0
34279,1000000US170317003022009,35,22,7,0,0,0,6,29,0,6,13,0,15,14,1,41,0,0
34280,1000000US170317003022010,33,11,7,1,0,0,14,19,0,14,22,1,18,17,1,48,0,0
34281,1000000US170317003022011,39,18,3,0,0,0,18,21,0,18,21,0,18,18,0,52,0,0
34282,1000000US170317003022012,36,24,4,0,0,0,8,28,0,8,12,0,18,18,0,50,0,0
34283,1000000US170317003022013,52,24,8,0,0,0,20,32,0,20,28,0,20,19,1,82,0,0
34284,1000000US170317003022014,33,15,11,2,0,0,6,27,0,6,18,1,15,15,0,38,2,0
34285,1000000US170317003022015,28,16,1,0,0,0,12,16,0,12,12,0,11,11,0,41,0,1
34286,1000000US170317003022016,24,14,0,0,0,0,10,14,0,10,10,0,14,13,1,28,0,0
34287,1000000US170317003022017,24,9,3,0,0,0,12,12,0,12,15,0,13,13,0,34,0,0
34288,1000000US170317003022018,24,7,0,0,1,0,16,8,0,16,17,0,11,11,0,28,0,0
34289,1000000US170317003022019,23,8,4,1,0,0,10,13,0,10,15,0,11,10,1,30,1,0
34290,1000000US170317003022020,18,8,3,0,0,0,7,11,0,7,10,0,11,10,1,24,0,0
34291,1000000US170317003022021,26,5,13,0,0,0,8,18,0,8,21,0,14,10,4,35,0,0
34292,1000000US170317003022022,0,0,0,0,0,0,0,0,0,0,0,0,0,0,0,0,0,0
34293,1000000US170317003022023,33,16,5,0,0,1,11,22,0,11,17,2,17,16,1,38,0,0
34294,1000000US170317003023000,0,0,0,0,0,0,0,0,0,0,0,0,0,0,0,0,0,0
34295,1000000US170317003023001,102,39,5,1,0,0,59,43,0,59,63,6,47,41,6,147,1,1
34296,1000000US170317003023002,84,31,8,0,1,0,45,39,0,45,53,0,41,38,3,146,0,0
34297,1000000US170317003023003,24,7,2,1,0,0,14,10,0,14,17,0,12,10,2,35,1,0
34298,1000000US170317003023004,120,42,2,5,0,0,75,45,0,75,78,4,55,53,2,197,4,0
34299,1000000US170317003023005,26,10,0,3,0,0,13,13,0,13,16,3,12,12,0,44,0,0
34300,1000000US170317003023006,64,22,4,0,0,0,38,26,0,38,42,1,26,25,1,91,0,0
34301,1000000US170317003023007,78,20,3,0,0,0,53,25,0,53,58,0,37,36,1,116,0,0
34302,1000000US170317003023008,0,0,0,0,0,0,0,0,0,0,0,0,0,0,0,0,0,0
34303,1000000US170317003023009,46,22,3,1,0,0,21,25,0,21,24,2,23,21,2,65,1,0
34304,1000000US170317003023010,102,40,4,3,6,0,52,50,0,52,62,7,44,41,3,149,3,0
34305,1000000US170317003023011,80,29,12,0,1,0,38,42,0,38,51,0,36,35,1,117,0,0
34306,1000000US170317003023012,42,23,3,0,0,0,16,26,0,16,19,0,19,19,0,57,0,0
34307,1000000US170317003023013,26,10,5,0,1,0,12,14,0,12,16,0,15,14,1,41,0,2
34308,1000000US170317003023014,34,14,3,0,0,0,17,17,0,17,20,2,15,15,0,45,0,0
34309,1000000US170317003023015,34,10,3,0,4,0,17,17,0,17,24,2,13,13,0,44,0,0
34310,1000000US170317003024000,0,0,0,0,0,0,0,0,0,0,0,0,0,0,0,0,0,0
34311,1000000US170317003024001,6,3,0,0,0,0,3,3,0,3,3,0,3,3,0,8,0,0
34312,1000000US170317003024002,21,4,5,0,0,0,12,9,0,12,17,0,8,8,0,31,0,0
34313,1000000US170317003024003,44,11,17,0,0,0,16,28,0,16,33,0,15,15,0,57,0,0
34314,1000000US170317003024004,6,2,0,0,0,0,4,2,0,4,4,0,3,3,0,11,0,0
34315,1000000US170317003024005,15,3,0,0,5,0,7,8,0,7,12,0,6,6,0,18,0,0
34316,1000000US170317003024006,19,13,0,0,0,0,6,13,0,6,6,0,6,6,0,25,0,0
34317,1000000US170317003024007,13,7,0,0,0,0,6,7,0,6,6,0,6,5,1,14,0,0
34318,1000000US170317003024008,22,3,4,0,0,0,15,7,0,15,19,0,9,9,0,27,0,0
34319,1000000US170317003024009,19,9,6,0,0,0,4,15,0,4,10,0,7,7,0,25,0,0
34320,1000000US170317003024010,26,7,3,0,0,0,16,10,0,16,19,1,12,12,0,28,0,0
34321,1000000US170317003024011,22,10,8,1,0,0,2,20,0,2,12,1,12,12,0,28,1,0
34322,1000000US170317003024012,34,27,0,0,2,0,5,29,0,5,7,0,15,13,2,45,0,0
34323,1000000US170317003024013,40,10,4,0,0,0,26,14,0,26,30,0,15,15,0,56,0,0
34324,1000000US170317003024014,37,21,2,1,0,0,14,23,0,14,16,0,15,15,0,50,1,0
34325,1000000US170317003024015,22,12,3,0,0,0,7,15,0,7,10,0,12,12,0,28,0,0
34326,1000000US170317003024016,30,13,0,0,0,0,17,13,0,17,17,0,12,12,0,46,0,0
34327,1000000US170317003024017,25,13,4,0,0,0,8,17,0,8,12,0,12,12,0,29,0,0
34328,1000000US170317003024018,21,8,3,1,0,0,7,14,0,7,13,0,15,14,1,28,1,0
34329,1000000US170317003024019,0,0,0,0,0,0,0,0,0,0,0,0,0,0,0,0,0,0
34330,1000000US170317003024020,5,3,2,0,0,0,0,5,0,0,2,0,3,2,1,5,0,0
34331,1000000US170317003024021,41,15,10,0,0,0,16,25,0,16,26,0,15,15,0,56,0,0
34332,1000000US170317003024022,34,0,14,0,0,0,20,14,0,20,34,0,15,14,1,53,0,0
34333,1000000US170317003024023,31,14,8,0,0,0,9,22,0,9,17,0,15,15,0,43,0,0
34334,1000000US170317003024024,25,15,5,0,0,0,5,20,0,5,10,0,15,14,1,35,0,0
34335,1000000US170317003024025,24,14,6,0,0,0,4,20,0,4,10,0,15,13,2,33,0,0
34336,1000000US170317003024026,36,14,3,0,3,0,16,20,0,16,22,1,15,15,0,56,0,0
34337,1000000US170317003024027,13,0,6,0,0,0,7,6,0,7,13,0,6,6,0,18,0,0
34338,1000000US170317003024028,0,0,0,0,0,0,0,0,0,0,0,0,0,0,0,0,0,0
34339,1000000US170317003024029,25,12,4,0,0,0,9,16,0,9,13,0,12,11,1,30,0,0
34340,1000000US170317003024030,29,14,1,0,0,0,14,15,0,14,15,1,12,11,1,44,0,0
34341,1000000US170317003024031,29,25,2,0,0,0,2,27,0,2,4,0,12,12,0,36,0,0
34342,1000000US170317003024032,24,9,2,0,2,0,11,13,0,11,15,0,12,12,0,39,0,0
34343,1000000US170317003024033,42,16,1,0,0,0,25,17,0,25,26,0,12,12,0,57,0,0
34344,1000000US170317003024034,0,0,0,0,0,0,0,0,0,0,0,0,0,0,0,0,0,0
34345,1000000US170317003024035,37,32,0,0,2,0,3,34,0,3,5,0,15,15,0,39,0,0
34346,1000000US170317003024036,32,17,8,0,0,0,9,23,0,9,15,0,15,14,1,43,0,2
34347,1000000US170317003024037,36,17,5,0,0,0,14,22,0,14,19,0,14,14,0,44,0,0
34348,1000000US170317003024038,24,12,4,0,0,0,8,16,0,8,12,0,11,10,1,25,0,0
34349,1000000US170317003024039,31,13,12,0,0,0,6,25,0,6,18,0,11,11,0,38,0,0
34350,1000000US170317003024040,28,11,1,0,0,0,16,12,0,16,17,0,11,10,1,42,0,0
34351,1000000US170317003024041,24,16,5,0,2,0,1,23,0,1,8,2,11,11,0,32,0,0
34352,1000000US170317003024042,24,4,8,0,4,0,8,16,0,8,20,1,11,10,1,35,0,0
34353,1000000US170317003024043,32,17,4,0,0,0,11,21,0,11,15,0,11,11,0,34,0,0
34354,1000000US170317003024044,30,13,6,0,0,0,11,19,0,11,17,0,11,11,0,36,0,0
34355,1000000US170317003024045,0,0,0,0,0,0,0,0,0,0,0,0,0,0,0,0,0,0
34356,1000000US170317003024046,18,9,8,0,0,0,1,17,0,1,9,0,11,11,0,27,0,0
34357,1000000US170317003024047,25,20,0,0,0,0,5,20,0,5,5,0,11,11,0,32,0,0
34358,1000000US170317003024048,30,15,5,2,3,0,5,25,0,5,15,0,11,11,0,40,2,0
34359,1000000US170317003024049,39,21,4,0,0,0,14,25,0,14,18,1,15,15,0,51,0,0
34360,1000000US170317003024050,25,13,5,0,0,0,7,18,0,7,12,0,15,12,3,38,0,0
34361,1000000US170317003024051,26,16,3,0,0,0,7,19,0,7,10,0,11,11,0,36,0,0
34362,1000000US170317003024052,29,7,16,0,0,0,6,23,0,6,22,0,17,15,2,42,0,0
34363,1000000US170317003024053,36,8,20,2,0,0,6,30,0,6,28,0,19,19,0,48,2,0
34364,1000000US170317003024054,25,13,12,0,0,0,0,25,0,0,12,0,17,16,1,32,0,0
34365,1000000US170317003024055,28,1,18,0,0,0,9,19,0,9,27,0,16,16,0,42,0,0
34366,1000000US170317003024056,21,5,10,0,0,0,6,15,0,6,16,0,18,16,2,24,0,0
34367,1000000US170317003024057,0,0,0,0,0,0,0,0,0,0,0,0,0,0,0,0,0,0
34368,1000000US170317003024058,0,0,0,0,0,0,0,0,0,0,0,0,0,0,0,0,0,0
34369,1000000US170317004011000,0,0,0,0,0,0,0,0,0,0,0,0,0,0,0,0,0,0
34370,1000000US170317004011001,0,0,0,0,0,0,0,0,0,0,0,0,0,0,0,0,0,0
34371,1000000US170317004011002,31,0,29,0,0,0,2,29,0,2,31,0,20,18,2,51,0,0
34372,1000000US170317004011003,31,0,22,0,0,0,9,22,0,9,31,0,12,12,0,46,0,0
34373,1000000US170317004011004,19,3,11,0,0,0,6,13,0,6,16,1,12,8,4,24,0,1
34374,1000000US170317004011005,37,0,34,1,0,0,3,34,0,3,37,1,19,18,1,55,0,0
34375,1000000US170317004011006,55,0,55,0,0,0,1,54,0,1,55,0,36,35,1,77,0,1
34376,1000000US170317004011007,23,4,19,0,0,0,0,23,0,0,19,0,13,12,1,34,0,0
34377,1000000US170317004011008,0,0,0,0,0,0,0,0,0,0,0,0,0,0,0,0,0,0
34378,1000000US170317004011009,21,1,9,0,0,0,11,10,0,11,20,0,8,8,0,35,0,0
34379,1000000US170317004011010,30,2,20,0,0,0,8,22,0,8,28,0,13,12,1,45,0,0
34380,1000000US170317004011011,31,5,20,0,0,0,6,25,0,6,26,0,13,13,0,35,0,0
34381,1000000US170317004011012,32,4,24,0,0,0,4,28,0,4,28,0,18,16,2,49,0,0
34382,1000000US170317004011013,27,0,18,0,0,0,9,18,0,9,27,0,16,13,3,49,0,0
34383,1000000US170317004011014,18,1,15,1,1,0,0,18,0,0,17,1,13,10,3,31,0,0
34384,1000000US170317004011015,6,0,6,0,0,0,0,6,0,0,6,0,3,3,0,9,0,0
34385,1000000US170317004011016,21,0,16,0,0,0,5,16,0,5,21,0,11,10,1,33,0,0
34386,1000000US170317004011017,27,0,25,0,0,0,2,25,0,2,27,0,15,13,2,37,0,0
34387,1000000US170317004011018,15,0,5,0,0,0,10,5,0,10,15,0,8,7,1,24,0,0
34388,1000000US170317004011019,8,1,7,0,0,0,0,8,0,0,7,0,4,4,0,8,0,0
34389,1000000US170317004011020,22,0,9,0,0,0,13,9,0,13,22,0,8,8,0,34,0,0
34390,1000000US170317004011021,29,9,11,0,0,0,9,20,0,9,20,0,11,11,0,36,0,0
34391,1000000US170317004011022,0,0,0,0,0,0,0,0,0,0,0,0,0,0,0,0,0,0
34392,1000000US170317004011023,0,0,0,0,0,0,0,0,0,0,0,0,0,0,0,0,0,0
34393,1000000US170317004011024,0,0,0,0,0,0,0,0,0,0,0,0,0,0,0,0,0,0
34394,1000000US170317004011025,2,0,0,0,0,0,2,0,0,2,2,0,1,1,0,3,0,0
34395,1000000US170317004011026,68,7,59,0,0,0,2,66,0,2,61,0,34,33,1,108,0,0
34396,1000000US170317004011027,19,7,9,1,0,0,3,16,0,3,12,0,10,10,0,28,1,0
34397,1000000US170317004011028,0,0,0,0,0,0,0,0,0,0,0,0,0,0,0,0,0,0
34398,1000000US170317004011029,14,2,5,0,0,0,7,7,0,7,12,0,7,7,0,26,0,0
34399,1000000US170317004011030,34,8,24,3,0,0,2,32,0,2,26,3,15,15,0,47,3,0
34400,1000000US170317004011031,35,9,26,0,0,0,0,35,0,0,26,0,13,12,1,46,0,0
34401,1000000US170317004011032,39,5,29,0,0,0,5,34,0,5,34,0,18,16,2,54,0,0
34402,1000000US170317004011033,0,0,0,0,0,0,0,0,0,0,0,0,0,0,0,0,0,0
34403,1000000US170317004011034,19,0,10,0,0,0,9,10,0,9,19,0,9,7,2,30,0,0
34404,1000000US170317004011035,37,1,32,0,0,0,6,31,0,6,36,0,18,17,1,55,0,2
34405,1000000US170317004011036,17,2,13,3,0,0,2,15,0,2,15,3,7,7,0,21,3,0
34406,1000000US170317004011037,16,2,12,0,0,0,2,14,0,2,14,0,7,7,0,21,0,0
34407,1000000US170317004011038,23,4,15,0,0,0,4,19,0,4,19,2,11,10,1,34,0,0
34408,1000000US170317004011039,0,0,0,0,0,0,0,0,0,0,0,0,0,0,0,0,0,0
34409,1000000US170317004011040,0,0,0,0,0,0,0,0,0,0,0,0,0,0,0,0,0,0
34410,1000000US170317004011041,0,0,0,0,0,0,0,0,0,0,0,0,0,0,0,0,0,0
34411,1000000US170317004011042,30,2,15,0,0,0,13,17,0,13,28,0,10,10,0,53,0,0
34412,1000000US170317004011043,33,2,20,0,4,0,7,26,0,7,31,3,15,15,0,50,0,0
34413,1000000US170317004011044,6,0,6,0,0,0,0,6,0,0,6,0,3,3,0,9,0,0
34414,1000000US170317004011045,15,0,15,0,0,0,0,15,0,0,15,0,7,7,0,23,0,0
34415,1000000US170317004011046,22,1,19,0,0,0,2,20,0,2,21,0,11,11,0,35,0,0
34416,1000000US170317004011047,31,0,19,0,0,0,12,19,0,12,31,0,11,11,0,43,0,0
34417,1000000US170317004011048,13,3,9,0,0,0,1,12,0,1,10,0,11,7,4,17,0,0
34418,1000000US170317004011049,22,2,15,0,0,0,5,17,0,5,20,2,10,9,1,34,0,0
34419,1000000US170317004011050,0,0,0,0,0,0,0,0,0,0,0,0,0,0,0,0,0,0
34420,1000000US170317004011051,0,0,0,0,0,0,0,0,0,0,0,0,0,0,0,0,0,0
34421,1000000US170317004011052,51,4,21,0,0,0,26,25,0,26,47,0,19,17,2,81,0,0
34422,1000000US170317004011053,22,4,11,0,0,0,7,15,0,7,18,0,11,11,0,39,0,0
34423,1000000US170317004011054,21,4,11,0,0,0,6,15,0,6,17,0,10,10,0,36,0,0
34424,1000000US170317004011055,31,2,27,1,1,0,0,31,0,0,29,0,16,16,0,51,1,0
34425,1000000US170317004011056,19,1,12,1,0,0,5,14,0,5,18,0,15,14,1,21,1,0
34426,1000000US170317004011057,41,1,35,0,0,0,5,36,0,5,40,2,19,18,1,61,0,0
34427,1000000US170317004011058,0,0,0,0,0,0,0,0,0,0,0,0,0,0,0,0,0,0
34428,1000000US170317004011059,23,3,17,0,0,0,3,20,0,3,20,0,13,13,0,34,0,0
34429,1000000US170317004011060,7,5,2,0,0,0,0,7,0,0,2,0,2,2,0,9,0,0
34430,1000000US170317004011061,15,0,15,0,0,0,0,15,0,0,15,0,7,6,1,19,0,0
34431,1000000US170317004011062,42,0,42,0,0,0,0,42,0,0,42,0,17,17,0,47,0,0
34432,1000000US170317004011063,37,0,37,0,0,0,0,37,0,0,37,0,17,16,1,63,0,0
34433,1000000US170317004011064,25,3,22,0,0,0,0,25,0,0,22,1,13,11,2,39,0,0
34434,1000000US170317004011065,6,1,4,0,0,0,0,6,0,0,5,1,2,2,0,6,0,0
34435,1000000US170317004011066,45,11,34,0,0,0,0,45,0,0,34,1,31,30,1,59,0,0
34436,1000000US170317004011067,20,0,19,0,0,0,1,19,0,1,20,0,12,9,3,28,0,0
34437,1000000US170317004011068,0,0,0,0,0,0,0,0,0,0,0,0,0,0,0,0,0,0
34438,1000000US170317004012000,34,2,28,0,0,0,4,30,0,4,32,0,20,19,1,54,0,0
34439,1000000US170317004012001,40,0,39,0,0,0,1,39,0,1,40,0,23,21,2,56,0,0
34440,1000000US170317004012002,0,0,0,0,0,0,0,0,0,0,0,0,0,0,0,0,0,0
34441,1000000US170317004012003,41,5,17,0,0,0,20,21,0,20,36,0,17,17,0,65,0,1
34442,1000000US170317004012004,35,5,8,0,0,0,22,13,0,22,30,0,16,15,1,56,0,0
34443,1000000US170317004012005,35,6,8,0,0,0,21,14,0,21,29,0,17,16,1,49,0,0
34444,1000000US170317004012006,42,5,11,0,0,0,26,16,0,26,37,0,17,15,2,59,0,0
34445,1000000US170317004012007,40,1,9,0,0,0,30,10,0,30,39,2,16,15,1,66,0,0
34446,1000000US170317004012008,39,11,8,0,0,0,20,19,0,20,28,0,16,16,0,48,0,0
34447,1000000US170317004012009,0,0,0,0,0,0,0,0,0,0,0,0,0,0,0,0,0,0
34448,1000000US170317004012010,0,0,0,0,0,0,0,0,0,0,0,0,0,0,0,0,0,0
34449,1000000US170317004012011,41,2,18,0,0,0,21,20,0,21,39,0,16,16,0,63,0,0
34450,1000000US170317004012012,32,12,20,0,0,0,0,32,0,0,20,0,16,15,1,40,0,0
34451,1000000US170317004012013,30,8,16,0,0,0,6,24,0,6,22,0,15,13,2,48,0,0
34452,1000000US170317004012014,43,5,11,0,0,0,27,16,0,27,38,1,16,16,0,69,0,0
34453,1000000US170317004012015,39,1,14,0,0,0,23,16,0,23,38,0,16,16,0,62,0,0
34454,1000000US170317004012016,46,7,17,4,0,0,19,27,0,19,39,0,17,17,0,67,4,1
34455,1000000US170317004012017,40,1,22,1,4,0,13,27,0,13,39,1,16,16,0,57,1,0
34456,1000000US170317004012018,29,8,7,0,0,0,14,15,0,14,21,4,15,14,1,44,0,0
34457,1000000US170317004012019,42,11,10,0,0,0,21,21,0,21,31,0,17,16,1,67,0,0
34458,1000000US170317004012020,39,2,25,0,0,0,12,27,0,12,37,0,17,17,0,53,0,0
34459,1000000US170317004012021,37,10,14,0,0,0,13,24,0,13,27,0,17,16,1,48,0,0
34460,1000000US170317004012022,41,2,22,0,0,0,20,21,0,20,39,0,17,17,0,63,0,3
34461,1000000US170317004012023,36,5,24,0,0,2,7,29,0,7,31,2,18,18,0,46,0,0
34462,1000000US170317004012024,33,4,15,0,0,0,14,19,0,14,29,0,15,14,1,54,0,0
34463,1000000US170317004012025,43,2,17,0,0,0,24,19,0,24,41,0,17,17,0,75,0,0
34464,1000000US170317004012026,0,0,0,0,0,0,0,0,0,0,0,0,0,0,0,0,0,0
34465,1000000US170317004012027,34,8,17,0,0,0,10,24,0,10,26,0,14,14,0,51,0,1
34466,1000000US170317004012028,37,7,30,2,0,0,0,37,0,0,30,2,16,16,0,47,2,0
34467,1000000US170317004012029,43,11,20,1,4,0,8,35,0,8,32,0,18,17,1,57,1,0
34468,1000000US170317004012030,45,9,19,0,0,0,17,28,0,17,36,1,18,17,1,56,0,0
34469,1000000US170317004012031,25,5,10,0,0,0,10,15,0,10,20,0,12,11,1,39,0,0
34470,1000000US170317004013000,42,4,12,2,3,0,23,19,0,23,38,2,20,17,3,63,2,0
34471,1000000US170317004013001,39,1,18,0,0,0,21,18,0,21,38,0,18,18,0,59,0,1
34472,1000000US170317004013002,44,5,15,0,0,0,24,20,0,24,39,0,20,20,0,73,0,0
34473,1000000US170317004013003,35,3,19,0,0,0,17,18,0,17,32,4,12,12,0,51,0,4
34474,1000000US170317004013004,0,0,0,0,0,0,0,0,0,0,0,0,0,0,0,0,0,0
34475,1000000US170317004013005,48,3,16,4,0,0,29,19,0,29,45,4,17,17,0,65,0,0
34476,1000000US170317004013006,30,4,13,2,0,0,13,17,0,13,26,0,15,14,1,38,2,0
34477,1000000US170317004013007,29,15,3,0,0,0,11,18,0,11,14,0,16,13,3,43,0,0
34478,1000000US170317004013008,28,4,1,0,0,0,24,4,0,24,24,0,12,12,0,39,0,1
34479,1000000US170317004013009,30,7,6,0,0,0,18,12,0,18,23,3,11,11,0,37,0,1
34480,1000000US170317004013010,35,13,9,0,0,0,13,22,0,13,22,0,16,16,0,45,0,0
34481,1000000US170317004013011,36,6,16,0,0,0,14,22,0,14,30,2,15,15,0,48,0,0
34482,1000000US170317004013012,39,8,14,0,1,0,16,23,0,16,31,0,17,16,1,56,0,0
34483,1000000US170317004013013,47,11,7,0,0,0,29,18,0,29,36,0,17,16,1,67,0,0
34484,1000000US170317004013014,40,14,14,0,5,0,7,33,0,7,26,0,17,16,1,60,0,0
34485,1000000US170317004013015,40,10,6,0,0,0,24,16,0,24,30,0,15,15,0,59,0,0
34486,1000000US170317004013016,28,9,17,0,0,0,2,26,0,2,19,0,13,13,0,33,0,0
34487,1000000US170317004013017,0,0,0,0,0,0,0,0,0,0,0,0,0,0,0,0,0,0
34488,1000000US170317004013018,0,0,0,0,0,0,0,0,0,0,0,0,0,0,0,0,0,0
34489,1000000US170317004013019,27,8,5,0,0,0,14,13,0,14,19,0,13,13,0,41,0,0
34490,1000000US170317004013020,40,8,19,0,3,0,10,30,0,10,32,0,18,18,0,60,0,0
34491,1000000US170317004013021,31,7,14,0,0,0,10,21,0,10,24,0,14,14,0,48,0,0
34492,1000000US170317004013022,26,5,14,0,0,0,6,20,0,6,21,0,14,14,0,33,0,0
34493,1000000US170317004013023,24,0,11,0,0,0,14,10,0,14,24,0,9,9,0,34,0,1
34494,1000000US170317004013024,0,0,0,0,0,0,0,0,0,0,0,0,0,0,0,0,0,0
34495,1000000US170317004013025,0,0,0,0,0,0,0,0,0,0,0,0,0,0,0,0,0,0
34496,1000000US170317004013026,0,0,0,0,0,0,0,0,0,0,0,0,0,0,0,0,0,0
34497,1000000US170317004013027,0,0,0,0,0,0,0,0,0,0,0,0,0,0,0,0,0,0
34498,1000000US170317004013028,0,0,0,0,0,0,0,0,0,0,0,0,0,0,0,0,0,0
34499,1000000US170317004013029,0,0,0,0,0,0,0,0,0,0,0,0,0,0,0,0,0,0
34500,1000000US170317004013030,51,15,20,0,0,0,16,35,0,16,36,0,18,18,0,63,0,0
34501,1000000US170317004013031,42,7,16,0,1,0,18,24,0,18,35,0,15,14,1,60,0,0
34502,1000000US170317004013032,38,20,7,0,0,0,11,27,0,11,18,0,18,18,0,47,0,0
34503,1000000US170317004013033,24,1,19,0,0,0,7,17,0,7,23,0,12,10,2,36,0,3
34504,1000000US170317004013034,51,16,3,0,1,0,32,19,0,32,35,1,15,15,0,90,0,0
34505,1000000US170317004013035,33,7,8,0,0,0,18,15,0,18,26,0,16,15,1,49,0,0
34506,1000000US170317004013036,41,9,13,0,0,0,19,22,0,19,32,0,17,16,1,57,0,0
34507,1000000US170317004013037,34,9,16,0,0,0,9,25,0,9,25,0,17,15,2,47,0,0
34508,1000000US170317004013038,0,0,0,0,0,0,0,0,0,0,0,0,0,0,0,0,0,0
34509,1000000US170317004013039,2,0,0,0,0,0,2,0,0,2,2,0,1,1,0,7,0,0
34510,1000000US170317004013040,33,3,26,0,0,0,5,28,0,5,30,2,12,12,0,43,0,1
34511,1000000US170317004014000,22,8,14,0,0,0,0,22,0,0,14,0,14,12,2,24,0,0
34512,1000000US170317004014001,36,8,28,0,0,0,0,36,0,0,28,0,17,17,0,45,0,0
34513,1000000US170317004014002,37,2,32,0,0,0,3,34,0,3,35,0,16,15,1,51,0,0
34514,1000000US170317004014003,32,0,29,0,0,0,3,29,0,3,32,3,17,16,1,42,0,0
34515,1000000US170317004014004,40,0,29,0,0,0,12,28,0,12,40,0,17,17,0,58,0,1
34516,1000000US170317004014005,37,3,23,4,0,0,11,26,0,11,34,1,17,17,0,66,4,0
34517,1000000US170317004014006,38,2,31,0,0,0,5,33,0,5,36,0,17,17,0,52,0,0
34518,1000000US170317004014007,22,3,19,0,0,0,0,22,0,0,19,0,15,14,1,37,0,0
34519,1000000US170317004014008,0,0,0,0,0,0,0,0,0,0,0,0,0,0,0,0,0,0
34520,1000000US170317004014009,29,5,24,0,0,0,0,29,0,0,24,0,12,11,1,34,0,0
34521,1000000US170317004014010,4,1,2,0,0,0,0,4,0,0,3,1,2,2,0,4,0,0
34522,1000000US170317004014011,28,0,25,0,0,0,4,24,0,4,28,0,13,13,0,43,0,1
34523,1000000US170317004014012,25,1,23,1,0,0,0,25,0,0,24,1,13,12,1,34,0,0
34524,1000000US170317004014013,0,0,0,0,0,0,0,0,0,0,0,0,0,0,0,0,0,0
34525,1000000US170317004014014,21,5,16,0,0,0,0,21,0,0,16,0,13,12,1,30,0,0
34526,1000000US170317004014015,27,0,24,0,0,0,3,24,0,3,27,0,13,13,0,36,0,0
34527,1000000US170317004014016,14,1,13,0,0,0,2,12,0,2,13,0,6,6,0,14,0,2
34528,1000000US170317004014017,22,1,20,0,0,0,1,21,0,1,21,0,10,10,0,31,0,0
34529,1000000US170317004014018,20,1,15,0,0,0,4,16,0,4,19,0,14,11,3,28,0,0
34530,1000000US170317004014019,7,0,5,0,0,0,2,5,0,2,7,0,3,3,0,11,0,0
34531,1000000US170317004014020,17,0,17,0,0,0,0,17,0,0,17,0,7,7,0,25,0,0
34532,1000000US170317004014021,4,0,4,0,0,0,0,4,0,0,4,0,2,2,0,4,0,0
34533,1000000US170317004014022,29,1,28,0,0,0,0,29,0,0,28,0,12,12,0,51,0,0
34534,1000000US170317004014023,31,1,28,0,0,0,2,29,0,2,30,0,16,16,0,51,0,0
34535,1000000US170317004021000,59,8,25,0,0,0,26,33,0,26,51,0,25,22,3,87,0,0
34536,1000000US170317004021001,39,6,23,0,4,0,9,30,0,9,33,2,15,15,0,55,0,1
34537,1000000US170317004021002,28,5,14,0,0,0,9,19,0,9,23,0,14,12,2,34,0,0
34538,1000000US170317004021003,25,3,9,0,0,0,13,12,0,13,22,0,12,11,1,38,0,0
34539,1000000US170317004021004,0,0,0,0,0,0,0,0,0,0,0,0,0,0,0,0,0,0
34540,1000000US170317004021005,82,9,58,0,0,1,16,66,0,16,73,1,37,37,0,125,0,1
34541,1000000US170317004021006,10,0,7,0,0,0,3,7,0,3,10,0,4,4,0,14,0,0
34542,1000000US170317004021007,0,0,0,0,0,0,0,0,0,0,0,0,0,0,0,0,0,0
34543,1000000US170317004021008,0,0,0,0,0,0,0,0,0,0,0,0,0,0,0,0,0,0
34544,1000000US170317004021009,20,5,13,1,0,0,2,18,0,2,15,0,10,10,0,31,1,0
34545,1000000US170317004021010,30,2,11,0,0,0,20,10,0,20,28,1,14,14,0,42,0,3
34546,1000000US170317004021011,42,3,22,0,0,0,17,25,0,17,39,0,14,14,0,62,0,0
34547,1000000US170317004021012,30,7,8,0,4,0,11,19,0,11,23,0,14,12,2,45,0,0
34548,1000000US170317004021013,35,7,16,0,0,0,12,23,0,12,28,0,17,16,1,50,0,0
34549,1000000US170317004021014,12,0,3,0,0,0,9,3,0,9,12,0,5,5,0,20,0,0
34550,1000000US170317004021015,4,0,0,0,0,0,4,0,0,4,4,0,1,1,0,4,0,0
34551,1000000US170317004021016,33,7,8,0,0,0,17,16,0,17,26,0,17,15,2,50,0,0
34552,1000000US170317004021017,31,15,10,0,2,0,4,27,0,4,16,0,14,13,1,38,0,0
34553,1000000US170317004021018,0,0,0,0,0,0,0,0,0,0,0,0,0,0,0,0,0,0
34554,1000000US170317004021019,7,1,2,0,1,0,3,4,0,3,6,0,6,5,1,9,0,0
34555,1000000US170317004021020,42,6,8,0,0,0,28,14,0,28,36,5,15,14,1,64,0,0
34556,1000000US170317004021021,35,5,17,0,0,0,13,22,0,13,30,0,18,17,1,55,0,0
34557,1000000US170317004021022,34,12,16,0,2,0,4,30,0,4,22,0,13,13,0,47,0,0
34558,1000000US170317004021023,29,13,1,0,0,0,15,14,0,15,16,0,12,11,1,40,0,0
34559,1000000US170317004021024,30,3,18,0,0,0,9,21,0,9,27,0,11,11,0,46,0,0
34560,1000000US170317004021025,5,0,5,1,0,0,0,5,0,0,5,1,1,1,0,6,1,0
34561,1000000US170317004021026,27,9,12,0,0,0,6,21,0,6,18,0,13,12,1,35,0,0
34562,1000000US170317004021027,18,3,9,0,0,0,6,12,0,6,15,0,7,7,0,24,0,0
34563,1000000US170317004021028,3,3,0,0,0,0,0,3,0,0,0,0,2,2,0,3,0,0
34564,1000000US170317004021029,0,0,0,0,0,0,0,0,0,0,0,0,0,0,0,0,0,0
34565,1000000US170317004021030,11,2,3,0,0,0,6,5,0,6,9,0,7,6,1,15,0,0
34566,1000000US170317004021031,0,0,0,0,0,0,0,0,0,0,0,0,0,0,0,0,0,0
34567,1000000US170317004021032,0,0,0,0,0,0,0,0,0,0,0,0,0,0,0,0,0,0
34568,1000000US170317004022000,9,0,2,2,0,0,8,1,0,8,9,2,3,3,0,11,0,1
34569,1000000US170317004022001,40,10,22,0,0,0,7,33,0,7,30,0,17,17,0,53,0,0
34570,1000000US170317004022002,18,3,8,0,0,0,7,11,0,7,15,1,7,7,0,25,0,0
34571,1000000US170317004022003,26,3,13,2,0,0,11,15,0,11,23,0,13,13,0,38,2,1
34572,1000000US170317004022004,0,0,0,0,0,0,0,0,0,0,0,0,0,0,0,0,0,0
34573,1000000US170317004022005,34,8,18,0,0,0,8,26,0,8,26,0,12,12,0,47,0,0
34574,1000000US170317004022006,29,4,24,0,0,0,1,28,0,1,25,0,13,13,0,46,0,0
34575,1000000US170317004022007,26,2,19,0,1,0,4,22,0,4,24,0,15,14,1,36,0,0
34576,1000000US170317004022008,21,7,9,0,1,0,4,17,0,4,14,0,13,10,3,34,0,0
34577,1000000US170317004022009,0,0,0,0,0,0,0,0,0,0,0,0,0,0,0,0,0,0
34578,1000000US170317004022010,19,0,18,0,0,0,1,18,0,1,19,0,13,11,2,31,0,0
34579,1000000US170317004022011,2,2,0,0,0,0,0,2,0,0,0,0,1,1,0,2,0,0
34580,1000000US170317004022012,18,10,1,0,0,0,7,11,0,7,8,0,9,9,0,28,0,0
34581,1000000US170317004022013,12,2,8,0,0,0,2,10,0,2,10,0,5,4,1,19,0,0
34582,1000000US170317004022014,40,7,18,0,0,0,15,25,0,15,33,0,16,16,0,59,0,0
34583,1000000US170317004022015,31,9,17,1,0,0,6,25,0,6,22,0,15,15,0,48,1,1
34584,1000000US170317004022016,25,5,10,1,0,0,10,15,0,10,20,0,13,12,1,46,1,0
34585,1000000US170317004022017,39,9,26,0,0,0,4,35,0,4,30,0,13,12,1,55,0,0
34586,1000000US170317004022018,29,2,25,1,0,0,3,26,0,3,27,3,15,14,1,48,1,1
34587,1000000US170317004022019,27,3,18,0,0,0,6,21,0,6,24,0,14,12,2,48,0,0
34588,1000000US170317004022020,26,6,18,0,0,0,2,24,0,2,20,2,15,12,3,36,0,0
34589,1000000US170317004022021,28,13,13,0,1,0,2,26,0,2,15,1,13,11,2,36,0,0
34590,1000000US170317004022022,29,7,17,0,0,0,6,23,0,6,22,1,12,12,0,46,0,1
34591,1000000US170317004022023,33,5,20,0,0,0,10,23,0,10,28,1,15,15,0,59,0,2
34592,1000000US170317004022024,24,5,6,0,0,0,13,11,0,13,19,0,13,12,1,34,0,0
34593,1000000US170317004022025,24,5,13,0,0,0,6,18,0,6,19,0,13,11,2,43,0,0
34594,1000000US170317004022026,26,5,11,0,0,0,10,16,0,10,21,0,12,12,0,37,0,0
34595,1000000US170317004022027,39,12,21,0,0,0,6,33,0,6,27,0,15,15,0,54,0,0
34596,1000000US170317004022028,45,13,20,0,0,0,12,33,0,12,32,0,17,17,0,56,0,0
34597,1000000US170317004022029,28,8,12,0,0,0,8,20,0,8,20,0,15,13,2,40,0,0
34598,1000000US170317004022030,27,7,18,0,0,0,2,25,0,2,20,0,15,12,3,37,0,0
34599,1000000US170317004022031,28,10,4,0,0,0,14,14,0,14,18,0,15,12,3,37,0,0
34600,1000000US170317004022032,41,3,27,0,0,0,11,30,0,11,38,0,16,16,0,59,0,0
34601,1000000US170317004023000,0,0,0,0,0,0,0,0,0,0,0,0,0,0,0,0,0,0
34602,1000000US170317004023001,32,5,27,0,0,0,0,32,0,0,27,0,13,13,0,38,0,0
34603,1000000US170317004023002,27,4,23,4,0,0,0,27,0,0,23,4,16,14,2,30,4,0
34604,1000000US170317004023003,28,0,27,2,2,0,0,28,0,0,28,3,16,15,1,44,2,0
34605,1000000US170317004023004,34,7,23,0,3,0,0,34,0,0,27,2,14,13,1,51,0,0
34606,1000000US170317004023005,28,1,27,0,0,0,0,28,0,0,27,0,14,14,0,41,0,0
34607,1000000US170317004023006,37,6,26,0,0,0,5,32,0,5,31,0,16,16,0,55,0,0
34608,1000000US170317004023007,31,4,20,2,1,0,6,25,0,6,27,0,16,15,1,53,2,0
34609,1000000US170317004023008,23,2,20,0,0,0,1,22,0,1,21,0,13,12,1,30,0,0
34610,1000000US170317004023009,30,3,23,0,4,0,0,30,0,0,27,1,13,12,1,41,0,0
34611,1000000US170317004023010,28,3,23,0,0,0,3,25,0,3,25,0,16,14,2,43,0,1
34612,1000000US170317004023011,35,5,27,0,0,0,3,32,0,3,30,0,17,17,0,51,0,0
34613,1000000US170317004023012,25,1,22,0,0,0,3,22,0,3,24,0,14,12,2,35,0,1
34614,1000000US170317004023013,74,10,52,2,0,0,14,60,0,14,64,3,32,30,2,103,2,2
34615,1000000US170317004023014,46,2,38,0,0,0,6,40,0,6,44,0,17,16,1,68,0,0
34616,1000000US170317004023015,35,2,32,0,1,0,0,35,0,0,33,0,17,16,1,46,0,0
34617,1000000US170317004023016,22,2,19,0,0,0,1,21,0,1,20,0,11,11,0,31,0,0
34618,1000000US170317004023017,1,0,1,0,0,0,0,1,0,0,1,0,1,1,0,3,0,0
34619,1000000US170317004023018,4,1,2,0,0,0,1,3,0,1,3,0,2,2,0,7,0,0
34620,1000000US170317004023019,28,2,26,0,0,0,1,27,0,1,26,0,14,13,1,40,0,1
34621,1000000US170317004023020,41,3,32,0,0,0,6,35,0,6,38,0,16,16,0,57,0,0
34622,1000000US170317004023021,38,7,31,1,0,0,0,38,0,0,31,1,18,18,0,49,1,0
34623,1000000US170317004023022,32,3,27,0,0,0,2,30,0,2,29,0,17,16,1,41,0,0
34624,1000000US170317004023023,34,5,29,0,0,0,0,34,0,0,29,0,18,16,2,47,0,0
34625,1000000US170317004023024,26,6,20,0,0,0,0,26,0,0,20,0,13,12,1,33,0,0
34626,1000000US170317004023025,356,18,329,3,2,0,8,348,0,8,338,2,159,158,1,480,3,3
34627,1000000US170317004023026,45,3,42,0,0,0,2,43,0,2,42,0,20,20,0,61,0,2
34628,1000000US170317004023027,39,9,20,0,2,0,8,31,0,8,30,0,16,16,0,49,0,0
34629,1000000US170317005011000,5,0,5,0,0,0,2,3,0,2,5,1,3,3,0,6,0,2
34630,1000000US170317005011001,13,1,12,0,0,0,0,13,0,0,12,0,12,12,0,13,0,0
34631,1000000US170317005011002,6,0,6,0,0,0,0,6,0,0,6,0,6,5,1,12,0,0
34632,1000000US170317005011003,3,0,0,0,0,0,3,0,0,3,3,0,1,1,0,3,0,0
34633,1000000US170317005011004,16,0,16,0,0,0,0,16,0,0,16,0,15,9,6,18,0,0
34634,1000000US170317005011005,27,5,19,3,2,0,1,26,0,1,22,3,1,1,0,56,2,0
34635,1000000US170317005011006,53,1,52,0,0,0,0,53,0,0,52,0,23,21,2,70,0,0
34636,1000000US170317005011007,32,0,32,0,0,0,2,30,0,2,32,0,14,14,0,41,0,2
34637,1000000US170317005011008,27,0,24,0,0,0,3,24,0,3,27,0,14,13,1,39,0,0
34638,1000000US170317005011009,30,3,27,0,0,0,0,30,0,0,27,0,18,16,2,36,0,0
34639,1000000US170317005011010,31,0,31,0,0,0,0,31,0,0,31,0,16,15,1,42,0,0
34640,1000000US170317005011011,30,1,29,0,0,0,0,30,0,0,29,0,17,12,5,38,0,0
34641,1000000US170317005011012,0,0,0,0,0,0,0,0,0,0,0,0,0,0,0,0,0,0
34642,1000000US170317005011013,0,0,0,0,0,0,0,0,0,0,0,0,0,0,0,0,0,0
34643,1000000US170317005011014,10,1,9,0,0,0,0,10,0,0,9,0,5,5,0,11,0,0
34644,1000000US170317005011015,9,0,9,0,0,0,0,9,0,0,9,0,4,4,0,13,0,0
34645,1000000US170317005011016,20,0,20,0,0,0,0,20,0,0,20,0,10,10,0,29,0,0
34646,1000000US170317005011017,0,0,0,0,0,0,0,0,0,0,0,0,0,0,0,0,0,0
34647,1000000US170317005011018,16,1,15,0,0,0,0,16,0,0,15,0,8,7,1,18,0,0
34648,1000000US170317005011019,4,2,2,0,0,0,0,4,0,0,2,0,2,2,0,4,0,0
34649,1000000US170317005011020,17,2,15,0,0,0,1,16,0,1,15,0,8,7,1,24,0,1
34650,1000000US170317005011021,47,2,41,4,0,0,4,43,0,4,45,4,20,20,0,57,4,0
34651,1000000US170317005011022,24,1,22,0,0,0,1,23,0,1,23,2,20,17,3,25,0,0
34652,1000000US170317005011023,50,5,41,0,0,0,4,46,0,4,45,0,31,27,4,60,0,0
34653,1000000US170317005011024,38,1,37,0,1,0,1,37,0,1,37,1,24,23,1,54,0,1
34654,1000000US170317005011025,42,0,41,0,1,0,0,42,0,0,42,0,19,17,2,60,0,0
34655,1000000US170317005011026,38,5,33,0,0,0,0,38,0,0,33,0,20,19,1,53,0,0
34656,1000000US170317005011027,53,3,48,0,0,0,3,50,0,3,50,1,25,25,0,76,0,1
34657,1000000US170317005011028,36,0,34,0,1,0,2,34,0,2,36,1,16,16,0,42,0,0
34658,1000000US170317005011029,31,0,31,0,0,0,0,31,0,0,31,1,15,15,0,41,0,0
34659,1000000US170317005011030,10,2,8,0,0,0,0,10,0,0,8,0,6,5,1,14,0,0
34660,1000000US170317005011031,22,4,16,2,0,0,2,20,0,2,18,2,12,10,2,29,0,0
34661,1000000US170317005011032,10,0,9,0,0,0,1,9,0,1,10,0,3,3,0,14,0,0
34662,1000000US170317005011033,3,0,3,0,0,0,0,3,0,0,3,0,1,1,0,4,0,0
34663,1000000US170317005011034,12,2,10,0,0,0,0,12,0,0,10,1,7,7,0,14,0,0
34664,1000000US170317005011035,0,0,0,0,0,0,0,0,0,0,0,0,0,0,0,0,0,0
34665,1000000US170317005011036,18,2,10,0,0,0,7,11,0,7,16,0,9,7,2,24,0,1
34666,1000000US170317005011037,10,2,3,5,0,0,3,7,0,3,8,5,5,3,2,11,0,0
34667,1000000US170317005011038,48,0,48,0,0,0,0,48,0,0,48,0,20,20,0,55,0,0
34668,1000000US170317005011039,41,4,37,0,0,0,0,41,0,0,37,0,17,17,0,51,0,0
34669,1000000US170317005011040,22,2,20,0,0,0,0,22,0,0,20,0,11,11,0,31,0,0
34670,1000000US170317005011041,2,0,2,0,0,0,0,2,0,0,2,0,1,1,0,4,0,0
34671,1000000US170317005011042,32,0,32,0,0,0,0,32,0,0,32,0,11,11,0,40,0,0
34672,1000000US170317005011043,33,3,29,0,0,0,2,31,0,2,30,0,8,8,0,40,0,1
34673,1000000US170317005012000,4,1,3,0,0,0,0,4,0,0,3,0,2,2,0,5,0,0
34674,1000000US170317005012001,22,0,21,0,0,0,1,21,0,1,22,0,12,12,0,28,0,0
34675,1000000US170317005012002,0,0,0,0,0,0,0,0,0,0,0,0,0,0,0,0,0,0
34676,1000000US170317005012003,45,0,45,1,1,0,0,45,0,0,45,2,14,14,0,53,1,0
34677,1000000US170317005012004,28,0,28,0,0,0,0,28,0,0,28,0,14,14,0,38,0,0
34678,1000000US170317005012005,0,0,0,0,0,0,0,0,0,0,0,0,0,0,0,0,0,0
34679,1000000US170317005012006,19,0,19,0,0,0,0,19,0,0,19,0,10,10,0,19,0,0
34680,1000000US170317005012007,387,30,344,0,1,0,14,373,0,14,357,1,0,0,0,387,0,2
34681,1000000US170317005012008,24,0,21,0,0,0,0,24,0,0,24,0,13,12,1,27,0,0
34682,1000000US170317005012009,32,0,32,0,0,0,0,32,0,0,32,0,14,14,0,38,0,0
34683,1000000US170317005012010,0,0,0,0,0,0,0,0,0,0,0,0,0,0,0,0,0,0
34684,1000000US170317005012011,0,0,0,0,0,0,0,0,0,0,0,0,0,0,0,0,0,0
34685,1000000US170317005012012,56,0,56,0,0,0,0,56,0,0,56,0,29,29,0,68,0,0
34686,1000000US170317005012013,36,0,36,0,0,0,0,36,0,0,36,0,14,14,0,43,0,0
34687,1000000US170317005012014,11,0,9,1,0,1,0,11,0,0,11,0,6,6,0,13,1,0
34688,1000000US170317005012015,33,0,33,0,0,0,0,33,0,0,33,0,14,14,0,41,0,0
34689,1000000US170317005012016,0,0,0,0,0,0,0,0,0,0,0,0,0,0,0,0,0,0
34690,1000000US170317005012017,22,2,19,0,0,0,1,21,0,1,20,0,14,14,0,24,0,0
34691,1000000US170317005012018,37,0,37,0,0,0,0,37,0,0,37,0,14,14,0,42,0,0
34692,1000000US170317005012019,30,0,30,0,0,0,0,30,0,0,30,0,14,13,1,33,0,0
34693,1000000US170317005012020,0,0,0,0,0,0,0,0,0,0,0,0,0,0,0,0,0,0
34694,1000000US170317005012021,0,0,0,0,0,0,0,0,0,0,0,0,0,0,0,0,0,0
34695,1000000US170317005012022,0,0,0,0,0,0,0,0,0,0,0,0,0,0,0,0,0,0
34696,1000000US170317005012023,1,1,0,0,0,0,0,1,0,0,0,0,1,1,0,1,0,0
34697,1000000US170317005012024,30,0,30,0,0,0,0,30,0,0,30,0,14,14,0,39,0,0
34698,1000000US170317005012025,59,0,58,2,0,0,1,58,0,1,59,2,23,23,0,76,2,0
34699,1000000US170317005012026,20,0,20,0,0,0,0,20,0,0,20,0,12,11,1,22,0,0
34700,1000000US170317005013000,14,0,14,0,0,0,0,14,0,0,14,0,7,7,0,18,0,0
34701,1000000US170317005013001,2,0,2,0,0,0,0,2,0,0,2,0,1,1,0,3,0,0
34702,1000000US170317005013002,15,1,14,0,0,0,0,15,0,0,14,0,9,9,0,25,0,0
34703,1000000US170317005013003,3,0,3,0,0,0,0,3,0,0,3,0,1,1,0,3,0,0
34704,1000000US170317005013004,9,0,9,0,0,0,0,9,0,0,9,0,7,6,1,9,0,0
34705,1000000US170317005013005,30,0,30,0,1,0,0,30,0,0,30,1,13,12,1,42,0,0
34706,1000000US170317005013006,30,0,25,0,0,0,5,25,0,5,30,1,14,13,1,36,0,0
34707,1000000US170317005013007,31,0,31,0,0,0,0,31,0,0,31,1,14,14,0,43,0,0
34708,1000000US170317005013008,38,0,38,0,0,0,0,38,0,0,38,0,19,18,1,50,0,0
34709,1000000US170317005013009,45,6,34,0,0,0,5,40,0,5,39,0,19,18,1,55,0,0
34710,1000000US170317005013010,35,2,33,0,0,0,0,35,0,0,33,0,18,17,1,46,0,0
34711,1000000US170317005013011,38,2,36,0,0,0,0,38,0,0,36,0,18,16,2,49,0,0
34712,1000000US170317005013012,30,0,30,0,0,0,0,30,0,0,30,1,14,14,0,35,0,0
34713,1000000US170317005013013,26,0,25,1,0,0,0,26,0,0,26,0,13,12,1,35,1,0
34714,1000000US170317005013014,23,3,20,0,0,0,0,23,0,0,20,0,12,11,1,31,0,0
34715,1000000US170317005013015,31,0,31,0,0,0,0,31,0,0,31,0,12,12,0,46,0,0
34716,1000000US170317005013016,27,0,26,1,0,0,0,27,0,0,27,0,13,11,2,31,1,0
34717,1000000US170317005013017,28,0,23,0,0,0,5,23,0,5,28,1,14,14,0,37,0,0
34718,1000000US170317005013018,32,2,28,0,2,0,0,32,0,0,30,0,14,13,1,40,0,0
34719,1000000US170317005013019,46,0,43,1,0,0,2,44,0,2,46,7,18,17,1,63,0,0
34720,1000000US170317005013020,42,2,40,0,0,0,0,42,0,0,40,0,19,19,0,53,0,0
34721,1000000US170317005013021,41,3,37,0,1,0,0,41,0,0,38,0,19,17,2,51,0,0
34722,1000000US170317005013022,33,0,31,1,0,0,1,32,0,1,33,0,16,15,1,37,1,0
34723,1000000US170317005013023,33,0,32,0,1,0,0,33,0,0,33,0,15,15,0,45,0,0
34724,1000000US170317005013024,41,5,35,0,0,0,1,40,0,1,36,0,19,18,1,64,0,0
34725,1000000US170317005013025,42,3,39,0,0,0,0,42,0,0,39,0,18,18,0,54,0,0
34726,1000000US170317005013026,40,1,39,0,0,0,0,40,0,0,39,0,18,18,0,52,0,0
34727,1000000US170317005013027,35,1,31,0,0,0,3,32,0,3,34,0,18,18,0,45,0,0
34728,1000000US170317005013028,34,1,31,0,2,0,0,34,0,0,33,0,17,16,1,41,0,0
34729,1000000US170317005013029,37,2,33,0,0,0,3,34,0,3,35,1,18,17,1,49,0,1
34730,1000000US170317005013030,0,0,0,0,0,0,0,0,0,0,0,0,0,0,0,0,0,0
34731,1000000US170317005013031,21,0,18,0,0,0,5,16,0,5,21,0,11,10,1,34,0,2
34732,1000000US170317005013032,19,0,19,0,0,0,3,16,0,3,19,0,7,7,0,24,0,3
34733,1000000US170317005013033,21,4,17,0,0,0,0,21,0,0,17,0,7,6,1,27,0,0
34734,1000000US170317005013034,14,0,14,0,0,0,0,14,0,0,14,0,7,7,0,18,0,0
34735,1000000US170317005013035,27,1,26,0,0,0,0,27,0,0,26,0,21,18,3,42,0,0
34736,1000000US170317005013036,12,6,0,0,6,0,0,12,0,0,6,0,0,0,0,12,0,0
34737,1000000US170317005014000,46,0,46,0,0,0,2,44,0,2,46,0,27,23,4,53,0,2
34738,1000000US170317005014001,41,0,41,0,0,0,0,41,0,0,41,0,20,18,2,57,0,0
34739,1000000US170317005014002,26,0,26,0,0,0,1,25,0,1,26,1,20,13,7,40,0,1
34740,1000000US170317005014003,27,0,26,1,0,0,2,25,0,2,27,2,16,15,1,48,0,1
34741,1000000US170317005014004,95,0,93,0,0,0,2,93,0,2,95,0,67,62,5,112,0,0
34742,1000000US170317005014005,34,0,29,0,0,0,5,29,0,5,34,0,14,12,2,45,0,0
34743,1000000US170317005014006,30,1,29,0,0,0,1,29,0,1,29,0,12,12,0,43,0,1
34744,1000000US170317005014007,36,0,36,0,0,0,0,36,0,0,36,0,16,16,0,42,0,0
34745,1000000US170317005014008,29,1,23,0,0,0,5,24,0,5,28,0,14,14,0,34,0,0
34746,1000000US170317005014009,28,0,25,0,0,0,3,25,0,3,28,3,14,13,1,42,0,0
34747,1000000US170317005014010,32,2,30,0,0,0,0,32,0,0,30,0,14,13,1,41,0,0
34748,1000000US170317005014011,35,0,35,0,0,0,0,35,0,0,35,0,16,16,0,52,0,0
34749,1000000US170317005014012,23,1,22,0,0,0,0,23,0,0,22,0,14,14,0,34,0,0
34750,1000000US170317005014013,29,4,16,0,3,0,9,20,0,9,25,3,14,13,1,44,0,0
34751,1000000US170317005014014,28,1,25,0,0,0,2,26,0,2,27,0,14,13,1,37,0,0
34752,1000000US170317005014015,36,0,36,0,0,0,0,36,0,0,36,0,14,13,1,43,0,0
34753,1000000US170317005014016,45,0,44,0,0,0,1,44,0,1,45,0,19,19,0,61,0,0
34754,1000000US170317005014017,0,0,0,0,0,0,0,0,0,0,0,0,0,0,0,0,0,0
34755,1000000US170317005014018,0,0,0,0,0,0,0,0,0,0,0,0,0,0,0,0,0,0
34756,1000000US170317005014019,25,2,23,0,0,0,0,25,0,0,23,0,10,10,0,37,0,0
34757,1000000US170317005014020,44,1,43,0,0,0,1,43,0,1,43,1,19,19,0,64,0,1
34758,1000000US170317005014021,39,8,31,0,0,0,3,36,0,3,31,3,20,20,0,59,0,3
34759,1000000US170317005014022,35,2,32,0,2,0,0,35,0,0,33,1,18,15,3,52,0,0
34760,1000000US170317005014023,45,3,42,0,0,0,0,45,0,0,42,0,19,19,0,61,0,0
34761,1000000US170317005014024,51,7,44,1,0,0,1,50,0,1,44,2,18,18,0,64,0,1
34762,1000000US170317005014025,36,0,36,0,0,0,0,36,0,0,36,0,16,16,0,52,0,0
34763,1000000US170317005014026,34,2,32,0,0,0,0,34,0,0,32,0,17,16,1,43,0,0
34764,1000000US170317005014027,15,1,13,0,0,0,1,14,0,1,14,0,7,7,0,19,0,0
34765,1000000US170317005014028,22,0,21,0,0,0,1,21,0,1,22,0,8,8,0,28,0,0
34766,1000000US170317005014029,23,0,23,0,0,0,0,23,0,0,23,0,10,10,0,34,0,0
34767,1000000US170317005014030,20,0,20,0,0,0,0,20,0,0,20,0,7,7,0,25,0,0
34768,1000000US170317005014031,13,4,9,0,0,0,0,13,0,0,9,1,7,7,0,15,0,0
34769,1000000US170317005014032,18,2,16,0,0,0,0,18,0,0,16,0,10,9,1,19,0,0
34770,1000000US170317005014033,25,1,23,0,0,0,1,24,0,1,24,1,11,11,0,29,0,0
34771,1000000US170317005014034,25,1,22,0,0,0,2,23,0,2,24,0,13,13,0,34,0,0
34772,1000000US170317005014035,27,0,27,0,0,0,2,25,0,2,27,2,13,13,0,38,0,2
34773,1000000US170317005014036,42,3,33,0,0,0,6,36,0,6,39,1,17,17,0,61,0,0
34774,1000000US170317005014037,30,5,25,0,0,0,0,30,0,0,25,0,16,15,1,37,0,0
34775,1000000US170317005014038,17,2,15,0,0,0,0,17,0,0,15,0,8,8,0,20,0,0
34776,1000000US170317005014039,15,0,15,0,0,0,0,15,0,0,15,0,8,8,0,22,0,0
34777,1000000US170317005014040,13,0,13,0,0,0,0,13,0,0,13,0,8,8,0,20,0,0
34778,1000000US170317005014041,19,0,19,0,0,0,0,19,0,0,19,0,7,6,1,24,0,0
34779,1000000US170317005014042,13,0,13,0,0,0,0,13,0,0,13,0,7,6,1,14,0,0
34780,1000000US170317005014043,22,0,22,0,0,0,1,21,0,1,22,0,8,8,0,26,0,1
34781,1000000US170317005015000,42,0,42,0,0,0,0,42,0,0,42,0,17,17,0,62,0,0
34782,1000000US170317005015001,35,1,33,0,1,0,0,35,0,0,34,0,17,17,0,52,0,0
34783,1000000US170317005015002,28,6,22,0,0,0,0,28,0,0,22,0,17,16,1,33,0,0
34784,1000000US170317005015003,43,2,36,0,0,0,5,38,0,5,41,0,17,17,0,67,0,0
34785,1000000US170317005015004,33,1,31,0,0,0,1,32,0,1,32,0,17,17,0,40,0,0
34786,1000000US170317005015005,28,5,14,0,0,0,9,19,0,9,23,0,12,11,1,39,0,0
34787,1000000US170317005015006,36,6,27,0,0,0,0,36,0,0,30,3,16,15,1,47,0,0
34788,1000000US170317005015007,28,3,25,0,0,0,1,27,0,1,25,0,18,16,2,36,0,1
34789,1000000US170317005015008,37,7,30,0,0,0,0,37,0,0,30,0,16,15,1,50,0,0
34790,1000000US170317005015009,43,4,39,0,0,0,0,43,0,0,39,0,18,18,0,55,0,0
34791,1000000US170317005015010,33,2,29,0,0,0,3,30,0,3,31,1,18,18,0,42,0,1
34792,1000000US170317005015011,32,3,29,0,0,0,0,32,0,0,29,0,16,16,0,37,0,0
34793,1000000US170317005015012,32,2,30,0,0,0,0,32,0,0,30,0,16,16,0,42,0,0
34794,1000000US170317005015013,32,6,26,0,0,0,0,32,0,0,26,0,17,15,2,40,0,0
34795,1000000US170317005015014,41,8,33,0,0,0,0,41,0,0,33,0,17,17,0,54,0,0
34796,1000000US170317005015015,40,7,33,0,0,0,0,40,0,0,33,0,18,18,0,49,0,0
34797,1000000US170317005015016,35,2,33,0,0,0,0,35,0,0,33,0,17,17,0,41,0,0
34798,1000000US170317005015017,0,0,0,0,0,0,0,0,0,0,0,0,0,0,0,0,0,0
34799,1000000US170317005015018,23,4,19,0,0,0,0,23,0,0,19,0,13,12,1,32,0,0
34800,1000000US170317005015019,9,0,9,1,0,0,0,9,0,0,9,1,6,6,0,14,0,0
34801,1000000US170317005016000,8,0,8,0,0,0,0,8,0,0,8,0,4,4,0,11,0,0
34802,1000000US170317005016001,32,4,25,0,0,0,4,28,0,4,28,0,14,14,0,41,0,1
34803,1000000US170317005016002,16,2,13,0,0,0,1,15,0,1,14,0,8,8,0,30,0,0
34804,1000000US170317005016003,19,0,18,0,0,0,2,17,0,2,19,1,10,10,0,24,0,1
34805,1000000US170317005016004,32,1,31,1,0,0,0,32,0,0,31,2,15,13,2,42,1,0
34806,1000000US170317005016005,25,2,22,0,0,0,1,24,0,1,23,0,13,13,0,29,0,0
34807,1000000US170317005016006,30,0,30,0,0,0,0,30,0,0,30,0,15,15,0,39,0,0
34808,1000000US170317005016007,31,1,30,0,0,0,0,31,0,0,30,0,14,13,1,42,0,0
34809,1000000US170317005016008,28,3,19,0,0,0,6,22,0,6,25,2,14,14,0,36,0,0
34810,1000000US170317005016009,19,9,10,0,0,0,0,19,0,0,10,0,12,11,1,21,0,0
34811,1000000US170317005016010,19,0,19,0,0,0,0,19,0,0,19,0,10,9,1,34,0,0
34812,1000000US170317005016011,13,0,13,0,0,0,0,13,0,0,13,0,7,5,2,18,0,0
34813,1000000US170317005016012,24,0,24,0,0,0,0,24,0,0,24,0,11,11,0,33,0,0
34814,1000000US170317005016013,26,1,25,0,0,0,2,24,0,2,25,0,13,13,0,36,0,2
34815,1000000US170317005016014,21,1,20,0,0,0,0,21,0,0,20,1,10,10,0,23,0,0
34816,1000000US170317005016015,11,1,8,0,0,0,2,9,0,2,10,0,8,7,1,14,0,0
34817,1000000US170317005016016,14,0,14,0,0,0,0,14,0,0,14,0,8,8,0,22,0,0
34818,1000000US170317005016017,15,0,15,1,0,0,1,14,0,1,15,1,8,8,0,22,1,1
34819,1000000US170317005016018,41,8,33,0,0,0,0,41,0,0,33,0,20,20,0,54,0,0
34820,1000000US170317005016019,36,2,33,0,0,0,1,35,0,1,34,0,18,18,0,40,0,0
34821,1000000US170317005016020,12,0,12,0,0,0,1,11,0,1,12,0,8,8,0,20,0,1
34822,1000000US170317005016021,40,0,40,0,0,0,0,40,0,0,40,0,20,18,2,50,0,0
34823,1000000US170317005016022,8,3,5,0,0,0,0,8,0,0,5,0,3,3,0,15,0,0
34824,1000000US170317005016023,14,0,14,1,0,0,0,14,0,0,14,1,10,9,1,20,0,0
34825,1000000US170317005016024,21,0,21,0,0,0,0,21,0,0,21,0,11,11,0,25,0,0
34826,1000000US170317005016025,20,0,10,0,0,0,10,10,0,10,20,0,8,8,0,23,0,0
34827,1000000US170317005016026,21,0,21,0,0,0,0,21,0,0,21,0,9,9,0,26,0,0
34828,1000000US170317005016027,0,0,0,0,0,0,0,0,0,0,0,0,1,0,1,0,0,0
34829,1000000US170317005016028,15,0,14,1,0,0,0,15,0,0,15,1,5,5,0,16,0,0
34830,1000000US170317005016029,24,1,23,0,0,0,0,24,0,0,23,1,8,8,0,37,0,0
34831,1000000US170317005016030,16,0,16,0,0,0,0,16,0,0,16,0,7,7,0,21,0,0
34832,1000000US170317005016031,12,0,12,0,0,0,0,12,0,0,12,0,5,5,0,12,0,0
34833,1000000US170317005016032,13,0,13,0,0,0,0,13,0,0,13,0,7,7,0,15,0,0
34834,1000000US170317005016033,9,0,8,0,0,0,1,8,0,1,9,0,7,6,1,12,0,0
34835,1000000US170317005016034,43,0,43,2,0,0,1,42,0,1,43,3,16,16,0,51,0,1
34836,1000000US170317005021000,0,0,0,0,0,0,0,0,0,0,0,0,0,0,0,0,0,0
34837,1000000US170317005021001,0,0,0,0,0,0,0,0,0,0,0,0,0,0,0,0,0,0
34838,1000000US170317005021002,0,0,0,0,0,0,0,0,0,0,0,0,0,0,0,0,0,0
34839,1000000US170317005021003,0,0,0,0,0,0,0,0,0,0,0,0,0,0,0,0,0,0
34840,1000000US170317005021004,0,0,0,0,0,0,0,0,0,0,0,0,0,0,0,0,0,0
34841,1000000US170317005021005,0,0,0,0,0,0,0,0,0,0,0,0,0,0,0,0,0,0
34842,1000000US170317005021006,98,8,88,0,0,0,2,96,0,2,90,0,45,45,0,129,0,0
34843,1000000US170317005021007,26,0,25,0,0,0,1,25,0,1,26,0,16,16,0,32,0,0
34844,1000000US170317005021008,34,2,32,0,0,0,0,34,0,0,32,0,16,16,0,50,0,0
34845,1000000US170317005021009,38,4,34,0,0,0,0,38,0,0,34,0,15,15,0,45,0,0
34846,1000000US170317005021010,33,2,31,0,0,0,1,32,0,1,31,0,16,16,0,46,0,1
34847,1000000US170317005021011,38,2,33,0,0,0,2,36,0,2,36,0,19,19,0,51,0,0
34848,1000000US170317005021012,39,1,38,0,0,0,0,39,0,0,38,0,18,18,0,57,0,0
34849,1000000US170317005021013,36,3,33,0,0,0,0,36,0,0,33,0,20,19,1,51,0,0
34850,1000000US170317005021014,38,7,31,0,0,0,0,38,0,0,31,0,14,13,1,40,0,0
34851,1000000US170317005021015,37,0,37,1,0,0,0,37,0,0,37,2,20,19,1,52,0,0
34852,1000000US170317005021016,32,2,27,0,0,0,3,29,0,3,30,0,14,14,0,40,0,0
34853,1000000US170317005021017,44,4,40,0,0,0,0,44,0,0,40,1,20,20,0,67,0,0
34854,1000000US170317005021018,37,6,31,0,0,0,0,37,0,0,31,0,20,19,1,60,0,0
34855,1000000US170317005021019,64,4,60,0,0,0,0,64,0,0,60,0,28,28,0,90,0,0
34856,1000000US170317005021020,56,5,51,0,0,0,0,56,0,0,51,0,27,25,2,64,0,0
34857,1000000US170317005021021,39,3,35,1,2,0,0,39,0,0,36,3,20,20,0,56,1,0
34858,1000000US170317005021022,29,6,20,0,0,0,3,26,0,3,23,0,20,16,4,39,0,0
34859,1000000US170317005021023,10,0,8,0,0,0,2,8,0,2,10,0,5,5,0,18,0,0
34860,1000000US170317005021024,29,7,22,0,0,0,0,29,0,0,22,0,14,14,0,37,0,0
34861,1000000US170317005021025,36,0,36,0,0,0,1,35,0,1,36,0,17,17,0,48,0,1
34862,1000000US170317005021026,56,14,41,0,2,0,0,56,0,0,42,1,28,28,0,68,0,0
34863,1000000US170317005021027,0,0,0,0,0,0,0,0,0,0,0,0,0,0,0,0,0,0
34864,1000000US170317005021028,120,5,109,1,0,0,6,114,0,6,115,3,51,50,1,135,1,0
34865,1000000US170317005021029,36,0,36,0,0,0,0,36,0,0,36,0,14,14,0,43,0,0
34866,1000000US170317005021030,28,2,23,0,0,0,3,25,0,3,26,0,12,12,0,37,0,0
34867,1000000US170317005022000,0,0,0,0,0,0,0,0,0,0,0,0,0,0,0,0,0,0
34868,1000000US170317005022001,13,2,5,0,0,0,6,7,0,6,11,0,6,6,0,19,0,0
34869,1000000US170317005022002,39,6,28,0,0,0,5,34,0,5,33,0,18,18,0,44,0,0
34870,1000000US170317005022003,43,9,30,0,0,0,4,39,0,4,34,0,18,18,0,54,0,0
34871,1000000US170317005022004,9,0,9,0,0,0,0,9,0,0,9,0,6,5,1,14,0,0
34872,1000000US170317005022005,11,0,11,0,0,0,0,11,0,0,11,0,6,6,0,12,0,0
34873,1000000US170317005022006,36,5,31,0,0,0,0,36,0,0,31,0,18,17,1,45,0,0
34874,1000000US170317005022007,33,5,25,0,0,0,3,30,0,3,28,1,18,18,0,38,0,0
34875,1000000US170317005022008,12,0,12,0,0,0,0,12,0,0,12,0,6,6,0,18,0,0
34876,1000000US170317005022009,15,4,11,0,0,0,0,15,0,0,11,0,6,5,1,16,0,0
34877,1000000US170317005022010,40,7,29,0,0,0,4,36,0,4,33,0,18,18,0,49,0,0
34878,1000000US170317005022011,70,2,65,0,2,0,3,67,0,3,68,2,38,38,0,93,0,0
34879,1000000US170317005022012,8,2,4,0,0,0,2,6,0,2,6,2,6,6,0,15,0,0
34880,1000000US170317005022013,9,0,7,0,0,0,2,7,0,2,9,0,6,5,1,12,0,0
34881,1000000US170317005022014,24,1,19,0,0,0,4,20,0,4,23,0,14,14,0,39,0,0
34882,1000000US170317005022015,100,5,86,1,0,0,9,91,0,9,95,4,53,50,3,119,1,0
34883,1000000US170317005022016,110,10,95,2,5,0,0,110,0,0,100,3,46,43,3,149,0,0
34884,1000000US170317005022017,204,4,200,1,0,0,0,204,0,0,200,1,0,0,0,204,1,0
34885,1000000US170317005022018,28,2,26,0,0,0,0,28,0,0,26,0,14,13,1,40,0,0
34886,1000000US170317005022019,33,3,26,1,1,0,4,29,0,4,30,1,12,12,0,42,1,0
34887,1000000US170317005022020,30,2,28,0,0,0,0,30,0,0,28,0,15,15,0,44,0,0
34888,1000000US170317005022021,32,11,20,0,0,0,1,31,0,1,21,0,15,15,0,43,0,0
34889,1000000US170317005022022,33,8,25,0,0,0,0,33,0,0,25,0,14,14,0,44,0,0
34890,1000000US170317005022023,53,9,44,0,0,0,0,53,0,0,44,0,28,27,1,70,0,0
34891,1000000US170317005022024,54,4,48,0,0,0,2,52,0,2,50,0,28,27,1,66,0,0
34892,1000000US170317005022025,25,1,24,0,0,0,0,25,0,0,24,0,14,13,1,32,0,0
34893,1000000US170317005022026,80,8,70,0,0,0,3,77,0,3,72,1,36,35,1,104,0,1
34894,1000000US170317005022027,27,3,24,0,0,0,0,27,0,0,24,0,14,13,1,27,0,0
34895,1000000US170317005022028,49,6,43,0,0,0,0,49,0,0,43,0,28,27,1,70,0,0
34896,1000000US170317005022029,70,3,67,0,0,0,0,70,0,0,67,0,50,49,1,86,0,0
34897,1000000US170317005022030,55,1,54,1,0,0,0,55,0,0,54,1,30,30,0,73,1,0
34898,1000000US170317101001000,65,0,65,0,0,0,0,65,0,0,65,0,33,27,6,101,0,0
34899,1000000US170317101001001,41,0,41,0,0,0,0,41,0,0,41,0,16,16,0,51,0,0
34900,1000000US170317101001002,24,2,22,0,0,0,0,24,0,0,22,0,16,12,4,32,0,0
34901,1000000US170317101001003,56,0,53,0,0,0,3,53,0,3,56,0,43,27,16,91,0,0
34902,1000000US170317101001004,77,0,76,1,0,1,0,77,0,0,77,2,45,36,9,118,1,0
34903,1000000US170317101001005,44,0,44,0,0,0,0,44,0,0,44,0,31,25,6,71,0,0
34904,1000000US170317101001006,0,0,0,0,0,0,0,0,0,0,0,0,0,0,0,0,0,0
34905,1000000US170317101001007,24,0,24,0,0,0,0,24,0,0,24,0,13,10,3,31,0,0
34906,1000000US170317101001008,193,8,179,3,0,0,4,189,0,4,185,3,185,177,8,217,3,0
34907,1000000US170317101001009,61,0,60,0,0,0,1,60,0,1,61,2,41,30,11,88,0,0
34908,1000000US170317101001010,4,1,3,0,0,0,0,4,0,0,3,0,5,3,2,6,0,0
34909,1000000US170317101001011,47,0,47,0,0,0,0,47,0,0,47,0,23,18,5,52,0,0
34910,1000000US170317101001012,63,0,63,0,0,0,0,63,0,0,63,0,35,30,5,85,0,0
34911,1000000US170317101001013,31,0,30,0,0,0,1,30,0,1,31,0,28,18,10,50,0,0
34912,1000000US170317101001014,9,0,9,0,0,0,0,9,0,0,9,0,13,4,9,18,0,0
34913,1000000US170317101001015,34,0,34,0,0,0,0,34,0,0,34,0,15,14,1,49,0,0
34914,1000000US170317101001016,34,0,29,5,0,0,0,34,0,0,34,0,22,15,7,60,5,0
34915,1000000US170317101001017,5,0,5,0,0,0,0,5,0,0,5,0,10,3,7,6,0,0
34916,1000000US170317101001018,47,0,47,1,0,0,0,47,0,0,47,1,36,29,7,67,1,0
34917,1000000US170317101001019,55,0,49,0,0,0,6,49,0,6,55,0,36,24,12,69,0,0
34918,1000000US170317101001020,0,0,0,0,0,0,0,0,0,0,0,0,0,0,0,0,0,0
34919,1000000US170317101001021,0,0,0,0,0,0,0,0,0,0,0,0,0,0,0,0,0,0
34920,1000000US170317101001022,0,0,0,0,0,0,0,0,0,0,0,0,0,0,0,0,0,0
34921,1000000US170317101001023,0,0,0,0,0,0,0,0,0,0,0,0,0,0,0,0,0,0
34922,1000000US170317101001024,11,0,11,0,0,0,0,11,0,0,11,0,4,4,0,13,0,0
34923,1000000US170317102001000,0,0,0,0,0,0,0,0,0,0,0,0,0,0,0,0,0,0
34924,1000000US170317102001001,0,0,0,0,0,0,0,0,0,0,0,0,7,0,7,0,0,0
34925,1000000US170317102001002,48,0,48,3,0,0,1,47,0,1,48,3,30,30,0,65,3,1
34926,1000000US170317102001003,24,0,23,1,0,0,0,24,0,0,24,0,41,17,24,34,1,0
34927,1000000US170317102001004,2,0,2,0,0,0,0,2,0,0,2,0,2,2,0,2,0,0
34928,1000000US170317102001005,67,0,67,0,0,0,0,67,0,0,67,0,41,36,5,89,0,0
34929,1000000US170317102001006,30,0,30,0,0,0,0,30,0,0,30,0,22,16,6,43,0,0
34930,1000000US170317102001007,49,0,49,0,0,0,0,49,0,0,49,0,23,20,3,61,0,0
34931,1000000US170317102001008,55,0,54,0,0,0,1,54,0,1,55,0,25,22,3,68,0,0
34932,1000000US170317102001009,41,0,40,0,0,0,1,40,0,1,41,0,20,18,2,62,0,0
34933,1000000US170317102001010,0,0,0,0,0,0,0,0,0,0,0,0,0,0,0,0,0,0
34934,1000000US170317102001011,69,1,68,0,0,0,1,68,0,1,68,0,41,39,2,93,0,1
34935,1000000US170317102001012,71,1,70,0,0,0,0,71,0,0,70,0,34,32,2,102,0,0
34936,1000000US170317102001013,0,0,0,0,0,0,0,0,0,0,0,0,1,0,1,0,0,0
34937,1000000US170317102001014,69,0,69,0,0,0,0,69,0,0,69,0,41,36,5,114,0,0
34938,1000000US170317102002000,4,0,4,0,0,0,0,4,0,0,4,0,1,1,0,4,0,0
34939,1000000US170317102002001,0,0,0,0,0,0,0,0,0,0,0,0,0,0,0,0,0,0
34940,1000000US170317102002002,52,0,52,2,0,0,0,52,0,0,52,2,36,25,11,81,2,0
34941,1000000US170317102002003,87,0,87,1,0,0,0,87,0,0,87,1,49,41,8,120,1,0
34942,1000000US170317102002004,69,0,69,0,0,0,0,69,0,0,69,0,49,33,16,98,0,0
34943,1000000US170317102002005,76,1,75,0,0,0,0,76,0,0,75,0,51,40,11,117,0,0
34944,1000000US170317102002006,70,0,70,0,0,0,0,70,0,0,70,0,36,33,3,94,0,0
34945,1000000US170317102002007,70,0,68,1,1,0,0,70,0,0,70,0,39,36,3,85,1,0
34946,1000000US170317102002008,30,1,29,2,0,0,0,30,0,0,29,2,17,15,2,35,0,0
34947,1000000US170317102002009,75,0,75,0,0,0,0,75,0,0,75,0,42,36,6,110,0,0
34948,1000000US170317102002010,62,0,62,0,0,0,0,62,0,0,62,0,32,26,6,82,0,0
34949,1000000US170317102002011,52,0,52,0,0,0,0,52,0,0,52,0,18,15,3,65,0,0
34950,1000000US170317102002012,80,0,79,0,0,0,1,79,0,1,80,0,52,37,15,116,0,0
34951,1000000US170317102002013,40,0,39,1,0,0,0,40,0,0,40,0,27,24,3,59,1,0
34952,1000000US170317102003000,0,0,0,0,0,0,0,0,0,0,0,0,0,0,0,0,0,0
34953,1000000US170317102003001,0,0,0,0,0,0,0,0,0,0,0,0,0,0,0,0,0,0
34954,1000000US170317102003002,35,0,35,0,0,0,0,35,0,0,35,0,16,14,2,42,0,0
34955,1000000US170317102003003,59,0,58,0,1,0,2,57,0,2,59,2,42,31,11,94,0,2
34956,1000000US170317102003004,32,0,31,0,1,0,0,32,0,0,32,0,15,14,1,41,0,0
34957,1000000US170317102003005,48,0,48,0,0,0,0,48,0,0,48,0,23,21,2,82,0,0
34958,1000000US170317102003006,72,0,72,0,0,0,0,72,0,0,72,1,54,40,14,97,0,0
34959,1000000US170317102003007,52,1,51,0,0,0,0,52,0,0,51,3,30,30,0,76,0,0
34960,1000000US170317102003008,52,0,52,0,0,0,0,52,0,0,52,0,26,24,2,83,0,0
34961,1000000US170317102003009,55,0,55,0,1,0,0,55,0,0,55,1,29,25,4,71,0,0
34962,1000000US170317102003010,68,0,68,0,0,0,0,68,0,0,68,0,43,36,7,107,0,0
34963,1000000US170317102003011,88,0,88,0,0,0,1,87,0,1,88,1,61,45,16,136,0,1
34964,1000000US170317102003012,74,1,73,0,0,0,0,74,0,0,73,0,45,40,5,96,0,0
34965,1000000US170317102003013,37,1,36,0,0,0,0,37,0,0,36,0,31,18,13,66,0,0
34966,1000000US170317102004000,0,0,0,0,0,0,0,0,0,0,0,0,0,0,0,0,0,0
34967,1000000US170317102004001,41,2,39,0,0,0,0,41,0,0,39,0,30,21,9,58,0,0
34968,1000000US170317102004002,29,0,29,0,0,0,0,29,0,0,29,2,16,16,0,35,0,0
34969,1000000US170317102004003,83,1,82,0,0,0,2,81,0,2,82,0,46,44,2,110,0,2
34970,1000000US170317102004004,78,0,78,0,0,0,0,78,0,0,78,0,48,39,9,127,0,0
34971,1000000US170317102004005,59,0,57,0,0,0,2,57,0,2,59,0,47,32,15,103,0,0
34972,1000000US170317102004006,40,0,40,0,0,0,0,40,0,0,40,0,16,16,0,49,0,0
34973,1000000US170317102004007,0,0,0,0,0,0,0,0,0,0,0,0,0,0,0,0,0,0
34974,1000000US170317102004008,3,0,3,0,0,0,0,3,0,0,3,0,2,1,1,6,0,0
34975,1000000US170317102004009,40,0,40,0,0,0,0,40,0,0,40,0,14,14,0,48,0,0
34976,1000000US170317102004010,79,1,78,0,0,0,0,79,0,0,78,1,43,41,2,108,0,0
34977,1000000US170317102004011,61,0,61,0,0,0,0,61,0,0,61,0,43,29,14,89,0,0
34978,1000000US170317102004012,53,2,51,1,0,0,0,53,0,0,51,1,30,24,6,63,1,0
34979,1000000US170317102005000,289,2,281,4,1,1,7,282,0,7,287,4,277,253,24,356,3,4
34980,1000000US170317102005001,322,0,320,3,0,0,5,317,0,5,322,3,193,185,8,567,1,4
34981,1000000US170317102005002,23,0,23,0,0,0,1,22,0,1,23,0,14,12,2,32,0,1
34982,1000000US170317102005003,24,0,24,0,0,0,0,24,0,0,24,0,12,11,1,29,0,0
34983,1000000US170317102005004,6,0,6,0,0,0,0,6,0,0,6,0,7,5,2,10,0,0
34984,1000000US170317102005005,43,0,43,0,0,0,0,43,0,0,43,0,25,18,7,59,0,0
34985,1000000US170317102005006,55,0,54,1,0,0,0,55,0,0,55,1,41,39,2,69,1,0
34986,1000000US170317102005007,58,1,56,3,0,0,2,56,0,2,57,3,33,30,3,89,3,1
34987,1000000US170317102005008,49,0,41,0,7,0,1,48,0,1,49,0,50,23,27,69,0,0
34988,1000000US170317102005009,24,2,22,0,0,0,0,24,0,0,22,0,13,13,0,31,0,0
34989,1000000US170317102005010,35,0,35,0,0,0,0,35,0,0,35,0,15,15,0,44,0,0
34990,1000000US170317102005011,75,0,73,0,0,0,2,73,0,2,75,0,57,42,15,108,0,0
34991,1000000US170317103001000,0,0,0,0,0,0,0,0,0,0,0,0,0,0,0,0,0,0
34992,1000000US170317103001001,0,0,0,0,0,0,0,0,0,0,0,0,0,0,0,0,0,0
34993,1000000US170317103001002,78,0,77,0,0,0,1,77,0,1,78,0,34,29,5,115,0,0
34994,1000000US170317103001003,10,0,10,0,0,0,0,10,0,0,10,0,4,4,0,10,0,0
34995,1000000US170317103001004,43,0,43,0,0,0,1,42,0,1,43,0,20,20,0,58,0,1
34996,1000000US170317103001005,84,1,83,0,0,0,0,84,0,0,83,0,43,38,5,110,0,0
34997,1000000US170317103001006,5,0,5,0,0,0,0,5,0,0,5,0,2,2,0,9,0,0
34998,1000000US170317103001007,50,0,49,0,1,0,0,50,0,0,50,0,33,29,4,57,0,0
34999,1000000US170317103001008,43,0,43,2,0,0,0,43,0,0,43,2,26,24,2,55,2,0
35000,1000000US170317103001009,44,0,44,0,0,0,1,43,0,1,44,0,23,20,3,70,0,1
35001,1000000US170317103001010,36,0,36,0,0,0,0,36,0,0,36,0,25,17,8,56,0,0
35002,1000000US170317103001011,35,0,31,0,0,0,4,31,0,4,35,0,15,15,0,52,0,0
35003,1000000US170317103001012,0,0,0,0,0,0,0,0,0,0,0,0,0,0,0,0,0,0
35004,1000000US170317103001013,20,0,20,0,0,0,0,20,0,0,20,0,14,12,2,31,0,0
35005,1000000US170317103001014,44,0,44,0,0,0,0,44,0,0,44,0,22,19,3,65,0,0
35006,1000000US170317103001015,55,0,55,0,0,0,0,55,0,0,55,0,37,35,2,75,0,0
35007,1000000US170317103001016,71,0,71,0,0,0,2,69,0,2,71,0,37,33,4,94,0,2
35008,1000000US170317103001017,0,0,0,0,0,0,0,0,0,0,0,0,2,0,2,0,0,0
35009,1000000US170317103001018,79,0,78,0,0,0,2,77,0,2,79,3,49,39,10,109,0,2
35010,1000000US170317103001019,50,0,50,0,0,0,0,50,0,0,50,0,33,31,2,89,0,0
35011,1000000US170317103001020,0,0,0,0,0,0,0,0,0,0,0,0,1,0,1,0,0,0
35012,1000000US170317103001021,5,0,5,0,0,0,0,5,0,0,5,0,6,5,1,7,0,0
35013,1000000US170317103001022,47,0,46,0,0,0,2,45,0,2,47,0,15,15,0,62,0,1
35014,1000000US170317103001023,130,1,128,0,0,0,0,130,0,0,129,0,107,81,26,166,0,0
35015,1000000US170317103001024,8,0,8,0,1,0,0,8,0,0,8,1,5,5,0,9,0,0
35016,1000000US170317103001025,34,0,34,0,0,0,0,34,0,0,34,0,21,21,0,48,0,0
35017,1000000US170317103001026,14,0,14,1,0,0,1,13,0,1,14,1,16,10,6,23,1,1
35018,1000000US170317103001027,4,0,4,0,0,0,0,4,0,0,4,0,3,3,0,7,0,0
35019,1000000US170317103001028,26,0,26,0,0,0,0,26,0,0,26,0,19,11,8,37,0,0
35020,1000000US170317103001029,0,0,0,0,0,0,0,0,0,0,0,0,0,0,0,0,0,0
35021,1000000US170317104001000,0,0,0,0,0,0,0,0,0,0,0,0,0,0,0,0,0,0
35022,1000000US170317104001001,0,0,0,0,0,0,0,0,0,0,0,0,0,0,0,0,0,0
35023,1000000US170317104001002,18,0,18,0,0,0,0,18,0,0,18,1,9,9,0,39,0,0
35024,1000000US170317104001003,0,0,0,0,0,0,0,0,0,0,0,0,0,0,0,0,0,0
35025,1000000US170317104001004,22,0,22,0,0,0,0,22,0,0,22,0,9,9,0,22,0,0
35026,1000000US170317104001005,0,0,0,0,0,0,0,0,0,0,0,0,0,0,0,0,0,0
35027,1000000US170317104001006,0,0,0,0,0,0,0,0,0,0,0,0,3,0,3,0,0,0
35028,1000000US170317104001007,55,1,49,0,0,0,5,50,0,5,54,0,25,24,1,77,0,0
35029,1000000US170317104001008,56,0,54,2,0,0,1,55,0,1,56,0,40,28,12,77,2,1
35030,1000000US170317104001009,31,0,31,0,0,0,0,31,0,0,31,0,14,14,0,51,0,0
35031,1000000US170317104001010,19,1,18,1,0,0,0,19,0,0,18,1,9,9,0,22,1,0
35032,1000000US170317104001011,27,0,27,0,0,0,0,27,0,0,27,0,10,10,0,37,0,0
35033,1000000US170317104001012,39,1,38,0,0,0,0,39,0,0,38,0,27,22,5,48,0,0
35034,1000000US170317104001013,103,1,101,1,2,0,1,102,0,1,102,2,52,50,2,140,1,1
35035,1000000US170317104001014,58,0,58,0,0,0,0,58,0,0,58,0,42,30,12,88,0,0
35036,1000000US170317104001015,61,0,60,1,0,0,0,61,0,0,61,0,34,30,4,79,1,0
35037,1000000US170317104002000,8,0,8,0,0,0,0,8,0,0,8,0,17,6,11,8,0,0
35038,1000000US170317104002001,82,0,82,2,0,0,0,82,0,0,82,2,45,37,8,104,2,0
35039,1000000US170317104002002,61,0,61,0,0,0,0,61,0,0,61,0,50,28,22,74,0,0
35040,1000000US170317104002003,77,0,77,0,0,2,0,77,0,0,77,2,35,33,2,102,0,0
35041,1000000US170317104002004,71,0,71,0,0,0,1,70,0,1,71,0,31,26,5,103,0,1
35042,1000000US170317104002005,78,0,78,0,0,0,1,77,0,1,78,0,43,40,3,108,0,1
35043,1000000US170317104002006,50,0,50,1,0,0,0,50,0,0,50,1,16,15,1,68,1,0
35044,1000000US170317104002007,63,0,63,0,0,0,0,63,0,0,63,0,37,29,8,78,0,0
35045,1000000US170317104002008,90,0,90,0,0,0,0,90,0,0,90,0,47,43,4,126,0,0
35046,1000000US170317104002009,59,0,59,0,0,0,1,58,0,1,59,0,43,26,17,91,0,1
35047,1000000US170317104002010,34,0,34,0,0,0,0,34,0,0,34,0,32,20,12,45,0,0
35048,1000000US170317104002011,18,0,18,0,0,0,0,18,0,0,18,0,19,9,10,23,0,0
35049,1000000US170317104002012,14,0,12,0,0,0,0,14,0,0,14,0,10,9,1,27,0,0
35050,1000000US170317104002013,16,0,14,0,0,0,0,16,0,0,16,1,10,10,0,17,0,0
35051,1000000US170317104002014,0,0,0,0,0,0,0,0,0,0,0,0,0,0,0,0,0,0
35052,1000000US170317104003000,56,0,56,0,0,0,0,56,0,0,56,0,28,24,4,71,0,0
35053,1000000US170317104003001,57,0,55,0,0,0,2,55,0,2,57,0,23,22,1,64,0,0
35054,1000000US170317104003002,50,0,50,0,0,0,0,50,0,0,50,0,30,27,3,80,0,0
35055,1000000US170317104003003,69,0,69,0,0,0,0,69,0,0,69,0,35,29,6,104,0,0
35056,1000000US170317104003004,67,0,67,0,0,0,0,67,0,0,67,0,21,21,0,85,0,0
35057,1000000US170317104003005,37,0,37,0,0,0,0,37,0,0,37,0,21,19,2,58,0,0
35058,1000000US170317104003006,23,0,23,0,0,0,0,23,0,0,23,0,14,13,1,35,0,0
35059,1000000US170317104003007,66,0,66,0,0,0,0,66,0,0,66,0,37,33,4,94,0,0
35060,1000000US170317104003008,51,0,51,0,0,0,0,51,0,0,51,0,32,31,1,66,0,0
35061,1000000US170317104003009,46,0,46,0,0,0,0,46,0,0,46,0,18,17,1,59,0,0
35062,1000000US170317104003010,66,0,66,0,0,0,0,66,0,0,66,0,39,31,8,87,0,0
35063,1000000US170317104003011,33,0,33,0,0,0,0,33,0,0,33,0,14,13,1,39,0,0
35064,1000000US170317104003012,3,0,3,0,0,0,0,3,0,0,3,0,2,1,1,6,0,0
35065,1000000US170317104003013,60,0,55,3,2,0,3,57,0,3,60,0,40,35,5,82,3,2
35066,1000000US170317104003014,11,0,11,0,0,0,0,11,0,0,11,0,7,7,0,14,0,0
35067,1000000US170317104004000,0,0,0,0,0,0,0,0,0,0,0,0,0,0,0,0,0,0
35068,1000000US170317104004001,0,0,0,0,0,0,0,0,0,0,0,0,0,0,0,0,0,0
35069,1000000US170317104004002,11,0,11,0,0,0,0,11,0,0,11,0,8,8,0,21,0,0
35070,1000000US170317104004003,48,0,48,0,0,0,0,48,0,0,48,0,20,20,0,57,0,0
35071,1000000US170317104004004,36,0,36,0,0,0,0,36,0,0,36,0,18,17,1,50,0,0
35072,1000000US170317104004005,47,0,47,4,0,0,0,47,0,0,47,5,17,16,1,60,4,0
35073,1000000US170317104004006,44,1,43,0,0,0,0,44,0,0,43,1,19,17,2,59,0,0
35074,1000000US170317104004007,50,0,50,0,0,0,1,49,0,1,50,0,20,19,1,64,0,1
35075,1000000US170317104004008,79,0,79,0,0,0,0,79,0,0,79,0,35,33,2,103,0,0
35076,1000000US170317104004009,39,2,37,0,0,0,0,39,0,0,37,0,19,18,1,48,0,0
35077,1000000US170317104004010,39,1,38,0,0,0,0,39,0,0,38,0,20,20,0,56,0,0
35078,1000000US170317104004011,36,0,36,0,0,0,0,36,0,0,36,0,19,16,3,48,0,0
35079,1000000US170317104004012,23,0,23,0,0,0,0,23,0,0,23,0,9,9,0,33,0,0
35080,1000000US170317104004013,25,0,25,0,0,0,0,25,0,0,25,0,9,8,1,35,0,0
35081,1000000US170317104004014,61,1,60,0,0,0,0,61,0,0,60,1,40,36,4,85,0,0
35082,1000000US170317104005000,40,0,40,0,0,0,0,40,0,0,40,0,17,17,0,52,0,0
35083,1000000US170317104005001,33,0,33,0,0,0,0,33,0,0,33,0,18,15,3,42,0,0
35084,1000000US170317104005002,44,0,44,0,0,0,1,43,0,1,44,0,20,19,1,61,0,1
35085,1000000US170317104005003,30,0,30,0,0,0,0,30,0,0,30,0,19,17,2,40,0,0
35086,1000000US170317104005004,43,0,43,0,0,0,0,43,0,0,43,0,19,17,2,63,0,0
35087,1000000US170317104005005,41,0,41,0,0,0,0,41,0,0,41,0,18,18,0,57,0,0
35088,1000000US170317104005006,57,0,56,0,0,0,3,54,0,3,57,1,21,18,3,77,0,2
35089,1000000US170317104005007,38,0,38,0,0,0,0,38,0,0,38,0,20,19,1,46,0,0
35090,1000000US170317104005008,81,4,77,0,0,0,3,78,0,3,77,0,31,31,0,100,0,3
35091,1000000US170317104005009,53,1,50,0,0,0,0,53,0,0,52,0,26,25,1,70,0,0
35092,1000000US170317104005010,0,0,0,0,0,0,0,0,0,0,0,0,0,0,0,0,0,0
35093,1000000US170317104005011,0,0,0,0,0,0,0,0,0,0,0,0,0,0,0,0,0,0
35094,1000000US170317104005012,51,0,51,0,0,0,0,51,0,0,51,0,20,19,1,63,0,0
35095,1000000US170317104005013,53,0,52,2,0,0,2,51,0,2,53,2,20,18,2,65,1,2
35096,1000000US170317104005014,42,0,41,0,1,0,0,42,0,0,42,0,20,20,0,52,0,0
35097,1000000US170317104005015,42,0,42,0,0,0,0,42,0,0,42,1,19,16,3,57,0,0
35098,1000000US170317104005016,43,0,43,0,0,0,0,43,0,0,43,2,22,18,4,60,0,0
35099,1000000US170317104005017,0,0,0,0,0,0,0,0,0,0,0,0,0,0,0,0,0,0
35100,1000000US170317104005018,54,0,54,0,0,0,0,54,0,0,54,0,20,20,0,76,0,0
35101,1000000US170317104005019,75,0,75,0,0,0,0,75,0,0,75,0,38,38,0,108,0,0
35102,1000000US170317104005020,148,0,146,3,0,0,0,148,0,0,148,2,68,64,4,179,2,0
35103,1000000US170317104005021,32,1,31,0,0,0,0,32,0,0,31,0,17,17,0,42,0,0
35104,1000000US170317104005022,43,0,41,0,2,0,0,43,0,0,43,0,18,17,1,49,0,0
35105,1000000US170317104005023,54,0,54,0,0,0,3,51,0,3,54,0,32,28,4,78,0,3
35106,1000000US170317104006000,51,0,51,0,0,0,0,51,0,0,51,0,26,26,0,63,0,0
35107,1000000US170317104006001,235,1,233,2,0,0,1,234,0,1,234,4,113,107,6,293,2,1
35108,1000000US170317104006002,0,0,0,0,0,0,0,0,0,0,0,0,0,0,0,0,0,0
35109,1000000US170317104006003,0,0,0,0,0,0,0,0,0,0,0,0,0,0,0,0,0,0
35110,1000000US170317104006004,0,0,0,0,0,0,0,0,0,0,0,0,0,0,0,0,0,0
35111,1000000US170317104006005,30,0,30,0,0,0,0,30,0,0,30,0,13,13,0,35,0,0
35112,1000000US170317104006006,0,0,0,0,0,0,0,0,0,0,0,0,0,0,0,0,0,0
35113,1000000US170317104006007,0,0,0,0,0,0,0,0,0,0,0,0,0,0,0,0,0,0
35114,1000000US170317104006008,40,0,40,0,0,0,0,40,0,0,40,0,20,18,2,50,0,0
35115,1000000US170317104006009,37,0,37,0,0,0,0,37,0,0,37,0,14,14,0,45,0,0
35116,1000000US170317104006010,31,0,31,0,0,0,0,31,0,0,31,0,15,14,1,39,0,0
35117,1000000US170317104006011,32,0,32,0,0,0,1,31,0,1,32,0,15,15,0,43,0,1
35118,1000000US170317104006012,34,0,34,0,0,0,0,34,0,0,34,0,15,15,0,41,0,0
35119,1000000US170317104006013,73,0,73,0,0,1,1,72,0,1,73,1,44,35,9,111,0,1
35120,1000000US170317104006014,55,1,54,0,0,0,0,55,0,0,54,2,37,29,8,67,0,0
35121,1000000US170317104006015,48,0,47,0,0,0,1,47,0,1,48,0,28,27,1,62,0,0
35122,1000000US170317104006016,0,0,0,0,0,0,0,0,0,0,0,0,0,0,0,0,0,0
35123,1000000US170317104006017,0,0,0,0,0,0,0,0,0,0,0,0,0,0,0,0,0,0
35124,1000000US170317104006018,0,0,0,0,0,0,0,0,0,0,0,0,0,0,0,0,0,0
35125,1000000US170317104006019,0,0,0,0,0,0,0,0,0,0,0,0,0,0,0,0,0,0
35126,1000000US170317104006020,35,0,35,0,0,0,0,35,0,0,35,0,14,14,0,48,0,0
35127,1000000US170317105001000,11,0,11,0,0,0,0,11,0,0,11,0,15,5,10,13,0,0
35128,1000000US170317105001001,0,0,0,0,0,0,0,0,0,0,0,0,0,0,0,0,0,0
35129,1000000US170317105001002,3,0,3,0,0,0,0,3,0,0,3,1,18,2,16,5,0,0
35130,1000000US170317105001003,52,0,52,0,0,0,0,52,0,0,52,0,28,22,6,68,0,0
35131,1000000US170317105001004,68,0,67,0,0,0,5,63,0,5,68,0,46,40,6,89,0,4
35132,1000000US170317105001005,71,0,71,0,1,0,0,71,0,0,71,1,48,35,13,93,0,0
35133,1000000US170317105001006,72,0,72,0,2,0,0,72,0,0,72,5,48,34,14,102,0,0
35134,1000000US170317105001007,92,0,92,0,0,0,0,92,0,0,92,0,77,57,20,146,0,0
35135,1000000US170317105001008,102,1,101,0,0,0,0,102,0,0,101,0,74,50,24,140,0,0
35136,1000000US170317105001009,16,0,16,0,0,0,1,15,0,1,16,0,30,12,18,19,0,1
35137,1000000US170317105001010,0,0,0,0,0,0,0,0,0,0,0,0,0,0,0,0,0,0
35138,1000000US170317105001011,105,1,103,1,3,0,0,105,0,0,104,3,69,62,7,149,1,0
35139,1000000US170317105001012,102,0,98,0,0,0,4,98,0,4,102,0,62,53,9,154,0,0
35140,1000000US170317105001013,93,0,93,1,0,0,1,92,0,1,93,3,61,55,6,120,1,1
35141,1000000US170317105002000,22,0,22,0,0,0,0,22,0,0,22,0,16,13,3,23,0,0
35142,1000000US170317105002001,13,0,13,0,0,0,0,13,0,0,13,0,12,8,4,16,0,0
35143,1000000US170317105002002,84,0,84,0,0,0,0,84,0,0,84,0,59,47,12,114,0,0
35144,1000000US170317105002003,104,0,103,1,0,0,0,104,0,0,104,1,67,55,12,146,1,0
35145,1000000US170317105002004,64,0,61,3,0,0,1,63,0,1,64,0,59,37,22,94,3,1
35146,1000000US170317105002005,62,0,62,0,0,0,0,62,0,0,62,0,39,32,7,98,0,0
35147,1000000US170317105002006,87,0,86,1,0,0,0,87,0,0,87,0,64,56,8,119,1,0
35148,1000000US170317105002007,79,0,78,1,1,0,0,79,0,0,79,1,60,46,14,108,0,0
35149,1000000US170317105002008,89,0,87,1,1,0,1,88,0,1,89,0,69,57,12,121,1,1
35150,1000000US170317105002009,97,1,96,4,3,0,0,97,0,0,96,7,55,53,2,136,1,0
35151,1000000US170317105002010,43,0,43,0,0,0,0,43,0,0,43,0,20,19,1,52,0,0
35152,1000000US170317105002011,49,0,49,0,0,0,0,49,0,0,49,0,23,22,1,67,0,0
35153,1000000US170317105002012,52,0,52,0,1,0,0,52,0,0,52,1,32,27,5,65,0,0
35154,1000000US170317105002013,102,1,101,0,3,0,0,102,0,0,101,4,70,61,9,139,0,0
35155,1000000US170317105003000,0,0,0,0,0,0,0,0,0,0,0,0,1,0,1,0,0,0
35156,1000000US170317105003001,0,0,0,0,0,0,0,0,0,0,0,0,0,0,0,0,0,0
35157,1000000US170317105003002,58,0,55,1,1,0,3,55,0,3,58,2,14,13,1,80,0,2
35158,1000000US170317105003003,69,0,69,0,0,0,0,69,0,0,69,1,43,39,4,104,0,0
35159,1000000US170317105003004,58,0,58,0,0,0,0,58,0,0,58,0,39,37,2,67,0,0
35160,1000000US170317105003005,49,0,49,0,0,0,0,49,0,0,49,0,35,27,8,76,0,0
35161,1000000US170317105003006,65,0,65,0,0,0,0,65,0,0,65,0,38,31,7,86,0,0
35162,1000000US170317105003007,53,2,50,1,0,0,0,53,0,0,51,0,30,27,3,68,1,0
35163,1000000US170317105003008,37,0,37,0,0,0,0,37,0,0,37,0,16,15,1,50,0,0
35164,1000000US170317105003009,45,0,45,0,0,0,0,45,0,0,45,0,17,17,0,56,0,0
35165,1000000US170317105003010,41,0,41,0,0,0,0,41,0,0,41,0,18,17,1,58,0,0
35166,1000000US170317105003011,54,0,54,0,0,0,1,53,0,1,54,0,28,25,3,64,0,1
35167,1000000US170317105004000,0,0,0,0,0,0,0,0,0,0,0,0,4,0,4,0,0,0
35168,1000000US170317105004001,4,0,4,0,0,0,0,4,0,0,4,0,5,3,2,5,0,0
35169,1000000US170317105004002,0,0,0,0,0,0,0,0,0,0,0,0,0,0,0,0,0,0
35170,1000000US170317105004003,43,0,42,1,0,0,0,43,0,0,43,0,29,28,1,46,1,0
35171,1000000US170317105004004,43,0,43,0,0,0,0,43,0,0,43,0,18,18,0,49,0,0
35172,1000000US170317105004005,36,0,35,0,0,0,2,34,0,2,36,0,17,14,3,51,0,1
35173,1000000US170317105004006,41,0,41,0,0,0,0,41,0,0,41,0,23,21,2,48,0,0
35174,1000000US170317105004007,55,0,55,0,0,0,0,55,0,0,55,0,34,27,7,71,0,0
35175,1000000US170317105004008,59,0,59,1,0,0,0,59,0,0,59,1,34,33,1,81,1,0
35176,1000000US170317105004009,39,0,39,0,0,0,0,39,0,0,39,0,19,16,3,48,0,0
35177,1000000US170317105004010,38,0,38,0,0,0,0,38,0,0,38,0,16,15,1,49,0,0
35178,1000000US170317105004011,47,0,46,1,0,0,0,47,0,0,47,1,19,19,0,60,0,0
35179,1000000US170317105004012,36,0,35,0,0,0,1,35,0,1,36,0,18,18,0,44,0,0
35180,1000000US170317105004013,17,0,17,0,0,0,1,16,0,1,17,0,8,7,1,19,0,1
35181,1000000US170317105004014,30,0,30,0,0,0,0,30,0,0,30,0,18,15,3,39,0,0
35182,1000000US170317105004015,31,0,31,0,0,0,0,31,0,0,31,0,18,17,1,33,0,0
35183,1000000US170317105004016,39,0,39,0,0,0,0,39,0,0,39,0,15,14,1,58,0,0
35184,1000000US170317105004017,29,0,29,0,0,0,0,29,0,0,29,0,15,15,0,39,0,0
35185,1000000US170317105004018,0,0,0,0,0,0,0,0,0,0,0,0,0,0,0,0,0,0
35186,1000000US170317105004019,11,0,11,0,0,0,0,11,0,0,11,0,5,5,0,19,0,0
35187,1000000US170317105004020,44,0,44,0,0,0,0,44,0,0,44,0,19,19,0,59,0,0
35188,1000000US170317105004021,41,0,41,0,0,0,0,41,0,0,41,0,18,18,0,65,0,0
35189,1000000US170317105004022,47,0,47,0,0,0,0,47,0,0,47,0,18,16,2,70,0,0
35190,1000000US170317105004023,26,0,26,0,0,0,0,26,0,0,26,0,17,14,3,33,0,0
35191,1000000US170317105004024,27,0,26,1,0,0,0,27,0,0,27,0,14,14,0,32,1,0
35192,1000000US170317106001000,0,0,0,0,0,0,0,0,0,0,0,0,2,0,2,0,0,0
35193,1000000US170317106001001,16,0,16,0,0,0,0,16,0,0,16,0,19,9,10,16,0,0
35194,1000000US170317106001002,64,0,64,0,0,0,0,64,0,0,64,0,22,22,0,89,0,0
35195,1000000US170317106001003,50,0,50,1,1,1,1,49,0,1,50,1,41,27,14,71,1,1
35196,1000000US170317106001004,66,0,66,0,0,0,0,66,0,0,66,0,39,30,9,87,0,0
35197,1000000US170317106001005,58,0,58,0,0,0,1,57,0,1,58,0,41,36,5,73,0,1
35198,1000000US170317106001006,49,0,49,0,0,0,0,49,0,0,49,0,37,26,11,73,0,0
35199,1000000US170317106001007,49,0,49,1,0,0,0,49,0,0,49,4,29,23,6,69,0,0
35200,1000000US170317106001008,63,0,63,0,0,0,0,63,0,0,63,0,34,28,6,102,0,0
35201,1000000US170317106001009,81,0,78,0,2,0,1,80,0,1,81,3,50,47,3,110,0,0
35202,1000000US170317106001010,72,0,72,0,0,0,0,72,0,0,72,1,43,39,4,101,0,0
35203,1000000US170317106001011,62,0,62,0,0,0,0,62,0,0,62,0,30,29,1,84,0,0
35204,1000000US170317106001012,0,0,0,0,0,0,0,0,0,0,0,0,0,0,0,0,0,0
35205,1000000US170317106002000,40,0,40,0,0,0,0,40,0,0,40,0,27,24,3,60,0,0
35206,1000000US170317106002001,11,0,11,0,0,0,0,11,0,0,11,0,6,6,0,20,0,0
35207,1000000US170317106002002,27,0,27,0,0,0,0,27,0,0,27,0,24,19,5,36,0,0
35208,1000000US170317106002003,53,0,53,2,0,0,0,53,0,0,53,2,36,28,8,79,2,0
35209,1000000US170317106002004,52,0,52,0,0,0,0,52,0,0,52,0,25,22,3,85,0,0
35210,1000000US170317106002005,39,0,39,0,0,0,0,39,0,0,39,0,28,15,13,50,0,0
35211,1000000US170317106002006,95,0,95,0,0,0,0,95,0,0,95,0,55,44,11,130,0,0
35212,1000000US170317106002007,81,0,81,0,0,0,0,81,0,0,81,0,45,40,5,115,0,0
35213,1000000US170317106002008,78,0,78,0,0,0,0,78,0,0,78,0,48,36,12,121,0,0
35214,1000000US170317106002009,0,0,0,0,0,0,0,0,0,0,0,0,0,0,0,0,0,0
35215,1000000US170317106002010,9,0,9,0,0,0,0,9,0,0,9,1,14,6,8,15,0,0
35216,1000000US170317106002011,74,1,73,0,0,0,0,74,0,0,73,0,50,44,6,90,0,0
35217,1000000US170317106002012,67,0,67,0,0,0,0,67,0,0,67,0,40,34,6,97,0,0
35218,1000000US170317106002013,53,0,53,0,0,0,0,53,0,0,53,0,35,26,9,65,0,0
35219,1000000US170317107001000,3,1,2,0,0,0,0,3,0,0,2,0,0,0,0,3,0,0
35220,1000000US170317107001001,52,0,52,0,0,0,0,52,0,0,52,0,26,24,2,79,0,0
35221,1000000US170317107001002,3,0,3,0,0,0,0,3,0,0,3,0,2,2,0,3,0,0
35222,1000000US170317107001003,38,0,38,0,0,0,0,38,0,0,38,0,22,18,4,45,0,0
35223,1000000US170317107001004,38,0,34,0,0,0,4,34,0,4,38,0,38,21,17,58,0,0
35224,1000000US170317107001005,44,0,44,0,0,0,0,44,0,0,44,0,30,23,7,65,0,0
35225,1000000US170317107001006,38,0,38,0,0,0,0,38,0,0,38,0,36,24,12,42,0,0
35226,1000000US170317107001007,0,0,0,0,0,0,0,0,0,0,0,0,0,0,0,0,0,0
35227,1000000US170317107001008,83,0,83,0,0,0,0,83,0,0,83,0,80,80,0,83,0,0
35228,1000000US170317107001009,17,0,17,0,0,0,0,17,0,0,17,0,12,12,0,17,0,0
35229,1000000US170317107001010,0,0,0,0,0,0,0,0,0,0,0,0,0,0,0,0,0,0
35230,1000000US170317107001011,0,0,0,0,0,0,0,0,0,0,0,0,0,0,0,0,0,0
35231,1000000US170317107001012,0,0,0,0,0,0,0,0,0,0,0,0,0,0,0,0,0,0
35232,1000000US170317107001013,59,0,58,0,0,0,2,57,0,2,59,1,39,32,7,79,0,1
35233,1000000US170317107001014,56,0,56,0,0,0,0,56,0,0,56,0,26,23,3,67,0,0
35234,1000000US170317107001015,33,0,32,1,0,0,0,33,0,0,33,0,22,18,4,47,1,0
35235,1000000US170317107001016,40,0,40,0,0,0,0,40,0,0,40,1,25,20,5,53,0,0
35236,1000000US170317107002000,0,0,0,0,0,0,0,0,0,0,0,0,0,0,0,0,0,0
35237,1000000US170317107002001,23,0,23,0,0,0,0,23,0,0,23,0,9,9,0,38,0,0
35238,1000000US170317107002002,40,0,40,0,0,0,0,40,0,0,40,0,30,24,6,57,0,0
35239,1000000US170317107002003,0,0,0,0,0,0,0,0,0,0,0,0,0,0,0,0,0,0
35240,1000000US170317107002004,5,0,5,0,0,0,0,5,0,0,5,0,9,3,6,7,0,0
35241,1000000US170317107002005,58,0,58,0,0,0,0,58,0,0,58,0,29,26,3,73,0,0
35242,1000000US170317107002006,44,0,44,0,0,0,2,42,0,2,44,0,30,24,6,57,0,2
35243,1000000US170317107002007,43,0,43,0,0,0,0,43,0,0,43,0,23,21,2,48,0,0
35244,1000000US170317107002008,70,0,70,1,0,0,0,70,0,0,70,1,40,35,5,100,0,0
35245,1000000US170317107002009,89,1,88,0,0,0,0,89,0,0,88,0,41,37,4,112,0,0
35246,1000000US170317107002010,70,3,67,0,0,0,0,70,0,0,67,0,37,28,9,85,0,0
35247,1000000US170317107002011,94,0,93,2,0,0,3,91,0,3,94,2,46,45,1,153,0,2
35248,1000000US170317107002012,66,0,64,0,0,0,2,64,0,2,66,0,30,29,1,96,0,0
35249,1000000US170317107002013,61,0,61,0,0,0,0,61,0,0,61,0,32,28,4,92,0,0
35250,1000000US170317107003000,15,0,15,0,0,0,0,15,0,0,15,0,12,11,1,19,0,0
35251,1000000US170317107003001,61,0,61,0,0,0,0,61,0,0,61,0,36,29,7,72,0,0
35252,1000000US170317107003002,60,1,59,0,0,0,1,59,0,1,59,1,27,27,0,94,0,1
35253,1000000US170317107003003,70,0,70,0,0,0,0,70,0,0,70,0,34,31,3,89,0,0
35254,1000000US170317107003004,61,0,61,0,0,0,0,61,0,0,61,0,36,32,4,96,0,0
35255,1000000US170317107003005,70,0,70,0,0,0,0,70,0,0,70,0,37,32,5,102,0,0
35256,1000000US170317107003006,75,0,75,0,0,0,0,75,0,0,75,0,45,38,7,98,0,0
35257,1000000US170317107003007,54,0,54,0,0,0,0,54,0,0,54,0,32,27,5,74,0,0
35258,1000000US170317107003008,60,0,60,0,0,0,0,60,0,0,60,0,35,30,5,88,0,0
35259,1000000US170317107003009,64,0,64,0,0,0,0,64,0,0,64,0,28,28,0,78,0,0
35260,1000000US170317107003010,79,0,78,0,1,0,0,79,0,0,79,0,41,37,4,112,0,0
35261,1000000US170317107003011,45,0,45,0,0,0,0,45,0,0,45,0,35,31,4,63,0,0
35262,1000000US170317107004000,68,0,68,0,0,0,0,68,0,0,68,0,35,32,3,95,0,0
35263,1000000US170317107004001,79,0,78,1,0,0,0,79,0,0,79,0,58,44,14,111,1,0
35264,1000000US170317107004002,48,0,48,0,0,0,1,47,0,1,48,0,27,25,2,67,0,1
35265,1000000US170317107004003,65,0,65,0,0,0,0,65,0,0,65,0,27,25,2,75,0,0
35266,1000000US170317107004004,88,0,87,1,0,0,1,87,0,1,88,0,52,51,1,111,1,0
35267,1000000US170317107004005,67,0,63,4,0,0,0,67,0,0,67,0,31,30,1,87,4,0
35268,1000000US170317107004006,67,0,67,0,0,0,0,67,0,0,67,0,32,28,4,88,0,0
35269,1000000US170317107004007,77,0,76,1,0,0,2,75,0,2,77,2,49,38,11,103,0,1
35270,1000000US170317107004008,71,0,71,0,0,0,0,71,0,0,71,0,39,33,6,89,0,0
35271,1000000US170317107004009,74,0,74,0,0,0,0,74,0,0,74,0,41,39,2,97,0,0
35272,1000000US170317107004010,71,0,68,3,0,0,0,71,0,0,71,0,34,28,6,100,3,0
35273,1000000US170317107004011,15,0,15,0,0,0,0,15,0,0,15,0,11,9,2,16,0,0
35274,1000000US170317108001000,4,0,4,0,0,0,0,4,0,0,4,0,0,0,0,4,0,0
35275,1000000US170317108001001,31,0,31,0,0,0,1,30,0,1,31,0,17,15,2,43,0,1
35276,1000000US170317108001002,55,3,52,0,0,0,0,55,0,0,52,1,35,29,6,76,0,0
35277,1000000US170317108001003,51,0,49,0,0,0,2,49,0,2,51,0,24,24,0,63,0,0
35278,1000000US170317108001004,20,0,20,0,0,0,0,20,0,0,20,0,27,11,16,35,0,0
35279,1000000US170317108001005,54,0,52,0,0,0,2,52,0,2,54,0,37,28,9,72,0,0
35280,1000000US170317108001006,0,0,0,0,0,0,0,0,0,0,0,0,3,0,3,0,0,0
35281,1000000US170317108001007,0,0,0,0,0,0,0,0,0,0,0,0,0,0,0,0,0,0
35282,1000000US170317108001008,0,0,0,0,0,0,0,0,0,0,0,0,0,0,0,0,0,0
35283,1000000US170317108001009,0,0,0,0,0,0,0,0,0,0,0,0,0,0,0,0,0,0
35284,1000000US170317108001010,57,0,56,0,0,0,1,56,0,1,57,1,28,26,2,77,0,1
35285,1000000US170317108001011,44,0,43,0,0,0,1,43,0,1,44,0,31,26,5,58,0,0
35286,1000000US170317108001012,57,0,57,0,0,0,0,57,0,0,57,0,33,27,6,66,0,0
35287,1000000US170317108001013,53,0,52,1,0,0,1,52,0,1,53,1,26,25,1,70,0,0
35288,1000000US170317108001014,12,0,12,0,0,0,0,12,0,0,12,0,6,4,2,12,0,0
35289,1000000US170317108001015,62,0,62,0,0,0,0,62,0,0,62,0,31,28,3,84,0,0
35290,1000000US170317108002000,3,0,3,0,0,0,0,3,0,0,3,0,2,2,0,3,0,0
35291,1000000US170317108002001,64,0,64,1,0,0,0,64,0,0,64,1,37,34,3,84,1,0
35292,1000000US170317108002002,43,1,42,0,0,0,0,43,0,0,42,0,37,28,9,63,0,0
35293,1000000US170317108002003,63,0,63,0,0,0,2,61,0,2,63,0,36,34,2,79,0,2
35294,1000000US170317108002004,59,0,58,0,0,0,0,59,0,0,59,0,35,32,3,76,0,0
35295,1000000US170317108002005,56,0,56,0,1,0,0,56,0,0,56,1,30,28,2,59,0,0
35296,1000000US170317108002006,59,0,59,0,0,0,0,59,0,0,59,0,40,29,11,82,0,0
35297,1000000US170317108002007,58,1,56,1,0,0,0,58,0,0,57,0,34,29,5,72,1,0
35298,1000000US170317108002008,64,0,64,0,0,0,0,64,0,0,64,0,37,30,7,84,0,0
35299,1000000US170317108002009,65,0,65,0,0,0,0,65,0,0,65,0,36,30,6,79,0,0
35300,1000000US170317108002010,61,0,61,0,0,0,0,61,0,0,61,0,36,33,3,80,0,0
35301,1000000US170317108002011,0,0,0,0,0,0,0,0,0,0,0,0,0,0,0,0,0,0
35302,1000000US170317108003000,65,0,65,0,1,1,0,65,0,0,65,1,36,34,2,79,0,0
35303,1000000US170317108003001,37,0,37,0,0,0,3,34,0,3,37,1,18,17,1,51,0,3
35304,1000000US170317108003002,36,0,36,0,0,0,0,36,0,0,36,1,16,16,0,46,0,0
35305,1000000US170317108003003,38,0,38,0,0,0,0,38,0,0,38,0,16,16,0,46,0,0
35306,1000000US170317108003004,51,0,51,0,0,0,0,51,0,0,51,0,19,18,1,76,0,0
35307,1000000US170317108003005,49,0,49,0,0,0,0,49,0,0,49,0,17,16,1,59,0,0
35308,1000000US170317108003006,40,0,40,0,0,0,0,40,0,0,40,0,18,17,1,46,0,0
35309,1000000US170317108003007,77,0,77,0,0,0,2,75,0,2,77,1,43,35,8,111,0,2
35310,1000000US170317108003008,57,0,57,0,0,0,0,57,0,0,57,0,33,28,5,70,0,0
35311,1000000US170317108003009,66,1,65,0,0,0,0,66,0,0,65,0,34,31,3,78,0,0
35312,1000000US170317108003010,55,0,55,0,0,0,2,53,0,2,55,0,37,33,4,71,0,2
35313,1000000US170317108003011,72,0,72,0,0,0,0,72,0,0,72,0,39,35,4,92,0,0
35314,1000000US170317108003012,62,0,62,2,0,0,0,62,0,0,62,3,36,30,6,72,2,0
35315,1000000US170317108003013,4,0,4,0,0,0,0,4,0,0,4,0,2,2,0,9,0,0
35316,1000000US170317108004000,81,0,81,0,0,0,0,81,0,0,81,0,55,48,7,117,0,0
35317,1000000US170317108004001,65,0,65,0,0,0,0,65,0,0,65,0,37,34,3,85,0,0
35318,1000000US170317108004002,84,0,83,0,0,0,2,82,0,2,84,0,52,45,7,114,0,1
35319,1000000US170317108004003,59,0,59,0,0,0,0,59,0,0,59,0,34,29,5,96,0,0
35320,1000000US170317108004004,14,0,14,0,0,0,0,14,0,0,14,0,13,9,4,16,0,0
35321,1000000US170317108004005,0,0,0,0,0,0,0,0,0,0,0,0,2,0,2,0,0,0
35322,1000000US170317108004006,0,0,0,0,0,0,0,0,0,0,0,0,0,0,0,0,0,0
35323,1000000US170317108004007,3,0,3,0,0,0,0,3,0,0,3,0,1,1,0,3,0,0
35324,1000000US170317108004008,41,0,41,0,0,0,0,41,0,0,41,0,27,23,4,53,0,0
35325,1000000US170317108004009,65,0,61,3,0,0,4,61,0,4,65,0,38,35,3,87,3,0
35326,1000000US170317108004010,51,0,51,0,0,0,1,50,0,1,51,0,31,25,6,77,0,1
35327,1000000US170317108004011,47,0,47,0,0,0,0,47,0,0,47,0,28,25,3,68,0,0
35328,1000000US170317108004012,77,0,77,1,1,0,0,77,0,0,77,2,32,31,1,94,1,0
35329,1000000US170317108004013,66,1,65,0,1,0,1,65,0,1,65,1,34,31,3,83,0,1
35330,1000000US170317108004014,50,0,50,0,0,0,0,50,0,0,50,0,24,20,4,62,0,0
35331,1000000US170317108004015,124,0,124,2,0,0,0,124,0,0,124,2,85,60,25,196,2,0
35332,1000000US170317108005000,39,0,39,0,0,0,0,39,0,0,39,0,27,20,7,65,0,0
35333,1000000US170317108005001,46,1,45,2,0,0,0,46,0,0,45,2,27,21,6,77,0,0
35334,1000000US170317108005002,62,0,60,2,0,0,0,62,0,0,62,0,35,32,3,78,2,0
35335,1000000US170317108005003,66,0,64,0,0,0,3,63,0,3,66,0,28,27,1,102,0,1
35336,1000000US170317108005004,55,0,55,0,0,0,0,55,0,0,55,0,29,25,4,74,0,0
35337,1000000US170317108005005,9,0,9,0,0,0,0,9,0,0,9,0,5,5,0,16,0,0
35338,1000000US170317108005006,0,0,0,0,0,0,0,0,0,0,0,0,0,0,0,0,0,0
35339,1000000US170317108005007,0,0,0,0,0,0,0,0,0,0,0,0,0,0,0,0,0,0
35340,1000000US170317108005008,95,0,92,3,0,0,1,94,0,1,95,1,87,86,1,95,2,0
35341,1000000US170317108005009,1,0,1,0,0,0,0,1,0,0,1,0,1,1,0,1,0,0
35342,1000000US170317108005010,5,0,5,0,0,0,0,5,0,0,5,0,4,4,0,5,0,0
35343,1000000US170317108005011,26,0,26,0,0,1,0,26,0,0,26,1,24,14,10,26,0,0
35344,1000000US170317108005012,58,1,57,0,0,0,1,57,0,1,57,0,30,26,4,80,0,1
35345,1000000US170317108005013,59,0,59,0,0,0,0,59,0,0,59,0,31,28,3,92,0,0
35346,1000000US170317108005014,47,0,47,0,0,0,0,47,0,0,47,0,22,20,2,66,0,0
35347,1000000US170317108005015,53,0,53,0,0,0,0,53,0,0,53,0,37,28,9,101,0,0
35348,1000000US170317108005016,57,0,56,0,0,0,1,56,0,1,57,0,32,28,4,83,0,0
35349,1000000US170317108005017,0,0,0,0,0,0,0,0,0,0,0,0,0,0,0,0,0,0
35350,1000000US170317108006000,40,0,40,0,0,0,0,40,0,0,40,0,20,20,0,58,0,0
35351,1000000US170317108006001,69,0,69,0,0,0,0,69,0,0,69,0,36,33,3,93,0,0
35352,1000000US170317108006002,41,0,41,0,0,0,0,41,0,0,41,0,33,16,17,59,0,0
35353,1000000US170317108006003,62,0,62,0,0,0,0,62,0,0,62,0,32,29,3,90,0,0
35354,1000000US170317108006004,48,0,48,0,0,0,1,47,0,1,48,0,36,22,14,58,0,1
35355,1000000US170317108006005,64,0,64,0,0,0,0,64,0,0,64,0,62,61,1,64,0,0
35356,1000000US170317108006006,0,0,0,0,0,0,0,0,0,0,0,0,1,0,1,0,0,0
35357,1000000US170317108006007,66,0,65,0,0,0,1,65,0,1,66,0,39,34,5,95,0,0
35358,1000000US170317108006008,0,0,0,0,0,0,0,0,0,0,0,0,0,0,0,0,0,0
35359,1000000US170317108006009,37,0,37,0,0,0,0,37,0,0,37,0,17,17,0,44,0,0
35360,1000000US170317108006010,40,0,40,0,0,0,0,40,0,0,40,0,17,17,0,44,0,0
35361,1000000US170317108006011,119,1,115,1,0,0,7,112,0,7,118,2,56,49,7,148,1,5
35362,1000000US170317108006012,74,1,73,0,0,0,0,74,0,0,73,0,46,43,3,104,0,0
35363,1000000US170317108006013,0,0,0,0,0,0,0,0,0,0,0,0,0,0,0,0,0,0
35364,1000000US170317108006014,37,0,37,0,0,0,0,37,0,0,37,0,21,20,1,42,0,0
35365,1000000US170317109001000,0,0,0,0,0,0,0,0,0,0,0,0,0,0,0,0,0,0
35366,1000000US170317109001001,10,0,10,0,0,0,0,10,0,0,10,0,6,6,0,14,0,0
35367,1000000US170317109001002,4,0,4,0,0,0,0,4,0,0,4,0,1,1,0,4,0,0
35368,1000000US170317109001003,6,0,6,0,0,0,1,5,0,1,6,0,6,4,2,6,0,1
35369,1000000US170317109001004,0,0,0,0,0,0,0,0,0,0,0,0,2,0,2,0,0,0
35370,1000000US170317109001005,1,0,1,0,0,0,0,1,0,0,1,0,3,1,2,1,0,0
35371,1000000US170317109001006,33,0,33,0,0,0,0,33,0,0,33,0,24,17,7,45,0,0
35372,1000000US170317109001007,26,0,26,0,0,0,0,26,0,0,26,0,22,12,10,46,0,0
35373,1000000US170317109001008,29,0,29,0,0,0,2,27,0,2,29,2,20,14,6,35,0,2
35374,1000000US170317109001009,52,0,52,0,0,0,0,52,0,0,52,0,19,18,1,63,0,0
35375,1000000US170317109001010,18,0,18,0,0,0,0,18,0,0,18,0,11,10,1,21,0,0
35376,1000000US170317109001011,32,0,32,0,0,0,0,32,0,0,32,0,33,16,17,47,0,0
35377,1000000US170317109001012,46,0,46,0,0,0,0,46,0,0,46,0,27,23,4,73,0,0
35378,1000000US170317109001013,52,0,52,0,0,0,1,51,0,1,52,0,27,24,3,77,0,1
35379,1000000US170317109001014,33,2,29,1,0,0,1,32,0,1,31,2,24,15,9,57,0,0
35380,1000000US170317109001015,16,0,16,0,0,0,0,16,0,0,16,0,7,5,2,22,0,0
35381,1000000US170317109001016,0,0,0,0,0,0,0,0,0,0,0,0,0,0,0,0,0,0
35382,1000000US170317109001017,0,0,0,0,0,0,0,0,0,0,0,0,0,0,0,0,0,0
35383,1000000US170317109001018,60,0,60,0,0,0,0,60,0,0,60,0,39,29,10,85,0,0
35384,1000000US170317109001019,11,0,11,0,0,0,0,11,0,0,11,0,6,6,0,26,0,0
35385,1000000US170317109001020,5,0,5,0,0,0,0,5,0,0,5,0,3,2,1,5,0,0
35386,1000000US170317109001021,12,0,12,0,0,0,0,12,0,0,12,0,5,5,0,26,0,0
35387,1000000US170317109001022,24,0,24,0,0,0,0,24,0,0,24,0,9,9,0,32,0,0
35388,1000000US170317109001023,2,0,2,0,0,0,0,2,0,0,2,0,5,2,3,6,0,0
35389,1000000US170317109001024,20,0,19,1,0,0,2,18,0,2,20,0,13,9,4,25,1,2
35390,1000000US170317109001025,21,0,21,0,0,0,0,21,0,0,21,0,14,11,3,32,0,0
35391,1000000US170317109001026,11,0,11,0,0,0,0,11,0,0,11,0,7,4,3,13,0,0
35392,1000000US170317109001027,8,0,8,0,0,0,0,8,0,0,8,0,5,3,2,11,0,0
35393,1000000US170317109001028,5,0,5,0,0,0,0,5,0,0,5,0,7,2,5,5,0,0
35394,1000000US170317109002000,0,0,0,0,0,0,0,0,0,0,0,0,0,0,0,0,0,0
35395,1000000US170317109002001,0,0,0,0,0,0,0,0,0,0,0,0,0,0,0,0,0,0
35396,1000000US170317109002002,0,0,0,0,0,0,0,0,0,0,0,0,0,0,0,0,0,0
35397,1000000US170317109002003,0,0,0,0,0,0,0,0,0,0,0,0,0,0,0,0,0,0
35398,1000000US170317109002004,0,0,0,0,0,0,0,0,0,0,0,0,0,0,0,0,0,0
35399,1000000US170317109002005,0,0,0,0,0,0,0,0,0,0,0,0,0,0,0,0,0,0
35400,1000000US170317109002006,109,2,105,0,0,0,5,104,0,5,107,0,59,56,3,167,0,3
35401,1000000US170317109002007,0,0,0,0,0,0,0,0,0,0,0,0,0,0,0,0,0,0
35402,1000000US170317109002008,23,0,23,0,0,0,0,23,0,0,23,0,11,10,1,32,0,0
35403,1000000US170317109002009,58,0,57,0,0,0,3,55,0,3,58,2,31,31,0,93,0,2
35404,1000000US170317109002010,0,0,0,0,0,0,0,0,0,0,0,0,0,0,0,0,0,0
35405,1000000US170317109002011,0,0,0,0,0,0,0,0,0,0,0,0,0,0,0,0,0,0
35406,1000000US170317109002012,41,0,41,0,0,0,0,41,0,0,41,0,17,16,1,55,0,0
35407,1000000US170317109002013,74,0,74,0,0,0,0,74,0,0,74,0,34,27,7,105,0,0
35408,1000000US170317109002014,43,0,43,0,0,0,2,41,0,2,43,0,27,17,10,66,0,2
35409,1000000US170317109002015,5,0,5,0,0,0,0,5,0,0,5,0,2,2,0,5,0,0
35410,1000000US170317109002016,0,0,0,0,0,0,0,0,0,0,0,0,0,0,0,0,0,0
35411,1000000US170317109002017,10,0,10,0,0,0,0,10,0,0,10,0,6,6,0,21,0,0
35412,1000000US170317109002018,0,0,0,0,0,0,0,0,0,0,0,0,0,0,0,0,0,0
35413,1000000US170317109002019,5,0,5,0,0,0,0,5,0,0,5,0,2,2,0,5,0,0
35414,1000000US170317109002020,0,0,0,0,0,0,0,0,0,0,0,0,0,0,0,0,0,0
35415,1000000US170317109002021,0,0,0,0,0,0,0,0,0,0,0,0,0,0,0,0,0,0
35416,1000000US170317109002022,23,0,23,0,0,0,0,23,0,0,23,0,11,10,1,29,0,0
35417,1000000US170317109002023,11,0,11,1,0,0,0,11,0,0,11,1,5,4,1,15,0,0
35418,1000000US170317109002024,20,0,20,0,0,0,0,20,0,0,20,0,13,9,4,31,0,0
35419,1000000US170317109002025,173,0,168,0,1,0,6,167,0,6,173,2,109,109,0,273,0,1
35420,1000000US170317109002026,42,0,42,0,0,0,0,42,0,0,42,0,20,18,2,48,0,0
35421,1000000US170317109002027,34,0,34,0,0,0,0,34,0,0,34,2,13,13,0,37,0,0
35422,1000000US170317109002028,15,0,15,0,0,0,0,15,0,0,15,0,9,8,1,21,0,0
35423,1000000US170317109002029,19,0,19,0,0,0,0,19,0,0,19,0,8,8,0,30,0,0
35424,1000000US170317109002030,23,0,22,0,0,0,2,21,0,2,23,1,11,11,0,28,0,1
35425,1000000US170317109002031,18,0,18,0,0,0,0,18,0,0,18,0,10,10,0,19,0,0
35426,1000000US170317109002032,24,0,24,0,0,0,0,24,0,0,24,0,13,12,1,41,0,0
35427,1000000US170317109002033,22,0,22,0,0,0,0,22,0,0,22,0,11,10,1,29,0,0
35428,1000000US170317109002034,24,0,24,0,0,0,0,24,0,0,24,0,10,10,0,35,0,0
35429,1000000US170317109002035,13,0,13,0,0,0,0,13,0,0,13,0,5,5,0,16,0,0
35430,1000000US170317109002036,15,0,15,0,0,0,0,15,0,0,15,0,9,9,0,18,0,0
35431,1000000US170317109002037,13,0,13,0,0,0,0,13,0,0,13,0,9,6,3,18,0,0
35432,1000000US170317109002038,25,0,25,0,0,0,0,25,0,0,25,0,13,13,0,37,0,0
35433,1000000US170317109002039,1,0,1,0,0,0,0,1,0,0,1,0,4,1,3,6,0,0
35434,1000000US170317109002040,0,0,0,0,0,0,0,0,0,0,0,0,0,0,0,0,0,0
35435,1000000US170317109002041,0,0,0,0,0,0,0,0,0,0,0,0,0,0,0,0,0,0
35436,1000000US170317109002042,1,0,1,0,0,0,0,1,0,0,1,0,1,1,0,1,0,0
35437,1000000US170317109002043,85,0,85,0,0,0,0,85,0,0,85,0,48,46,2,140,0,0
35438,1000000US170317109002044,0,0,0,0,0,0,0,0,0,0,0,0,0,0,0,0,0,0
35439,1000000US170317109002045,0,0,0,0,0,0,0,0,0,0,0,0,0,0,0,0,0,0
35440,1000000US170317110001000,35,0,35,0,0,0,0,35,0,0,35,0,23,16,7,43,0,0
35441,1000000US170317110001001,48,0,48,0,0,0,0,48,0,0,48,0,24,19,5,66,0,0
35442,1000000US170317110001002,33,0,33,0,0,0,0,33,0,0,33,0,23,20,3,39,0,0
35443,1000000US170317110001003,47,0,46,1,1,0,0,47,0,0,47,1,27,23,4,55,1,0
35444,1000000US170317110001004,46,0,46,0,0,0,0,46,0,0,46,0,20,19,1,57,0,0
35445,1000000US170317110001005,48,1,47,0,0,0,0,48,0,0,47,0,20,19,1,69,0,0
35446,1000000US170317110001006,94,0,94,0,0,0,0,94,0,0,94,0,68,63,5,122,0,0
35447,1000000US170317110001007,45,0,45,1,0,0,1,44,0,1,45,1,46,32,14,55,0,1
35448,1000000US170317110001008,16,0,16,0,0,0,0,16,0,0,16,0,8,6,2,17,0,0
35449,1000000US170317110001009,42,0,42,0,0,0,1,41,0,1,42,4,21,17,4,48,0,1
35450,1000000US170317110001010,35,0,35,0,0,0,0,35,0,0,35,0,16,15,1,48,0,0
35451,1000000US170317110001011,34,0,32,0,0,0,0,34,0,0,34,0,19,17,2,49,0,0
35452,1000000US170317110001012,51,0,51,0,0,0,0,51,0,0,51,0,17,17,0,83,0,0
35453,1000000US170317110001013,35,1,34,0,0,0,0,35,0,0,34,0,17,16,1,44,0,0
35454,1000000US170317110001014,45,0,45,0,0,0,0,45,0,0,45,0,26,20,6,61,0,0
35455,1000000US170317110001015,40,1,39,0,0,0,0,40,0,0,39,0,23,19,4,64,0,0
35456,1000000US170317110002000,75,1,73,0,0,0,1,74,0,1,74,0,53,46,7,109,0,0
35457,1000000US170317110002001,54,0,54,0,0,0,0,54,0,0,54,0,31,28,3,73,0,0
35458,1000000US170317110002002,66,0,66,0,0,0,0,66,0,0,66,0,42,39,3,89,0,0
35459,1000000US170317110002003,59,0,59,0,0,0,0,59,0,0,59,0,28,26,2,87,0,0
35460,1000000US170317110002004,57,0,57,0,0,0,0,57,0,0,57,0,41,37,4,73,0,0
35461,1000000US170317110002005,45,0,45,0,0,0,2,43,0,2,45,3,27,24,3,63,0,2
35462,1000000US170317110002006,39,0,39,0,0,0,0,39,0,0,39,0,19,16,3,57,0,0
35463,1000000US170317110002007,21,0,21,0,0,0,0,21,0,0,21,0,18,12,6,33,0,0
35464,1000000US170317110002008,32,0,32,0,0,0,0,32,0,0,32,0,15,14,1,54,0,0
35465,1000000US170317110002009,47,1,46,0,0,0,0,47,0,0,46,2,30,25,5,77,0,0
35466,1000000US170317110002010,65,1,64,1,0,0,0,65,0,0,64,1,31,24,7,97,1,0
35467,1000000US170317110002011,51,0,51,0,0,0,0,51,0,0,51,0,22,20,2,69,0,0
35468,1000000US170317110002012,53,0,51,1,0,0,0,53,0,0,53,0,36,30,6,77,1,0
35469,1000000US170317110002013,52,0,52,0,0,0,0,52,0,0,52,0,31,30,1,73,0,0
35470,1000000US170317110002014,0,0,0,0,0,0,0,0,0,0,0,0,0,0,0,0,0,0
35471,1000000US170317110002015,30,1,29,0,0,0,0,30,0,0,29,0,16,13,3,42,0,0
35472,1000000US170317110002016,47,0,47,0,0,0,0,47,0,0,47,0,24,17,7,64,0,0
35473,1000000US170317110002017,41,0,41,0,0,0,0,41,0,0,41,0,20,17,3,65,0,0
35474,1000000US170317110002018,56,3,53,0,0,0,0,56,0,0,53,0,25,23,2,76,0,0
35475,1000000US170317110002019,37,0,24,0,1,0,12,25,0,12,37,5,15,14,1,52,0,0
35476,1000000US170317110002020,20,0,20,0,0,0,0,20,0,0,20,1,13,10,3,23,0,0
35477,1000000US170317110002021,39,0,39,0,0,0,0,39,0,0,39,0,16,15,1,72,0,0
35478,1000000US170317110002022,2,0,2,0,0,0,0,2,0,0,2,0,1,1,0,2,0,0
35479,1000000US170317110002023,78,0,78,2,0,0,0,78,0,0,78,3,58,51,7,109,1,0
35480,1000000US170317110002024,0,0,0,0,0,0,0,0,0,0,0,0,0,0,0,0,0,0
35481,1000000US170317110002025,0,0,0,0,0,0,0,0,0,0,0,0,0,0,0,0,0,0
35482,1000000US170317110002026,0,0,0,0,0,0,0,0,0,0,0,0,0,0,0,0,0,0
35483,1000000US170317110002027,0,0,0,0,0,0,0,0,0,0,0,0,0,0,0,0,0,0
35484,1000000US170317110002028,0,0,0,0,0,0,0,0,0,0,0,0,3,0,3,0,0,0
35485,1000000US170317110002029,24,0,23,0,0,0,1,23,0,1,24,0,11,11,0,41,0,0
35486,1000000US170317110002030,30,0,30,0,0,0,0,30,0,0,30,0,20,14,6,43,0,0
35487,1000000US170317110002031,11,0,11,0,0,0,0,11,0,0,11,0,13,5,8,12,0,0
35488,1000000US170317110002032,6,2,4,0,0,0,0,6,0,0,4,0,3,3,0,6,0,0
35489,1000000US170317110002033,0,0,0,0,0,0,0,0,0,0,0,0,0,0,0,0,0,0
35490,1000000US170317110003000,47,0,47,0,0,0,0,47,0,0,47,0,21,21,0,67,0,0
35491,1000000US170317110003001,46,0,46,2,0,0,0,46,0,0,46,2,20,19,1,73,0,0
35492,1000000US170317110003002,46,0,46,0,0,0,0,46,0,0,46,0,25,18,7,71,0,0
35493,1000000US170317110003003,36,0,36,0,0,0,0,36,0,0,36,0,23,17,6,57,0,0
35494,1000000US170317110003004,52,0,52,0,0,0,0,52,0,0,52,0,21,21,0,70,0,0
35495,1000000US170317110003005,37,0,37,0,0,0,0,37,0,0,37,0,27,20,7,51,0,0
35496,1000000US170317110003006,43,0,43,0,0,0,0,43,0,0,43,0,21,19,2,51,0,0
35497,1000000US170317110003007,25,0,25,0,0,0,0,25,0,0,25,0,15,14,1,30,0,0
35498,1000000US170317110003008,0,0,0,0,0,0,0,0,0,0,0,0,1,0,1,0,0,0
35499,1000000US170317110003009,35,0,35,0,0,0,0,35,0,0,35,0,14,13,1,42,0,0
35500,1000000US170317110003010,40,0,40,0,0,0,0,40,0,0,40,0,15,14,1,58,0,0
35501,1000000US170317110003011,46,0,46,0,0,0,0,46,0,0,46,0,22,21,1,66,0,0
35502,1000000US170317110003012,33,0,32,0,0,0,1,32,0,1,33,0,17,15,2,43,0,0
35503,1000000US170317110003013,33,0,33,0,0,0,0,33,0,0,33,0,22,14,8,48,0,0
35504,1000000US170317110003014,33,0,33,0,0,0,0,33,0,0,33,0,16,15,1,50,0,0
35505,1000000US170317110003015,31,0,30,1,0,0,0,31,0,0,31,0,13,13,0,39,1,0
35506,1000000US170317110003016,1,1,0,0,0,0,0,1,0,0,0,0,2,1,1,1,0,0
35507,1000000US170317110003017,3,0,3,0,0,0,0,3,0,0,3,0,3,2,1,11,0,0
35508,1000000US170317110003018,32,0,32,0,0,0,1,31,0,1,32,0,37,23,14,39,0,1
35509,1000000US170317110003019,37,1,36,0,0,0,0,37,0,0,36,1,16,16,0,45,0,0
35510,1000000US170317110003020,5,0,5,0,0,0,0,5,0,0,5,0,3,3,0,5,0,0
35511,1000000US170317111001000,0,0,0,0,0,0,0,0,0,0,0,0,0,0,0,0,0,0
35512,1000000US170317111001001,72,0,72,1,0,0,0,72,0,0,72,1,32,29,3,100,1,0
35513,1000000US170317111001002,70,0,70,0,0,0,1,69,0,1,70,0,36,34,2,98,0,1
35514,1000000US170317111001003,58,0,58,0,0,0,0,58,0,0,58,0,34,31,3,66,0,0
35515,1000000US170317111001004,46,0,46,0,0,0,3,43,0,3,46,0,22,20,2,60,0,3
35516,1000000US170317111001005,42,0,42,0,0,0,0,42,0,0,42,0,17,17,0,63,0,0
35517,1000000US170317111001006,41,0,41,0,0,2,0,41,0,0,41,2,25,23,2,50,0,0
35518,1000000US170317111001007,43,0,40,3,0,0,0,43,0,0,43,1,18,18,0,58,3,0
35519,1000000US170317111001008,45,0,45,0,0,0,2,43,0,2,45,1,27,23,4,60,0,2
35520,1000000US170317111001009,48,0,48,0,0,0,0,48,0,0,48,0,21,19,2,65,0,0
35521,1000000US170317111001010,44,0,44,0,0,0,0,44,0,0,44,0,22,22,0,53,0,0
35522,1000000US170317111001011,0,0,0,0,0,0,0,0,0,0,0,0,0,0,0,0,0,0
35523,1000000US170317111001012,4,0,4,0,0,0,0,4,0,0,4,0,4,3,1,4,0,0
35524,1000000US170317111001013,53,0,53,0,0,0,0,53,0,0,53,0,22,18,4,66,0,0
35525,1000000US170317111001014,48,0,48,0,0,0,0,48,0,0,48,0,22,17,5,68,0,0
35526,1000000US170317111001015,46,0,41,0,0,0,5,41,0,5,46,1,23,21,2,61,0,0
35527,1000000US170317111001016,45,0,45,0,0,0,0,45,0,0,45,0,25,25,0,67,0,0
35528,1000000US170317111001017,41,0,41,0,0,0,0,41,0,0,41,0,22,18,4,51,0,0
35529,1000000US170317111002000,41,0,41,0,0,0,0,41,0,0,41,0,18,16,2,54,0,0
35530,1000000US170317111002001,49,0,49,0,1,0,0,49,0,0,49,1,23,23,0,67,0,0
35531,1000000US170317111002002,54,0,54,0,0,0,2,52,0,2,54,0,19,19,0,59,0,2
35532,1000000US170317111002003,61,0,61,1,0,0,0,61,0,0,61,1,37,35,2,71,1,0
35533,1000000US170317111002004,45,0,45,0,0,0,0,45,0,0,45,0,26,24,2,61,0,0
35534,1000000US170317111002005,50,0,50,0,0,0,0,50,0,0,50,1,24,23,1,69,0,0
35535,1000000US170317111002006,32,0,32,0,0,0,0,32,0,0,32,0,17,16,1,42,0,0
35536,1000000US170317111002007,26,0,26,0,0,0,0,26,0,0,26,0,12,10,2,29,0,0
35537,1000000US170317111002008,36,0,36,0,0,0,0,36,0,0,36,0,16,16,0,50,0,0
35538,1000000US170317111002009,35,0,35,0,0,0,0,35,0,0,35,0,17,16,1,45,0,0
35539,1000000US170317111002010,31,0,31,0,0,0,0,31,0,0,31,0,13,11,2,31,0,0
35540,1000000US170317111002011,25,1,24,0,0,0,0,25,0,0,24,0,12,9,3,25,0,0
35541,1000000US170317111002012,41,3,38,0,0,0,0,41,0,0,38,0,15,15,0,50,0,0
35542,1000000US170317111002013,22,1,21,0,0,0,0,22,0,0,21,0,11,10,1,29,0,0
35543,1000000US170317111002014,30,0,29,0,0,0,1,29,0,1,30,0,13,13,0,42,0,0
35544,1000000US170317111002015,54,0,54,0,0,0,0,54,0,0,54,0,27,27,0,62,0,0
35545,1000000US170317111002016,29,0,29,0,0,0,0,29,0,0,29,0,14,13,1,48,0,0
35546,1000000US170317111002017,16,0,16,0,0,0,0,16,0,0,16,0,6,6,0,21,0,0
35547,1000000US170317111002018,19,0,18,0,0,0,0,19,0,0,19,0,13,12,1,20,0,0
35548,1000000US170317111002019,64,0,64,0,0,0,0,64,0,0,64,0,49,48,1,74,0,0
35549,1000000US170317111002020,0,0,0,0,0,0,0,0,0,0,0,0,0,0,0,0,0,0
35550,1000000US170317111002021,4,0,4,1,0,0,0,4,0,0,4,1,3,3,0,5,1,0
35551,1000000US170317111002022,2,0,2,0,0,0,0,2,0,0,2,0,2,2,0,2,0,0
35552,1000000US170317111002023,0,0,0,0,0,0,0,0,0,0,0,0,0,0,0,0,0,0
35553,1000000US170317111002024,0,0,0,0,0,0,0,0,0,0,0,0,0,0,0,0,0,0
35554,1000000US170317111003000,73,0,73,5,0,0,0,73,0,0,73,6,33,29,4,101,5,0
35555,1000000US170317111003001,53,0,53,0,0,0,0,53,0,0,53,3,31,29,2,66,0,0
35556,1000000US170317111003002,0,0,0,0,0,0,0,0,0,0,0,0,0,0,0,0,0,0
35557,1000000US170317111003003,0,0,0,0,0,0,0,0,0,0,0,0,0,0,0,0,0,0
35558,1000000US170317111003004,69,0,69,0,0,0,1,68,0,1,69,2,48,43,5,80,0,1
35559,1000000US170317111003005,36,0,36,0,0,0,0,36,0,0,36,0,20,19,1,47,0,0
35560,1000000US170317111003006,0,0,0,0,0,0,0,0,0,0,0,0,0,0,0,0,0,0
35561,1000000US170317111003007,49,0,49,0,0,0,0,49,0,0,49,0,18,18,0,72,0,0
35562,1000000US170317111003008,0,0,0,0,0,0,0,0,0,0,0,0,0,0,0,0,0,0
35563,1000000US170317111003009,0,0,0,0,0,0,0,0,0,0,0,0,0,0,0,0,0,0
35564,1000000US170317111003010,0,0,0,0,0,0,0,0,0,0,0,0,0,0,0,0,0,0
35565,1000000US170317111003011,0,0,0,0,0,0,0,0,0,0,0,0,0,0,0,0,0,0
35566,1000000US170317111003012,24,0,24,0,0,0,0,24,0,0,24,0,21,16,5,24,0,0
35567,1000000US170317111003013,35,0,34,1,0,0,1,34,0,1,35,0,19,16,3,46,1,0
35568,1000000US170317111003014,42,0,42,1,0,0,0,42,0,0,42,2,25,21,4,53,1,0
35569,1000000US170317111003015,57,0,57,0,0,0,0,57,0,0,57,1,34,33,1,68,0,0
35570,1000000US170317111003016,65,0,65,0,0,0,1,64,0,1,65,0,18,18,0,81,0,1
35571,1000000US170317111003017,38,0,38,0,0,0,0,38,0,0,38,0,18,15,3,52,0,0
35572,1000000US170317111003018,25,0,25,0,0,0,0,25,0,0,25,0,14,10,4,38,0,0
35573,1000000US170317111003019,25,0,24,0,0,0,0,25,0,0,25,0,23,16,7,32,0,0
35574,1000000US170317111003020,8,0,8,0,0,0,0,8,0,0,8,0,2,2,0,8,0,0
35575,1000000US170317111003021,5,0,5,0,0,0,0,5,0,0,5,0,4,3,1,5,0,0
35576,1000000US170317111003022,40,0,40,0,0,0,0,40,0,0,40,0,18,17,1,59,0,0
35577,1000000US170317111003023,47,0,47,0,0,0,0,47,0,0,47,0,18,17,1,57,0,0
35578,1000000US170317112001000,30,0,30,0,0,0,0,30,0,0,30,0,20,17,3,44,0,0
35579,1000000US170317112001001,61,1,60,0,0,0,0,61,0,0,60,0,60,44,16,96,0,0
35580,1000000US170317112001002,64,0,64,0,0,0,0,64,0,0,64,0,37,33,4,87,0,0
35581,1000000US170317112001003,55,0,55,0,0,0,1,54,0,1,55,0,37,32,5,74,0,1
35582,1000000US170317112001004,71,0,71,0,0,0,1,70,0,1,71,0,50,41,9,104,0,1
35583,1000000US170317112001005,45,0,45,3,0,0,0,45,0,0,45,3,15,14,1,55,0,0
35584,1000000US170317112001006,44,0,44,0,0,0,0,44,0,0,44,0,29,24,5,71,0,0
35585,1000000US170317112001007,42,0,42,0,0,0,0,42,0,0,42,0,14,14,0,49,0,0
35586,1000000US170317112001008,35,0,33,0,1,0,0,35,0,0,35,0,14,13,1,41,0,0
35587,1000000US170317112001009,41,0,41,0,0,0,0,41,0,0,41,0,15,15,0,50,0,0
35588,1000000US170317112001010,11,0,10,1,0,0,0,11,0,0,11,0,7,7,0,15,1,0
35589,1000000US170317112001011,22,0,22,0,0,0,0,22,0,0,22,0,8,8,0,34,0,0
35590,1000000US170317112001012,0,0,0,0,0,0,0,0,0,0,0,0,0,0,0,0,0,0
35591,1000000US170317112001013,7,0,5,0,0,0,2,5,0,2,7,0,3,3,0,10,0,0
35592,1000000US170317112001014,15,0,15,0,0,0,0,15,0,0,15,0,5,5,0,19,0,0
35593,1000000US170317112001015,17,0,17,0,0,0,0,17,0,0,17,0,7,7,0,25,0,0
35594,1000000US170317112001016,30,0,30,0,0,0,0,30,0,0,30,0,23,21,2,35,0,0
35595,1000000US170317112001017,68,0,67,4,0,0,0,68,0,0,68,3,62,53,9,94,4,0
35596,1000000US170317112001018,53,0,51,2,0,0,1,52,0,1,53,0,36,32,4,69,2,1
35597,1000000US170317112001019,15,0,15,0,0,0,0,15,0,0,15,0,7,6,1,17,0,0
35598,1000000US170317112001020,0,0,0,0,0,0,0,0,0,0,0,0,0,0,0,0,0,0
35599,1000000US170317112001021,28,0,28,0,0,0,1,27,0,1,28,0,18,16,2,42,0,1
35600,1000000US170317112001022,44,0,44,0,0,0,0,44,0,0,44,0,24,24,0,64,0,0
35601,1000000US170317112001023,26,0,26,0,0,0,0,26,0,0,26,0,15,12,3,33,0,0
35602,1000000US170317112001024,49,0,48,1,0,0,0,49,0,0,49,1,28,22,6,72,1,0
35603,1000000US170317112001025,46,0,45,1,0,0,0,46,0,0,46,0,18,15,3,64,1,0
35604,1000000US170317112001026,29,0,29,0,0,0,0,29,0,0,29,0,13,13,0,45,0,0
35605,1000000US170317112001027,37,0,36,0,2,0,0,37,0,0,37,2,15,14,1,46,0,0
35606,1000000US170317112002000,17,0,17,0,0,0,0,17,0,0,17,0,17,11,6,18,0,0
35607,1000000US170317112002001,44,0,44,0,0,0,0,44,0,0,44,0,22,17,5,60,0,0
35608,1000000US170317112002002,50,0,50,0,0,0,0,50,0,0,50,0,25,24,1,65,0,0
35609,1000000US170317112002003,66,0,66,0,0,0,0,66,0,0,66,0,38,33,5,82,0,0
35610,1000000US170317112002004,40,1,39,0,0,0,0,40,0,0,39,0,25,24,1,53,0,0
35611,1000000US170317112002005,41,0,41,0,0,0,0,41,0,0,41,0,20,20,0,57,0,0
35612,1000000US170317112002006,29,0,29,0,0,0,0,29,0,0,29,0,9,9,0,34,0,0
35613,1000000US170317112002007,19,0,19,0,0,0,0,19,0,0,19,0,13,12,1,26,0,0
35614,1000000US170317112002008,20,0,20,0,0,0,0,20,0,0,20,0,11,11,0,22,0,0
35615,1000000US170317112002009,17,0,17,0,0,0,0,17,0,0,17,0,15,14,1,20,0,0
35616,1000000US170317112002010,38,0,38,0,0,0,0,38,0,0,38,0,14,14,0,61,0,0
35617,1000000US170317112002011,31,0,31,0,0,0,1,30,0,1,31,0,16,14,2,35,0,1
35618,1000000US170317112002012,39,0,39,0,0,1,0,39,0,0,39,1,23,22,1,54,0,0
35619,1000000US170317112002013,30,0,30,0,0,0,0,30,0,0,30,0,19,15,4,46,0,0
35620,1000000US170317112002014,35,0,35,0,0,0,1,34,0,1,35,0,16,16,0,48,0,1
35621,1000000US170317112002015,31,0,31,0,0,0,0,31,0,0,31,0,17,16,1,50,0,0
35622,1000000US170317112002016,35,0,35,0,0,0,0,35,0,0,35,0,23,19,4,37,0,0
35623,1000000US170317112002017,37,0,36,1,4,0,0,37,0,0,37,4,21,13,8,45,1,0
35624,1000000US170317112002018,48,0,48,0,0,0,0,48,0,0,48,0,22,21,1,64,0,0
35625,1000000US170317112002019,32,1,31,0,0,0,0,32,0,0,31,0,16,16,0,45,0,0
35626,1000000US170317112002020,0,0,0,0,0,0,0,0,0,0,0,0,0,0,0,0,0,0
35627,1000000US170317112002021,75,0,75,0,0,0,1,74,0,1,75,0,73,72,1,75,0,1
35628,1000000US170317112002022,10,0,10,0,0,0,0,10,0,0,10,0,9,6,3,13,0,0
35629,1000000US170317112002023,14,0,14,0,0,0,0,14,0,0,14,1,10,8,2,15,0,0
35630,1000000US170317112003000,59,0,57,0,2,0,0,59,0,0,59,0,18,18,0,71,0,0
35631,1000000US170317112003001,43,0,43,0,0,0,0,43,0,0,43,0,18,18,0,53,0,0
35632,1000000US170317112003002,47,0,47,0,0,0,0,47,0,0,47,0,16,16,0,57,0,0
35633,1000000US170317112003003,35,0,35,0,0,0,0,35,0,0,35,0,15,14,1,50,0,0
35634,1000000US170317112003004,43,0,43,0,0,0,0,43,0,0,43,0,17,16,1,54,0,0
35635,1000000US170317112003005,29,0,28,1,0,0,0,29,0,0,29,0,16,16,0,31,1,0
35636,1000000US170317112003006,17,0,17,0,0,0,0,17,0,0,17,0,7,7,0,20,0,0
35637,1000000US170317112003007,0,0,0,0,0,0,0,0,0,0,0,0,0,0,0,0,0,0
35638,1000000US170317112003008,21,0,21,0,0,0,0,21,0,0,21,0,7,7,0,22,0,0
35639,1000000US170317112003009,30,0,30,0,0,0,0,30,0,0,30,0,14,12,2,42,0,0
35640,1000000US170317112003010,28,0,28,0,0,0,0,28,0,0,28,2,12,12,0,32,0,0
35641,1000000US170317112003011,26,1,25,0,0,0,0,26,0,0,25,0,13,13,0,32,0,0
35642,1000000US170317112003012,26,0,26,0,0,0,0,26,0,0,26,0,13,13,0,33,0,0
35643,1000000US170317112003013,39,0,39,0,0,0,0,39,0,0,39,0,15,15,0,48,0,0
35644,1000000US170317112003014,30,1,29,0,0,0,0,30,0,0,29,1,14,14,0,38,0,0
35645,1000000US170317112003015,41,0,41,0,0,0,0,41,0,0,41,0,14,13,1,55,0,0
35646,1000000US170317112003016,23,0,22,1,0,0,0,23,0,0,23,0,17,13,4,32,1,0
35647,1000000US170317112003017,30,0,30,0,0,0,0,30,0,0,30,0,12,12,0,35,0,0
35648,1000000US170317112003018,4,0,4,0,0,0,0,4,0,0,4,0,7,2,5,4,0,0
35649,1000000US170317112003019,0,0,0,0,0,0,0,0,0,0,0,0,0,0,0,0,0,0
35650,1000000US170317112003020,2,0,2,0,0,0,0,2,0,0,2,0,2,2,0,3,0,0
35651,1000000US170317112003021,28,0,28,0,0,0,0,28,0,0,28,0,14,14,0,34,0,0
35652,1000000US170317112004000,30,0,30,0,0,0,0,30,0,0,30,0,13,13,0,41,0,0
35653,1000000US170317112004001,45,0,45,0,0,0,0,45,0,0,45,0,22,19,3,52,0,0
35654,1000000US170317112004002,38,0,38,0,0,0,0,38,0,0,38,0,16,15,1,49,0,0
35655,1000000US170317112004003,39,0,39,0,0,0,0,39,0,0,39,0,14,14,0,52,0,0
35656,1000000US170317112004004,28,0,28,0,0,0,0,28,0,0,28,0,12,11,1,33,0,0
35657,1000000US170317112004005,28,0,28,0,0,0,0,28,0,0,28,0,14,14,0,41,0,0
35658,1000000US170317112004006,16,0,16,0,0,0,0,16,0,0,16,0,9,9,0,17,0,0
35659,1000000US170317112004007,22,0,22,0,0,0,0,22,0,0,22,0,13,12,1,25,0,0
35660,1000000US170317112004008,62,0,62,0,0,0,0,62,0,0,62,0,34,34,0,69,0,0
35661,1000000US170317112004009,27,0,27,0,0,0,0,27,0,0,27,0,11,11,0,29,0,0
35662,1000000US170317112004010,11,0,11,0,0,0,0,11,0,0,11,0,8,8,0,11,0,0
35663,1000000US170317112004011,38,0,38,0,0,0,0,38,0,0,38,0,15,15,0,51,0,0
35664,1000000US170317112004012,28,0,28,0,0,0,0,28,0,0,28,0,14,13,1,34,0,0
35665,1000000US170317112004013,12,0,12,0,0,0,0,12,0,0,12,0,7,7,0,15,0,0
35666,1000000US170317112004014,22,0,22,0,0,0,0,22,0,0,22,0,9,9,0,28,0,0
35667,1000000US170317112004015,18,0,18,0,0,0,0,18,0,0,18,0,9,9,0,21,0,0
35668,1000000US170317112004016,4,0,4,0,0,0,0,4,0,0,4,0,3,2,1,5,0,0
35669,1000000US170317112004017,34,0,34,0,0,0,0,34,0,0,34,0,18,18,0,41,0,0
35670,1000000US170317112004018,0,0,0,0,0,0,0,0,0,0,0,0,0,0,0,0,0,0
35671,1000000US170317112004019,16,0,16,0,0,0,0,16,0,0,16,0,8,7,1,20,0,0
35672,1000000US170317112004020,17,0,17,0,0,0,0,17,0,0,17,0,8,8,0,19,0,0
35673,1000000US170317112004021,32,0,32,0,0,0,0,32,0,0,32,0,15,15,0,43,0,0
35674,1000000US170317112004022,0,0,0,0,0,0,0,0,0,0,0,0,0,0,0,0,0,0
35675,1000000US170317112004023,21,0,21,0,0,0,0,21,0,0,21,0,7,7,0,27,0,0
35676,1000000US170317112004024,10,0,10,0,0,0,0,10,0,0,10,0,4,4,0,12,0,0
35677,1000000US170317112004025,35,0,35,0,0,0,0,35,0,0,35,0,14,14,0,41,0,0
35678,1000000US170317112004026,28,0,28,0,0,0,0,28,0,0,28,0,13,13,0,33,0,0
35679,1000000US170317112004027,14,0,14,0,0,0,0,14,0,0,14,0,11,9,2,19,0,0
35680,1000000US170317112004028,33,1,32,0,0,0,0,33,0,0,32,0,14,14,0,45,0,0
35681,1000000US170317112004029,26,0,26,0,0,0,0,26,0,0,26,0,14,14,0,30,0,0
35682,1000000US170317112004030,41,0,41,0,0,0,0,41,0,0,41,0,16,16,0,53,0,0
35683,1000000US170317112004031,48,0,48,0,0,0,0,48,0,0,48,0,20,20,0,53,0,0
35684,1000000US170317112004032,4,0,4,0,0,0,0,4,0,0,4,0,3,3,0,4,0,0
35685,1000000US170317112004033,59,1,56,0,4,0,0,59,0,0,58,2,38,31,7,77,0,0
35686,1000000US170317112004034,34,0,34,0,0,0,0,34,0,0,34,0,15,15,0,45,0,0
35687,1000000US170317112004035,35,1,34,0,0,0,0,35,0,0,34,0,15,15,0,40,0,0
35688,1000000US170317112004036,28,0,28,0,0,0,0,28,0,0,28,0,15,15,0,40,0,0
35689,1000000US170317112004037,29,0,28,0,1,0,1,28,0,1,29,0,15,15,0,36,0,1
35690,1000000US170317112004038,24,0,24,0,0,0,3,21,0,3,24,0,15,13,2,33,0,3
35691,1000000US170317112004039,10,0,10,0,0,0,0,10,0,0,10,0,14,7,7,15,0,0
35692,1000000US170317112004040,0,0,0,0,0,0,0,0,0,0,0,0,0,0,0,0,0,0
35693,1000000US170317112004041,0,0,0,0,0,0,0,0,0,0,0,0,0,0,0,0,0,0
35694,1000000US170317112004042,0,0,0,0,0,0,0,0,0,0,0,0,0,0,0,0,0,0
35695,1000000US170317112004043,21,0,21,0,1,0,0,21,0,0,21,1,9,9,0,24,0,0
35696,1000000US170317112004044,36,0,36,0,0,0,0,36,0,0,36,0,17,15,2,45,0,0
35697,1000000US170317112004045,33,0,32,3,0,0,0,33,0,0,33,5,17,16,1,46,1,0
35698,1000000US170317112004046,43,0,43,0,0,0,0,43,0,0,43,0,24,23,1,49,0,0
35699,1000000US170317112004047,41,0,39,2,0,0,1,40,0,1,41,0,18,18,0,61,2,1
35700,1000000US170317112004048,39,0,39,3,0,0,0,39,0,0,39,3,19,18,1,49,3,0
35701,1000000US170317112004049,46,0,46,0,0,0,0,46,0,0,46,0,17,17,0,60,0,0
35702,1000000US170317112004050,34,0,34,0,0,0,0,34,0,0,34,0,20,19,1,43,0,0
35703,1000000US170317112004051,39,0,39,0,0,0,0,39,0,0,39,0,19,18,1,47,0,0
35704,1000000US170317112004052,14,0,14,0,0,0,0,14,0,0,14,0,7,7,0,17,0,0
35705,1000000US170317112004053,27,0,27,0,0,0,0,27,0,0,27,1,13,13,0,28,0,0
35706,1000000US170317112004054,34,0,34,0,0,0,0,34,0,0,34,0,13,13,0,42,0,0
35707,1000000US170317112004055,9,0,9,0,0,0,0,9,0,0,9,0,4,4,0,9,0,0
35708,1000000US170317112004056,7,0,7,0,0,0,0,7,0,0,7,0,4,4,0,11,0,0
35709,1000000US170317112004057,12,0,12,0,0,0,2,10,0,2,12,0,7,6,1,15,0,2
35710,1000000US170317112004058,16,0,16,0,0,0,0,16,0,0,16,0,8,6,2,27,0,0
35711,1000000US170317112004059,0,0,0,0,0,0,0,0,0,0,0,0,0,0,0,0,0,0
35712,1000000US170317112004060,0,0,0,0,0,0,0,0,0,0,0,0,0,0,0,0,0,0
35713,1000000US170317112004061,31,0,30,0,0,0,1,30,0,1,31,0,10,10,0,43,0,0
35714,1000000US170317112004062,30,0,30,0,0,0,0,30,0,0,30,0,15,15,0,36,0,0
35715,1000000US170317112004063,27,0,27,0,0,0,0,27,0,0,27,0,12,12,0,33,0,0
35716,1000000US170317112004064,29,1,28,0,0,0,0,29,0,0,28,0,12,12,0,35,0,0
35717,1000000US170317112004065,0,0,0,0,0,0,0,0,0,0,0,0,0,0,0,0,0,0
35718,1000000US170317113001000,19,0,19,0,0,0,0,19,0,0,19,0,13,12,1,21,0,0
35719,1000000US170317113001001,0,0,0,0,0,0,0,0,0,0,0,0,0,0,0,0,0,0
35720,1000000US170317113001002,17,1,15,2,0,0,0,17,0,0,16,2,0,0,0,46,1,0
35721,1000000US170317113001003,1,0,1,0,0,0,0,1,0,0,1,0,1,1,0,3,0,0
35722,1000000US170317113001004,28,0,28,0,0,0,0,28,0,0,28,0,13,12,1,33,0,0
35723,1000000US170317113001005,14,0,14,0,0,0,0,14,0,0,14,0,5,5,0,16,0,0
35724,1000000US170317113001006,5,0,5,0,0,0,0,5,0,0,5,0,4,4,0,6,0,0
35725,1000000US170317113001007,85,0,83,1,0,1,2,83,0,2,85,2,74,58,16,104,1,0
35726,1000000US170317113001008,54,0,53,0,0,1,1,53,0,1,54,1,22,22,0,67,0,0
35727,1000000US170317113001009,43,1,42,0,0,0,1,42,0,1,42,0,17,17,0,54,0,1
35728,1000000US170317113001010,13,0,13,0,0,0,0,13,0,0,13,0,5,4,1,23,0,0
35729,1000000US170317113001011,30,0,30,0,0,0,0,30,0,0,30,0,13,11,2,35,0,0
35730,1000000US170317113001012,16,0,16,0,0,0,0,16,0,0,16,0,6,5,1,21,0,0
35731,1000000US170317113001013,36,0,36,0,0,0,0,36,0,0,36,0,16,16,0,47,0,0
35732,1000000US170317113001014,33,0,33,0,0,0,0,33,0,0,33,0,14,14,0,40,0,0
35733,1000000US170317113001015,35,0,32,1,0,0,3,32,0,3,35,0,16,16,0,44,1,0
35734,1000000US170317113001016,0,0,0,0,0,0,0,0,0,0,0,0,0,0,0,0,0,0
35735,1000000US170317113001017,0,0,0,0,0,0,0,0,0,0,0,0,0,0,0,0,0,0
35736,1000000US170317113001018,29,0,29,0,0,0,0,29,0,0,29,0,15,11,4,36,0,0
35737,1000000US170317113001019,20,0,20,0,0,0,0,20,0,0,20,0,13,12,1,27,0,0
35738,1000000US170317113001020,49,0,49,0,0,0,0,49,0,0,49,3,47,35,12,59,0,0
35739,1000000US170317113002000,6,0,6,0,0,0,0,6,0,0,6,0,6,6,0,6,0,0
35740,1000000US170317113002001,40,0,40,0,0,0,0,40,0,0,40,2,14,13,1,52,0,0
35741,1000000US170317113002002,31,0,31,0,0,0,0,31,0,0,31,0,14,14,0,51,0,0
35742,1000000US170317113002003,37,0,37,0,0,0,0,37,0,0,37,0,16,15,1,50,0,0
35743,1000000US170317113002004,17,0,17,0,0,0,0,17,0,0,17,0,9,9,0,18,0,0
35744,1000000US170317113002005,30,0,30,0,0,0,0,30,0,0,30,0,15,14,1,41,0,0
35745,1000000US170317113002006,47,0,47,0,0,0,0,47,0,0,47,0,23,20,3,62,0,0
35746,1000000US170317113002007,27,0,27,2,0,0,0,27,0,0,27,2,17,10,7,37,2,0
35747,1000000US170317113002008,41,0,40,2,0,0,1,40,0,1,41,2,25,18,7,49,2,1
35748,1000000US170317113002009,28,0,27,0,0,0,0,28,0,0,28,1,13,13,0,40,0,0
35749,1000000US170317113002010,1,0,0,0,1,0,0,1,0,0,1,0,2,1,1,1,0,0
35750,1000000US170317113002011,110,0,109,0,0,0,1,109,0,1,110,5,41,40,1,150,0,0
35751,1000000US170317113002012,13,0,13,0,0,0,0,13,0,0,13,0,8,8,0,17,0,0
35752,1000000US170317113002013,41,0,41,0,0,0,0,41,0,0,41,0,17,16,1,53,0,0
35753,1000000US170317113002014,0,0,0,0,0,0,0,0,0,0,0,0,0,0,0,0,0,0
35754,1000000US170317113002015,2,0,2,0,0,0,0,2,0,0,2,0,1,1,0,2,0,0
35755,1000000US170317113002016,53,0,53,0,0,0,0,53,0,0,53,0,30,26,4,66,0,0
35756,1000000US170317113002017,29,0,29,0,0,0,0,29,0,0,29,0,11,11,0,38,0,0
35757,1000000US170317113002018,15,0,15,0,0,0,0,15,0,0,15,0,7,6,1,21,0,0
35758,1000000US170317113002019,33,0,33,0,0,0,1,32,0,1,33,0,23,20,3,47,0,1
35759,1000000US170317113002020,10,0,10,2,0,0,0,10,0,0,10,2,5,4,1,11,2,0
35760,1000000US170317113002021,16,0,16,0,0,0,0,16,0,0,16,0,7,7,0,21,0,0
35761,1000000US170317113002022,17,0,17,0,0,0,0,17,0,0,17,0,9,8,1,23,0,0
35762,1000000US170317113002023,12,0,12,0,0,0,0,12,0,0,12,0,6,6,0,13,0,0
35763,1000000US170317113002024,18,0,18,0,0,0,0,18,0,0,18,0,12,10,2,20,0,0
35764,1000000US170317113002025,36,0,36,0,0,0,0,36,0,0,36,0,19,18,1,55,0,0
35765,1000000US170317114001000,0,0,0,0,0,0,0,0,0,0,0,0,0,0,0,0,0,0
35766,1000000US170317114001001,0,0,0,0,0,0,0,0,0,0,0,0,0,0,0,0,0,0
35767,1000000US170317114001002,0,0,0,0,0,0,0,0,0,0,0,0,0,0,0,0,0,0
35768,1000000US170317114001003,7,0,7,0,0,0,0,7,0,0,7,0,8,7,1,7,0,0
35769,1000000US170317114001004,0,0,0,0,0,0,0,0,0,0,0,0,0,0,0,0,0,0
35770,1000000US170317114001005,38,0,38,0,0,0,0,38,0,0,38,0,14,13,1,51,0,0
35771,1000000US170317114001006,34,0,34,0,0,0,0,34,0,0,34,0,14,13,1,47,0,0
35772,1000000US170317114001007,32,0,32,0,0,0,0,32,0,0,32,0,13,13,0,41,0,0
35773,1000000US170317114001008,29,0,29,0,0,0,0,29,0,0,29,0,13,12,1,37,0,0
35774,1000000US170317114001009,38,0,38,0,0,0,0,38,0,0,38,0,16,16,0,43,0,0
35775,1000000US170317114001010,34,0,34,0,0,0,3,31,0,3,34,0,13,13,0,40,0,3
35776,1000000US170317114001011,48,0,48,0,0,0,1,47,0,1,48,0,21,21,0,58,0,1
35777,1000000US170317114001012,36,0,36,0,0,0,0,36,0,0,36,0,16,15,1,65,0,0
35778,1000000US170317114001013,30,1,29,0,0,0,1,29,0,1,29,0,12,12,0,38,0,1
35779,1000000US170317114001014,48,0,48,0,0,0,0,48,0,0,48,0,15,15,0,64,0,0
35780,1000000US170317114001015,28,0,28,0,0,0,0,28,0,0,28,0,19,18,1,38,0,0
35781,1000000US170317114001016,35,0,35,0,0,0,0,35,0,0,35,0,20,18,2,42,0,0
35782,1000000US170317114001017,50,0,50,0,0,0,0,50,0,0,50,0,16,16,0,77,0,0
35783,1000000US170317114001018,52,0,52,0,0,0,0,52,0,0,52,0,17,16,1,64,0,0
35784,1000000US170317114001019,38,0,38,0,0,0,0,38,0,0,38,0,17,17,0,46,0,0
35785,1000000US170317114001020,32,0,32,0,0,0,0,32,0,0,32,0,15,15,0,42,0,0
35786,1000000US170317114001021,42,0,42,0,0,0,1,41,0,1,42,0,26,23,3,57,0,1
35787,1000000US170317114001022,37,0,37,0,0,0,0,37,0,0,37,0,18,15,3,47,0,0
35788,1000000US170317114001023,0,0,0,0,0,0,0,0,0,0,0,0,0,0,0,0,0,0
35789,1000000US170317114001024,0,0,0,0,0,0,0,0,0,0,0,0,0,0,0,0,0,0
35790,1000000US170317114002000,0,0,0,0,0,0,0,0,0,0,0,0,0,0,0,0,0,0
35791,1000000US170317114002001,0,0,0,0,0,0,0,0,0,0,0,0,0,0,0,0,0,0
35792,1000000US170317114002002,0,0,0,0,0,0,0,0,0,0,0,0,0,0,0,0,0,0
35793,1000000US170317114002003,0,0,0,0,0,0,0,0,0,0,0,0,0,0,0,0,0,0
35794,1000000US170317114002004,2,0,2,0,0,0,0,2,0,0,2,0,5,2,3,6,0,0
35795,1000000US170317114002005,0,0,0,0,0,0,0,0,0,0,0,0,0,0,0,0,0,0
35796,1000000US170317114002006,50,0,50,0,0,0,0,50,0,0,50,0,36,35,1,57,0,0
35797,1000000US170317114002007,24,0,24,0,0,0,0,24,0,0,24,0,11,11,0,27,0,0
35798,1000000US170317114002008,45,0,45,0,0,0,0,45,0,0,45,0,24,23,1,59,0,0
35799,1000000US170317114002009,2,1,1,0,0,0,0,2,0,0,1,0,0,0,0,2,0,0
35800,1000000US170317114002010,17,0,16,0,0,0,1,16,0,1,17,0,6,6,0,23,0,0
35801,1000000US170317114002011,7,0,7,2,0,0,1,6,0,1,7,3,6,3,3,13,2,1
35802,1000000US170317114002012,25,0,25,0,0,0,0,25,0,0,25,0,10,9,1,47,0,0
35803,1000000US170317114002013,24,0,24,0,0,0,0,24,0,0,24,0,13,11,2,32,0,0
35804,1000000US170317114002014,21,0,21,0,0,0,0,21,0,0,21,0,11,9,2,33,0,0
35805,1000000US170317114002015,35,0,35,0,0,0,0,35,0,0,35,0,14,11,3,52,0,0
35806,1000000US170317114002016,38,0,38,0,0,0,0,38,0,0,38,0,14,13,1,50,0,0
35807,1000000US170317114002017,30,0,30,0,0,0,0,30,0,0,30,0,11,10,1,39,0,0
35808,1000000US170317114002018,0,0,0,0,0,0,0,0,0,0,0,0,0,0,0,0,0,0
35809,1000000US170317114002019,0,0,0,0,0,0,0,0,0,0,0,0,0,0,0,0,0,0
35810,1000000US170317114002020,0,0,0,0,0,0,0,0,0,0,0,0,0,0,0,0,0,0
35811,1000000US170317114002021,0,0,0,0,0,0,0,0,0,0,0,0,1,0,1,0,0,0
35812,1000000US170317114002022,0,0,0,0,0,0,0,0,0,0,0,0,0,0,0,0,0,0
35813,1000000US170317114002023,40,0,40,0,0,0,0,40,0,0,40,0,15,14,1,46,0,0
35814,1000000US170317114002024,0,0,0,0,0,0,0,0,0,0,0,0,0,0,0,0,0,0
35815,1000000US170317114002025,0,0,0,0,0,0,0,0,0,0,0,0,0,0,0,0,0,0
35816,1000000US170317114002026,43,0,43,0,0,0,0,43,0,0,43,0,23,20,3,80,0,0
35817,1000000US170317114002027,39,0,39,0,0,0,0,39,0,0,39,0,15,15,0,58,0,0
35818,1000000US170317114002028,16,0,16,0,0,0,0,16,0,0,16,0,13,12,1,21,0,0
35819,1000000US170317114002029,47,0,47,0,0,0,0,47,0,0,47,0,18,17,1,56,0,0
35820,1000000US170317114002030,35,0,35,0,0,0,0,35,0,0,35,0,18,16,2,40,0,0
35821,1000000US170317114002031,26,0,26,0,0,0,0,26,0,0,26,0,13,12,1,38,0,0
35822,1000000US170317114002032,0,0,0,0,0,0,0,0,0,0,0,0,0,0,0,0,0,0
35823,1000000US170317114002033,26,0,26,0,0,0,0,26,0,0,26,0,13,13,0,30,0,0
35824,1000000US170317114002034,41,0,41,0,0,0,0,41,0,0,41,0,18,16,2,61,0,0
35825,1000000US170317114002035,0,0,0,0,0,0,0,0,0,0,0,0,0,0,0,0,0,0
35826,1000000US170317114002036,26,1,25,0,0,0,0,26,0,0,25,0,12,10,2,36,0,0
35827,1000000US170317114002037,37,0,37,2,0,0,2,35,0,2,37,2,18,15,3,38,2,2
35828,1000000US170317114003000,25,0,24,0,0,0,2,23,0,2,25,0,16,13,3,33,0,1
35829,1000000US170317114003001,0,0,0,0,0,0,0,0,0,0,0,0,0,0,0,0,0,0
35830,1000000US170317114003002,16,0,16,0,0,0,0,16,0,0,16,0,13,11,2,19,0,0
35831,1000000US170317114003003,6,0,6,0,0,0,0,6,0,0,6,0,2,1,1,6,0,0
35832,1000000US170317114003004,26,0,26,0,0,0,0,26,0,0,26,0,14,13,1,41,0,0
35833,1000000US170317114003005,22,0,22,0,0,0,0,22,0,0,22,0,13,11,2,33,0,0
35834,1000000US170317114003006,19,0,19,0,0,0,0,19,0,0,19,0,15,8,7,22,0,0
35835,1000000US170317114003007,25,0,24,2,0,3,0,25,0,0,25,5,10,10,0,36,2,0
35836,1000000US170317114003008,25,0,25,0,0,0,0,25,0,0,25,0,13,13,0,32,0,0
35837,1000000US170317114003009,17,0,17,0,0,0,0,17,0,0,17,0,11,10,1,27,0,0
35838,1000000US170317114003010,31,1,30,0,0,0,0,31,0,0,30,0,15,14,1,37,0,0
35839,1000000US170317114003011,26,0,26,0,0,0,0,26,0,0,26,0,15,14,1,31,0,0
35840,1000000US170317114003012,41,0,41,0,0,0,0,41,0,0,41,0,17,14,3,66,0,0
35841,1000000US170317114003013,30,0,30,0,0,0,0,30,0,0,30,0,14,14,0,50,0,0
35842,1000000US170317114003014,55,0,54,0,0,0,1,54,0,1,55,0,24,21,3,65,0,0
35843,1000000US170317114003015,34,1,33,0,0,0,0,34,0,0,33,0,21,16,5,38,0,0
35844,1000000US170317114003016,33,0,33,0,0,0,1,32,0,1,33,1,18,16,2,45,0,1
35845,1000000US170317114003017,45,0,45,0,0,0,0,45,0,0,45,0,20,19,1,56,0,0
35846,1000000US170317114003018,41,0,41,0,0,0,0,41,0,0,41,0,17,17,0,62,0,0
35847,1000000US170317114003019,37,0,37,0,0,0,1,36,0,1,37,0,20,18,2,55,0,1
35848,1000000US170317114003020,15,0,15,0,0,0,1,14,0,1,15,0,13,8,5,20,0,1
35849,1000000US170317114003021,27,0,26,1,0,0,2,25,0,2,27,1,16,16,0,32,0,1
35850,1000000US170317115001000,0,0,0,0,0,0,0,0,0,0,0,0,0,0,0,0,0,0
35851,1000000US170317115001001,2,0,2,0,0,0,0,2,0,0,2,0,1,1,0,5,0,0
35852,1000000US170317115001002,0,0,0,0,0,0,0,0,0,0,0,0,0,0,0,0,0,0
35853,1000000US170317115001003,0,0,0,0,0,0,0,0,0,0,0,0,0,0,0,0,0,0
35854,1000000US170317115001004,21,0,21,0,0,0,0,21,0,0,21,0,8,8,0,26,0,0
35855,1000000US170317115001005,17,0,17,0,0,0,0,17,0,0,17,0,7,7,0,20,0,0
35856,1000000US170317115001006,9,0,9,0,0,0,0,9,0,0,9,0,5,4,1,10,0,0
35857,1000000US170317115001007,16,2,14,0,0,0,0,16,0,0,14,0,5,5,0,24,0,0
35858,1000000US170317115001008,16,1,15,0,0,1,0,16,0,0,15,1,9,8,1,25,0,0
35859,1000000US170317115001009,0,0,0,0,0,0,0,0,0,0,0,0,0,0,0,0,0,0
35860,1000000US170317115001010,30,0,30,0,0,0,0,30,0,0,30,0,16,15,1,37,0,0
35861,1000000US170317115001011,29,0,29,0,0,0,0,29,0,0,29,0,23,16,7,36,0,0
35862,1000000US170317115001012,19,0,19,0,0,0,0,19,0,0,19,0,9,9,0,27,0,0
35863,1000000US170317115001013,13,0,13,0,0,0,0,13,0,0,13,0,7,7,0,14,0,0
35864,1000000US170317115001014,6,0,6,0,0,0,0,6,0,0,6,0,5,5,0,8,0,0
35865,1000000US170317115001015,24,0,24,0,0,0,0,24,0,0,24,0,11,11,0,31,0,0
35866,1000000US170317115001016,12,0,12,0,0,0,0,12,0,0,12,0,9,7,2,15,0,0
35867,1000000US170317115001017,35,0,35,0,0,0,0,35,0,0,35,0,13,13,0,47,0,0
35868,1000000US170317115001018,49,5,44,1,0,0,0,49,0,0,44,1,21,20,1,74,1,0
35869,1000000US170317115001019,44,0,44,0,0,0,0,44,0,0,44,0,19,19,0,68,0,0
35870,1000000US170317115001020,27,0,27,0,0,0,0,27,0,0,27,0,13,13,0,36,0,0
35871,1000000US170317115001021,26,0,26,0,0,0,0,26,0,0,26,0,15,14,1,41,0,0
35872,1000000US170317115001022,34,0,34,0,0,0,0,34,0,0,34,0,14,14,0,39,0,0
35873,1000000US170317115001023,35,0,35,0,0,0,0,35,0,0,35,0,13,11,2,44,0,0
35874,1000000US170317115001024,46,0,46,0,0,0,0,46,0,0,46,0,16,14,2,56,0,0
35875,1000000US170317115001025,22,0,22,0,0,0,0,22,0,0,22,0,15,10,5,28,0,0
35876,1000000US170317115001026,0,0,0,0,0,0,0,0,0,0,0,0,0,0,0,0,0,0
35877,1000000US170317115001027,43,0,43,1,0,0,0,43,0,0,43,1,25,24,1,46,1,0
35878,1000000US170317115001028,24,0,24,0,0,0,0,24,0,0,24,0,17,15,2,35,0,0
35879,1000000US170317115001029,25,0,24,1,0,0,0,25,0,0,25,0,11,10,1,32,1,0
35880,1000000US170317115001030,31,0,31,0,0,0,0,31,0,0,31,0,13,12,1,38,0,0
35881,1000000US170317115001031,49,0,49,0,0,0,0,49,0,0,49,0,24,22,2,71,0,0
35882,1000000US170317115001032,52,0,51,0,0,0,3,49,0,3,52,1,23,19,4,68,0,2
35883,1000000US170317115001033,0,0,0,0,0,0,0,0,0,0,0,0,0,0,0,0,0,0
35884,1000000US170317115001034,0,0,0,0,0,0,0,0,0,0,0,0,0,0,0,0,0,0
35885,1000000US170317115001035,21,2,19,0,0,0,0,21,0,0,19,0,11,11,0,32,0,0
35886,1000000US170317115001036,28,0,28,0,0,0,0,28,0,0,28,0,13,11,2,42,0,0
35887,1000000US170317115001037,0,0,0,0,0,0,0,0,0,0,0,0,0,0,0,0,0,0
35888,1000000US170317115001038,48,0,48,0,0,0,1,47,0,1,48,1,22,20,2,61,0,1
35889,1000000US170317115001039,20,0,20,0,0,0,1,19,0,1,20,0,10,10,0,25,0,1
35890,1000000US170317115001040,16,0,16,1,0,0,0,16,0,0,16,1,8,8,0,25,1,0
35891,1000000US170317115002000,0,0,0,0,0,0,0,0,0,0,0,0,0,0,0,0,0,0
35892,1000000US170317115002001,0,0,0,0,0,0,0,0,0,0,0,0,0,0,0,0,0,0
35893,1000000US170317115002002,11,0,11,0,0,0,0,11,0,0,11,0,6,6,0,14,0,0
35894,1000000US170317115002003,0,0,0,0,0,0,0,0,0,0,0,0,0,0,0,0,0,0
35895,1000000US170317115002004,9,0,9,0,0,0,0,9,0,0,9,0,4,4,0,9,0,0
35896,1000000US170317115002005,27,0,27,0,0,0,0,27,0,0,27,0,9,9,0,33,0,0
35897,1000000US170317115002006,17,0,17,0,0,0,3,14,0,3,17,0,9,9,0,27,0,3
35898,1000000US170317115002007,16,0,16,0,0,0,0,16,0,0,16,0,9,7,2,18,0,0
35899,1000000US170317115002008,14,0,13,0,0,0,1,13,0,1,14,0,6,5,1,18,0,0
35900,1000000US170317115002009,0,0,0,0,0,0,0,0,0,0,0,0,0,0,0,0,0,0
35901,1000000US170317115002010,16,0,16,0,0,0,2,14,0,2,16,0,9,9,0,24,0,2
35902,1000000US170317115002011,47,0,47,0,0,0,1,46,0,1,47,1,25,21,4,68,0,1
35903,1000000US170317115002012,33,0,33,0,0,0,0,33,0,0,33,0,21,14,7,38,0,0
35904,1000000US170317115002013,25,0,25,0,0,0,0,25,0,0,25,0,15,15,0,30,0,0
35905,1000000US170317115002014,41,0,41,0,0,0,0,41,0,0,41,0,20,17,3,50,0,0
35906,1000000US170317115002015,38,0,38,0,0,0,0,38,0,0,38,0,21,17,4,57,0,0
35907,1000000US170317115002016,40,0,40,0,0,0,0,40,0,0,40,0,21,18,3,50,0,0
35908,1000000US170317115002017,56,0,56,0,0,0,0,56,0,0,56,1,23,21,2,69,0,0
35909,1000000US170317115002018,45,0,45,0,0,0,0,45,0,0,45,0,18,16,2,63,0,0
35910,1000000US170317115002019,26,0,26,0,0,0,0,26,0,0,26,0,17,13,4,42,0,0
35911,1000000US170317115002020,26,0,26,1,0,0,0,26,0,0,26,1,14,12,2,35,1,0
35912,1000000US170317115002021,54,0,54,0,0,0,0,54,0,0,54,0,21,20,1,76,0,0
35913,1000000US170317115002022,22,0,22,0,0,0,0,22,0,0,22,0,13,13,0,34,0,0
35914,1000000US170317115002023,29,0,29,0,0,0,0,29,0,0,29,0,12,12,0,37,0,0
35915,1000000US170317115002024,26,0,26,0,0,0,0,26,0,0,26,0,15,12,3,33,0,0
35916,1000000US170317115002025,28,0,28,0,0,0,0,28,0,0,28,0,14,14,0,31,0,0
35917,1000000US170317115002026,38,0,38,0,0,0,0,38,0,0,38,2,19,18,1,63,0,0
35918,1000000US170317115002027,43,0,43,0,0,0,0,43,0,0,43,0,19,18,1,52,0,0
35919,1000000US170317115002028,49,0,49,0,0,0,0,49,0,0,49,0,21,21,0,64,0,0
35920,1000000US170317115002029,17,0,17,0,0,0,0,17,0,0,17,0,7,7,0,22,0,0
35921,1000000US170317115002030,19,0,19,0,0,0,0,19,0,0,19,0,11,10,1,27,0,0
35922,1000000US170317115002031,21,0,21,0,0,0,0,21,0,0,21,0,10,10,0,30,0,0
35923,1000000US170317115002032,20,0,20,0,0,0,0,20,0,0,20,0,9,7,2,25,0,0
35924,1000000US170317115002033,18,0,18,0,0,0,0,18,0,0,18,0,8,7,1,23,0,0
35925,1000000US170317115002034,31,0,31,0,0,0,0,31,0,0,31,0,18,15,3,40,0,0
35926,1000000US170317115002035,0,0,0,0,0,0,0,0,0,0,0,0,0,0,0,0,0,0
35927,1000000US170317115002036,26,0,26,0,0,0,0,26,0,0,26,0,16,10,6,43,0,0
35928,1000000US170317115002037,0,0,0,0,0,0,0,0,0,0,0,0,0,0,0,0,0,0
35929,1000000US170317115002038,29,0,29,0,0,0,0,29,0,0,29,0,10,10,0,35,0,0
35930,1000000US170317115002039,23,0,23,0,0,0,0,23,0,0,23,0,11,11,0,34,0,0
35931,1000000US170317115002040,31,0,30,1,0,0,0,31,0,0,31,0,14,14,0,39,1,0
35932,1000000US170317115002041,0,0,0,0,0,0,0,0,0,0,0,0,0,0,0,0,0,0
35933,1000000US170317201001000,19,15,4,1,0,0,0,19,0,0,4,1,8,8,0,29,1,0
35934,1000000US170317201001001,17,12,5,0,0,0,0,17,0,0,5,0,10,10,0,22,0,0
35935,1000000US170317201001002,20,16,2,0,2,0,0,20,0,0,4,1,10,9,1,26,0,0
35936,1000000US170317201001003,0,0,0,0,0,0,0,0,0,0,0,0,0,0,0,0,0,0
35937,1000000US170317201001004,19,17,2,0,0,0,0,19,0,0,2,0,12,11,1,25,0,0
35938,1000000US170317201001005,51,51,0,0,0,0,0,51,0,0,0,0,22,22,0,76,0,0
35939,1000000US170317201001006,28,25,3,0,0,0,0,28,0,0,3,0,12,12,0,41,0,0
35940,1000000US170317201001007,20,17,3,0,0,0,0,20,0,0,3,0,10,9,1,34,0,0
35941,1000000US170317201001008,17,10,7,0,0,0,0,17,0,0,7,0,8,8,0,20,0,0
35942,1000000US170317201001009,21,14,7,0,0,0,0,21,0,0,7,0,9,9,0,29,0,0
35943,1000000US170317201001010,21,13,8,0,0,0,0,21,0,0,8,0,10,10,0,26,0,0
35944,1000000US170317201001011,24,8,16,0,0,0,0,24,0,0,16,0,10,10,0,36,0,0
35945,1000000US170317201001012,20,11,5,0,0,0,4,16,0,4,9,0,11,11,0,27,0,0
35946,1000000US170317201001013,24,20,2,0,0,0,2,22,0,2,4,0,12,12,0,30,0,0
35947,1000000US170317201001014,26,22,2,0,1,0,1,25,0,1,4,0,14,14,0,40,0,0
35948,1000000US170317201001015,78,56,14,0,2,0,7,71,0,7,22,5,38,37,1,112,0,1
35949,1000000US170317201001016,70,63,5,0,0,0,2,68,0,2,7,0,35,34,1,87,0,0
35950,1000000US170317201001017,77,52,23,2,0,0,2,75,0,2,25,3,41,40,1,109,0,0
35951,1000000US170317201001018,54,16,37,0,0,0,1,53,0,1,38,0,28,28,0,69,0,0
35952,1000000US170317201001019,26,12,14,0,0,0,0,26,0,0,14,0,15,13,2,32,0,0
35953,1000000US170317201001020,34,22,12,0,0,0,0,34,0,0,12,0,16,16,0,47,0,0
35954,1000000US170317201001021,21,11,9,1,0,0,0,21,0,0,10,1,17,15,2,27,0,0
35955,1000000US170317201001022,0,0,0,0,0,0,0,0,0,0,0,0,0,0,0,0,0,0
35956,1000000US170317201001023,0,0,0,0,0,0,0,0,0,0,0,0,0,0,0,0,0,0
35957,1000000US170317201001024,1,0,1,0,0,0,0,1,0,0,1,1,1,1,0,1,0,0
35958,1000000US170317201002000,0,0,0,0,0,0,0,0,0,0,0,0,0,0,0,0,0,0
35959,1000000US170317201002001,4,0,4,0,0,0,0,4,0,0,4,0,2,2,0,4,0,0
35960,1000000US170317201002002,27,18,7,0,1,0,1,26,0,1,9,1,14,13,1,43,0,0
35961,1000000US170317201002003,19,4,14,1,0,0,1,18,0,1,15,1,12,10,2,22,1,0
35962,1000000US170317201002004,37,13,24,0,0,0,0,37,0,0,24,1,15,14,1,46,0,0
35963,1000000US170317201002005,19,14,5,0,0,0,0,19,0,0,5,0,9,9,0,24,0,0
35964,1000000US170317201002006,19,8,11,2,0,0,0,19,0,0,11,2,8,8,0,25,1,0
35965,1000000US170317201002007,0,0,0,0,0,0,0,0,0,0,0,0,0,0,0,0,0,0
35966,1000000US170317201002008,74,42,26,0,0,0,6,68,0,6,32,0,36,35,1,95,0,0
35967,1000000US170317201002009,34,19,11,0,0,0,5,29,0,5,15,0,20,19,1,43,0,1
35968,1000000US170317201002010,16,7,9,0,0,0,0,16,0,0,9,0,10,8,2,20,0,0
35969,1000000US170317201002011,13,13,0,0,0,0,0,13,0,0,0,0,8,8,0,16,0,0
35970,1000000US170317201002012,17,12,4,0,0,0,1,16,0,1,5,0,8,8,0,27,0,0
35971,1000000US170317201002013,24,16,6,0,0,0,1,23,0,1,8,1,14,13,1,28,0,0
35972,1000000US170317201002014,32,12,18,0,0,0,2,30,0,2,20,0,16,16,0,39,0,0
35973,1000000US170317201002015,14,9,5,0,0,0,0,14,0,0,5,0,7,7,0,19,0,0
35974,1000000US170317201002016,11,6,5,0,0,0,0,11,0,0,5,0,5,4,1,12,0,0
35975,1000000US170317201002017,16,10,2,0,0,0,4,12,0,4,6,4,7,6,1,19,0,0
35976,1000000US170317201002018,34,27,4,0,0,0,3,31,0,3,7,0,19,16,3,40,0,0
35977,1000000US170317201002019,38,35,2,0,0,0,1,37,0,1,3,0,22,21,1,49,0,0
35978,1000000US170317201002020,53,47,6,0,0,0,0,53,0,0,6,0,22,22,0,67,0,0
35979,1000000US170317201002021,33,17,16,0,0,0,0,33,0,0,16,0,15,14,1,42,0,0
35980,1000000US170317201002022,51,43,5,0,3,0,0,51,0,0,8,1,22,22,0,78,0,0
35981,1000000US170317201002023,39,26,11,0,0,0,2,37,0,2,13,0,21,19,2,54,0,0
35982,1000000US170317201002024,39,29,10,0,0,0,0,39,0,0,10,0,20,20,0,54,0,0
35983,1000000US170317201002025,21,20,1,0,0,0,0,21,0,0,1,0,13,11,2,30,0,0
35984,1000000US170317201002026,23,22,0,0,0,0,1,22,0,1,1,0,12,11,1,35,0,0
35985,1000000US170317201002027,90,70,15,0,0,0,5,85,0,5,20,0,42,42,0,125,0,0
35986,1000000US170317201002028,9,9,0,0,0,0,0,9,0,0,0,0,6,5,1,9,0,0
35987,1000000US170317201002029,15,7,8,0,0,0,0,15,0,0,8,0,6,6,0,17,0,0
35988,1000000US170317201002030,17,6,10,0,1,0,0,17,0,0,11,0,14,9,5,20,0,0
35989,1000000US170317201002031,92,56,28,0,1,0,8,84,0,8,36,1,53,46,7,111,0,1
35990,1000000US170317201002032,89,55,29,0,2,0,2,87,0,2,34,0,44,43,1,136,0,1
35991,1000000US170317201002033,0,0,0,0,0,0,0,0,0,0,0,0,0,0,0,0,0,0
35992,1000000US170317201002034,56,21,33,0,1,0,2,54,0,2,35,1,30,28,2,78,0,0
35993,1000000US170317201003000,10,2,8,0,0,0,0,10,0,0,8,0,4,4,0,10,0,0
35994,1000000US170317201003001,2,1,0,1,0,0,0,2,0,0,1,1,2,1,1,2,0,0
35995,1000000US170317201003002,73,29,39,0,1,0,4,69,0,4,44,0,34,30,4,97,0,0
35996,1000000US170317201003003,69,42,22,0,0,0,5,64,0,5,27,0,33,32,1,103,0,0
35997,1000000US170317201003004,43,35,7,0,1,0,0,43,0,0,8,0,19,19,0,58,0,0
35998,1000000US170317201003005,28,22,2,0,1,0,3,25,0,3,6,0,15,15,0,52,0,0
35999,1000000US170317201003006,35,24,6,0,2,0,3,32,0,3,11,1,17,17,0,50,0,0
36000,1000000US170317201003007,55,34,18,1,0,0,3,52,0,3,21,1,31,27,4,78,0,0
36001,1000000US170317201003008,32,17,14,0,0,0,1,31,0,1,15,0,17,17,0,49,0,0
36002,1000000US170317201003009,54,2,51,2,0,0,1,53,0,1,52,2,28,26,2,71,2,0
36003,1000000US170317201003010,69,2,67,0,0,0,0,69,0,0,67,0,32,30,2,83,0,0
36004,1000000US170317201003011,3,2,1,0,0,0,0,3,0,0,1,0,2,2,0,4,0,0
36005,1000000US170317201003012,58,8,48,0,1,1,0,58,0,0,50,2,26,25,1,75,0,0
36006,1000000US170317201003013,17,3,14,0,0,0,0,17,0,0,14,0,9,8,1,22,0,0
36007,1000000US170317201003014,17,11,4,0,0,0,2,15,0,2,6,0,8,7,1,21,0,0
36008,1000000US170317201003015,30,18,10,0,0,0,0,30,0,0,12,0,17,16,1,35,0,0
36009,1000000US170317201003016,74,45,21,0,0,0,8,66,0,8,29,0,35,34,1,93,0,0
36010,1000000US170317201003017,18,5,13,0,0,0,0,18,0,0,13,0,7,7,0,25,0,0
36011,1000000US170317202001000,29,2,27,5,0,0,0,29,0,0,27,5,13,12,1,30,5,0
36012,1000000US170317202001001,58,2,55,0,0,0,1,57,0,1,56,0,28,25,3,76,0,0
36013,1000000US170317202001002,62,15,46,1,0,0,0,62,0,0,47,0,29,29,0,76,1,0
36014,1000000US170317202001003,42,0,37,4,1,0,1,41,0,1,42,2,31,31,0,50,4,0
36015,1000000US170317202001004,47,5,42,0,0,0,1,46,0,1,42,0,32,32,0,50,0,1
36016,1000000US170317202001005,41,8,32,0,0,0,1,40,0,1,33,0,23,23,0,58,0,0
36017,1000000US170317202001006,75,41,21,0,2,0,11,64,0,11,34,1,47,38,9,92,0,0
36018,1000000US170317202001007,109,35,71,1,1,0,2,107,0,2,74,4,51,50,1,145,0,0
36019,1000000US170317202001008,128,22,104,7,0,0,3,125,0,3,106,6,67,62,5,173,3,2
36020,1000000US170317202001009,138,11,127,0,0,0,0,138,0,0,127,0,113,102,11,161,0,0
36021,1000000US170317202001010,11,3,7,1,0,0,0,11,0,0,8,0,9,7,2,22,1,0
36022,1000000US170317202002000,0,0,0,0,0,0,0,0,0,0,0,0,0,0,0,0,0,0
36023,1000000US170317202002001,41,2,36,0,0,1,2,39,0,2,39,0,23,20,3,47,0,0
36024,1000000US170317202002002,62,5,55,1,0,0,1,61,0,1,57,0,33,31,2,83,1,0
36025,1000000US170317202002003,58,2,53,2,0,0,2,56,0,2,56,1,23,21,2,70,1,0
36026,1000000US170317202002004,40,7,32,0,0,0,1,39,0,1,33,0,23,23,0,54,0,0
36027,1000000US170317202002005,92,17,70,3,2,0,3,89,0,3,75,6,49,45,4,125,0,0
36028,1000000US170317202002006,105,40,55,2,6,1,3,102,0,3,65,4,46,45,1,139,2,0
36029,1000000US170317202002007,98,47,49,2,0,0,2,96,0,2,51,2,49,45,4,121,2,0
36030,1000000US170317202002008,81,2,79,0,0,0,1,80,0,1,79,0,41,38,3,105,0,1
36031,1000000US170317202002009,70,4,66,0,0,0,1,69,0,1,66,0,34,33,1,117,0,1
36032,1000000US170317202002010,0,0,0,0,0,0,0,0,0,0,0,0,0,0,0,0,0,0
36033,1000000US170317202002011,0,0,0,0,0,0,0,0,0,0,0,0,0,0,0,0,0,0
36034,1000000US170317202002012,24,0,24,1,0,0,0,24,0,0,24,1,17,15,2,34,1,0
36035,1000000US170317202002013,0,0,0,0,0,0,0,0,0,0,0,0,0,0,0,0,0,0
36036,1000000US170317202002014,125,38,86,6,0,0,0,125,0,0,87,6,68,62,6,154,1,0
36037,1000000US170317202002015,11,0,11,0,0,0,0,11,0,0,11,0,6,4,2,13,0,0
36038,1000000US170317202003000,14,13,1,0,0,0,0,14,0,0,1,0,8,8,0,16,0,0
36039,1000000US170317202003001,22,10,9,0,0,0,3,19,0,3,12,0,10,9,1,30,0,0
36040,1000000US170317202003002,41,26,10,0,1,0,4,37,0,4,15,0,20,18,2,67,0,0
36041,1000000US170317202003003,57,41,14,1,0,0,2,55,0,2,16,1,38,38,0,79,1,0
36042,1000000US170317202003004,52,24,22,1,0,0,6,46,0,6,28,0,24,23,1,80,1,1
36043,1000000US170317202003005,29,25,4,0,0,0,1,28,0,1,4,0,12,12,0,44,0,1
36044,1000000US170317202003006,27,17,8,0,0,0,2,25,0,2,10,1,12,12,0,32,0,0
36045,1000000US170317202003007,27,19,8,0,0,0,0,27,0,0,8,0,12,12,0,40,0,0
36046,1000000US170317202003008,20,19,0,0,0,0,1,19,0,1,1,0,11,11,0,31,0,0
36047,1000000US170317202003009,57,37,20,0,0,1,0,57,0,0,20,2,24,24,0,72,0,0
36048,1000000US170317202003010,44,28,16,0,0,0,0,44,0,0,16,0,20,20,0,65,0,0
36049,1000000US170317202003011,31,28,2,0,1,0,0,31,0,0,3,2,14,14,0,37,0,0
36050,1000000US170317202003012,19,9,10,0,0,0,0,19,0,0,10,0,10,10,0,26,0,0
36051,1000000US170317202003013,11,9,2,0,0,0,0,11,0,0,2,0,5,5,0,16,0,0
36052,1000000US170317202003014,8,8,0,0,0,0,0,8,0,0,0,0,5,5,0,8,0,0
36053,1000000US170317202003015,35,18,15,0,0,0,2,33,0,2,17,1,21,19,2,40,0,0
36054,1000000US170317202003016,0,0,0,0,0,0,0,0,0,0,0,0,0,0,0,0,0,0
36055,1000000US170317202003017,0,0,0,0,0,0,0,0,0,0,0,0,0,0,0,0,0,0
36056,1000000US170317202003018,40,3,36,1,0,0,2,38,0,2,37,2,29,29,0,57,1,1
36057,1000000US170317202003019,23,10,9,0,2,0,2,21,0,2,13,1,11,10,1,42,0,0
36058,1000000US170317202003020,30,22,8,0,0,0,0,30,0,0,8,0,14,14,0,39,0,0
36059,1000000US170317202003021,28,23,4,1,0,0,0,28,0,0,5,1,12,12,0,39,1,0
36060,1000000US170317202003022,23,23,0,0,0,0,0,23,0,0,0,0,11,11,0,42,0,0
36061,1000000US170317202003023,44,41,2,0,0,0,1,43,0,1,3,0,20,19,1,67,0,0
36062,1000000US170317202003024,7,7,0,0,0,0,0,7,0,0,0,0,2,2,0,9,0,0
36063,1000000US170317202003025,20,16,3,0,0,0,3,17,0,3,4,3,10,8,2,25,0,2
36064,1000000US170317202003026,16,13,3,0,0,0,0,16,0,0,3,0,6,6,0,21,0,0
36065,1000000US170317202003027,54,25,24,0,0,0,5,49,0,5,29,0,26,26,0,69,0,0
36066,1000000US170317202003028,12,7,5,0,0,0,0,12,0,0,5,0,7,6,1,20,0,0
36067,1000000US170317202003029,60,51,0,0,0,0,9,51,0,9,9,0,26,26,0,84,0,0
36068,1000000US170317202003030,60,26,30,0,0,0,4,56,0,4,34,0,52,37,15,77,0,0
36069,1000000US170317202003031,47,30,14,0,0,0,1,46,0,1,17,0,22,21,1,59,0,0
36070,1000000US170317202003032,43,21,21,0,0,1,2,41,0,2,22,2,21,21,0,53,0,1
36071,1000000US170317202003033,71,19,50,0,0,0,3,68,0,3,52,0,32,31,1,93,0,1
36072,1000000US170317202003034,42,30,11,0,2,0,0,42,0,0,12,1,22,21,1,62,0,0
36073,1000000US170317202003035,4,3,0,0,0,0,1,3,0,1,1,0,2,2,0,7,0,0
36074,1000000US170317202003036,69,46,19,0,0,0,4,65,0,4,23,0,32,30,2,80,0,0
36075,1000000US170317202003037,0,0,0,0,0,0,0,0,0,0,0,0,0,0,0,0,0,0
36076,1000000US170317202003038,35,5,29,1,3,0,0,35,0,0,30,4,25,25,0,54,1,0
36077,1000000US170317202003039,18,2,15,1,0,0,0,18,0,0,16,2,5,5,0,20,0,0
36078,1000000US170317202003040,63,57,6,0,0,0,0,63,0,0,6,0,30,27,3,83,0,0
36079,1000000US170317202003041,8,0,8,0,0,0,0,8,0,0,8,0,3,3,0,8,0,0
36080,1000000US170317202003042,92,1,91,0,0,0,0,92,0,0,91,0,69,66,3,115,0,0
36081,1000000US170317202003043,0,0,0,0,0,0,0,0,0,0,0,0,0,0,0,0,0,0
36082,1000000US170317202003044,48,6,39,1,1,0,3,45,0,3,42,0,31,30,1,68,1,0
36083,1000000US170317202003045,36,33,3,0,0,0,0,36,0,0,3,0,15,15,0,45,0,0
36084,1000000US170317203001000,0,0,0,0,0,0,0,0,0,0,0,0,0,0,0,0,0,0
36085,1000000US170317203001001,12,4,5,0,3,0,0,12,0,0,8,0,10,9,1,14,0,0
36086,1000000US170317203001002,30,8,22,0,0,0,0,30,0,0,22,0,11,11,0,38,0,0
36087,1000000US170317203001003,25,16,7,0,0,0,1,24,0,1,9,0,11,11,0,31,0,1
36088,1000000US170317203001004,25,24,1,0,0,0,0,25,0,0,1,0,12,11,1,31,0,0
36089,1000000US170317203001005,30,21,8,0,0,0,1,29,0,1,9,0,13,13,0,37,0,0
36090,1000000US170317203001006,30,16,12,0,0,0,2,28,0,2,14,0,12,12,0,38,0,0
36091,1000000US170317203001007,22,4,18,0,0,0,0,22,0,0,18,0,11,10,1,26,0,0
36092,1000000US170317203001008,28,7,20,0,0,0,1,27,0,1,21,0,11,11,0,38,0,0
36093,1000000US170317203001009,26,19,7,0,0,0,0,26,0,0,7,1,14,13,1,31,0,0
36094,1000000US170317203001010,34,27,5,0,2,0,0,34,0,0,7,1,15,15,0,44,0,0
36095,1000000US170317203001011,29,21,8,0,0,0,0,29,0,0,8,0,14,13,1,38,0,0
36096,1000000US170317203001012,39,30,6,0,1,0,2,37,0,2,9,0,15,15,0,46,0,0
36097,1000000US170317203001013,24,22,0,0,0,0,2,22,0,2,2,0,14,14,0,30,0,0
36098,1000000US170317203001014,31,24,6,0,3,0,0,31,0,0,7,2,16,15,1,43,0,0
36099,1000000US170317203001015,30,25,5,0,0,0,0,30,0,0,5,0,14,14,0,43,0,0
36100,1000000US170317203001016,36,23,8,0,1,0,4,32,0,4,13,0,22,22,0,50,0,0
36101,1000000US170317203001017,43,36,4,0,1,0,2,41,0,2,7,2,21,21,0,50,0,0
36102,1000000US170317203001018,47,39,6,0,1,0,1,46,0,1,8,0,22,22,0,63,0,0
36103,1000000US170317203001019,49,41,5,0,1,0,1,48,0,1,8,0,20,20,0,68,0,0
36104,1000000US170317203001020,37,33,0,0,0,0,4,33,0,4,4,0,19,18,1,43,0,0
36105,1000000US170317203001021,45,44,1,0,0,0,0,45,0,0,1,1,21,21,0,60,0,0
36106,1000000US170317203002000,0,0,0,0,0,0,0,0,0,0,0,0,1,0,1,0,0,0
36107,1000000US170317203002001,0,0,0,0,0,0,0,0,0,0,0,0,0,0,0,0,0,0
36108,1000000US170317203002002,0,0,0,0,0,0,0,0,0,0,0,0,0,0,0,0,0,0
36109,1000000US170317203002003,0,0,0,0,0,0,0,0,0,0,0,0,0,0,0,0,0,0
36110,1000000US170317203002004,0,0,0,0,0,0,0,0,0,0,0,0,0,0,0,0,0,0
36111,1000000US170317203002005,0,0,0,0,0,0,0,0,0,0,0,0,0,0,0,0,0,0
36112,1000000US170317203002006,16,2,14,3,0,0,0,16,0,0,14,3,12,10,2,19,3,0
36113,1000000US170317203002007,26,7,19,0,0,0,0,26,0,0,19,0,11,11,0,32,0,0
36114,1000000US170317203002008,22,3,19,0,0,0,0,22,0,0,19,0,11,11,0,32,0,0
36115,1000000US170317203002009,27,7,17,0,4,0,2,25,0,2,20,5,11,11,0,37,0,0
36116,1000000US170317203002010,22,14,8,0,0,0,0,22,0,0,8,0,11,11,0,33,0,0
36117,1000000US170317203002011,18,9,9,0,0,0,0,18,0,0,9,0,9,9,0,25,0,0
36118,1000000US170317203002012,17,4,13,0,0,0,2,15,0,2,13,0,9,8,1,24,0,2
36119,1000000US170317203002013,24,12,7,0,0,0,5,19,0,5,12,0,11,10,1,28,0,0
36120,1000000US170317203002014,20,15,5,0,0,0,0,20,0,0,5,0,10,10,0,26,0,0
36121,1000000US170317203002015,19,13,2,0,0,0,4,15,0,4,6,0,11,10,1,29,0,0
36122,1000000US170317203002016,21,9,11,0,0,0,1,20,0,1,12,2,9,9,0,33,0,0
36123,1000000US170317203002017,27,25,2,0,0,0,0,27,0,0,2,0,13,13,0,30,0,0
36124,1000000US170317203002018,34,27,7,0,0,0,0,34,0,0,7,0,14,14,0,40,0,0
36125,1000000US170317203002019,35,21,14,0,0,0,0,35,0,0,14,0,16,16,0,46,0,0
36126,1000000US170317203002020,36,28,6,0,0,0,2,34,0,2,8,0,15,15,0,44,0,0
36127,1000000US170317203002021,26,20,6,0,0,0,0,26,0,0,6,0,13,13,0,38,0,0
36128,1000000US170317203002022,21,12,9,0,0,0,0,21,0,0,9,0,13,10,3,23,0,0
36129,1000000US170317203002023,23,8,15,0,0,0,0,23,0,0,15,0,13,12,1,28,0,0
36130,1000000US170317203002024,23,10,9,0,0,0,4,19,0,4,13,0,13,12,1,26,0,0
36131,1000000US170317203002025,31,7,20,1,3,0,1,30,0,1,24,1,16,16,0,46,0,0
36132,1000000US170317203002026,38,11,25,1,0,0,1,37,0,1,27,1,18,18,0,49,0,0
36133,1000000US170317203002027,21,8,13,0,0,0,0,21,0,0,13,0,12,10,2,27,0,0
36134,1000000US170317203002028,0,0,0,0,0,0,0,0,0,0,0,0,0,0,0,0,0,0
36135,1000000US170317203003000,51,45,6,0,0,0,0,51,0,0,6,1,23,22,1,71,0,0
36136,1000000US170317203003001,53,42,4,0,3,0,4,49,0,4,11,0,23,23,0,74,0,0
36137,1000000US170317203003002,46,42,2,0,0,0,2,44,0,2,4,0,21,21,0,55,0,0
36138,1000000US170317203003003,57,41,11,0,0,0,5,52,0,5,16,0,26,25,1,79,0,0
36139,1000000US170317203003004,27,22,4,0,1,0,0,27,0,0,5,0,12,11,1,46,0,0
36140,1000000US170317203003005,23,6,17,0,0,0,0,23,0,0,17,0,13,12,1,32,0,0
36141,1000000US170317203003006,13,0,13,0,0,0,0,13,0,0,13,0,8,7,1,18,0,0
36142,1000000US170317203003007,0,0,0,0,0,0,0,0,0,0,0,0,0,0,0,0,0,0
36143,1000000US170317203003008,6,2,3,0,0,0,1,5,0,1,4,0,4,4,0,6,0,0
36144,1000000US170317203003009,32,28,0,0,0,2,2,30,0,2,4,0,15,14,1,39,0,0
36145,1000000US170317203003010,25,16,9,0,0,0,0,25,0,0,9,0,15,15,0,35,0,0
36146,1000000US170317203003011,32,19,13,0,0,0,0,32,0,0,13,0,19,19,0,38,0,0
36147,1000000US170317203003012,49,37,9,0,0,0,3,46,0,3,12,0,27,24,3,67,0,0
36148,1000000US170317203003013,46,35,10,1,0,0,0,46,0,0,11,1,23,23,0,66,1,0
36149,1000000US170317203003014,0,0,0,0,0,0,0,0,0,0,0,0,0,0,0,0,0,0
36150,1000000US170317203003015,53,34,17,0,0,0,4,49,0,4,19,0,21,21,0,77,0,2
36151,1000000US170317203003016,28,26,1,0,0,0,1,27,0,1,2,0,11,11,0,38,0,0
36152,1000000US170317203003017,21,16,4,0,0,0,1,20,0,1,5,0,12,12,0,33,0,0
36153,1000000US170317203003018,28,24,3,0,0,0,1,27,0,1,4,0,14,14,0,43,0,0
36154,1000000US170317203003019,25,15,6,0,0,0,4,21,0,4,10,0,13,13,0,35,0,0
36155,1000000US170317203003020,30,18,12,0,0,0,0,30,0,0,12,0,13,13,0,33,0,0
36156,1000000US170317203003021,6,0,3,0,1,0,3,3,0,3,6,1,2,2,0,6,0,0
36157,1000000US170317203003022,1,0,0,0,1,0,0,1,0,0,1,0,1,1,0,1,0,0
36158,1000000US170317203003023,25,18,4,0,1,0,2,23,0,2,7,0,14,14,0,35,0,0
36159,1000000US170317203003024,36,26,2,0,0,0,8,28,0,8,10,2,14,14,0,42,0,0
36160,1000000US170317203003025,29,26,3,0,0,0,0,29,0,0,3,0,14,14,0,40,0,0
36161,1000000US170317203003026,33,26,7,0,0,0,0,33,0,0,7,0,14,14,0,40,0,0
36162,1000000US170317203003027,23,17,3,0,0,0,3,20,0,3,6,0,11,11,0,39,0,0
36163,1000000US170317203003028,18,15,1,0,0,0,3,15,0,3,3,0,6,6,0,24,0,1
36164,1000000US170317203003029,26,15,5,1,2,0,5,21,0,5,11,1,10,10,0,44,0,1
36165,1000000US170317203003030,19,11,8,0,0,0,0,19,0,0,8,0,10,9,1,32,0,0
36166,1000000US170317203003031,42,36,2,2,0,0,4,38,0,4,6,1,22,21,1,65,1,0
36167,1000000US170317203003032,53,52,0,0,0,0,1,52,0,1,1,0,26,24,2,82,0,0
36168,1000000US170317203003033,16,16,0,0,0,0,0,16,0,0,0,0,8,8,0,21,0,0
36169,1000000US170317203003034,11,10,1,0,0,0,1,10,0,1,1,0,5,5,0,17,0,1
36170,1000000US170317203004000,32,21,11,0,0,0,0,32,0,0,11,1,13,13,0,42,0,0
36171,1000000US170317203004001,22,21,1,0,0,0,0,22,0,0,1,0,15,14,1,27,0,0
36172,1000000US170317203004002,28,21,4,0,0,0,3,25,0,3,7,0,14,14,0,43,0,0
36173,1000000US170317203004003,29,22,6,0,0,0,1,28,0,1,7,0,14,14,0,42,0,0
36174,1000000US170317203004004,46,18,28,0,0,0,0,46,0,0,28,0,25,24,1,56,0,0
36175,1000000US170317203004005,50,10,38,2,2,2,3,47,0,3,40,2,25,24,1,64,0,1
36176,1000000US170317203004006,56,28,27,0,0,0,1,55,0,1,28,0,32,30,2,71,0,0
36177,1000000US170317203004007,63,15,45,0,0,0,2,61,0,2,48,0,31,31,0,74,0,0
36178,1000000US170317203004008,69,19,49,0,0,0,1,68,0,1,50,0,34,34,0,89,0,0
36179,1000000US170317203004009,20,18,0,0,0,0,0,20,0,0,2,0,9,8,1,22,0,0
36180,1000000US170317203004010,26,18,7,0,1,0,0,26,0,0,8,0,12,12,0,37,0,0
36181,1000000US170317203004011,17,17,0,0,0,0,0,17,0,0,0,0,12,10,2,25,0,0
36182,1000000US170317203004012,27,14,12,0,0,0,1,26,0,1,13,0,12,12,0,45,0,0
36183,1000000US170317203004013,43,28,11,0,0,0,4,39,0,4,15,0,20,20,0,63,0,0
36184,1000000US170317203004014,54,35,18,2,1,0,1,53,0,1,19,3,26,26,0,73,0,0
36185,1000000US170317204001000,2,1,1,0,0,0,0,2,0,0,1,0,2,2,0,4,0,0
36186,1000000US170317204001001,28,21,4,1,0,0,3,25,0,3,7,0,13,12,1,35,1,0
36187,1000000US170317204001002,22,13,8,1,0,0,0,22,0,0,9,1,14,14,0,32,0,0
36188,1000000US170317204001003,30,30,0,0,0,0,0,30,0,0,0,0,15,15,0,34,0,0
36189,1000000US170317204001004,27,18,6,1,0,0,3,24,0,3,9,0,14,13,1,36,1,0
36190,1000000US170317204001005,45,35,10,0,0,0,0,45,0,0,10,0,21,21,0,61,0,0
36191,1000000US170317204001006,30,30,0,0,0,0,0,30,0,0,0,0,15,15,0,46,0,0
36192,1000000US170317204001007,2,2,0,0,0,0,0,2,0,0,0,0,2,2,0,2,0,0
36193,1000000US170317204001008,3,0,3,0,0,0,0,3,0,0,3,0,1,1,0,5,0,0
36194,1000000US170317204001009,31,20,9,0,0,0,2,29,0,2,11,0,15,15,0,50,0,0
36195,1000000US170317204001010,25,25,0,0,0,0,0,25,0,0,0,0,15,15,0,38,0,0
36196,1000000US170317204001011,32,32,0,0,0,0,0,32,0,0,0,0,15,15,0,46,0,0
36197,1000000US170317204001012,35,28,0,0,1,0,6,29,0,6,7,0,16,16,0,51,0,0
36198,1000000US170317204001013,36,27,5,0,0,0,4,32,0,4,9,0,16,16,0,45,0,0
36199,1000000US170317204001014,36,33,3,0,0,0,0,36,0,0,3,0,17,17,0,54,0,0
36200,1000000US170317204001015,118,114,0,1,1,0,2,116,0,2,4,2,68,65,3,164,0,0
36201,1000000US170317204001016,7,7,0,0,0,0,0,7,0,0,0,0,4,4,0,8,0,0
36202,1000000US170317204001017,27,27,0,0,0,0,0,27,0,0,0,0,11,9,2,32,0,0
36203,1000000US170317204001018,0,0,0,0,0,0,0,0,0,0,0,0,0,0,0,0,0,0
36204,1000000US170317204001019,22,18,2,1,0,0,1,21,0,1,4,1,12,12,0,25,0,0
36205,1000000US170317204002000,111,96,6,1,2,0,8,103,0,8,15,2,57,56,1,180,1,2
36206,1000000US170317204002001,13,8,5,0,0,0,1,12,0,1,5,0,7,7,0,15,0,1
36207,1000000US170317204002002,11,9,2,0,0,0,0,11,0,0,2,0,7,6,1,18,0,0
36208,1000000US170317204002003,14,7,7,0,0,0,0,14,0,0,7,0,6,6,0,22,0,0
36209,1000000US170317204002004,48,42,2,0,1,0,3,45,0,3,6,0,24,22,2,68,0,0
36210,1000000US170317204002005,23,21,2,0,0,0,0,23,0,0,2,0,12,12,0,28,0,0
36211,1000000US170317204002006,26,25,1,0,0,0,0,26,0,0,1,0,16,16,0,37,0,0
36212,1000000US170317204002007,31,31,0,0,0,0,0,31,0,0,0,0,17,16,1,41,0,0
36213,1000000US170317204002008,20,19,0,0,0,0,1,19,0,1,1,0,12,11,1,30,0,0
36214,1000000US170317204002009,20,18,0,2,0,0,2,18,0,2,2,2,12,12,0,34,0,0
36215,1000000US170317204002010,22,22,0,0,0,0,0,22,0,0,0,0,12,12,0,27,0,0
36216,1000000US170317204002011,21,17,0,0,0,0,4,17,0,4,4,0,13,11,2,28,0,0
36217,1000000US170317204002012,23,21,0,0,0,0,2,21,0,2,2,0,13,13,0,33,0,0
36218,1000000US170317204002013,28,21,2,1,1,0,4,24,0,4,7,1,14,13,1,35,0,0
36219,1000000US170317204002014,30,23,2,0,0,0,5,25,0,5,7,0,18,18,0,36,0,0
36220,1000000US170317204002015,23,22,1,0,0,0,0,23,0,0,1,0,17,16,1,40,0,0
36221,1000000US170317204002016,34,31,1,0,0,0,2,32,0,2,3,0,17,17,0,53,0,0
36222,1000000US170317204002017,26,23,0,0,2,0,1,25,0,1,3,0,17,17,0,37,0,0
36223,1000000US170317204002018,35,33,0,0,0,0,2,33,0,2,2,0,17,17,0,52,0,0
36224,1000000US170317204002019,29,28,0,0,0,0,1,28,0,1,1,0,17,17,0,33,0,0
36225,1000000US170317204002020,34,31,2,0,0,0,2,32,0,2,3,1,17,17,0,54,0,1
36226,1000000US170317204002021,26,25,1,0,0,0,0,26,0,0,1,1,17,16,1,42,0,0
36227,1000000US170317204002022,34,34,0,0,0,0,0,34,0,0,0,0,17,17,0,49,0,0
36228,1000000US170317204002023,34,29,3,2,0,0,0,34,0,0,5,0,18,18,0,44,2,0
36229,1000000US170317204002024,22,18,0,0,0,0,4,18,0,4,4,0,13,12,1,28,0,0
36230,1000000US170317204002025,20,18,0,0,0,0,2,18,0,2,2,0,12,11,1,27,0,0
36231,1000000US170317204002026,3,3,0,0,0,0,0,3,0,0,0,0,0,0,0,3,0,0
36232,1000000US170317204002027,16,14,1,0,0,0,1,15,0,1,2,1,11,11,0,25,0,0
36233,1000000US170317204002028,19,15,0,0,0,0,4,15,0,4,4,0,9,9,0,25,0,0
36234,1000000US170317204002029,12,12,0,0,0,0,0,12,0,0,0,0,7,7,0,12,0,0
36235,1000000US170317205001000,9,8,0,0,0,0,0,9,0,0,1,0,5,5,0,10,0,0
36236,1000000US170317205001001,25,18,7,0,0,0,0,25,0,0,7,0,12,12,0,39,0,0
36237,1000000US170317205001002,17,17,0,0,0,0,0,17,0,0,0,0,8,8,0,17,0,0
36238,1000000US170317205001003,32,31,0,0,0,0,1,31,0,1,1,0,14,14,0,41,0,0
36239,1000000US170317205001004,29,28,0,0,0,0,1,28,0,1,1,0,15,15,0,41,0,0
36240,1000000US170317205001005,19,19,0,0,0,0,0,19,0,0,0,0,11,10,1,25,0,0
36241,1000000US170317205001006,59,59,0,0,0,0,0,59,0,0,0,0,25,25,0,85,0,0
36242,1000000US170317205001007,0,0,0,0,0,0,0,0,0,0,0,0,0,0,0,0,0,0
36243,1000000US170317205001008,28,23,0,0,3,0,2,26,0,2,5,1,18,17,1,32,0,0
36244,1000000US170317205001009,34,31,2,0,0,0,1,33,0,1,3,0,15,15,0,43,0,0
36245,1000000US170317205001010,22,21,0,0,0,0,1,21,0,1,1,0,14,13,1,31,0,0
36246,1000000US170317205001011,8,8,0,0,0,0,0,8,0,0,0,0,3,3,0,9,0,0
36247,1000000US170317205001012,39,33,0,0,0,0,6,33,0,6,6,0,19,19,0,49,0,0
36248,1000000US170317205001013,13,13,0,0,0,0,0,13,0,0,0,0,6,6,0,18,0,0
36249,1000000US170317205001014,11,11,0,0,0,0,0,11,0,0,0,0,6,6,0,22,0,0
36250,1000000US170317205001015,25,25,0,0,0,0,0,25,0,0,0,0,11,11,0,40,0,0
36251,1000000US170317205001016,12,12,0,0,0,0,0,12,0,0,0,0,7,7,0,19,0,0
36252,1000000US170317205001017,0,0,0,0,0,0,0,0,0,0,0,0,0,0,0,0,0,0
36253,1000000US170317205001018,35,35,0,0,0,0,0,35,0,0,0,0,19,19,0,43,0,0
36254,1000000US170317205001019,20,17,0,1,0,0,2,18,0,2,3,1,12,11,1,34,0,0
36255,1000000US170317205001020,59,57,1,0,0,0,1,58,0,1,2,0,26,25,1,80,0,0
36256,1000000US170317205001021,15,14,1,0,0,0,0,15,0,0,1,0,7,7,0,21,0,0
36257,1000000US170317205001022,12,12,0,0,0,0,0,12,0,0,0,0,7,7,0,15,0,0
36258,1000000US170317205001023,9,9,0,0,0,0,0,9,0,0,0,0,6,6,0,12,0,0
36259,1000000US170317205001024,14,14,0,0,0,0,0,14,0,0,0,0,7,7,0,17,0,0
36260,1000000US170317205002000,0,0,0,0,0,0,0,0,0,0,0,0,0,0,0,0,0,0
36261,1000000US170317205002001,0,0,0,0,0,0,0,0,0,0,0,0,0,0,0,0,0,0
36262,1000000US170317205002002,11,9,2,0,0,0,0,11,0,0,2,0,7,7,0,14,0,0
36263,1000000US170317205002003,0,0,0,0,0,0,0,0,0,0,0,0,0,0,0,0,0,0
36264,1000000US170317205002004,8,8,0,0,0,0,0,8,0,0,0,0,5,5,0,10,0,0
36265,1000000US170317205002005,0,0,0,0,0,0,0,0,0,0,0,0,0,0,0,0,0,0
36266,1000000US170317205002006,8,8,0,0,0,0,0,8,0,0,0,0,4,4,0,8,0,0
36267,1000000US170317205002007,21,19,0,0,0,0,2,19,0,2,2,0,9,9,0,28,0,0
36268,1000000US170317205002008,26,24,0,2,0,0,0,26,0,0,2,0,11,11,0,43,2,0
36269,1000000US170317205002009,25,25,0,0,0,0,0,25,0,0,0,0,11,11,0,36,0,0
36270,1000000US170317205002010,26,26,0,0,0,0,0,26,0,0,0,0,11,11,0,37,0,0
36271,1000000US170317205002011,21,20,0,0,0,0,1,20,0,1,1,0,11,11,0,36,0,0
36272,1000000US170317205002012,26,24,1,1,1,0,0,26,0,0,2,1,11,11,0,38,1,0
36273,1000000US170317205002013,32,32,0,0,0,0,0,32,0,0,0,0,15,15,0,42,0,0
36274,1000000US170317205002014,2,2,0,0,0,0,0,2,0,0,0,0,1,1,0,2,0,0
36275,1000000US170317205002015,0,0,0,0,0,0,0,0,0,0,0,0,3,0,3,0,0,0
36276,1000000US170317205002016,61,41,13,0,0,0,7,54,0,7,20,2,47,47,0,76,0,0
36277,1000000US170317205002017,54,52,1,0,0,0,1,53,0,1,2,0,47,40,7,65,0,0
36278,1000000US170317205002018,28,27,0,0,0,0,1,27,0,1,1,0,15,15,0,39,0,0
36279,1000000US170317205002019,32,32,0,0,0,0,0,32,0,0,0,0,15,15,0,52,0,0
36280,1000000US170317205002020,28,28,0,0,0,0,0,28,0,0,0,0,15,15,0,54,0,0
36281,1000000US170317205002021,35,34,0,0,0,0,1,34,0,1,1,0,14,14,0,47,0,0
36282,1000000US170317205002022,12,10,1,0,0,0,1,11,0,1,2,0,6,6,0,18,0,0
36283,1000000US170317205002023,16,16,0,0,0,0,0,16,0,0,0,0,7,7,0,18,0,0
36284,1000000US170317205002024,18,18,0,0,0,0,0,18,0,0,0,0,6,6,0,27,0,0
36285,1000000US170317205002025,13,12,0,0,1,0,0,13,0,0,1,0,6,6,0,20,0,0
36286,1000000US170317205002026,13,13,0,0,0,0,0,13,0,0,0,0,6,6,0,34,0,0
36287,1000000US170317205002027,31,29,0,1,0,0,1,30,0,1,2,1,14,14,0,54,0,0
36288,1000000US170317205002028,26,26,0,0,0,0,0,26,0,0,0,0,14,14,0,42,0,0
36289,1000000US170317205002029,30,30,0,0,0,0,0,30,0,0,0,0,15,15,0,44,0,0
36290,1000000US170317205002030,33,30,2,0,0,0,1,32,0,1,3,1,14,14,0,55,0,0
36291,1000000US170317205002031,18,17,1,0,0,0,0,18,0,0,1,0,11,11,0,22,0,0
36292,1000000US170317205002032,37,30,7,0,0,0,0,37,0,0,7,0,23,21,2,44,0,0
36293,1000000US170317205002033,32,31,0,1,0,0,0,32,0,0,1,1,26,25,1,32,0,0
36294,1000000US170317205002034,21,20,0,0,0,0,1,20,0,1,1,0,15,14,1,23,0,0
36295,1000000US170317205002035,15,14,0,0,0,0,1,14,0,1,1,0,9,9,0,22,0,0
36296,1000000US170317205002036,14,11,0,0,2,0,1,13,0,1,3,1,8,8,0,18,0,0
36297,1000000US170317205002037,30,30,0,0,0,0,0,30,0,0,0,0,11,11,0,40,0,0
36298,1000000US170317205002038,22,20,0,0,0,0,2,20,0,2,2,0,12,12,0,38,0,0
36299,1000000US170317205002039,0,0,0,0,0,0,0,0,0,0,0,0,0,0,0,0,0,0
36300,1000000US170317205002040,0,0,0,0,0,0,0,0,0,0,0,0,0,0,0,0,0,0
36301,1000000US170317205002041,18,17,1,0,0,0,0,18,0,0,1,1,9,9,0,32,0,0
36302,1000000US170317205002042,25,20,5,0,0,0,0,25,0,0,5,0,13,13,0,36,0,0
36303,1000000US170317205002043,24,24,0,0,0,0,0,24,0,0,0,0,12,12,0,35,0,0
36304,1000000US170317205002044,23,15,6,0,0,0,2,21,0,2,8,0,11,11,0,29,0,0
36305,1000000US170317205002045,23,18,1,0,0,0,4,19,0,4,5,0,11,10,1,39,0,0
36306,1000000US170317205002046,15,15,0,0,0,0,0,15,0,0,0,0,6,6,0,20,0,0
36307,1000000US170317205002047,14,10,0,0,0,0,4,10,0,4,4,0,8,8,0,22,0,0
36308,1000000US170317205002048,24,23,0,0,0,0,1,23,0,1,1,1,11,11,0,32,0,0
36309,1000000US170317206001000,43,42,1,0,0,0,0,43,0,0,1,1,20,19,1,51,0,0
36310,1000000US170317206001001,21,20,0,0,0,0,1,20,0,1,1,0,9,9,0,34,0,0
36311,1000000US170317206001002,24,15,4,0,0,0,5,19,0,5,9,0,11,11,0,34,0,0
36312,1000000US170317206001003,24,23,0,0,0,0,1,23,0,1,1,0,12,12,0,33,0,0
36313,1000000US170317206001004,25,24,0,0,0,0,1,24,0,1,1,0,12,12,0,39,0,0
36314,1000000US170317206001005,8,3,4,0,0,0,0,8,0,0,5,0,5,5,0,13,0,0
36315,1000000US170317206001006,13,2,11,0,0,0,0,13,0,0,11,0,5,5,0,13,0,0
36316,1000000US170317206001007,14,8,4,0,0,0,2,12,0,2,6,1,7,7,0,21,0,0
36317,1000000US170317206001008,1,1,0,0,0,0,0,1,0,0,0,0,1,1,0,1,0,0
36318,1000000US170317206001009,13,9,4,0,0,0,0,13,0,0,4,0,9,9,0,16,0,0
36319,1000000US170317206001010,15,6,6,0,3,0,0,15,0,0,9,0,9,9,0,19,0,0
36320,1000000US170317206001011,18,18,0,0,0,0,0,18,0,0,0,0,9,9,0,26,0,0
36321,1000000US170317206001012,20,16,3,0,0,0,1,19,0,1,4,0,9,9,0,25,0,0
36322,1000000US170317206001013,20,20,0,0,0,0,0,20,0,0,0,0,8,8,0,31,0,0
36323,1000000US170317206001014,19,17,2,0,0,0,0,19,0,0,2,0,9,9,0,34,0,0
36324,1000000US170317206001015,17,17,0,0,0,0,0,17,0,0,0,0,9,9,0,25,0,0
36325,1000000US170317206001016,20,19,0,0,0,0,1,19,0,1,1,0,11,11,0,32,0,0
36326,1000000US170317206001017,24,22,2,0,0,0,0,24,0,0,2,0,11,10,1,30,0,0
36327,1000000US170317206001018,24,21,3,1,0,0,0,24,0,0,3,1,11,11,0,33,1,0
36328,1000000US170317206001019,27,25,2,0,0,0,0,27,0,0,2,0,10,10,0,37,0,0
36329,1000000US170317206001020,20,18,2,0,0,0,0,20,0,0,2,0,8,8,0,28,0,0
36330,1000000US170317206001021,37,35,0,0,0,0,2,35,0,2,2,0,20,18,2,63,0,0
36331,1000000US170317206001022,22,12,8,0,2,0,0,22,0,0,10,1,12,12,0,31,0,0
36332,1000000US170317206001023,21,19,1,0,1,0,0,21,0,0,2,1,11,11,0,31,0,0
36333,1000000US170317206001024,23,17,6,0,0,0,0,23,0,0,6,0,11,11,0,37,0,0
36334,1000000US170317206001025,21,19,0,0,0,0,2,19,0,2,2,0,11,11,0,28,0,0
36335,1000000US170317206001026,38,18,19,0,0,0,1,37,0,1,20,0,27,24,3,42,0,0
36336,1000000US170317206001027,47,11,30,1,0,0,6,41,0,6,36,2,29,27,2,61,0,0
36337,1000000US170317206001028,0,0,0,0,0,0,0,0,0,0,0,0,0,0,0,0,0,0
36338,1000000US170317206002000,47,40,7,0,0,0,0,47,0,0,7,1,18,18,0,74,0,0
36339,1000000US170317206002001,20,20,0,0,0,0,0,20,0,0,0,0,11,10,1,34,0,0
36340,1000000US170317206002002,27,20,5,0,0,0,2,25,0,2,7,0,13,13,0,35,0,0
36341,1000000US170317206002003,25,22,3,0,0,0,0,25,0,0,3,0,12,12,0,33,0,0
36342,1000000US170317206002004,23,22,0,0,1,0,0,23,0,0,1,0,12,12,0,30,0,0
36343,1000000US170317206002005,23,19,3,0,0,1,1,22,0,1,4,1,12,12,0,31,0,0
36344,1000000US170317206002006,36,27,8,0,0,0,1,35,0,1,9,0,13,13,0,43,0,0
36345,1000000US170317206002007,30,29,1,0,0,0,0,30,0,0,1,0,14,14,0,42,0,0
36346,1000000US170317206002008,21,16,5,0,0,0,0,21,0,0,5,0,9,9,0,27,0,0
36347,1000000US170317206002009,27,23,4,0,0,0,0,27,0,0,4,0,12,12,0,35,0,0
36348,1000000US170317206002010,22,13,5,2,0,0,2,20,0,2,9,2,14,14,0,26,0,0
36349,1000000US170317206002011,38,28,7,0,2,0,1,37,0,1,10,1,23,22,1,48,0,0
36350,1000000US170317206002012,0,0,0,0,0,0,0,0,0,0,0,0,0,0,0,0,0,0
36351,1000000US170317206002013,0,0,0,0,0,0,0,0,0,0,0,0,0,0,0,0,0,0
36352,1000000US170317206002014,32,20,10,0,0,0,1,31,0,1,12,1,18,18,0,38,0,0
36353,1000000US170317206002015,21,8,12,0,0,0,1,20,0,1,13,0,11,11,0,26,0,0
36354,1000000US170317206002016,23,15,7,0,0,0,1,22,0,1,8,0,11,10,1,36,0,0
36355,1000000US170317206002017,27,25,2,0,0,0,0,27,0,0,2,0,17,16,1,42,0,0
36356,1000000US170317206002018,23,17,6,0,0,0,0,23,0,0,6,0,9,9,0,28,0,0
36357,1000000US170317206002019,15,10,5,0,0,0,0,15,0,0,5,0,9,8,1,21,0,0
36358,1000000US170317206002020,21,14,6,1,0,0,0,21,0,0,7,1,10,10,0,30,0,0
36359,1000000US170317206002021,19,18,0,0,0,0,1,18,0,1,1,0,9,9,0,22,0,0
36360,1000000US170317206002022,25,20,3,0,0,0,2,23,0,2,5,0,10,10,0,30,0,0
36361,1000000US170317206002023,19,15,4,0,0,0,0,19,0,0,4,0,9,9,0,26,0,0
36362,1000000US170317206002024,36,27,7,0,2,0,0,36,0,0,9,0,20,19,1,52,0,0
36363,1000000US170317206002025,7,7,0,0,0,0,0,7,0,0,0,0,4,4,0,11,0,0
36364,1000000US170317206002026,14,8,6,0,0,0,1,13,0,1,6,2,7,6,1,18,0,1
36365,1000000US170317206002027,12,8,4,0,0,0,0,12,0,0,4,0,5,5,0,12,0,0
36366,1000000US170317206002028,13,10,2,0,1,0,0,13,0,0,3,0,6,6,0,14,0,0
36367,1000000US170317206002029,7,3,4,0,0,0,0,7,0,0,4,0,4,4,0,11,0,0
36368,1000000US170317206002030,9,5,2,0,0,0,2,7,0,2,4,0,7,7,0,13,0,0
36369,1000000US170317207001000,3,0,3,0,0,0,0,3,0,0,3,1,3,2,1,4,0,0
36370,1000000US170317207001001,127,64,58,0,1,1,5,122,0,5,63,1,114,92,22,145,0,1
36371,1000000US170317207001002,0,0,0,0,0,0,0,0,0,0,0,0,0,0,0,0,0,0
36372,1000000US170317207001003,0,0,0,0,0,0,0,0,0,0,0,0,0,0,0,0,0,0
36373,1000000US170317207001004,182,88,87,2,2,0,4,178,0,4,94,6,123,119,4,222,2,0
36374,1000000US170317207001005,88,61,26,0,0,1,0,88,0,0,27,0,41,40,1,128,0,0
36375,1000000US170317207001006,0,0,0,0,0,0,0,0,0,0,0,0,0,0,0,0,0,0
36376,1000000US170317207001007,0,0,0,0,0,0,0,0,0,0,0,0,0,0,0,0,0,0
36377,1000000US170317207001008,222,65,152,7,2,1,4,218,0,4,157,14,156,146,10,279,6,2
36378,1000000US170317207001009,32,10,22,0,0,0,0,32,0,0,22,0,15,15,0,42,0,0
36379,1000000US170317207001010,91,36,53,1,0,0,5,86,0,5,55,1,74,66,8,112,1,3
36380,1000000US170317207001011,67,35,27,0,0,0,5,62,0,5,32,0,53,50,3,77,0,0
36381,1000000US170317207001012,21,14,7,1,0,0,0,21,0,0,7,4,10,10,0,24,0,0
36382,1000000US170317207001013,55,15,38,0,1,0,1,54,0,1,40,1,32,29,3,79,0,0
36383,1000000US170317207001014,368,40,320,0,2,1,13,355,0,13,328,4,277,262,15,455,0,6
36384,1000000US170317207002000,0,0,0,0,0,0,0,0,0,0,0,0,0,0,0,0,0,0
36385,1000000US170317207002001,0,0,0,0,0,0,0,0,0,0,0,0,0,0,0,0,0,0
36386,1000000US170317207002002,3,0,3,0,0,0,0,3,0,0,3,0,3,3,0,4,0,0
36387,1000000US170317207002003,9,0,9,0,0,0,0,9,0,0,9,0,7,6,1,11,0,0
36388,1000000US170317207002004,29,1,28,2,0,0,1,28,0,1,28,2,12,12,0,40,2,1
36389,1000000US170317207002005,30,10,16,2,0,0,2,28,0,2,20,2,20,17,3,41,0,0
36390,1000000US170317207002006,9,0,9,0,0,0,0,9,0,0,9,0,5,5,0,9,0,0
36391,1000000US170317207002007,63,15,48,0,0,0,0,63,0,0,48,0,34,29,5,83,0,0
36392,1000000US170317207002008,27,2,25,1,0,0,0,27,0,0,25,2,15,14,1,29,1,0
36393,1000000US170317207002009,8,1,6,1,0,0,0,8,0,0,7,1,6,6,0,11,0,0
36394,1000000US170317207002010,0,0,0,0,0,0,0,0,0,0,0,0,0,0,0,0,0,0
36395,1000000US170317207002011,0,0,0,0,0,0,0,0,0,0,0,0,0,0,0,0,0,0
36396,1000000US170317207002012,17,0,17,0,0,0,0,17,0,0,17,0,9,8,1,25,0,0
36397,1000000US170317207002013,30,0,29,1,0,0,1,29,0,1,30,1,16,16,0,45,1,0
36398,1000000US170317207002014,97,6,89,0,0,0,3,94,0,3,91,1,50,43,7,135,0,1
36399,1000000US170317207002015,19,0,19,0,0,0,0,19,0,0,19,0,9,8,1,27,0,0
36400,1000000US170317207002016,125,14,108,2,2,0,4,121,0,4,111,4,63,60,3,175,2,2
36401,1000000US170317207002017,66,16,45,0,2,0,3,63,0,3,50,0,32,30,2,87,0,0
36402,1000000US170317207002018,51,19,29,0,0,0,3,48,0,3,32,2,22,21,1,64,0,0
36403,1000000US170317207002019,55,25,23,0,1,0,6,49,0,6,30,0,27,25,2,89,0,0
36404,1000000US170317207003000,118,52,61,1,2,0,3,115,0,3,66,0,64,63,1,157,1,1
36405,1000000US170317207003001,115,75,33,0,4,0,6,109,0,6,40,3,57,53,4,138,0,3
36406,1000000US170317207003002,110,78,26,0,0,0,9,101,0,9,32,0,54,53,1,138,0,3
36407,1000000US170317207003003,33,28,5,0,0,0,1,32,0,1,5,0,14,13,1,47,0,1
36408,1000000US170317207003004,17,16,0,0,0,0,1,16,0,1,1,0,8,8,0,26,0,0
36409,1000000US170317207003005,12,0,12,0,0,0,0,12,0,0,12,0,7,5,2,18,0,0
36410,1000000US170317207003006,20,8,12,0,0,0,0,20,0,0,12,0,11,10,1,32,0,0
36411,1000000US170317207003007,19,4,15,0,0,0,0,19,0,0,15,0,8,8,0,26,0,0
36412,1000000US170317207003008,19,13,6,0,0,0,0,19,0,0,6,0,9,8,1,27,0,0
36413,1000000US170317207003009,28,13,15,0,0,0,0,28,0,0,15,0,14,14,0,33,0,0
36414,1000000US170317207003010,19,14,4,0,0,0,1,18,0,1,5,1,10,10,0,19,0,0
36415,1000000US170317207003011,18,17,0,0,0,0,1,17,0,1,1,0,9,8,1,20,0,0
36416,1000000US170317207003012,16,3,13,0,0,0,0,16,0,0,13,0,9,9,0,26,0,0
36417,1000000US170317301001000,0,0,0,0,0,0,0,0,0,0,0,0,0,0,0,0,0,0
36418,1000000US170317301001001,48,0,48,1,0,0,0,48,0,0,48,1,21,21,0,69,1,0
36419,1000000US170317301001002,33,0,33,0,0,0,0,33,0,0,33,0,18,17,1,50,0,0
36420,1000000US170317301001003,44,0,44,4,1,0,0,44,0,0,44,4,24,22,2,57,1,0
36421,1000000US170317301001004,35,0,35,0,0,0,0,35,0,0,35,0,17,17,0,45,0,0
36422,1000000US170317301001005,31,0,31,0,0,0,0,31,0,0,31,0,17,16,1,37,0,0
36423,1000000US170317301001006,44,0,44,0,0,0,0,44,0,0,44,0,22,19,3,57,0,0
36424,1000000US170317301001007,30,0,30,0,0,0,0,30,0,0,30,0,17,15,2,33,0,0
36425,1000000US170317301001008,50,0,50,0,0,0,0,50,0,0,50,0,22,22,0,73,0,0
36426,1000000US170317301001009,0,0,0,0,0,0,0,0,0,0,0,0,0,0,0,0,0,0
36427,1000000US170317301001010,0,0,0,0,0,0,0,0,0,0,0,0,0,0,0,0,0,0
36428,1000000US170317301001011,48,0,48,0,0,0,0,48,0,0,48,0,22,21,1,61,0,0
36429,1000000US170317301001012,30,0,30,1,0,0,1,29,0,1,30,1,19,16,3,37,0,1
36430,1000000US170317301001013,41,0,41,0,0,0,0,41,0,0,41,0,21,20,1,50,0,0
36431,1000000US170317301001014,31,0,31,0,0,0,0,31,0,0,31,0,18,17,1,36,0,0
36432,1000000US170317301001015,30,0,29,1,0,0,0,30,0,0,30,0,14,14,0,50,1,0
36433,1000000US170317301001016,30,0,30,0,0,0,0,30,0,0,30,0,15,15,0,30,0,0
36434,1000000US170317301001017,38,0,38,0,0,0,0,38,0,0,38,1,19,17,2,46,0,0
36435,1000000US170317301001018,27,0,27,0,0,0,0,27,0,0,27,0,17,15,2,30,0,0
36436,1000000US170317301001019,0,0,0,0,0,0,0,0,0,0,0,0,0,0,0,0,0,0
36437,1000000US170317301002000,28,0,27,1,0,0,2,26,0,2,28,0,17,17,0,36,1,1
36438,1000000US170317301002001,29,0,29,0,0,0,0,29,0,0,29,0,17,16,1,34,0,0
36439,1000000US170317301002002,0,0,0,0,0,0,0,0,0,0,0,0,0,0,0,0,0,0
36440,1000000US170317301002003,36,0,36,0,0,0,0,36,0,0,36,0,18,18,0,47,0,0
36441,1000000US170317301002004,46,2,43,1,0,0,1,45,0,1,44,0,20,20,0,53,1,0
36442,1000000US170317301002005,36,0,36,1,0,0,0,36,0,0,36,1,18,18,0,41,1,0
36443,1000000US170317301002006,32,0,32,0,0,0,4,28,0,4,32,2,18,16,2,41,0,4
36444,1000000US170317301002007,41,0,41,0,0,0,0,41,0,0,41,0,20,18,2,58,0,0
36445,1000000US170317301002008,23,0,23,0,0,0,0,23,0,0,23,0,12,11,1,33,0,0
36446,1000000US170317301002009,19,0,19,0,0,0,0,19,0,0,19,0,14,10,4,25,0,0
36447,1000000US170317301002010,20,0,20,1,0,0,0,20,0,0,20,2,13,13,0,36,1,0
36448,1000000US170317301002011,24,1,23,0,0,0,0,24,0,0,23,0,12,12,0,28,0,0
36449,1000000US170317301002012,25,0,25,0,0,0,1,24,0,1,25,0,14,13,1,32,0,1
36450,1000000US170317301002013,23,0,23,0,0,0,0,23,0,0,23,1,12,11,1,30,0,0
36451,1000000US170317301002014,28,1,27,0,1,0,0,28,0,0,27,5,14,14,0,33,0,0
36452,1000000US170317301002015,41,0,41,0,0,0,0,41,0,0,41,0,15,15,0,45,0,0
36453,1000000US170317301002016,20,0,20,0,0,0,0,20,0,0,20,0,12,11,1,25,0,0
36454,1000000US170317301002017,21,0,21,0,0,0,0,21,0,0,21,0,12,12,0,27,0,0
36455,1000000US170317301002018,0,0,0,0,0,0,0,0,0,0,0,0,0,0,0,0,0,0
36456,1000000US170317301002019,11,0,9,0,0,0,3,8,0,3,11,1,8,5,3,11,0,1
36457,1000000US170317301002020,4,0,4,0,0,0,0,4,0,0,4,0,4,3,1,4,0,0
36458,1000000US170317301002021,10,0,10,0,0,0,0,10,0,0,10,0,7,6,1,11,0,0
36459,1000000US170317301002022,0,0,0,0,0,0,0,0,0,0,0,0,0,0,0,0,0,0
36460,1000000US170317301002023,41,0,39,2,0,0,0,41,0,0,41,0,18,18,0,59,2,0
36461,1000000US170317301003000,40,1,39,0,0,0,0,40,0,0,39,0,18,18,0,48,0,0
36462,1000000US170317301003001,29,1,28,0,0,0,0,29,0,0,28,0,16,16,0,44,0,0
36463,1000000US170317301003002,35,0,35,0,0,0,0,35,0,0,35,0,18,18,0,53,0,0
36464,1000000US170317301003003,31,0,31,0,0,0,0,31,0,0,31,0,19,17,2,42,0,0
36465,1000000US170317301003004,38,0,38,0,0,0,0,38,0,0,38,0,17,17,0,44,0,0
36466,1000000US170317301003005,43,1,42,0,0,0,0,43,0,0,42,0,19,18,1,56,0,0
36467,1000000US170317301003006,36,0,36,0,0,0,0,36,0,0,36,0,19,17,2,45,0,0
36468,1000000US170317301003007,34,0,33,1,0,0,0,34,0,0,34,0,19,19,0,43,1,0
36469,1000000US170317301003008,38,0,38,0,0,0,0,38,0,0,38,0,20,20,0,48,0,0
36470,1000000US170317301003009,43,0,43,0,0,0,0,43,0,0,43,0,19,18,1,62,0,0
36471,1000000US170317301003010,33,0,33,0,0,0,0,33,0,0,33,0,17,16,1,41,0,0
36472,1000000US170317301003011,34,0,34,0,1,0,0,34,0,0,34,1,17,17,0,47,0,0
36473,1000000US170317301003012,46,0,46,0,0,0,0,46,0,0,46,0,19,18,1,64,0,0
36474,1000000US170317301003013,35,0,35,0,0,0,0,35,0,0,35,0,18,17,1,43,0,0
36475,1000000US170317301003014,46,0,46,1,0,0,0,46,0,0,46,1,19,17,2,59,1,0
36476,1000000US170317301003015,28,0,28,0,0,0,0,28,0,0,28,0,16,15,1,39,0,0
36477,1000000US170317301003016,36,0,36,0,0,0,0,36,0,0,36,0,17,17,0,47,0,0
36478,1000000US170317301003017,15,0,15,0,0,0,0,15,0,0,15,0,8,8,0,20,0,0
36479,1000000US170317301003018,41,0,41,0,0,0,0,41,0,0,41,1,20,19,1,56,0,0
36480,1000000US170317301003019,41,0,41,0,0,0,0,41,0,0,41,0,19,17,2,53,0,0
36481,1000000US170317302011000,75,1,73,1,0,0,1,74,0,1,74,0,52,50,2,86,1,0
36482,1000000US170317302011001,65,0,65,0,0,0,0,65,0,0,65,0,49,45,4,82,0,0
36483,1000000US170317302011002,64,0,64,0,0,0,0,64,0,0,64,0,30,28,2,81,0,0
36484,1000000US170317302011003,26,0,26,1,0,0,0,26,0,0,26,1,11,10,1,36,1,0
36485,1000000US170317302011004,38,0,38,0,0,0,0,38,0,0,38,0,28,24,4,49,0,0
36486,1000000US170317302011005,0,0,0,0,0,0,0,0,0,0,0,0,0,0,0,0,0,0
36487,1000000US170317302011006,2,0,2,2,0,0,0,2,0,0,2,2,1,1,0,2,2,0
36488,1000000US170317302011007,24,0,24,0,0,0,0,24,0,0,24,0,14,14,0,26,0,0
36489,1000000US170317302011008,41,0,41,0,0,0,0,41,0,0,41,0,24,18,6,54,0,0
36490,1000000US170317302011009,41,0,41,0,0,0,0,41,0,0,41,0,25,23,2,44,0,0
36491,1000000US170317302011010,83,0,83,4,0,0,0,83,0,0,83,4,62,47,15,94,4,0
36492,1000000US170317302011011,76,0,76,0,0,0,0,76,0,0,76,1,47,40,7,102,0,0
36493,1000000US170317302011012,37,0,37,0,0,0,0,37,0,0,37,0,24,22,2,46,0,0
36494,1000000US170317302011013,53,0,53,0,0,0,0,53,0,0,53,0,33,30,3,63,0,0
36495,1000000US170317302011014,105,0,105,0,1,0,2,103,0,2,105,6,67,62,5,149,0,2
36496,1000000US170317302011015,37,1,36,0,0,0,0,37,0,0,36,0,20,18,2,47,0,0
36497,1000000US170317302011016,69,0,69,0,0,0,0,69,0,0,69,0,35,35,0,87,0,0
36498,1000000US170317302011017,16,0,16,0,0,0,0,16,0,0,16,0,27,13,14,19,0,0
36499,1000000US170317302011018,9,0,9,3,0,0,0,9,0,0,9,3,11,6,5,9,3,0
36500,1000000US170317302011019,0,0,0,0,0,0,0,0,0,0,0,0,0,0,0,0,0,0
36501,1000000US170317302011020,0,0,0,0,0,0,0,0,0,0,0,0,3,0,3,0,0,0
36502,1000000US170317302012000,44,0,44,0,0,0,0,44,0,0,44,0,18,17,1,68,0,0
36503,1000000US170317302012001,38,0,38,0,0,0,0,38,0,0,38,0,17,16,1,51,0,0
36504,1000000US170317302012002,0,0,0,0,0,0,0,0,0,0,0,0,0,0,0,0,0,0
36505,1000000US170317302012003,0,0,0,0,0,0,0,0,0,0,0,0,0,0,0,0,0,0
36506,1000000US170317302012004,0,0,0,0,0,0,0,0,0,0,0,0,0,0,0,0,0,0
36507,1000000US170317302012005,0,0,0,0,0,0,0,0,0,0,0,0,0,0,0,0,0,0
36508,1000000US170317302012006,103,1,102,0,0,0,0,103,0,0,102,0,54,48,6,127,0,0
36509,1000000US170317302012007,46,0,46,0,0,0,0,46,0,0,46,0,22,18,4,55,0,0
36510,1000000US170317302012008,44,0,44,0,0,0,0,44,0,0,44,0,18,17,1,66,0,0
36511,1000000US170317302012009,0,0,0,0,0,0,0,0,0,0,0,0,0,0,0,0,0,0
36512,1000000US170317302012010,0,0,0,0,0,0,0,0,0,0,0,0,0,0,0,0,0,0
36513,1000000US170317302012011,47,0,47,0,0,0,0,47,0,0,47,0,20,19,1,65,0,0
36514,1000000US170317302012012,42,0,42,0,0,0,0,42,0,0,42,0,19,17,2,62,0,0
36515,1000000US170317302012013,48,0,48,0,0,0,0,48,0,0,48,0,21,20,1,58,0,0
36516,1000000US170317302012014,49,0,49,0,0,0,0,49,0,0,49,0,19,19,0,56,0,0
36517,1000000US170317302012015,43,0,43,0,0,0,0,43,0,0,43,0,19,17,2,64,0,0
36518,1000000US170317302012016,52,0,49,1,0,0,3,49,0,3,52,0,18,18,0,78,1,0
36519,1000000US170317302012017,54,0,54,0,0,0,0,54,0,0,54,0,20,18,2,64,0,0
36520,1000000US170317302012018,36,0,36,0,0,0,0,36,0,0,36,0,19,19,0,50,0,0
36521,1000000US170317302012019,59,0,59,0,0,0,1,58,0,1,59,0,20,20,0,74,0,1
36522,1000000US170317302012020,39,0,39,0,0,0,0,39,0,0,39,0,15,14,1,55,0,0
36523,1000000US170317302012021,34,0,34,0,0,0,0,34,0,0,34,1,15,14,1,45,0,0
36524,1000000US170317302012022,33,0,33,0,0,0,0,33,0,0,33,0,12,12,0,47,0,0
36525,1000000US170317302012023,46,0,46,0,0,0,0,46,0,0,46,0,15,14,1,57,0,0
36526,1000000US170317302012024,0,0,0,0,0,0,0,0,0,0,0,0,0,0,0,0,0,0
36527,1000000US170317302012025,0,0,0,0,0,0,0,0,0,0,0,0,0,0,0,0,0,0
36528,1000000US170317302013000,0,0,0,0,0,0,0,0,0,0,0,0,0,0,0,0,0,0
36529,1000000US170317302013001,0,0,0,0,0,0,0,0,0,0,0,0,0,0,0,0,0,0
36530,1000000US170317302013002,0,0,0,0,0,0,0,0,0,0,0,0,0,0,0,0,0,0
36531,1000000US170317302013003,0,0,0,0,0,0,0,0,0,0,0,0,0,0,0,0,0,0
36532,1000000US170317302013004,0,0,0,0,0,0,0,0,0,0,0,0,0,0,0,0,0,0
36533,1000000US170317302013005,0,0,0,0,0,0,0,0,0,0,0,0,0,0,0,0,0,0
36534,1000000US170317302013006,0,0,0,0,0,0,0,0,0,0,0,0,0,0,0,0,0,0
36535,1000000US170317302013007,0,0,0,0,0,0,0,0,0,0,0,0,0,0,0,0,0,0
36536,1000000US170317302013008,33,0,33,0,0,0,0,33,0,0,33,0,15,15,0,36,0,0
36537,1000000US170317302013009,0,0,0,0,0,0,0,0,0,0,0,0,0,0,0,0,0,0
36538,1000000US170317302013010,43,0,43,0,0,0,0,43,0,0,43,0,29,25,4,51,0,0
36539,1000000US170317302013011,55,0,55,1,0,0,0,55,0,0,55,1,31,28,3,73,1,0
36540,1000000US170317302013012,44,0,44,0,0,0,0,44,0,0,44,0,19,19,0,65,0,0
36541,1000000US170317302013013,44,0,44,0,0,0,1,43,0,1,44,0,24,24,0,49,0,1
36542,1000000US170317302013014,41,0,41,0,0,0,0,41,0,0,41,0,20,18,2,54,0,0
36543,1000000US170317302013015,74,0,74,0,0,0,0,74,0,0,74,0,37,36,1,103,0,0
36544,1000000US170317302013016,84,0,84,0,0,0,0,84,0,0,84,0,59,49,10,97,0,0
36545,1000000US170317302013017,84,0,84,2,0,0,0,84,0,0,84,5,64,62,2,86,1,0
36546,1000000US170317302013018,32,0,31,0,0,0,1,31,0,1,32,2,13,13,0,53,0,0
36547,1000000US170317302013019,33,0,33,0,0,0,0,33,0,0,33,0,21,17,4,39,0,0
36548,1000000US170317302013020,137,0,135,2,0,0,0,137,0,0,137,0,100,76,24,190,2,0
36549,1000000US170317302013021,50,1,49,0,0,0,1,49,0,1,49,0,28,21,7,74,0,1
36550,1000000US170317302013022,71,0,70,2,1,0,1,70,0,1,71,2,49,49,0,89,2,1
36551,1000000US170317302013023,61,0,61,0,0,0,0,61,0,0,61,0,38,35,3,76,0,0
36552,1000000US170317302013024,62,0,62,2,0,0,3,59,0,3,62,3,34,34,0,76,0,3
36553,1000000US170317302013025,40,0,40,0,0,0,0,40,0,0,40,0,26,24,2,55,0,0
36554,1000000US170317302013026,55,1,54,0,0,0,1,54,0,1,54,0,42,33,9,76,0,1
36555,1000000US170317302014000,37,0,36,0,1,0,0,37,0,0,37,0,21,21,0,50,0,0
36556,1000000US170317302014001,31,0,31,0,0,0,0,31,0,0,31,0,15,14,1,40,0,0
36557,1000000US170317302014002,46,0,45,0,0,0,4,42,0,4,46,0,16,15,1,65,0,3
36558,1000000US170317302014003,0,0,0,0,0,0,0,0,0,0,0,0,0,0,0,0,0,0
36559,1000000US170317302014004,0,0,0,0,0,0,0,0,0,0,0,0,0,0,0,0,0,0
36560,1000000US170317302014005,0,0,0,0,0,0,0,0,0,0,0,0,0,0,0,0,0,0
36561,1000000US170317302014006,0,0,0,0,0,0,0,0,0,0,0,0,0,0,0,0,0,0
36562,1000000US170317302014007,0,0,0,0,0,0,0,0,0,0,0,0,0,0,0,0,0,0
36563,1000000US170317302014008,38,0,38,0,0,0,0,38,0,0,38,1,21,19,2,45,0,0
36564,1000000US170317302014009,117,0,117,0,0,0,0,117,0,0,117,0,75,66,9,151,0,0
36565,1000000US170317302014010,65,0,65,0,0,0,1,64,0,1,65,0,36,32,4,84,0,1
36566,1000000US170317302014011,106,0,106,0,0,0,0,106,0,0,106,0,71,62,9,145,0,0
36567,1000000US170317302014012,75,0,74,0,0,0,1,74,0,1,75,0,53,43,10,106,0,0
36568,1000000US170317302014013,99,0,97,1,0,0,0,99,0,0,99,1,70,62,8,128,1,0
36569,1000000US170317302014014,41,0,41,4,0,0,1,40,0,1,41,4,31,21,10,51,2,1
36570,1000000US170317302014015,80,0,80,0,0,0,0,80,0,0,80,1,55,46,9,101,0,0
36571,1000000US170317302014016,38,0,38,0,0,0,0,38,0,0,38,0,24,22,2,47,0,0
36572,1000000US170317302014017,50,0,49,0,1,0,0,50,0,0,50,0,23,23,0,64,0,0
36573,1000000US170317302014018,59,0,59,0,0,0,0,59,0,0,59,0,43,38,5,87,0,0
36574,1000000US170317302014019,19,0,19,0,0,0,0,19,0,0,19,0,21,15,6,23,0,0
36575,1000000US170317302014020,54,0,54,0,0,0,0,54,0,0,54,0,42,39,3,64,0,0
36576,1000000US170317302014021,27,0,27,0,0,0,0,27,0,0,27,0,14,13,1,29,0,0
36577,1000000US170317302014022,69,0,69,0,0,0,0,69,0,0,69,3,40,34,6,92,0,0
36578,1000000US170317302015000,48,0,48,1,0,0,1,47,0,1,48,2,17,17,0,60,1,1
36579,1000000US170317302015001,53,0,53,0,0,0,0,53,0,0,53,1,26,25,1,78,0,0
36580,1000000US170317302015002,53,0,53,3,0,0,0,53,0,0,53,4,30,29,1,60,0,0
36581,1000000US170317302015003,41,0,41,0,0,0,0,41,0,0,41,0,22,20,2,57,0,0
36582,1000000US170317302015004,48,0,48,0,0,0,0,48,0,0,48,0,25,24,1,56,0,0
36583,1000000US170317302015005,82,2,79,1,0,0,0,82,0,0,80,0,47,40,7,106,1,0
36584,1000000US170317302015006,27,1,26,0,0,0,0,27,0,0,26,0,16,15,1,38,0,0
36585,1000000US170317302015007,31,0,31,0,0,0,0,31,0,0,31,0,21,16,5,44,0,0
36586,1000000US170317302015008,37,0,37,0,0,0,0,37,0,0,37,0,17,17,0,43,0,0
36587,1000000US170317302015009,44,0,44,0,0,0,0,44,0,0,44,0,18,18,0,64,0,0
36588,1000000US170317302015010,38,0,38,0,0,0,0,38,0,0,38,0,17,16,1,55,0,0
36589,1000000US170317302015011,32,0,32,0,0,0,0,32,0,0,32,0,14,14,0,36,0,0
36590,1000000US170317302015012,28,0,28,0,0,0,0,28,0,0,28,0,14,12,2,42,0,0
36591,1000000US170317302015013,28,1,27,0,0,0,0,28,0,0,27,0,15,14,1,32,0,0
36592,1000000US170317302015014,41,0,41,0,0,0,0,41,0,0,41,0,17,17,0,52,0,0
36593,1000000US170317302015015,39,0,39,0,0,0,0,39,0,0,39,0,17,17,0,55,0,0
36594,1000000US170317302015016,24,0,24,0,0,0,0,24,0,0,24,0,10,7,3,29,0,0
36595,1000000US170317302015017,44,0,44,0,0,0,0,44,0,0,44,0,26,25,1,60,0,0
36596,1000000US170317302015018,18,0,18,0,0,0,0,18,0,0,18,0,13,12,1,23,0,0
36597,1000000US170317302015019,16,0,16,0,0,0,0,16,0,0,16,0,16,9,7,19,0,0
36598,1000000US170317302015020,0,0,0,0,0,0,0,0,0,0,0,0,0,0,0,0,0,0
36599,1000000US170317302021000,0,0,0,0,0,0,0,0,0,0,0,0,0,0,0,0,0,0
36600,1000000US170317302021001,0,0,0,0,0,0,0,0,0,0,0,0,0,0,0,0,0,0
36601,1000000US170317302021002,0,0,0,0,0,0,0,0,0,0,0,0,0,0,0,0,0,0
36602,1000000US170317302021003,1,0,1,0,0,0,0,1,0,0,1,0,1,1,0,1,0,0
36603,1000000US170317302021004,10,0,10,0,0,0,0,10,0,0,10,0,5,5,0,12,0,0
36604,1000000US170317302021005,30,0,30,0,0,0,0,30,0,0,30,0,15,13,2,42,0,0
36605,1000000US170317302021006,36,0,36,0,0,0,0,36,0,0,36,0,13,11,2,52,0,0
36606,1000000US170317302021007,21,0,21,0,0,0,0,21,0,0,21,0,15,12,3,32,0,0
36607,1000000US170317302021008,37,0,37,0,0,0,0,37,0,0,37,0,16,13,3,49,0,0
36608,1000000US170317302021009,35,0,35,0,0,0,1,34,0,1,35,0,19,15,4,48,0,1
36609,1000000US170317302021010,45,0,45,0,0,0,0,45,0,0,45,0,17,17,0,60,0,0
36610,1000000US170317302021011,37,0,37,0,0,0,0,37,0,0,37,0,19,19,0,44,0,0
36611,1000000US170317302021012,40,0,40,0,0,0,0,40,0,0,40,0,21,21,0,51,0,0
36612,1000000US170317302021013,29,0,29,0,0,0,0,29,0,0,29,0,15,13,2,44,0,0
36613,1000000US170317302021014,31,0,31,0,0,0,0,31,0,0,31,0,15,12,3,43,0,0
36614,1000000US170317302021015,37,0,37,0,0,0,0,37,0,0,37,0,20,18,2,57,0,0
36615,1000000US170317302021016,29,0,29,0,0,0,0,29,0,0,29,1,17,15,2,38,0,0
36616,1000000US170317302021017,38,1,37,0,0,0,0,38,0,0,37,0,17,17,0,47,0,0
36617,1000000US170317302021018,0,0,0,0,0,0,0,0,0,0,0,0,0,0,0,0,0,0
36618,1000000US170317302021019,0,0,0,0,0,0,0,0,0,0,0,0,0,0,0,0,0,0
36619,1000000US170317302021020,0,0,0,0,0,0,0,0,0,0,0,0,0,0,0,0,0,0
36620,1000000US170317302021021,0,0,0,0,0,0,0,0,0,0,0,0,0,0,0,0,0,0
36621,1000000US170317302021022,0,0,0,0,0,0,0,0,0,0,0,0,0,0,0,0,0,0
36622,1000000US170317302021023,25,0,25,0,0,0,0,25,0,0,25,0,14,13,1,35,0,0
36623,1000000US170317302021024,58,1,57,0,0,0,0,58,0,0,57,0,36,34,2,75,0,0
36624,1000000US170317302021025,59,0,57,1,1,0,0,59,0,0,59,2,38,36,2,76,1,0
36625,1000000US170317302021026,43,0,43,0,0,0,0,43,0,0,43,0,18,17,1,55,0,0
36626,1000000US170317302021027,34,1,33,1,0,0,0,34,0,0,33,5,18,17,1,46,1,0
36627,1000000US170317302021028,38,0,38,0,0,0,0,38,0,0,38,0,18,17,1,48,0,0
36628,1000000US170317302021029,28,0,28,0,0,0,0,28,0,0,28,0,18,14,4,36,0,0
36629,1000000US170317302021030,23,0,23,0,0,0,1,22,0,1,23,0,18,15,3,36,0,1
36630,1000000US170317302021031,0,0,0,0,0,0,0,0,0,0,0,0,0,0,0,0,0,0
36631,1000000US170317302021032,0,0,0,0,0,0,0,0,0,0,0,0,0,0,0,0,0,0
36632,1000000US170317302021033,0,0,0,0,0,0,0,0,0,0,0,0,0,0,0,0,0,0
36633,1000000US170317302021034,0,0,0,0,0,0,0,0,0,0,0,0,0,0,0,0,0,0
36634,1000000US170317302021035,7,0,7,0,0,0,0,7,0,0,7,0,4,4,0,8,0,0
36635,1000000US170317302021036,33,0,33,0,0,0,0,33,0,0,33,0,11,11,0,37,0,0
36636,1000000US170317302021037,26,0,26,0,0,0,0,26,0,0,26,0,11,11,0,30,0,0
36637,1000000US170317302021038,0,0,0,0,0,0,0,0,0,0,0,0,0,0,0,0,0,0
36638,1000000US170317302021039,16,0,16,0,0,0,0,16,0,0,16,0,7,7,0,20,0,0
36639,1000000US170317302021040,27,0,27,2,0,0,0,27,0,0,27,2,10,10,0,37,2,0
36640,1000000US170317302022000,0,0,0,0,0,0,0,0,0,0,0,0,0,0,0,0,0,0
36641,1000000US170317302022001,0,0,0,0,0,0,0,0,0,0,0,0,0,0,0,0,0,0
36642,1000000US170317302022002,54,0,50,0,0,0,4,50,0,4,54,0,18,18,0,71,0,0
36643,1000000US170317302022003,69,0,69,0,0,0,0,69,0,0,69,0,43,34,9,78,0,0
36644,1000000US170317302022004,57,0,57,1,0,0,0,57,0,0,57,1,31,31,0,67,1,0
36645,1000000US170317302022005,45,0,45,2,0,0,0,45,0,0,45,2,18,17,1,65,0,0
36646,1000000US170317302022006,39,0,39,1,0,0,1,38,0,1,39,1,19,17,2,48,1,1
36647,1000000US170317302022007,47,0,45,0,0,0,2,45,0,2,47,0,19,17,2,65,0,0
36648,1000000US170317302022008,44,0,44,0,0,0,0,44,0,0,44,0,20,19,1,51,0,0
36649,1000000US170317302022009,43,0,43,0,0,0,0,43,0,0,43,0,18,18,0,70,0,0
36650,1000000US170317302022010,43,1,42,0,0,0,0,43,0,0,42,0,18,17,1,59,0,0
36651,1000000US170317302022011,53,0,53,0,0,0,0,53,0,0,53,1,18,17,1,57,0,0
36652,1000000US170317302022012,49,0,49,0,0,0,1,48,0,1,49,3,20,20,0,60,0,1
36653,1000000US170317302022013,57,0,56,0,0,0,1,56,0,1,57,0,20,20,0,75,0,0
36654,1000000US170317302022014,47,0,47,0,0,0,0,47,0,0,47,0,20,19,1,64,0,0
36655,1000000US170317302022015,37,0,37,0,0,0,0,37,0,0,37,0,18,17,1,49,0,0
36656,1000000US170317302022016,46,0,46,0,0,0,0,46,0,0,46,0,20,20,0,58,0,0
36657,1000000US170317302022017,36,0,36,0,0,0,0,36,0,0,36,0,18,17,1,45,0,0
36658,1000000US170317302022018,30,0,30,0,0,0,0,30,0,0,30,1,13,12,1,37,0,0
36659,1000000US170317302022019,15,0,15,0,0,0,0,15,0,0,15,0,6,6,0,29,0,0
36660,1000000US170317302022020,10,0,10,0,0,0,0,10,0,0,10,0,6,6,0,12,0,0
36661,1000000US170317302022021,17,0,17,0,0,0,0,17,0,0,17,0,8,8,0,23,0,0
36662,1000000US170317302022022,26,0,26,0,0,0,0,26,0,0,26,0,12,11,1,28,0,0
36663,1000000US170317302022023,26,0,26,0,0,0,0,26,0,0,26,0,15,13,2,38,0,0
36664,1000000US170317302022024,0,0,0,0,0,0,0,0,0,0,0,0,0,0,0,0,0,0
36665,1000000US170317302023000,18,0,18,0,0,0,0,18,0,0,18,0,16,11,5,30,0,0
36666,1000000US170317302023001,38,0,37,1,0,0,0,38,0,0,38,0,18,15,3,44,1,0
36667,1000000US170317302023002,32,0,32,0,0,0,0,32,0,0,32,0,17,17,0,35,0,0
36668,1000000US170317302023003,31,0,31,0,0,0,0,31,0,0,31,0,16,16,0,37,0,0
36669,1000000US170317302023004,32,0,31,0,1,0,0,32,0,0,32,0,16,16,0,43,0,0
36670,1000000US170317302023005,25,0,25,0,0,0,0,25,0,0,25,0,16,14,2,35,0,0
36671,1000000US170317302023006,20,0,18,0,2,0,0,20,0,0,20,0,9,9,0,25,0,0
36672,1000000US170317302023007,21,0,21,0,0,0,0,21,0,0,21,0,10,10,0,27,0,0
36673,1000000US170317302023008,19,0,19,0,0,0,0,19,0,0,19,0,11,11,0,22,0,0
36674,1000000US170317302023009,20,0,20,0,0,0,0,20,0,0,20,0,11,11,0,21,0,0
36675,1000000US170317302023010,27,0,27,0,0,0,0,27,0,0,27,1,13,13,0,31,0,0
36676,1000000US170317302023011,12,0,12,0,0,0,0,12,0,0,12,0,8,6,2,14,0,0
36677,1000000US170317302023012,26,2,24,0,0,0,1,25,0,1,24,0,20,16,4,40,0,1
36678,1000000US170317302023013,23,0,23,0,0,0,0,23,0,0,23,0,16,14,2,35,0,0
36679,1000000US170317302023014,189,5,184,0,0,0,0,189,0,0,184,0,0,0,0,189,0,0
36680,1000000US170317302023015,0,0,0,0,0,0,0,0,0,0,0,0,0,0,0,0,0,0
36681,1000000US170317302023016,16,0,16,0,0,0,0,16,0,0,16,0,9,9,0,26,0,0
36682,1000000US170317302023017,20,0,20,0,0,0,0,20,0,0,20,0,10,10,0,23,0,0
36683,1000000US170317302023018,14,0,14,0,0,0,0,14,0,0,14,0,6,6,0,19,0,0
36684,1000000US170317302023019,0,0,0,0,0,0,0,0,0,0,0,0,0,0,0,0,0,0
36685,1000000US170317302023020,14,0,14,0,0,0,0,14,0,0,14,0,9,8,1,14,0,0
36686,1000000US170317302023021,8,0,8,0,0,0,0,8,0,0,8,0,4,4,0,11,0,0
36687,1000000US170317302023022,25,1,24,0,0,0,0,25,0,0,24,0,14,13,1,32,0,0
36688,1000000US170317302023023,22,0,22,0,0,0,0,22,0,0,22,0,8,8,0,26,0,0
36689,1000000US170317302023024,23,0,23,0,0,0,0,23,0,0,23,0,10,8,2,28,0,0
36690,1000000US170317302023025,0,0,0,0,0,0,0,0,0,0,0,0,0,0,0,0,0,0
36691,1000000US170317302023026,0,0,0,0,0,0,0,0,0,0,0,0,0,0,0,0,0,0
36692,1000000US170317302023027,0,0,0,0,0,0,0,0,0,0,0,0,0,0,0,0,0,0
36693,1000000US170317303001000,46,1,45,0,0,0,0,46,0,0,45,0,80,35,45,63,0,0
36694,1000000US170317303001001,72,0,71,0,1,0,0,72,0,0,72,0,28,26,2,101,0,0
36695,1000000US170317303001002,42,0,42,0,0,0,0,42,0,0,42,0,15,14,1,51,0,0
36696,1000000US170317303001003,37,0,37,0,0,0,0,37,0,0,37,0,17,16,1,47,0,0
36697,1000000US170317303001004,46,0,46,0,0,2,0,46,0,0,46,2,18,18,0,60,0,0
36698,1000000US170317303001005,20,0,20,0,0,0,0,20,0,0,20,0,8,8,0,31,0,0
36699,1000000US170317303001006,16,0,16,0,0,0,0,16,0,0,16,1,9,7,2,21,0,0
36700,1000000US170317303001007,0,0,0,0,0,0,0,0,0,0,0,0,0,0,0,0,0,0
36701,1000000US170317303001008,0,0,0,0,0,0,0,0,0,0,0,0,0,0,0,0,0,0
36702,1000000US170317303001009,13,1,12,0,0,0,0,13,0,0,12,0,7,7,0,13,0,0
36703,1000000US170317303001010,8,0,8,0,0,0,0,8,0,0,8,0,4,4,0,10,0,0
36704,1000000US170317303001011,59,0,57,0,0,0,2,57,0,2,59,1,37,34,3,88,0,0
36705,1000000US170317303001012,16,0,16,0,0,0,0,16,0,0,16,0,6,6,0,20,0,0
36706,1000000US170317303001013,40,0,40,0,0,0,0,40,0,0,40,0,18,17,1,57,0,0
36707,1000000US170317303001014,26,0,26,0,0,0,0,26,0,0,26,0,13,13,0,41,0,0
36708,1000000US170317303001015,21,0,21,1,0,0,0,21,0,0,21,1,8,8,0,28,1,0
36709,1000000US170317303001016,22,0,22,0,0,0,0,22,0,0,22,0,11,10,1,34,0,0
36710,1000000US170317303001017,52,0,52,0,0,0,0,52,0,0,52,0,19,19,0,64,0,0
36711,1000000US170317303001018,51,0,51,0,0,0,0,51,0,0,51,0,18,15,3,61,0,0
36712,1000000US170317303001019,45,0,45,0,0,0,0,45,0,0,45,0,17,17,0,51,0,0
36713,1000000US170317303001020,14,0,14,0,0,0,0,14,0,0,14,0,13,9,4,17,0,0
36714,1000000US170317303001021,5,0,5,0,0,0,0,5,0,0,5,0,12,3,9,6,0,0
36715,1000000US170317303001022,3,0,3,0,0,0,0,3,0,0,3,0,1,1,0,5,0,0
36716,1000000US170317303001023,0,0,0,0,0,0,0,0,0,0,0,0,1,0,1,0,0,0
36717,1000000US170317303001024,35,2,33,0,0,0,0,35,0,0,33,0,13,12,1,42,0,0
36718,1000000US170317303001025,22,0,22,0,0,0,0,22,0,0,22,0,9,9,0,27,0,0
36719,1000000US170317303001026,33,0,33,0,0,0,0,33,0,0,33,0,18,14,4,40,0,0
36720,1000000US170317303001027,39,0,39,0,0,0,0,39,0,0,39,0,18,15,3,59,0,0
36721,1000000US170317303001028,11,0,11,0,0,0,0,11,0,0,11,0,4,4,0,12,0,0
36722,1000000US170317303001029,0,0,0,0,0,0,0,0,0,0,0,0,0,0,0,0,0,0
36723,1000000US170317303001030,20,0,20,0,0,0,0,20,0,0,20,0,9,9,0,24,0,0
36724,1000000US170317303001031,27,0,27,0,0,0,1,26,0,1,27,0,10,10,0,35,0,1
36725,1000000US170317303001032,25,0,25,0,0,0,0,25,0,0,25,0,12,12,0,28,0,0
36726,1000000US170317303001033,27,0,27,0,0,0,0,27,0,0,27,0,12,12,0,30,0,0
36727,1000000US170317304001000,0,0,0,0,0,0,0,0,0,0,0,0,0,0,0,0,0,0
36728,1000000US170317304001001,38,0,38,0,0,0,0,38,0,0,38,0,20,19,1,41,0,0
36729,1000000US170317304001002,35,0,35,0,0,0,0,35,0,0,35,0,20,18,2,41,0,0
36730,1000000US170317304001003,42,0,42,0,0,0,0,42,0,0,42,0,20,20,0,53,0,0
36731,1000000US170317304001004,39,0,39,0,0,0,0,39,0,0,39,0,20,18,2,48,0,0
36732,1000000US170317304001005,88,3,85,0,0,0,0,88,0,0,85,0,56,44,12,131,0,0
36733,1000000US170317304001006,0,0,0,0,0,0,0,0,0,0,0,0,0,0,0,0,0,0
36734,1000000US170317304001007,27,0,27,0,0,0,0,27,0,0,27,0,17,15,2,34,0,0
36735,1000000US170317304001008,22,0,22,0,0,0,0,22,0,0,22,0,12,10,2,30,0,0
36736,1000000US170317304001009,0,0,0,0,0,0,0,0,0,0,0,0,0,0,0,0,0,0
36737,1000000US170317304001010,34,0,34,0,0,0,0,34,0,0,34,0,17,16,1,44,0,0
36738,1000000US170317304001011,31,0,31,0,0,0,0,31,0,0,31,0,16,16,0,39,0,0
36739,1000000US170317304001012,28,2,26,0,0,0,0,28,0,0,26,0,13,12,1,31,0,0
36740,1000000US170317304001013,35,0,35,0,0,0,1,34,0,1,35,0,13,13,0,51,0,1
36741,1000000US170317304001014,44,0,44,0,0,0,0,44,0,0,44,0,15,15,0,48,0,0
36742,1000000US170317304001015,25,0,25,0,0,0,0,25,0,0,25,0,15,15,0,30,0,0
36743,1000000US170317304001016,33,0,33,0,0,0,0,33,0,0,33,0,16,16,0,42,0,0
36744,1000000US170317304001017,24,0,24,0,0,0,0,24,0,0,24,0,15,12,3,27,0,0
36745,1000000US170317304001018,30,0,30,0,0,0,0,30,0,0,30,0,15,15,0,37,0,0
36746,1000000US170317304001019,29,0,26,0,0,0,0,29,0,0,29,2,19,16,3,40,0,0
36747,1000000US170317304001020,31,0,31,0,0,0,0,31,0,0,31,0,14,14,0,37,0,0
36748,1000000US170317304002000,1,0,1,0,0,0,0,1,0,0,1,0,2,1,1,3,0,0
36749,1000000US170317304002001,23,0,23,0,0,0,0,23,0,0,23,0,15,12,3,28,0,0
36750,1000000US170317304002002,61,0,60,0,0,0,3,58,0,3,61,1,27,27,0,72,0,2
36751,1000000US170317304002003,44,1,42,0,0,0,1,43,0,1,43,0,26,22,4,65,0,0
36752,1000000US170317304002004,69,0,68,0,0,0,0,69,0,0,69,0,34,31,3,89,0,0
36753,1000000US170317304002005,60,1,53,0,1,0,2,58,0,2,59,1,20,20,0,75,0,0
36754,1000000US170317304002006,183,1,182,6,0,1,4,179,0,4,182,9,93,85,8,228,4,4
36755,1000000US170317304002007,0,0,0,0,0,0,0,0,0,0,0,0,0,0,0,0,0,0
36756,1000000US170317304002008,90,0,90,0,0,0,3,87,0,3,90,0,39,39,0,103,0,3
36757,1000000US170317304002009,11,0,11,0,0,0,0,11,0,0,11,0,4,4,0,12,0,0
36758,1000000US170317304002010,43,0,43,0,0,0,0,43,0,0,43,0,18,17,1,57,0,0
36759,1000000US170317304002011,44,0,44,0,0,0,0,44,0,0,44,0,20,20,0,57,0,0
36760,1000000US170317304002012,38,1,37,0,0,0,0,38,0,0,37,0,20,20,0,40,0,0
36761,1000000US170317304002013,118,0,118,0,0,0,1,117,0,1,118,3,52,49,3,143,0,1
36762,1000000US170317304002014,7,0,7,0,0,0,0,7,0,0,7,0,5,4,1,11,0,0
36763,1000000US170317304002015,58,0,58,0,0,0,0,58,0,0,58,1,28,27,1,70,0,0
36764,1000000US170317304002016,48,0,48,0,0,0,0,48,0,0,48,0,23,21,2,69,0,0
36765,1000000US170317304002017,36,0,36,0,0,0,0,36,0,0,36,0,17,16,1,46,0,0
36766,1000000US170317304003000,0,0,0,0,0,0,0,0,0,0,0,0,0,0,0,0,0,0
36767,1000000US170317304003001,32,0,32,0,0,0,0,32,0,0,32,0,15,15,0,37,0,0
36768,1000000US170317304003002,23,0,23,0,0,0,0,23,0,0,23,0,14,12,2,29,0,0
36769,1000000US170317304003003,31,0,31,0,0,0,1,30,0,1,31,0,14,14,0,33,0,1
36770,1000000US170317304003004,28,0,28,0,0,0,0,28,0,0,28,0,13,13,0,41,0,0
36771,1000000US170317304003005,39,0,39,0,0,0,0,39,0,0,39,0,20,18,2,48,0,0
36772,1000000US170317304003006,30,0,30,0,0,0,0,30,0,0,30,0,17,16,1,34,0,0
36773,1000000US170317304003007,30,0,30,0,0,0,0,30,0,0,30,0,16,16,0,34,0,0
36774,1000000US170317304003008,21,0,21,0,0,0,0,21,0,0,21,0,12,12,0,27,0,0
36775,1000000US170317304003009,17,0,17,0,0,0,0,17,0,0,17,0,11,10,1,19,0,0
36776,1000000US170317304003010,27,0,27,1,0,0,0,27,0,0,27,1,13,11,2,31,1,0
36777,1000000US170317304003011,0,0,0,0,0,0,0,0,0,0,0,0,0,0,0,0,0,0
36778,1000000US170317304003012,0,0,0,0,0,0,0,0,0,0,0,0,0,0,0,0,0,0
36779,1000000US170317304003013,23,0,23,0,0,0,0,23,0,0,23,0,12,12,0,27,0,0
36780,1000000US170317304003014,25,0,25,0,0,0,0,25,0,0,25,0,11,11,0,32,0,0
36781,1000000US170317304003015,22,0,22,0,0,0,0,22,0,0,22,0,12,11,1,27,0,0
36782,1000000US170317304003016,18,0,18,0,0,0,0,18,0,0,18,0,12,12,0,19,0,0
36783,1000000US170317304003017,11,0,11,0,0,0,0,11,0,0,11,0,4,4,0,15,0,0
36784,1000000US170317304003018,0,0,0,0,0,0,0,0,0,0,0,0,0,0,0,0,0,0
36785,1000000US170317304003019,13,0,13,0,0,1,0,13,0,0,13,1,4,4,0,13,0,0
36786,1000000US170317304003020,8,0,8,0,0,0,0,8,0,0,8,0,5,5,0,9,0,0
36787,1000000US170317304003021,9,0,9,0,0,0,0,9,0,0,9,0,6,6,0,9,0,0
36788,1000000US170317304003022,11,0,11,0,0,0,0,11,0,0,11,0,5,5,0,12,0,0
36789,1000000US170317304003023,18,0,18,0,0,0,0,18,0,0,18,0,6,6,0,26,0,0
36790,1000000US170317304003024,11,0,11,2,0,0,0,11,0,0,11,2,6,5,1,12,2,0
36791,1000000US170317304003025,14,0,14,0,0,0,0,14,0,0,14,0,6,6,0,14,0,0
36792,1000000US170317304003026,13,0,13,0,0,0,0,13,0,0,13,0,7,7,0,20,0,0
36793,1000000US170317304003027,0,0,0,0,0,0,0,0,0,0,0,0,0,0,0,0,0,0
36794,1000000US170317304003028,0,0,0,0,0,0,0,0,0,0,0,0,0,0,0,0,0,0
36795,1000000US170317304003029,0,0,0,0,0,0,0,0,0,0,0,0,0,0,0,0,0,0
36796,1000000US170317304003030,6,0,6,0,0,0,0,6,0,0,6,0,5,5,0,8,0,0
36797,1000000US170317304003031,11,0,11,0,0,0,0,11,0,0,11,0,6,5,1,17,0,0
36798,1000000US170317304003032,19,0,19,0,0,0,0,19,0,0,19,0,8,8,0,21,0,0
36799,1000000US170317304003033,19,0,19,0,0,0,0,19,0,0,19,0,10,9,1,22,0,0
36800,1000000US170317304003034,16,0,16,0,0,0,1,15,0,1,16,0,10,8,2,24,0,1
36801,1000000US170317304003035,0,0,0,0,0,0,0,0,0,0,0,0,0,0,0,0,0,0
36802,1000000US170317304003036,0,0,0,0,0,0,0,0,0,0,0,0,0,0,0,0,0,0
36803,1000000US170317304003037,0,0,0,0,0,0,0,0,0,0,0,0,0,0,0,0,0,0
36804,1000000US170317304003038,0,0,0,0,0,0,0,0,0,0,0,0,0,0,0,0,0,0
36805,1000000US170317304003039,0,0,0,0,0,0,0,0,0,0,0,0,0,0,0,0,0,0
36806,1000000US170317304003040,0,0,0,0,0,0,0,0,0,0,0,0,0,0,0,0,0,0
36807,1000000US170317304003041,0,0,0,0,0,0,0,0,0,0,0,0,0,0,0,0,0,0
36808,1000000US170317304003042,0,0,0,0,0,0,0,0,0,0,0,0,0,0,0,0,0,0
36809,1000000US170317304003043,0,0,0,0,0,0,0,0,0,0,0,0,0,0,0,0,0,0
36810,1000000US170317304003044,0,0,0,0,0,0,0,0,0,0,0,0,0,0,0,0,0,0
36811,1000000US170317304004000,4,0,4,0,0,0,0,4,0,0,4,0,2,2,0,4,0,0
36812,1000000US170317304004001,23,0,22,0,0,0,1,22,0,1,23,0,11,10,1,31,0,0
36813,1000000US170317304004002,17,0,17,1,0,0,0,17,0,0,17,1,11,10,1,18,0,0
36814,1000000US170317304004003,33,0,33,0,0,0,0,33,0,0,33,0,24,24,0,35,0,0
36815,1000000US170317304004004,27,0,27,0,0,0,0,27,0,0,27,0,12,12,0,42,0,0
36816,1000000US170317304004005,0,0,0,0,0,0,0,0,0,0,0,0,0,0,0,0,0,0
36817,1000000US170317304004006,0,0,0,0,0,0,0,0,0,0,0,0,0,0,0,0,0,0
36818,1000000US170317304004007,47,0,47,0,0,0,0,47,0,0,47,0,22,22,0,66,0,0
36819,1000000US170317304004008,42,0,42,0,0,0,0,42,0,0,42,0,22,19,3,53,0,0
36820,1000000US170317304004009,14,0,14,0,0,0,0,14,0,0,14,0,4,4,0,18,0,0
36821,1000000US170317304004010,38,1,37,0,0,0,0,38,0,0,37,1,18,18,0,57,0,0
36822,1000000US170317304004011,0,0,0,0,0,0,0,0,0,0,0,0,0,0,0,0,0,0
36823,1000000US170317304004012,48,1,46,1,0,0,0,48,0,0,47,0,24,23,1,74,1,0
36824,1000000US170317304004013,50,0,50,0,0,0,0,50,0,0,50,0,18,16,2,69,0,0
36825,1000000US170317304004014,44,0,44,0,0,0,0,44,0,0,44,0,19,18,1,71,0,0
36826,1000000US170317304004015,45,0,45,0,0,0,0,45,0,0,45,1,18,17,1,61,0,0
36827,1000000US170317304004016,32,0,30,2,0,0,2,30,0,2,32,2,18,17,1,55,0,0
36828,1000000US170317304004017,12,0,12,0,0,0,0,12,0,0,12,0,4,3,1,15,0,0
36829,1000000US170317304004018,55,0,55,0,0,0,0,55,0,0,55,0,24,22,2,81,0,0
36830,1000000US170317304004019,45,0,45,0,0,0,0,45,0,0,45,0,22,16,6,51,0,0
36831,1000000US170317304004020,34,1,33,0,0,0,0,34,0,0,33,1,13,13,0,38,0,0
36832,1000000US170317304004021,31,2,29,0,0,0,0,31,0,0,29,0,21,20,1,43,0,0
36833,1000000US170317305001000,0,0,0,0,0,0,0,0,0,0,0,0,0,0,0,0,0,0
36834,1000000US170317305001001,3,0,3,0,0,0,0,3,0,0,3,0,3,2,1,3,0,0
36835,1000000US170317305001002,15,0,15,0,0,0,2,13,0,2,15,0,6,6,0,20,0,2
36836,1000000US170317305001003,20,0,20,0,0,0,1,19,0,1,20,0,7,7,0,26,0,1
36837,1000000US170317305001004,31,0,31,0,0,0,0,31,0,0,31,0,14,12,2,38,0,0
36838,1000000US170317305001005,26,0,24,2,0,0,0,26,0,0,26,0,12,11,1,36,2,0
36839,1000000US170317305001006,37,0,36,0,1,0,0,37,0,0,37,1,17,16,1,51,0,0
36840,1000000US170317305001007,32,0,32,0,0,0,0,32,0,0,32,1,14,13,1,46,0,0
36841,1000000US170317305001008,36,0,36,0,0,0,0,36,0,0,36,0,16,14,2,44,0,0
36842,1000000US170317305001009,20,0,20,0,0,0,1,19,0,1,20,0,15,14,1,25,0,1
36843,1000000US170317305001010,19,0,19,0,0,0,0,19,0,0,19,0,13,10,3,22,0,0
36844,1000000US170317305001011,12,0,12,0,0,0,0,12,0,0,12,0,4,4,0,12,0,0
36845,1000000US170317305001012,17,0,17,0,0,0,0,17,0,0,17,0,8,6,2,19,0,0
36846,1000000US170317305001013,0,0,0,0,0,0,0,0,0,0,0,0,0,0,0,0,0,0
36847,1000000US170317305001014,14,2,12,0,0,0,0,14,0,0,12,0,8,8,0,15,0,0
36848,1000000US170317305001015,12,0,12,0,0,0,0,12,0,0,12,0,6,6,0,18,0,0
36849,1000000US170317305001016,18,0,18,0,0,0,0,18,0,0,18,0,9,9,0,18,0,0
36850,1000000US170317305001017,9,0,9,0,0,0,0,9,0,0,9,0,5,5,0,11,0,0
36851,1000000US170317305001018,22,2,20,0,0,0,0,22,0,0,20,0,9,9,0,26,0,0
36852,1000000US170317305001019,25,0,24,1,0,0,0,25,0,0,25,0,11,11,0,31,1,0
36853,1000000US170317305001020,18,0,18,1,0,0,1,17,0,1,18,1,11,9,2,37,1,1
36854,1000000US170317305001021,18,0,18,0,0,0,0,18,0,0,18,0,9,9,0,19,0,0
36855,1000000US170317305001022,16,0,16,0,0,0,0,16,0,0,16,0,7,7,0,18,0,0
36856,1000000US170317305001023,28,0,28,0,0,0,0,28,0,0,28,0,12,12,0,33,0,0
36857,1000000US170317305001024,12,0,12,0,0,0,0,12,0,0,12,0,7,7,0,21,0,0
36858,1000000US170317305001025,18,0,18,0,0,0,1,17,0,1,18,0,10,9,1,28,0,1
36859,1000000US170317305001026,22,0,22,0,0,0,0,22,0,0,22,0,13,12,1,28,0,0
36860,1000000US170317305001027,13,0,13,0,0,0,0,13,0,0,13,0,7,6,1,13,0,0
36861,1000000US170317305001028,12,0,12,0,0,0,0,12,0,0,12,0,8,6,2,15,0,0
36862,1000000US170317305001029,0,0,0,0,0,0,0,0,0,0,0,0,0,0,0,0,0,0
36863,1000000US170317305001030,24,0,24,0,0,0,0,24,0,0,24,0,10,9,1,27,0,0
36864,1000000US170317305001031,15,0,15,0,0,0,0,15,0,0,15,0,7,6,1,19,0,0
36865,1000000US170317305001032,23,0,23,0,0,0,2,21,0,2,23,0,12,11,1,30,0,2
36866,1000000US170317305001033,17,0,17,0,0,0,0,17,0,0,17,0,10,7,3,21,0,0
36867,1000000US170317305002000,0,0,0,0,0,0,0,0,0,0,0,0,0,0,0,0,0,0
36868,1000000US170317305002001,0,0,0,0,0,0,0,0,0,0,0,0,0,0,0,0,0,0
36869,1000000US170317305002002,0,0,0,0,0,0,0,0,0,0,0,0,0,0,0,0,0,0
36870,1000000US170317305002003,6,0,6,0,0,0,0,6,0,0,6,0,5,5,0,6,0,0
36871,1000000US170317305002004,4,0,4,0,0,0,0,4,0,0,4,0,3,2,1,4,0,0
36872,1000000US170317305002005,0,0,0,0,0,0,0,0,0,0,0,0,0,0,0,0,0,0
36873,1000000US170317305002006,13,0,13,0,0,0,0,13,0,0,13,0,7,7,0,19,0,0
36874,1000000US170317305002007,31,1,30,0,0,0,1,30,0,1,30,1,18,15,3,38,0,1
36875,1000000US170317305002008,50,0,48,0,0,0,2,48,0,2,50,0,21,21,0,73,0,0
36876,1000000US170317305002009,31,0,31,0,0,0,0,31,0,0,31,0,15,14,1,44,0,0
36877,1000000US170317305002010,41,0,40,0,1,0,0,41,0,0,41,1,16,13,3,57,0,0
36878,1000000US170317305002011,21,0,21,0,0,0,0,21,0,0,21,0,10,8,2,23,0,0
36879,1000000US170317305002012,13,0,13,0,0,0,0,13,0,0,13,0,5,5,0,18,0,0
36880,1000000US170317305002013,6,0,6,0,0,0,0,6,0,0,6,0,5,4,1,10,0,0
36881,1000000US170317305002014,0,0,0,0,0,0,0,0,0,0,0,0,0,0,0,0,0,0
36882,1000000US170317305002015,8,0,8,0,0,0,0,8,0,0,8,0,3,3,0,8,0,0
36883,1000000US170317305002016,7,0,7,0,0,0,0,7,0,0,7,0,3,3,0,7,0,0
36884,1000000US170317305002017,0,0,0,0,0,0,0,0,0,0,0,0,0,0,0,0,0,0
36885,1000000US170317305002018,24,0,24,0,0,0,0,24,0,0,24,0,11,9,2,36,0,0
36886,1000000US170317305002019,13,0,13,0,0,0,0,13,0,0,13,0,8,7,1,20,0,0
36887,1000000US170317305002020,14,0,14,0,0,0,0,14,0,0,14,0,3,3,0,14,0,0
36888,1000000US170317305002021,0,0,0,0,0,0,0,0,0,0,0,0,0,0,0,0,0,0
36889,1000000US170317305002022,0,0,0,0,0,0,0,0,0,0,0,0,0,0,0,0,0,0
36890,1000000US170317305002023,16,1,15,0,0,0,0,16,0,0,15,0,7,7,0,17,0,0
36891,1000000US170317305002024,18,0,18,0,0,0,0,18,0,0,18,0,8,8,0,20,0,0
36892,1000000US170317305002025,22,0,22,0,0,0,0,22,0,0,22,0,10,10,0,30,0,0
36893,1000000US170317305002026,4,0,4,0,0,0,0,4,0,0,4,0,8,3,5,4,0,0
36894,1000000US170317305002027,2,0,2,0,0,0,0,2,0,0,2,0,0,0,0,2,0,0
36895,1000000US170317305002028,1,0,1,0,0,0,0,1,0,0,1,1,1,1,0,1,0,0
36896,1000000US170317305002029,16,0,16,0,0,0,0,16,0,0,16,0,6,6,0,24,0,0
36897,1000000US170317305002030,13,0,13,0,0,0,0,13,0,0,13,0,5,5,0,14,0,0
36898,1000000US170317305002031,10,0,10,0,0,0,0,10,0,0,10,0,5,5,0,13,0,0
36899,1000000US170317305002032,17,0,17,0,0,0,0,17,0,0,17,0,9,9,0,21,0,0
36900,1000000US170317305002033,16,0,16,0,0,0,0,16,0,0,16,0,9,9,0,19,0,0
36901,1000000US170317305002034,23,0,18,5,0,0,2,21,0,2,23,2,16,15,1,25,3,0
36902,1000000US170317305002035,12,1,11,0,0,0,0,12,0,0,11,0,8,5,3,26,0,0
36903,1000000US170317305002036,22,2,20,0,0,0,0,22,0,0,20,0,9,9,0,24,0,0
36904,1000000US170317305002037,23,0,23,0,0,0,0,23,0,0,23,0,9,6,3,38,0,0
36905,1000000US170317305002038,18,0,18,0,0,0,0,18,0,0,18,0,10,10,0,33,0,0
36906,1000000US170317305002039,12,0,12,0,0,0,0,12,0,0,12,0,7,5,2,14,0,0
36907,1000000US170317305002040,0,0,0,0,0,0,0,0,0,0,0,0,1,0,1,0,0,0
36908,1000000US170317305002041,9,0,9,0,0,0,0,9,0,0,9,0,4,3,1,14,0,0
36909,1000000US170317305002042,15,0,15,0,0,0,0,15,0,0,15,0,6,6,0,17,0,0
36910,1000000US170317305002043,15,0,15,0,0,0,0,15,0,0,15,0,9,7,2,18,0,0
36911,1000000US170317305002044,10,0,10,0,0,0,0,10,0,0,10,0,8,8,0,12,0,0
36912,1000000US170317305002045,11,0,11,0,0,0,0,11,0,0,11,0,3,3,0,14,0,0
36913,1000000US170317305003000,38,0,38,0,0,0,0,38,0,0,38,0,14,14,0,44,0,0
36914,1000000US170317305003001,30,0,28,1,0,0,2,28,0,2,30,0,13,13,0,45,1,0
36915,1000000US170317305003002,28,0,28,0,0,0,2,26,0,2,28,0,13,12,1,41,0,2
36916,1000000US170317305003003,27,0,27,1,0,0,0,27,0,0,27,1,16,13,3,41,1,0
36917,1000000US170317305003004,46,0,46,0,0,0,1,45,0,1,46,1,18,16,2,68,0,1
36918,1000000US170317305003005,0,0,0,0,0,0,0,0,0,0,0,0,0,0,0,0,0,0
36919,1000000US170317305003006,42,0,41,0,0,0,2,40,0,2,42,0,17,16,1,48,0,2
36920,1000000US170317305003007,18,0,18,0,0,0,0,18,0,0,18,0,16,16,0,21,0,0
36921,1000000US170317305003008,38,0,38,0,0,0,0,38,0,0,38,1,17,17,0,46,0,0
36922,1000000US170317305003009,0,0,0,0,0,0,0,0,0,0,0,0,0,0,0,0,0,0
36923,1000000US170317305003010,6,0,6,0,0,0,0,6,0,0,6,0,5,5,0,6,0,0
36924,1000000US170317305003011,48,0,48,0,0,0,0,48,0,0,48,0,20,20,0,59,0,0
36925,1000000US170317305003012,41,0,41,2,0,0,0,41,0,0,41,2,18,17,1,61,2,0
36926,1000000US170317305003013,29,0,29,1,0,0,0,29,0,0,29,1,18,16,2,42,1,0
36927,1000000US170317305003014,41,0,41,0,0,0,0,41,0,0,41,0,20,19,1,75,0,0
36928,1000000US170317305003015,30,0,30,0,0,0,0,30,0,0,30,0,15,14,1,32,0,0
36929,1000000US170317305003016,31,0,31,0,0,0,0,31,0,0,31,0,14,12,2,39,0,0
36930,1000000US170317305003017,26,1,25,0,0,0,0,26,0,0,25,0,15,12,3,35,0,0
36931,1000000US170317305003018,15,0,15,0,0,1,0,15,0,0,15,1,7,7,0,22,0,0
36932,1000000US170317305003019,31,0,31,0,0,0,0,31,0,0,31,0,14,14,0,36,0,0
36933,1000000US170317305003020,22,0,22,0,0,0,0,22,0,0,22,0,7,7,0,35,0,0
36934,1000000US170317305003021,17,0,15,2,0,0,0,17,0,0,17,0,9,9,0,29,2,0
36935,1000000US170317305003022,25,0,25,0,0,0,0,25,0,0,25,0,8,7,1,33,0,0
36936,1000000US170317305003023,30,0,29,0,6,0,1,29,0,1,30,5,11,9,2,45,0,1
36937,1000000US170317305003024,25,0,24,0,0,0,0,25,0,0,25,0,14,11,3,49,0,0
36938,1000000US170317305003025,18,0,18,0,0,0,0,18,0,0,18,0,10,9,1,20,0,0
36939,1000000US170317305003026,18,0,18,0,0,0,0,18,0,0,18,0,9,7,2,22,0,0
36940,1000000US170317305003027,13,0,13,0,0,0,0,13,0,0,13,0,9,9,0,18,0,0
36941,1000000US170317305003028,29,0,29,0,0,0,0,29,0,0,29,0,13,13,0,39,0,0
36942,1000000US170317305003029,2,0,2,0,0,0,0,2,0,0,2,0,1,1,0,2,0,0
36943,1000000US170317305003030,7,0,7,0,0,0,0,7,0,0,7,0,3,3,0,11,0,0
36944,1000000US170317305003031,17,0,17,0,0,0,0,17,0,0,17,0,8,7,1,29,0,0
36945,1000000US170317305003032,16,0,16,0,0,0,0,16,0,0,16,0,8,7,1,25,0,0
36946,1000000US170317305003033,11,0,11,0,0,0,0,11,0,0,11,0,7,4,3,16,0,0
36947,1000000US170317305003034,3,0,3,0,0,0,0,3,0,0,3,0,5,2,3,4,0,0
36948,1000000US170317305004000,25,0,21,4,0,0,0,25,0,0,25,0,10,9,1,30,4,0
36949,1000000US170317305004001,16,0,16,0,0,0,0,16,0,0,16,0,9,7,2,20,0,0
36950,1000000US170317305004002,28,0,28,0,0,0,0,28,0,0,28,0,17,16,1,32,0,0
36951,1000000US170317305004003,29,0,29,0,0,0,0,29,0,0,29,0,17,17,0,36,0,0
36952,1000000US170317305004004,38,0,36,2,0,0,2,36,0,2,38,0,19,18,1,49,2,0
36953,1000000US170317305004005,38,0,38,0,1,0,0,38,0,0,38,1,19,19,0,47,0,0
36954,1000000US170317305004006,0,0,0,0,0,0,0,0,0,0,0,0,0,0,0,0,0,0
36955,1000000US170317305004007,29,0,29,0,0,0,0,29,0,0,29,0,14,14,0,42,0,0
36956,1000000US170317305004008,30,0,30,0,0,0,0,30,0,0,30,0,15,15,0,37,0,0
36957,1000000US170317305004009,30,0,30,0,0,0,0,30,0,0,30,0,15,15,0,34,0,0
36958,1000000US170317305004010,26,0,26,3,0,0,0,26,0,0,26,3,15,14,1,29,3,0
36959,1000000US170317305004011,29,0,29,0,0,0,0,29,0,0,29,2,18,17,1,33,0,0
36960,1000000US170317305004012,34,0,34,0,0,0,0,34,0,0,34,0,17,17,0,42,0,0
36961,1000000US170317305004013,37,0,37,0,0,0,0,37,0,0,37,0,21,20,1,50,0,0
36962,1000000US170317305004014,22,1,21,0,0,0,0,22,0,0,21,0,12,12,0,29,0,0
36963,1000000US170317305004015,20,0,20,0,0,0,0,20,0,0,20,0,15,14,1,33,0,0
36964,1000000US170317305004016,30,0,30,0,0,0,1,29,0,1,30,0,15,15,0,39,0,1
36965,1000000US170317305004017,31,0,31,0,0,0,0,31,0,0,31,0,14,13,1,44,0,0
36966,1000000US170317305004018,28,1,27,0,0,0,1,27,0,1,27,0,15,13,2,46,0,1
36967,1000000US170317305004019,28,0,27,0,0,0,1,27,0,1,28,0,15,14,1,40,0,0
36968,1000000US170317305004020,34,0,34,0,0,0,1,33,0,1,34,0,18,16,2,46,0,1
36969,1000000US170317305004021,39,0,39,0,0,0,2,37,0,2,39,0,17,17,0,54,0,2
36970,1000000US170317305004022,25,0,24,0,0,0,1,24,0,1,25,0,16,14,2,33,0,0
36971,1000000US170317305004023,29,2,27,0,0,0,0,29,0,0,27,0,15,15,0,34,0,0
36972,1000000US170317305004024,31,0,31,0,0,0,0,31,0,0,31,0,18,17,1,38,0,0
36973,1000000US170317305004025,34,0,34,0,0,0,2,32,0,2,34,0,16,15,1,39,0,2
36974,1000000US170317305004026,61,0,60,1,0,0,0,61,0,0,61,0,29,27,2,70,1,0
36975,1000000US170317305004027,48,0,48,0,0,0,1,47,0,1,48,0,20,20,0,60,0,1
36976,1000000US170317305004028,32,0,32,0,0,0,0,32,0,0,32,0,19,18,1,37,0,0
36977,1000000US170317305004029,30,0,28,1,1,0,0,30,0,0,30,0,17,17,0,35,1,0
36978,1000000US170317305004030,25,0,25,0,0,0,0,25,0,0,25,0,10,10,0,33,0,0
36979,1000000US170317305004031,0,0,0,0,0,0,0,0,0,0,0,0,0,0,0,0,0,0
36980,1000000US170317305004032,0,0,0,0,0,0,0,0,0,0,0,0,0,0,0,0,0,0
36981,1000000US170317305004033,16,0,16,0,0,0,0,16,0,0,16,0,10,9,1,21,0,0
36982,1000000US170317305004034,16,0,16,0,0,0,0,16,0,0,16,0,8,8,0,21,0,0
36983,1000000US170317305004035,14,0,13,0,1,0,0,14,0,0,14,0,7,6,1,28,0,0
36984,1000000US170317305004036,11,0,11,0,0,0,0,11,0,0,11,0,8,8,0,12,0,0
36985,1000000US170317305004037,0,0,0,0,0,0,0,0,0,0,0,0,0,0,0,0,0,0
36986,1000000US170317305004038,0,0,0,0,0,0,0,0,0,0,0,0,0,0,0,0,0,0
36987,1000000US170317305004039,0,0,0,0,0,0,0,0,0,0,0,0,0,0,0,0,0,0
36988,1000000US170317305004040,11,0,11,0,0,0,0,11,0,0,11,0,8,8,0,16,0,0
36989,1000000US170317305004041,0,0,0,0,0,0,0,0,0,0,0,0,0,0,0,0,0,0
36990,1000000US170317305004042,0,0,0,0,0,0,0,0,0,0,0,0,0,0,0,0,0,0
36991,1000000US170317305004043,0,0,0,0,0,0,0,0,0,0,0,0,0,0,0,0,0,0
36992,1000000US170317305004044,0,0,0,0,0,0,0,0,0,0,0,0,0,0,0,0,0,0
36993,1000000US170317305004045,0,0,0,0,0,0,0,0,0,0,0,0,0,0,0,0,0,0
36994,1000000US170317305004046,0,0,0,0,0,0,0,0,0,0,0,0,0,0,0,0,0,0
36995,1000000US170317305004047,26,0,26,0,0,0,0,26,0,0,26,0,14,14,0,29,0,0
36996,1000000US170317305004048,70,0,69,1,0,0,0,70,0,0,70,0,30,30,0,76,1,0
36997,1000000US170317305004049,43,0,42,1,0,0,2,41,0,2,43,1,20,20,0,45,0,1
36998,1000000US170317305004050,41,0,41,1,0,0,0,41,0,0,41,1,16,13,3,51,1,0
36999,1000000US170317305004051,36,0,36,0,0,0,1,35,0,1,36,0,16,16,0,58,0,1
37000,1000000US170317305004052,39,0,39,0,0,0,0,39,0,0,39,0,19,18,1,56,0,0
37001,1000000US170317305004053,41,0,41,0,0,0,0,41,0,0,41,0,20,18,2,51,0,0
37002,1000000US170317305004054,36,1,35,0,0,0,0,36,0,0,35,0,18,16,2,48,0,0
37003,1000000US170317306001000,73,0,68,0,0,1,4,69,0,4,73,1,39,32,7,96,0,0
37004,1000000US170317306001001,81,0,80,1,0,0,0,81,0,0,81,0,47,40,7,105,1,0
37005,1000000US170317306001002,37,0,37,0,0,0,0,37,0,0,37,0,19,18,1,46,0,0
37006,1000000US170317306001003,49,0,49,0,0,0,0,49,0,0,49,0,24,21,3,83,0,0
37007,1000000US170317306001004,48,0,48,0,0,0,0,48,0,0,48,0,23,22,1,72,0,0
37008,1000000US170317306001005,37,0,37,0,0,0,0,37,0,0,37,2,17,17,0,43,0,0
37009,1000000US170317306001006,58,1,56,0,0,0,1,57,0,1,57,0,27,26,1,71,0,0
37010,1000000US170317306001007,6,0,6,0,0,0,0,6,0,0,6,0,2,2,0,10,0,0
37011,1000000US170317306001008,0,0,0,0,0,0,0,0,0,0,0,0,0,0,0,0,0,0
37012,1000000US170317306001009,0,0,0,0,0,0,0,0,0,0,0,0,0,0,0,0,0,0
37013,1000000US170317306001010,15,0,15,0,0,0,0,15,0,0,15,0,6,6,0,19,0,0
37014,1000000US170317306001011,40,0,40,0,0,0,0,40,0,0,40,0,21,20,1,66,0,0
37015,1000000US170317306001012,13,0,13,0,0,0,0,13,0,0,13,0,6,2,4,16,0,0
37016,1000000US170317306001013,119,3,114,1,0,0,1,118,0,1,116,1,59,52,7,178,1,0
37017,1000000US170317306002000,19,1,18,0,0,0,0,19,0,0,18,0,12,12,0,24,0,0
37018,1000000US170317306002001,35,0,35,0,0,0,1,34,0,1,35,0,15,15,0,45,0,1
37019,1000000US170317306002002,33,0,33,0,0,0,0,33,0,0,33,0,14,14,0,42,0,0
37020,1000000US170317306002003,0,0,0,0,0,0,0,0,0,0,0,0,0,0,0,0,0,0
37021,1000000US170317306002004,23,0,23,0,0,0,0,23,0,0,23,0,12,11,1,35,0,0
37022,1000000US170317306002005,42,0,42,0,0,0,6,36,0,6,42,0,15,13,2,56,0,6
37023,1000000US170317306002006,45,1,35,0,2,0,10,35,0,10,44,2,18,17,1,57,0,1
37024,1000000US170317306002007,48,0,46,2,0,0,0,48,0,0,48,0,19,19,0,63,2,0
37025,1000000US170317306002008,47,0,47,0,1,0,2,45,0,2,47,1,19,19,0,72,0,2
37026,1000000US170317306002009,47,1,46,0,0,0,0,47,0,0,46,0,19,19,0,59,0,0
37027,1000000US170317306002010,42,0,42,0,0,0,0,42,0,0,42,0,20,19,1,51,0,0
37028,1000000US170317306002011,35,0,35,0,0,0,0,35,0,0,35,0,20,17,3,50,0,0
37029,1000000US170317306002012,55,0,55,0,0,0,1,54,0,1,55,1,21,20,1,74,0,1
37030,1000000US170317306002013,38,0,38,0,0,0,0,38,0,0,38,0,16,16,0,71,0,0
37031,1000000US170317306002014,23,0,23,0,0,0,0,23,0,0,23,0,9,9,0,37,0,0
37032,1000000US170317306002015,0,0,0,0,0,0,0,0,0,0,0,0,0,0,0,0,0,0
37033,1000000US170317306002016,0,0,0,0,0,0,0,0,0,0,0,0,0,0,0,0,0,0
37034,1000000US170317306002017,0,0,0,0,0,0,0,0,0,0,0,0,0,0,0,0,0,0
37035,1000000US170317306002018,27,0,27,0,0,0,0,27,0,0,27,0,14,13,1,39,0,0
37036,1000000US170317306002019,8,0,8,0,0,0,0,8,0,0,8,0,4,4,0,8,0,0
37037,1000000US170317306002020,0,0,0,0,0,0,0,0,0,0,0,0,0,0,0,0,0,0
37038,1000000US170317306002021,0,0,0,0,0,0,0,0,0,0,0,0,0,0,0,0,0,0
37039,1000000US170317306002022,0,0,0,0,0,0,0,0,0,0,0,0,0,0,0,0,0,0
37040,1000000US170317306002023,0,0,0,0,0,0,0,0,0,0,0,0,0,0,0,0,0,0
37041,1000000US170317306002024,5,0,5,0,0,0,0,5,0,0,5,0,2,2,0,6,0,0
37042,1000000US170317306002025,0,0,0,0,0,0,0,0,0,0,0,0,0,0,0,0,0,0
37043,1000000US170317306002026,0,0,0,0,0,0,0,0,0,0,0,0,0,0,0,0,0,0
37044,1000000US170317306002027,0,0,0,0,0,0,0,0,0,0,0,0,0,0,0,0,0,0
37045,1000000US170317306002028,0,0,0,0,0,0,0,0,0,0,0,0,0,0,0,0,0,0
37046,1000000US170317306002029,0,0,0,0,0,0,0,0,0,0,0,0,0,0,0,0,0,0
37047,1000000US170317306002030,0,0,0,0,0,0,0,0,0,0,0,0,0,0,0,0,0,0
37048,1000000US170317306002031,3,3,0,0,0,0,0,3,0,0,0,0,2,2,0,4,0,0
37049,1000000US170317306002032,0,0,0,0,0,0,0,0,0,0,0,0,0,0,0,0,0,0
37050,1000000US170317306002033,42,1,41,0,0,0,0,42,0,0,41,0,22,22,0,50,0,0
37051,1000000US170317306002034,0,0,0,0,0,0,0,0,0,0,0,0,0,0,0,0,0,0
37052,1000000US170317306002035,0,0,0,0,0,0,0,0,0,0,0,0,0,0,0,0,0,0
37053,1000000US170317306002036,0,0,0,0,0,0,0,0,0,0,0,0,0,0,0,0,0,0
37054,1000000US170317306002037,0,0,0,0,0,0,0,0,0,0,0,0,0,0,0,0,0,0
37055,1000000US170317306002038,0,0,0,0,0,0,0,0,0,0,0,0,0,0,0,0,0,0
37056,1000000US170317306002039,54,8,45,2,0,0,0,54,0,0,46,1,27,25,2,67,2,0
37057,1000000US170317306002040,0,0,0,0,0,0,0,0,0,0,0,0,0,0,0,0,0,0
37058,1000000US170317306002041,7,0,7,0,0,0,0,7,0,0,7,0,3,3,0,10,0,0
37059,1000000US170317306002042,15,2,13,0,0,0,0,15,0,0,13,0,8,8,0,23,0,0
37060,1000000US170317306002043,15,0,15,0,0,0,0,15,0,0,15,0,7,6,1,21,0,0
37061,1000000US170317306002044,18,0,18,0,0,0,0,18,0,0,18,0,7,7,0,24,0,0
37062,1000000US170317306002045,24,0,24,0,0,0,0,24,0,0,24,0,14,14,0,30,0,0
37063,1000000US170317306002046,0,0,0,0,0,0,0,0,0,0,0,0,0,0,0,0,0,0
37064,1000000US170317306002047,15,0,15,0,0,0,0,15,0,0,15,0,7,6,1,23,0,0
37065,1000000US170317306002048,17,0,17,0,0,0,0,17,0,0,17,0,8,7,1,20,0,0
37066,1000000US170317306002049,16,0,16,0,0,0,0,16,0,0,16,0,9,9,0,23,0,0
37067,1000000US170317306002050,24,0,24,0,0,0,0,24,0,0,24,0,13,12,1,36,0,0
37068,1000000US170317306002051,24,0,24,0,0,0,0,24,0,0,24,0,12,12,0,34,0,0
37069,1000000US170317306002052,18,0,18,0,0,0,0,18,0,0,18,0,9,8,1,23,0,0
37070,1000000US170317306002053,21,0,21,1,0,0,1,20,0,1,21,1,9,9,0,45,1,1
37071,1000000US170317306002054,14,0,14,0,0,0,0,14,0,0,14,0,7,7,0,20,0,0
37072,1000000US170317306002055,17,0,17,0,0,0,0,17,0,0,17,0,11,10,1,25,0,0
37073,1000000US170317306002056,3,0,3,0,0,0,0,3,0,0,3,0,2,2,0,3,0,0
37074,1000000US170317306002057,6,0,6,0,0,0,0,6,0,0,6,0,3,3,0,6,0,0
37075,1000000US170317306002058,36,0,36,0,0,0,0,36,0,0,36,1,14,12,2,47,0,0
37076,1000000US170317306002059,38,0,38,0,0,0,0,38,0,0,38,0,15,14,1,47,0,0
37077,1000000US170317306002060,16,0,16,0,0,0,0,16,0,0,16,0,8,7,1,21,0,0
37078,1000000US170317306002061,41,0,41,0,0,0,0,41,0,0,41,0,28,25,3,57,0,0
37079,1000000US170317306002062,0,0,0,0,0,0,0,0,0,0,0,0,0,0,0,0,0,0
37080,1000000US170317306002063,0,0,0,0,0,0,0,0,0,0,0,0,0,0,0,0,0,0
37081,1000000US170317306002064,25,0,25,0,0,0,3,22,0,3,25,0,11,10,1,32,0,3
37082,1000000US170317306003000,0,0,0,0,0,0,0,0,0,0,0,0,0,0,0,0,0,0
37083,1000000US170317306003001,37,0,37,1,0,0,0,37,0,0,37,1,19,18,1,47,1,0
37084,1000000US170317306003002,44,0,44,0,0,0,0,44,0,0,44,0,17,15,2,54,0,0
37085,1000000US170317306003003,38,0,38,0,0,0,0,38,0,0,38,0,19,19,0,45,0,0
37086,1000000US170317306003004,35,0,35,0,0,0,0,35,0,0,35,0,18,18,0,43,0,0
37087,1000000US170317306003005,37,0,37,0,0,0,0,37,0,0,37,0,20,19,1,48,0,0
37088,1000000US170317306003006,32,0,32,0,0,0,0,32,0,0,32,0,16,16,0,43,0,0
37089,1000000US170317306003007,41,0,41,0,0,0,0,41,0,0,41,0,17,16,1,64,0,0
37090,1000000US170317306003008,30,0,30,0,0,0,0,30,0,0,30,0,19,17,2,37,0,0
37091,1000000US170317306003009,28,1,27,0,0,0,1,27,0,1,27,0,16,14,2,35,0,1
37092,1000000US170317306003010,40,0,40,0,0,0,0,40,0,0,40,0,17,17,0,54,0,0
37093,1000000US170317306003011,34,0,33,0,1,0,0,34,0,0,34,0,16,15,1,40,0,0
37094,1000000US170317306003012,36,0,36,0,0,0,0,36,0,0,36,0,17,17,0,41,0,0
37095,1000000US170317306003013,36,0,36,0,0,0,0,36,0,0,36,0,18,17,1,40,0,0
37096,1000000US170317306003014,26,0,26,2,0,0,0,26,0,0,26,2,16,16,0,32,2,0
37097,1000000US170317306003015,0,0,0,0,0,0,0,0,0,0,0,0,0,0,0,0,0,0
37098,1000000US170317306003016,2,0,2,0,0,0,0,2,0,0,2,0,2,2,0,3,0,0
37099,1000000US170317306003017,31,0,31,1,0,0,0,31,0,0,31,1,15,15,0,36,1,0
37100,1000000US170317306003018,28,0,28,0,0,0,0,28,0,0,28,0,17,15,2,50,0,0
37101,1000000US170317306003019,45,7,36,2,0,0,0,45,0,0,38,1,17,15,2,53,1,0
37102,1000000US170317306003020,29,0,29,0,0,0,0,29,0,0,29,0,18,18,0,31,0,0
37103,1000000US170317306003021,41,1,40,0,0,0,0,41,0,0,40,0,19,17,2,56,0,0
37104,1000000US170317306003022,39,0,39,0,0,0,0,39,0,0,39,0,18,17,1,53,0,0
37105,1000000US170317306003023,31,0,30,0,1,0,0,31,0,0,31,2,20,18,2,39,0,0
37106,1000000US170317306003024,29,0,28,0,0,0,1,28,0,1,29,0,11,9,2,46,0,0
37107,1000000US170317306003025,31,0,31,0,0,0,0,31,0,0,31,0,15,14,1,51,0,0
37108,1000000US170317306003026,30,0,30,0,0,0,0,30,0,0,30,0,14,13,1,39,0,0
37109,1000000US170317306003027,33,0,33,2,0,0,0,33,0,0,33,2,14,13,1,50,2,0
37110,1000000US170317306003028,31,0,30,1,0,0,0,31,0,0,31,0,16,16,0,37,1,0
37111,1000000US170317306003029,35,0,35,0,0,0,0,35,0,0,35,0,15,14,1,39,0,0
37112,1000000US170317306003030,34,0,34,0,0,0,0,34,0,0,34,0,15,15,0,36,0,0
37113,1000000US170317306003031,1,0,1,0,0,0,0,1,0,0,1,0,1,1,0,1,0,0
37114,1000000US170317306003032,0,0,0,0,0,0,0,0,0,0,0,0,0,0,0,0,0,0
37115,1000000US170317306003033,5,0,4,0,0,0,1,4,0,1,5,0,2,1,1,5,0,0
37116,1000000US170317306003034,81,0,80,2,0,0,0,81,0,0,81,1,86,81,5,81,2,0
37117,1000000US170317307001000,0,0,0,0,0,0,0,0,0,0,0,0,0,0,0,0,0,0
37118,1000000US170317307001001,0,0,0,0,0,0,0,0,0,0,0,0,0,0,0,0,0,0
37119,1000000US170317307001002,0,0,0,0,0,0,0,0,0,0,0,0,0,0,0,0,0,0
37120,1000000US170317307001003,1,0,1,0,0,0,0,1,0,0,1,0,1,1,0,1,0,0
37121,1000000US170317307001004,22,0,22,0,0,0,0,22,0,0,22,0,15,10,5,30,0,0
37122,1000000US170317307001005,30,0,29,0,1,0,0,30,0,0,30,0,13,13,0,39,0,0
37123,1000000US170317307001006,45,1,44,2,0,0,0,45,0,0,44,3,14,14,0,54,0,0
37124,1000000US170317307001007,29,1,28,0,0,0,0,29,0,0,28,0,16,15,1,45,0,0
37125,1000000US170317307001008,30,0,30,0,0,0,0,30,0,0,30,0,14,12,2,37,0,0
37126,1000000US170317307001009,52,0,52,0,0,0,0,52,0,0,52,0,19,18,1,71,0,0
37127,1000000US170317307001010,39,1,38,0,0,0,0,39,0,0,38,0,16,16,0,46,0,0
37128,1000000US170317307001011,46,0,46,0,0,0,1,45,0,1,46,5,18,18,0,61,0,1
37129,1000000US170317307001012,33,0,33,0,0,0,0,33,0,0,33,0,18,17,1,54,0,0
37130,1000000US170317307001013,41,0,41,0,0,0,1,40,0,1,41,0,18,17,1,48,0,1
37131,1000000US170317307001014,1,0,1,0,0,0,0,1,0,0,1,0,1,1,0,4,0,0
37132,1000000US170317307001015,0,0,0,0,0,0,0,0,0,0,0,0,0,0,0,0,0,0
37133,1000000US170317307001016,39,0,39,0,0,0,0,39,0,0,39,0,21,21,0,45,0,0
37134,1000000US170317307001017,38,0,38,0,0,0,0,38,0,0,38,0,20,19,1,50,0,0
37135,1000000US170317307001018,36,0,36,0,0,0,0,36,0,0,36,0,19,17,2,52,0,0
37136,1000000US170317307001019,40,2,37,0,0,0,1,39,0,1,38,0,18,18,0,54,0,0
37137,1000000US170317307001020,48,0,48,0,0,0,0,48,0,0,48,0,20,19,1,60,0,0
37138,1000000US170317307001021,41,1,37,3,0,0,4,37,0,4,40,3,18,16,2,57,0,1
37139,1000000US170317307001022,39,0,35,4,4,0,1,38,0,1,39,4,18,17,1,54,4,1
37140,1000000US170317307001023,29,0,29,0,0,0,0,29,0,0,29,0,15,15,0,33,0,0
37141,1000000US170317307001024,31,0,31,0,0,0,0,31,0,0,31,0,15,14,1,44,0,0
37142,1000000US170317307001025,25,1,24,0,0,0,0,25,0,0,24,0,15,15,0,37,0,0
37143,1000000US170317307001026,0,0,0,0,0,0,0,0,0,0,0,0,0,0,0,0,0,0
37144,1000000US170317307001027,0,0,0,0,0,0,0,0,0,0,0,0,0,0,0,0,0,0
37145,1000000US170317307002000,20,0,20,0,0,0,0,20,0,0,20,0,10,9,1,22,0,0
37146,1000000US170317307002001,36,0,36,0,0,0,0,36,0,0,36,0,19,18,1,58,0,0
37147,1000000US170317307002002,26,0,26,0,0,0,0,26,0,0,26,0,12,11,1,35,0,0
37148,1000000US170317307002003,0,0,0,0,0,0,0,0,0,0,0,0,0,0,0,0,0,0
37149,1000000US170317307002004,35,0,35,0,0,0,0,35,0,0,35,0,15,14,1,37,0,0
37150,1000000US170317307002005,52,0,52,1,0,0,1,51,0,1,52,1,25,23,2,72,1,1
37151,1000000US170317307002006,13,0,13,0,0,0,0,13,0,0,13,0,7,7,0,15,0,0
37152,1000000US170317307002007,16,0,16,0,0,0,0,16,0,0,16,0,9,8,1,22,0,0
37153,1000000US170317307002008,27,0,27,0,0,0,0,27,0,0,27,0,18,15,3,44,0,0
37154,1000000US170317307002009,32,1,31,0,0,0,0,32,0,0,31,0,17,17,0,42,0,0
37155,1000000US170317307002010,19,0,19,0,0,0,0,19,0,0,19,0,9,8,1,20,0,0
37156,1000000US170317307002011,36,1,35,0,0,0,0,36,0,0,35,0,21,16,5,46,0,0
37157,1000000US170317307002012,23,0,23,0,0,0,0,23,0,0,23,0,14,11,3,45,0,0
37158,1000000US170317307002013,0,0,0,0,0,0,0,0,0,0,0,0,0,0,0,0,0,0
37159,1000000US170317307002014,0,0,0,0,0,0,0,0,0,0,0,0,0,0,0,0,0,0
37160,1000000US170317307002015,7,0,7,0,0,0,0,7,0,0,7,0,2,2,0,8,0,0
37161,1000000US170317307002016,0,0,0,0,0,0,0,0,0,0,0,0,0,0,0,0,0,0
37162,1000000US170317307002017,0,0,0,0,0,0,0,0,0,0,0,0,0,0,0,0,0,0
37163,1000000US170317307002018,0,0,0,0,0,0,0,0,0,0,0,0,0,0,0,0,0,0
37164,1000000US170317307002019,0,0,0,0,0,0,0,0,0,0,0,0,0,0,0,0,0,0
37165,1000000US170317307002020,4,0,4,0,0,0,0,4,0,0,4,0,2,2,0,7,0,0
37166,1000000US170317307002021,6,0,6,0,0,0,0,6,0,0,6,0,6,3,3,10,0,0
37167,1000000US170317307002022,0,0,0,0,0,0,0,0,0,0,0,0,0,0,0,0,0,0
37168,1000000US170317307002023,0,0,0,0,0,0,0,0,0,0,0,0,0,0,0,0,0,0
37169,1000000US170317307002024,0,0,0,0,0,0,0,0,0,0,0,0,0,0,0,0,0,0
37170,1000000US170317307002025,0,0,0,0,0,0,0,0,0,0,0,0,0,0,0,0,0,0
37171,1000000US170317307002026,44,0,44,0,0,0,0,44,0,0,44,0,23,20,3,67,0,0
37172,1000000US170317307002027,68,0,68,0,0,0,0,68,0,0,68,0,26,25,1,105,0,0
37173,1000000US170317307002028,42,0,42,0,0,0,0,42,0,0,42,0,18,16,2,45,0,0
37174,1000000US170317307002029,47,0,47,0,0,0,0,47,0,0,47,0,19,19,0,67,0,0
37175,1000000US170317307002030,35,0,35,0,0,0,1,34,0,1,35,0,17,16,1,51,0,1
37176,1000000US170317307002031,27,0,27,0,0,0,3,24,0,3,27,0,14,13,1,35,0,3
37177,1000000US170317307002032,0,0,0,0,0,0,0,0,0,0,0,0,0,0,0,0,0,0
37178,1000000US170317307002033,76,0,76,0,0,0,0,76,0,0,76,0,29,29,0,116,0,0
37179,1000000US170317307002034,55,0,55,0,0,0,0,55,0,0,55,0,20,20,0,81,0,0
37180,1000000US170317307002035,46,0,46,0,0,0,0,46,0,0,46,0,30,24,6,64,0,0
37181,1000000US170317307002036,46,0,45,0,0,0,2,44,0,2,46,0,23,20,3,54,0,1
37182,1000000US170317307002037,62,0,62,0,0,0,0,62,0,0,62,0,32,30,2,89,0,0
37183,1000000US170317307002038,0,0,0,0,0,0,0,0,0,0,0,0,0,0,0,0,0,0
37184,1000000US170317307002039,6,0,6,0,0,0,0,6,0,0,6,0,6,3,3,9,0,0
37185,1000000US170317307002040,0,0,0,0,0,0,0,0,0,0,0,0,0,0,0,0,0,0
37186,1000000US170317307002041,0,0,0,0,0,0,0,0,0,0,0,0,0,0,0,0,0,0
37187,1000000US170317307002042,52,0,52,2,0,0,0,52,0,0,52,2,28,24,4,89,0,0
37188,1000000US170317401001000,10,9,0,0,0,0,1,9,0,1,1,0,6,6,0,18,0,0
37189,1000000US170317401001001,23,23,0,0,0,0,0,23,0,0,0,0,13,13,0,29,0,0
37190,1000000US170317401001002,12,12,0,0,0,0,0,12,0,0,0,0,7,7,0,19,0,0
37191,1000000US170317401001003,0,0,0,0,0,0,0,0,0,0,0,0,0,0,0,0,0,0
37192,1000000US170317401001004,9,9,0,0,0,0,0,9,0,0,0,0,6,5,1,11,0,0
37193,1000000US170317401001005,15,13,0,0,0,0,2,13,0,2,2,1,6,6,0,17,0,0
37194,1000000US170317401001006,8,8,0,0,0,0,0,8,0,0,0,0,7,5,2,9,0,0
37195,1000000US170317401001007,7,7,0,0,0,0,0,7,0,0,0,0,3,3,0,10,0,0
37196,1000000US170317401001008,1,0,0,0,0,0,1,0,0,1,1,0,1,1,0,1,0,0
37197,1000000US170317401001009,25,22,3,0,0,0,0,25,0,0,3,0,12,12,0,32,0,0
37198,1000000US170317401001010,30,28,0,0,0,0,2,28,0,2,2,0,12,12,0,35,0,0
37199,1000000US170317401001011,26,24,0,0,0,0,2,24,0,2,2,0,13,13,0,34,0,0
37200,1000000US170317401001012,29,29,0,0,0,0,0,29,0,0,0,0,14,14,0,41,0,0
37201,1000000US170317401001013,15,14,0,0,0,0,1,14,0,1,1,0,10,9,1,21,0,0
37202,1000000US170317401001014,19,17,0,0,1,0,1,18,0,1,2,0,13,13,0,30,0,0
37203,1000000US170317401001015,22,21,0,0,0,0,1,21,0,1,1,0,12,12,0,29,0,0
37204,1000000US170317401001016,24,22,1,0,0,0,2,22,0,2,2,0,13,12,1,30,0,1
37205,1000000US170317401001017,28,28,0,0,0,0,0,28,0,0,0,0,19,18,1,35,0,0
37206,1000000US170317401001018,29,29,0,0,0,0,0,29,0,0,0,0,15,14,1,35,0,0
37207,1000000US170317401001019,30,26,0,0,0,0,4,26,0,4,4,0,16,16,0,38,0,0
37208,1000000US170317401001020,27,27,0,0,0,0,0,27,0,0,0,0,14,14,0,37,0,0
37209,1000000US170317401001021,32,30,0,0,0,0,2,30,0,2,2,0,16,16,0,45,0,0
37210,1000000US170317401001022,29,29,0,0,0,0,0,29,0,0,0,0,16,16,0,34,0,0
37211,1000000US170317401001023,17,16,0,0,0,0,1,16,0,1,1,0,12,12,0,19,0,0
37212,1000000US170317401002000,31,30,0,1,0,0,0,31,0,0,1,0,17,17,0,43,1,0
37213,1000000US170317401002001,25,24,0,0,1,0,0,25,0,0,1,0,18,15,3,31,0,0
37214,1000000US170317401002002,30,26,3,0,1,0,0,30,0,0,4,0,17,16,1,41,0,0
37215,1000000US170317401002003,27,21,0,0,1,0,5,22,0,5,6,1,15,14,1,38,0,0
37216,1000000US170317401002004,31,29,0,0,0,0,2,29,0,2,2,0,14,14,0,40,0,0
37217,1000000US170317401002005,30,29,0,0,0,0,1,29,0,1,1,0,14,13,1,45,0,0
37218,1000000US170317401002006,27,23,0,0,1,0,3,24,0,3,4,1,18,17,1,36,0,0
37219,1000000US170317401002007,22,18,0,1,0,0,3,19,0,3,4,0,15,13,2,37,1,0
37220,1000000US170317401002008,33,28,0,0,1,0,4,29,0,4,5,1,16,16,0,45,0,0
37221,1000000US170317401002009,18,18,0,0,0,0,0,18,0,0,0,0,12,11,1,25,0,0
37222,1000000US170317401002010,20,20,0,0,0,0,0,20,0,0,0,0,13,13,0,28,0,0
37223,1000000US170317401002011,21,20,0,0,0,0,1,20,0,1,1,0,12,12,0,28,0,0
37224,1000000US170317401002012,28,23,0,0,0,0,5,23,0,5,5,0,13,13,0,37,0,0
37225,1000000US170317401002013,21,17,0,0,0,3,1,20,0,1,4,4,11,11,0,35,0,0
37226,1000000US170317401002014,23,22,0,0,0,0,1,22,0,1,1,0,12,12,0,35,0,0
37227,1000000US170317401002015,27,24,2,0,0,0,1,26,0,1,3,0,14,14,0,31,0,0
37228,1000000US170317401002016,12,12,0,0,0,0,0,12,0,0,0,0,7,7,0,19,0,0
37229,1000000US170317401002017,8,8,0,0,0,0,0,8,0,0,0,0,5,5,0,12,0,0
37230,1000000US170317401002018,10,10,0,0,0,0,0,10,0,0,0,0,6,6,0,11,0,0
37231,1000000US170317401002019,4,4,0,0,0,0,0,4,0,0,0,0,4,3,1,4,0,0
37232,1000000US170317401003000,0,0,0,0,0,0,0,0,0,0,0,0,0,0,0,0,0,0
37233,1000000US170317401003001,17,14,0,0,0,0,3,14,0,3,3,0,9,9,0,24,0,0
37234,1000000US170317401003002,11,11,0,0,0,0,0,11,0,0,0,0,7,7,0,16,0,0
37235,1000000US170317401003003,27,22,0,3,0,0,2,25,0,2,5,3,15,12,3,34,0,0
37236,1000000US170317401003004,42,40,0,0,0,0,2,40,0,2,2,0,19,19,0,54,0,0
37237,1000000US170317401003005,31,29,0,0,0,0,2,29,0,2,2,0,16,16,0,41,0,0
37238,1000000US170317401003006,34,33,0,0,0,0,1,33,0,1,1,0,18,18,0,45,0,0
37239,1000000US170317401003007,29,27,0,0,0,0,2,27,0,2,2,0,14,14,0,39,0,0
37240,1000000US170317401003008,34,27,1,0,0,0,6,28,0,6,7,0,15,15,0,50,0,0
37241,1000000US170317401003009,19,17,0,0,0,0,2,17,0,2,2,0,16,14,2,21,0,0
37242,1000000US170317401003010,31,23,0,0,0,0,8,23,0,8,8,0,15,15,0,42,0,0
37243,1000000US170317401003011,55,49,0,0,0,0,6,49,0,6,6,1,32,31,1,73,0,0
37244,1000000US170317401003012,32,28,0,0,0,0,4,28,0,4,4,0,15,15,0,47,0,0
37245,1000000US170317401003013,28,27,0,0,0,0,1,27,0,1,1,0,15,14,1,40,0,0
37246,1000000US170317401003014,73,64,2,0,4,0,3,70,0,3,9,0,36,34,2,98,0,0
37247,1000000US170317401003015,49,46,1,0,0,0,2,47,0,2,3,0,26,25,1,70,0,0
37248,1000000US170317401004000,45,39,0,1,0,0,5,40,0,5,6,1,23,23,0,65,0,0
37249,1000000US170317401004001,55,46,0,0,0,0,9,46,0,9,9,0,27,26,1,82,0,0
37250,1000000US170317401004002,131,121,1,0,0,0,9,122,0,9,10,0,72,67,5,165,0,0
37251,1000000US170317401004003,57,52,1,0,0,0,4,53,0,4,5,0,32,29,3,83,0,0
37252,1000000US170317401004004,24,21,0,0,0,0,3,21,0,3,3,0,17,15,2,30,0,0
37253,1000000US170317401004005,0,0,0,0,0,0,0,0,0,0,0,0,0,0,0,0,0,0
37254,1000000US170317401004006,3,3,0,0,0,0,0,3,0,0,0,0,5,2,3,3,0,0
37255,1000000US170317401004007,0,0,0,0,0,0,0,0,0,0,0,0,0,0,0,0,0,0
37256,1000000US170317401004008,0,0,0,0,0,0,0,0,0,0,0,0,0,0,0,0,0,0
37257,1000000US170317401004009,22,22,0,0,0,0,0,22,0,0,0,0,21,16,5,22,0,0
37258,1000000US170317401004010,34,30,2,0,0,0,2,32,0,2,4,0,24,24,0,42,0,0
37259,1000000US170317401004011,0,0,0,0,0,0,0,0,0,0,0,0,0,0,0,0,0,0
37260,1000000US170317401004012,25,24,0,0,0,0,1,24,0,1,1,0,11,10,1,28,0,0
37261,1000000US170317401004013,20,20,0,0,0,0,0,20,0,0,0,0,14,12,2,31,0,0
37262,1000000US170317401004014,26,25,0,0,0,0,1,25,0,1,1,0,12,11,1,32,0,0
37263,1000000US170317401004015,36,27,9,0,0,0,0,36,0,0,9,0,17,15,2,45,0,0
37264,1000000US170317401004016,25,24,0,0,0,0,1,24,0,1,1,0,13,12,1,30,0,0
37265,1000000US170317401004017,23,21,0,0,0,0,2,21,0,2,2,1,12,12,0,33,0,0
37266,1000000US170317401004018,25,25,0,0,0,0,0,25,0,0,0,0,20,18,2,32,0,0
37267,1000000US170317401004019,3,2,1,0,0,0,0,3,0,0,1,1,3,3,0,3,0,0
37268,1000000US170317401004020,14,14,0,0,0,0,0,14,0,0,0,0,12,9,3,14,0,0
37269,1000000US170317401004021,36,34,0,0,1,0,1,35,0,1,2,0,18,18,0,46,0,0
37270,1000000US170317401004022,31,29,0,0,0,0,2,29,0,2,2,0,17,16,1,37,0,0
37271,1000000US170317401004023,30,28,1,0,1,0,0,30,0,0,2,0,17,16,1,40,0,0
37272,1000000US170317401004024,23,23,0,0,0,0,0,23,0,0,0,0,14,12,2,24,0,0
37273,1000000US170317401004025,24,21,0,0,0,0,3,21,0,3,3,0,15,12,3,24,0,0
37274,1000000US170317401004026,35,31,0,0,2,1,1,34,0,1,4,3,16,16,0,45,0,0
37275,1000000US170317401004027,31,30,0,0,0,0,1,30,0,1,1,0,18,16,2,42,0,0
37276,1000000US170317401004028,27,26,0,0,0,0,1,26,0,1,1,0,16,16,0,35,0,0
37277,1000000US170317401004029,28,24,0,0,0,0,4,24,0,4,4,0,17,17,0,44,0,0
37278,1000000US170317401004030,35,29,0,0,0,0,6,29,0,6,6,0,17,17,0,47,0,0
37279,1000000US170317402001000,757,434,201,7,34,2,104,653,0,104,323,22,208,155,53,796,1,11
37280,1000000US170317402001001,60,54,0,0,0,0,6,54,0,6,6,1,25,25,0,83,0,0
37281,1000000US170317402001002,143,86,38,3,9,0,12,131,0,12,57,11,29,21,8,148,1,1
37282,1000000US170317402001003,169,71,66,2,7,0,31,138,0,31,98,4,76,51,25,182,2,6
37283,1000000US170317402001004,0,0,0,0,0,0,0,0,0,0,0,0,0,0,0,0,0,0
37284,1000000US170317402001005,49,43,0,0,2,0,4,45,0,4,6,1,22,22,0,65,0,0
37285,1000000US170317402001006,17,14,0,0,0,0,3,14,0,3,3,2,8,8,0,21,0,0
37286,1000000US170317402001007,73,70,0,1,1,0,2,71,0,2,3,1,28,27,1,88,0,0
37287,1000000US170317402001008,53,49,0,0,0,0,4,49,0,4,4,0,21,20,1,68,0,0
37288,1000000US170317402001009,48,35,0,1,2,0,10,38,0,10,13,1,19,19,0,63,0,0
37289,1000000US170317402001010,58,56,0,0,0,0,2,56,0,2,2,0,22,22,0,68,0,0
37290,1000000US170317402001011,128,116,0,0,2,0,10,118,0,10,12,1,61,58,3,167,0,0
37291,1000000US170317402001012,78,70,0,0,0,0,8,70,0,8,8,4,40,38,2,113,0,0
37292,1000000US170317402001013,9,8,0,0,0,0,1,8,0,1,1,0,4,4,0,9,0,0
37293,1000000US170317402001014,43,39,0,1,0,0,4,39,0,4,4,0,25,23,2,55,1,0
37294,1000000US170317402001015,158,138,12,0,0,0,8,150,0,8,20,1,102,96,6,201,0,0
37295,1000000US170317402001016,114,112,0,0,0,0,2,112,0,2,2,0,53,52,1,158,0,0
37296,1000000US170317402001017,88,82,0,0,0,0,6,82,0,6,6,0,41,41,0,129,0,0
37297,1000000US170317402002000,143,135,0,0,0,2,6,137,0,6,8,1,67,65,2,199,0,0
37298,1000000US170317402002001,125,123,0,0,0,0,2,123,0,2,2,0,60,58,2,178,0,0
37299,1000000US170317402002002,125,117,0,0,2,0,6,119,0,6,8,0,58,57,1,167,0,0
37300,1000000US170317402002003,127,123,0,0,0,0,4,123,0,4,4,0,61,61,0,176,0,0
37301,1000000US170317402002004,58,51,0,0,0,0,7,51,0,7,7,0,28,27,1,70,0,0
37302,1000000US170317402002005,63,61,0,0,1,0,1,62,0,1,2,0,29,29,0,93,0,0
37303,1000000US170317402002006,24,20,0,2,2,0,1,23,0,1,4,2,14,14,0,30,1,0
37304,1000000US170317402002007,50,40,0,0,0,0,10,40,0,10,10,0,23,23,0,83,0,0
37305,1000000US170317402002008,19,17,0,0,0,0,2,17,0,2,2,0,12,11,1,22,0,0
37306,1000000US170317402002009,15,12,0,1,1,0,1,14,0,1,3,2,12,9,3,19,0,0
37307,1000000US170317402002010,93,85,0,0,1,0,7,86,0,7,8,0,44,43,1,124,0,0
37308,1000000US170317402002011,126,116,4,0,0,0,6,120,0,6,10,0,58,57,1,176,0,0
37309,1000000US170317402003000,27,26,0,0,0,0,1,26,0,1,1,0,15,15,0,42,0,0
37310,1000000US170317402003001,26,24,0,0,0,0,2,24,0,2,2,0,14,14,0,40,0,0
37311,1000000US170317402003002,26,23,0,0,0,0,3,23,0,3,3,0,13,13,0,29,0,0
37312,1000000US170317402003003,15,15,0,0,0,0,0,15,0,0,0,0,12,9,3,16,0,0
37313,1000000US170317402003004,15,15,0,0,0,0,0,15,0,0,0,0,8,8,0,19,0,0
37314,1000000US170317402003005,19,18,0,0,0,0,1,18,0,1,1,0,8,8,0,27,0,0
37315,1000000US170317402003006,21,20,0,0,0,0,1,20,0,1,1,0,14,13,1,28,0,0
37316,1000000US170317402003007,19,19,0,0,0,0,0,19,0,0,0,0,8,8,0,24,0,0
37317,1000000US170317402003008,14,12,0,0,1,0,1,13,0,1,2,0,8,8,0,20,0,0
37318,1000000US170317402003009,11,11,0,0,0,0,0,11,0,0,0,0,6,6,0,14,0,0
37319,1000000US170317402003010,17,13,0,0,0,0,4,13,0,4,4,0,7,7,0,17,0,0
37320,1000000US170317402003011,96,92,0,0,0,0,4,92,0,4,4,0,48,47,1,124,0,0
37321,1000000US170317402003012,98,91,0,2,2,0,3,95,0,3,7,1,49,48,1,135,2,0
37322,1000000US170317402003013,92,88,0,0,1,0,3,89,0,3,4,0,40,40,0,122,0,0
37323,1000000US170317402003014,96,91,0,0,0,0,5,91,0,5,5,0,42,41,1,115,0,0
37324,1000000US170317402003015,153,140,0,2,0,0,11,142,0,11,13,2,77,74,3,220,0,0
37325,1000000US170317402003016,29,29,0,0,0,0,0,29,0,0,0,0,16,15,1,41,0,0
37326,1000000US170317402003017,57,56,0,0,0,0,1,56,0,1,1,0,28,28,0,83,0,0
37327,1000000US170317402003018,25,25,0,0,0,0,0,25,0,0,0,0,14,13,1,45,0,0
37328,1000000US170317402003019,14,9,4,0,0,0,1,13,0,1,5,0,8,8,0,16,0,0
37329,1000000US170317402003020,11,9,0,0,0,0,2,9,0,2,2,0,8,7,1,14,0,0
37330,1000000US170317402003021,27,21,0,0,2,0,4,23,0,4,6,1,15,14,1,38,0,0
37331,1000000US170317402003022,34,32,2,0,0,0,0,34,0,0,2,0,17,17,0,45,0,0
37332,1000000US170317402004000,25,21,0,0,1,0,3,22,0,3,4,1,14,14,0,35,0,0
37333,1000000US170317402004001,54,51,0,0,2,2,1,53,0,1,3,2,29,27,2,71,0,0
37334,1000000US170317402004002,63,58,1,2,0,0,2,61,0,2,5,0,29,28,1,71,2,0
37335,1000000US170317402004003,53,53,0,0,0,0,0,53,0,0,0,0,29,27,2,91,0,0
37336,1000000US170317402004004,62,61,0,0,0,0,1,61,0,1,1,0,30,29,1,80,0,0
37337,1000000US170317402004005,129,125,0,0,0,0,4,125,0,4,4,0,64,61,3,177,0,0
37338,1000000US170317402004006,137,127,0,0,0,0,10,127,0,10,10,0,68,67,1,190,0,0
37339,1000000US170317402004007,121,121,0,0,0,0,0,121,0,0,0,0,61,60,1,155,0,0
37340,1000000US170317402004008,70,65,1,0,0,0,4,66,0,4,5,2,35,35,0,92,0,0
37341,1000000US170317402004009,126,116,1,0,1,1,8,118,0,8,10,3,59,59,0,167,0,0
37342,1000000US170317402004010,18,18,0,0,0,0,0,18,0,0,0,0,11,11,0,21,0,0
37343,1000000US170317402004011,19,17,0,0,0,1,1,18,0,1,2,1,11,11,0,28,0,0
37344,1000000US170317402004012,48,47,0,0,0,0,1,47,0,1,1,0,26,25,1,74,0,0
37345,1000000US170317402004013,58,55,0,0,0,0,3,55,0,3,3,0,29,29,0,84,0,0
37346,1000000US170317402004014,47,44,0,0,0,0,3,44,0,3,3,0,25,23,2,60,0,0
37347,1000000US170317402004015,32,30,0,0,0,0,2,30,0,2,2,1,15,14,1,36,0,0
37348,1000000US170317402004016,63,58,0,0,0,0,5,58,0,5,5,0,27,27,0,90,0,0
37349,1000000US170317403001000,34,34,0,0,0,0,0,34,0,0,0,0,17,17,0,43,0,0
37350,1000000US170317403001001,27,23,0,0,0,0,4,23,0,4,4,0,15,15,0,36,0,0
37351,1000000US170317403001002,32,28,0,0,2,0,2,30,0,2,4,0,15,15,0,38,0,0
37352,1000000US170317403001003,29,27,0,0,0,0,2,27,0,2,2,0,16,16,0,32,0,0
37353,1000000US170317403001004,32,31,0,0,0,0,1,31,0,1,1,0,19,19,0,48,0,0
37354,1000000US170317403001005,32,32,0,0,0,0,0,32,0,0,0,0,16,16,0,42,0,0
37355,1000000US170317403001006,26,26,0,0,0,0,0,26,0,0,0,0,13,13,0,31,0,0
37356,1000000US170317403001007,27,26,0,0,0,0,1,26,0,1,1,1,14,14,0,39,0,0
37357,1000000US170317403001008,28,27,1,0,0,0,0,28,0,0,1,0,15,14,1,35,0,0
37358,1000000US170317403001009,0,0,0,0,0,0,0,0,0,0,0,0,0,0,0,0,0,0
37359,1000000US170317403001010,14,11,0,0,0,0,3,11,0,3,3,0,11,9,2,18,0,0
37360,1000000US170317403001011,23,23,0,0,0,0,0,23,0,0,0,0,10,10,0,34,0,0
37361,1000000US170317403001012,16,15,0,0,0,0,1,15,0,1,1,0,9,9,0,18,0,0
37362,1000000US170317403001013,18,18,0,0,0,0,0,18,0,0,0,0,11,11,0,24,0,0
37363,1000000US170317403001014,38,37,0,0,0,0,1,37,0,1,1,0,17,17,0,53,0,0
37364,1000000US170317403001015,33,31,0,0,0,0,2,31,0,2,2,0,18,17,1,38,0,0
37365,1000000US170317403001016,32,31,0,0,0,0,1,31,0,1,1,0,16,16,0,47,0,0
37366,1000000US170317403001017,31,31,0,0,0,0,0,31,0,0,0,0,16,16,0,33,0,0
37367,1000000US170317403001018,29,29,0,0,0,0,0,29,0,0,0,0,15,14,1,47,0,0
37368,1000000US170317403001019,81,79,0,0,1,0,1,80,0,1,2,0,50,49,1,93,0,0
37369,1000000US170317403001020,82,75,3,1,0,0,4,78,0,4,7,1,43,43,0,95,0,1
37370,1000000US170317403001021,4,4,0,0,0,0,0,4,0,0,0,0,2,2,0,4,0,0
37371,1000000US170317403001022,49,37,9,0,0,0,3,46,0,3,12,0,38,38,0,51,0,0
37372,1000000US170317403001023,39,37,0,0,0,0,2,37,0,2,2,0,14,14,0,44,0,0
37373,1000000US170317403002000,31,22,5,0,0,0,4,27,0,4,9,0,13,13,0,37,0,0
37374,1000000US170317403002001,31,30,0,0,0,0,1,30,0,1,1,0,17,17,0,46,0,0
37375,1000000US170317403002002,21,15,5,0,0,0,1,20,0,1,6,0,8,8,0,40,0,0
37376,1000000US170317403002003,130,117,0,2,0,0,12,118,0,12,13,2,64,61,3,186,2,0
37377,1000000US170317403002004,12,12,0,0,0,0,0,12,0,0,0,0,7,6,1,17,0,0
37378,1000000US170317403002005,108,98,0,0,2,0,8,100,0,8,10,0,48,47,1,136,0,0
37379,1000000US170317403002006,25,25,0,0,0,0,0,25,0,0,0,0,10,10,0,28,0,0
37380,1000000US170317403002007,19,15,0,1,0,0,4,15,0,4,4,2,9,9,0,24,1,0
37381,1000000US170317403002008,147,139,1,0,3,0,4,143,0,4,8,1,76,72,4,191,0,0
37382,1000000US170317403002009,0,0,0,0,0,0,0,0,0,0,0,0,0,0,0,0,0,0
37383,1000000US170317403002010,26,26,0,0,0,0,0,26,0,0,0,0,14,13,1,38,0,0
37384,1000000US170317403002011,23,23,0,0,0,0,0,23,0,0,0,0,12,12,0,31,0,0
37385,1000000US170317403002012,23,23,0,0,0,0,0,23,0,0,0,0,12,12,0,35,0,0
37386,1000000US170317403002013,29,29,0,0,0,0,0,29,0,0,0,0,15,15,0,41,0,0
37387,1000000US170317403002014,25,25,0,0,0,0,0,25,0,0,0,0,10,10,0,32,0,0
37388,1000000US170317403002015,29,25,0,0,0,0,4,25,0,4,4,0,14,14,0,37,0,0
37389,1000000US170317403002016,21,21,0,0,0,0,0,21,0,0,0,0,10,10,0,36,0,0
37390,1000000US170317403002017,21,19,1,0,1,0,0,21,0,0,2,0,10,10,0,25,0,0
37391,1000000US170317403002018,3,3,0,0,0,0,0,3,0,0,0,0,3,3,0,3,0,0
37392,1000000US170317403002019,11,11,0,0,0,0,0,11,0,0,0,0,4,4,0,15,0,0
37393,1000000US170317403002020,28,24,2,0,0,0,2,26,0,2,4,0,9,9,0,37,0,0
37394,1000000US170317403002021,22,21,0,0,0,0,1,21,0,1,1,0,13,12,1,31,0,0
37395,1000000US170317403002022,22,20,0,0,0,0,2,20,0,2,2,0,10,10,0,35,0,0
37396,1000000US170317403002023,19,18,0,0,0,0,1,18,0,1,1,0,11,11,0,34,0,0
37397,1000000US170317403002024,0,0,0,0,0,0,0,0,0,0,0,0,0,0,0,0,0,0
37398,1000000US170317403002025,0,0,0,0,0,0,0,0,0,0,0,0,0,0,0,0,0,0
37399,1000000US170317403002026,0,0,0,0,0,0,0,0,0,0,0,0,0,0,0,0,0,0
37400,1000000US170317403002027,4,4,0,0,0,0,0,4,0,0,0,0,4,4,0,5,0,0
37401,1000000US170317403002028,12,11,0,0,0,0,1,11,0,1,1,0,5,5,0,14,0,0
37402,1000000US170317403002029,16,15,0,0,0,0,1,15,0,1,1,0,8,8,0,17,0,0
37403,1000000US170317403003000,29,29,0,0,0,0,0,29,0,0,0,0,15,14,1,35,0,0
37404,1000000US170317403003001,29,26,0,1,0,0,3,26,0,3,3,0,15,14,1,37,1,0
37405,1000000US170317403003002,36,35,0,0,0,0,1,35,0,1,1,0,16,15,1,47,0,0
37406,1000000US170317403003003,32,29,0,0,0,0,3,29,0,3,3,0,14,14,0,46,0,0
37407,1000000US170317403003004,39,36,0,0,0,0,3,36,0,3,3,0,15,15,0,43,0,0
37408,1000000US170317403003005,30,23,0,0,1,0,7,23,0,7,7,0,17,15,2,40,0,0
37409,1000000US170317403003006,30,29,0,0,0,0,1,29,0,1,1,0,16,16,0,49,0,0
37410,1000000US170317403003007,34,32,1,0,0,0,1,33,0,1,2,1,16,15,1,49,0,0
37411,1000000US170317403003008,30,26,0,0,2,0,2,28,0,2,4,1,14,14,0,43,0,0
37412,1000000US170317403003009,31,31,0,0,0,0,0,31,0,0,0,0,15,15,0,36,0,0
37413,1000000US170317403003010,32,29,0,0,0,0,3,29,0,3,3,0,15,14,1,43,0,0
37414,1000000US170317403003011,21,20,0,0,0,0,1,20,0,1,1,0,13,13,0,34,0,0
37415,1000000US170317403003012,25,25,0,0,0,0,0,25,0,0,0,0,12,12,0,27,0,0
37416,1000000US170317403003013,24,22,0,0,0,0,2,22,0,2,2,0,12,11,1,36,0,0
37417,1000000US170317403003014,22,21,0,0,0,0,1,21,0,1,1,0,11,11,0,25,0,0
37418,1000000US170317403003015,23,23,0,0,0,0,0,23,0,0,0,0,11,11,0,38,0,0
37419,1000000US170317403003016,25,23,0,0,0,0,2,23,0,2,2,0,11,11,0,40,0,0
37420,1000000US170317403003017,12,10,0,0,0,0,2,10,0,2,2,0,7,7,0,18,0,0
37421,1000000US170317403003018,28,27,0,0,0,0,1,27,0,1,1,0,11,10,1,37,0,0
37422,1000000US170317403003019,18,17,0,0,0,0,1,17,0,1,1,0,10,10,0,24,0,0
37423,1000000US170317403003020,0,0,0,0,0,0,0,0,0,0,0,0,0,0,0,0,0,0
37424,1000000US170317403003021,2,1,0,0,0,0,1,1,0,1,1,1,1,1,0,4,0,0
37425,1000000US170317403003022,14,14,0,0,0,0,0,14,0,0,0,0,10,9,1,21,0,0
37426,1000000US170317403003023,40,32,8,0,0,0,0,40,0,0,8,0,23,21,2,51,0,0
37427,1000000US170317403004000,58,50,2,1,3,1,4,54,0,4,8,1,28,28,0,74,1,0
37428,1000000US170317403004001,31,26,0,2,0,0,3,28,0,3,5,1,19,19,0,38,1,0
37429,1000000US170317403004002,30,28,0,0,0,0,2,28,0,2,2,0,18,18,0,49,0,0
37430,1000000US170317403004003,26,25,0,0,0,0,1,25,0,1,1,0,15,15,0,36,0,0
37431,1000000US170317403004004,34,33,0,0,0,0,1,33,0,1,1,0,15,15,0,49,0,0
37432,1000000US170317403004005,149,146,0,0,0,0,3,146,0,3,3,0,71,69,2,197,0,0
37433,1000000US170317403004006,26,25,0,0,0,0,1,25,0,1,1,0,14,14,0,39,0,0
37434,1000000US170317403004007,41,41,0,0,0,0,0,41,0,0,0,0,21,21,0,58,0,0
37435,1000000US170317403004008,20,20,0,0,0,0,0,20,0,0,0,0,11,11,0,21,0,0
37436,1000000US170317403004009,40,39,0,0,0,0,1,39,0,1,1,0,20,20,0,51,0,0
37437,1000000US170317403004010,58,57,0,0,0,0,1,57,0,1,1,0,28,27,1,93,0,0
37438,1000000US170317403004011,51,46,0,0,0,0,5,46,0,5,5,3,27,26,1,63,0,0
37439,1000000US170317403004012,33,30,0,0,0,0,3,30,0,3,3,0,18,16,2,43,0,0
37440,1000000US170317403005000,31,31,0,0,0,0,0,31,0,0,0,0,15,14,1,52,0,0
37441,1000000US170317403005001,28,28,0,0,0,0,0,28,0,0,0,0,14,14,0,35,0,0
37442,1000000US170317403005002,28,25,0,0,1,0,3,25,0,3,3,0,15,15,0,38,0,0
37443,1000000US170317403005003,31,23,0,5,0,0,3,28,0,3,8,0,15,14,1,41,5,0
37444,1000000US170317403005004,160,154,1,1,0,0,4,156,0,4,6,0,83,81,2,211,1,0
37445,1000000US170317403005005,26,25,0,0,0,0,1,25,0,1,1,0,14,14,0,38,0,0
37446,1000000US170317403005006,230,208,0,5,2,0,18,212,0,18,22,3,148,137,11,280,4,0
37447,1000000US170317403005007,38,37,0,0,0,0,1,37,0,1,1,0,19,19,0,53,0,0
37448,1000000US170317403005008,39,37,0,0,0,0,2,37,0,2,2,0,20,20,0,49,0,0
37449,1000000US170317403005009,38,37,0,0,0,0,1,37,0,1,1,1,16,15,1,54,0,0
37450,1000000US170317403005010,28,28,0,0,0,0,0,28,0,0,0,0,15,14,1,32,0,0
37451,1000000US170317403005011,32,29,0,1,1,0,1,31,0,1,3,0,15,15,0,46,1,0
37452,1000000US170317403005012,31,30,0,0,0,0,1,30,0,1,1,0,14,14,0,36,0,0
37453,1000000US170317404001000,79,61,12,0,1,0,5,74,0,5,18,0,42,38,4,90,0,0
37454,1000000US170317404001001,62,58,0,0,2,0,2,60,0,2,4,2,41,39,2,80,0,0
37455,1000000US170317404001002,8,7,0,0,0,0,1,7,0,1,1,0,4,4,0,9,0,0
37456,1000000US170317404001003,12,12,0,0,0,0,0,12,0,0,0,0,5,5,0,12,0,0
37457,1000000US170317404001004,36,29,0,4,4,0,5,31,0,5,7,4,18,17,1,47,4,0
37458,1000000US170317404001005,0,0,0,0,0,0,0,0,0,0,0,0,0,0,0,0,0,0
37459,1000000US170317404001006,32,26,0,1,1,0,4,28,0,4,6,1,11,11,0,43,0,0
37460,1000000US170317404001007,2,2,0,0,0,0,0,2,0,0,0,0,2,2,0,2,0,0
37461,1000000US170317404001008,21,19,0,0,0,0,2,19,0,2,2,0,16,15,1,22,0,0
37462,1000000US170317404001009,11,11,0,0,0,0,0,11,0,0,0,0,7,7,0,21,0,0
37463,1000000US170317404001010,16,12,0,0,0,0,4,12,0,4,4,0,8,7,1,19,0,0
37464,1000000US170317404001011,34,29,0,1,1,0,3,31,0,3,5,2,14,14,0,50,0,0
37465,1000000US170317404001012,30,30,0,0,0,0,0,30,0,0,0,0,16,16,0,42,0,0
37466,1000000US170317404001013,37,35,2,0,0,0,0,37,0,0,2,0,17,17,0,49,0,0
37467,1000000US170317404001014,21,21,0,0,0,0,0,21,0,0,0,0,10,10,0,24,0,0
37468,1000000US170317404001015,16,13,1,1,0,0,3,13,0,3,3,1,8,7,1,23,0,1
37469,1000000US170317404001016,17,16,0,0,0,0,1,16,0,1,1,0,7,7,0,21,0,0
37470,1000000US170317404001017,25,20,2,0,0,0,3,22,0,3,5,0,16,16,0,30,0,0
37471,1000000US170317404001018,34,32,0,0,0,0,2,32,0,2,2,0,16,15,1,52,0,0
37472,1000000US170317404001019,49,49,0,0,0,0,0,49,0,0,0,0,28,24,4,67,0,0
37473,1000000US170317404001020,45,37,1,0,0,0,7,38,0,7,8,0,24,22,2,67,0,0
37474,1000000US170317404001021,25,24,0,0,0,0,1,24,0,1,1,0,15,13,2,34,0,0
37475,1000000US170317404001022,29,29,0,0,0,0,0,29,0,0,0,0,14,14,0,37,0,0
37476,1000000US170317404001023,32,20,0,0,7,0,5,27,0,5,12,0,13,13,0,43,0,0
37477,1000000US170317404002000,127,116,0,3,0,0,8,119,0,8,11,1,66,60,6,158,2,0
37478,1000000US170317404002001,13,9,0,0,4,0,0,13,0,0,4,0,5,5,0,15,0,0
37479,1000000US170317404002002,80,77,1,1,0,0,1,79,0,1,3,0,42,40,2,115,1,0
37480,1000000US170317404002003,140,137,0,0,0,0,3,137,0,3,3,1,69,67,2,186,0,0
37481,1000000US170317404002004,105,91,1,0,2,0,10,95,0,10,14,3,55,52,3,156,0,0
37482,1000000US170317404002005,109,85,5,0,4,0,15,94,0,15,24,0,50,50,0,155,0,0
37483,1000000US170317404002006,144,134,0,0,1,0,9,135,0,9,10,0,69,66,3,183,0,0
37484,1000000US170317404003000,10,10,0,0,0,0,0,10,0,0,0,0,5,5,0,14,0,0
37485,1000000US170317404003001,18,16,0,0,0,0,2,16,0,2,2,0,9,9,0,23,0,0
37486,1000000US170317404003002,11,10,0,0,0,0,1,10,0,1,1,0,6,6,0,14,0,0
37487,1000000US170317404003003,12,11,1,0,0,0,0,12,0,0,1,1,7,7,0,17,0,0
37488,1000000US170317404003004,26,24,2,0,0,0,0,26,0,0,2,0,14,14,0,33,0,0
37489,1000000US170317404003005,26,25,0,0,1,0,0,26,0,0,1,0,14,14,0,31,0,0
37490,1000000US170317404003006,36,33,3,0,0,0,0,36,0,0,3,1,18,17,1,47,0,0
37491,1000000US170317404003007,34,32,1,0,0,0,1,33,0,1,2,0,19,19,0,48,0,0
37492,1000000US170317404003008,54,49,0,0,0,0,5,49,0,5,5,0,24,24,0,83,0,0
37493,1000000US170317404003009,109,105,1,2,0,0,2,107,0,2,4,4,46,46,0,144,0,0
37494,1000000US170317404003010,60,59,0,0,0,0,1,59,0,1,1,0,30,28,2,83,0,0
37495,1000000US170317404003011,133,128,0,0,1,0,4,129,0,4,5,0,64,63,1,192,0,0
37496,1000000US170317404003012,446,58,377,3,3,0,13,433,0,13,388,9,368,309,59,540,1,3
37497,1000000US170317404003013,0,0,0,0,0,0,0,0,0,0,0,0,0,0,0,0,0,0
37498,1000000US170317404003014,62,4,54,3,0,0,2,60,0,2,58,3,55,46,9,70,2,0
37499,1000000US170317404003015,0,0,0,0,0,0,0,0,0,0,0,0,0,0,0,0,0,0
37500,1000000US170317404003016,0,0,0,0,0,0,0,0,0,0,0,0,0,0,0,0,0,0
37501,1000000US170317404003017,113,113,0,0,0,0,0,113,0,0,0,0,56,53,3,146,0,0
37502,1000000US170317404003018,138,134,1,0,0,0,3,135,0,3,4,0,62,61,1,176,0,0
37503,1000000US170317404003019,43,40,0,0,0,0,3,40,0,3,3,0,21,21,0,70,0,0
37504,1000000US170317404003020,37,34,0,0,0,0,3,34,0,3,3,0,21,21,0,51,0,0
37505,1000000US170317404003021,39,36,3,0,0,0,0,39,0,0,3,0,20,20,0,50,0,0
37506,1000000US170317404003022,39,37,0,1,0,0,1,38,0,1,2,1,19,19,0,58,0,0
37507,1000000US170317404003023,161,154,1,1,1,0,4,157,0,4,7,1,70,68,2,209,1,0
37508,1000000US170317404003024,60,58,0,0,0,0,2,58,0,2,2,0,31,30,1,76,0,0
37509,1000000US170317404003025,0,0,0,0,0,0,0,0,0,0,0,0,0,0,0,0,0,0
37510,1000000US170317404004000,31,27,2,0,0,0,2,29,0,2,4,0,19,17,2,35,0,0
37511,1000000US170317404004001,30,28,1,0,0,0,1,29,0,1,2,0,15,15,0,37,0,0
37512,1000000US170317404004002,8,8,0,0,0,0,0,8,0,0,0,0,6,4,2,12,0,0
37513,1000000US170317404004003,6,5,0,0,0,1,1,5,0,1,1,0,7,6,1,6,0,0
37514,1000000US170317404004004,33,31,0,0,0,0,2,31,0,2,2,0,15,15,0,38,0,0
37515,1000000US170317404004005,34,31,0,0,0,0,3,31,0,3,3,0,16,16,0,52,0,0
37516,1000000US170317404004006,64,60,0,0,0,0,4,60,0,4,4,0,32,31,1,84,0,0
37517,1000000US170317404004007,4,4,0,0,0,0,0,4,0,0,0,0,2,2,0,4,0,0
37518,1000000US170317404004008,16,16,0,0,0,0,0,16,0,0,0,0,7,7,0,24,0,0
37519,1000000US170317404004009,17,17,0,0,0,0,0,17,0,0,0,0,8,8,0,21,0,0
37520,1000000US170317404004010,28,23,0,0,4,0,1,27,0,1,5,2,16,16,0,33,0,0
37521,1000000US170317404004011,23,23,0,0,0,0,0,23,0,0,0,0,12,12,0,27,0,0
37522,1000000US170317404004012,11,10,0,0,1,0,0,11,0,0,1,1,7,7,0,18,0,0
37523,1000000US170317404004013,26,22,0,0,0,0,4,22,0,4,4,2,10,10,0,35,0,0
37524,1000000US170317404004014,29,20,3,0,0,0,6,23,0,6,9,0,16,16,0,40,0,0
37525,1000000US170317404004015,59,51,2,4,0,0,2,57,0,2,8,5,29,29,0,97,0,0
37526,1000000US170317404004016,28,28,0,0,0,0,0,28,0,0,0,0,15,14,1,33,0,0
37527,1000000US170317404004017,67,65,0,0,1,0,1,66,0,1,2,0,29,29,0,85,0,0
37528,1000000US170317404004018,14,9,0,0,0,0,5,9,0,5,5,0,6,6,0,19,0,0
37529,1000000US170317404004019,15,13,0,0,0,0,2,13,0,2,2,0,7,7,0,19,0,0
37530,1000000US170317404004020,32,31,0,0,1,0,0,32,0,0,1,0,15,15,0,39,0,0
37531,1000000US170317501001000,0,0,0,0,0,0,0,0,0,0,0,0,0,0,0,0,0,0
37532,1000000US170317501001001,28,2,26,0,0,0,0,28,0,0,26,0,14,14,0,35,0,0
37533,1000000US170317501001002,165,0,164,1,0,0,2,163,0,2,165,2,72,72,0,191,1,1
37534,1000000US170317501001003,66,0,66,0,0,0,0,66,0,0,66,1,30,30,0,82,0,0
37535,1000000US170317501001004,95,0,95,0,0,0,0,95,0,0,95,0,44,43,1,120,0,0
37536,1000000US170317501001005,126,0,126,0,0,0,0,126,0,0,126,0,46,46,0,147,0,0
37537,1000000US170317501001006,74,0,74,0,0,0,0,74,0,0,74,0,34,33,1,81,0,0
37538,1000000US170317501001007,90,0,90,0,0,0,0,90,0,0,90,0,44,43,1,105,0,0
37539,1000000US170317501001008,62,0,62,0,0,0,2,60,0,2,62,0,30,29,1,79,0,2
37540,1000000US170317501001009,24,0,24,0,0,0,0,24,0,0,24,0,15,13,2,29,0,0
37541,1000000US170317501001010,29,0,29,2,0,0,2,27,0,2,29,3,17,16,1,35,2,2
37542,1000000US170317501001011,0,0,0,0,0,0,0,0,0,0,0,0,0,0,0,0,0,0
37543,1000000US170317501001012,3,0,3,0,0,0,0,3,0,0,3,0,1,1,0,5,0,0
37544,1000000US170317501001013,28,2,26,0,0,0,0,28,0,0,26,0,11,10,1,30,0,0
37545,1000000US170317501001014,21,0,21,0,0,0,1,20,0,1,21,1,14,10,4,28,0,1
37546,1000000US170317501001015,22,0,22,0,0,0,0,22,0,0,22,0,11,10,1,27,0,0
37547,1000000US170317501001016,16,0,16,0,0,0,0,16,0,0,16,0,7,7,0,17,0,0
37548,1000000US170317501001017,8,0,8,0,0,0,0,8,0,0,8,0,6,4,2,10,0,0
37549,1000000US170317501001018,15,2,13,0,0,0,0,15,0,0,13,0,6,5,1,23,0,0
37550,1000000US170317501001019,12,0,12,0,0,0,0,12,0,0,12,0,6,6,0,15,0,0
37551,1000000US170317501002000,59,0,59,0,0,0,2,57,0,2,59,0,29,27,2,78,0,2
37552,1000000US170317501002001,21,0,21,0,0,0,0,21,0,0,21,0,11,10,1,26,0,0
37553,1000000US170317501002002,48,0,48,0,0,0,0,48,0,0,48,0,17,17,0,54,0,0
37554,1000000US170317501002003,41,0,41,1,0,0,0,41,0,0,41,1,27,24,3,46,0,0
37555,1000000US170317501002004,46,0,46,0,0,0,1,45,0,1,46,0,22,22,0,57,0,1
37556,1000000US170317501002005,54,0,52,0,0,0,2,52,0,2,54,0,24,24,0,67,0,0
37557,1000000US170317501002006,64,0,64,3,0,0,0,64,0,0,64,4,27,27,0,87,2,0
37558,1000000US170317501002007,67,0,65,0,0,0,0,67,0,0,67,0,32,32,0,74,0,0
37559,1000000US170317501002008,83,1,82,0,0,0,0,83,0,0,82,0,36,35,1,108,0,0
37560,1000000US170317501002009,65,0,65,2,0,0,0,65,0,0,65,2,29,29,0,73,2,0
37561,1000000US170317501002010,54,0,54,0,0,0,1,53,0,1,54,0,23,23,0,60,0,1
37562,1000000US170317501002011,26,1,25,0,0,0,0,26,0,0,25,0,16,13,3,36,0,0
37563,1000000US170317501002012,17,0,17,0,0,0,0,17,0,0,17,0,8,7,1,22,0,0
37564,1000000US170317501002013,26,0,26,0,0,0,0,26,0,0,26,0,11,11,0,29,0,0
37565,1000000US170317501002014,33,0,33,0,0,0,0,33,0,0,33,0,14,14,0,36,0,0
37566,1000000US170317501003000,0,0,0,0,0,0,0,0,0,0,0,0,0,0,0,0,0,0
37567,1000000US170317501003001,0,0,0,0,0,0,0,0,0,0,0,0,0,0,0,0,0,0
37568,1000000US170317501003002,12,0,12,0,0,0,0,12,0,0,12,0,10,8,2,22,0,0
37569,1000000US170317501003003,11,0,11,0,0,0,0,11,0,0,11,0,12,6,6,21,0,0
37570,1000000US170317501003004,13,0,13,0,0,0,0,13,0,0,13,0,13,8,5,22,0,0
37571,1000000US170317501003005,26,0,26,0,0,0,1,25,0,1,26,0,16,14,2,46,0,1
37572,1000000US170317501003006,40,0,40,0,0,0,0,40,0,0,40,0,15,14,1,50,0,0
37573,1000000US170317501003007,5,0,5,0,0,0,0,5,0,0,5,0,2,2,0,5,0,0
37574,1000000US170317501003008,2,1,1,0,0,0,0,2,0,0,1,0,1,1,0,2,0,0
37575,1000000US170317501003009,22,0,22,0,0,0,0,22,0,0,22,0,13,12,1,35,0,0
37576,1000000US170317501003010,29,1,28,4,0,0,1,28,0,1,28,4,14,13,1,36,4,1
37577,1000000US170317501003011,60,1,59,0,0,0,1,59,0,1,59,0,36,29,7,75,0,1
37578,1000000US170317501003012,14,0,14,0,0,0,3,11,0,3,14,0,6,6,0,24,0,3
37579,1000000US170317501003013,22,0,22,0,0,0,0,22,0,0,22,0,6,6,0,28,0,0
37580,1000000US170317501003014,73,0,73,0,0,0,0,73,0,0,73,0,65,65,0,74,0,0
37581,1000000US170317501003015,0,0,0,0,0,0,0,0,0,0,0,0,0,0,0,0,0,0
37582,1000000US170317501003016,0,0,0,0,0,0,0,0,0,0,0,0,0,0,0,0,0,0
37583,1000000US170317501003017,0,0,0,0,0,0,0,0,0,0,0,0,0,0,0,0,0,0
37584,1000000US170317501003018,0,0,0,0,0,0,0,0,0,0,0,0,0,0,0,0,0,0
37585,1000000US170317501003019,0,0,0,0,0,0,0,0,0,0,0,0,0,0,0,0,0,0
37586,1000000US170317501003020,3,1,2,0,0,0,0,3,0,0,2,2,1,1,0,3,0,0
37587,1000000US170317501003021,0,0,0,0,0,0,0,0,0,0,0,0,0,0,0,0,0,0
37588,1000000US170317501003022,24,0,24,0,0,0,0,24,0,0,24,0,11,10,1,29,0,0
37589,1000000US170317501003023,8,0,8,0,0,0,0,8,0,0,8,0,5,4,1,10,0,0
37590,1000000US170317501003024,24,0,24,0,0,0,0,24,0,0,24,0,9,9,0,30,0,0
37591,1000000US170317501003025,30,0,30,0,0,0,0,30,0,0,30,0,16,13,3,45,0,0
37592,1000000US170317501003026,26,0,26,1,0,0,0,26,0,0,26,2,15,11,4,33,1,0
37593,1000000US170317501003027,26,0,26,0,0,0,2,24,0,2,26,0,15,10,5,35,0,2
37594,1000000US170317501003028,38,0,38,0,1,0,0,38,0,0,38,1,18,18,0,51,0,0
37595,1000000US170317501003029,22,0,21,0,0,0,2,20,0,2,22,0,20,17,3,32,0,1
37596,1000000US170317501003030,64,1,63,1,0,0,1,63,0,1,63,1,33,29,4,94,1,1
37597,1000000US170317501003031,1,0,1,0,1,0,0,1,0,0,1,1,5,1,4,1,0,0
37598,1000000US170317501003032,0,0,0,0,0,0,0,0,0,0,0,0,0,0,0,0,0,0
37599,1000000US170317501003033,0,0,0,0,0,0,0,0,0,0,0,0,0,0,0,0,0,0
37600,1000000US170317501003034,29,0,29,0,0,0,0,29,0,0,29,0,13,10,3,58,0,0
37601,1000000US170317501003035,0,0,0,0,0,0,0,0,0,0,0,0,0,0,0,0,0,0
37602,1000000US170317501004000,33,0,33,0,0,0,0,33,0,0,33,0,14,14,0,53,0,0
37603,1000000US170317501004001,22,0,22,0,0,0,0,22,0,0,22,0,10,9,1,28,0,0
37604,1000000US170317501004002,53,8,45,0,0,0,0,53,0,0,45,1,20,19,1,75,0,0
37605,1000000US170317501004003,36,0,36,0,0,0,0,36,0,0,36,0,17,15,2,52,0,0
37606,1000000US170317501004004,42,0,42,0,0,0,0,42,0,0,42,0,18,18,0,67,0,0
37607,1000000US170317501004005,0,0,0,0,0,0,0,0,0,0,0,0,0,0,0,0,0,0
37608,1000000US170317501004006,0,0,0,0,0,0,0,0,0,0,0,0,0,0,0,0,0,0
37609,1000000US170317501004007,207,1,206,0,0,0,0,207,0,0,206,2,106,92,14,297,0,0
37610,1000000US170317501004008,0,0,0,0,0,0,0,0,0,0,0,0,0,0,0,0,0,0
37611,1000000US170317501004009,58,0,58,0,0,0,0,58,0,0,58,0,28,26,2,77,0,0
37612,1000000US170317501004010,34,0,34,0,0,0,0,34,0,0,34,0,16,14,2,48,0,0
37613,1000000US170317501004011,0,0,0,0,0,0,0,0,0,0,0,0,0,0,0,0,0,0
37614,1000000US170317501004012,29,0,29,0,0,0,0,29,0,0,29,0,15,13,2,41,0,0
37615,1000000US170317501004013,14,0,14,3,0,0,0,14,0,0,14,4,10,8,2,26,0,0
37616,1000000US170317501004014,41,0,41,0,0,0,1,40,0,1,41,0,21,14,7,66,0,1
37617,1000000US170317501004015,27,0,27,0,0,0,0,27,0,0,27,0,18,13,5,41,0,0
37618,1000000US170317501004016,23,0,22,1,0,0,0,23,0,0,23,0,14,10,4,35,1,0
37619,1000000US170317501004017,5,0,5,0,0,0,0,5,0,0,5,0,1,1,0,8,0,0
37620,1000000US170317501004018,56,0,56,0,0,0,0,56,0,0,56,0,26,24,2,73,0,0
37621,1000000US170317501004019,7,0,0,0,7,0,0,7,0,0,7,0,4,1,3,10,0,0
37622,1000000US170317501004020,0,0,0,0,0,0,0,0,0,0,0,0,2,0,2,0,0,0
37623,1000000US170317501004021,8,0,8,0,0,0,1,7,0,1,8,0,7,4,3,10,0,1
37624,1000000US170317501004022,13,0,13,0,0,0,0,13,0,0,13,0,10,5,5,19,0,0
37625,1000000US170317501004023,11,0,11,0,0,0,0,11,0,0,11,0,6,5,1,11,0,0
37626,1000000US170317501004024,8,0,8,0,0,0,0,8,0,0,8,0,2,2,0,9,0,0
37627,1000000US170317501004025,5,0,5,2,0,0,0,5,0,0,5,2,2,2,0,5,2,0
37628,1000000US170317501004026,27,1,25,0,0,0,0,27,0,0,26,1,12,11,1,46,0,0
37629,1000000US170317501004027,28,2,26,0,0,0,1,27,0,1,26,3,19,17,2,42,0,1
37630,1000000US170317501004028,25,1,24,0,0,0,0,25,0,0,24,0,16,11,5,26,0,0
37631,1000000US170317501004029,36,0,36,0,0,0,0,36,0,0,36,0,16,15,1,49,0,0
37632,1000000US170317501004030,37,0,37,0,0,0,0,37,0,0,37,0,19,14,5,47,0,0
37633,1000000US170317501004031,22,0,22,0,0,0,0,22,0,0,22,0,15,12,3,37,0,0
37634,1000000US170317501004032,22,0,21,0,0,0,1,21,0,1,22,0,11,10,1,46,0,0
37635,1000000US170317501004033,19,0,19,0,0,0,0,19,0,0,19,0,13,11,2,30,0,0
37636,1000000US170317501004034,0,0,0,0,0,0,0,0,0,0,0,0,0,0,0,0,0,0
37637,1000000US170317501004035,0,0,0,0,0,0,0,0,0,0,0,0,0,0,0,0,0,0
37638,1000000US170317501004036,0,0,0,0,0,0,0,0,0,0,0,0,0,0,0,0,0,0
37639,1000000US170317502001000,39,0,39,0,0,0,0,39,0,0,39,0,26,25,1,52,0,0
37640,1000000US170317502001001,21,1,20,0,0,0,0,21,0,0,20,0,10,10,0,26,0,0
37641,1000000US170317502001002,46,2,43,0,1,0,0,46,0,0,44,0,23,23,0,62,0,0
37642,1000000US170317502001003,17,2,15,0,0,0,0,17,0,0,15,0,9,9,0,20,0,0
37643,1000000US170317502001004,117,21,94,0,0,0,3,114,0,3,96,2,54,50,4,138,0,1
37644,1000000US170317502001005,10,0,10,0,0,0,0,10,0,0,10,0,4,3,1,11,0,0
37645,1000000US170317502001006,53,1,52,0,0,0,0,53,0,0,52,0,21,21,0,76,0,0
37646,1000000US170317502001007,27,1,26,0,0,0,0,27,0,0,26,0,15,13,2,34,0,0
37647,1000000US170317502001008,34,0,34,0,0,0,0,34,0,0,34,0,19,15,4,54,0,0
37648,1000000US170317502001009,28,0,28,0,0,0,0,28,0,0,28,0,13,13,0,37,0,0
37649,1000000US170317502001010,12,0,12,0,0,0,0,12,0,0,12,0,7,7,0,15,0,0
37650,1000000US170317502001011,19,0,18,0,1,0,0,19,0,0,19,0,9,9,0,21,0,0
37651,1000000US170317502001012,30,0,22,0,8,0,0,30,0,0,30,0,13,10,3,34,0,0
37652,1000000US170317502001013,30,2,26,0,0,0,2,28,0,2,28,0,12,11,1,45,0,0
37653,1000000US170317502001014,20,3,17,0,0,0,0,20,0,0,17,1,10,9,1,27,0,0
37654,1000000US170317502001015,12,1,9,0,0,0,2,10,0,2,11,0,6,6,0,17,0,0
37655,1000000US170317502001016,0,0,0,0,0,0,0,0,0,0,0,0,2,0,2,0,0,0
37656,1000000US170317502001017,0,0,0,0,0,0,0,0,0,0,0,0,0,0,0,0,0,0
37657,1000000US170317502001018,59,0,58,1,0,0,0,59,0,0,59,1,28,26,2,75,0,0
37658,1000000US170317502001019,11,0,11,0,0,0,0,11,0,0,11,0,7,4,3,16,0,0
37659,1000000US170317502001020,1,1,0,0,0,0,0,1,0,0,0,0,1,1,0,1,0,0
37660,1000000US170317502002000,42,5,36,0,1,0,0,42,0,0,37,0,21,21,0,47,0,0
37661,1000000US170317502002001,1,0,1,0,0,0,0,1,0,0,1,0,1,1,0,1,0,0
37662,1000000US170317502002002,79,8,68,0,1,0,5,74,0,5,71,2,36,34,2,97,0,2
37663,1000000US170317502002003,0,0,0,0,0,0,0,0,0,0,0,0,0,0,0,0,0,0
37664,1000000US170317502002004,68,32,30,1,3,0,3,65,0,3,36,2,33,31,2,83,0,0
37665,1000000US170317502002005,162,53,99,2,5,0,5,157,0,5,109,2,120,110,10,192,1,0
37666,1000000US170317502002006,9,0,9,0,0,0,0,9,0,0,9,0,5,5,0,12,0,0
37667,1000000US170317502002007,54,13,39,3,1,0,2,52,0,2,41,5,27,26,1,73,3,1
37668,1000000US170317502002008,56,3,50,1,0,0,3,53,0,3,53,2,29,27,2,82,0,1
37669,1000000US170317502002009,8,3,4,0,1,0,0,8,0,0,5,0,4,4,0,15,0,0
37670,1000000US170317502002010,13,2,10,0,0,0,1,12,0,1,11,0,8,8,0,18,0,0
37671,1000000US170317502002011,0,0,0,0,0,0,0,0,0,0,0,0,0,0,0,0,0,0
37672,1000000US170317502002012,0,0,0,0,0,0,0,0,0,0,0,0,0,0,0,0,0,0
37673,1000000US170317502002013,68,2,66,0,0,0,0,68,0,0,66,0,32,31,1,99,0,0
37674,1000000US170317502002014,40,4,36,0,0,0,0,40,0,0,36,0,19,18,1,59,0,0
37675,1000000US170317502002015,6,0,6,0,0,0,0,6,0,0,6,0,5,4,1,7,0,0
37676,1000000US170317502002016,0,0,0,0,0,0,0,0,0,0,0,0,0,0,0,0,0,0
37677,1000000US170317502002017,0,0,0,0,0,0,0,0,0,0,0,0,0,0,0,0,0,0
37678,1000000US170317502002018,69,0,67,0,0,0,4,65,0,4,69,0,51,44,7,88,0,2
37679,1000000US170317502002019,4,1,3,0,0,0,0,4,0,0,3,0,8,4,4,5,0,0
37680,1000000US170317502003000,42,13,27,1,0,0,2,40,0,2,29,2,27,25,2,59,0,0
37681,1000000US170317502003001,42,31,11,0,0,0,0,42,0,0,11,0,18,18,0,56,0,0
37682,1000000US170317502003002,71,61,10,0,0,0,1,70,0,1,10,0,33,33,0,106,0,1
37683,1000000US170317502003003,62,53,6,0,0,0,2,60,0,2,9,0,33,32,1,92,0,0
37684,1000000US170317502003004,102,82,15,0,1,0,5,97,0,5,20,1,43,42,1,144,0,0
37685,1000000US170317502003005,41,34,1,0,0,0,5,36,0,5,7,0,20,20,0,52,0,0
37686,1000000US170317502003006,77,57,17,0,1,0,2,75,0,2,20,0,35,34,1,107,0,0
37687,1000000US170317502003007,52,39,12,0,0,0,1,51,0,1,13,0,28,25,3,67,0,0
37688,1000000US170317502003008,55,46,3,3,0,0,6,49,0,6,9,3,27,26,1,74,0,0
37689,1000000US170317502004000,39,19,19,0,0,0,2,37,0,2,20,3,20,16,4,57,0,1
37690,1000000US170317502004001,0,0,0,0,0,0,0,0,0,0,0,0,0,0,0,0,0,0
37691,1000000US170317502004002,59,45,11,0,1,0,2,57,0,2,14,0,29,28,1,77,0,0
37692,1000000US170317502004003,60,49,6,0,3,1,3,57,0,3,11,1,32,32,0,87,0,0
37693,1000000US170317502004004,54,42,4,0,0,0,6,48,0,6,12,1,38,35,3,65,0,0
37694,1000000US170317502004005,13,10,2,0,0,0,1,12,0,1,3,0,8,7,1,20,0,0
37695,1000000US170317502004006,0,0,0,0,0,0,0,0,0,0,0,0,0,0,0,0,0,0
37696,1000000US170317502004007,53,37,12,1,2,0,1,52,0,1,16,3,30,27,3,70,0,0
37697,1000000US170317502004008,122,64,56,0,0,0,3,119,0,3,58,1,78,74,4,147,0,1
37698,1000000US170317502004009,133,36,96,0,0,0,3,130,0,3,97,1,90,87,3,152,0,2
37699,1000000US170317502004010,131,44,84,3,0,0,3,128,0,3,87,3,89,81,8,156,3,0
37700,1000000US170317503001000,0,0,0,0,0,0,0,0,0,0,0,0,0,0,0,0,0,0
37701,1000000US170317503001001,20,19,0,0,0,0,1,19,0,1,1,0,12,11,1,33,0,0
37702,1000000US170317503001002,28,22,4,0,2,0,0,28,0,0,6,1,13,13,0,40,0,0
37703,1000000US170317503001003,31,27,0,0,2,0,3,28,0,3,4,0,16,15,1,37,0,0
37704,1000000US170317503001004,14,12,2,0,0,0,0,14,0,0,2,0,7,7,0,22,0,0
37705,1000000US170317503001005,18,18,0,0,0,0,0,18,0,0,0,0,8,8,0,22,0,0
37706,1000000US170317503001006,0,0,0,0,0,0,0,0,0,0,0,0,0,0,0,0,0,0
37707,1000000US170317503001007,38,38,0,0,0,0,0,38,0,0,0,0,21,19,2,46,0,0
37708,1000000US170317503001008,25,25,0,0,0,0,0,25,0,0,0,0,11,11,0,34,0,0
37709,1000000US170317503001009,29,28,0,1,0,0,1,28,0,1,1,1,15,15,0,51,1,0
37710,1000000US170317503001010,25,22,0,0,1,0,3,22,0,3,3,0,16,14,2,32,0,0
37711,1000000US170317503001011,0,0,0,0,0,0,0,0,0,0,0,0,0,0,0,0,0,0
37712,1000000US170317503001012,0,0,0,0,0,0,0,0,0,0,0,0,0,0,0,0,0,0
37713,1000000US170317503001013,19,19,0,0,0,0,0,19,0,0,0,0,14,12,2,25,0,0
37714,1000000US170317503001014,23,22,0,0,0,0,1,22,0,1,1,0,11,11,0,28,0,0
37715,1000000US170317503001015,17,14,0,0,0,0,3,14,0,3,3,0,10,10,0,20,0,0
37716,1000000US170317503001016,27,26,0,0,0,0,1,26,0,1,1,0,11,11,0,37,0,0
37717,1000000US170317503001017,26,25,0,0,1,0,0,26,0,0,1,0,13,13,0,42,0,0
37718,1000000US170317503001018,33,33,0,0,0,0,0,33,0,0,0,0,15,15,0,51,0,0
37719,1000000US170317503001019,34,34,0,0,0,0,0,34,0,0,0,0,14,14,0,43,0,0
37720,1000000US170317503001020,29,24,4,0,0,0,1,28,0,1,5,0,14,14,0,41,0,0
37721,1000000US170317503001021,9,8,0,0,0,0,1,8,0,1,1,0,7,7,0,10,0,0
37722,1000000US170317503001022,16,15,1,0,0,0,0,16,0,0,1,0,6,6,0,22,0,0
37723,1000000US170317503001023,31,31,0,0,0,0,0,31,0,0,0,0,13,12,1,37,0,0
37724,1000000US170317503001024,49,49,0,0,0,0,0,49,0,0,0,0,18,18,0,68,0,0
37725,1000000US170317503002000,39,5,34,0,0,0,0,39,0,0,34,0,22,22,0,56,0,0
37726,1000000US170317503002001,48,42,3,0,0,0,3,45,0,3,6,0,38,35,3,57,0,0
37727,1000000US170317503002002,46,28,17,0,0,0,1,45,0,1,18,0,32,28,4,56,0,0
37728,1000000US170317503002003,28,28,0,0,0,0,0,28,0,0,0,0,16,14,2,42,0,0
37729,1000000US170317503002004,29,29,0,0,0,0,0,29,0,0,0,0,15,15,0,43,0,0
37730,1000000US170317503002005,0,0,0,0,0,0,0,0,0,0,0,0,0,0,0,0,0,0
37731,1000000US170317503002006,35,33,0,0,0,0,2,33,0,2,2,0,17,17,0,51,0,0
37732,1000000US170317503002007,32,30,0,0,0,0,2,30,0,2,2,0,20,19,1,38,0,0
37733,1000000US170317503002008,0,0,0,0,0,0,0,0,0,0,0,0,0,0,0,0,0,0
37734,1000000US170317503002009,35,34,0,0,0,0,1,34,0,1,1,0,16,16,0,54,0,0
37735,1000000US170317503002010,36,35,0,0,0,0,1,35,0,1,1,0,17,15,2,55,0,0
37736,1000000US170317503002011,30,29,0,0,0,0,1,29,0,1,1,1,16,16,0,38,0,0
37737,1000000US170317503002012,32,32,0,0,0,0,0,32,0,0,0,0,13,13,0,41,0,0
37738,1000000US170317503002013,46,37,9,0,0,0,0,46,0,0,9,0,29,29,0,57,0,0
37739,1000000US170317503002014,58,24,32,1,0,0,2,56,0,2,34,0,38,33,5,89,1,0
37740,1000000US170317503002015,0,0,0,0,0,0,0,0,0,0,0,0,0,0,0,0,0,0
37741,1000000US170317503002016,0,0,0,0,0,0,0,0,0,0,0,0,0,0,0,0,0,0
37742,1000000US170317503002017,38,29,6,0,1,0,2,36,0,2,9,1,30,28,2,40,0,0
37743,1000000US170317503002018,21,16,2,0,0,0,3,18,0,3,5,0,12,12,0,28,0,0
37744,1000000US170317503002019,31,30,0,0,0,0,1,30,0,1,1,0,17,17,0,48,0,0
37745,1000000US170317503002020,29,29,0,0,0,0,0,29,0,0,0,0,16,16,0,47,0,0
37746,1000000US170317503002021,63,33,26,3,1,0,4,59,0,4,30,4,48,44,4,78,1,2
37747,1000000US170317503003000,9,7,0,0,0,0,2,7,0,2,2,0,6,6,0,10,0,0
37748,1000000US170317503003001,62,62,0,0,0,0,0,62,0,0,0,0,28,28,0,79,0,0
37749,1000000US170317503003002,44,44,0,0,0,0,0,44,0,0,0,0,23,23,0,56,0,0
37750,1000000US170317503003003,55,53,0,2,0,0,0,55,0,0,2,0,27,26,1,75,2,0
37751,1000000US170317503003004,51,48,2,0,0,0,1,50,0,1,3,0,26,26,0,86,0,0
37752,1000000US170317503003005,29,27,0,0,0,0,2,27,0,2,2,0,14,14,0,47,0,0
37753,1000000US170317503003006,25,24,1,0,0,0,0,25,0,0,1,0,12,12,0,32,0,0
37754,1000000US170317503003007,26,26,0,0,0,0,0,26,0,0,0,0,12,12,0,37,0,0
37755,1000000US170317503003008,24,20,0,0,0,0,4,20,0,4,4,0,14,14,0,38,0,0
37756,1000000US170317503003009,52,49,0,0,0,0,3,49,0,3,3,0,26,25,1,75,0,0
37757,1000000US170317503003010,60,60,0,0,0,0,0,60,0,0,0,0,28,27,1,85,0,0
37758,1000000US170317503003011,57,56,0,0,0,0,1,56,0,1,1,0,30,29,1,66,0,0
37759,1000000US170317503003012,38,34,3,0,2,0,0,38,0,0,4,1,19,19,0,53,0,0
37760,1000000US170317503003013,42,39,0,0,0,0,3,39,0,3,3,0,22,21,1,56,0,0
37761,1000000US170317503003014,47,46,0,0,0,0,1,46,0,1,1,0,21,21,0,64,0,0
37762,1000000US170317503003015,0,0,0,0,0,0,0,0,0,0,0,0,1,0,1,0,0,0
37763,1000000US170317503003016,11,7,3,0,0,0,1,10,0,1,4,0,7,7,0,12,0,0
37764,1000000US170317503003017,0,0,0,0,0,0,0,0,0,0,0,0,0,0,0,0,0,0
37765,1000000US170317504001000,16,12,2,0,0,0,0,16,0,0,4,0,11,11,0,18,0,0
37766,1000000US170317504001001,0,0,0,0,0,0,0,0,0,0,0,0,0,0,0,0,0,0
37767,1000000US170317504001002,0,0,0,0,0,0,0,0,0,0,0,0,0,0,0,0,0,0
37768,1000000US170317504001003,7,4,3,0,0,0,0,7,0,0,3,0,6,6,0,7,0,0
37769,1000000US170317504001004,0,0,0,0,0,0,0,0,0,0,0,0,0,0,0,0,0,0
37770,1000000US170317504001005,0,0,0,0,0,0,0,0,0,0,0,0,0,0,0,0,0,0
37771,1000000US170317504001006,0,0,0,0,0,0,0,0,0,0,0,0,0,0,0,0,0,0
37772,1000000US170317504001007,44,43,0,1,0,0,1,43,0,1,1,1,27,24,3,53,0,0
37773,1000000US170317504001008,36,35,1,0,0,0,0,36,0,0,1,0,21,19,2,45,0,0
37774,1000000US170317504001009,32,24,0,1,0,0,7,25,0,7,8,2,15,15,0,44,0,0
37775,1000000US170317504001010,84,81,1,0,0,0,2,82,0,2,3,0,53,50,3,95,0,0
37776,1000000US170317504001011,17,15,0,0,2,0,0,17,0,0,2,1,10,10,0,24,0,0
37777,1000000US170317504001012,34,32,2,0,0,0,0,34,0,0,2,0,19,18,1,48,0,0
37778,1000000US170317504001013,30,28,0,0,0,0,2,28,0,2,2,0,15,15,0,37,0,0
37779,1000000US170317504001014,32,24,4,0,1,0,3,29,0,3,8,0,16,16,0,42,0,0
37780,1000000US170317504001015,49,44,2,0,0,0,3,46,0,3,5,0,27,23,4,60,0,0
37781,1000000US170317504001016,54,53,0,0,0,0,1,53,0,1,1,0,23,23,0,62,0,0
37782,1000000US170317504001017,0,0,0,0,0,0,0,0,0,0,0,0,0,0,0,0,0,0
37783,1000000US170317504001018,30,27,2,0,0,0,2,28,0,2,3,1,19,19,0,36,0,1
37784,1000000US170317504001019,23,23,0,0,0,0,0,23,0,0,0,0,12,12,0,36,0,0
37785,1000000US170317504001020,31,29,1,1,0,0,2,29,0,2,2,1,16,16,0,47,1,1
37786,1000000US170317504001021,34,34,0,0,0,0,0,34,0,0,0,0,18,17,1,39,0,0
37787,1000000US170317504001022,30,28,2,0,0,0,0,30,0,0,2,0,17,16,1,47,0,0
37788,1000000US170317504001023,28,27,0,0,0,0,1,27,0,1,1,0,15,15,0,43,0,0
37789,1000000US170317504001024,27,27,0,0,0,0,0,27,0,0,0,0,13,13,0,31,0,0
37790,1000000US170317504001025,42,41,0,0,0,0,1,41,0,1,1,0,15,15,0,67,0,0
37791,1000000US170317504001026,28,26,0,0,0,0,2,26,0,2,2,0,11,11,0,28,0,0
37792,1000000US170317504001027,2,2,0,0,0,0,0,2,0,0,0,0,2,2,0,2,0,0
37793,1000000US170317504001028,20,19,0,0,0,0,1,19,0,1,1,0,12,11,1,29,0,0
37794,1000000US170317504001029,24,24,0,0,0,0,0,24,0,0,0,0,12,12,0,29,0,0
37795,1000000US170317504001030,21,20,0,0,0,0,1,20,0,1,1,0,7,7,0,27,0,0
37796,1000000US170317504001031,18,14,4,0,0,0,0,18,0,0,4,0,10,10,0,18,0,0
37797,1000000US170317504001032,7,6,1,0,0,0,0,7,0,0,1,0,3,3,0,9,0,0
37798,1000000US170317504001033,2,0,2,0,0,0,0,2,0,0,2,0,2,2,0,2,0,0
37799,1000000US170317504001034,0,0,0,0,0,0,0,0,0,0,0,0,0,0,0,0,0,0
37800,1000000US170317504001035,0,0,0,0,0,0,0,0,0,0,0,0,0,0,0,0,0,0
37801,1000000US170317504001036,28,23,0,1,0,0,4,24,0,4,5,1,15,14,1,34,0,0
37802,1000000US170317504001037,30,29,0,0,0,0,1,29,0,1,1,0,17,17,0,41,0,0
37803,1000000US170317504001038,31,25,1,0,2,0,3,28,0,3,6,0,17,17,0,48,0,0
37804,1000000US170317504001039,38,26,12,1,0,0,0,38,0,0,12,1,17,17,0,59,1,0
37805,1000000US170317504001040,47,44,0,0,0,0,3,44,0,3,3,0,28,25,3,61,0,0
37806,1000000US170317504001041,13,10,0,1,0,0,2,11,0,2,3,1,6,6,0,19,0,0
37807,1000000US170317504001042,60,25,31,0,2,0,2,58,0,2,35,2,39,30,9,75,0,0
37808,1000000US170317504001043,43,35,5,0,0,0,3,40,0,3,8,0,24,24,0,62,0,0
37809,1000000US170317504001044,43,38,3,0,1,0,1,42,0,1,5,0,23,21,2,62,0,0
37810,1000000US170317504001045,12,12,0,0,0,0,0,12,0,0,0,0,7,7,0,13,0,0
37811,1000000US170317504002000,0,0,0,0,0,0,0,0,0,0,0,0,1,0,1,0,0,0
37812,1000000US170317504002001,8,1,7,0,0,0,0,8,0,0,7,0,4,3,1,10,0,0
37813,1000000US170317504002002,13,8,5,0,0,0,0,13,0,0,5,0,8,8,0,17,0,0
37814,1000000US170317504002003,9,5,4,0,0,0,0,9,0,0,4,0,7,7,0,15,0,0
37815,1000000US170317504002004,2,1,0,0,1,0,0,2,0,0,1,0,1,1,0,2,0,0
37816,1000000US170317504002005,34,10,21,1,0,0,3,31,0,3,24,1,15,15,0,43,1,0
37817,1000000US170317504002006,23,4,16,6,0,1,0,23,0,0,19,6,11,11,0,28,1,0
37818,1000000US170317504002007,25,15,8,0,0,0,3,22,0,3,10,0,12,12,0,32,0,1
37819,1000000US170317504002008,15,4,11,2,0,0,0,15,0,0,11,2,9,8,1,21,2,0
37820,1000000US170317504002009,18,7,11,0,0,0,0,18,0,0,11,0,8,8,0,28,0,0
37821,1000000US170317504002010,23,10,13,0,0,0,0,23,0,0,13,0,11,11,0,31,0,0
37822,1000000US170317504002011,29,7,21,0,1,0,0,29,0,0,22,0,15,14,1,35,0,0
37823,1000000US170317504002012,32,2,28,0,2,0,0,32,0,0,30,2,17,17,0,46,0,0
37824,1000000US170317504002013,36,6,30,0,0,0,0,36,0,0,30,0,16,16,0,48,0,0
37825,1000000US170317504002014,73,16,56,0,0,0,1,72,0,1,57,1,48,45,3,99,0,0
37826,1000000US170317504002015,26,13,13,2,0,0,0,26,0,0,13,3,14,14,0,32,0,0
37827,1000000US170317504002016,32,12,20,0,0,0,2,30,0,2,20,0,15,14,1,39,0,2
37828,1000000US170317504002017,0,0,0,0,0,0,0,0,0,0,0,0,0,0,0,0,0,0
37829,1000000US170317504002018,0,0,0,0,0,0,0,0,0,0,0,0,0,0,0,0,0,0
37830,1000000US170317504002019,19,2,15,0,0,0,2,17,0,2,17,0,12,11,1,31,0,0
37831,1000000US170317504002020,26,6,20,0,0,0,0,26,0,0,20,0,10,10,0,33,0,0
37832,1000000US170317504002021,20,5,15,0,0,0,0,20,0,0,15,0,11,11,0,27,0,0
37833,1000000US170317504002022,28,13,15,0,0,0,0,28,0,0,15,0,13,13,0,33,0,0
37834,1000000US170317504002023,34,8,26,0,0,0,0,34,0,0,26,0,15,14,1,43,0,0
37835,1000000US170317504002024,27,3,24,0,0,0,0,27,0,0,24,1,14,13,1,37,0,0
37836,1000000US170317504002025,25,12,12,0,0,0,1,24,0,1,13,1,10,10,0,34,0,0
37837,1000000US170317504002026,22,4,18,1,0,0,0,22,0,0,18,1,11,11,0,36,0,0
37838,1000000US170317504002027,9,5,4,0,0,0,0,9,0,0,4,0,5,5,0,10,0,0
37839,1000000US170317504002028,14,0,14,0,0,0,0,14,0,0,14,0,8,7,1,16,0,0
37840,1000000US170317504002029,5,2,3,0,0,0,0,5,0,0,3,0,3,3,0,9,0,0
37841,1000000US170317504003000,51,41,7,1,2,0,0,51,0,0,10,1,29,29,0,71,0,0
37842,1000000US170317504003001,0,0,0,0,0,0,0,0,0,0,0,0,0,0,0,0,0,0
37843,1000000US170317504003002,53,43,0,0,0,0,10,43,0,10,10,0,30,29,1,69,0,0
37844,1000000US170317504003003,60,55,4,0,0,0,1,59,0,1,5,0,32,32,0,76,0,0
37845,1000000US170317504003004,27,25,1,1,0,0,1,26,0,1,2,1,18,17,1,42,1,0
37846,1000000US170317504003005,35,34,0,1,0,0,0,35,0,0,1,0,19,19,0,49,1,0
37847,1000000US170317504003006,60,59,0,0,0,0,1,59,0,1,1,0,28,26,2,67,0,0
37848,1000000US170317504003007,11,1,7,0,2,0,1,10,0,1,10,0,7,7,0,11,0,0
37849,1000000US170317504003008,12,5,7,0,0,0,0,12,0,0,7,0,7,7,0,16,0,0
37850,1000000US170317504003009,12,9,3,0,0,0,0,12,0,0,3,0,6,6,0,14,0,0
37851,1000000US170317504003010,13,8,4,0,0,0,1,12,0,1,5,0,7,7,0,24,0,0
37852,1000000US170317504003011,13,5,8,0,0,0,0,13,0,0,8,0,7,7,0,17,0,0
37853,1000000US170317504003012,15,7,8,2,0,0,0,15,0,0,8,2,7,7,0,20,1,0
37854,1000000US170317504003013,10,0,10,0,0,0,0,10,0,0,10,0,6,5,1,19,0,0
37855,1000000US170317504003014,13,3,10,0,0,0,0,13,0,0,10,0,7,7,0,15,0,0
37856,1000000US170317504003015,12,1,11,0,0,0,0,12,0,0,11,0,7,6,1,17,0,0
37857,1000000US170317504003016,19,2,17,0,0,0,0,19,0,0,17,0,11,10,1,24,0,0
37858,1000000US170317504003017,15,12,2,0,0,0,1,14,0,1,3,0,10,9,1,17,0,0
37859,1000000US170317504003018,13,5,7,0,1,0,0,13,0,0,8,0,6,6,0,19,0,0
37860,1000000US170317504003019,16,5,8,0,0,0,3,13,0,3,11,0,8,8,0,22,0,0
37861,1000000US170317504003020,11,0,11,0,0,0,0,11,0,0,11,0,4,4,0,13,0,0
37862,1000000US170317504003021,17,8,9,0,0,0,0,17,0,0,9,0,9,9,0,24,0,0
37863,1000000US170317504003022,20,12,5,0,0,0,3,17,0,3,8,0,8,7,1,29,0,0
37864,1000000US170317505001000,128,8,115,1,1,0,6,122,0,6,120,1,101,94,7,151,1,2
37865,1000000US170317505001001,82,39,42,0,0,0,1,81,0,1,43,0,48,48,0,103,0,0
37866,1000000US170317505001002,125,16,108,2,0,0,5,120,0,5,109,7,82,74,8,175,0,4
37867,1000000US170317505001003,68,42,17,0,2,0,7,61,0,7,26,2,36,34,2,87,0,0
37868,1000000US170317505001004,0,0,0,0,0,0,0,0,0,0,0,0,0,0,0,0,0,0
37869,1000000US170317505001005,3,0,3,0,0,0,0,3,0,0,3,0,1,1,0,3,0,0
37870,1000000US170317505001006,163,49,108,0,2,0,3,160,0,3,114,6,74,71,3,214,0,0
37871,1000000US170317505001007,93,46,43,2,1,0,3,90,0,3,47,5,47,44,3,121,2,0
37872,1000000US170317505001008,37,35,0,0,0,0,2,35,0,2,2,0,19,18,1,52,0,0
37873,1000000US170317505001009,58,56,1,0,0,0,1,57,0,1,2,0,26,24,2,69,0,0
37874,1000000US170317505001010,56,42,10,1,0,0,4,52,0,4,14,1,25,25,0,85,1,0
37875,1000000US170317505001011,328,295,30,0,0,0,2,326,0,2,33,1,234,162,72,328,0,0
37876,1000000US170317505001012,278,52,219,0,0,0,9,269,0,9,226,0,35,35,0,306,0,3
37877,1000000US170317505001013,67,50,11,1,0,0,8,59,0,8,17,1,37,36,1,87,0,3
37878,1000000US170317505001014,56,29,25,0,1,0,1,55,0,1,27,1,27,26,1,79,0,0
37879,1000000US170317505001015,0,0,0,0,0,0,0,0,0,0,0,0,0,0,0,0,0,0
37880,1000000US170317505001016,0,0,0,0,0,0,0,0,0,0,0,0,0,0,0,0,0,0
37881,1000000US170317505002000,41,17,24,0,0,0,0,41,0,0,24,0,25,24,1,52,0,0
37882,1000000US170317505002001,0,0,0,0,0,0,0,0,0,0,0,0,0,0,0,0,0,0
37883,1000000US170317505002002,39,9,30,0,0,0,1,38,0,1,30,0,20,19,1,56,0,1
37884,1000000US170317505002003,0,0,0,0,0,0,0,0,0,0,0,0,0,0,0,0,0,0
37885,1000000US170317505002004,30,9,19,0,0,0,2,28,0,2,21,0,11,10,1,48,0,0
37886,1000000US170317505002005,66,29,32,0,0,0,7,59,0,7,37,2,32,29,3,92,0,2
37887,1000000US170317505002006,82,17,63,1,0,0,3,79,0,3,65,0,46,46,0,97,1,1
37888,1000000US170317505002007,52,8,40,0,0,0,5,47,0,5,44,2,22,22,0,80,0,1
37889,1000000US170317505002008,0,0,0,0,0,0,0,0,0,0,0,0,0,0,0,0,0,0
37890,1000000US170317505002009,0,0,0,0,0,0,0,0,0,0,0,0,0,0,0,0,0,0
37891,1000000US170317505002010,50,12,36,0,0,0,3,47,0,3,38,0,26,25,1,58,0,1
37892,1000000US170317505002011,42,2,40,0,0,0,0,42,0,0,40,0,25,24,1,62,0,0
37893,1000000US170317505002012,59,11,47,0,1,0,1,58,0,1,48,0,28,28,0,75,0,1
37894,1000000US170317505002013,0,0,0,0,0,0,0,0,0,0,0,0,0,0,0,0,0,0
37895,1000000US170317505002014,50,15,34,0,0,0,1,49,0,1,35,0,23,20,3,64,0,0
37896,1000000US170317505002015,26,5,21,0,0,0,0,26,0,0,21,0,12,12,0,34,0,0
37897,1000000US170317505003000,15,5,10,0,0,0,0,15,0,0,10,0,9,6,3,21,0,0
37898,1000000US170317505003001,19,0,18,0,0,0,1,18,0,1,19,0,14,9,5,30,0,0
37899,1000000US170317505003002,0,0,0,0,0,0,0,0,0,0,0,0,0,0,0,0,0,0
37900,1000000US170317505003003,0,0,0,0,0,0,0,0,0,0,0,0,0,0,0,0,0,0
37901,1000000US170317505003004,0,0,0,0,0,0,0,0,0,0,0,0,0,0,0,0,0,0
37902,1000000US170317505003005,24,0,24,0,0,0,0,24,0,0,24,0,21,19,2,30,0,0
37903,1000000US170317505003006,0,0,0,0,0,0,0,0,0,0,0,0,0,0,0,0,0,0
37904,1000000US170317505003007,0,0,0,0,0,0,0,0,0,0,0,0,0,0,0,0,0,0
37905,1000000US170317505003008,103,0,103,0,0,0,0,103,0,0,103,3,59,55,4,138,0,0
37906,1000000US170317505003009,0,0,0,0,0,0,0,0,0,0,0,0,0,0,0,0,0,0
37907,1000000US170317505003010,0,0,0,0,0,0,0,0,0,0,0,0,0,0,0,0,0,0
37908,1000000US170317505003011,118,10,106,0,0,0,4,114,0,4,108,1,77,68,9,162,0,2
37909,1000000US170317505003012,97,6,89,2,1,0,0,97,0,0,91,3,50,48,2,124,2,0
37910,1000000US170317505003013,0,0,0,0,0,0,0,0,0,0,0,0,0,0,0,0,0,0
37911,1000000US170317505003014,81,0,80,1,0,0,1,80,0,1,81,0,35,35,0,111,1,1
37912,1000000US170317505003015,69,0,69,0,0,0,2,67,0,2,69,0,30,30,0,92,0,2
37913,1000000US170317505003016,25,0,24,0,0,0,1,24,0,1,25,0,11,9,2,41,0,0
37914,1000000US170317505003017,16,0,16,0,0,0,0,16,0,0,16,0,6,5,1,23,0,0
37915,1000000US170317505003018,4,4,0,0,0,0,0,4,0,0,0,0,2,2,0,4,0,0
37916,1000000US170317505003019,97,0,94,1,0,0,3,94,0,3,97,1,48,43,5,154,1,0
37917,1000000US170317505003020,36,4,31,0,1,0,0,36,0,0,32,0,18,15,3,49,0,0
37918,1000000US170317505003021,44,0,44,0,0,0,0,44,0,0,44,2,22,19,3,58,0,0
37919,1000000US170317505003022,0,0,0,0,0,0,0,0,0,0,0,0,0,0,0,0,0,0
37920,1000000US170317505003023,24,1,22,0,1,0,0,24,0,0,23,0,11,11,0,44,0,0
37921,1000000US170317505003024,22,0,21,0,1,0,0,22,0,0,22,1,11,10,1,28,0,0
37922,1000000US170317505003025,25,0,24,1,0,1,1,24,0,1,25,1,27,24,3,27,1,0
37923,1000000US170317505003026,5,0,5,0,0,0,0,5,0,0,5,0,2,2,0,8,0,0
37924,1000000US170317505003027,8,0,8,0,0,0,0,8,0,0,8,0,6,6,0,10,0,0
37925,1000000US170317505003028,0,0,0,0,0,0,0,0,0,0,0,0,0,0,0,0,0,0
37926,1000000US170317505003029,13,1,12,0,0,0,0,13,0,0,12,0,11,9,2,20,0,0
37927,1000000US170317505003030,10,0,10,0,0,0,0,10,0,0,10,0,11,5,6,12,0,0
37928,1000000US170317505003031,30,0,30,0,0,0,1,29,0,1,30,0,12,11,1,45,0,1
37929,1000000US170317505003032,5,0,5,0,0,0,0,5,0,0,5,0,2,2,0,8,0,0
37930,1000000US170317505003033,0,0,0,0,0,0,0,0,0,0,0,0,0,0,0,0,0,0
37931,1000000US170317505003034,0,0,0,0,0,0,0,0,0,0,0,0,0,0,0,0,0,0
37932,1000000US170317505003035,0,0,0,0,0,0,0,0,0,0,0,0,0,0,0,0,0,0
37933,1000000US170317505003036,0,0,0,0,0,0,0,0,0,0,0,0,0,0,0,0,0,0
37934,1000000US170317505003037,30,0,30,0,0,0,0,30,0,0,30,0,14,14,0,30,0,0
37935,1000000US170317505003038,33,0,33,3,0,0,0,33,0,0,33,3,23,18,5,55,2,0
37936,1000000US170317505003039,18,0,18,0,0,0,0,18,0,0,18,0,7,6,1,19,0,0
37937,1000000US170317505003040,27,0,27,0,0,0,0,27,0,0,27,0,13,13,0,32,0,0
37938,1000000US170317505003041,39,2,34,0,3,0,0,39,0,0,37,2,22,19,3,49,0,0
37939,1000000US170317505003042,17,0,17,0,0,0,0,17,0,0,17,0,10,10,0,28,0,0
37940,1000000US170317505003043,22,0,22,0,0,0,0,22,0,0,22,0,13,11,2,33,0,0
37941,1000000US170317505003044,35,0,35,0,0,0,0,35,0,0,35,0,19,18,1,47,0,0
37942,1000000US170317505003045,6,0,6,0,0,0,0,6,0,0,6,0,2,2,0,7,0,0
37943,1000000US170317505003046,20,0,20,0,0,0,0,20,0,0,20,0,15,14,1,34,0,0
37944,1000000US170317505003047,20,0,18,0,0,0,2,18,0,2,20,0,12,9,3,35,0,0
37945,1000000US170317505003048,26,0,26,0,0,0,0,26,0,0,26,0,12,11,1,36,0,0
37946,1000000US170317505003049,38,0,36,0,2,0,0,38,0,0,38,1,23,19,4,46,0,0
37947,1000000US170317505003050,89,0,89,0,0,0,0,89,0,0,89,0,47,43,4,138,0,0
37948,1000000US170317505003051,31,0,31,0,0,0,0,31,0,0,31,0,14,11,3,35,0,0
37949,1000000US170317505003052,36,0,36,0,0,0,2,34,0,2,36,0,16,16,0,47,0,2
37950,1000000US170317505003053,6,0,6,0,0,0,0,6,0,0,6,0,5,4,1,8,0,0
37951,1000000US170317505003054,41,0,41,0,0,0,0,41,0,0,41,0,13,13,0,66,0,0
37952,1000000US170317505003055,0,0,0,0,0,0,0,0,0,0,0,0,0,0,0,0,0,0
37953,1000000US170317505003056,24,0,24,0,0,0,0,24,0,0,24,0,13,13,0,32,0,0
37954,1000000US170317505004000,0,0,0,0,0,0,0,0,0,0,0,0,0,0,0,0,0,0
37955,1000000US170317505004001,0,0,0,0,0,0,0,0,0,0,0,0,0,0,0,0,0,0
37956,1000000US170317505004002,0,0,0,0,0,0,0,0,0,0,0,0,0,0,0,0,0,0
37957,1000000US170317505004003,0,0,0,0,0,0,0,0,0,0,0,0,0,0,0,0,0,0
37958,1000000US170317505004004,0,0,0,0,0,0,0,0,0,0,0,0,0,0,0,0,0,0
37959,1000000US170317505004005,0,0,0,0,0,0,0,0,0,0,0,0,0,0,0,0,0,0
37960,1000000US170317505004006,43,3,40,0,0,0,0,43,0,0,40,0,13,13,0,61,0,0
37961,1000000US170317505004007,18,0,15,0,0,0,3,15,0,3,18,0,9,7,2,23,0,0
37962,1000000US170317505004008,28,2,25,0,1,0,0,28,0,0,26,0,18,17,1,46,0,0
37963,1000000US170317505004009,46,0,46,0,0,0,0,46,0,0,46,0,23,19,4,73,0,0
37964,1000000US170317505004010,56,0,56,0,0,0,0,56,0,0,56,0,34,25,9,95,0,0
37965,1000000US170317505004011,31,0,31,0,0,0,2,29,0,2,31,0,17,17,0,42,0,2
37966,1000000US170317505004012,42,0,42,0,0,0,0,42,0,0,42,0,24,19,5,62,0,0
37967,1000000US170317505004013,46,4,42,0,0,0,0,46,0,0,42,0,21,18,3,68,0,0
37968,1000000US170317505004014,0,0,0,0,0,0,0,0,0,0,0,0,0,0,0,0,0,0
37969,1000000US170317505004015,38,0,38,0,0,0,0,38,0,0,38,0,16,14,2,59,0,0
37970,1000000US170317505004016,35,1,31,0,0,1,4,31,0,4,34,1,19,18,1,53,0,1
37971,1000000US170317505004017,33,0,33,0,0,0,0,33,0,0,33,0,14,13,1,39,0,0
37972,1000000US170317505004018,41,0,41,0,1,0,0,41,0,0,41,1,19,18,1,55,0,0
37973,1000000US170317505004019,46,0,46,0,0,0,0,46,0,0,46,1,20,19,1,58,0,0
37974,1000000US170317505004020,42,0,42,0,0,0,0,42,0,0,42,0,19,18,1,51,0,0
37975,1000000US170317505004021,95,0,95,0,0,0,0,95,0,0,95,0,40,38,2,110,0,0
37976,1000000US170317505004022,26,1,22,0,0,0,5,21,0,5,25,1,12,12,0,32,0,2
37977,1000000US170317505004023,26,0,26,0,0,0,0,26,0,0,26,0,12,12,0,31,0,0
37978,1000000US170317505004024,27,0,27,0,0,0,1,26,0,1,27,0,14,14,0,39,0,1
37979,1000000US170317505004025,30,0,29,0,0,0,1,29,0,1,30,1,16,14,2,41,0,0
37980,1000000US170317505004026,34,3,30,0,0,0,1,33,0,1,31,0,21,18,3,39,0,0
37981,1000000US170317505004027,36,1,35,0,0,0,0,36,0,0,35,0,17,16,1,47,0,0
37982,1000000US170317505004028,0,0,0,0,0,0,0,0,0,0,0,0,0,0,0,0,0,0
37983,1000000US170317505004029,0,0,0,0,0,0,0,0,0,0,0,0,0,0,0,0,0,0
37984,1000000US170317505004030,32,1,29,0,0,0,2,30,0,2,31,1,19,15,4,49,0,0
37985,1000000US170317505004031,0,0,0,0,0,0,0,0,0,0,0,0,0,0,0,0,0,0
37986,1000000US170317505004032,0,0,0,0,0,0,0,0,0,0,0,0,0,0,0,0,0,0
37987,1000000US170317505004033,39,0,39,0,0,0,0,39,0,0,39,0,16,15,1,60,0,0
37988,1000000US170317505004034,44,0,44,0,0,0,0,44,0,0,44,0,19,18,1,60,0,0
37989,1000000US170317505004035,38,0,38,0,0,0,0,38,0,0,38,0,21,17,4,49,0,0
37990,1000000US170317506001000,18,0,18,0,0,0,0,18,0,0,18,0,11,11,0,22,0,0
37991,1000000US170317506001001,15,0,15,2,0,0,0,15,0,0,15,2,5,5,0,20,2,0
37992,1000000US170317506001002,16,0,16,0,0,0,0,16,0,0,16,0,7,7,0,20,0,0
37993,1000000US170317506001003,17,0,9,1,0,0,8,9,0,8,17,0,7,7,0,19,1,0
37994,1000000US170317506001004,230,0,228,2,1,0,1,229,0,1,230,2,109,106,3,268,2,1
37995,1000000US170317506001005,40,0,40,0,0,0,0,40,0,0,40,0,17,17,0,48,0,0
37996,1000000US170317506001006,16,0,16,0,1,0,0,16,0,0,16,1,10,10,0,21,0,0
37997,1000000US170317506001007,21,0,21,0,0,0,0,21,0,0,21,0,9,9,0,23,0,0
37998,1000000US170317506001008,26,0,26,0,0,0,0,26,0,0,26,0,15,15,0,35,0,0
37999,1000000US170317506001009,2,0,2,0,0,0,0,2,0,0,2,0,1,1,0,2,0,0
38000,1000000US170317506001010,34,0,34,0,0,0,0,34,0,0,34,0,18,17,1,43,0,0
38001,1000000US170317506001011,5,0,5,0,0,0,0,5,0,0,5,0,5,3,2,6,0,0
38002,1000000US170317506001012,0,0,0,0,0,0,0,0,0,0,0,0,2,0,2,0,0,0
38003,1000000US170317506001013,43,0,43,0,0,0,0,43,0,0,43,0,23,22,1,50,0,0
38004,1000000US170317506001014,31,1,30,1,0,0,0,31,0,0,30,1,12,12,0,37,1,0
38005,1000000US170317506001015,27,0,27,0,0,0,0,27,0,0,27,0,13,13,0,31,0,0
38006,1000000US170317506001016,3,0,3,0,0,0,0,3,0,0,3,0,2,1,1,3,0,0
38007,1000000US170317506001017,27,0,27,0,0,0,0,27,0,0,27,0,16,10,6,35,0,0
38008,1000000US170317506001018,45,0,44,0,0,0,1,44,0,1,45,0,23,20,3,62,0,0
38009,1000000US170317506001019,33,0,33,0,0,0,0,33,0,0,33,0,17,11,6,53,0,0
38010,1000000US170317506001020,13,0,13,0,0,0,0,13,0,0,13,0,4,4,0,16,0,0
38011,1000000US170317506001021,31,0,31,0,0,0,1,30,0,1,31,1,17,14,3,39,0,1
38012,1000000US170317506001022,6,0,6,0,0,0,0,6,0,0,6,0,6,5,1,16,0,0
38013,1000000US170317506001023,0,0,0,0,0,0,0,0,0,0,0,0,0,0,0,0,0,0
38014,1000000US170317506001024,20,0,20,0,0,0,0,20,0,0,20,0,13,9,4,28,0,0
38015,1000000US170317506001025,24,0,24,0,0,0,0,24,0,0,24,0,12,10,2,26,0,0
38016,1000000US170317506001026,45,0,45,0,0,0,0,45,0,0,45,0,16,14,2,59,0,0
38017,1000000US170317506001027,40,0,40,0,0,0,0,40,0,0,40,0,19,13,6,46,0,0
38018,1000000US170317506001028,2,0,2,0,0,0,0,2,0,0,2,0,1,1,0,2,0,0
38019,1000000US170317506001029,0,0,0,0,0,0,0,0,0,0,0,0,0,0,0,0,0,0
38020,1000000US170317506001030,12,0,12,2,0,0,0,12,0,0,12,2,7,7,0,13,2,0
38021,1000000US170317506001031,9,1,8,0,0,0,0,9,0,0,8,0,7,5,2,19,0,0
38022,1000000US170317506001032,15,0,15,0,0,0,0,15,0,0,15,0,5,5,0,21,0,0
38023,1000000US170317506001033,3,0,3,0,0,0,0,3,0,0,3,0,3,2,1,4,0,0
38024,1000000US170317506001034,33,0,31,0,0,2,1,32,0,1,33,0,19,17,2,58,0,1
38025,1000000US170317506001035,6,0,6,0,0,0,0,6,0,0,6,0,2,2,0,9,0,0
38026,1000000US170317506002000,38,0,38,0,0,0,0,38,0,0,38,0,18,15,3,56,0,0
38027,1000000US170317506002001,23,0,23,0,0,0,0,23,0,0,23,0,12,11,1,25,0,0
38028,1000000US170317506002002,38,0,37,3,0,0,1,37,0,1,38,3,18,15,3,45,3,1
38029,1000000US170317506002003,40,0,40,0,0,0,0,40,0,0,40,0,17,16,1,58,0,0
38030,1000000US170317506002004,32,0,32,0,0,0,0,32,0,0,32,0,20,17,3,42,0,0
38031,1000000US170317506002005,39,1,38,0,0,0,0,39,0,0,38,0,23,23,0,51,0,0
38032,1000000US170317506002006,30,0,30,0,0,0,1,29,0,1,30,0,15,15,0,52,0,1
38033,1000000US170317506002007,24,2,22,0,0,0,0,24,0,0,22,0,16,14,2,39,0,0
38034,1000000US170317506002008,40,0,40,0,0,0,0,40,0,0,40,0,21,16,5,56,0,0
38035,1000000US170317506002009,42,0,42,0,0,0,0,42,0,0,42,0,22,21,1,60,0,0
38036,1000000US170317506002010,40,1,38,0,0,0,1,39,0,1,39,0,22,21,1,51,0,0
38037,1000000US170317506002011,29,0,29,0,0,0,0,29,0,0,29,0,15,13,2,34,0,0
38038,1000000US170317506002012,4,0,4,0,0,0,0,4,0,0,4,0,2,2,0,4,0,0
38039,1000000US170317506002013,11,1,10,0,0,0,0,11,0,0,10,0,5,4,1,12,0,0
38040,1000000US170317506002014,2,0,2,0,0,0,0,2,0,0,2,0,4,2,2,2,0,0
38041,1000000US170317506002015,9,0,9,0,0,0,0,9,0,0,9,0,5,5,0,10,0,0
38042,1000000US170317506002016,11,0,11,0,0,0,0,11,0,0,11,0,5,5,0,11,0,0
38043,1000000US170317506002017,11,0,11,0,0,0,0,11,0,0,11,0,4,4,0,14,0,0
38044,1000000US170317506002018,7,1,6,0,0,0,1,6,0,1,6,0,5,5,0,7,0,1
38045,1000000US170317506002019,15,0,15,0,0,0,0,15,0,0,15,0,5,5,0,20,0,0
38046,1000000US170317506002020,8,0,8,0,0,0,0,8,0,0,8,0,5,5,0,9,0,0
38047,1000000US170317506002021,11,0,11,0,0,0,0,11,0,0,11,0,4,4,0,17,0,0
38048,1000000US170317506002022,2,0,2,0,0,0,0,2,0,0,2,0,4,2,2,4,0,0
38049,1000000US170317506002023,3,0,3,0,0,0,0,3,0,0,3,0,5,2,3,3,0,0
38050,1000000US170317506002024,22,0,22,2,0,0,0,22,0,0,22,2,8,7,1,30,2,0
38051,1000000US170317506002025,21,0,21,0,0,0,0,21,0,0,21,1,9,7,2,28,0,0
38052,1000000US170317506002026,18,0,18,0,0,0,0,18,0,0,18,0,8,8,0,21,0,0
38053,1000000US170317506002027,17,0,17,0,0,0,0,17,0,0,17,0,7,7,0,19,0,0
38054,1000000US170317506002028,13,0,13,0,0,0,0,13,0,0,13,0,7,7,0,13,0,0
38055,1000000US170317506002029,25,0,25,0,0,0,0,25,0,0,25,0,9,8,1,29,0,0
38056,1000000US170317506003000,31,0,31,0,0,0,0,31,0,0,31,0,19,17,2,41,0,0
38057,1000000US170317506003001,4,0,4,0,0,0,0,4,0,0,4,0,5,2,3,4,0,0
38058,1000000US170317506003002,21,0,21,0,0,0,0,21,0,0,21,0,11,7,4,29,0,0
38059,1000000US170317506003003,13,0,13,1,1,0,0,13,0,0,13,1,10,9,1,13,0,0
38060,1000000US170317506003004,27,0,27,0,0,0,0,27,0,0,27,1,13,12,1,43,0,0
38061,1000000US170317506003005,28,0,28,0,0,0,0,28,0,0,28,0,18,13,5,39,0,0
38062,1000000US170317506003006,34,0,34,0,0,0,0,34,0,0,34,0,25,19,6,45,0,0
38063,1000000US170317506003007,25,0,25,0,0,0,0,25,0,0,25,0,11,11,0,34,0,0
38064,1000000US170317506003008,15,0,15,0,0,0,0,15,0,0,15,0,10,7,3,22,0,0
38065,1000000US170317506003009,15,0,10,0,0,0,5,10,0,5,15,0,14,8,6,18,0,0
38066,1000000US170317506003010,19,0,19,0,0,0,0,19,0,0,19,0,11,9,2,26,0,0
38067,1000000US170317506003011,32,0,31,0,0,0,1,31,0,1,32,1,26,18,8,47,0,0
38068,1000000US170317506003012,36,0,36,0,0,0,0,36,0,0,36,0,21,20,1,57,0,0
38069,1000000US170317506003013,27,0,27,0,2,0,0,27,0,0,27,2,21,14,7,40,0,0
38070,1000000US170317506003014,29,0,28,0,0,0,1,28,0,1,29,0,21,17,4,43,0,0
38071,1000000US170317506003015,32,0,31,0,1,0,1,31,0,1,32,1,16,11,5,42,0,1
38072,1000000US170317506003016,48,0,48,0,0,0,0,48,0,0,48,0,23,21,2,59,0,0
38073,1000000US170317506003017,38,0,38,0,0,0,0,38,0,0,38,1,17,15,2,46,0,0
38074,1000000US170317506003018,12,0,12,0,0,0,0,12,0,0,12,0,6,5,1,13,0,0
38075,1000000US170317506003019,17,1,16,0,0,0,0,17,0,0,16,0,8,8,0,21,0,0
38076,1000000US170317506003020,20,0,20,0,0,0,0,20,0,0,20,0,11,10,1,30,0,0
38077,1000000US170317506003021,9,0,9,0,0,0,0,9,0,0,9,1,4,4,0,12,0,0
38078,1000000US170317506003022,22,0,22,0,0,0,0,22,0,0,22,0,10,8,2,29,0,0
38079,1000000US170317506003023,27,0,25,0,0,0,2,25,0,2,27,0,13,13,0,37,0,0
38080,1000000US170317506003024,30,0,30,2,0,0,0,30,0,0,30,2,15,14,1,37,0,0
38081,1000000US170317506003025,15,0,14,1,1,0,1,14,0,1,15,1,10,7,3,18,1,1
38082,1000000US170317506004000,12,0,12,0,0,0,0,12,0,0,12,0,10,6,4,13,0,0
38083,1000000US170317506004001,0,0,0,0,0,0,0,0,0,0,0,0,0,0,0,0,0,0
38084,1000000US170317506004002,0,0,0,0,0,0,0,0,0,0,0,0,0,0,0,0,0,0
38085,1000000US170317506004003,0,0,0,0,0,0,0,0,0,0,0,0,0,0,0,0,0,0
38086,1000000US170317506004004,0,0,0,0,0,0,0,0,0,0,0,0,0,0,0,0,0,0
38087,1000000US170317506004005,0,0,0,0,0,0,0,0,0,0,0,0,0,0,0,0,0,0
38088,1000000US170317506004006,0,0,0,0,0,0,0,0,0,0,0,0,0,0,0,0,0,0
38089,1000000US170317506004007,0,0,0,0,0,0,0,0,0,0,0,0,0,0,0,0,0,0
38090,1000000US170317506004008,0,0,0,0,0,0,0,0,0,0,0,0,0,0,0,0,0,0
38091,1000000US170317506004009,0,0,0,0,0,0,0,0,0,0,0,0,0,0,0,0,0,0
38092,1000000US170317506004010,27,0,27,0,0,0,1,26,0,1,27,0,12,9,3,53,0,1
38093,1000000US170317506004011,0,0,0,0,0,0,0,0,0,0,0,0,0,0,0,0,0,0
38094,1000000US170317506004012,22,0,21,0,0,0,2,20,0,2,22,1,9,9,0,24,0,1
38095,1000000US170317506004013,8,0,8,0,0,0,0,8,0,0,8,0,5,5,0,14,0,0
38096,1000000US170317506004014,16,0,16,0,0,0,0,16,0,0,16,0,7,6,1,22,0,0
38097,1000000US170317506004015,3,0,3,0,0,0,0,3,0,0,3,0,2,2,0,5,0,0
38098,1000000US170317506004016,6,0,6,0,0,0,0,6,0,0,6,0,5,4,1,7,0,0
38099,1000000US170317506004017,8,0,8,0,0,0,0,8,0,0,8,0,7,5,2,8,0,0
38100,1000000US170317506004018,29,0,29,0,0,0,1,28,0,1,29,0,13,13,0,38,0,1
38101,1000000US170317506004019,7,1,5,0,1,0,1,6,0,1,6,0,0,0,0,8,0,1
38102,1000000US170317506004020,26,0,26,1,0,0,0,26,0,0,26,1,15,14,1,34,1,0
38103,1000000US170317506004021,26,0,26,0,0,0,0,26,0,0,26,0,14,12,2,33,0,0
38104,1000000US170317506004022,10,2,8,0,0,0,0,10,0,0,8,0,3,3,0,14,0,0
38105,1000000US170317506004023,14,0,14,0,0,0,0,14,0,0,14,0,7,7,0,21,0,0
38106,1000000US170317506004024,14,0,14,1,0,0,0,14,0,0,14,1,5,5,0,14,1,0
38107,1000000US170317506004025,8,0,8,0,0,0,0,8,0,0,8,0,4,4,0,10,0,0
38108,1000000US170317506004026,14,0,14,0,0,0,0,14,0,0,14,0,8,6,2,33,0,0
38109,1000000US170317506004027,8,0,8,0,0,0,0,8,0,0,8,0,3,3,0,9,0,0
38110,1000000US170317506004028,14,0,11,0,0,0,3,11,0,3,14,0,13,10,3,15,0,0
38111,1000000US170317506004029,12,0,11,0,1,0,0,12,0,0,12,0,9,8,1,15,0,0
38112,1000000US170317506004030,11,0,11,0,0,0,0,11,0,0,11,0,5,5,0,22,0,0
38113,1000000US170317506004031,20,0,18,2,0,0,0,20,0,0,20,1,12,10,2,26,2,0
38114,1000000US170317506004032,26,0,26,0,0,0,0,26,0,0,26,0,17,15,2,40,0,0
38115,1000000US170317506004033,15,0,15,0,0,0,0,15,0,0,15,0,6,6,0,20,0,0
38116,1000000US170317506004034,0,0,0,0,0,0,0,0,0,0,0,0,0,0,0,0,0,0
38117,1000000US170317506004035,2,0,2,0,0,0,0,2,0,0,2,0,1,1,0,2,0,0
38118,1000000US170317506004036,28,0,28,0,0,0,0,28,0,0,28,0,13,12,1,37,0,0
38119,1000000US170317506004037,41,0,41,0,0,0,1,40,0,1,41,0,14,13,1,58,0,1
38120,1000000US170317506004038,7,0,7,0,0,0,0,7,0,0,7,0,5,4,1,8,0,0
38121,1000000US170317506004039,15,0,15,0,0,0,0,15,0,0,15,0,7,7,0,17,0,0
38122,1000000US170317506004040,23,0,23,0,0,0,0,23,0,0,23,0,13,12,1,26,0,0
38123,1000000US170317506004041,28,1,27,0,0,0,0,28,0,0,27,0,13,12,1,38,0,0
38124,1000000US170317506004042,28,0,28,0,0,0,0,28,0,0,28,0,14,11,3,45,0,0
38125,1000000US170317506004043,20,0,20,0,0,0,0,20,0,0,20,0,11,10,1,29,0,0
38126,1000000US170317506004044,21,0,21,0,0,0,0,21,0,0,21,0,15,12,3,38,0,0
38127,1000000US170317506004045,24,0,24,0,0,0,0,24,0,0,24,0,9,8,1,37,0,0
38128,1000000US170317506004046,0,0,0,0,0,0,0,0,0,0,0,0,1,0,1,0,0,0
38129,1000000US170317506004047,24,0,23,0,0,1,0,24,0,0,24,0,9,9,0,27,0,0
38130,1000000US170317506004048,0,0,0,0,0,0,0,0,0,0,0,0,0,0,0,0,0,0
38131,1000000US170317608011000,0,0,0,0,0,0,0,0,0,0,0,0,0,0,0,0,0,0
38132,1000000US170317608011001,0,0,0,0,0,0,0,0,0,0,0,0,0,0,0,0,0,0
38133,1000000US170317608011002,0,0,0,0,0,0,0,0,0,0,0,0,1,0,1,0,0,0
38134,1000000US170317608011003,0,0,0,0,0,0,0,0,0,0,0,0,0,0,0,0,0,0
38135,1000000US170317608011004,0,0,0,0,0,0,0,0,0,0,0,0,0,0,0,0,0,0
38136,1000000US170317608011005,0,0,0,0,0,0,0,0,0,0,0,0,0,0,0,0,0,0
38137,1000000US170317608011006,0,0,0,0,0,0,0,0,0,0,0,0,0,0,0,0,0,0
38138,1000000US170317608011007,0,0,0,0,0,0,0,0,0,0,0,0,0,0,0,0,0,0
38139,1000000US170317608011008,0,0,0,0,0,0,0,0,0,0,0,0,0,0,0,0,0,0
38140,1000000US170317608011009,0,0,0,0,0,0,0,0,0,0,0,0,0,0,0,0,0,0
38141,1000000US170317608011010,0,0,0,0,0,0,0,0,0,0,0,0,0,0,0,0,0,0
38142,1000000US170317608011011,0,0,0,0,0,0,0,0,0,0,0,0,0,0,0,0,0,0
38143,1000000US170317608011012,0,0,0,0,0,0,0,0,0,0,0,0,0,0,0,0,0,0
38144,1000000US170317608011013,0,0,0,0,0,0,0,0,0,0,0,0,0,0,0,0,0,0
38145,1000000US170317608011014,281,212,9,1,41,0,17,264,0,17,69,0,177,163,14,322,1,0
38146,1000000US170317608011015,0,0,0,0,0,0,0,0,0,0,0,0,0,0,0,0,0,0
38147,1000000US170317608011016,0,0,0,0,0,0,0,0,0,0,0,0,0,0,0,0,0,0
38148,1000000US170317608011017,1423,824,145,7,310,5,144,1279,0,144,599,33,1082,956,126,1590,2,6
38149,1000000US170317608011018,282,209,9,2,31,1,30,252,0,30,73,5,186,168,18,352,2,0
38150,1000000US170317608012000,0,0,0,0,0,0,0,0,0,0,0,0,0,0,0,0,0,0
38151,1000000US170317608012001,0,0,0,0,0,0,0,0,0,0,0,0,0,0,0,0,0,0
38152,1000000US170317608012002,0,0,0,0,0,0,0,0,0,0,0,0,0,0,0,0,0,0
38153,1000000US170317608012003,0,0,0,0,0,0,0,0,0,0,0,0,0,0,0,0,0,0
38154,1000000US170317608012004,0,0,0,0,0,0,0,0,0,0,0,0,0,0,0,0,0,0
38155,1000000US170317608012005,0,0,0,0,0,0,0,0,0,0,0,0,0,0,0,0,0,0
38156,1000000US170317608012006,194,125,2,1,49,2,16,178,0,16,69,5,119,106,13,234,0,0
38157,1000000US170317608012007,0,0,0,0,0,0,0,0,0,0,0,0,0,0,0,0,0,0
38158,1000000US170317608012008,215,171,2,0,29,0,10,205,0,10,44,1,132,118,14,253,0,0
38159,1000000US170317608012009,251,187,9,1,28,0,26,225,0,26,64,7,162,145,17,305,0,0
38160,1000000US170317608012010,139,115,3,0,11,0,11,128,0,11,24,5,85,71,14,147,0,0
38161,1000000US170317608012011,140,88,16,0,20,0,16,124,0,16,52,5,85,72,13,157,0,1
38162,1000000US170317608012012,2,2,0,0,0,0,0,2,0,0,0,0,2,2,0,2,0,0
38163,1000000US170317608012013,304,238,8,0,25,1,32,272,0,32,66,8,168,158,10,380,0,0
38164,1000000US170317608012014,250,216,3,0,19,1,12,238,0,12,34,4,150,144,6,305,0,0
38165,1000000US170317608021000,0,0,0,0,0,0,0,0,0,0,0,0,0,0,0,0,0,0
38166,1000000US170317608021001,0,0,0,0,0,0,0,0,0,0,0,0,0,0,0,0,0,0
38167,1000000US170317608021002,0,0,0,0,0,0,0,0,0,0,0,0,0,0,0,0,0,0
38168,1000000US170317608021003,14,11,0,0,3,0,0,14,0,0,3,0,7,7,0,18,0,0
38169,1000000US170317608021004,25,24,0,0,0,0,1,24,0,1,1,1,16,16,0,27,0,0
38170,1000000US170317608021005,26,26,0,0,0,0,0,26,0,0,0,0,17,16,1,29,0,0
38171,1000000US170317608021006,38,33,0,0,0,0,5,33,0,5,5,0,19,19,0,44,0,0
38172,1000000US170317608021007,31,30,0,0,0,0,1,30,0,1,1,0,17,16,1,40,0,0
38173,1000000US170317608021008,100,99,0,0,1,0,0,100,0,0,1,1,60,57,3,104,0,0
38174,1000000US170317608021009,0,0,0,0,0,0,0,0,0,0,0,0,0,0,0,0,0,0
38175,1000000US170317608021010,32,28,0,0,4,0,0,32,0,0,4,0,19,18,1,40,0,0
38176,1000000US170317608021011,41,41,0,0,0,0,0,41,0,0,0,0,22,21,1,51,0,0
38177,1000000US170317608021012,47,45,0,0,1,0,1,46,0,1,2,1,27,26,1,61,0,0
38178,1000000US170317608021013,65,53,0,0,6,0,6,59,0,6,12,1,31,31,0,77,0,0
38179,1000000US170317608021014,26,20,0,0,0,0,6,20,0,6,6,0,16,14,2,30,0,0
38180,1000000US170317608021015,35,35,0,0,0,0,0,35,0,0,0,0,21,19,2,37,0,0
38181,1000000US170317608021016,63,58,0,0,0,0,5,58,0,5,5,1,35,34,1,78,0,0
38182,1000000US170317608021017,54,50,0,0,0,0,4,50,0,4,4,0,27,26,1,61,0,0
38183,1000000US170317608021018,42,37,0,0,4,0,1,41,0,1,5,0,20,20,0,51,0,0
38184,1000000US170317608021019,49,46,1,0,0,0,3,46,0,3,3,0,27,26,1,59,0,1
38185,1000000US170317608021020,288,272,1,0,7,0,8,280,0,8,16,3,160,150,10,327,0,0
38186,1000000US170317608021021,96,84,0,0,3,0,9,87,0,9,12,0,50,48,2,113,0,0
38187,1000000US170317608021022,33,30,0,0,3,0,0,33,0,0,3,0,18,17,1,35,0,0
38188,1000000US170317608021023,99,94,2,0,0,0,3,96,0,3,5,0,84,75,9,107,0,0
38189,1000000US170317608021024,260,219,0,3,9,1,28,232,0,28,41,5,208,196,12,275,0,0
38190,1000000US170317608021025,91,85,0,0,2,0,4,87,0,4,6,0,63,61,2,96,0,0
38191,1000000US170317608021026,53,52,1,0,0,0,0,53,0,0,1,0,20,20,0,60,0,0
38192,1000000US170317608021027,31,30,0,0,0,0,1,30,0,1,1,0,20,20,0,37,0,0
38193,1000000US170317608021028,0,0,0,0,0,0,0,0,0,0,0,0,0,0,0,0,0,0
38194,1000000US170317608021029,0,0,0,0,0,0,0,0,0,0,0,0,0,0,0,0,0,0
38195,1000000US170317608021030,42,36,0,0,5,0,1,41,0,1,6,0,21,20,1,56,0,0
38196,1000000US170317608021031,74,73,0,0,0,0,1,73,0,1,1,0,37,36,1,93,0,0
38197,1000000US170317608021032,92,88,0,0,0,0,4,88,0,4,4,0,53,52,1,112,0,0
38198,1000000US170317608021033,52,50,0,0,2,0,0,52,0,0,2,0,28,27,1,56,0,0
38199,1000000US170317608021034,39,36,0,0,2,0,1,38,0,1,3,0,27,23,4,42,0,0
38200,1000000US170317608021035,0,0,0,0,0,0,0,0,0,0,0,0,0,0,0,0,0,0
38201,1000000US170317608021036,0,0,0,0,0,0,0,0,0,0,0,0,0,0,0,0,0,0
38202,1000000US170317608021037,0,0,0,0,0,0,0,0,0,0,0,0,0,0,0,0,0,0
38203,1000000US170317608021038,0,0,0,0,0,0,0,0,0,0,0,0,0,0,0,0,0,0
38204,1000000US170317608021039,0,0,0,0,0,0,0,0,0,0,0,0,0,0,0,0,0,0
38205,1000000US170317608021040,0,0,0,0,0,0,0,0,0,0,0,0,0,0,0,0,0,0
38206,1000000US170317608021041,0,0,0,0,0,0,0,0,0,0,0,0,0,0,0,0,0,0
38207,1000000US170317608021042,0,0,0,0,0,0,0,0,0,0,0,0,0,0,0,0,0,0
38208,1000000US170317608021043,0,0,0,0,0,0,0,0,0,0,0,0,0,0,0,0,0,0
38209,1000000US170317608021044,0,0,0,0,0,0,0,0,0,0,0,0,0,0,0,0,0,0
38210,1000000US170317608021045,3,1,0,0,0,0,2,1,0,2,2,0,2,2,0,4,0,0
38211,1000000US170317608021046,0,0,0,0,0,0,0,0,0,0,0,0,0,0,0,0,0,0
38212,1000000US170317608021047,0,0,0,0,0,0,0,0,0,0,0,0,0,0,0,0,0,0
38213,1000000US170317608021048,0,0,0,0,0,0,0,0,0,0,0,0,0,0,0,0,0,0
38214,1000000US170317608021049,0,0,0,0,0,0,0,0,0,0,0,0,0,0,0,0,0,0
38215,1000000US170317608021050,0,0,0,0,0,0,0,0,0,0,0,0,0,0,0,0,0,0
38216,1000000US170317608021051,51,49,0,0,0,0,2,49,0,2,2,0,34,32,2,56,0,0
38217,1000000US170317608031000,141,117,3,1,9,0,11,130,0,11,24,0,91,88,3,170,1,0
38218,1000000US170317608031001,506,391,20,1,36,1,61,445,0,61,115,14,274,263,11,651,1,2
38219,1000000US170317608031002,87,73,2,0,0,0,12,75,0,12,14,0,52,45,7,123,0,0
38220,1000000US170317608031003,155,114,4,2,11,0,27,128,0,27,41,6,85,77,8,202,1,1
38221,1000000US170317608031004,101,97,2,0,0,0,2,99,0,2,4,1,60,58,2,124,0,0
38222,1000000US170317608031005,100,80,2,0,8,0,7,93,0,7,20,3,60,57,3,126,0,0
38223,1000000US170317608031006,98,87,5,0,2,0,5,93,0,5,11,0,61,49,12,122,0,1
38224,1000000US170317608032000,0,0,0,0,0,0,0,0,0,0,0,0,0,0,0,0,0,0
38225,1000000US170317608032001,145,115,3,0,6,0,21,124,0,21,30,0,85,82,3,193,0,0
38226,1000000US170317608032002,146,118,6,1,11,0,10,136,0,10,28,3,90,82,8,185,1,0
38227,1000000US170317608032003,119,108,1,0,3,0,7,112,0,7,11,1,66,64,2,149,0,0
38228,1000000US170317608032004,123,79,4,0,21,2,19,104,0,19,44,7,60,57,3,160,0,0
38229,1000000US170317608032005,111,92,0,0,14,0,5,106,0,5,19,2,61,58,3,141,0,0
38230,1000000US170317608032006,111,96,4,0,1,0,11,100,0,11,15,2,64,60,4,134,0,0
38231,1000000US170317608032007,100,70,2,0,9,0,19,81,0,19,30,0,60,52,8,145,0,0
38232,1000000US170317608032008,500,448,11,1,17,3,25,475,0,25,52,7,313,286,27,587,1,5
38233,1000000US170317608032009,46,40,2,0,3,0,1,45,0,1,6,0,31,29,2,52,0,0
38234,1000000US170317608033000,740,546,33,6,84,0,75,665,0,75,194,12,490,448,42,888,5,4
38235,1000000US170317608033001,253,175,23,0,34,0,21,232,0,21,78,1,199,166,33,277,0,0
38236,1000000US170317608033002,158,133,8,0,9,0,13,145,0,13,25,4,121,111,10,181,0,4
38237,1000000US170317608033003,67,65,0,0,0,0,2,65,0,2,2,0,39,37,2,79,0,0
38238,1000000US170317608033004,132,92,1,2,23,0,14,118,0,14,40,3,71,62,9,179,1,0
38239,1000000US170317608034000,46,37,0,0,5,0,4,42,0,4,9,0,21,21,0,57,0,0
38240,1000000US170317608034001,79,59,0,0,6,0,14,65,0,14,20,3,47,41,6,109,0,0
38241,1000000US170317608034002,559,469,10,0,16,5,62,497,0,62,90,16,288,278,10,761,0,2
38242,1000000US170317608034003,91,76,3,0,1,1,11,80,0,11,15,1,52,50,2,102,0,0
38243,1000000US170317608034004,45,40,0,0,3,0,2,43,0,2,5,0,26,24,2,57,0,0
38244,1000000US170317608034005,55,55,0,0,0,0,0,55,0,0,0,0,26,24,2,71,0,0
38245,1000000US170317608034006,137,120,1,0,4,0,12,125,0,12,17,0,75,69,6,171,0,0
38246,1000000US170317608034007,33,29,0,0,0,0,4,29,0,4,4,0,21,21,0,40,0,0
38247,1000000US170317705002000,0,0,0,0,0,0,0,0,0,0,0,0,0,0,0,0,0,0
38248,1000000US170317705002001,0,0,0,0,0,0,0,0,0,0,0,0,0,0,0,0,0,0
38249,1000000US170317705002002,0,0,0,0,0,0,0,0,0,0,0,0,0,0,0,0,0,0
38250,1000000US170317705002003,0,0,0,0,0,0,0,0,0,0,0,0,0,0,0,0,0,0
38251,1000000US170317705002004,0,0,0,0,0,0,0,0,0,0,0,0,0,0,0,0,0,0
38252,1000000US170317705002005,0,0,0,0,0,0,0,0,0,0,0,0,0,0,0,0,0,0
38253,1000000US170317705002006,0,0,0,0,0,0,0,0,0,0,0,0,0,0,0,0,0,0
38254,1000000US170317705002007,0,0,0,0,0,0,0,0,0,0,0,0,0,0,0,0,0,0
38255,1000000US170317705002008,1,0,0,0,0,0,1,0,0,1,1,0,1,1,0,1,0,0
38256,1000000US170317705002009,0,0,0,0,0,0,0,0,0,0,0,0,0,0,0,0,0,0
38257,1000000US170317705002010,0,0,0,0,0,0,0,0,0,0,0,0,0,0,0,0,0,0
38258,1000000US170317705002011,0,0,0,0,0,0,0,0,0,0,0,0,0,0,0,0,0,0
38259,1000000US170317705002012,0,0,0,0,0,0,0,0,0,0,0,0,0,0,0,0,0,0
38260,1000000US170317705002013,0,0,0,0,0,0,0,0,0,0,0,0,0,0,0,0,0,0
38261,1000000US170317705002014,18,15,0,0,0,0,3,15,0,3,3,0,11,11,0,24,0,0
38262,1000000US170317705002015,0,0,0,0,0,0,0,0,0,0,0,0,0,0,0,0,0,0
38263,1000000US170317705002016,0,0,0,0,0,0,0,0,0,0,0,0,0,0,0,0,0,0
38264,1000000US170317705002017,0,0,0,0,0,0,0,0,0,0,0,0,0,0,0,0,0,0
38265,1000000US170317705002018,0,0,0,0,0,0,0,0,0,0,0,0,0,0,0,0,0,0
38266,1000000US170317705002019,0,0,0,0,0,0,0,0,0,0,0,0,0,0,0,0,0,0
38267,1000000US170317705002020,0,0,0,0,0,0,0,0,0,0,0,0,0,0,0,0,0,0
38268,1000000US170317705002021,0,0,0,0,0,0,0,0,0,0,0,0,0,0,0,0,0,0
38269,1000000US170317705002022,0,0,0,0,0,0,0,0,0,0,0,0,0,0,0,0,0,0
38270,1000000US170317705002023,23,19,1,0,0,0,3,20,0,3,4,1,10,9,1,31,0,0
38271,1000000US170317705002024,42,29,0,0,3,0,9,33,0,9,13,0,20,20,0,54,0,0
38272,1000000US170317705002025,15,12,0,0,0,0,3,12,0,3,3,0,7,7,0,20,0,0
38273,1000000US170317705002026,0,0,0,0,0,0,0,0,0,0,0,0,0,0,0,0,0,0
38274,1000000US170317705002027,0,0,0,0,0,0,0,0,0,0,0,0,0,0,0,0,0,0
38275,1000000US170317705002028,7,4,0,0,0,0,3,4,0,3,3,0,4,4,0,9,0,0
38276,1000000US170317705002029,0,0,0,0,0,0,0,0,0,0,0,0,0,0,0,0,0,0
38277,1000000US170317705002030,0,0,0,0,0,0,0,0,0,0,0,0,0,0,0,0,0,0
38278,1000000US170317705002031,15,10,3,2,0,0,2,13,0,2,5,2,13,13,0,16,0,1
38279,1000000US170317705002032,0,0,0,0,0,0,0,0,0,0,0,0,0,0,0,0,0,0
38280,1000000US170317705002033,135,10,5,2,0,0,120,15,0,120,125,6,60,55,5,226,2,0
38281,1000000US170317705002034,0,0,0,0,0,0,0,0,0,0,0,0,0,0,0,0,0,0
38282,1000000US170317705002035,0,0,0,0,0,0,0,0,0,0,0,0,0,0,0,0,0,0
38283,1000000US170317705002036,0,0,0,0,0,0,0,0,0,0,0,0,0,0,0,0,0,0
38284,1000000US170317705002037,140,16,7,0,0,0,122,18,0,122,124,3,62,55,7,231,0,5
38285,1000000US170317705002038,0,0,0,0,0,0,0,0,0,0,0,0,0,0,0,0,0,0
38286,1000000US170317705002039,0,0,0,0,0,0,0,0,0,0,0,0,0,0,0,0,0,0
38287,1000000US170317705002040,0,0,0,0,0,0,0,0,0,0,0,0,0,0,0,0,0,0
38288,1000000US170317705002041,0,0,0,0,0,0,0,0,0,0,0,0,0,0,0,0,0,0
38289,1000000US170317705002042,0,0,0,0,0,0,0,0,0,0,0,0,0,0,0,0,0,0
38290,1000000US170317705002043,0,0,0,0,0,0,0,0,0,0,0,0,0,0,0,0,0,0
38291,1000000US170317705002044,0,0,0,0,0,0,0,0,0,0,0,0,0,0,0,0,0,0
38292,1000000US170317705002045,0,0,0,0,0,0,0,0,0,0,0,0,0,0,0,0,0,0
38293,1000000US170317705002046,0,0,0,0,0,0,0,0,0,0,0,0,0,0,0,0,0,0
38294,1000000US170317705002047,0,0,0,0,0,0,0,0,0,0,0,0,0,0,0,0,0,0
38295,1000000US170317705002048,0,0,0,0,0,0,0,0,0,0,0,0,0,0,0,0,0,0
38296,1000000US170317705002049,0,0,0,0,0,0,0,0,0,0,0,0,0,0,0,0,0,0
38297,1000000US170317705002050,0,0,0,0,0,0,0,0,0,0,0,0,0,0,0,0,0,0
38298,1000000US170317705002051,0,0,0,0,0,0,0,0,0,0,0,0,0,0,0,0,0,0
38299,1000000US170317705002052,0,0,0,0,0,0,0,0,0,0,0,0,0,0,0,0,0,0
38300,1000000US170317705002053,0,0,0,0,0,0,0,0,0,0,0,0,0,0,0,0,0,0
38301,1000000US170317705002054,0,0,0,0,0,0,0,0,0,0,0,0,0,0,0,0,0,0
38302,1000000US170317705002055,0,0,0,0,0,0,0,0,0,0,0,0,0,0,0,0,0,0
38303,1000000US170317705002056,0,0,0,0,0,0,0,0,0,0,0,0,0,0,0,0,0,0
38304,1000000US170317705002057,0,0,0,0,0,0,0,0,0,0,0,0,0,0,0,0,0,0
38305,1000000US170317705002058,0,0,0,0,0,0,0,0,0,0,0,0,0,0,0,0,0,0
38306,1000000US170317705002059,0,0,0,0,0,0,0,0,0,0,0,0,0,0,0,0,0,0
38307,1000000US170317705002060,0,0,0,0,0,0,0,0,0,0,0,0,0,0,0,0,0,0
38308,1000000US170317705002061,0,0,0,0,0,0,0,0,0,0,0,0,0,0,0,0,0,0
38309,1000000US170317705002062,0,0,0,0,0,0,0,0,0,0,0,0,0,0,0,0,0,0
38310,1000000US170317705002063,0,0,0,0,0,0,0,0,0,0,0,0,0,0,0,0,0,0
38311,1000000US170317705002064,0,0,0,0,0,0,0,0,0,0,0,0,0,0,0,0,0,0
38312,1000000US170317705002065,0,0,0,0,0,0,0,0,0,0,0,0,0,0,0,0,0,0
38313,1000000US170317705002066,0,0,0,0,0,0,0,0,0,0,0,0,0,0,0,0,0,0
38314,1000000US170317705002067,0,0,0,0,0,0,0,0,0,0,0,0,0,0,0,0,0,0
38315,1000000US170317705002068,0,0,0,0,0,0,0,0,0,0,0,0,0,0,0,0,0,0
38316,1000000US170317705002069,0,0,0,0,0,0,0,0,0,0,0,0,0,0,0,0,0,0
38317,1000000US170317705002070,0,0,0,0,0,0,0,0,0,0,0,0,0,0,0,0,0,0
38318,1000000US170317705002071,0,0,0,0,0,0,0,0,0,0,0,0,0,0,0,0,0,0
38319,1000000US170317705002072,0,0,0,0,0,0,0,0,0,0,0,0,0,0,0,0,0,0
38320,1000000US170317705002073,0,0,0,0,0,0,0,0,0,0,0,0,0,0,0,0,0,0
38321,1000000US170317705002074,0,0,0,0,0,0,0,0,0,0,0,0,0,0,0,0,0,0
38322,1000000US170317705002075,0,0,0,0,0,0,0,0,0,0,0,0,0,0,0,0,0,0
38323,1000000US170317705002076,0,0,0,0,0,0,0,0,0,0,0,0,0,0,0,0,0,0
38324,1000000US170317705002077,0,0,0,0,0,0,0,0,0,0,0,0,0,0,0,0,0,0
38325,1000000US170317705002078,0,0,0,0,0,0,0,0,0,0,0,0,0,0,0,0,0,0
38326,1000000US170317705002079,0,0,0,0,0,0,0,0,0,0,0,0,0,0,0,0,0,0
38327,1000000US170317705002080,0,0,0,0,0,0,0,0,0,0,0,0,0,0,0,0,0,0
38328,1000000US170317705002081,0,0,0,0,0,0,0,0,0,0,0,0,0,0,0,0,0,0
38329,1000000US170317705002082,0,0,0,0,0,0,0,0,0,0,0,0,0,0,0,0,0,0
38330,1000000US170317705002083,0,0,0,0,0,0,0,0,0,0,0,0,0,0,0,0,0,0
38331,1000000US170317705002084,0,0,0,0,0,0,0,0,0,0,0,0,0,0,0,0,0,0
38332,1000000US170317705002085,0,0,0,0,0,0,0,0,0,0,0,0,0,0,0,0,0,0
38333,1000000US170317706021000,313,279,1,0,7,0,25,288,0,25,34,3,140,94,46,337,0,0
38334,1000000US170317706021001,213,119,2,8,17,0,72,141,0,72,94,3,101,99,2,295,7,0
38335,1000000US170317706021002,17,5,0,4,3,0,9,8,0,9,12,0,8,8,0,28,4,0
38336,1000000US170317706021003,20,9,0,0,0,0,11,9,0,11,11,0,12,11,1,32,0,0
38337,1000000US170317706021004,22,5,0,1,0,0,17,5,0,17,17,0,15,14,1,38,1,0
38338,1000000US170317706021005,29,3,0,0,5,0,23,6,0,23,26,2,17,16,1,51,0,0
38339,1000000US170317706021006,20,10,0,0,0,0,10,10,0,10,10,0,10,10,0,23,0,0
38340,1000000US170317706021007,39,9,1,3,1,1,27,12,0,27,30,4,20,20,0,56,1,0
38341,1000000US170317706021008,35,23,0,1,10,2,0,35,0,0,12,3,15,15,0,40,1,0
38342,1000000US170317706021009,18,1,0,0,0,0,17,1,0,17,17,0,8,8,0,27,0,0
38343,1000000US170317706021010,35,9,0,0,0,0,26,9,0,26,26,2,19,18,1,58,0,0
38344,1000000US170317706021011,31,7,0,2,0,0,24,7,0,24,24,1,19,17,2,53,2,0
38345,1000000US170317706021012,22,8,1,0,1,0,12,10,0,12,14,0,16,16,0,32,0,0
38346,1000000US170317706021013,24,6,0,0,1,0,17,7,0,17,18,0,12,12,0,35,0,0
38347,1000000US170317706021014,13,1,0,0,0,0,12,1,0,12,12,0,8,7,1,25,0,0
38348,1000000US170317706021015,22,9,1,0,0,0,12,10,0,12,13,2,15,12,3,32,0,0
38349,1000000US170317706021016,17,8,0,0,0,0,9,8,0,9,9,6,8,7,1,24,0,0
38350,1000000US170317706021017,10,4,0,0,0,0,6,4,0,6,6,0,5,5,0,10,0,0
38351,1000000US170317706021018,37,8,0,2,0,0,29,8,0,29,29,0,18,18,0,57,2,0
38352,1000000US170317706021019,33,19,0,0,0,0,14,19,0,14,14,0,18,18,0,39,0,0
38353,1000000US170317706021020,40,14,0,3,0,0,26,14,0,26,26,0,20,20,0,66,3,0
38354,1000000US170317706021021,0,0,0,0,0,0,0,0,0,0,0,0,0,0,0,0,0,0
38355,1000000US170317706021022,0,0,0,0,0,0,0,0,0,0,0,0,0,0,0,0,0,0
38356,1000000US170317706021023,0,0,0,0,0,0,0,0,0,0,0,0,0,0,0,0,0,0
38357,1000000US170317706021024,0,0,0,0,0,0,0,0,0,0,0,0,0,0,0,0,0,0
38358,1000000US170317706021025,0,0,0,0,0,0,0,0,0,0,0,0,0,0,0,0,0,0
38359,1000000US170317706021026,70,65,0,0,1,0,4,66,0,4,5,0,30,30,0,84,0,0
38360,1000000US170317706021027,171,126,0,2,23,0,20,151,0,20,45,2,79,75,4,204,0,0
38361,1000000US170317706021028,23,18,1,0,0,0,5,18,0,5,5,0,12,12,0,26,0,1
38362,1000000US170317706021029,53,34,0,0,5,0,14,39,0,14,19,0,24,23,1,60,0,0
38363,1000000US170317706021030,89,50,0,0,32,0,7,82,0,7,39,0,38,36,2,108,0,0
38364,1000000US170317706021031,0,0,0,0,0,0,0,0,0,0,0,0,0,0,0,0,0,0
38365,1000000US170317706021032,0,0,0,0,0,0,0,0,0,0,0,0,0,0,0,0,0,0
38366,1000000US170317706021033,0,0,0,0,0,0,0,0,0,0,0,0,0,0,0,0,0,0
38367,1000000US170317706021034,0,0,0,0,0,0,0,0,0,0,0,0,0,0,0,0,0,0
38368,1000000US170317706021035,0,0,0,0,0,0,0,0,0,0,0,0,0,0,0,0,0,0
38369,1000000US170317706021036,0,0,0,0,0,0,0,0,0,0,0,0,0,0,0,0,0,0
38370,1000000US170317706021037,0,0,0,0,0,0,0,0,0,0,0,0,0,0,0,0,0,0
38371,1000000US170317706021038,0,0,0,0,0,0,0,0,0,0,0,0,0,0,0,0,0,0
38372,1000000US170317706021039,0,0,0,0,0,0,0,0,0,0,0,0,0,0,0,0,0,0
38373,1000000US170317706021040,0,0,0,0,0,0,0,0,0,0,0,0,0,0,0,0,0,0
38374,1000000US170317706021041,0,0,0,0,0,0,0,0,0,0,0,0,0,0,0,0,0,0
38375,1000000US170317706021042,0,0,0,0,0,0,0,0,0,0,0,0,0,0,0,0,0,0
38376,1000000US170317706021043,0,0,0,0,0,0,0,0,0,0,0,0,0,0,0,0,0,0
38377,1000000US170317706021044,26,5,0,3,0,2,21,5,0,21,21,3,12,12,0,34,3,0
38378,1000000US170317706021045,0,0,0,0,0,0,0,0,0,0,0,0,0,0,0,0,0,0
38379,1000000US170317706022000,0,0,0,0,0,0,0,0,0,0,0,0,0,0,0,0,0,0
38380,1000000US170317706022001,72,34,2,1,4,0,31,41,0,31,38,0,36,32,4,98,1,0
38381,1000000US170317706022002,0,0,0,0,0,0,0,0,0,0,0,0,0,0,0,0,0,0
38382,1000000US170317706022003,94,4,7,6,7,0,77,17,0,77,90,5,42,40,2,136,3,1
38383,1000000US170317706022004,99,13,5,3,2,0,76,23,0,76,86,1,48,47,1,146,3,0
38384,1000000US170317706022005,23,7,0,0,0,0,16,7,0,16,16,0,12,11,1,32,0,0
38385,1000000US170317706022006,91,12,7,2,4,0,68,23,0,68,79,4,48,45,3,141,0,0
38386,1000000US170317706022007,0,0,0,0,0,0,0,0,0,0,0,0,0,0,0,0,0,0
38387,1000000US170317706022008,0,0,0,0,0,0,0,0,0,0,0,0,0,0,0,0,0,0
38388,1000000US170317706022009,0,0,0,0,0,0,0,0,0,0,0,0,0,0,0,0,0,0
38389,1000000US170317706022010,0,0,0,0,0,0,0,0,0,0,0,0,0,0,0,0,0,0
38390,1000000US170317706022011,0,0,0,0,0,0,0,0,0,0,0,0,0,0,0,0,0,0
38391,1000000US170317706022012,0,0,0,0,0,0,0,0,0,0,0,0,0,0,0,0,0,0
38392,1000000US170317706022013,0,0,0,0,0,0,0,0,0,0,0,0,0,0,0,0,0,0
38393,1000000US170317706022014,0,0,0,0,0,0,0,0,0,0,0,0,0,0,0,0,0,0
38394,1000000US170317706022015,0,0,0,0,0,0,0,0,0,0,0,0,0,0,0,0,0,0
38395,1000000US170317706022016,0,0,0,0,0,0,0,0,0,0,0,0,0,0,0,0,0,0
38396,1000000US170317706022017,0,0,0,0,0,0,0,0,0,0,0,0,0,0,0,0,0,0
38397,1000000US170317706022018,0,0,0,0,0,0,0,0,0,0,0,0,0,0,0,0,0,0
38398,1000000US170317706022019,0,0,0,0,0,0,0,0,0,0,0,0,0,0,0,0,0,0
38399,1000000US170317706022020,0,0,0,0,0,0,0,0,0,0,0,0,0,0,0,0,0,0
38400,1000000US170317706022021,0,0,0,0,0,0,0,0,0,0,0,0,0,0,0,0,0,0
38401,1000000US170317706022022,0,0,0,0,0,0,0,0,0,0,0,0,0,0,0,0,0,0
38402,1000000US170317706022023,0,0,0,0,0,0,0,0,0,0,0,0,0,0,0,0,0,0
38403,1000000US170317706022024,0,0,0,0,0,0,0,0,0,0,0,0,0,0,0,0,0,0
38404,1000000US170317706022025,0,0,0,0,0,0,0,0,0,0,0,0,0,0,0,0,0,0
38405,1000000US170317706022026,0,0,0,0,0,0,0,0,0,0,0,0,0,0,0,0,0,0
38406,1000000US170317706022027,0,0,0,0,0,0,0,0,0,0,0,0,0,0,0,0,0,0
38407,1000000US170317706022028,0,0,0,0,0,0,0,0,0,0,0,0,0,0,0,0,0,0
38408,1000000US170317706022029,0,0,0,0,0,0,0,0,0,0,0,0,0,0,0,0,0,0
38409,1000000US170317706022030,0,0,0,0,0,0,0,0,0,0,0,0,0,0,0,0,0,0
38410,1000000US170317706022031,0,0,0,0,0,0,0,0,0,0,0,0,0,0,0,0,0,0
38411,1000000US170317706022032,0,0,0,0,0,0,0,0,0,0,0,0,0,0,0,0,0,0
38412,1000000US170317706022033,0,0,0,0,0,0,0,0,0,0,0,0,0,0,0,0,0,0
38413,1000000US170317706022034,0,0,0,0,0,0,0,0,0,0,0,0,0,0,0,0,0,0
38414,1000000US170317706022035,86,14,1,12,0,0,71,15,0,71,72,4,36,34,2,131,11,0
38415,1000000US170317706022036,79,8,5,2,8,0,55,24,0,55,71,5,36,35,1,117,2,0
38416,1000000US170317706022037,76,7,7,0,6,0,59,17,0,59,69,0,36,34,2,121,0,3
38417,1000000US170317706022038,73,12,4,2,4,0,53,20,0,53,61,1,36,35,1,121,2,0
38418,1000000US170317706022039,69,20,0,1,0,0,49,20,0,49,49,0,36,30,6,107,1,0
38419,1000000US170317706022040,83,6,2,0,9,0,67,16,0,67,77,4,36,34,2,138,0,1
38420,1000000US170317706022041,158,17,1,4,14,6,123,35,0,123,141,14,72,67,5,252,2,0
38421,1000000US170317706022042,82,8,0,4,0,0,74,8,0,74,74,4,36,31,5,122,4,0
38422,1000000US170317706023000,102,69,1,0,24,0,8,94,0,8,33,6,42,42,0,120,0,0
38423,1000000US170317706023001,117,83,0,0,17,0,17,100,0,17,34,2,44,42,2,139,0,0
38424,1000000US170317706023002,102,85,2,0,10,0,5,97,0,5,17,4,44,44,0,116,0,0
38425,1000000US170317706023003,95,82,0,0,3,0,10,85,0,10,13,1,44,41,3,115,0,0
38426,1000000US170317706023004,86,68,0,0,10,0,8,78,0,8,18,0,33,33,0,101,0,0
38427,1000000US170317706023005,68,43,0,1,23,0,1,67,0,1,25,1,30,29,1,97,0,0
38428,1000000US170317706023006,92,54,0,7,13,0,23,69,0,23,38,2,35,34,1,115,6,0
38429,1000000US170317706023007,104,72,0,0,20,0,12,92,0,12,32,0,39,36,3,126,0,0
38430,1000000US170317706023008,179,133,2,0,21,0,23,156,0,23,46,4,80,76,4,224,0,0
38431,1000000US170317706023009,63,39,0,4,13,0,11,52,0,11,24,0,24,24,0,83,4,0
38432,1000000US170317706023010,49,41,0,0,4,0,4,45,0,4,8,4,19,18,1,57,0,0
38433,1000000US170317706023011,42,37,2,0,0,0,3,39,0,3,5,2,20,20,0,55,0,0
38434,1000000US170317706023012,44,24,0,0,11,0,11,33,0,11,20,2,18,18,0,71,0,0
38435,1000000US170317706023013,0,0,0,0,0,0,0,0,0,0,0,0,0,0,0,0,0,0
38436,1000000US170317706023014,0,0,0,0,0,0,0,0,0,0,0,0,0,0,0,0,0,0
38437,1000000US170317706023015,0,0,0,0,0,0,0,0,0,0,0,0,0,0,0,0,0,0
38438,1000000US170317706023016,1,1,0,0,0,0,0,1,0,0,0,0,1,1,0,1,0,0
38439,1000000US170317707001000,0,0,0,0,0,0,0,0,0,0,0,0,0,0,0,0,0,0
38440,1000000US170317707001001,0,0,0,0,0,0,0,0,0,0,0,0,0,0,0,0,0,0
38441,1000000US170317707001002,0,0,0,0,0,0,0,0,0,0,0,0,0,0,0,0,0,0
38442,1000000US170317707001003,0,0,0,0,0,0,0,0,0,0,0,0,0,0,0,0,0,0
38443,1000000US170317707001004,0,0,0,0,0,0,0,0,0,0,0,0,0,0,0,0,0,0
38444,1000000US170317707001005,0,0,0,0,0,0,0,0,0,0,0,0,0,0,0,0,0,0
38445,1000000US170317707001006,0,0,0,0,0,0,0,0,0,0,0,0,0,0,0,0,0,0
38446,1000000US170317707001007,0,0,0,0,0,0,0,0,0,0,0,0,0,0,0,0,0,0
38447,1000000US170317707001008,107,60,5,1,8,0,36,71,0,36,47,4,65,64,1,135,0,2
38448,1000000US170317707001009,0,0,0,0,0,0,0,0,0,0,0,0,0,0,0,0,0,0
38449,1000000US170317707001010,52,31,2,2,6,1,12,40,0,12,21,8,30,28,2,69,1,0
38450,1000000US170317707001011,149,93,6,0,10,0,43,106,0,43,56,2,107,87,20,178,0,1
38451,1000000US170317707001012,0,0,0,0,0,0,0,0,0,0,0,0,0,0,0,0,0,0
38452,1000000US170317707001013,347,192,12,1,20,3,128,219,0,128,155,20,203,181,22,486,0,7
38453,1000000US170317707001014,0,0,0,0,0,0,0,0,0,0,0,0,0,0,0,0,0,0
38454,1000000US170317707001015,0,0,0,0,0,0,0,0,0,0,0,0,0,0,0,0,0,0
38455,1000000US170317707001016,0,0,0,0,0,0,0,0,0,0,0,0,0,0,0,0,0,0
38456,1000000US170317707001017,0,0,0,0,0,0,0,0,0,0,0,0,0,0,0,0,0,0
38457,1000000US170317707001018,0,0,0,0,0,0,0,0,0,0,0,0,0,0,0,0,0,0
38458,1000000US170317707001019,0,0,0,0,0,0,0,0,0,0,0,0,0,0,0,0,0,0
38459,1000000US170317707001020,0,0,0,0,0,0,0,0,0,0,0,0,0,0,0,0,0,0
38460,1000000US170317707001021,0,0,0,0,0,0,0,0,0,0,0,0,0,0,0,0,0,0
38461,1000000US170317707001022,0,0,0,0,0,0,0,0,0,0,0,0,0,0,0,0,0,0
38462,1000000US170317707001023,0,0,0,0,0,0,0,0,0,0,0,0,0,0,0,0,0,0
38463,1000000US170317707001024,0,0,0,0,0,0,0,0,0,0,0,0,0,0,0,0,0,0
38464,1000000US170317707001025,0,0,0,0,0,0,0,0,0,0,0,0,0,0,0,0,0,0
38465,1000000US170317707001026,0,0,0,0,0,0,0,0,0,0,0,0,0,0,0,0,0,0
38466,1000000US170317707001027,0,0,0,0,0,0,0,0,0,0,0,0,0,0,0,0,0,0
38467,1000000US170317707001028,0,0,0,0,0,0,0,0,0,0,0,0,0,0,0,0,0,0
38468,1000000US170317707001029,0,0,0,0,0,0,0,0,0,0,0,0,0,0,0,0,0,0
38469,1000000US170317707001030,0,0,0,0,0,0,0,0,0,0,0,0,0,0,0,0,0,0
38470,1000000US170317707001031,0,0,0,0,0,0,0,0,0,0,0,0,0,0,0,0,0,0
38471,1000000US170317707001032,0,0,0,0,0,0,0,0,0,0,0,0,0,0,0,0,0,0
38472,1000000US170317707001033,0,0,0,0,0,0,0,0,0,0,0,0,0,0,0,0,0,0
38473,1000000US170317707001034,0,0,0,0,0,0,0,0,0,0,0,0,0,0,0,0,0,0
38474,1000000US170317707001035,0,0,0,0,0,0,0,0,0,0,0,0,0,0,0,0,0,0
38475,1000000US170317707001036,0,0,0,0,0,0,0,0,0,0,0,0,0,0,0,0,0,0
38476,1000000US170317707001037,0,0,0,0,0,0,0,0,0,0,0,0,0,0,0,0,0,0
38477,1000000US170317707001038,0,0,0,0,0,0,0,0,0,0,0,0,0,0,0,0,0,0
38478,1000000US170317707001039,0,0,0,0,0,0,0,0,0,0,0,0,0,0,0,0,0,0
38479,1000000US170317707001040,0,0,0,0,0,0,0,0,0,0,0,0,0,0,0,0,0,0
38480,1000000US170317707001041,0,0,0,0,0,0,0,0,0,0,0,0,0,0,0,0,0,0
38481,1000000US170317707001042,0,0,0,0,0,0,0,0,0,0,0,0,0,0,0,0,0,0
38482,1000000US170317707001043,0,0,0,0,0,0,0,0,0,0,0,0,0,0,0,0,0,0
38483,1000000US170317707001044,0,0,0,0,0,0,0,0,0,0,0,0,0,0,0,0,0,0
38484,1000000US170317707001045,0,0,0,0,0,0,0,0,0,0,0,0,0,0,0,0,0,0
38485,1000000US170317707001046,0,0,0,0,0,0,0,0,0,0,0,0,0,0,0,0,0,0
38486,1000000US170317707001047,0,0,0,0,0,0,0,0,0,0,0,0,0,0,0,0,0,0
38487,1000000US170317707001048,0,0,0,0,0,0,0,0,0,0,0,0,0,0,0,0,0,0
38488,1000000US170317707001049,0,0,0,0,0,0,0,0,0,0,0,0,0,0,0,0,0,0
38489,1000000US170317707001050,0,0,0,0,0,0,0,0,0,0,0,0,0,0,0,0,0,0
38490,1000000US170317707001051,0,0,0,0,0,0,0,0,0,0,0,0,0,0,0,0,0,0
38491,1000000US170317707001052,0,0,0,0,0,0,0,0,0,0,0,0,0,0,0,0,0,0
38492,1000000US170317707001053,0,0,0,0,0,0,0,0,0,0,0,0,0,0,0,0,0,0
38493,1000000US170317707001054,0,0,0,0,0,0,0,0,0,0,0,0,0,0,0,0,0,0
38494,1000000US170317707001055,0,0,0,0,0,0,0,0,0,0,0,0,0,0,0,0,0,0
38495,1000000US170317707001056,0,0,0,0,0,0,0,0,0,0,0,0,0,0,0,0,0,0
38496,1000000US170317707001057,0,0,0,0,0,0,0,0,0,0,0,0,0,0,0,0,0,0
38497,1000000US170317707001058,0,0,0,0,0,0,0,0,0,0,0,0,0,0,0,0,0,0
38498,1000000US170317707001059,0,0,0,0,0,0,0,0,0,0,0,0,0,0,0,0,0,0
38499,1000000US170317707001060,0,0,0,0,0,0,0,0,0,0,0,0,0,0,0,0,0,0
38500,1000000US170317707001061,0,0,0,0,0,0,0,0,0,0,0,0,0,0,0,0,0,0
38501,1000000US170317707001062,0,0,0,0,0,0,0,0,0,0,0,0,0,0,0,0,0,0
38502,1000000US170317707001063,0,0,0,0,0,0,0,0,0,0,0,0,0,0,0,0,0,0
38503,1000000US170317707001064,0,0,0,0,0,0,0,0,0,0,0,0,0,0,0,0,0,0
38504,1000000US170317707001065,0,0,0,0,0,0,0,0,0,0,0,0,0,0,0,0,0,0
38505,1000000US170317707001066,0,0,0,0,0,0,0,0,0,0,0,0,0,0,0,0,0,0
38506,1000000US170317707001067,0,0,0,0,0,0,0,0,0,0,0,0,0,0,0,0,0,0
38507,1000000US170317707001068,0,0,0,0,0,0,0,0,0,0,0,0,0,0,0,0,0,0
38508,1000000US170317707001069,0,0,0,0,0,0,0,0,0,0,0,0,0,0,0,0,0,0
38509,1000000US170317707001070,0,0,0,0,0,0,0,0,0,0,0,0,0,0,0,0,0,0
38510,1000000US170317707001071,0,0,0,0,0,0,0,0,0,0,0,0,0,0,0,0,0,0
38511,1000000US170317707001072,0,0,0,0,0,0,0,0,0,0,0,0,0,0,0,0,0,0
38512,1000000US170317707001073,0,0,0,0,0,0,0,0,0,0,0,0,0,0,0,0,0,0
38513,1000000US170317707002000,234,204,3,0,3,0,23,211,0,23,30,1,161,151,10,281,0,0
38514,1000000US170317707002001,0,0,0,0,0,0,0,0,0,0,0,0,0,0,0,0,0,0
38515,1000000US170317707002002,0,0,0,0,0,0,0,0,0,0,0,0,0,0,0,0,0,0
38516,1000000US170317707002003,0,0,0,0,0,0,0,0,0,0,0,0,0,0,0,0,0,0
38517,1000000US170317707002004,74,73,0,1,0,0,0,74,0,0,1,0,36,36,0,91,1,0
38518,1000000US170317707002005,42,36,0,0,0,0,6,36,0,6,6,0,22,22,0,61,0,0
38519,1000000US170317707002006,0,0,0,0,0,0,0,0,0,0,0,0,0,0,0,0,0,0
38520,1000000US170317707002007,168,149,0,0,4,0,15,153,0,15,19,0,135,122,13,189,0,0
38521,1000000US170317707002008,132,124,0,0,1,0,7,125,0,7,8,0,107,97,10,132,0,0
38522,1000000US170317707002009,0,0,0,0,0,0,0,0,0,0,0,0,0,0,0,0,0,0
38523,1000000US170317707002010,0,0,0,0,0,0,0,0,0,0,0,0,0,0,0,0,0,0
38524,1000000US170317707002011,0,0,0,0,0,0,0,0,0,0,0,0,0,0,0,0,0,0
38525,1000000US170317707002012,0,0,0,0,0,0,0,0,0,0,0,0,0,0,0,0,0,0
38526,1000000US170317707002013,51,46,0,0,0,0,5,46,0,5,5,0,24,23,1,66,0,0
38527,1000000US170317707002014,40,38,0,0,2,0,0,40,0,0,2,0,17,17,0,51,0,0
38528,1000000US170317707002015,0,0,0,0,0,0,0,0,0,0,0,0,0,0,0,0,0,0
38529,1000000US170317707002016,0,0,0,0,0,0,0,0,0,0,0,0,0,0,0,0,0,0
38530,1000000US170317707002017,0,0,0,0,0,0,0,0,0,0,0,0,0,0,0,0,0,0
38531,1000000US170317707002018,3,3,0,0,0,0,0,3,0,0,0,0,1,1,0,3,0,0
38532,1000000US170317707002019,0,0,0,0,0,0,0,0,0,0,0,0,0,0,0,0,0,0
38533,1000000US170317707002020,33,30,0,0,3,0,1,32,0,1,3,3,15,15,0,41,0,0
38534,1000000US170317707002021,0,0,0,0,0,0,0,0,0,0,0,0,0,0,0,0,0,0
38535,1000000US170317707002022,30,21,0,0,5,0,4,26,0,4,9,0,12,12,0,37,0,0
38536,1000000US170317707002023,44,37,0,0,7,0,0,44,0,0,7,0,19,19,0,58,0,0
38537,1000000US170317707002024,70,66,1,0,3,0,0,70,0,0,4,3,32,31,1,99,0,0
38538,1000000US170317707002025,173,136,1,1,2,0,34,139,0,34,37,0,135,132,3,226,1,1
38539,1000000US170317707002026,40,39,0,0,0,0,1,39,0,1,1,0,19,18,1,49,0,0
38540,1000000US170317707002027,30,28,0,0,1,0,1,29,0,1,2,0,13,13,0,36,0,0
38541,1000000US170317707002028,0,0,0,0,0,0,0,0,0,0,0,0,0,0,0,0,0,0
38542,1000000US170317707002029,0,0,0,0,0,0,0,0,0,0,0,0,0,0,0,0,0,0
38543,1000000US170317707002030,0,0,0,0,0,0,0,0,0,0,0,0,0,0,0,0,0,0
38544,1000000US170317707002031,0,0,0,0,0,0,0,0,0,0,0,0,0,0,0,0,0,0
38545,1000000US170317707002032,0,0,0,0,0,0,0,0,0,0,0,0,0,0,0,0,0,0
38546,1000000US170317707002033,38,37,0,0,1,0,1,37,0,1,1,1,20,18,2,45,0,0
38547,1000000US170317707002034,47,46,0,0,0,0,1,46,0,1,1,0,22,22,0,61,0,0
38548,1000000US170317707002035,44,36,0,0,0,0,8,36,0,8,8,1,21,21,0,53,0,0
38549,1000000US170317707002036,0,0,0,0,0,0,0,0,0,0,0,0,0,0,0,0,0,0
38550,1000000US170317707002037,0,0,0,0,0,0,0,0,0,0,0,0,0,0,0,0,0,0
38551,1000000US170317707002038,0,0,0,0,0,0,0,0,0,0,0,0,0,0,0,0,0,0
38552,1000000US170317707002039,0,0,0,0,0,0,0,0,0,0,0,0,0,0,0,0,0,0
38553,1000000US170317707002040,43,42,0,0,0,0,1,42,0,1,1,0,19,19,0,57,0,0
38554,1000000US170317707002041,43,38,0,0,3,0,2,41,0,2,5,2,26,26,0,50,0,0
38555,1000000US170317707002042,0,0,0,0,0,0,0,0,0,0,0,0,0,0,0,0,0,0
38556,1000000US170317707002043,0,0,0,0,0,0,0,0,0,0,0,0,0,0,0,0,0,0
38557,1000000US170317707002044,0,0,0,0,0,0,0,0,0,0,0,0,0,0,0,0,0,0
38558,1000000US170317707002045,0,0,0,0,0,0,0,0,0,0,0,0,0,0,0,0,0,0
38559,1000000US170317707002046,0,0,0,0,0,0,0,0,0,0,0,0,0,0,0,0,0,0
38560,1000000US170317707002047,0,0,0,0,0,0,0,0,0,0,0,0,0,0,0,0,0,0
38561,1000000US170317707002048,0,0,0,0,0,0,0,0,0,0,0,0,0,0,0,0,0,0
38562,1000000US170317707002049,0,0,0,0,0,0,0,0,0,0,0,0,0,0,0,0,0,0
38563,1000000US170317707002050,0,0,0,0,0,0,0,0,0,0,0,0,0,0,0,0,0,0
38564,1000000US170317707002051,0,0,0,0,0,0,0,0,0,0,0,0,0,0,0,0,0,0
38565,1000000US170317707002052,0,0,0,0,0,0,0,0,0,0,0,0,0,0,0,0,0,0
38566,1000000US170317707002053,0,0,0,0,0,0,0,0,0,0,0,0,0,0,0,0,0,0
38567,1000000US170317707002054,0,0,0,0,0,0,0,0,0,0,0,0,0,0,0,0,0,0
38568,1000000US170317707002055,0,0,0,0,0,0,0,0,0,0,0,0,0,0,0,0,0,0
38569,1000000US170317707002056,0,0,0,0,0,0,0,0,0,0,0,0,0,0,0,0,0,0
38570,1000000US170317707002057,0,0,0,0,0,0,0,0,0,0,0,0,0,0,0,0,0,0
38571,1000000US170317707002058,0,0,0,0,0,0,0,0,0,0,0,0,0,0,0,0,0,0
38572,1000000US170317707002059,0,0,0,0,0,0,0,0,0,0,0,0,0,0,0,0,0,0
38573,1000000US170317707002060,42,42,0,0,0,0,0,42,0,0,0,0,22,22,0,57,0,0
38574,1000000US170317707002061,44,40,2,0,0,0,2,42,0,2,4,1,21,21,0,57,0,0
38575,1000000US170317707002062,0,0,0,0,0,0,0,0,0,0,0,0,0,0,0,0,0,0
38576,1000000US170317707002063,0,0,0,0,0,0,0,0,0,0,0,0,0,0,0,0,0,0
38577,1000000US170317707002064,0,0,0,0,0,0,0,0,0,0,0,0,0,0,0,0,0,0
38578,1000000US170317707002065,10,8,2,0,0,0,0,10,0,0,2,0,4,4,0,13,0,0
38579,1000000US170317708002000,442,328,12,2,18,0,88,354,0,88,114,5,254,232,22,558,1,5
38580,1000000US170317708002001,0,0,0,0,0,0,0,0,0,0,0,0,1,0,1,0,0,0
38581,1000000US170317708002002,0,0,0,0,0,0,0,0,0,0,0,0,0,0,0,0,0,0
38582,1000000US170317708002003,2,2,0,0,0,0,0,2,0,0,0,0,1,1,0,2,0,0
38583,1000000US170317708002004,30,28,0,0,0,0,2,28,0,2,2,1,13,13,0,47,0,0
38584,1000000US170317708002005,46,28,0,2,6,0,10,36,0,10,18,3,18,18,0,55,1,0
38585,1000000US170317708002006,35,16,0,0,9,0,10,25,0,10,19,0,14,13,1,52,0,0
38586,1000000US170317708002007,39,27,0,0,7,0,5,34,0,5,12,0,14,14,0,53,0,0
38587,1000000US170317708002008,32,24,2,0,2,0,5,27,0,5,8,0,12,12,0,41,0,1
38588,1000000US170317708002009,26,17,0,3,6,0,0,26,0,0,9,1,15,13,2,31,2,0
38589,1000000US170317708002010,166,101,23,0,3,0,40,126,0,40,65,3,96,84,12,206,0,1
38590,1000000US170317708002011,46,30,0,0,3,0,13,33,0,13,16,0,16,16,0,61,0,0
38591,1000000US170317708002012,36,29,0,0,0,0,7,29,0,7,7,0,15,15,0,48,0,0
38592,1000000US170317708002013,31,14,4,0,6,0,7,24,0,7,17,1,14,13,1,46,0,0
38593,1000000US170317708002014,40,15,0,4,9,0,17,23,0,17,25,5,14,13,1,52,4,0
38594,1000000US170317708002015,28,9,0,0,2,0,18,10,0,18,19,2,11,11,0,40,0,0
38595,1000000US170317708002016,23,16,0,0,3,0,4,19,0,4,7,0,9,8,1,26,0,0
38596,1000000US170317708002017,0,0,0,0,0,0,0,0,0,0,0,0,0,0,0,0,0,0
38597,1000000US170317708002018,0,0,0,0,0,0,0,0,0,0,0,0,0,0,0,0,0,0
38598,1000000US170317708002019,0,0,0,0,0,0,0,0,0,0,0,0,0,0,0,0,0,0
38599,1000000US170317708002020,0,0,0,0,0,0,0,0,0,0,0,0,0,0,0,0,0,0
38600,1000000US170317708002021,0,0,0,0,0,0,0,0,0,0,0,0,0,0,0,0,0,0
38601,1000000US170317708002022,0,0,0,0,0,0,0,0,0,0,0,0,0,0,0,0,0,0
38602,1000000US170317708002023,0,0,0,0,0,0,0,0,0,0,0,0,0,0,0,0,0,0
38603,1000000US170317708002024,0,0,0,0,0,0,0,0,0,0,0,0,0,0,0,0,0,0
38604,1000000US170317708002025,0,0,0,0,0,0,0,0,0,0,0,0,0,0,0,0,0,0
38605,1000000US170317708002026,0,0,0,0,0,0,0,0,0,0,0,0,0,0,0,0,0,0
38606,1000000US170317708002027,67,41,3,1,4,0,18,49,0,18,26,2,29,25,4,82,0,0
38607,1000000US170317708002028,28,19,0,0,9,0,0,28,0,0,9,0,10,9,1,40,0,0
38608,1000000US170317708002029,8,8,0,0,0,0,0,8,0,0,0,0,6,4,2,10,0,0
38609,1000000US170317708002030,27,12,0,0,8,0,7,20,0,7,15,0,11,11,0,39,0,0
38610,1000000US170317708002031,32,27,1,0,3,0,2,30,0,2,5,0,11,11,0,40,0,1
38611,1000000US170317708002032,30,15,1,0,2,0,12,18,0,12,15,0,14,14,0,42,0,0
38612,1000000US170317708002033,15,13,0,0,0,0,2,13,0,2,2,0,6,6,0,16,0,0
38613,1000000US170317708002034,0,0,0,0,0,0,0,0,0,0,0,0,0,0,0,0,0,0
38614,1000000US170317708002035,0,0,0,0,0,0,0,0,0,0,0,0,0,0,0,0,0,0
38615,1000000US170317708002036,0,0,0,0,0,0,0,0,0,0,0,0,0,0,0,0,0,0
38616,1000000US170317708002037,0,0,0,0,0,0,0,0,0,0,0,0,0,0,0,0,0,0
38617,1000000US170317708002038,136,90,1,7,16,0,26,110,0,26,46,7,63,60,3,177,7,0
38618,1000000US170317708002039,68,44,0,0,9,0,15,53,0,15,24,0,28,26,2,87,0,0
38619,1000000US170317708002040,32,21,0,0,6,0,5,27,0,5,11,0,10,10,0,44,0,0
38620,1000000US170317708002041,20,18,0,0,0,0,2,18,0,2,2,0,11,10,1,25,0,0
38621,1000000US170317708002042,82,44,2,0,16,0,20,62,0,20,38,0,28,27,1,108,0,0
38622,1000000US170317708002043,3,0,0,0,0,0,3,0,0,3,3,0,1,1,0,7,0,0
38623,1000000US170317708002044,61,49,4,0,0,0,6,55,0,6,12,0,34,33,1,73,0,0
38624,1000000US170317708002045,134,101,1,1,2,2,27,107,0,27,33,4,116,71,45,169,0,0
38625,1000000US170317708002046,2,2,0,0,0,0,0,2,0,0,0,0,1,1,0,2,0,0
38626,1000000US170317708002047,58,42,0,0,6,0,10,48,0,10,16,0,22,21,1,78,0,0
38627,1000000US170317708002048,68,58,0,0,3,0,7,61,0,7,10,0,25,25,0,73,0,0
38628,1000000US170317708002049,61,45,0,0,7,1,9,52,0,9,16,0,22,22,0,73,0,0
38629,1000000US170317708002050,60,56,0,0,2,0,2,58,0,2,4,0,27,25,2,73,0,0
38630,1000000US170317708002051,39,33,0,0,0,0,6,33,0,6,6,3,19,17,2,45,0,0
38631,1000000US170317708002052,53,48,0,0,0,0,5,48,0,5,5,0,24,22,2,65,0,0
38632,1000000US170317708002053,41,23,0,0,0,1,17,24,0,17,18,1,17,16,1,50,0,0
38633,1000000US170317708002054,28,24,0,0,1,0,3,25,0,3,4,1,17,13,4,34,0,0
38634,1000000US170317708002055,35,32,1,0,0,0,3,32,0,3,3,0,14,13,1,38,0,1
38635,1000000US170317708002056,21,16,0,0,3,0,2,19,0,2,5,0,11,9,2,25,0,0
38636,1000000US170317708002057,17,14,0,0,1,0,3,14,0,3,3,1,9,9,0,23,0,0
38637,1000000US170317708002058,14,8,0,2,0,0,6,8,0,6,6,2,5,5,0,18,2,0
38638,1000000US170317708002059,15,11,0,1,0,0,4,11,0,4,4,0,7,6,1,18,1,0
38639,1000000US170317708002060,25,14,6,0,0,0,5,20,0,5,11,0,10,10,0,33,0,0
38640,1000000US170317708002061,2,1,0,1,0,0,0,2,0,0,1,1,1,1,0,2,0,0
38641,1000000US170317708002062,0,0,0,0,0,0,0,0,0,0,0,0,0,0,0,0,0,0
38642,1000000US170317708002063,0,0,0,0,0,0,0,0,0,0,0,0,0,0,0,0,0,0
38643,1000000US170317709021000,54,45,0,0,4,0,5,49,0,5,9,0,28,28,0,58,0,0
38644,1000000US170317709021001,71,66,0,0,0,0,4,67,0,4,5,1,35,32,3,81,0,0
38645,1000000US170317709021002,19,19,0,0,0,0,0,19,0,0,0,0,10,9,1,22,0,0
38646,1000000US170317709021003,20,18,0,0,1,1,0,20,0,0,2,2,8,8,0,29,0,0
38647,1000000US170317709021004,67,63,0,0,0,0,4,63,0,4,4,0,32,31,1,87,0,0
38648,1000000US170317709021005,74,63,0,0,4,0,7,67,0,7,11,0,33,32,1,95,0,0
38649,1000000US170317709021006,62,58,0,0,3,0,1,61,0,1,4,0,26,26,0,77,0,0
38650,1000000US170317709021007,89,79,0,0,6,0,4,85,0,4,10,0,35,34,1,108,0,0
38651,1000000US170317709021008,33,27,0,1,3,0,3,30,0,3,6,1,15,15,0,42,1,0
38652,1000000US170317709021009,48,39,2,0,2,0,3,45,0,3,9,4,36,31,5,56,0,0
38653,1000000US170317709021010,229,212,0,0,10,0,6,223,0,6,17,2,180,163,17,243,0,0
38654,1000000US170317709021011,28,24,0,0,4,0,0,28,0,0,4,0,14,14,0,33,0,0
38655,1000000US170317709021012,30,28,0,0,0,0,2,28,0,2,2,0,15,15,0,34,0,0
38656,1000000US170317709021013,65,60,0,0,1,0,4,61,0,4,5,0,30,30,0,75,0,0
38657,1000000US170317709021014,98,87,1,0,9,0,2,96,0,2,11,0,41,41,0,127,0,1
38658,1000000US170317709021015,268,226,1,1,23,0,17,251,0,17,42,1,119,117,2,346,0,0
38659,1000000US170317709021016,48,38,1,0,8,0,1,47,0,1,10,0,24,21,3,59,0,0
38660,1000000US170317709021017,81,77,0,0,3,0,1,80,0,1,4,0,40,39,1,97,0,0
38661,1000000US170317709021018,46,42,0,0,1,0,3,43,0,3,4,0,22,21,1,60,0,0
38662,1000000US170317709021019,15,15,0,0,0,0,0,15,0,0,0,0,7,6,1,22,0,0
38663,1000000US170317709022000,0,0,0,0,0,0,0,0,0,0,0,0,0,0,0,0,0,0
38664,1000000US170317709022001,39,39,0,0,0,0,0,39,0,0,0,0,18,15,3,47,0,0
38665,1000000US170317709022002,32,28,0,0,0,0,4,28,0,4,4,0,11,11,0,37,0,0
38666,1000000US170317709022003,28,27,0,0,0,0,1,27,0,1,1,0,14,14,0,34,0,0
38667,1000000US170317709022004,49,47,0,1,0,0,1,48,0,1,2,0,24,24,0,60,1,0
38668,1000000US170317709022005,60,57,0,0,0,0,3,57,0,3,3,0,26,26,0,69,0,0
38669,1000000US170317709022006,97,93,2,0,0,0,3,94,0,3,4,0,46,46,0,112,0,1
38670,1000000US170317709022007,34,29,0,0,3,0,2,32,0,2,5,0,18,18,0,38,0,0
38671,1000000US170317709022008,94,82,0,0,7,0,5,89,0,5,12,0,49,47,2,117,0,0
38672,1000000US170317709022009,31,27,2,0,1,0,1,30,0,1,4,0,25,22,3,37,0,0
38673,1000000US170317709022010,138,97,11,0,15,0,16,122,0,16,41,8,107,97,10,159,0,1
38674,1000000US170317709022011,77,67,3,0,3,0,5,72,0,5,10,1,60,57,3,81,0,1
38675,1000000US170317709022012,112,93,2,0,7,0,10,102,0,10,19,1,96,89,7,118,0,0
38676,1000000US170317709022013,93,84,0,0,8,0,1,92,0,1,9,0,72,63,9,101,0,0
38677,1000000US170317709022014,21,21,0,0,0,0,0,21,0,0,0,0,9,9,0,24,0,0
38678,1000000US170317709022015,92,89,0,0,3,0,0,92,0,0,3,0,44,43,1,108,0,0
38679,1000000US170317709022016,87,78,0,0,2,0,7,80,0,7,9,0,44,42,2,101,0,0
38680,1000000US170317709022017,47,42,0,0,0,0,5,42,0,5,5,0,21,21,0,57,0,0
38681,1000000US170317709022018,120,106,5,0,0,0,9,111,0,9,14,0,60,60,0,147,0,0
38682,1000000US170317709022019,68,59,5,0,0,0,3,65,0,3,9,1,42,40,2,80,0,0
38683,1000000US170317709022020,42,40,0,0,0,0,2,40,0,2,2,0,21,19,2,50,0,0
38684,1000000US170317709022021,22,22,0,0,0,0,0,22,0,0,0,0,8,8,0,24,0,0
38685,1000000US170317709022022,0,0,0,0,0,0,0,0,0,0,0,0,0,0,0,0,0,0
38686,1000000US170317709022023,0,0,0,0,0,0,0,0,0,0,0,0,0,0,0,0,0,0
38687,1000000US170317709022024,0,0,0,0,0,0,0,0,0,0,0,0,0,0,0,0,0,0
38688,1000000US170317709022025,47,47,0,0,0,0,0,47,0,0,0,0,20,18,2,48,0,0
38689,1000000US170317709022026,36,35,0,1,0,0,0,36,0,0,1,1,22,21,1,52,0,0
38690,1000000US170317709022027,9,9,0,0,0,0,0,9,0,0,0,0,5,5,0,12,0,0
38691,1000000US170317709022028,42,42,0,0,0,0,0,42,0,0,0,0,22,21,1,57,0,0
38692,1000000US170318104001000,74,65,1,0,4,0,4,70,0,4,9,0,39,38,1,103,0,0
38693,1000000US170318104001001,58,54,0,0,1,0,3,55,0,3,4,0,30,29,1,76,0,0
38694,1000000US170318104001002,54,49,0,0,4,0,1,53,0,1,5,0,28,27,1,68,0,0
38695,1000000US170318104001003,4,4,0,0,0,0,0,4,0,0,0,0,2,2,0,4,0,0
38696,1000000US170318104001004,35,32,0,1,1,0,1,34,0,1,3,1,17,16,1,48,0,0
38697,1000000US170318104001005,0,0,0,0,0,0,0,0,0,0,0,0,0,0,0,0,0,0
38698,1000000US170318104001006,3,2,0,0,0,0,1,2,0,1,1,0,2,2,0,4,0,0
38699,1000000US170318104001007,49,41,2,0,1,0,5,44,0,5,8,1,39,37,2,60,0,0
38700,1000000US170318104001008,19,19,0,0,0,0,0,19,0,0,0,0,8,8,0,23,0,0
38701,1000000US170318104001009,4,4,0,0,0,0,0,4,0,0,0,0,2,2,0,6,0,0
38702,1000000US170318104001010,4,4,0,0,0,0,0,4,0,0,0,0,2,2,0,4,0,0
38703,1000000US170318104001011,14,13,0,0,0,0,0,14,0,0,1,0,8,7,1,20,0,0
38704,1000000US170318104001012,16,16,0,0,0,0,0,16,0,0,0,0,7,7,0,22,0,0
38705,1000000US170318104001013,30,24,0,0,5,0,1,29,0,1,6,0,16,14,2,35,0,0
38706,1000000US170318104001014,39,38,0,0,0,0,1,38,0,1,1,0,20,19,1,50,0,0
38707,1000000US170318104001015,48,47,0,0,0,0,1,47,0,1,1,0,22,22,0,68,0,0
38708,1000000US170318104001016,59,56,0,0,0,0,3,56,0,3,3,0,29,29,0,81,0,0
38709,1000000US170318104001017,23,23,0,0,0,0,0,23,0,0,0,0,12,12,0,36,0,0
38710,1000000US170318104001018,52,49,0,0,0,0,3,49,0,3,3,0,22,22,0,69,0,0
38711,1000000US170318104001019,40,32,0,0,4,0,4,36,0,4,8,0,15,15,0,51,0,0
38712,1000000US170318104002000,32,27,1,1,2,0,1,31,0,1,5,2,17,17,0,40,0,0
38713,1000000US170318104002001,24,24,0,0,0,0,0,24,0,0,0,0,13,13,0,37,0,0
38714,1000000US170318104002002,25,25,0,0,0,0,0,25,0,0,0,0,12,12,0,31,0,0
38715,1000000US170318104002003,41,41,0,0,0,0,0,41,0,0,0,0,20,19,1,61,0,0
38716,1000000US170318104002004,10,10,0,0,0,0,0,10,0,0,0,0,6,5,1,17,0,0
38717,1000000US170318104002005,46,42,0,0,0,0,4,42,0,4,4,0,24,23,1,70,0,0
38718,1000000US170318104002006,40,40,0,0,0,0,0,40,0,0,0,0,23,22,1,62,0,0
38719,1000000US170318104002007,39,33,1,0,3,1,2,37,0,2,6,2,20,19,1,48,0,0
38720,1000000US170318104002008,48,41,0,0,4,0,3,45,0,3,7,0,24,22,2,67,0,0
38721,1000000US170318104002009,48,45,0,0,2,0,2,46,0,2,3,1,23,23,0,65,0,0
38722,1000000US170318104002010,44,40,0,0,3,0,1,43,0,1,4,0,24,24,0,63,0,0
38723,1000000US170318104002011,225,208,0,0,5,0,13,212,0,13,17,0,105,102,3,300,0,0
38724,1000000US170318104002012,0,0,0,0,0,0,0,0,0,0,0,0,0,0,0,0,0,0
38725,1000000US170318104002013,71,66,1,0,4,0,0,71,0,0,5,0,31,31,0,102,0,0
38726,1000000US170318104002014,39,38,0,0,0,0,1,38,0,1,1,0,21,21,0,50,0,0
38727,1000000US170318104002015,52,44,1,0,3,0,5,47,0,5,8,2,24,23,1,72,0,0
38728,1000000US170318104002016,57,52,0,0,0,0,5,52,0,5,5,0,24,23,1,65,0,0
38729,1000000US170318104002017,52,50,0,0,2,0,0,52,0,0,2,0,24,24,0,71,0,0
38730,1000000US170318104003000,43,43,0,0,0,0,0,43,0,0,0,0,24,21,3,59,0,0
38731,1000000US170318104003001,46,44,0,0,0,1,1,45,0,1,2,1,24,24,0,66,0,0
38732,1000000US170318104003002,27,26,0,0,1,0,0,27,0,0,1,0,12,12,0,43,0,0
38733,1000000US170318104003003,24,23,0,0,0,0,1,23,0,1,1,0,12,12,0,40,0,0
38734,1000000US170318104003004,48,44,0,0,0,0,4,44,0,4,4,0,22,20,2,59,0,0
38735,1000000US170318104003005,18,18,0,0,0,0,0,18,0,0,0,0,12,11,1,25,0,0
38736,1000000US170318104003006,24,18,0,0,6,0,0,24,0,0,6,0,13,11,2,27,0,0
38737,1000000US170318104003007,49,44,0,1,2,0,3,46,0,3,5,0,27,27,0,66,1,0
38738,1000000US170318104003008,53,52,0,0,0,0,1,52,0,1,1,0,28,26,2,71,0,0
38739,1000000US170318104003009,46,36,0,0,7,0,3,43,0,3,10,0,23,23,0,73,0,0
38740,1000000US170318104003010,19,9,0,0,0,0,10,9,0,10,10,0,7,7,0,27,0,0
38741,1000000US170318104003011,19,14,0,0,4,0,1,18,0,1,5,0,9,9,0,23,0,0
38742,1000000US170318104003012,28,23,0,0,4,0,0,28,0,0,5,1,13,12,1,39,0,0
38743,1000000US170318104003013,31,25,0,0,4,1,2,29,0,2,6,1,16,14,2,42,0,0
38744,1000000US170318104003014,30,27,0,0,0,0,3,27,0,3,3,0,18,16,2,44,0,0
38745,1000000US170318104003015,53,44,0,0,3,0,6,47,0,6,9,0,21,21,0,68,0,0
38746,1000000US170318104003016,52,51,1,0,0,0,0,52,0,0,1,0,24,23,1,72,0,0
38747,1000000US170318104003017,34,32,0,0,2,0,0,34,0,0,2,0,20,19,1,37,0,0
38748,1000000US170318104003018,0,0,0,0,0,0,0,0,0,0,0,0,0,0,0,0,0,0
38749,1000000US170318104003019,0,0,0,0,0,0,0,0,0,0,0,0,0,0,0,0,0,0
38750,1000000US170318104003020,14,14,0,0,0,0,0,14,0,0,0,0,11,10,1,14,0,0
38751,1000000US170318104003021,0,0,0,0,0,0,0,0,0,0,0,0,0,0,0,0,0,0
38752,1000000US170318104003022,4,1,0,0,0,0,3,1,0,3,3,0,2,2,0,4,0,0
38753,1000000US170318104003023,0,0,0,0,0,0,0,0,0,0,0,0,0,0,0,0,0,0
38754,1000000US170318104003024,34,29,0,0,3,0,2,32,0,2,5,0,21,18,3,38,0,0
38755,1000000US170318104003025,0,0,0,0,0,0,0,0,0,0,0,0,0,0,0,0,0,0
38756,1000000US170318104003026,0,0,0,0,0,0,0,0,0,0,0,0,0,0,0,0,0,0
38757,1000000US170318104003027,0,0,0,0,0,0,0,0,0,0,0,0,0,0,0,0,0,0
38758,1000000US170318104003028,0,0,0,0,0,0,0,0,0,0,0,0,0,0,0,0,0,0
38759,1000000US170318104003029,130,107,0,1,15,0,8,122,0,8,23,2,93,85,8,145,1,0
38760,1000000US170318104003030,51,51,0,0,0,0,0,51,0,0,0,0,20,20,0,55,0,0
38761,1000000US170318104003031,35,33,0,0,2,0,0,35,0,0,2,1,20,17,3,46,0,0
38762,1000000US170318104003032,49,47,0,0,0,0,2,47,0,2,2,0,23,23,0,61,0,0
38763,1000000US170318104003033,48,40,0,0,2,0,8,40,0,8,8,4,20,20,0,62,0,0
38764,1000000US170318104003034,0,0,0,0,0,0,0,0,0,0,0,0,0,0,0,0,0,0
38765,1000000US170318104003035,17,17,0,0,0,0,0,17,0,0,0,0,11,10,1,18,0,0
38766,1000000US170318104003036,17,13,0,0,0,0,4,13,0,4,4,0,7,6,1,21,0,0
38767,1000000US170318104003037,3,1,0,0,2,0,0,3,0,0,2,1,1,1,0,3,0,0
38768,1000000US170318104003038,47,44,0,0,0,0,3,44,0,3,3,0,20,20,0,59,0,0
38769,1000000US170318104003039,17,16,0,0,0,0,1,16,0,1,1,0,11,10,1,30,0,0
38770,1000000US170318104003040,42,39,0,0,0,0,3,39,0,3,3,0,20,20,0,52,0,0
38771,1000000US170318104003041,12,11,0,0,0,0,1,11,0,1,1,0,6,6,0,13,0,0
38772,1000000US170318104003042,46,35,0,0,9,0,2,44,0,2,11,0,18,18,0,55,0,0
38773,1000000US170318104003043,0,0,0,0,0,0,0,0,0,0,0,0,0,0,0,0,0,0
38774,1000000US170318104003044,51,45,0,0,0,0,6,45,0,6,6,0,19,19,0,55,0,0
38775,1000000US170318104003045,0,0,0,0,0,0,0,0,0,0,0,0,0,0,0,0,0,0
38776,1000000US170318104003046,22,17,0,0,1,0,3,19,0,3,5,1,18,17,1,23,0,0
38777,1000000US170318104003047,3,1,1,0,0,0,1,2,0,1,2,0,1,1,0,3,0,0
38778,1000000US170318104003048,8,7,0,0,1,0,0,8,0,0,1,0,4,4,0,9,0,0
38779,1000000US170318104003049,36,31,0,0,0,0,5,31,0,5,5,0,16,16,0,52,0,0
38780,1000000US170318104003050,16,15,0,0,0,0,1,15,0,1,1,0,7,7,0,17,0,0
38781,1000000US170318104003051,3,3,0,0,0,0,0,3,0,0,0,0,1,1,0,5,0,0
38782,1000000US170318104003052,35,32,0,0,2,1,0,35,0,0,3,1,17,17,0,36,0,0
38783,1000000US170318104003053,0,0,0,0,0,0,0,0,0,0,0,0,0,0,0,0,0,0
38784,1000000US170318104003054,29,28,0,0,0,0,1,28,0,1,1,0,15,15,0,34,0,0
38785,1000000US170318104003055,0,0,0,0,0,0,0,0,0,0,0,0,0,0,0,0,0,0
38786,1000000US170318104003056,65,61,0,1,0,0,3,62,0,3,4,0,29,29,0,81,1,0
38787,1000000US170318104003057,39,39,0,0,0,0,0,39,0,0,0,0,15,14,1,44,0,0
38788,1000000US170318104003058,60,55,0,0,1,0,0,60,0,0,5,1,27,26,1,76,0,0
38789,1000000US170318104003059,0,0,0,0,0,0,0,0,0,0,0,0,1,0,1,0,0,0
38790,1000000US170318104003060,10,10,0,0,0,0,0,10,0,0,0,0,4,4,0,11,0,0
38791,1000000US170318104003061,6,6,0,0,0,0,0,6,0,0,0,0,2,2,0,8,0,0
38792,1000000US170318104003062,7,6,0,0,0,0,1,6,0,1,1,0,4,4,0,12,0,0
38793,1000000US170318104003063,26,26,0,0,0,0,0,26,0,0,0,0,14,14,0,31,0,0
38794,1000000US170318104003064,26,20,0,0,0,0,6,20,0,6,6,0,14,14,0,35,0,0
38795,1000000US170318104003065,35,22,0,0,4,0,9,26,0,9,13,0,18,17,1,45,0,0
38796,1000000US170318104003066,65,62,0,0,0,0,3,62,0,3,3,0,30,29,1,79,0,0
38797,1000000US170318104003067,20,18,0,0,2,0,0,20,0,0,2,0,9,9,0,23,0,0
38798,1000000US170318104003068,13,13,0,0,0,0,0,13,0,0,0,0,7,6,1,13,0,0
38799,1000000US170318104003069,38,38,0,0,0,0,0,38,0,0,0,0,21,19,2,50,0,0
38800,1000000US170318104003070,14,14,0,0,0,0,0,14,0,0,0,0,8,8,0,17,0,0
38801,1000000US170318104003071,0,0,0,0,0,0,0,0,0,0,0,0,0,0,0,0,0,0
38802,1000000US170318104003072,0,0,0,0,0,0,0,0,0,0,0,0,0,0,0,0,0,0
38803,1000000US170318104004000,0,0,0,0,0,0,0,0,0,0,0,0,0,0,0,0,0,0
38804,1000000US170318104004001,8,7,0,0,0,0,1,7,0,1,1,0,8,7,1,8,0,0
38805,1000000US170318104004002,2,1,0,0,1,0,0,2,0,0,1,0,1,1,0,2,0,0
38806,1000000US170318104004003,0,0,0,0,0,0,0,0,0,0,0,0,0,0,0,0,0,0
38807,1000000US170318104004004,2,0,0,0,2,0,0,2,0,0,2,0,3,1,2,2,0,0
38808,1000000US170318104004005,30,25,1,0,0,0,5,25,0,5,5,0,17,17,0,43,0,1
38809,1000000US170318104004006,41,38,0,0,2,0,1,40,0,1,3,0,20,20,0,57,0,0
38810,1000000US170318104004007,41,40,0,0,0,0,1,40,0,1,1,0,23,22,1,51,0,0
38811,1000000US170318104004008,45,42,0,0,2,0,1,44,0,1,3,0,22,21,1,65,0,0
38812,1000000US170318104004009,50,50,0,0,0,0,0,50,0,0,0,0,22,22,0,60,0,0
38813,1000000US170318104004010,27,27,0,0,0,0,0,27,0,0,0,0,14,13,1,38,0,0
38814,1000000US170318104004011,28,26,0,0,0,0,2,26,0,2,2,0,12,12,0,37,0,0
38815,1000000US170318104004012,24,24,0,0,0,0,0,24,0,0,0,0,11,11,0,28,0,0
38816,1000000US170318104004013,24,24,0,0,0,0,0,24,0,0,0,0,11,10,1,36,0,0
38817,1000000US170318104004014,37,30,2,0,2,0,3,34,0,3,7,0,17,16,1,65,0,0
38818,1000000US170318104004015,50,48,0,0,1,0,1,49,0,1,2,0,30,28,2,72,0,0
38819,1000000US170318104004016,53,50,0,0,1,0,2,51,0,2,3,0,30,29,1,71,0,0
38820,1000000US170318104004017,32,29,0,0,2,0,1,31,0,1,3,0,19,19,0,40,0,0
38821,1000000US170318104004018,37,36,0,0,0,0,1,36,0,1,1,0,22,20,2,48,0,0
38822,1000000US170318104004019,45,42,1,0,1,0,1,44,0,1,3,0,24,23,1,58,0,0
38823,1000000US170318104004020,28,21,0,0,5,0,2,26,0,2,7,2,12,12,0,38,0,0
38824,1000000US170318104004021,22,22,0,0,0,0,0,22,0,0,0,0,12,10,2,35,0,0
38825,1000000US170318104004022,24,22,0,0,1,0,1,23,0,1,2,1,11,11,0,34,0,0
38826,1000000US170318104004023,24,24,0,0,0,0,0,24,0,0,0,0,12,11,1,30,0,0
38827,1000000US170318104004024,24,22,0,0,1,0,1,23,0,1,2,0,12,12,0,39,0,0
38828,1000000US170318104004025,21,21,0,0,0,0,0,21,0,0,0,0,11,11,0,28,0,0
38829,1000000US170318117011000,0,0,0,0,0,0,0,0,0,0,0,0,0,0,0,0,0,0
38830,1000000US170318117011001,0,0,0,0,0,0,0,0,0,0,0,0,0,0,0,0,0,0
38831,1000000US170318117011002,0,0,0,0,0,0,0,0,0,0,0,0,0,0,0,0,0,0
38832,1000000US170318117011003,0,0,0,0,0,0,0,0,0,0,0,0,0,0,0,0,0,0
38833,1000000US170318117011004,0,0,0,0,0,0,0,0,0,0,0,0,0,0,0,0,0,0
38834,1000000US170318117011005,0,0,0,0,0,0,0,0,0,0,0,0,0,0,0,0,0,0
38835,1000000US170318117011006,0,0,0,0,0,0,0,0,0,0,0,0,0,0,0,0,0,0
38836,1000000US170318117011007,0,0,0,0,0,0,0,0,0,0,0,0,0,0,0,0,0,0
38837,1000000US170318117011008,0,0,0,0,0,0,0,0,0,0,0,0,0,0,0,0,0,0
38838,1000000US170318117011009,0,0,0,0,0,0,0,0,0,0,0,0,0,0,0,0,0,0
38839,1000000US170318117011010,0,0,0,0,0,0,0,0,0,0,0,0,0,0,0,0,0,0
38840,1000000US170318117011011,0,0,0,0,0,0,0,0,0,0,0,0,0,0,0,0,0,0
38841,1000000US170318117011012,0,0,0,0,0,0,0,0,0,0,0,0,0,0,0,0,0,0
38842,1000000US170318117011013,0,0,0,0,0,0,0,0,0,0,0,0,0,0,0,0,0,0
38843,1000000US170318117011014,0,0,0,0,0,0,0,0,0,0,0,0,0,0,0,0,0,0
38844,1000000US170318117011015,0,0,0,0,0,0,0,0,0,0,0,0,0,0,0,0,0,0
38845,1000000US170318117011016,0,0,0,0,0,0,0,0,0,0,0,0,0,0,0,0,0,0
38846,1000000US170318117011017,0,0,0,0,0,0,0,0,0,0,0,0,0,0,0,0,0,0
38847,1000000US170318117011018,0,0,0,0,0,0,0,0,0,0,0,0,0,0,0,0,0,0
38848,1000000US170318117011019,0,0,0,0,0,0,0,0,0,0,0,0,0,0,0,0,0,0
38849,1000000US170318117011020,0,0,0,0,0,0,0,0,0,0,0,0,0,0,0,0,0,0
38850,1000000US170318117011021,0,0,0,0,0,0,0,0,0,0,0,0,0,0,0,0,0,0
38851,1000000US170318117011022,0,0,0,0,0,0,0,0,0,0,0,0,0,0,0,0,0,0
38852,1000000US170318117011023,0,0,0,0,0,0,0,0,0,0,0,0,0,0,0,0,0,0
38853,1000000US170318117011024,0,0,0,0,0,0,0,0,0,0,0,0,0,0,0,0,0,0
38854,1000000US170318117011025,0,0,0,0,0,0,0,0,0,0,0,0,0,0,0,0,0,0
38855,1000000US170318117011026,0,0,0,0,0,0,0,0,0,0,0,0,0,0,0,0,0,0
38856,1000000US170318117011027,0,0,0,0,0,0,0,0,0,0,0,0,0,0,0,0,0,0
38857,1000000US170318117011028,0,0,0,0,0,0,0,0,0,0,0,0,0,0,0,0,0,0
38858,1000000US170318117011029,0,0,0,0,0,0,0,0,0,0,0,0,0,0,0,0,0,0
38859,1000000US170318117011030,0,0,0,0,0,0,0,0,0,0,0,0,0,0,0,0,0,0
38860,1000000US170318117011031,0,0,0,0,0,0,0,0,0,0,0,0,0,0,0,0,0,0
38861,1000000US170318117011032,0,0,0,0,0,0,0,0,0,0,0,0,0,0,0,0,0,0
38862,1000000US170318117011033,0,0,0,0,0,0,0,0,0,0,0,0,0,0,0,0,0,0
38863,1000000US170318117011034,0,0,0,0,0,0,0,0,0,0,0,0,0,0,0,0,0,0
38864,1000000US170318117011035,0,0,0,0,0,0,0,0,0,0,0,0,0,0,0,0,0,0
38865,1000000US170318117011036,0,0,0,0,0,0,0,0,0,0,0,0,0,0,0,0,0,0
38866,1000000US170318117011037,0,0,0,0,0,0,0,0,0,0,0,0,0,0,0,0,0,0
38867,1000000US170318117011038,0,0,0,0,0,0,0,0,0,0,0,0,0,0,0,0,0,0
38868,1000000US170318117011039,0,0,0,0,0,0,0,0,0,0,0,0,0,0,0,0,0,0
38869,1000000US170318117011040,0,0,0,0,0,0,0,0,0,0,0,0,0,0,0,0,0,0
38870,1000000US170318117011041,0,0,0,0,0,0,0,0,0,0,0,0,0,0,0,0,0,0
38871,1000000US170318117011042,0,0,0,0,0,0,0,0,0,0,0,0,0,0,0,0,0,0
38872,1000000US170318117011043,0,0,0,0,0,0,0,0,0,0,0,0,0,0,0,0,0,0
38873,1000000US170318117011044,0,0,0,0,0,0,0,0,0,0,0,0,0,0,0,0,0,0
38874,1000000US170318117011045,0,0,0,0,0,0,0,0,0,0,0,0,0,0,0,0,0,0
38875,1000000US170318117011046,0,0,0,0,0,0,0,0,0,0,0,0,0,0,0,0,0,0
38876,1000000US170318117011047,0,0,0,0,0,0,0,0,0,0,0,0,0,0,0,0,0,0
38877,1000000US170318117011048,0,0,0,0,0,0,0,0,0,0,0,0,0,0,0,0,0,0
38878,1000000US170318117011049,0,0,0,0,0,0,0,0,0,0,0,0,0,0,0,0,0,0
38879,1000000US170318117011050,0,0,0,0,0,0,0,0,0,0,0,0,0,0,0,0,0,0
38880,1000000US170318117011051,75,56,2,0,0,0,17,58,0,17,19,0,26,25,1,96,0,0
38881,1000000US170318117011052,0,0,0,0,0,0,0,0,0,0,0,0,0,0,0,0,0,0
38882,1000000US170318117011053,0,0,0,0,0,0,0,0,0,0,0,0,0,0,0,0,0,0
38883,1000000US170318117011054,0,0,0,0,0,0,0,0,0,0,0,0,0,0,0,0,0,0
38884,1000000US170318117011055,0,0,0,0,0,0,0,0,0,0,0,0,0,0,0,0,0,0
38885,1000000US170318117011056,0,0,0,0,0,0,0,0,0,0,0,0,0,0,0,0,0,0
38886,1000000US170318117011057,0,0,0,0,0,0,0,0,0,0,0,0,0,0,0,0,0,0
38887,1000000US170318117011058,80,33,0,0,4,0,43,37,0,43,47,1,26,26,0,102,0,0
38888,1000000US170318117011059,53,31,0,0,0,0,22,31,0,22,22,0,25,24,1,75,0,0
38889,1000000US170318117011060,50,32,0,0,0,0,18,32,0,18,18,0,21,19,2,70,0,0
38890,1000000US170318117011061,66,39,0,1,1,0,25,41,0,25,27,1,25,24,1,88,1,0
38891,1000000US170318117011062,36,12,0,0,0,0,24,12,0,24,24,0,17,15,2,54,0,0
38892,1000000US170318117011063,59,16,0,0,8,0,35,24,0,35,43,0,18,18,0,86,0,0
38893,1000000US170318117011064,22,7,0,0,0,0,15,7,0,15,15,0,11,8,3,42,0,0
38894,1000000US170318117011065,27,21,1,0,0,0,6,21,0,6,6,0,13,13,0,34,0,1
38895,1000000US170318117011066,19,10,0,0,0,0,9,10,0,9,9,0,11,9,2,21,0,0
38896,1000000US170318117011067,33,26,0,0,0,0,7,26,0,7,7,0,15,13,2,44,0,0
38897,1000000US170318117011068,35,26,0,0,0,0,9,26,0,9,9,0,19,18,1,48,0,0
38898,1000000US170318117011069,26,18,2,2,0,0,6,20,0,6,8,2,14,12,2,41,0,0
38899,1000000US170318117011070,5,4,0,0,1,0,0,5,0,0,1,0,3,3,0,7,0,0
38900,1000000US170318117011071,30,13,0,0,8,0,9,21,0,9,17,2,13,13,0,41,0,0
38901,1000000US170318117011072,60,26,0,0,9,0,25,35,0,25,34,0,23,23,0,73,0,0
38902,1000000US170318117011073,46,18,0,0,3,0,25,21,0,25,28,0,19,18,1,64,0,0
38903,1000000US170318117011074,34,21,0,0,6,0,7,27,0,7,13,0,14,13,1,41,0,0
38904,1000000US170318117011075,56,32,2,0,0,0,22,34,0,22,24,2,24,23,1,76,0,0
38905,1000000US170318117011076,45,26,0,0,0,0,19,26,0,19,19,1,19,18,1,54,0,0
38906,1000000US170318117011077,52,25,0,0,2,0,26,26,0,26,27,0,23,22,1,70,0,0
38907,1000000US170318117011078,174,34,3,5,4,0,137,37,0,137,140,3,77,75,2,286,5,3
38908,1000000US170318117011079,151,17,1,9,62,8,62,89,0,62,134,28,49,47,2,211,4,0
38909,1000000US170318117011080,61,20,0,0,0,0,41,20,0,41,41,0,25,24,1,92,0,0
38910,1000000US170318117011081,51,23,1,0,0,0,27,24,0,27,28,0,20,20,0,66,0,0
38911,1000000US170318117011082,3,0,0,0,0,0,3,0,0,3,3,3,1,1,0,3,0,0
38912,1000000US170318117011083,36,6,0,0,3,1,26,10,0,26,30,0,10,10,0,45,0,0
38913,1000000US170318117011084,0,0,0,0,0,0,0,0,0,0,0,0,0,0,0,0,0,0
38914,1000000US170318117011085,45,18,0,0,8,0,19,26,0,19,27,0,19,19,0,54,0,0
38915,1000000US170318117011086,65,32,1,0,3,0,29,36,0,29,33,5,29,28,1,86,0,0
38916,1000000US170318117011087,64,30,2,0,0,0,34,30,0,34,34,2,26,25,1,93,0,2
38917,1000000US170318117011088,69,27,0,0,5,0,38,31,0,38,42,1,23,23,0,103,0,0
38918,1000000US170318117011089,51,28,0,0,2,0,21,30,0,21,23,0,23,22,1,61,0,0
38919,1000000US170318117011090,0,0,0,0,0,0,0,0,0,0,0,0,0,0,0,0,0,0
38920,1000000US170318117011091,0,0,0,0,0,0,0,0,0,0,0,0,0,0,0,0,0,0
38921,1000000US170318117011092,0,0,0,0,0,0,0,0,0,0,0,0,0,0,0,0,0,0
38922,1000000US170318117011093,0,0,0,0,0,0,0,0,0,0,0,0,0,0,0,0,0,0
38923,1000000US170318117011094,0,0,0,0,0,0,0,0,0,0,0,0,0,0,0,0,0,0
38924,1000000US170318117011095,0,0,0,0,0,0,0,0,0,0,0,0,0,0,0,0,0,0
38925,1000000US170318117011096,0,0,0,0,0,0,0,0,0,0,0,0,0,0,0,0,0,0
38926,1000000US170318117011097,0,0,0,0,0,0,0,0,0,0,0,0,0,0,0,0,0,0
38927,1000000US170318117011098,0,0,0,0,0,0,0,0,0,0,0,0,0,0,0,0,0,0
38928,1000000US170318117011099,0,0,0,0,0,0,0,0,0,0,0,0,0,0,0,0,0,0
38929,1000000US170318117011100,0,0,0,0,0,0,0,0,0,0,0,0,0,0,0,0,0,0
38930,1000000US170318117011101,0,0,0,0,0,0,0,0,0,0,0,0,0,0,0,0,0,0
38931,1000000US170318117011102,0,0,0,0,0,0,0,0,0,0,0,0,0,0,0,0,0,0
38932,1000000US170318117011103,0,0,0,0,0,0,0,0,0,0,0,0,0,0,0,0,0,0
38933,1000000US170318117011104,0,0,0,0,0,0,0,0,0,0,0,0,0,0,0,0,0,0
38934,1000000US170318117011105,0,0,0,0,0,0,0,0,0,0,0,0,0,0,0,0,0,0
38935,1000000US170318117011106,0,0,0,0,0,0,0,0,0,0,0,0,0,0,0,0,0,0
38936,1000000US170318117011107,0,0,0,0,0,0,0,0,0,0,0,0,0,0,0,0,0,0
38937,1000000US170318214021000,2,0,2,0,0,0,0,2,0,0,2,0,2,2,0,2,0,0
38938,1000000US170318214021001,7,0,7,0,0,0,0,7,0,0,7,0,3,3,0,17,0,0
38939,1000000US170318214021002,61,2,59,0,0,0,0,61,0,0,59,0,45,35,10,84,0,0
38940,1000000US170318214021003,43,2,41,0,0,0,1,42,0,1,41,0,18,18,0,68,0,1
38941,1000000US170318214021004,43,0,38,0,0,0,4,39,0,4,43,0,20,17,3,57,0,0
38942,1000000US170318214021005,21,0,21,0,0,0,0,21,0,0,21,0,15,11,4,23,0,0
38943,1000000US170318214021006,31,0,22,0,0,0,9,22,0,9,31,0,16,12,4,42,0,0
38944,1000000US170318214021007,19,4,15,0,0,0,0,19,0,0,15,0,11,9,2,24,0,0
38945,1000000US170318214021008,27,4,22,1,0,0,3,24,0,3,23,2,11,11,0,34,0,2
38946,1000000US170318214021009,19,2,15,0,0,0,2,17,0,2,17,0,11,8,3,24,0,0
38947,1000000US170318214021010,19,0,19,0,1,0,0,19,0,0,19,1,11,11,0,21,0,0
38948,1000000US170318214021011,29,0,29,0,0,0,0,29,0,0,29,0,12,11,1,46,0,0
38949,1000000US170318214021012,20,0,20,0,0,0,0,20,0,0,20,0,13,9,4,27,0,0
38950,1000000US170318214021013,28,0,28,0,0,0,0,28,0,0,28,0,20,18,2,42,0,0
38951,1000000US170318214021014,19,0,17,0,0,0,2,17,0,2,19,0,10,8,2,26,0,0
38952,1000000US170318214021015,14,0,14,0,0,0,0,14,0,0,14,0,7,6,1,26,0,0
38953,1000000US170318214021016,6,0,6,0,0,0,0,6,0,0,6,0,6,4,2,10,0,0
38954,1000000US170318214021017,12,0,12,0,0,0,0,12,0,0,12,0,8,6,2,22,0,0
38955,1000000US170318214021018,10,0,10,0,0,0,0,10,0,0,10,0,4,4,0,17,0,0
38956,1000000US170318214021019,8,0,8,0,0,0,0,8,0,0,8,0,4,4,0,8,0,0
38957,1000000US170318214021020,3,0,3,0,0,0,0,3,0,0,3,0,2,2,0,5,0,0
38958,1000000US170318214021021,7,0,7,0,0,0,0,7,0,0,7,0,2,2,0,13,0,0
38959,1000000US170318214021022,6,3,3,0,0,0,0,6,0,0,3,0,3,3,0,6,0,0
38960,1000000US170318214021023,40,2,38,0,0,0,0,40,0,0,38,0,17,16,1,49,0,0
38961,1000000US170318214021024,34,1,31,0,0,0,2,32,0,2,33,0,19,17,2,49,0,0
38962,1000000US170318214021025,22,2,17,0,0,0,3,19,0,3,20,0,16,13,3,36,0,0
38963,1000000US170318214021026,25,0,25,0,0,0,0,25,0,0,25,1,11,10,1,30,0,0
38964,1000000US170318214021027,20,1,19,0,0,0,0,20,0,0,19,0,10,9,1,24,0,0
38965,1000000US170318214021028,24,0,24,0,0,0,0,24,0,0,24,0,12,9,3,36,0,0
38966,1000000US170318214021029,20,4,16,0,0,0,0,20,0,0,16,0,11,10,1,30,0,0
38967,1000000US170318214021030,23,4,19,0,0,0,0,23,0,0,19,1,11,9,2,28,0,0
38968,1000000US170318214021031,25,3,22,0,0,0,0,25,0,0,22,0,16,12,4,34,0,0
38969,1000000US170318214021032,47,2,36,0,10,0,10,37,0,10,45,1,17,15,2,65,0,1
38970,1000000US170318214021033,31,3,28,0,0,0,0,31,0,0,28,0,16,13,3,39,0,0
38971,1000000US170318214021034,20,4,16,0,0,0,0,20,0,0,16,0,16,10,6,24,0,0
38972,1000000US170318214021035,28,2,26,0,0,0,0,28,0,0,26,0,17,15,2,41,0,0
38973,1000000US170318214021036,26,0,24,0,0,0,2,24,0,2,26,2,15,13,2,41,0,0
38974,1000000US170318214021037,79,1,78,2,1,0,1,78,0,1,78,2,72,70,2,79,2,1
38975,1000000US170318214021038,0,0,0,0,0,0,0,0,0,0,0,0,0,0,0,0,0,0
38976,1000000US170318214022000,0,0,0,0,0,0,0,0,0,0,0,0,0,0,0,0,0,0
38977,1000000US170318214022001,0,0,0,0,0,0,0,0,0,0,0,0,0,0,0,0,0,0
38978,1000000US170318214022002,54,0,52,0,0,0,2,52,0,2,54,0,20,19,1,79,0,0
38979,1000000US170318214022003,40,0,40,0,0,0,0,40,0,0,40,0,21,20,1,46,0,0
38980,1000000US170318214022004,47,1,46,0,0,0,0,47,0,0,46,0,22,22,0,61,0,0
38981,1000000US170318214022005,92,0,92,0,0,0,1,91,0,1,92,0,58,49,9,130,0,1
38982,1000000US170318214022006,55,4,50,0,0,1,0,55,0,0,51,2,22,22,0,70,0,0
38983,1000000US170318214022007,65,1,64,0,0,0,0,65,0,0,64,0,26,25,1,83,0,0
38984,1000000US170318214022008,54,5,48,0,0,0,6,48,0,6,49,0,25,22,3,67,0,5
38985,1000000US170318214022009,64,2,60,0,1,0,1,63,0,1,62,1,27,27,0,69,0,0
38986,1000000US170318214022010,26,3,23,0,0,0,0,26,0,0,23,0,14,14,0,37,0,0
38987,1000000US170318214022011,26,0,26,0,0,0,0,26,0,0,26,0,9,9,0,41,0,0
38988,1000000US170318214022012,24,1,22,1,0,0,0,24,0,0,23,1,12,12,0,26,0,0
38989,1000000US170318214022013,26,0,26,0,0,0,0,26,0,0,26,0,10,10,0,35,0,0
38990,1000000US170318214022014,53,0,53,0,0,0,0,53,0,0,53,0,35,29,6,79,0,0
38991,1000000US170318214022015,22,0,22,0,0,0,0,22,0,0,22,0,9,8,1,27,0,0
38992,1000000US170318214022016,22,0,20,0,0,0,2,20,0,2,22,0,10,9,1,27,0,0
38993,1000000US170318214022017,19,0,19,0,0,0,0,19,0,0,19,0,11,10,1,26,0,0
38994,1000000US170318214022018,98,3,92,0,2,0,3,95,0,3,95,0,52,50,2,123,0,1
38995,1000000US170318214022019,45,0,45,0,0,0,0,45,0,0,45,0,21,20,1,69,0,0
38996,1000000US170318214022020,95,0,85,0,10,0,1,94,0,1,95,0,50,47,3,159,0,1
38997,1000000US170318214022021,34,0,34,0,0,0,0,34,0,0,34,0,15,15,0,48,0,0
38998,1000000US170318214022022,23,0,23,0,0,0,0,23,0,0,23,0,24,18,6,31,0,0
38999,1000000US170318214022023,45,0,45,1,0,0,0,45,0,0,45,2,44,34,10,53,0,0
39000,1000000US170318214022024,4,0,4,0,0,0,0,4,0,0,4,0,2,2,0,4,0,0
39001,1000000US170318214022025,1,0,1,0,0,0,0,1,0,0,1,0,2,1,1,2,0,0
39002,1000000US170318214022026,1,0,1,0,0,1,0,1,0,0,1,1,1,1,0,1,0,0
39003,1000000US170318214022027,38,0,36,0,0,0,2,36,0,2,38,0,22,21,1,56,0,0
39004,1000000US170318214022028,38,2,36,0,0,0,0,38,0,0,36,0,17,17,0,58,0,0
39005,1000000US170318214022029,6,0,6,0,0,0,0,6,0,0,6,0,3,3,0,9,0,0
39006,1000000US170318214022030,2,0,2,0,0,0,0,2,0,0,2,0,1,1,0,4,0,0
39007,1000000US170318214022031,0,0,0,0,0,0,0,0,0,0,0,0,0,0,0,0,0,0
39008,1000000US170318214022032,0,0,0,0,0,0,0,0,0,0,0,0,0,0,0,0,0,0
39009,1000000US170318214022033,0,0,0,0,0,0,0,0,0,0,0,0,0,0,0,0,0,0
39010,1000000US170318214022034,0,0,0,0,0,0,0,0,0,0,0,0,0,0,0,0,0,0
39011,1000000US170318214022035,5,0,5,0,0,0,0,5,0,0,5,0,2,2,0,6,0,0
39012,1000000US170318214022036,5,0,5,0,0,0,0,5,0,0,5,0,3,3,0,5,0,0
39013,1000000US170318214022037,0,0,0,0,0,0,0,0,0,0,0,0,0,0,0,0,0,0
39014,1000000US170318214023000,2,0,2,0,0,0,0,2,0,0,2,0,1,1,0,2,0,0
39015,1000000US170318214023001,0,0,0,0,0,0,0,0,0,0,0,0,0,0,0,0,0,0
39016,1000000US170318214023002,0,0,0,0,0,0,0,0,0,0,0,0,0,0,0,0,0,0
39017,1000000US170318214023003,0,0,0,0,0,0,0,0,0,0,0,0,0,0,0,0,0,0
39018,1000000US170318214023004,11,3,8,0,0,0,0,11,0,0,8,0,8,8,0,15,0,0
39019,1000000US170318214023005,0,0,0,0,0,0,0,0,0,0,0,0,0,0,0,0,0,0
39020,1000000US170318214023006,0,0,0,0,0,0,0,0,0,0,0,0,0,0,0,0,0,0
39021,1000000US170318214023007,0,0,0,0,0,0,0,0,0,0,0,0,0,0,0,0,0,0
39022,1000000US170318214023008,0,0,0,0,0,0,0,0,0,0,0,0,0,0,0,0,0,0
39023,1000000US170318214023009,0,0,0,0,0,0,0,0,0,0,0,0,0,0,0,0,0,0
39024,1000000US170318214023010,109,0,107,0,2,0,0,109,0,0,109,1,61,61,0,138,0,0
39025,1000000US170318214023011,21,4,9,0,0,0,6,15,0,6,17,0,12,12,0,26,0,1
39026,1000000US170318214023012,2,0,2,0,0,0,0,2,0,0,2,0,3,2,1,3,0,0
39027,1000000US170318214023013,0,0,0,0,0,0,0,0,0,0,0,0,0,0,0,0,0,0
39028,1000000US170318214023014,0,0,0,0,0,0,0,0,0,0,0,0,0,0,0,0,0,0
39029,1000000US170318214023015,0,0,0,0,0,0,0,0,0,0,0,0,0,0,0,0,0,0
39030,1000000US170318214023016,0,0,0,0,0,0,0,0,0,0,0,0,0,0,0,0,0,0
39031,1000000US170318214023017,36,0,36,0,0,0,0,36,0,0,36,0,15,14,1,51,0,0
39032,1000000US170318214023018,43,1,38,1,0,0,4,39,0,4,42,0,15,15,0,49,1,0
39033,1000000US170318214023019,29,0,29,0,0,0,0,29,0,0,29,0,14,13,1,32,0,0
39034,1000000US170318214023020,28,1,25,0,0,0,2,26,0,2,27,0,11,11,0,36,0,0
39035,1000000US170318214023021,24,0,24,0,0,0,0,24,0,0,24,0,11,11,0,34,0,0
39036,1000000US170318214023022,23,0,23,0,0,0,0,23,0,0,23,0,11,10,1,26,0,0
39037,1000000US170318214023023,30,0,28,0,0,0,2,28,0,2,30,0,12,12,0,51,0,0
39038,1000000US170318214023024,34,5,28,0,0,0,1,33,0,1,29,0,14,14,0,48,0,0
39039,1000000US170318214023025,20,1,16,0,0,0,4,16,0,4,19,0,11,11,0,24,0,1
39040,1000000US170318214023026,25,0,25,0,0,0,0,25,0,0,25,0,11,11,0,36,0,0
39041,1000000US170318214023027,25,1,24,0,0,0,0,25,0,0,24,0,11,11,0,36,0,0
39042,1000000US170318214023028,18,1,17,0,0,0,0,18,0,0,17,0,11,11,0,27,0,0
39043,1000000US170318214023029,35,4,31,0,0,0,0,35,0,0,31,0,15,14,1,43,0,0
39044,1000000US170318214023030,64,4,55,5,0,0,5,59,0,5,60,5,36,31,5,83,5,0
39045,1000000US170318214023031,23,0,23,0,0,0,0,23,0,0,23,0,11,10,1,30,0,0
39046,1000000US170318214023032,0,0,0,0,0,0,0,0,0,0,0,0,0,0,0,0,0,0
39047,1000000US170318214023033,14,0,14,0,0,0,0,14,0,0,14,0,4,4,0,17,0,0
39048,1000000US170318233041000,0,0,0,0,0,0,0,0,0,0,0,0,0,0,0,0,0,0
39049,1000000US170318233041001,0,0,0,0,0,0,0,0,0,0,0,0,0,0,0,0,0,0
39050,1000000US170318233041002,14,14,0,0,0,0,0,14,0,0,0,0,9,8,1,14,0,0
39051,1000000US170318233041003,48,46,0,0,0,0,2,46,0,2,2,0,21,21,0,61,0,0
39052,1000000US170318233041004,22,20,0,0,0,0,2,20,0,2,2,0,12,12,0,33,0,0
39053,1000000US170318233041005,57,51,2,0,1,0,4,53,0,4,6,1,24,23,1,72,0,0
39054,1000000US170318233041006,50,45,0,0,1,0,4,46,0,4,5,2,24,23,1,71,0,0
39055,1000000US170318233041007,29,21,0,0,0,0,8,21,0,8,8,0,14,14,0,41,0,0
39056,1000000US170318233041008,25,24,0,0,0,0,1,24,0,1,1,0,14,13,1,30,0,0
39057,1000000US170318233041009,97,87,3,0,0,1,7,90,0,7,10,0,60,55,5,129,0,0
39058,1000000US170318233041010,6,5,0,0,0,0,1,5,0,1,1,0,4,3,1,9,0,0
39059,1000000US170318233041011,142,101,16,7,7,0,12,130,0,12,41,7,109,101,8,167,0,1
39060,1000000US170318233042000,3,3,0,0,0,0,0,3,0,0,0,0,2,2,0,3,0,0
39061,1000000US170318233042001,49,38,3,0,0,0,8,41,0,8,11,3,26,26,0,56,0,0
39062,1000000US170318233042002,48,44,2,0,0,0,2,46,0,2,4,0,29,27,2,58,0,0
39063,1000000US170318233042003,183,81,95,3,1,0,4,179,0,4,102,3,126,117,9,231,3,0
39064,1000000US170318233042004,35,30,0,0,0,0,5,30,0,5,5,1,17,17,0,46,0,0
39065,1000000US170318233042005,76,65,3,0,0,0,8,68,0,8,11,0,33,33,0,106,0,0
39066,1000000US170318233042006,0,0,0,0,0,0,0,0,0,0,0,0,0,0,0,0,0,0
39067,1000000US170318233042007,53,39,3,0,1,0,10,43,0,10,14,0,29,28,1,75,0,0
39068,1000000US170318233042008,67,51,1,0,0,0,15,52,0,15,16,1,40,33,7,83,0,0
39069,1000000US170318233042009,80,64,1,0,1,0,14,66,0,14,16,0,45,44,1,103,0,0
39070,1000000US170318233042010,46,44,2,0,0,0,0,46,0,0,2,0,22,22,0,51,0,0
39071,1000000US170318233042011,55,51,0,0,2,1,2,53,0,2,4,0,34,33,1,71,0,0
39072,1000000US170318233042012,73,47,9,0,0,0,17,56,0,17,26,0,40,39,1,88,0,0
39073,1000000US170318233043000,92,74,2,2,2,0,12,80,0,12,18,4,66,62,4,108,0,0
39074,1000000US170318233043001,44,42,0,0,0,1,1,43,0,1,2,0,34,30,4,49,0,0
39075,1000000US170318233043002,24,23,0,0,0,0,1,23,0,1,1,0,22,21,1,26,0,0
39076,1000000US170318233043003,24,23,0,0,0,0,1,23,0,1,1,1,16,15,1,24,0,0
39077,1000000US170318233043004,14,13,0,0,1,0,0,14,0,0,1,0,12,10,2,17,0,0
39078,1000000US170318233043005,25,25,0,0,0,0,0,25,0,0,0,0,22,20,2,26,0,0
39079,1000000US170318233043006,68,65,1,0,1,1,1,67,0,1,3,1,56,53,3,69,0,0
39080,1000000US170318233043007,20,20,0,0,0,0,0,20,0,0,0,0,12,12,0,28,0,0
39081,1000000US170318233043008,26,23,0,0,3,0,0,26,0,0,3,0,12,12,0,35,0,0
39082,1000000US170318233043009,42,26,10,1,0,0,5,37,0,5,16,0,21,21,0,54,1,0
39083,1000000US170318233043010,8,7,0,0,0,0,1,7,0,1,1,0,3,3,0,9,0,0
39084,1000000US170318233043011,0,0,0,0,0,0,0,0,0,0,0,0,0,0,0,0,0,0
39085,1000000US170318233043012,216,8,203,3,1,0,6,210,0,6,208,4,144,140,4,286,0,3
39086,1000000US170318233043013,52,33,14,0,1,0,5,47,0,5,19,0,36,34,2,67,0,0
39087,1000000US170318233043014,72,28,31,0,0,0,13,59,0,13,44,0,60,53,7,86,0,0
39088,1000000US170318233044000,7,6,0,0,0,0,1,6,0,1,1,0,3,3,0,7,0,0
39089,1000000US170318233044001,12,3,0,2,0,0,9,3,0,9,9,0,3,3,0,20,2,0
39090,1000000US170318233044002,44,27,5,0,0,0,12,32,0,12,17,0,21,20,1,59,0,0
39091,1000000US170318233044003,26,21,0,0,0,0,5,21,0,5,5,3,13,12,1,36,0,0
39092,1000000US170318233044004,12,8,0,0,0,0,4,8,0,4,4,0,6,5,1,17,0,0
39093,1000000US170318233044005,11,10,1,1,0,0,0,11,0,0,1,1,6,6,0,11,1,0
39094,1000000US170318233044006,26,15,1,0,0,0,10,16,0,10,11,0,14,13,1,35,0,0
39095,1000000US170318233044007,15,12,0,0,0,0,3,12,0,3,3,0,7,7,0,21,0,0
39096,1000000US170318233044008,16,12,0,1,0,0,3,13,0,3,4,1,7,6,1,22,0,0
39097,1000000US170318233044009,30,22,0,0,0,0,8,22,0,8,8,1,13,13,0,38,0,0
39098,1000000US170318233044010,25,19,0,0,0,0,6,19,0,6,6,0,12,11,1,37,0,0
39099,1000000US170318233044011,9,9,0,0,0,0,0,9,0,0,0,0,4,4,0,10,0,0
39100,1000000US170318233044012,6,6,0,0,0,0,0,6,0,0,0,0,3,3,0,6,0,0
39101,1000000US170318233044013,29,15,0,0,3,0,11,18,0,11,14,0,16,15,1,39,0,0
39102,1000000US170318233044014,35,28,2,0,0,0,5,30,0,5,7,0,14,14,0,39,0,0
39103,1000000US170318233044015,8,8,0,0,0,0,0,8,0,0,0,0,4,4,0,10,0,0
39104,1000000US170318233044016,25,22,0,0,0,0,3,22,0,3,3,0,12,12,0,30,0,0
39105,1000000US170318233044017,24,23,1,0,0,0,0,24,0,0,1,0,13,12,1,31,0,0
39106,1000000US170318233044018,29,24,0,0,0,0,5,24,0,5,5,0,12,12,0,34,0,0
39107,1000000US170318233044019,19,19,0,0,0,0,0,19,0,0,0,0,12,11,1,20,0,0
39108,1000000US170318233044020,10,9,0,1,0,0,0,10,0,0,1,1,7,6,1,15,0,0
39109,1000000US170318233044021,1,1,0,0,0,0,0,1,0,0,0,0,1,1,0,1,0,0
39110,1000000US170318233044022,20,18,0,2,0,0,2,18,0,2,2,2,9,8,1,28,0,0
39111,1000000US170318233044023,0,0,0,0,0,0,0,0,0,0,0,0,0,0,0,0,0,0
39112,1000000US170318233044024,33,33,0,0,0,0,0,33,0,0,0,0,30,25,5,35,0,0
39113,1000000US170318233044025,0,0,0,0,0,0,0,0,0,0,0,0,0,0,0,0,0,0
39114,1000000US170318233044026,35,19,2,0,0,0,14,21,0,14,16,0,13,13,0,55,0,0
39115,1000000US170318233044027,150,56,68,0,4,0,22,128,0,22,94,1,108,103,5,175,0,0
39116,1000000US170318233044028,182,131,48,0,0,0,3,179,0,3,51,0,168,160,8,185,0,0
39117,1000000US170318233045000,21,13,0,0,1,0,7,14,0,7,8,0,11,10,1,31,0,0
39118,1000000US170318233045001,11,11,0,0,0,0,0,11,0,0,0,0,5,5,0,13,0,0
39119,1000000US170318233045002,11,0,8,0,0,0,3,8,0,3,11,3,7,7,0,14,0,0
39120,1000000US170318233045003,75,12,58,0,0,0,5,70,0,5,63,1,47,46,1,98,0,0
39121,1000000US170318233045004,26,12,3,0,0,0,11,15,0,11,14,0,11,11,0,48,0,0
39122,1000000US170318233045005,19,16,2,0,0,0,1,18,0,1,3,0,10,9,1,27,0,0
39123,1000000US170318233045006,77,29,27,2,13,0,7,70,0,7,48,1,45,44,1,93,2,0
39124,1000000US170318233045007,11,10,0,0,0,0,1,10,0,1,1,0,7,5,2,18,0,0
39125,1000000US170318233045008,29,17,0,0,4,0,8,21,0,8,12,0,10,10,0,40,0,0
39126,1000000US170318233045009,34,19,0,0,0,0,15,19,0,15,15,0,15,14,1,45,0,0
39127,1000000US170318233045010,0,0,0,0,0,0,0,0,0,0,0,0,0,0,0,0,0,0
39128,1000000US170318233045011,72,9,55,1,2,0,7,65,0,7,63,1,48,46,2,98,1,1
39129,1000000US170318233045012,48,34,7,1,0,0,6,42,0,6,14,1,29,28,1,60,0,0
39130,1000000US170318233045013,35,26,0,0,0,0,9,26,0,9,9,0,16,16,0,43,0,0
39131,1000000US170318233045014,25,23,1,0,0,0,1,24,0,1,2,0,15,14,1,40,0,0
39132,1000000US170318233045015,10,5,0,0,0,0,5,5,0,5,5,1,7,6,1,23,0,0
39133,1000000US170318233045016,28,24,0,0,0,0,4,24,0,4,4,4,13,13,0,35,0,0
39134,1000000US170318233045017,20,16,0,0,0,0,4,16,0,4,4,0,12,12,0,25,0,0
39135,1000000US170318233045018,29,28,0,0,0,0,1,28,0,1,1,0,15,14,1,35,0,0
39136,1000000US170318233045019,24,23,0,1,0,0,1,23,0,1,1,0,16,15,1,30,1,0
39137,1000000US170318233045020,19,19,0,0,0,0,0,19,0,0,0,0,6,6,0,21,0,0
39138,1000000US170318233046000,54,5,48,0,0,0,1,53,0,1,49,2,44,36,8,90,0,0
39139,1000000US170318233046001,54,37,0,0,0,0,17,37,0,17,17,0,22,21,1,73,0,0
39140,1000000US170318233046002,173,97,10,2,16,2,46,127,0,46,76,5,71,68,3,236,1,0
39141,1000000US170318233046003,27,23,0,0,1,0,3,24,0,3,4,1,13,13,0,27,0,0
39142,1000000US170318233046004,30,18,1,2,4,0,7,23,0,7,12,0,16,15,1,33,2,0
39143,1000000US170318233046005,54,23,0,0,18,0,13,41,0,13,31,2,19,18,1,68,0,0
39144,1000000US170318233046006,51,34,0,1,0,0,16,35,0,16,17,1,22,22,0,66,0,0
39145,1000000US170318233046007,61,38,0,1,3,0,19,42,0,19,23,3,29,29,0,93,0,0
39146,1000000US170318233046008,65,37,8,0,0,0,20,45,0,20,28,0,32,31,1,105,0,0
39147,1000000US170318233046009,57,13,39,0,1,0,4,53,0,4,44,1,44,39,5,103,0,0
39148,1000000US170318233046010,52,30,3,0,1,0,18,34,0,18,22,1,22,22,0,66,0,0
39149,1000000US170318233046011,92,33,6,1,2,0,50,42,0,50,59,3,37,36,1,145,0,0
39150,1000000US170318233046012,62,28,2,2,5,0,26,36,0,26,34,2,25,25,0,86,1,0
39151,1000000US170318233046013,35,23,0,1,2,1,10,25,0,10,12,3,16,15,1,56,0,0
39152,1000000US170318233046014,52,40,1,0,4,0,7,45,0,7,12,0,22,22,0,68,0,0
39153,1000000US170318233046015,61,46,2,0,0,0,13,48,0,13,15,0,27,27,0,78,0,0
39154,1000000US170318233046016,42,17,10,0,1,0,14,28,0,14,25,5,17,17,0,51,0,0
39155,1000000US170318233046017,27,19,0,0,0,0,8,19,0,8,8,0,14,13,1,39,0,0
39156,1000000US170318233046018,0,0,0,0,0,0,0,0,0,0,0,0,0,0,0,0,0,0
39157,1000000US170318233046019,43,33,0,0,0,0,10,33,0,10,10,1,20,19,1,66,0,0
39158,1000000US170318233046020,27,21,3,0,0,0,3,24,0,3,6,0,14,14,0,43,0,0
39159,1000000US170318305001000,3,0,0,0,0,0,3,0,0,3,3,0,2,2,0,7,0,0
39160,1000000US170318305001001,24,2,0,0,0,0,22,2,0,22,22,0,18,12,6,35,0,0
39161,1000000US170318305001002,19,1,0,0,0,0,18,1,0,18,18,0,8,8,0,21,0,0
39162,1000000US170318305001003,48,0,2,0,0,0,46,2,0,46,48,0,22,21,1,82,0,0
39163,1000000US170318305001004,70,1,1,0,0,0,69,1,0,69,69,1,24,18,6,100,0,1
39164,1000000US170318305001005,46,1,0,0,0,0,45,1,0,45,45,0,17,16,1,64,0,0
39165,1000000US170318305001006,56,6,0,0,0,0,50,6,0,50,50,0,18,18,0,73,0,0
39166,1000000US170318305001007,54,2,1,0,0,0,52,2,0,52,52,0,21,18,3,79,0,1
39167,1000000US170318305001008,67,2,0,4,0,0,65,2,0,65,65,0,20,19,1,101,4,0
39168,1000000US170318305001009,59,2,0,0,0,0,57,2,0,57,57,0,19,17,2,89,0,0
39169,1000000US170318305001010,74,0,0,0,0,3,74,0,0,74,74,3,23,21,2,93,0,0
39170,1000000US170318305001011,93,1,1,0,0,0,92,1,0,92,92,0,28,25,3,133,0,1
39171,1000000US170318305001012,0,0,0,0,0,0,0,0,0,0,0,0,0,0,0,0,0,0
39172,1000000US170318305001013,73,1,1,1,0,0,72,1,0,72,72,4,31,30,1,121,1,1
39173,1000000US170318305001014,0,0,0,0,0,0,0,0,0,0,0,0,0,0,0,0,0,0
39174,1000000US170318305001015,110,7,2,0,0,0,103,7,0,103,103,14,40,39,1,167,0,2
39175,1000000US170318305001016,0,0,0,0,0,0,0,0,0,0,0,0,0,0,0,0,0,0
39176,1000000US170318305001017,0,0,0,0,0,0,0,0,0,0,0,0,0,0,0,0,0,0
39177,1000000US170318305001018,0,0,0,0,0,0,0,0,0,0,0,0,0,0,0,0,0,0
39178,1000000US170318305001019,72,4,3,0,0,0,68,4,0,68,68,3,33,27,6,99,0,3
39179,1000000US170318305001020,70,4,0,0,0,0,66,4,0,66,66,0,22,20,2,97,0,0
39180,1000000US170318305001021,41,0,1,0,0,0,40,1,0,40,41,0,15,15,0,64,0,0
39181,1000000US170318305001022,0,0,0,0,0,0,0,0,0,0,0,0,0,0,0,0,0,0
39182,1000000US170318305001023,0,0,0,0,0,0,0,0,0,0,0,0,0,0,0,0,0,0
39183,1000000US170318305001024,57,6,0,2,0,0,51,6,0,51,51,2,19,18,1,81,2,0
39184,1000000US170318305001025,81,2,2,0,0,0,79,2,0,79,79,4,38,30,8,144,0,2
39185,1000000US170318305001026,0,0,0,0,0,0,0,0,0,0,0,0,0,0,0,0,0,0
39186,1000000US170318305001027,0,0,0,0,0,0,0,0,0,0,0,0,0,0,0,0,0,0
39187,1000000US170318305001028,0,0,0,0,0,0,0,0,0,0,0,0,0,0,0,0,0,0
39188,1000000US170318305001029,0,0,0,0,0,0,0,0,0,0,0,0,0,0,0,0,0,0
39189,1000000US170318305001030,0,0,0,0,0,0,0,0,0,0,0,0,0,0,0,0,0,0
39190,1000000US170318305001031,0,0,0,0,0,0,0,0,0,0,0,0,0,0,0,0,0,0
39191,1000000US170318305001032,0,0,0,0,0,0,0,0,0,0,0,0,0,0,0,0,0,0
39192,1000000US170318305001033,0,0,0,0,0,0,0,0,0,0,0,0,0,0,0,0,0,0
39193,1000000US170318305001034,0,0,0,0,0,0,0,0,0,0,0,0,0,0,0,0,0,0
39194,1000000US170318305001035,0,0,0,0,0,0,0,0,0,0,0,0,0,0,0,0,0,0
39195,1000000US170318305001036,0,0,0,0,0,0,0,0,0,0,0,0,0,0,0,0,0,0
39196,1000000US170318305001037,0,0,0,0,0,0,0,0,0,0,0,0,0,0,0,0,0,0
39197,1000000US170318305002000,0,0,0,0,0,0,0,0,0,0,0,0,0,0,0,0,0,0
39198,1000000US170318305002001,16,1,0,0,1,0,14,2,0,14,15,0,10,9,1,26,0,0
39199,1000000US170318305002002,130,2,0,0,0,0,128,2,0,128,128,1,54,49,5,199,0,0
39200,1000000US170318305002003,131,1,0,0,0,0,130,1,0,130,130,8,60,55,5,202,0,0
39201,1000000US170318305002004,70,1,0,0,0,0,69,1,0,69,69,0,35,27,8,93,0,0
39202,1000000US170318305002005,73,7,0,0,0,0,66,7,0,66,66,0,33,28,5,100,0,0
39203,1000000US170318305002006,40,0,1,0,0,0,40,0,0,40,40,1,20,16,4,70,0,1
39204,1000000US170318305002007,32,1,4,0,0,0,31,1,0,31,31,0,13,13,0,50,0,4
39205,1000000US170318305002008,32,0,0,0,0,0,32,0,0,32,32,0,10,10,0,54,0,0
39206,1000000US170318305002009,1,0,0,0,1,0,0,1,0,0,1,1,1,1,0,1,0,0
39207,1000000US170318305002010,76,5,0,0,0,0,71,5,0,71,71,0,34,29,5,123,0,0
39208,1000000US170318305002011,82,0,0,0,0,0,82,0,0,82,82,1,35,33,2,140,0,0
39209,1000000US170318305002012,63,3,0,0,0,0,60,3,0,60,60,3,34,28,6,98,0,0
39210,1000000US170318305002013,56,0,0,0,0,0,56,0,0,56,56,0,22,20,2,98,0,0
39211,1000000US170318305002014,37,2,0,1,0,0,35,2,0,35,35,0,16,16,0,56,1,0
39212,1000000US170318305002015,46,3,1,0,0,0,42,4,0,42,43,0,19,18,1,67,0,0
39213,1000000US170318305002016,58,2,0,0,0,0,56,2,0,56,56,0,19,19,0,77,0,0
39214,1000000US170318305002017,68,1,3,0,0,0,67,1,0,67,67,0,23,23,0,104,0,3
39215,1000000US170318305002018,92,0,0,1,0,0,92,0,0,92,92,0,39,32,7,136,1,0
39216,1000000US170318305002019,59,1,3,0,0,0,57,2,0,57,58,0,28,26,2,95,0,2
39217,1000000US170318305002020,0,0,0,0,0,0,0,0,0,0,0,0,0,0,0,0,0,0
39218,1000000US170318305002021,9,0,0,0,0,0,9,0,0,9,9,0,5,3,2,17,0,0
39219,1000000US170318305002022,49,2,0,2,0,0,47,2,0,47,47,0,24,19,5,81,2,0
39220,1000000US170318305003000,0,0,0,0,0,0,0,0,0,0,0,0,0,0,0,0,0,0
39221,1000000US170318305003001,0,0,0,0,0,0,0,0,0,0,0,0,0,0,0,0,0,0
39222,1000000US170318305003002,0,0,0,0,0,0,0,0,0,0,0,0,0,0,0,0,0,0
39223,1000000US170318305003003,0,0,0,0,0,0,0,0,0,0,0,0,0,0,0,0,0,0
39224,1000000US170318305003004,0,0,0,0,0,0,0,0,0,0,0,0,0,0,0,0,0,0
39225,1000000US170318305003005,0,0,0,0,0,0,0,0,0,0,0,0,0,0,0,0,0,0
39226,1000000US170318305003006,0,0,0,0,0,0,0,0,0,0,0,0,0,0,0,0,0,0
39227,1000000US170318305003007,0,0,0,0,0,0,0,0,0,0,0,0,0,0,0,0,0,0
39228,1000000US170318305003008,4,0,0,0,0,0,4,0,0,4,4,0,1,1,0,5,0,0
39229,1000000US170318305003009,54,0,0,0,1,0,53,1,0,53,54,0,19,18,1,88,0,0
39230,1000000US170318305003010,62,3,0,4,0,0,55,7,0,55,59,0,30,24,6,88,4,0
39231,1000000US170318305003011,58,2,0,0,0,0,56,2,0,56,56,1,24,20,4,82,0,0
39232,1000000US170318305003012,60,9,0,0,0,0,51,9,0,51,51,5,26,23,3,72,0,0
39233,1000000US170318305003013,72,5,0,0,0,0,67,5,0,67,67,0,25,23,2,102,0,0
39234,1000000US170318305003014,81,2,1,0,0,0,79,2,0,79,79,0,31,25,6,103,0,1
39235,1000000US170318305003015,95,1,0,0,0,0,93,2,0,93,94,5,30,25,5,137,0,0
39236,1000000US170318305003016,56,4,0,0,0,0,52,4,0,52,52,0,26,20,6,83,0,0
39237,1000000US170318305003017,74,3,0,0,0,0,71,3,0,71,71,0,25,24,1,115,0,0
39238,1000000US170318305003018,55,4,0,0,1,0,51,4,0,51,51,1,28,21,7,81,0,0
39239,1000000US170318305003019,50,5,0,0,0,0,45,5,0,45,45,1,26,22,4,81,0,0
39240,1000000US170318305003020,63,1,1,1,0,0,62,1,0,62,62,2,25,22,3,86,1,1
39241,1000000US170318305003021,0,0,0,0,0,0,0,0,0,0,0,0,0,0,0,0,0,0
39242,1000000US170318305003022,0,0,0,0,0,0,0,0,0,0,0,0,0,0,0,0,0,0
39243,1000000US170318305003023,0,0,0,0,0,0,0,0,0,0,0,0,0,0,0,0,0,0
39244,1000000US170318305003024,0,0,0,0,0,0,0,0,0,0,0,0,0,0,0,0,0,0
39245,1000000US170318305003025,0,0,0,0,0,0,0,0,0,0,0,0,0,0,0,0,0,0
39246,1000000US170318305003026,0,0,0,0,0,0,0,0,0,0,0,0,0,0,0,0,0,0
39247,1000000US170318305003027,0,0,0,0,0,0,0,0,0,0,0,0,0,0,0,0,0,0
39248,1000000US170318305003028,0,0,0,0,0,0,0,0,0,0,0,0,0,0,0,0,0,0
39249,1000000US170318305003029,0,0,0,0,0,0,0,0,0,0,0,0,0,0,0,0,0,0
39250,1000000US170318305003030,0,0,0,0,0,0,0,0,0,0,0,0,0,0,0,0,0,0
39251,1000000US170318305003031,0,0,0,0,0,0,0,0,0,0,0,0,0,0,0,0,0,0
39252,1000000US170318305003032,0,0,0,0,0,0,0,0,0,0,0,0,0,0,0,0,0,0
39253,1000000US170318305003033,0,0,0,0,0,0,0,0,0,0,0,0,0,0,0,0,0,0
39254,1000000US170318305003034,0,0,0,0,0,0,0,0,0,0,0,0,0,0,0,0,0,0
39255,1000000US170318305003035,0,0,0,0,0,0,0,0,0,0,0,0,0,0,0,0,0,0
39256,1000000US170318305003036,0,0,0,0,0,0,0,0,0,0,0,0,0,0,0,0,0,0
39257,1000000US170318305003037,0,0,0,0,0,0,0,0,0,0,0,0,0,0,0,0,0,0
39258,1000000US170318305003038,0,0,0,0,0,0,0,0,0,0,0,0,0,0,0,0,0,0
39259,1000000US170318305003039,0,0,0,0,0,0,0,0,0,0,0,0,0,0,0,0,0,0
39260,1000000US170318305003040,0,0,0,0,0,0,0,0,0,0,0,0,0,0,0,0,0,0
39261,1000000US170318305003041,0,0,0,0,0,0,0,0,0,0,0,0,0,0,0,0,0,0
39262,1000000US170318305003042,0,0,0,0,0,0,0,0,0,0,0,0,0,0,0,0,0,0
39263,1000000US170318306001000,0,0,0,0,0,0,0,0,0,0,0,0,0,0,0,0,0,0
39264,1000000US170318306001001,45,42,3,0,0,0,0,45,0,0,3,0,28,28,0,56,0,0
39265,1000000US170318306001002,118,32,26,4,4,0,58,60,0,58,86,4,56,49,7,162,3,2
39266,1000000US170318306001003,101,29,14,0,4,0,55,46,0,55,72,0,63,48,15,132,0,1
39267,1000000US170318306001004,99,53,20,2,20,0,7,92,0,7,46,5,46,43,3,113,1,0
39268,1000000US170318306001005,83,65,13,0,2,0,5,78,0,5,18,1,54,45,9,104,0,2
39269,1000000US170318306001006,75,37,14,3,9,0,16,59,0,16,38,5,60,40,20,90,1,1
39270,1000000US170318306001007,96,60,15,6,5,3,19,77,0,19,36,6,46,46,0,108,5,2
39271,1000000US170318306001008,66,46,13,0,2,0,5,61,0,5,20,0,40,39,1,68,0,0
39272,1000000US170318306001009,46,27,8,0,3,0,10,36,0,10,19,4,33,29,4,51,0,2
39273,1000000US170318306001010,0,0,0,0,0,0,0,0,0,0,0,0,0,0,0,0,0,0
39274,1000000US170318306001011,0,0,0,0,0,0,0,0,0,0,0,0,0,0,0,0,0,0
39275,1000000US170318306001012,3,0,0,0,3,0,0,3,0,0,3,1,1,1,0,3,0,0
39276,1000000US170318306001013,31,9,18,0,2,0,3,28,0,3,22,0,18,17,1,35,0,1
39277,1000000US170318306002000,230,109,13,0,13,2,93,137,0,93,121,9,141,127,14,301,0,0
39278,1000000US170318306002001,113,77,12,1,6,1,17,96,0,17,36,3,73,62,11,140,1,1
39279,1000000US170318306002002,0,0,0,0,0,0,0,0,0,0,0,0,0,0,0,0,0,0
39280,1000000US170318306002003,1,0,0,0,1,0,0,1,0,0,1,0,1,1,0,1,0,0
39281,1000000US170318306002004,128,36,10,7,4,1,77,51,0,77,92,4,82,69,13,167,5,1
39282,1000000US170318306002005,0,0,0,0,0,0,0,0,0,0,0,0,0,0,0,0,0,0
39283,1000000US170318306002006,100,97,2,1,0,0,2,98,0,2,3,3,76,72,4,112,0,1
39284,1000000US170318306002007,14,8,5,0,0,0,1,13,0,1,6,0,14,8,6,15,0,0
39285,1000000US170318306002008,29,23,1,0,0,0,5,24,0,5,6,2,51,24,27,32,0,0
39286,1000000US170318306002009,52,0,6,0,3,0,45,7,0,45,52,8,16,15,1,89,0,2
39287,1000000US170318306002010,68,19,30,0,3,0,22,46,0,22,49,5,46,37,9,97,0,4
39288,1000000US170318306002011,72,39,6,0,8,2,21,51,0,21,33,10,42,40,2,101,0,0
39289,1000000US170318306002012,27,13,0,0,0,0,14,13,0,14,14,0,14,13,1,36,0,0
39290,1000000US170318306002013,186,9,18,3,7,1,160,26,0,160,177,7,96,90,6,288,3,3
39291,1000000US170318306002014,19,5,0,0,0,0,14,5,0,14,14,0,12,9,3,29,0,0
39292,1000000US170318306002015,42,20,8,0,4,0,12,30,0,12,22,1,30,25,5,55,0,0
39293,1000000US170318306002016,23,17,4,0,0,0,3,20,0,3,6,1,16,15,1,24,0,1
39294,1000000US170318306002017,147,66,64,3,4,0,11,136,0,11,81,5,95,88,7,189,1,1
39295,1000000US170318306002018,18,6,2,0,3,0,7,11,0,7,12,0,12,11,1,36,0,0
39296,1000000US170318306002019,75,28,4,1,6,1,35,40,0,35,47,3,54,45,9,107,1,0
39297,1000000US170318306003000,114,33,48,1,7,1,28,86,0,28,81,4,73,68,5,146,1,4
39298,1000000US170318306003001,32,12,13,0,1,0,6,26,0,6,20,0,36,28,8,38,0,0
39299,1000000US170318306003002,38,7,2,0,0,0,30,8,0,30,31,1,17,14,3,53,0,1
39300,1000000US170318306003003,179,60,47,3,8,0,67,112,0,67,119,7,115,100,15,225,2,1
39301,1000000US170318306003004,213,41,56,7,7,0,110,103,0,110,172,15,138,114,24,316,5,1
39302,1000000US170318306003005,21,0,4,0,0,0,17,4,0,17,21,0,12,10,2,33,0,0
39303,1000000US170318306003006,19,4,0,0,1,0,14,5,0,14,15,0,11,11,0,25,0,0
39304,1000000US170318306003007,82,29,8,0,5,0,41,41,0,41,53,0,28,28,0,111,0,1
39305,1000000US170318306003008,52,26,5,0,6,0,15,37,0,15,26,3,25,24,1,76,0,0
39306,1000000US170318306003009,16,9,0,1,0,0,6,10,0,6,7,3,12,11,1,20,0,0
39307,1000000US170318306003010,28,19,0,0,0,0,9,19,0,9,9,1,14,13,1,30,0,0
39308,1000000US170318306003011,27,17,2,2,4,0,4,23,0,4,10,3,21,19,2,30,1,0
39309,1000000US170318306003012,38,6,3,0,16,0,13,25,0,13,32,0,21,18,3,51,0,0
39310,1000000US170318306003013,39,15,0,2,5,0,19,20,0,19,24,0,18,17,1,54,2,0
39311,1000000US170318306003014,2,1,1,0,0,0,0,2,0,0,1,0,1,1,0,3,0,0
39312,1000000US170318306003015,28,11,4,1,3,0,9,19,0,9,17,1,18,18,0,31,1,0
39313,1000000US170318306003016,33,7,0,0,4,0,22,11,0,22,26,2,24,21,3,38,0,0
39314,1000000US170318306003017,19,4,2,0,0,0,13,6,0,13,15,0,8,8,0,36,0,0
39315,1000000US170318306004000,79,15,33,0,0,0,31,48,0,31,64,2,41,34,7,130,0,0
39316,1000000US170318306004001,0,0,0,0,0,0,0,0,0,0,0,0,0,0,0,0,0,0
39317,1000000US170318306004002,0,0,0,0,0,0,0,0,0,0,0,0,0,0,0,0,0,0
39318,1000000US170318306004003,22,12,6,0,4,0,0,22,0,0,10,0,15,14,1,29,0,0
39319,1000000US170318306004004,0,0,0,0,0,0,0,0,0,0,0,0,0,0,0,0,0,0
39320,1000000US170318306004005,0,0,0,0,0,0,0,0,0,0,0,0,0,0,0,0,0,0
39321,1000000US170318306004006,14,11,0,0,0,0,3,11,0,3,3,0,8,7,1,21,0,0
39322,1000000US170318306004007,12,9,3,0,0,0,0,12,0,0,3,0,8,8,0,12,0,0
39323,1000000US170318306004008,181,29,28,2,39,0,88,93,0,88,152,14,78,69,9,265,0,5
39324,1000000US170318306004009,98,32,28,8,5,0,32,66,0,32,66,2,54,48,6,155,8,0
39325,1000000US170318306004010,131,17,27,3,19,2,68,63,0,68,114,4,50,47,3,187,2,1
39326,1000000US170318306004011,96,24,38,3,5,0,29,67,0,29,72,7,57,51,6,149,0,1
39327,1000000US170318307001000,323,254,28,2,18,0,23,300,0,23,69,10,253,236,17,347,1,1
39328,1000000US170318307001001,0,0,0,0,0,0,0,0,0,0,0,0,0,0,0,0,0,0
39329,1000000US170318307001002,382,230,42,4,27,2,86,296,0,86,152,9,291,258,33,417,2,1
39330,1000000US170318307002000,142,85,13,5,31,0,10,132,0,10,57,4,77,72,5,150,4,0
39331,1000000US170318307002001,104,90,5,1,3,0,5,99,0,5,14,2,79,62,17,112,0,0
39332,1000000US170318307002002,204,123,53,2,11,0,17,187,0,17,81,4,74,72,2,228,1,0
39333,1000000US170318307002003,97,20,26,2,11,1,41,56,0,41,77,3,63,54,9,131,2,0
39334,1000000US170318307002004,100,56,11,0,21,0,11,89,0,11,44,1,61,58,3,102,0,0
39335,1000000US170318307002005,0,0,0,0,0,0,0,0,0,0,0,0,0,0,0,0,0,0
39336,1000000US170318307002006,0,0,0,0,0,0,0,0,0,0,0,0,0,0,0,0,0,0
39337,1000000US170318307002007,4,1,2,0,0,0,1,3,0,1,3,0,1,1,0,4,0,0
39338,1000000US170318307002008,51,39,4,1,2,0,6,45,0,6,12,1,37,37,0,51,0,0
39339,1000000US170318307003000,366,79,246,2,12,0,28,338,0,28,287,7,235,227,8,524,0,2
39340,1000000US170318307003001,91,17,23,1,22,0,28,63,0,28,74,1,36,33,3,120,1,0
39341,1000000US170318307003002,106,72,11,1,14,0,7,99,0,7,34,2,61,58,3,116,1,0
39342,1000000US170318307003003,47,24,13,0,2,0,8,39,0,8,23,0,27,26,1,70,0,0
39343,1000000US170318307003004,24,19,0,1,2,0,2,22,0,2,5,1,14,10,4,27,0,0
39344,1000000US170318307003005,53,23,4,0,3,0,23,30,0,23,30,1,32,24,8,66,0,0
39345,1000000US170318307003006,259,78,151,3,14,1,20,239,0,20,181,4,13,13,0,270,1,7
39346,1000000US170318307003007,505,200,250,8,12,1,46,459,0,46,305,8,90,73,17,613,7,6
39347,1000000US170318307004000,392,157,140,17,18,4,72,320,0,72,235,4,197,159,38,426,17,11
39348,1000000US170318307004001,1,0,1,0,0,0,0,1,0,0,1,1,1,1,0,1,0,0
39349,1000000US170318307004002,0,0,0,0,0,0,0,0,0,0,0,0,0,0,0,0,0,0
39350,1000000US170318307004003,9,2,5,0,0,0,2,7,0,2,7,0,5,4,1,12,0,0
39351,1000000US170318307004004,3,0,3,0,0,0,0,3,0,0,3,0,2,2,0,3,0,0
39352,1000000US170318307004005,1,0,1,0,0,0,0,1,0,0,1,0,1,1,0,1,0,0
39353,1000000US170318307004006,5,0,5,0,0,0,0,5,0,0,5,0,3,3,0,9,0,0
39354,1000000US170318307004007,53,19,20,0,9,0,6,47,0,6,34,2,35,34,1,76,0,0
39355,1000000US170318307004008,84,46,30,3,5,0,0,84,0,0,38,3,52,48,4,114,2,0
39356,1000000US170318307004009,58,48,3,0,3,0,4,54,0,4,10,0,38,38,0,69,0,0
39357,1000000US170318307004010,149,55,31,0,6,0,59,90,0,59,94,4,69,60,9,188,0,1
39358,1000000US170318308001000,0,0,0,0,0,0,0,0,0,0,0,0,0,0,0,0,0,0
39359,1000000US170318308001001,23,16,0,0,2,0,5,18,0,5,7,0,13,13,0,34,0,0
39360,1000000US170318308001002,32,30,0,0,1,0,1,31,0,1,2,1,19,19,0,37,0,0
39361,1000000US170318308001003,96,53,1,0,9,0,33,63,0,33,43,0,46,45,1,128,0,0
39362,1000000US170318308001004,60,39,4,0,11,0,7,53,0,7,21,2,43,39,4,66,0,1
39363,1000000US170318308001005,101,80,4,1,6,0,10,91,0,10,21,8,64,62,2,107,0,0
39364,1000000US170318308001006,167,126,7,1,16,0,16,151,0,16,41,2,131,124,7,182,1,0
39365,1000000US170318308001007,139,100,7,1,8,0,24,115,0,24,39,4,98,95,3,158,1,0
39366,1000000US170318308001008,65,54,5,0,3,0,3,62,0,3,11,0,52,52,0,76,0,0
39367,1000000US170318308001009,0,0,0,0,0,0,0,0,0,0,0,0,0,0,0,0,0,0
39368,1000000US170318308001010,0,0,0,0,0,0,0,0,0,0,0,0,0,0,0,0,0,0
39369,1000000US170318308001011,0,0,0,0,0,0,0,0,0,0,0,0,0,0,0,0,0,0
39370,1000000US170318308001012,77,58,3,0,4,0,11,66,0,11,19,1,47,47,0,85,0,0
39371,1000000US170318308001013,92,68,7,1,3,0,13,79,0,13,24,3,66,63,3,108,1,0
39372,1000000US170318308002000,0,0,0,0,0,0,0,0,0,0,0,0,0,0,0,0,0,0
39373,1000000US170318308002001,0,0,0,0,0,0,0,0,0,0,0,0,3,0,3,0,0,0
39374,1000000US170318308002002,98,71,0,3,6,0,21,77,0,21,27,3,54,52,2,114,3,0
39375,1000000US170318308002003,242,148,18,3,14,1,63,179,0,63,94,11,166,156,10,293,0,1
39376,1000000US170318308002004,0,0,0,0,0,0,0,0,0,0,0,0,0,0,0,0,0,0
39377,1000000US170318308002005,131,67,19,2,33,0,13,118,0,13,64,5,88,76,12,140,2,1
39378,1000000US170318308003000,0,0,0,0,0,0,0,0,0,0,0,0,0,0,0,0,0,0
39379,1000000US170318308003001,0,0,0,0,0,0,0,0,0,0,0,0,0,0,0,0,0,0
39380,1000000US170318308003002,197,159,10,1,15,0,14,183,0,14,38,5,153,151,2,218,0,4
39381,1000000US170318308003003,205,143,13,2,15,0,36,169,0,36,62,10,150,142,8,224,1,2
39382,1000000US170318308003004,105,85,5,0,8,0,10,95,0,10,20,3,68,65,3,121,0,1
39383,1000000US170318308003005,158,131,4,2,11,0,12,146,0,12,27,3,106,104,2,173,1,0
39384,1000000US170318308003006,115,83,7,0,7,0,21,94,0,21,32,4,103,84,19,127,0,2
39385,1000000US170318309001000,161,131,2,5,8,0,15,146,0,15,30,3,101,100,1,196,2,0
39386,1000000US170318309001001,71,62,5,0,2,0,2,69,0,2,9,0,40,40,0,91,0,0
39387,1000000US170318309001002,127,99,8,0,9,0,11,116,0,11,28,2,91,88,3,135,0,0
39388,1000000US170318309001003,114,96,2,2,8,1,5,109,0,5,18,3,75,71,4,131,0,0
39389,1000000US170318309001004,84,34,3,0,23,0,25,59,0,25,50,2,46,43,3,94,0,1
39390,1000000US170318309001005,84,70,4,1,3,0,7,77,0,7,14,4,70,58,12,91,0,0
39391,1000000US170318309001006,0,0,0,0,0,0,0,0,0,0,0,0,0,0,0,0,0,0
39392,1000000US170318309001007,52,18,8,0,0,0,26,26,0,26,34,0,34,27,7,57,0,0
39393,1000000US170318309001008,71,14,4,2,3,0,49,22,0,49,57,0,40,31,9,87,2,1
39394,1000000US170318309001009,40,8,5,4,5,0,22,18,0,22,32,1,15,15,0,51,4,0
39395,1000000US170318309001010,1,0,0,0,0,0,1,0,0,1,1,0,1,1,0,1,0,0
39396,1000000US170318309001011,0,0,0,0,0,0,0,0,0,0,0,0,0,0,0,0,0,0
39397,1000000US170318309001012,0,0,0,0,0,0,0,0,0,0,0,0,0,0,0,0,0,0
39398,1000000US170318309001013,17,12,0,2,0,0,5,12,0,5,5,0,8,7,1,17,2,0
39399,1000000US170318309001014,0,0,0,0,0,0,0,0,0,0,0,0,0,0,0,0,0,0
39400,1000000US170318309001015,0,0,0,0,0,0,0,0,0,0,0,0,0,0,0,0,0,0
39401,1000000US170318309001016,0,0,0,0,0,0,0,0,0,0,0,0,0,0,0,0,0,0
39402,1000000US170318309001017,0,0,0,0,0,0,0,0,0,0,0,0,0,0,0,0,0,0
39403,1000000US170318309001018,0,0,0,0,0,0,0,0,0,0,0,0,0,0,0,0,0,0
39404,1000000US170318309001019,0,0,0,0,0,0,0,0,0,0,0,0,0,0,0,0,0,0
39405,1000000US170318309001020,0,0,0,0,0,0,0,0,0,0,0,0,0,0,0,0,0,0
39406,1000000US170318309001021,0,0,0,0,0,0,0,0,0,0,0,0,0,0,0,0,0,0
39407,1000000US170318309001022,0,0,0,0,0,0,0,0,0,0,0,0,0,0,0,0,0,0
39408,1000000US170318309001023,0,0,0,0,0,0,0,0,0,0,0,0,0,0,0,0,0,0
39409,1000000US170318309001024,0,0,0,0,0,0,0,0,0,0,0,0,0,0,0,0,0,0
39410,1000000US170318309001025,0,0,0,0,0,0,0,0,0,0,0,0,0,0,0,0,0,0
39411,1000000US170318309001026,0,0,0,0,0,0,0,0,0,0,0,0,0,0,0,0,0,0
39412,1000000US170318309001027,0,0,0,0,0,0,0,0,0,0,0,0,0,0,0,0,0,0
39413,1000000US170318309001028,0,0,0,0,0,0,0,0,0,0,0,0,0,0,0,0,0,0
39414,1000000US170318309001029,0,0,0,0,0,0,0,0,0,0,0,0,0,0,0,0,0,0
39415,1000000US170318309001030,0,0,0,0,0,0,0,0,0,0,0,0,0,0,0,0,0,0
39416,1000000US170318309001031,0,0,0,0,0,0,0,0,0,0,0,0,0,0,0,0,0,0
39417,1000000US170318309001032,0,0,0,0,0,0,0,0,0,0,0,0,0,0,0,0,0,0
39418,1000000US170318309001033,39,24,1,0,8,1,6,33,0,6,15,3,22,21,1,42,0,0
39419,1000000US170318309001034,9,2,0,0,0,0,7,2,0,7,7,0,5,5,0,9,0,0
39420,1000000US170318309001035,4,0,0,0,0,0,4,0,0,4,4,0,1,1,0,5,0,0
39421,1000000US170318309001036,34,26,4,0,2,0,2,32,0,2,8,1,17,17,0,42,0,0
39422,1000000US170318309001037,14,13,1,0,0,0,0,14,0,0,1,0,11,9,2,17,0,0
39423,1000000US170318309001038,36,19,3,0,0,0,14,22,0,14,17,0,21,18,3,43,0,0
39424,1000000US170318309001039,24,22,0,0,2,0,0,24,0,0,2,0,9,9,0,25,0,0
39425,1000000US170318309001040,15,12,0,0,1,0,1,14,0,1,3,0,10,8,2,15,0,0
39426,1000000US170318309001041,0,0,0,0,0,0,0,0,0,0,0,0,0,0,0,0,0,0
39427,1000000US170318309001042,0,0,0,0,0,0,0,0,0,0,0,0,0,0,0,0,0,0
39428,1000000US170318309001043,0,0,0,0,0,0,0,0,0,0,0,0,0,0,0,0,0,0
39429,1000000US170318309001044,0,0,0,0,0,0,0,0,0,0,0,0,0,0,0,0,0,0
39430,1000000US170318309001045,0,0,0,0,0,0,0,0,0,0,0,0,0,0,0,0,0,0
39431,1000000US170318309001046,0,0,0,0,0,0,0,0,0,0,0,0,0,0,0,0,0,0
39432,1000000US170318309002000,30,5,0,4,0,0,25,5,0,25,25,4,18,16,2,38,0,0
39433,1000000US170318309002001,64,36,6,0,7,0,15,49,0,15,28,5,56,43,13,77,0,0
39434,1000000US170318309002002,0,0,0,0,0,0,0,0,0,0,0,0,0,0,0,0,0,0
39435,1000000US170318309002003,0,0,0,0,0,0,0,0,0,0,0,0,0,0,0,0,0,0
39436,1000000US170318309002004,27,17,2,0,0,0,10,17,0,10,10,2,19,16,3,31,0,2
39437,1000000US170318309002005,47,21,3,0,0,0,21,26,0,21,26,0,22,21,1,62,0,0
39438,1000000US170318309002006,15,9,0,0,0,0,6,9,0,6,6,0,8,8,0,20,0,0
39439,1000000US170318309002007,35,16,4,3,0,0,15,20,0,15,19,0,21,20,1,45,3,0
39440,1000000US170318309002008,35,21,3,0,1,0,10,25,0,10,14,2,25,21,4,44,0,0
39441,1000000US170318309002009,77,50,4,0,0,0,24,53,0,24,27,2,45,45,0,90,0,1
39442,1000000US170318309002010,48,21,3,4,0,0,24,24,0,24,27,2,29,26,3,71,2,2
39443,1000000US170318309002011,69,33,2,7,0,1,32,37,0,32,36,4,34,34,0,89,3,1
39444,1000000US170318309002012,49,19,7,3,7,0,16,33,0,16,30,3,22,18,4,58,0,0
39445,1000000US170318309002013,41,30,2,0,1,0,8,33,0,8,11,2,23,22,1,46,0,0
39446,1000000US170318309002014,38,28,3,0,1,0,6,32,0,6,10,1,20,18,2,44,0,0
39447,1000000US170318309002015,52,27,5,0,2,0,18,34,0,18,25,5,22,21,1,62,0,0
39448,1000000US170318309002016,89,30,7,0,9,0,46,43,0,46,59,3,49,45,4,117,0,3
39449,1000000US170318309002017,44,18,4,1,7,0,21,23,0,21,26,7,26,20,6,49,1,2
39450,1000000US170318309002018,47,27,3,0,1,1,16,31,0,16,20,3,23,21,2,57,0,0
39451,1000000US170318309002019,0,0,0,0,0,0,0,0,0,0,0,0,0,0,0,0,0,0
39452,1000000US170318309002020,16,2,0,0,0,0,14,2,0,14,14,3,6,6,0,22,0,0
39453,1000000US170318309002021,11,4,0,0,1,0,7,4,0,7,7,0,8,7,1,14,0,0
39454,1000000US170318309002022,24,21,0,0,0,0,3,21,0,3,3,0,13,11,2,24,0,0
39455,1000000US170318309003000,30,11,7,0,1,0,11,19,0,11,19,0,19,17,2,33,0,0
39456,1000000US170318309003001,87,9,5,1,3,0,69,18,0,69,78,2,40,35,5,131,1,0
39457,1000000US170318309003002,158,28,3,2,1,0,121,37,0,121,130,3,79,68,11,202,2,1
39458,1000000US170318309003003,18,10,1,0,0,0,7,11,0,7,8,1,12,10,2,24,0,0
39459,1000000US170318309003004,28,4,1,2,1,0,23,5,0,23,24,3,11,11,0,36,1,1
39460,1000000US170318309003005,86,34,5,1,6,0,45,41,0,45,52,1,40,37,3,106,1,3
39461,1000000US170318309003006,55,25,5,0,1,0,27,28,0,27,30,1,31,28,3,65,0,3
39462,1000000US170318309003007,0,0,0,0,0,0,0,0,0,0,0,0,0,0,0,0,0,0
39463,1000000US170318309003008,0,0,0,0,0,0,0,0,0,0,0,0,0,0,0,0,0,0
39464,1000000US170318309003009,0,0,0,0,0,0,0,0,0,0,0,0,0,0,0,0,0,0
39465,1000000US170318309003010,0,0,0,0,0,0,0,0,0,0,0,0,0,0,0,0,0,0
39466,1000000US170318309003011,2,2,0,0,0,0,0,2,0,0,0,0,1,1,0,4,0,0
39467,1000000US170318309003012,0,0,0,0,0,0,0,0,0,0,0,0,0,0,0,0,0,0
39468,1000000US170318309003013,0,0,0,0,0,0,0,0,0,0,0,0,0,0,0,0,0,0
39469,1000000US170318309003014,50,36,1,0,3,0,10,40,0,10,14,0,27,27,0,64,0,0
39470,1000000US170318309003015,0,0,0,0,0,0,0,0,0,0,0,0,2,0,2,0,0,0
39471,1000000US170318309003016,2,0,0,0,0,0,2,0,0,2,2,0,1,1,0,3,0,0
39472,1000000US170318309003017,0,0,0,0,0,0,0,0,0,0,0,0,0,0,0,0,0,0
39473,1000000US170318309003018,0,0,0,0,0,0,0,0,0,0,0,0,0,0,0,0,0,0
39474,1000000US170318309003019,0,0,0,0,0,0,0,0,0,0,0,0,0,0,0,0,0,0
39475,1000000US170318310001000,58,45,0,0,9,0,4,54,0,4,13,2,35,34,1,80,0,0
39476,1000000US170318310001001,61,47,2,0,10,0,2,59,0,2,14,0,41,40,1,69,0,0
39477,1000000US170318310001002,27,22,1,0,2,0,2,25,0,2,5,0,18,16,2,40,0,0
39478,1000000US170318310001003,13,13,0,0,0,0,0,13,0,0,0,0,10,8,2,18,0,0
39479,1000000US170318310001004,32,29,1,0,0,0,2,30,0,2,3,0,21,17,4,35,0,0
39480,1000000US170318310001005,7,1,0,0,6,0,0,7,0,0,6,0,4,4,0,11,0,0
39481,1000000US170318310001006,99,82,1,0,8,0,8,91,0,8,17,1,56,53,3,119,0,0
39482,1000000US170318310001007,74,62,0,0,6,0,6,68,0,6,12,1,49,45,4,77,0,0
39483,1000000US170318310001008,11,9,0,0,2,0,0,11,0,0,2,0,6,6,0,13,0,0
39484,1000000US170318310001009,8,7,0,0,0,0,1,7,0,1,1,0,6,5,1,8,0,0
39485,1000000US170318310001010,26,19,5,1,0,0,2,24,0,2,7,0,14,13,1,28,1,0
39486,1000000US170318310001011,39,32,0,0,5,0,2,37,0,2,7,0,29,26,3,46,0,0
39487,1000000US170318310001012,153,136,2,0,14,0,1,152,0,1,17,1,111,109,2,161,0,0
39488,1000000US170318310001013,8,7,0,0,1,0,0,8,0,0,1,0,10,5,5,8,0,0
39489,1000000US170318310001014,37,33,0,0,0,0,3,34,0,3,4,2,21,20,1,48,0,0
39490,1000000US170318310001015,17,9,4,0,2,0,6,11,0,6,8,0,13,12,1,20,0,4
39491,1000000US170318310001016,10,10,0,0,0,0,0,10,0,0,0,0,7,7,0,11,0,0
39492,1000000US170318310001017,12,11,0,0,1,0,0,12,0,0,1,0,10,9,1,12,0,0
39493,1000000US170318310002000,48,36,2,2,6,0,4,44,0,4,12,3,24,24,0,51,2,0
39494,1000000US170318310002001,48,39,0,0,4,0,5,43,0,5,9,0,32,29,3,56,0,0
39495,1000000US170318310002002,38,34,1,0,3,0,1,37,0,1,4,2,30,24,6,44,0,0
39496,1000000US170318310002003,25,18,0,0,1,0,6,19,0,6,7,0,14,14,0,31,0,0
39497,1000000US170318310002004,48,45,0,0,2,0,1,47,0,1,3,2,33,31,2,54,0,0
39498,1000000US170318310002005,55,36,1,1,4,0,13,42,0,13,19,1,32,28,4,63,1,0
39499,1000000US170318310002006,47,36,1,0,1,0,9,38,0,9,11,0,25,23,2,51,0,0
39500,1000000US170318310002007,23,21,1,0,1,0,0,23,0,0,2,1,15,14,1,28,0,0
39501,1000000US170318310002008,26,18,0,0,0,0,8,18,0,8,8,0,15,15,0,37,0,0
39502,1000000US170318310002009,49,41,0,0,1,0,7,42,0,7,8,0,27,27,0,58,0,0
39503,1000000US170318310002010,26,22,0,0,3,0,1,25,0,1,4,0,14,14,0,41,0,0
39504,1000000US170318310002011,58,51,0,0,6,0,1,57,0,1,7,4,40,35,5,67,0,0
39505,1000000US170318310002012,28,23,0,0,2,0,3,25,0,3,5,1,18,18,0,36,0,0
39506,1000000US170318310002013,53,49,0,1,2,0,2,51,0,2,4,0,32,28,4,56,1,0
39507,1000000US170318310002014,21,11,0,0,5,0,5,16,0,5,10,0,9,9,0,21,0,0
39508,1000000US170318310002015,27,21,1,0,0,0,5,22,0,5,6,1,17,16,1,29,0,0
39509,1000000US170318310002016,25,20,3,1,0,0,1,24,0,1,5,1,18,18,0,25,0,0
39510,1000000US170318310002017,0,0,0,0,0,0,0,0,0,0,0,0,0,0,0,0,0,0
39511,1000000US170318310002018,37,35,1,0,1,0,0,37,0,0,2,0,27,25,2,38,0,0
39512,1000000US170318310002019,30,25,1,0,3,0,1,29,0,1,5,0,19,18,1,41,0,0
39513,1000000US170318310002020,72,62,2,0,3,0,5,67,0,5,10,0,43,42,1,73,0,0
39514,1000000US170318310002021,11,11,0,0,0,0,0,11,0,0,0,0,7,6,1,16,0,0
39515,1000000US170318310002022,35,25,2,0,6,0,2,33,0,2,10,1,17,17,0,41,0,0
39516,1000000US170318310002023,44,33,0,4,7,0,5,39,0,5,11,4,25,24,1,52,1,0
39517,1000000US170318310002024,56,34,0,0,3,0,19,37,0,19,22,1,32,30,2,72,0,0
39518,1000000US170318310002025,102,87,0,0,8,0,7,95,0,7,15,0,61,60,1,118,0,0
39519,1000000US170318310002026,38,33,0,0,3,0,2,36,0,2,5,1,26,24,2,42,0,0
39520,1000000US170318310002027,21,17,0,0,4,0,0,21,0,0,4,2,14,13,1,23,0,0
39521,1000000US170318310002028,18,16,1,0,1,0,0,18,0,0,2,0,11,9,2,25,0,0
39522,1000000US170318310002029,11,11,0,0,0,0,0,11,0,0,0,0,6,5,1,16,0,0
39523,1000000US170318310002030,14,14,0,0,0,0,0,14,0,0,0,0,10,9,1,15,0,0
39524,1000000US170318310002031,10,10,0,0,0,0,0,10,0,0,0,0,5,5,0,14,0,0
39525,1000000US170318311001000,0,0,0,0,0,0,0,0,0,0,0,0,0,0,0,0,0,0
39526,1000000US170318311001001,0,0,0,0,0,0,0,0,0,0,0,0,0,0,0,0,0,0
39527,1000000US170318311001002,0,0,0,0,0,0,0,0,0,0,0,0,0,0,0,0,0,0
39528,1000000US170318311001003,0,0,0,0,0,0,0,0,0,0,0,0,0,0,0,0,0,0
39529,1000000US170318311001004,0,0,0,0,0,0,0,0,0,0,0,0,0,0,0,0,0,0
39530,1000000US170318311001005,0,0,0,0,0,0,0,0,0,0,0,0,0,0,0,0,0,0
39531,1000000US170318311001006,0,0,0,0,0,0,0,0,0,0,0,0,0,0,0,0,0,0
39532,1000000US170318311001007,0,0,0,0,0,0,0,0,0,0,0,0,0,0,0,0,0,0
39533,1000000US170318311001008,0,0,0,0,0,0,0,0,0,0,0,0,0,0,0,0,0,0
39534,1000000US170318311001009,0,0,0,0,0,0,0,0,0,0,0,0,0,0,0,0,0,0
39535,1000000US170318311001010,0,0,0,0,0,0,0,0,0,0,0,0,0,0,0,0,0,0
39536,1000000US170318311001011,0,0,0,0,0,0,0,0,0,0,0,0,0,0,0,0,0,0
39537,1000000US170318311001012,0,0,0,0,0,0,0,0,0,0,0,0,0,0,0,0,0,0
39538,1000000US170318311001013,0,0,0,0,0,0,0,0,0,0,0,0,0,0,0,0,0,0
39539,1000000US170318311001014,0,0,0,0,0,0,0,0,0,0,0,0,0,0,0,0,0,0
39540,1000000US170318311001015,0,0,0,0,0,0,0,0,0,0,0,0,0,0,0,0,0,0
39541,1000000US170318311001016,0,0,0,0,0,0,0,0,0,0,0,0,0,0,0,0,0,0
39542,1000000US170318311001017,121,33,2,8,18,0,66,55,0,66,88,15,50,48,2,146,2,0
39543,1000000US170318311001018,48,5,0,2,7,0,39,9,0,39,43,1,25,21,4,74,1,0
39544,1000000US170318311001019,80,6,5,3,4,0,65,15,0,65,74,4,39,34,5,109,3,0
39545,1000000US170318311001020,0,0,0,0,0,0,0,0,0,0,0,0,0,0,0,0,0,0
39546,1000000US170318311001021,0,0,0,0,0,0,0,0,0,0,0,0,0,0,0,0,0,0
39547,1000000US170318311001022,157,41,6,5,2,0,112,45,0,112,116,4,83,70,13,221,5,4
39548,1000000US170318311001023,180,47,16,3,7,0,113,67,0,113,133,12,96,85,11,268,3,2
39549,1000000US170318311001024,29,13,3,0,2,1,10,19,0,10,16,0,18,16,2,34,0,0
39550,1000000US170318311001025,91,41,7,0,23,0,20,71,0,20,50,2,52,47,5,116,0,0
39551,1000000US170318311001026,0,0,0,0,0,0,0,0,0,0,0,0,0,0,0,0,0,0
39552,1000000US170318311001027,0,0,0,0,0,0,0,0,0,0,0,0,0,0,0,0,0,0
39553,1000000US170318311001028,0,0,0,0,0,0,0,0,0,0,0,0,0,0,0,0,0,0
39554,1000000US170318311001029,0,0,0,0,0,0,0,0,0,0,0,0,0,0,0,0,0,0
39555,1000000US170318311001030,168,23,7,2,1,1,139,29,0,139,145,19,74,68,6,249,2,2
39556,1000000US170318311001031,112,20,3,6,17,0,73,39,0,73,92,2,51,44,7,137,5,0
39557,1000000US170318311001032,0,0,0,0,0,0,0,0,0,0,0,0,0,0,0,0,0,0
39558,1000000US170318311001033,0,0,0,0,0,0,0,0,0,0,0,0,0,0,0,0,0,0
39559,1000000US170318311001034,0,0,0,0,0,0,0,0,0,0,0,0,0,0,0,0,0,0
39560,1000000US170318311001035,0,0,0,0,0,0,0,0,0,0,0,0,0,0,0,0,0,0
39561,1000000US170318311001036,0,0,0,0,0,0,0,0,0,0,0,0,0,0,0,0,0,0
39562,1000000US170318311002000,8,4,1,0,0,0,3,5,0,3,4,0,5,4,1,9,0,0
39563,1000000US170318311002001,147,41,22,4,28,2,58,89,0,58,106,4,84,71,13,167,3,2
39564,1000000US170318311002002,74,34,1,0,9,0,31,43,0,31,40,3,43,37,6,105,0,0
39565,1000000US170318311002003,14,8,0,0,3,0,3,11,0,3,6,0,12,10,2,14,0,0
39566,1000000US170318311002004,34,14,0,0,0,0,20,14,0,20,20,0,16,14,2,54,0,0
39567,1000000US170318311002005,82,34,3,1,10,0,37,45,0,37,48,2,52,46,6,98,1,2
39568,1000000US170318311002006,115,59,0,2,17,0,38,77,0,38,56,3,52,50,2,138,1,0
39569,1000000US170318311002007,78,18,0,0,6,0,54,24,0,54,60,3,41,36,5,94,0,0
39570,1000000US170318311002008,98,44,3,0,6,0,41,57,0,41,54,0,45,41,4,118,0,0
39571,1000000US170318311002009,72,23,8,2,0,0,40,32,0,40,49,4,36,33,3,101,2,0
39572,1000000US170318311002010,74,36,2,1,3,0,33,41,0,33,38,4,41,36,5,90,1,0
39573,1000000US170318311002011,82,37,1,3,8,1,35,47,0,35,45,3,36,35,1,106,3,0
39574,1000000US170318311002012,92,65,0,0,16,0,11,81,0,11,27,0,54,51,3,108,0,0
39575,1000000US170318311002013,100,31,5,0,1,0,63,37,0,63,69,1,54,47,7,138,0,0
39576,1000000US170318311002014,55,25,2,0,4,0,24,31,0,24,30,6,32,29,3,67,0,0
39577,1000000US170318311003000,78,48,7,1,3,0,27,51,0,27,30,5,36,34,2,96,1,7
39578,1000000US170318311003001,70,35,1,0,10,0,23,47,0,23,35,1,42,35,7,78,0,0
39579,1000000US170318311003002,18,14,0,0,0,0,4,14,0,4,4,0,19,10,9,18,0,0
39580,1000000US170318311003003,38,25,0,0,5,0,8,30,0,8,13,0,24,23,1,43,0,0
39581,1000000US170318311003004,25,18,0,0,2,0,5,20,0,5,7,0,12,11,1,34,0,0
39582,1000000US170318311003005,32,28,0,0,0,0,4,28,0,4,4,0,20,16,4,35,0,0
39583,1000000US170318311003006,75,37,3,0,19,0,15,60,0,15,38,4,34,33,1,91,0,0
39584,1000000US170318311003007,89,56,0,0,0,0,33,56,0,33,33,0,45,42,3,106,0,0
39585,1000000US170318311003008,44,11,8,0,9,0,16,28,0,16,33,7,39,25,14,56,0,1
39586,1000000US170318311003009,10,5,1,0,0,0,4,6,0,4,5,0,6,5,1,13,0,0
39587,1000000US170318311003010,73,45,7,1,3,0,19,54,0,19,28,4,54,40,14,102,1,1
39588,1000000US170318311003011,79,45,3,0,0,0,32,47,0,32,34,1,42,41,1,103,0,1
39589,1000000US170318311003012,102,38,4,1,4,0,57,45,0,57,64,1,53,46,7,126,0,2
39590,1000000US170318311003013,99,26,5,3,3,0,66,33,0,66,73,6,52,48,4,129,3,1
39591,1000000US170318311003014,44,22,0,3,9,1,10,34,0,10,22,1,27,20,7,54,3,0
39592,1000000US170318311003015,92,51,0,5,2,0,38,54,0,38,41,4,49,45,4,129,5,0
39593,1000000US170318311003016,50,33,3,0,3,0,11,39,0,11,17,1,34,31,3,70,0,0
39594,1000000US170318311003017,63,52,1,0,4,0,6,57,0,6,11,1,39,36,3,69,0,0
39595,1000000US170318311003018,69,16,4,2,0,0,49,20,0,49,53,0,32,30,2,83,2,0
39596,1000000US170318311003019,69,17,1,3,5,0,46,23,0,46,52,7,34,29,5,100,1,0
39597,1000000US170318311003020,97,31,3,0,2,0,61,36,0,61,66,5,55,39,16,116,0,0
39598,1000000US170318311003021,82,38,7,0,0,0,43,39,0,43,44,0,51,42,9,94,0,6
39599,1000000US170318311003022,42,30,0,0,1,0,11,31,0,11,12,2,26,20,6,45,0,0
39600,1000000US170318311003023,0,0,0,0,0,0,0,0,0,0,0,0,0,0,0,0,0,0
39601,1000000US170318311003024,34,6,1,1,3,0,24,10,0,24,28,1,22,18,4,40,1,0
39602,1000000US170318311004000,132,16,7,6,1,0,109,23,0,109,116,7,57,54,3,185,4,1
39603,1000000US170318311004001,93,28,3,4,5,0,59,34,0,59,65,2,53,47,6,135,4,2
39604,1000000US170318311004002,40,15,2,0,1,0,23,17,0,23,25,0,25,21,4,63,0,1
39605,1000000US170318311004003,42,15,0,1,0,0,26,16,0,26,27,0,21,20,1,59,1,0
39606,1000000US170318311004004,110,16,5,3,2,0,90,20,0,90,94,9,45,42,3,162,3,3
39607,1000000US170318311004005,116,37,5,0,4,0,75,41,0,75,79,9,52,51,1,171,0,5
39608,1000000US170318311004006,64,22,2,0,2,0,41,23,0,41,42,2,42,33,9,93,0,2
39609,1000000US170318311004007,77,38,3,1,9,0,27,50,0,27,39,3,48,35,13,92,1,0
39610,1000000US170318311004008,104,45,2,0,6,0,53,51,0,53,59,2,53,44,9,131,0,2
39611,1000000US170318311004009,120,49,0,1,4,0,67,53,0,67,71,1,56,48,8,158,1,0
39612,1000000US170318311004010,113,34,4,1,6,2,70,43,0,70,79,3,54,48,6,141,1,3
39613,1000000US170318311004011,105,24,4,1,5,0,74,31,0,74,81,5,49,45,4,139,1,0
39614,1000000US170318311004012,47,20,2,3,0,0,25,22,0,25,27,0,26,24,2,63,3,0
39615,1000000US170318311004013,21,10,4,0,0,0,7,14,0,7,11,0,10,7,3,24,0,0
39616,1000000US170318311004014,74,36,2,4,3,0,30,44,0,30,38,1,49,37,12,101,4,0
39617,1000000US170318311004015,80,36,0,1,0,0,42,38,0,42,44,0,47,40,7,114,1,0
39618,1000000US170318311004016,84,21,0,0,0,0,63,21,0,63,63,0,46,39,7,139,0,0
39619,1000000US170318311004017,93,19,4,5,2,0,69,24,0,69,74,6,37,36,1,126,5,3
39620,1000000US170318311004018,95,45,3,3,0,0,47,48,0,47,50,4,47,43,4,137,0,1
39621,1000000US170318311004019,100,20,3,1,9,0,72,28,0,72,80,6,49,42,7,145,1,0
39622,1000000US170318311004020,88,19,0,0,2,1,67,21,0,67,69,4,41,35,6,144,0,0
39623,1000000US170318311004021,74,23,0,0,0,0,51,23,0,51,51,2,38,31,7,112,0,0
39624,1000000US170318311004022,80,31,3,0,3,0,38,42,0,38,49,1,42,38,4,109,0,0
39625,1000000US170318311004023,29,4,0,0,0,1,25,4,0,25,25,1,16,15,1,54,0,0
39626,1000000US170318311004024,29,9,0,0,0,0,20,9,0,20,20,0,11,10,1,37,0,0
39627,1000000US170318311004025,25,14,0,0,0,0,11,14,0,11,11,0,12,12,0,28,0,0
39628,1000000US170318311004026,0,0,0,0,0,0,0,0,0,0,0,0,0,0,0,0,0,0
39629,1000000US170318311004027,0,0,0,0,0,0,0,0,0,0,0,0,0,0,0,0,0,0
39630,1000000US170318312001000,10,0,3,1,0,0,10,0,0,10,10,1,3,3,0,18,1,3
39631,1000000US170318312001001,3,3,0,0,0,0,0,3,0,0,0,0,1,1,0,4,0,0
39632,1000000US170318312001002,76,20,9,3,5,0,47,29,0,47,56,6,50,40,10,110,0,6
39633,1000000US170318312001003,17,3,6,0,0,0,9,8,0,9,14,0,10,7,3,21,0,1
39634,1000000US170318312001004,70,1,6,0,1,0,67,3,0,67,69,2,40,33,7,119,0,5
39635,1000000US170318312001005,82,7,8,0,0,0,74,8,0,74,75,2,36,32,4,111,0,7
39636,1000000US170318312001006,166,15,10,0,0,4,143,23,0,143,151,10,78,65,13,227,0,5
39637,1000000US170318312001007,98,0,8,0,0,0,92,6,0,92,98,1,46,41,5,139,0,2
39638,1000000US170318312001008,67,8,5,0,0,0,58,9,0,58,59,5,29,26,3,101,0,4
39639,1000000US170318312001009,0,0,0,0,0,0,0,0,0,0,0,0,0,0,0,0,0,0
39640,1000000US170318312002000,0,0,0,0,0,0,0,0,0,0,0,0,0,0,0,0,0,0
39641,1000000US170318312002001,42,3,1,0,0,0,38,4,0,38,39,0,17,13,4,52,0,0
39642,1000000US170318312002002,14,0,0,0,0,0,14,0,0,14,14,0,5,5,0,19,0,0
39643,1000000US170318312002003,5,0,0,0,0,0,5,0,0,5,5,0,3,3,0,11,0,0
39644,1000000US170318312002004,0,0,0,0,0,0,0,0,0,0,0,0,0,0,0,0,0,0
39645,1000000US170318312002005,6,0,0,0,0,0,6,0,0,6,6,0,4,4,0,7,0,0
39646,1000000US170318312002006,16,1,4,0,1,0,10,6,0,10,15,0,10,8,2,27,0,0
39647,1000000US170318312002007,64,4,0,0,2,0,58,6,0,58,60,3,33,27,6,90,0,0
39648,1000000US170318312002008,15,7,0,0,0,0,8,7,0,8,8,0,6,6,0,19,0,0
39649,1000000US170318312002009,0,0,0,0,0,0,0,0,0,0,0,0,0,0,0,0,0,0
39650,1000000US170318312002010,69,2,0,0,0,0,66,3,0,66,67,2,28,25,3,107,0,0
39651,1000000US170318312002011,79,5,7,0,0,0,70,9,0,70,74,1,38,33,5,108,0,3
39652,1000000US170318312002012,110,0,0,2,0,0,110,0,0,110,110,5,48,47,1,166,2,0
39653,1000000US170318312002013,91,1,0,0,0,0,90,1,0,90,90,0,31,29,2,117,0,0
39654,1000000US170318312002014,54,1,2,0,1,0,53,1,0,53,53,8,27,21,6,80,0,2
39655,1000000US170318312002015,70,9,0,0,0,0,61,9,0,61,61,0,20,19,1,103,0,0
39656,1000000US170318312002016,67,0,0,2,0,0,67,0,0,67,67,0,26,26,0,95,2,0
39657,1000000US170318312002017,85,5,1,0,2,0,79,6,0,79,80,8,37,34,3,130,0,0
39658,1000000US170318312002018,63,3,2,3,1,0,57,6,0,57,60,0,39,21,18,93,3,0
39659,1000000US170318312002019,77,2,0,2,3,0,70,7,0,70,75,3,32,29,3,106,1,0
39660,1000000US170318312002020,107,3,2,0,0,0,102,5,0,102,104,0,45,40,5,151,0,0
39661,1000000US170318312002021,54,3,1,0,1,0,50,4,0,50,51,3,25,23,2,81,0,1
39662,1000000US170318312002022,65,8,0,0,0,0,57,8,0,57,57,4,25,24,1,99,0,0
39663,1000000US170318312002023,57,1,3,0,0,0,54,3,0,54,56,0,24,22,2,88,0,1
39664,1000000US170318312002024,50,4,6,0,0,0,41,9,0,41,46,0,25,22,3,60,0,1
39665,1000000US170318312002025,17,0,0,0,0,0,17,0,0,17,17,0,11,8,3,30,0,0
39666,1000000US170318312002026,41,2,0,0,1,0,38,3,0,38,39,0,19,16,3,62,0,0
39667,1000000US170318312002027,40,3,1,0,0,0,37,3,0,37,37,0,14,14,0,55,0,1
39668,1000000US170318312002028,0,0,0,0,0,0,0,0,0,0,0,0,0,0,0,0,0,0
39669,1000000US170318312002029,0,0,0,0,0,0,0,0,0,0,0,0,0,0,0,0,0,0
39670,1000000US170318312002030,0,0,0,0,0,0,0,0,0,0,0,0,0,0,0,0,0,0
39671,1000000US170318312002031,0,0,0,0,0,0,0,0,0,0,0,0,0,0,0,0,0,0
39672,1000000US170318312002032,55,4,1,0,2,0,50,5,0,50,51,5,24,22,2,89,0,0
39673,1000000US170318312002033,82,0,3,0,0,0,81,1,0,81,82,0,26,23,3,112,0,2
39674,1000000US170318312003000,8,0,0,0,0,0,8,0,0,8,8,0,5,3,2,9,0,0
39675,1000000US170318312003001,20,0,0,0,0,0,20,0,0,20,20,0,8,8,0,29,0,0
39676,1000000US170318312003002,26,3,5,2,0,0,18,8,0,18,23,2,11,10,1,41,0,0
39677,1000000US170318312003003,4,0,0,0,0,0,4,0,0,4,4,0,2,2,0,6,0,0
39678,1000000US170318312003004,79,1,0,0,0,0,78,1,0,78,78,0,27,26,1,126,0,0
39679,1000000US170318312003005,91,2,13,0,0,0,82,9,0,82,89,2,40,39,1,166,0,6
39680,1000000US170318312003006,76,1,7,3,0,0,69,7,0,69,75,5,44,31,13,119,3,1
39681,1000000US170318312003007,84,1,2,0,0,0,83,1,0,83,83,3,41,37,4,146,0,2
39682,1000000US170318312003008,64,11,2,0,3,0,49,15,0,49,53,3,41,34,7,79,0,0
39683,1000000US170318312003009,33,0,0,0,0,0,33,0,0,33,33,0,13,13,0,48,0,0
39684,1000000US170318312003010,97,2,2,2,0,0,94,3,0,94,95,5,40,40,0,159,2,1
39685,1000000US170318312003011,75,9,3,0,5,0,63,12,0,63,66,0,35,32,3,112,0,2
39686,1000000US170318312003012,89,7,0,0,0,0,82,7,0,82,82,1,42,33,9,130,0,0
39687,1000000US170318312003013,104,2,17,0,0,1,85,19,0,85,102,2,52,46,6,165,0,0
39688,1000000US170318312003014,43,3,3,2,0,0,37,6,0,37,40,1,19,16,3,62,2,2
39689,1000000US170318312003015,85,7,20,1,1,0,61,24,0,61,78,2,49,39,10,121,1,5
39690,1000000US170318312003016,119,1,6,2,0,0,115,4,0,115,118,4,51,48,3,160,2,3
39691,1000000US170318312003017,179,4,18,5,0,0,164,15,0,164,175,17,66,63,3,248,5,7
39692,1000000US170318312003018,63,4,2,1,1,1,59,4,0,59,59,7,27,25,2,88,1,2
39693,1000000US170318313001000,0,0,0,0,0,0,0,0,0,0,0,0,0,0,0,0,0,0
39694,1000000US170318313001001,0,0,0,0,0,0,0,0,0,0,0,0,0,0,0,0,0,0
39695,1000000US170318313001002,1,0,1,0,0,0,0,1,0,0,1,0,0,0,0,1,0,0
39696,1000000US170318313001003,4,0,4,0,0,0,0,4,0,0,4,0,1,1,0,8,0,0
39697,1000000US170318313001004,0,0,0,0,0,0,0,0,0,0,0,0,0,0,0,0,0,0
39698,1000000US170318313001005,0,0,0,0,0,0,0,0,0,0,0,0,0,0,0,0,0,0
39699,1000000US170318313001006,47,1,8,4,0,0,38,9,0,38,46,0,20,17,3,53,4,0
39700,1000000US170318313001007,54,3,4,0,0,0,47,7,0,47,51,0,25,20,5,76,0,0
39701,1000000US170318313001008,31,0,3,0,0,0,28,3,0,28,31,0,15,13,2,41,0,0
39702,1000000US170318313001009,29,0,2,0,0,0,27,2,0,27,29,0,12,12,0,35,0,0
39703,1000000US170318313001010,62,0,39,0,0,0,23,39,0,23,62,0,20,19,1,81,0,0
39704,1000000US170318313001011,57,0,38,0,0,0,19,38,0,19,57,0,24,22,2,82,0,0
39705,1000000US170318313001012,0,0,0,0,0,0,0,0,0,0,0,0,0,0,0,0,0,0
39706,1000000US170318313001013,0,0,0,0,0,0,0,0,0,0,0,0,0,0,0,0,0,0
39707,1000000US170318313001014,23,2,12,0,0,0,9,14,0,9,21,0,12,11,1,35,0,0
39708,1000000US170318313001015,0,0,0,0,0,0,0,0,0,0,0,0,0,0,0,0,0,0
39709,1000000US170318313001016,0,0,0,0,0,0,0,0,0,0,0,0,0,0,0,0,0,0
39710,1000000US170318313001017,27,0,4,0,0,0,23,4,0,23,27,0,10,10,0,42,0,0
39711,1000000US170318313001018,0,0,0,0,0,0,0,0,0,0,0,0,0,0,0,0,0,0
39712,1000000US170318313001019,23,1,3,0,0,0,19,4,0,19,22,0,10,9,1,31,0,0
39713,1000000US170318313001020,19,6,6,1,0,0,7,12,0,7,13,1,13,10,3,29,1,0
39714,1000000US170318313001021,12,2,4,0,0,0,6,6,0,6,10,0,5,5,0,22,0,0
39715,1000000US170318313001022,0,0,0,0,0,0,0,0,0,0,0,0,0,0,0,0,0,0
39716,1000000US170318313001023,2,0,2,0,0,0,0,2,0,0,2,0,3,1,2,2,0,0
39717,1000000US170318313001024,0,0,0,0,0,0,0,0,0,0,0,0,0,0,0,0,0,0
39718,1000000US170318313001025,0,0,0,0,0,0,0,0,0,0,0,0,0,0,0,0,0,0
39719,1000000US170318313001026,20,0,15,0,0,0,5,15,0,5,20,0,8,8,0,20,0,0
39720,1000000US170318313001027,33,3,18,0,12,0,0,33,0,0,30,0,14,14,0,50,0,0
39721,1000000US170318313001028,44,0,34,0,3,0,7,37,0,7,44,0,16,16,0,64,0,0
39722,1000000US170318313001029,50,3,34,0,0,0,13,37,0,13,47,0,23,20,3,72,0,0
39723,1000000US170318313001030,2,0,2,0,0,0,0,2,0,0,2,0,1,1,0,3,0,0
39724,1000000US170318313001031,13,0,10,0,0,0,3,10,0,3,13,0,7,7,0,19,0,0
39725,1000000US170318313001032,23,1,20,0,0,0,4,19,0,4,22,4,18,16,2,32,0,2
39726,1000000US170318313001033,57,1,46,3,0,0,13,44,0,13,56,0,24,24,0,78,3,3
39727,1000000US170318313001034,55,0,42,0,0,0,13,42,0,13,55,0,22,22,0,76,0,0
39728,1000000US170318313001035,0,0,0,0,0,0,0,0,0,0,0,0,0,0,0,0,0,0
39729,1000000US170318313001036,55,1,40,0,2,0,12,43,0,12,54,2,30,28,2,98,0,0
39730,1000000US170318313001037,66,0,53,0,2,0,13,53,0,13,66,2,28,26,2,85,0,0
39731,1000000US170318313001038,0,0,0,0,0,0,0,0,0,0,0,0,0,0,0,0,0,0
39732,1000000US170318313001039,4,2,0,0,0,0,2,2,0,2,2,0,2,2,0,4,0,0
39733,1000000US170318313001040,49,0,13,7,0,0,36,13,0,36,49,0,16,16,0,77,7,0
39734,1000000US170318313001041,35,1,21,0,0,0,13,22,0,13,34,0,17,16,1,64,0,0
39735,1000000US170318314001000,10,0,10,0,0,0,0,10,0,0,10,0,8,8,0,12,0,0
39736,1000000US170318314001001,44,0,44,1,0,0,0,44,0,0,44,1,17,16,1,62,1,0
39737,1000000US170318314001002,34,0,34,0,0,0,2,32,0,2,34,0,17,17,0,44,0,2
39738,1000000US170318314001003,0,0,0,0,0,0,0,0,0,0,0,0,0,0,0,0,0,0
39739,1000000US170318314001004,0,0,0,0,0,0,0,0,0,0,0,0,0,0,0,0,0,0
39740,1000000US170318314001005,0,0,0,0,0,0,0,0,0,0,0,0,0,0,0,0,0,0
39741,1000000US170318314001006,0,0,0,0,0,0,0,0,0,0,0,0,0,0,0,0,0,0
39742,1000000US170318314001007,0,0,0,0,0,0,0,0,0,0,0,0,0,0,0,0,0,0
39743,1000000US170318314001008,4,0,0,0,0,0,4,0,0,4,4,0,2,1,1,7,0,0
39744,1000000US170318314001009,0,0,0,0,0,0,0,0,0,0,0,0,0,0,0,0,0,0
39745,1000000US170318314001010,0,0,0,0,0,0,0,0,0,0,0,0,0,0,0,0,0,0
39746,1000000US170318314001011,0,0,0,0,0,0,0,0,0,0,0,0,0,0,0,0,0,0
39747,1000000US170318314001012,0,0,0,0,0,0,0,0,0,0,0,0,0,0,0,0,0,0
39748,1000000US170318314001013,0,0,0,0,0,0,0,0,0,0,0,0,0,0,0,0,0,0
39749,1000000US170318314001014,0,0,0,0,0,0,0,0,0,0,0,0,0,0,0,0,0,0
39750,1000000US170318314001015,0,0,0,0,0,0,0,0,0,0,0,0,0,0,0,0,0,0
39751,1000000US170318314001016,0,0,0,0,0,0,0,0,0,0,0,0,0,0,0,0,0,0
39752,1000000US170318314001017,0,0,0,0,0,0,0,0,0,0,0,0,0,0,0,0,0,0
39753,1000000US170318314001018,0,0,0,0,0,0,0,0,0,0,0,0,0,0,0,0,0,0
39754,1000000US170318314001019,0,0,0,0,0,0,0,0,0,0,0,0,0,0,0,0,0,0
39755,1000000US170318314001020,26,0,26,0,0,0,0,26,0,0,26,0,16,12,4,31,0,0
39756,1000000US170318314001021,0,0,0,0,0,0,0,0,0,0,0,0,0,0,0,0,0,0
39757,1000000US170318314001022,0,0,0,0,0,0,0,0,0,0,0,0,0,0,0,0,0,0
39758,1000000US170318314001023,0,0,0,0,0,0,0,0,0,0,0,0,0,0,0,0,0,0
39759,1000000US170318314001024,98,0,98,0,0,0,0,98,0,0,98,1,40,38,2,138,0,0
39760,1000000US170318314001025,74,3,68,0,1,0,2,72,0,2,71,2,35,34,1,98,0,0
39761,1000000US170318314001026,0,0,0,0,0,0,0,0,0,0,0,0,0,0,0,0,0,0
39762,1000000US170318314001027,0,0,0,0,0,0,0,0,0,0,0,0,0,0,0,0,0,0
39763,1000000US170318314001028,82,2,80,1,0,0,0,82,0,0,80,1,47,39,8,111,1,0
39764,1000000US170318314001029,0,0,0,0,0,0,0,0,0,0,0,0,0,0,0,0,0,0
39765,1000000US170318314001030,0,0,0,0,0,0,0,0,0,0,0,0,0,0,0,0,0,0
39766,1000000US170318314001031,24,0,24,1,0,0,1,23,0,1,24,1,16,15,1,34,1,1
39767,1000000US170318314001032,51,0,51,0,0,0,0,51,0,0,51,0,17,17,0,66,0,0
39768,1000000US170318314001033,0,0,0,0,0,0,0,0,0,0,0,0,0,0,0,0,0,0
39769,1000000US170318314001034,0,0,0,0,0,0,0,0,0,0,0,0,0,0,0,0,0,0
39770,1000000US170318314001035,21,0,19,1,0,0,1,20,0,1,21,0,14,11,3,32,1,0
39771,1000000US170318314001036,0,0,0,0,0,0,0,0,0,0,0,0,0,0,0,0,0,0
39772,1000000US170318314001037,0,0,0,0,0,0,0,0,0,0,0,0,0,0,0,0,0,0
39773,1000000US170318314001038,5,3,2,0,0,0,0,5,0,0,2,0,8,2,6,6,0,0
39774,1000000US170318314001039,0,0,0,0,0,0,0,0,0,0,0,0,0,0,0,0,0,0
39775,1000000US170318314001040,0,0,0,0,0,0,0,0,0,0,0,0,0,0,0,0,0,0
39776,1000000US170318314001041,0,0,0,0,0,0,0,0,0,0,0,0,0,0,0,0,0,0
39777,1000000US170318314001042,0,0,0,0,0,0,0,0,0,0,0,0,0,0,0,0,0,0
39778,1000000US170318314001043,60,1,59,0,0,0,1,59,0,1,59,0,26,26,0,70,0,1
39779,1000000US170318314001044,0,0,0,0,0,0,0,0,0,0,0,0,0,0,0,0,0,0
39780,1000000US170318314001045,0,0,0,0,0,0,0,0,0,0,0,0,0,0,0,0,0,0
39781,1000000US170318314001046,0,0,0,0,0,0,0,0,0,0,0,0,0,0,0,0,0,0
39782,1000000US170318314002000,0,0,0,0,0,0,0,0,0,0,0,0,0,0,0,0,0,0
39783,1000000US170318314002001,11,0,10,0,1,0,0,11,0,0,11,0,5,5,0,11,0,0
39784,1000000US170318314002002,0,0,0,0,0,0,0,0,0,0,0,0,0,0,0,0,0,0
39785,1000000US170318314002003,0,0,0,0,0,0,0,0,0,0,0,0,0,0,0,0,0,0
39786,1000000US170318314002004,0,0,0,0,0,0,0,0,0,0,0,0,0,0,0,0,0,0
39787,1000000US170318314002005,0,0,0,0,0,0,0,0,0,0,0,0,0,0,0,0,0,0
39788,1000000US170318314002006,35,3,32,0,0,0,0,35,0,0,32,0,20,20,0,44,0,0
39789,1000000US170318314002007,0,0,0,0,0,0,0,0,0,0,0,0,0,0,0,0,0,0
39790,1000000US170318314002008,14,0,12,0,2,0,0,14,0,0,14,2,1,0,1,17,0,0
39791,1000000US170318314002009,0,0,0,0,0,0,0,0,0,0,0,0,0,0,0,0,0,0
39792,1000000US170318314002010,0,0,0,0,0,0,0,0,0,0,0,0,0,0,0,0,0,0
39793,1000000US170318314002011,0,0,0,0,0,0,0,0,0,0,0,0,0,0,0,0,0,0
39794,1000000US170318314002012,60,0,60,0,0,1,0,60,0,0,60,1,33,27,6,77,0,0
39795,1000000US170318314002013,0,0,0,0,0,0,0,0,0,0,0,0,0,0,0,0,0,0
39796,1000000US170318314002014,0,0,0,0,0,0,0,0,0,0,0,0,0,0,0,0,0,0
39797,1000000US170318314002015,48,1,47,0,0,0,0,48,0,0,47,1,20,19,1,72,0,0
39798,1000000US170318314002016,2,0,2,0,0,0,0,2,0,0,2,0,3,2,1,4,0,0
39799,1000000US170318314002017,0,0,0,0,0,0,0,0,0,0,0,0,0,0,0,0,0,0
39800,1000000US170318314002018,0,0,0,0,0,0,0,0,0,0,0,0,0,0,0,0,0,0
39801,1000000US170318314002019,0,0,0,0,0,0,0,0,0,0,0,0,0,0,0,0,0,0
39802,1000000US170318314002020,0,0,0,0,0,0,0,0,0,0,0,0,0,0,0,0,0,0
39803,1000000US170318314002021,0,0,0,0,0,0,0,0,0,0,0,0,0,0,0,0,0,0
39804,1000000US170318314002022,0,0,0,0,0,0,0,0,0,0,0,0,0,0,0,0,0,0
39805,1000000US170318314002023,0,0,0,0,0,0,0,0,0,0,0,0,0,0,0,0,0,0
39806,1000000US170318314002024,0,0,0,0,0,0,0,0,0,0,0,0,0,0,0,0,0,0
39807,1000000US170318314002025,0,0,0,0,0,0,0,0,0,0,0,0,0,0,0,0,0,0
39808,1000000US170318314002026,27,8,8,0,0,0,11,16,0,11,19,0,12,11,1,42,0,0
39809,1000000US170318314002027,54,6,33,1,0,0,14,40,0,14,48,1,31,28,3,77,1,0
39810,1000000US170318314002028,0,0,0,0,0,0,0,0,0,0,0,0,0,0,0,0,0,0
39811,1000000US170318314002029,25,9,0,0,1,0,15,10,0,15,16,0,11,11,0,35,0,0
39812,1000000US170318314002030,19,7,6,0,0,1,6,13,0,6,12,1,10,10,0,28,0,0
39813,1000000US170318314002031,33,2,18,1,3,3,10,23,0,10,31,3,18,16,2,42,1,0
39814,1000000US170318314002032,26,2,8,1,0,0,18,8,0,18,24,0,10,10,0,35,1,2
39815,1000000US170318314002033,34,11,4,1,2,0,17,17,0,17,23,0,12,12,0,47,1,0
39816,1000000US170318314002034,36,8,14,0,1,0,13,23,0,13,28,0,19,19,0,52,0,0
39817,1000000US170318314002035,0,0,0,0,0,0,0,0,0,0,0,0,0,0,0,0,0,0
39818,1000000US170318314002036,0,0,0,0,0,0,0,0,0,0,0,0,0,0,0,0,0,0
39819,1000000US170318314002037,217,54,143,1,2,0,19,198,0,19,163,1,19,13,6,231,1,1
39820,1000000US170318314002038,100,9,78,0,5,0,8,92,0,8,91,2,63,59,4,135,0,0
39821,1000000US170318314002039,87,6,52,0,13,0,16,71,0,16,81,0,49,43,6,106,0,0
39822,1000000US170318314002040,53,12,16,2,9,0,17,36,0,17,41,0,34,31,3,67,2,1
39823,1000000US170318314002041,66,15,26,1,11,0,16,50,0,16,51,2,40,38,2,93,1,1
39824,1000000US170318314002042,53,14,33,1,0,0,6,47,0,6,39,1,27,27,0,74,1,0
39825,1000000US170318314002043,120,12,57,0,43,0,10,110,0,10,108,2,80,72,8,142,0,0
39826,1000000US170318314002044,28,5,11,0,0,1,12,16,0,12,23,0,18,16,2,43,0,0
39827,1000000US170318314002045,78,5,40,0,0,0,33,45,0,33,73,0,37,37,0,102,0,0
39828,1000000US170318314002046,46,0,41,0,0,0,5,41,0,5,46,0,29,21,8,68,0,0
39829,1000000US170318314002047,42,7,34,0,1,0,0,42,0,0,35,0,23,21,2,55,0,0
39830,1000000US170318314002048,45,10,30,0,0,0,6,39,0,6,35,0,29,25,4,52,0,1
39831,1000000US170318314002049,53,0,43,0,0,0,10,43,0,10,53,0,41,32,9,79,0,0
39832,1000000US170318314002050,43,6,14,1,0,0,22,21,0,22,37,0,29,27,2,85,1,0
39833,1000000US170318314002051,5,0,1,0,0,0,4,1,0,4,5,1,2,2,0,7,0,0
39834,1000000US170318314002052,65,11,27,0,0,0,27,38,0,27,54,6,39,32,7,90,0,0
39835,1000000US170318314002053,57,8,23,0,12,0,15,42,0,15,49,0,39,32,7,74,0,0
39836,1000000US170318314002054,46,8,28,0,2,0,8,38,0,8,38,0,30,24,6,58,0,0
39837,1000000US170318314002055,0,0,0,0,0,0,0,0,0,0,0,0,0,0,0,0,0,0
39838,1000000US170318314002056,0,0,0,0,0,0,0,0,0,0,0,0,0,0,0,0,0,0
39839,1000000US170318314002057,6,0,1,0,1,0,4,2,0,4,6,1,6,4,2,11,0,0
39840,1000000US170318314002058,0,0,0,0,0,0,0,0,0,0,0,0,0,0,0,0,0,0
39841,1000000US170318314002059,27,1,25,0,0,0,1,26,0,1,26,0,14,13,1,34,0,0
39842,1000000US170318314002060,47,13,32,0,2,0,1,46,0,1,34,0,27,25,2,64,0,1
39843,1000000US170318315001000,0,0,0,0,0,0,0,0,0,0,0,0,0,0,0,0,0,0
39844,1000000US170318315001001,7,7,0,0,0,0,0,7,0,0,0,0,2,2,0,16,0,0
39845,1000000US170318315001002,19,16,0,0,0,0,3,16,0,3,3,0,12,12,0,27,0,0
39846,1000000US170318315001003,36,30,0,0,2,0,4,32,0,4,6,0,17,17,0,42,0,0
39847,1000000US170318315001004,164,135,2,1,5,0,23,141,0,23,29,3,99,92,7,200,1,1
39848,1000000US170318315001005,28,25,0,0,1,0,2,26,0,2,3,0,17,17,0,28,0,0
39849,1000000US170318315001006,22,10,1,0,0,0,12,10,0,12,12,0,13,12,1,31,0,1
39850,1000000US170318315001007,69,44,4,3,0,0,21,48,0,21,25,5,28,28,0,85,3,0
39851,1000000US170318315001008,33,24,0,0,1,0,8,25,0,8,9,0,15,15,0,42,0,0
39852,1000000US170318315001009,31,24,1,0,0,0,7,24,0,7,7,2,13,13,0,43,0,1
39853,1000000US170318315001010,31,21,0,0,2,0,8,23,0,8,10,4,14,14,0,42,0,0
39854,1000000US170318315001011,51,16,0,0,5,0,30,21,0,30,35,0,21,18,3,84,0,0
39855,1000000US170318315001012,38,13,0,4,0,0,24,14,0,24,25,6,17,16,1,54,1,0
39856,1000000US170318315001013,36,20,0,0,5,0,11,25,0,11,16,2,13,12,1,38,0,0
39857,1000000US170318315001014,26,16,0,0,0,0,10,16,0,10,10,0,13,13,0,30,0,0
39858,1000000US170318315001015,36,24,1,3,1,1,10,26,0,10,12,2,21,20,1,41,3,1
39859,1000000US170318315001016,39,24,0,0,4,0,11,28,0,11,15,0,20,18,2,49,0,0
39860,1000000US170318315001017,41,19,0,0,2,0,20,21,0,20,22,0,18,16,2,49,0,0
39861,1000000US170318315001018,46,14,4,0,5,0,26,20,0,26,32,5,20,19,1,72,0,4
39862,1000000US170318315001019,63,21,0,1,12,0,31,32,0,31,42,0,24,23,1,93,1,0
39863,1000000US170318315001020,60,19,4,3,0,0,37,23,0,37,41,3,25,25,0,76,3,0
39864,1000000US170318315001021,49,16,2,1,4,0,26,23,0,26,33,0,21,19,2,75,1,0
39865,1000000US170318315001022,74,13,2,0,9,0,50,24,0,50,61,3,24,24,0,105,0,0
39866,1000000US170318315001023,52,15,1,0,7,0,30,22,0,30,37,0,20,19,1,79,0,0
39867,1000000US170318315001024,55,16,4,2,2,0,33,22,0,33,39,1,27,26,1,81,2,0
39868,1000000US170318315001025,65,19,2,0,5,0,40,25,0,40,46,8,24,22,2,98,0,1
39869,1000000US170318315001026,66,25,3,0,0,0,38,28,0,38,41,0,30,27,3,92,0,0
39870,1000000US170318315001027,42,6,0,1,0,0,34,8,0,34,36,0,18,16,2,58,1,0
39871,1000000US170318315001028,51,14,1,0,8,0,28,23,0,28,37,0,15,15,0,59,0,0
39872,1000000US170318315001029,38,14,3,0,0,0,21,17,0,21,24,0,14,14,0,63,0,0
39873,1000000US170318315001030,39,12,2,0,0,0,27,12,0,27,27,0,16,14,2,63,0,2
39874,1000000US170318315001031,37,14,5,0,0,0,21,16,0,21,23,2,17,15,2,57,0,3
39875,1000000US170318315001032,48,34,0,0,0,0,14,34,0,14,14,0,17,15,2,57,0,0
39876,1000000US170318315001033,37,12,0,0,0,0,25,12,0,25,25,1,12,12,0,49,0,0
39877,1000000US170318315001034,37,4,1,0,1,1,32,5,0,32,33,1,13,12,1,58,0,1
39878,1000000US170318315001035,61,15,0,2,0,0,46,15,0,46,46,0,19,19,0,83,2,0
39879,1000000US170318315001036,58,33,0,0,8,0,17,41,0,17,25,0,27,26,1,77,0,0
39880,1000000US170318315001037,258,137,28,0,24,0,79,179,0,79,121,4,162,145,17,308,0,10
39881,1000000US170318315001038,0,0,0,0,0,0,0,0,0,0,0,0,0,0,0,0,0,0
39882,1000000US170318315001039,29,15,0,0,3,0,11,18,0,11,14,0,15,15,0,37,0,0
39883,1000000US170318315001040,8,2,0,0,0,0,6,2,0,6,6,0,4,4,0,13,0,0
39884,1000000US170318315001041,32,13,7,0,1,0,14,18,0,14,19,5,12,12,0,51,0,3
39885,1000000US170318315001042,0,0,0,0,0,0,0,0,0,0,0,0,0,0,0,0,0,0
39886,1000000US170318315001043,0,0,0,0,0,0,0,0,0,0,0,0,0,0,0,0,0,0
39887,1000000US170318315001044,0,0,0,0,0,0,0,0,0,0,0,0,0,0,0,0,0,0
39888,1000000US170318315001045,0,0,0,0,0,0,0,0,0,0,0,0,0,0,0,0,0,0
39889,1000000US170318315001046,0,0,0,0,0,0,0,0,0,0,0,0,0,0,0,0,0,0
39890,1000000US170318315001047,0,0,0,0,0,0,0,0,0,0,0,0,0,0,0,0,0,0
39891,1000000US170318315002000,13,1,0,0,0,0,12,1,0,12,12,0,10,4,6,18,0,0
39892,1000000US170318315002001,22,2,8,0,0,0,13,9,0,13,20,1,10,10,0,35,0,1
39893,1000000US170318315002002,84,27,9,2,5,0,47,37,0,47,57,0,54,52,2,97,2,4
39894,1000000US170318315002003,25,2,1,0,0,0,23,2,0,23,23,0,6,6,0,33,0,1
39895,1000000US170318315002004,78,14,4,0,4,0,59,19,0,59,64,2,28,26,2,108,0,2
39896,1000000US170318315002005,54,8,7,0,5,0,35,19,0,35,46,1,24,24,0,82,0,1
39897,1000000US170318315002006,36,6,7,1,6,0,20,16,0,20,30,2,16,15,1,52,1,1
39898,1000000US170318315002007,107,9,14,3,15,1,69,38,0,69,98,2,52,46,6,156,3,0
39899,1000000US170318315002008,59,11,8,0,1,0,39,20,0,39,48,0,26,21,5,75,0,0
39900,1000000US170318315002009,41,5,9,4,0,0,27,14,0,27,36,4,10,10,0,55,0,0
39901,1000000US170318315002010,0,0,0,0,0,0,0,0,0,0,0,0,0,0,0,0,0,0
39902,1000000US170318315002011,83,11,17,3,0,0,55,28,0,55,72,3,34,32,2,110,0,0
39903,1000000US170318315002012,69,11,5,1,3,1,50,19,0,50,58,2,28,27,1,93,0,0
39904,1000000US170318315002013,99,3,3,5,11,0,82,17,0,82,96,7,27,27,0,155,5,0
39905,1000000US170318315002014,75,1,14,3,2,0,58,17,0,58,74,10,34,30,4,108,3,0
39906,1000000US170318315002015,58,8,6,0,9,0,35,23,0,35,50,1,24,24,0,89,0,0
39907,1000000US170318315002016,73,9,4,1,0,0,59,14,0,59,64,0,30,27,3,108,1,0
39908,1000000US170318316001000,0,0,0,0,0,0,0,0,0,0,0,0,0,0,0,0,0,0
39909,1000000US170318316001001,42,8,0,0,0,0,34,8,0,34,34,8,20,20,0,63,0,0
39910,1000000US170318316001002,78,13,0,1,4,0,60,18,0,60,65,10,29,25,4,132,0,0
39911,1000000US170318316001003,58,15,0,6,0,0,37,21,0,37,43,5,25,20,5,81,1,0
39912,1000000US170318316001004,72,10,9,0,0,0,56,16,0,56,62,7,38,34,4,98,0,3
39913,1000000US170318316001005,65,19,1,4,2,1,42,23,0,42,46,8,33,31,2,97,0,0
39914,1000000US170318316001006,46,19,0,0,0,0,27,19,0,27,27,0,22,20,2,68,0,0
39915,1000000US170318316001007,45,13,0,0,6,0,26,19,0,26,32,0,21,19,2,62,0,0
39916,1000000US170318316001008,43,10,0,1,0,0,33,10,0,33,33,3,22,21,1,69,0,0
39917,1000000US170318316001009,41,21,0,0,0,0,20,21,0,20,20,0,21,20,1,50,0,0
39918,1000000US170318316001010,71,16,0,1,3,1,52,19,0,52,55,2,31,31,0,107,1,0
39919,1000000US170318316001011,55,12,5,5,0,0,38,17,0,38,43,4,20,20,0,73,2,0
39920,1000000US170318316001012,70,11,6,0,4,0,53,17,0,53,59,0,24,24,0,101,0,0
39921,1000000US170318316001013,62,21,7,0,2,1,35,27,0,35,41,1,31,25,6,86,0,3
39922,1000000US170318316001014,52,18,0,0,0,0,34,18,0,34,34,0,20,18,2,71,0,0
39923,1000000US170318316001015,62,10,2,0,0,0,50,12,0,50,52,1,22,18,4,92,0,0
39924,1000000US170318316001016,67,9,0,0,4,0,54,13,0,54,58,0,23,21,2,105,0,0
39925,1000000US170318316001017,0,0,0,0,0,0,0,0,0,0,0,0,0,0,0,0,0,0
39926,1000000US170318316001018,0,0,0,0,0,0,0,0,0,0,0,0,0,0,0,0,0,0
39927,1000000US170318316002000,65,20,4,3,6,0,35,30,0,35,45,1,19,19,0,91,3,0
39928,1000000US170318316002001,51,17,1,0,0,0,31,20,0,31,34,0,24,19,5,76,0,1
39929,1000000US170318316002002,201,73,8,4,20,0,104,97,0,104,128,7,95,92,3,273,2,4
39930,1000000US170318316002003,103,25,9,5,1,2,67,36,0,67,78,5,47,45,2,148,4,0
39931,1000000US170318316002004,49,16,5,0,2,0,29,20,0,29,33,4,21,21,0,67,0,2
39932,1000000US170318316002005,66,10,0,0,0,4,56,10,0,56,56,9,23,21,2,93,0,0
39933,1000000US170318316002006,55,22,0,1,0,0,31,24,0,31,33,1,21,21,0,85,0,0
39934,1000000US170318316002007,65,20,1,0,0,0,40,25,0,40,45,0,25,24,1,95,0,0
39935,1000000US170318316002008,39,25,4,1,0,0,14,25,0,14,14,1,21,19,2,43,0,4
39936,1000000US170318316002009,71,16,3,0,6,0,46,25,0,46,55,0,41,34,7,93,0,0
39937,1000000US170318316002010,43,3,1,0,2,0,37,6,0,37,40,2,16,15,1,62,0,0
39938,1000000US170318316002011,43,5,0,0,5,0,33,10,0,33,38,5,19,18,1,62,0,0
39939,1000000US170318316002012,72,39,6,4,4,0,19,53,0,19,33,2,42,41,1,94,4,0
39940,1000000US170318316002013,0,0,0,0,0,0,0,0,0,0,0,0,0,0,0,0,0,0
39941,1000000US170318316003000,66,23,0,0,0,0,43,23,0,43,43,0,32,32,0,94,0,0
39942,1000000US170318316003001,66,13,0,2,4,0,53,13,0,53,53,7,26,25,1,88,2,0
39943,1000000US170318316003002,67,22,1,0,0,0,45,22,0,45,45,3,28,27,1,87,0,1
39944,1000000US170318316003003,58,14,1,0,4,0,40,18,0,40,44,1,23,22,1,83,0,1
39945,1000000US170318316003004,60,27,4,0,0,0,30,30,0,30,33,0,26,26,0,79,0,1
39946,1000000US170318316003005,54,24,0,0,0,0,30,24,0,30,30,0,24,22,2,76,0,0
39947,1000000US170318316003006,1,1,0,0,0,0,0,1,0,0,0,0,2,1,1,1,0,0
39948,1000000US170318316003007,0,0,0,0,0,0,0,0,0,0,0,0,0,0,0,0,0,0
39949,1000000US170318316003008,40,22,0,0,0,0,17,23,0,17,18,1,20,19,1,53,0,0
39950,1000000US170318316003009,40,23,0,1,0,0,16,24,0,16,17,1,19,19,0,53,0,0
39951,1000000US170318316003010,49,17,0,0,4,0,29,20,0,29,32,1,21,20,1,67,0,0
39952,1000000US170318316003011,84,39,7,0,0,0,39,45,0,39,45,0,40,37,3,108,0,1
39953,1000000US170318316003012,50,30,0,0,0,0,20,30,0,20,20,0,22,22,0,64,0,0
39954,1000000US170318316003013,41,19,0,0,0,0,22,19,0,22,22,0,20,20,0,61,0,0
39955,1000000US170318316003014,39,22,2,1,2,0,14,25,0,14,17,1,22,20,2,54,1,2
39956,1000000US170318316003015,1,1,0,0,0,0,0,1,0,0,0,0,1,1,0,1,0,0
39957,1000000US170318316003016,47,31,0,0,1,0,15,32,0,15,16,2,27,24,3,61,0,0
39958,1000000US170318316004000,0,0,0,0,0,0,0,0,0,0,0,0,0,0,0,0,0,0
39959,1000000US170318316004001,396,125,183,5,6,0,82,314,0,82,271,9,330,325,5,397,1,0
39960,1000000US170318316004002,0,0,0,0,0,0,0,0,0,0,0,0,0,0,0,0,0,0
39961,1000000US170318316004003,37,6,4,2,0,0,27,10,0,27,31,0,13,11,2,58,2,0
39962,1000000US170318316004004,32,10,5,0,1,0,16,16,0,16,22,0,12,12,0,40,0,0
39963,1000000US170318316004005,62,7,20,0,4,0,33,29,0,33,55,1,22,22,0,90,0,1
39964,1000000US170318316004006,40,2,23,0,0,0,15,25,0,15,38,0,12,12,0,69,0,0
39965,1000000US170318316004007,25,11,4,0,0,0,10,15,0,10,14,0,31,17,14,31,0,0
39966,1000000US170318316004008,13,8,0,0,0,0,5,8,0,5,5,0,7,7,0,18,0,0
39967,1000000US170318316004009,0,0,0,0,0,0,0,0,0,0,0,0,0,0,0,0,0,0
39968,1000000US170318316004010,0,0,0,0,0,0,0,0,0,0,0,0,0,0,0,0,0,0
39969,1000000US170318316004011,87,44,4,0,0,0,39,48,0,39,43,0,138,53,85,107,0,0
39970,1000000US170318316004012,18,18,0,0,0,0,0,18,0,0,0,0,12,12,0,18,0,0
39971,1000000US170318316004013,23,12,6,0,0,0,5,18,0,5,11,0,16,13,3,32,0,0
39972,1000000US170318316004014,0,0,0,0,0,0,0,0,0,0,0,0,0,0,0,0,0,0
39973,1000000US170318316004015,24,8,7,0,0,0,11,13,0,11,16,0,11,9,2,35,0,2
39974,1000000US170318316004016,16,1,3,0,0,0,12,4,0,12,15,0,8,8,0,25,0,0
39975,1000000US170318316004017,11,7,2,0,0,0,2,9,0,2,4,0,8,8,0,16,0,0
39976,1000000US170318316004018,22,11,0,4,0,0,8,14,0,8,11,1,7,7,0,27,3,0
39977,1000000US170318316004019,0,0,0,0,0,0,0,0,0,0,0,0,0,0,0,0,0,0
39978,1000000US170318316004020,17,10,0,0,0,0,7,10,0,7,7,0,7,6,1,17,0,0
39979,1000000US170318316004021,35,12,13,1,1,0,10,25,0,10,23,1,22,16,6,48,1,0
39980,1000000US170318316004022,32,5,0,0,1,0,26,6,0,26,27,2,7,7,0,47,0,0
39981,1000000US170318316004023,24,14,0,0,0,0,10,14,0,10,10,0,12,12,0,30,0,0
39982,1000000US170318316004024,15,8,3,0,0,0,6,9,0,6,7,2,14,8,6,23,0,2
39983,1000000US170318316004025,19,4,4,0,0,0,11,8,0,11,15,3,7,7,0,26,0,0
39984,1000000US170318316004026,22,3,5,0,4,0,11,11,0,11,19,1,14,14,0,26,0,1
39985,1000000US170318316004027,13,8,3,0,0,0,2,11,0,2,5,0,5,5,0,15,0,0
39986,1000000US170318316004028,27,15,5,0,0,0,7,20,0,7,12,1,11,10,1,31,0,0
39987,1000000US170318316004029,29,6,6,0,0,0,17,12,0,17,23,0,12,12,0,51,0,0
39988,1000000US170318316004030,25,12,2,0,2,0,10,15,0,10,13,0,12,12,0,39,0,1
39989,1000000US170318316004031,29,25,0,0,0,0,4,25,0,4,4,0,14,14,0,38,0,0
39990,1000000US170318316004032,54,36,3,0,3,0,12,42,0,12,18,0,28,27,1,69,0,0
39991,1000000US170318316004033,29,12,5,0,0,0,12,17,0,12,17,0,20,19,1,32,0,0
39992,1000000US170318316004034,0,0,0,0,0,0,0,0,0,0,0,0,0,0,0,0,0,0
39993,1000000US170318316004035,0,0,0,0,0,0,0,0,0,0,0,0,0,0,0,0,0,0
39994,1000000US170318316005000,58,3,0,0,7,0,48,10,0,48,55,0,22,20,2,84,0,0
39995,1000000US170318316005001,60,12,8,0,3,0,35,25,0,35,48,0,19,19,0,84,0,0
39996,1000000US170318316005002,61,15,3,0,5,0,41,20,0,41,46,3,24,24,0,77,0,3
39997,1000000US170318316005003,82,15,3,0,0,0,65,17,0,65,67,1,31,30,1,118,0,1
39998,1000000US170318316005004,64,19,5,0,0,0,41,23,0,41,45,2,28,27,1,81,0,1
39999,1000000US170318316005005,73,8,0,0,3,0,62,11,0,62,65,3,27,24,3,112,0,0
40000,1000000US170318316005006,62,28,5,1,2,0,32,30,0,32,34,1,33,30,3,89,0,5
40001,1000000US170318316005007,50,14,0,0,2,0,34,16,0,34,36,0,22,21,1,70,0,0
40002,1000000US170318316005008,28,8,0,0,0,0,20,8,0,20,20,0,14,14,0,41,0,0
40003,1000000US170318316005009,57,17,1,0,0,0,40,17,0,40,40,0,19,18,1,100,0,1
40004,1000000US170318316005010,51,9,6,3,0,0,41,10,0,41,42,3,24,22,2,84,3,5
40005,1000000US170318316005011,49,19,0,0,0,0,30,19,0,30,30,0,21,21,0,61,0,0
40006,1000000US170318316005012,44,7,6,0,7,0,25,19,0,25,37,1,33,25,8,64,0,1
40007,1000000US170318316005013,62,14,3,2,0,0,44,18,0,44,48,1,22,22,0,105,1,0
40008,1000000US170318316005014,49,6,0,0,3,0,40,9,0,40,43,0,17,17,0,75,0,0
40009,1000000US170318316005015,44,13,0,0,0,0,31,13,0,31,31,2,18,18,0,62,0,0
40010,1000000US170318316005016,0,0,0,0,0,0,0,0,0,0,0,0,0,0,0,0,0,0
40011,1000000US170318316005017,0,0,0,0,0,0,0,0,0,0,0,0,0,0,0,0,0,0
40012,1000000US170318316005018,0,0,0,0,0,0,0,0,0,0,0,0,0,0,0,0,0,0
40013,1000000US170318316005019,3,2,0,0,1,0,0,3,0,0,1,0,3,2,1,3,0,0
40014,1000000US170318316006000,77,20,5,1,1,0,51,26,0,51,57,2,43,40,3,121,1,0
40015,1000000US170318316006001,55,31,2,0,2,0,20,35,0,20,24,0,20,20,0,70,0,0
40016,1000000US170318316006002,63,3,4,0,0,0,60,3,0,60,60,7,24,21,3,97,0,4
40017,1000000US170318316006003,62,18,0,0,0,0,44,18,0,44,44,1,25,24,1,83,0,0
40018,1000000US170318316006004,73,17,3,2,0,0,51,22,0,51,56,1,34,32,2,103,2,0
40019,1000000US170318316006005,55,23,7,0,0,0,25,30,0,25,32,0,30,27,3,72,0,0
40020,1000000US170318316006006,6,2,0,0,0,0,4,2,0,4,4,0,4,3,1,7,0,0
40021,1000000US170318316006007,0,0,0,0,0,0,0,0,0,0,0,0,0,0,0,0,0,0
40022,1000000US170318316006008,0,0,0,0,0,0,0,0,0,0,0,0,0,0,0,0,0,0
40023,1000000US170318316006009,31,14,4,3,4,0,10,21,0,10,17,4,11,11,0,36,3,1
40024,1000000US170318316006010,96,42,2,2,2,0,51,45,0,51,54,0,54,51,3,122,2,1
40025,1000000US170318316006011,70,35,6,0,0,0,32,38,0,32,35,0,39,37,2,93,0,3
40026,1000000US170318316006012,0,0,0,0,0,0,0,0,0,0,0,0,0,0,0,0,0,0
40027,1000000US170318316006013,3,1,1,0,0,0,2,1,0,2,2,0,3,2,1,6,0,1
40028,1000000US170318316006014,21,7,6,0,2,0,6,15,0,6,14,1,14,11,3,28,0,0
40029,1000000US170318317001000,0,0,0,0,0,0,0,0,0,0,0,0,0,0,0,0,0,0
40030,1000000US170318317001001,0,0,0,0,0,0,0,0,0,0,0,0,0,0,0,0,0,0
40031,1000000US170318317001002,8,6,0,0,0,0,2,6,0,2,2,0,9,7,2,15,0,0
40032,1000000US170318317001003,6,5,0,0,1,0,0,6,0,0,1,1,4,3,1,7,0,0
40033,1000000US170318317001004,24,11,0,2,0,0,13,11,0,13,13,1,9,9,0,29,2,0
40034,1000000US170318317001005,21,9,4,0,3,0,5,16,0,5,12,5,8,8,0,23,0,0
40035,1000000US170318317001006,0,0,0,0,0,0,0,0,0,0,0,0,0,0,0,0,0,0
40036,1000000US170318317001007,7,6,1,0,0,0,0,7,0,0,1,0,3,3,0,8,0,0
40037,1000000US170318317001008,12,7,0,0,1,0,5,7,0,5,5,1,8,6,2,15,0,0
40038,1000000US170318317001009,21,12,0,0,0,0,9,12,0,9,9,0,14,13,1,27,0,0
40039,1000000US170318317001010,23,14,0,0,1,0,8,15,0,8,9,1,12,12,0,26,0,0
40040,1000000US170318317001011,8,3,0,0,5,0,0,8,0,0,5,0,2,2,0,8,0,0
40041,1000000US170318317001012,23,7,1,0,9,0,6,17,0,6,16,0,10,10,0,25,0,0
40042,1000000US170318317001013,0,0,0,0,0,0,0,0,0,0,0,0,0,0,0,0,0,0
40043,1000000US170318317001014,0,0,0,0,0,0,0,0,0,0,0,0,0,0,0,0,0,0
40044,1000000US170318317001015,0,0,0,0,0,0,0,0,0,0,0,0,0,0,0,0,0,0
40045,1000000US170318317001016,20,8,0,0,4,0,8,12,0,8,12,2,9,9,0,23,0,0
40046,1000000US170318317001017,42,12,0,1,5,0,24,18,0,24,30,0,17,16,1,52,1,0
40047,1000000US170318317001018,33,18,0,0,3,0,12,21,0,12,15,0,13,13,0,38,0,0
40048,1000000US170318317001019,0,0,0,0,0,0,0,0,0,0,0,0,0,0,0,0,0,0
40049,1000000US170318317001020,0,0,0,0,0,0,0,0,0,0,0,0,0,0,0,0,0,0
40050,1000000US170318317001021,0,0,0,0,0,0,0,0,0,0,0,0,0,0,0,0,0,0
40051,1000000US170318317001022,0,0,0,0,0,0,0,0,0,0,0,0,0,0,0,0,0,0
40052,1000000US170318317001023,19,9,2,0,0,0,8,11,0,8,10,0,13,11,2,24,0,0
40053,1000000US170318317001024,33,20,2,0,2,0,10,23,0,10,13,1,15,14,1,40,0,0
40054,1000000US170318317001025,28,18,0,0,3,0,7,21,0,7,10,0,15,14,1,34,0,0
40055,1000000US170318317001026,0,0,0,0,0,0,0,0,0,0,0,0,0,0,0,0,0,0
40056,1000000US170318317001027,0,0,0,0,0,0,0,0,0,0,0,0,0,0,0,0,0,0
40057,1000000US170318317001028,46,24,4,0,3,0,14,32,0,14,22,3,25,25,0,56,0,0
40058,1000000US170318317001029,5,3,0,0,1,0,1,4,0,1,2,0,3,3,0,6,0,0
40059,1000000US170318317001030,0,0,0,0,0,0,0,0,0,0,0,0,0,0,0,0,0,0
40060,1000000US170318317001031,45,18,0,0,1,0,26,19,0,26,27,0,22,19,3,56,0,0
40061,1000000US170318317001032,0,0,0,0,0,0,0,0,0,0,0,0,0,0,0,0,0,0
40062,1000000US170318317001033,44,24,0,0,0,0,20,24,0,20,20,2,23,21,2,56,0,0
40063,1000000US170318317001034,41,21,1,0,2,0,17,24,0,17,20,2,17,17,0,56,0,0
40064,1000000US170318317001035,61,26,0,12,1,0,25,36,0,25,35,11,26,25,1,81,3,0
40065,1000000US170318317001036,52,8,0,4,4,0,40,12,0,40,44,1,22,21,1,68,4,0
40066,1000000US170318317001037,18,3,0,0,0,0,15,3,0,15,15,11,13,9,4,24,0,0
40067,1000000US170318317001038,31,12,2,1,0,0,14,17,0,14,19,4,15,15,0,32,1,0
40068,1000000US170318317001039,54,22,3,0,3,0,26,28,0,26,32,2,28,25,3,67,0,0
40069,1000000US170318317001040,45,21,0,0,2,0,22,23,0,22,24,2,21,19,2,60,0,0
40070,1000000US170318317001041,55,29,2,0,1,0,23,32,0,23,26,4,30,27,3,78,0,0
40071,1000000US170318317001042,42,26,0,0,0,0,16,26,0,16,16,0,20,20,0,46,0,0
40072,1000000US170318317001043,62,32,0,0,0,0,30,32,0,30,30,0,24,24,0,83,0,0
40073,1000000US170318317001044,73,33,1,0,2,0,35,38,0,35,40,1,28,27,1,101,0,1
40074,1000000US170318317001045,80,16,1,0,0,0,63,17,0,63,64,6,38,36,2,112,0,0
40075,1000000US170318317001046,44,25,0,0,5,0,14,30,0,14,19,0,19,17,2,62,0,0
40076,1000000US170318317001047,37,17,3,0,4,0,15,22,0,15,20,2,21,19,2,54,0,2
40077,1000000US170318317001048,37,17,1,1,2,0,16,21,0,16,20,2,23,20,3,47,0,0
40078,1000000US170318317001049,60,21,0,0,6,0,32,28,0,32,39,0,22,19,3,79,0,0
40079,1000000US170318317001050,21,8,3,3,2,0,11,10,0,11,13,4,10,9,1,26,2,3
40080,1000000US170318317001051,15,3,0,0,0,0,12,3,0,12,12,0,8,6,2,24,0,0
40081,1000000US170318317001052,58,26,0,2,4,0,28,30,0,28,32,3,31,29,2,81,2,0
40082,1000000US170318317001053,65,16,2,0,11,0,37,28,0,37,49,2,27,27,0,86,0,0
40083,1000000US170318317001054,70,12,0,0,3,0,57,13,0,57,58,6,33,29,4,113,0,0
40084,1000000US170318317001055,0,0,0,0,0,0,0,0,0,0,0,0,0,0,0,0,0,0
40085,1000000US170318317001056,98,39,11,0,0,0,50,48,0,50,59,0,71,61,10,127,0,2
40086,1000000US170318317001057,0,0,0,0,0,0,0,0,0,0,0,0,0,0,0,0,0,0
40087,1000000US170318318001000,54,19,5,0,22,0,9,45,0,9,35,4,51,30,21,72,0,0
40088,1000000US170318318001001,68,34,14,0,7,0,14,54,0,14,34,2,35,31,4,85,0,1
40089,1000000US170318318001002,65,43,3,3,6,0,12,53,0,12,22,4,28,28,0,74,2,0
40090,1000000US170318318001003,51,34,6,0,3,0,8,43,0,8,17,1,30,27,3,68,0,0
40091,1000000US170318318001004,50,25,5,2,12,0,10,40,0,10,25,2,24,23,1,72,0,0
40092,1000000US170318318001005,61,31,0,0,22,0,8,53,0,8,30,5,27,23,4,79,0,0
40093,1000000US170318318001006,76,29,4,0,11,0,34,42,0,34,47,0,37,34,3,105,0,0
40094,1000000US170318318001007,82,34,10,0,14,0,24,58,0,24,48,2,39,39,0,106,0,0
40095,1000000US170318318001008,90,39,4,0,19,0,28,62,0,28,51,2,50,46,4,108,0,0
40096,1000000US170318318001009,33,26,0,1,5,0,2,31,0,2,7,2,16,16,0,46,1,0
40097,1000000US170318318001010,38,32,0,0,0,0,6,32,0,6,6,0,20,20,0,44,0,0
40098,1000000US170318318001011,36,28,3,0,2,0,3,33,0,3,8,2,19,19,0,58,0,0
40099,1000000US170318318002000,37,14,5,0,14,0,4,33,0,4,23,0,17,16,1,46,0,0
40100,1000000US170318318002001,49,19,6,8,9,0,7,42,0,7,30,1,26,23,3,61,8,0
40101,1000000US170318318002002,46,30,0,7,7,0,3,43,0,3,16,3,19,19,0,53,7,0
40102,1000000US170318318002003,63,22,1,0,10,0,30,33,0,30,41,4,30,28,2,84,0,0
40103,1000000US170318318002004,36,24,1,0,4,0,7,29,0,7,12,1,20,18,2,51,0,0
40104,1000000US170318318002005,83,50,6,0,10,0,17,66,0,17,33,2,39,34,5,108,0,0
40105,1000000US170318318002006,38,17,5,2,8,0,7,31,0,7,21,2,12,12,0,47,2,0
40106,1000000US170318318002007,50,15,1,3,16,0,17,33,0,17,35,1,18,17,1,55,3,0
40107,1000000US170318318002008,53,17,6,0,21,2,12,41,0,12,36,2,19,18,1,62,0,3
40108,1000000US170318318002009,28,15,0,0,12,0,1,27,0,1,13,0,15,14,1,29,0,0
40109,1000000US170318318002010,45,26,1,1,13,1,6,39,0,6,19,2,23,21,2,55,0,1
40110,1000000US170318318002011,34,23,0,0,8,0,1,33,0,1,11,0,15,14,1,46,0,0
40111,1000000US170318318002012,30,16,9,0,2,0,4,26,0,4,14,3,13,13,0,41,0,0
40112,1000000US170318318002013,92,39,20,0,3,0,34,58,0,34,53,4,56,51,5,112,0,4
40113,1000000US170318318002014,0,0,0,0,0,0,0,0,0,0,0,0,1,0,1,0,0,0
40114,1000000US170318318002015,33,24,3,0,1,0,5,28,0,5,9,0,17,15,2,33,0,0
40115,1000000US170318318002016,20,15,0,0,5,0,0,20,0,0,5,0,11,10,1,21,0,0
40116,1000000US170318318002017,0,0,0,0,0,0,0,0,0,0,0,0,0,0,0,0,0,0
40117,1000000US170318318003000,37,11,0,0,26,0,0,37,0,0,26,0,23,16,7,46,0,0
40118,1000000US170318318003001,96,29,3,6,30,0,31,65,0,31,67,8,45,41,4,124,6,0
40119,1000000US170318318003002,106,35,4,0,39,0,28,78,0,28,71,5,56,51,5,147,0,0
40120,1000000US170318318003003,92,39,10,0,33,0,10,82,0,10,53,1,40,38,2,121,0,0
40121,1000000US170318318003004,106,57,0,1,13,0,35,71,0,35,49,4,46,43,3,155,0,0
40122,1000000US170318318003005,82,46,1,0,23,0,13,69,0,13,36,2,36,33,3,95,0,0
40123,1000000US170318318003006,79,31,3,2,31,2,16,63,0,16,48,7,44,40,4,110,2,2
40124,1000000US170318318003007,127,49,3,2,56,3,19,108,0,19,78,6,50,48,2,172,2,0
40125,1000000US170318318003008,123,36,5,0,43,2,40,83,0,40,87,9,75,60,15,175,0,2
40126,1000000US170318318003009,47,25,0,0,9,3,9,38,0,9,22,3,19,19,0,61,0,0
40127,1000000US170318318003010,39,29,0,0,3,3,4,35,0,4,10,3,17,16,1,53,0,0
40128,1000000US170318318003011,42,30,0,0,5,0,7,35,0,7,12,0,24,23,1,50,0,0
40129,1000000US170318318004000,1,0,1,0,0,0,0,1,0,0,1,0,1,1,0,1,0,0
40130,1000000US170318318004001,96,77,5,2,6,0,9,87,0,9,19,4,3,3,0,96,1,1
40131,1000000US170318318004002,2,2,0,0,0,0,0,2,0,0,0,0,0,0,0,2,0,0
40132,1000000US170318318004003,14,11,1,0,2,0,0,14,0,0,3,1,0,0,0,14,0,0
40133,1000000US170318318004004,95,52,8,1,32,0,3,92,0,3,43,4,56,54,2,110,1,1
40134,1000000US170318318004005,40,25,0,0,6,0,8,32,0,8,15,1,20,20,0,57,0,0
40135,1000000US170318318004006,61,60,1,0,1,0,1,60,0,1,1,1,1,1,0,105,0,1
40136,1000000US170318318004007,89,36,4,1,34,0,14,75,0,14,53,8,58,55,3,97,1,0
40137,1000000US170318318004008,67,50,1,0,16,0,0,67,0,0,17,0,49,37,12,98,0,0
40138,1000000US170318318004009,89,72,7,0,7,0,3,86,0,3,17,3,15,15,0,90,0,0
40139,1000000US170318318004010,0,0,0,0,0,0,0,0,0,0,0,0,0,0,0,0,0,0
40140,1000000US170318318004011,263,64,17,5,71,4,108,155,0,108,199,13,117,101,16,358,4,0
40141,1000000US170318318004012,106,55,2,0,32,0,18,88,0,18,51,2,54,49,5,127,0,0
40142,1000000US170318318004013,63,40,1,2,16,0,6,57,0,6,23,4,29,29,0,86,2,0
40143,1000000US170318318004014,63,42,1,1,4,0,15,48,0,15,21,2,32,29,3,70,1,0
40144,1000000US170318318004015,60,29,0,0,25,0,6,54,0,6,31,4,22,22,0,73,0,0
40145,1000000US170318318005000,0,0,0,0,0,0,0,0,0,0,0,0,0,0,0,0,0,0
40146,1000000US170318318005001,46,5,12,0,9,0,21,25,0,21,41,1,30,27,3,48,0,1
40147,1000000US170318318005002,21,6,0,0,12,0,3,18,0,3,15,0,10,10,0,31,0,0
40148,1000000US170318318005003,34,7,8,1,11,0,7,27,0,7,27,1,18,18,0,53,1,0
40149,1000000US170318318005004,30,4,7,0,0,0,19,11,0,19,26,0,17,15,2,40,0,0
40150,1000000US170318318005005,0,0,0,0,0,0,0,0,0,0,0,0,0,0,0,0,0,0
40151,1000000US170318318005006,27,12,2,0,10,0,3,24,0,3,15,0,12,10,2,33,0,0
40152,1000000US170318318005007,54,27,1,0,15,0,11,43,0,11,27,0,36,34,2,59,0,0
40153,1000000US170318318005008,72,32,2,0,22,0,14,58,0,14,40,1,35,31,4,95,0,1
40154,1000000US170318318005009,92,37,3,0,36,0,16,76,0,16,55,0,51,43,8,111,0,0
40155,1000000US170318318005010,102,24,2,0,35,0,42,60,0,42,78,3,52,48,4,139,0,0
40156,1000000US170318318005011,76,11,0,0,32,0,31,45,0,31,65,1,36,32,4,104,0,0
40157,1000000US170318318005012,85,28,4,0,28,0,25,60,0,25,57,0,41,36,5,117,0,0
40158,1000000US170318318005013,40,21,0,0,10,0,9,31,0,9,19,2,21,21,0,52,0,0
40159,1000000US170318318005014,36,20,0,0,12,0,4,32,0,4,16,0,16,16,0,46,0,0
40160,1000000US170318318005015,0,0,0,0,0,0,0,0,0,0,0,0,0,0,0,0,0,0
40161,1000000US170318318005016,0,0,0,0,0,0,0,0,0,0,0,0,0,0,0,0,0,0
40162,1000000US170318318005017,4,4,0,0,0,0,0,4,0,0,0,0,3,2,1,5,0,0
40163,1000000US170318318005018,21,5,2,0,8,0,6,15,0,6,16,1,10,10,0,26,0,0
40164,1000000US170318318005019,0,0,0,0,0,0,0,0,0,0,0,0,0,0,0,0,0,0
40165,1000000US170318318005020,119,35,1,4,63,4,16,103,0,16,84,20,68,60,8,189,3,0
40166,1000000US170318318005021,44,21,0,0,20,0,3,41,0,3,23,0,19,19,0,63,0,0
40167,1000000US170318318005022,146,79,0,0,51,0,16,130,0,16,67,6,61,57,4,180,0,0
40168,1000000US170318318005023,87,23,4,0,27,0,33,54,0,33,64,0,38,37,1,127,0,1
40169,1000000US170318318005024,31,28,0,0,3,0,0,31,0,0,3,0,12,12,0,48,0,0
40170,1000000US170318318005025,10,8,0,0,2,0,0,10,0,0,2,0,4,4,0,17,0,0
40171,1000000US170318318005026,16,5,1,0,6,0,2,14,0,2,11,0,15,10,5,19,0,0
40172,1000000US170318318005027,3,3,0,0,0,0,0,3,0,0,0,0,2,2,0,5,0,0
40173,1000000US170318318005028,13,7,0,0,0,0,6,7,0,6,6,0,5,5,0,17,0,0
40174,1000000US170318318005029,0,0,0,0,0,0,0,0,0,0,0,0,0,0,0,0,0,0
40175,1000000US170318318005030,48,21,1,1,10,0,15,33,0,15,27,5,33,31,2,56,0,0
40176,1000000US170318318005031,20,11,2,0,0,0,7,13,0,7,9,0,10,9,1,25,0,0
40177,1000000US170318318005032,69,33,11,0,13,0,12,57,0,12,36,1,54,47,7,81,0,0
40178,1000000US170318318005033,0,0,0,0,0,0,0,0,0,0,0,0,0,0,0,0,0,0
40179,1000000US170318318005034,19,9,4,0,0,0,6,13,0,6,10,0,13,12,1,22,0,0
40180,1000000US170318319001000,84,75,0,0,4,0,5,79,0,5,9,2,63,59,4,92,0,0
40181,1000000US170318319001001,49,47,0,0,0,0,2,47,0,2,2,0,33,30,3,49,0,0
40182,1000000US170318319001002,53,49,2,1,1,0,1,52,0,1,4,2,29,28,1,58,1,0
40183,1000000US170318319001003,42,33,0,0,2,0,7,35,0,7,9,1,30,23,7,44,0,0
40184,1000000US170318319001004,35,30,2,0,0,0,3,32,0,3,5,0,20,20,0,37,0,0
40185,1000000US170318319001005,49,43,2,0,4,0,0,49,0,0,6,1,28,28,0,53,0,0
40186,1000000US170318319001006,94,89,0,0,1,0,5,89,0,5,5,0,53,50,3,102,0,0
40187,1000000US170318319001007,44,41,0,0,2,0,1,43,0,1,3,0,25,21,4,51,0,0
40188,1000000US170318319001008,57,56,1,0,0,0,0,57,0,0,1,1,34,34,0,65,0,0
40189,1000000US170318319001009,50,49,0,0,0,0,1,49,0,1,1,0,31,31,0,61,0,0
40190,1000000US170318319001010,34,33,0,0,0,0,1,33,0,1,1,0,16,16,0,49,0,0
40191,1000000US170318319001011,44,43,0,0,0,0,1,43,0,1,1,0,23,23,0,55,0,0
40192,1000000US170318319001012,96,84,0,1,6,0,5,91,0,5,12,2,57,54,3,106,0,0
40193,1000000US170318319001013,75,70,2,0,2,0,1,74,0,1,5,0,42,42,0,79,0,0
40194,1000000US170318319001014,79,62,1,1,3,0,13,66,0,13,17,1,57,45,12,94,0,1
40195,1000000US170318319001015,80,73,1,0,5,0,1,79,0,1,7,0,36,34,2,95,0,0
40196,1000000US170318319001016,116,100,3,0,5,0,8,108,0,8,16,1,68,64,4,132,0,0
40197,1000000US170318319001017,0,0,0,0,0,0,0,0,0,0,0,0,0,0,0,0,0,0
40198,1000000US170318319001018,112,98,2,0,5,0,7,105,0,7,14,2,77,69,8,125,0,0
40199,1000000US170318319001019,82,75,0,0,4,0,3,79,0,3,7,3,54,53,1,96,0,0
40200,1000000US170318319002000,77,53,2,5,4,0,14,63,0,14,24,4,40,37,3,78,3,0
40201,1000000US170318319002001,65,55,4,0,2,0,4,61,0,4,10,1,40,37,3,77,0,0
40202,1000000US170318319002002,74,64,0,0,4,0,8,66,0,8,10,2,45,43,2,81,0,0
40203,1000000US170318319002003,2,1,0,0,0,0,1,1,0,1,1,0,0,0,0,2,0,0
40204,1000000US170318319002004,17,14,0,0,0,0,3,14,0,3,3,0,13,10,3,18,0,0
40205,1000000US170318319002005,29,28,0,0,0,0,1,28,0,1,1,0,20,16,4,34,0,0
40206,1000000US170318319002006,37,34,0,0,2,0,1,36,0,1,3,0,22,18,4,40,0,0
40207,1000000US170318319002007,11,10,0,0,0,0,1,10,0,1,1,0,6,6,0,13,0,0
40208,1000000US170318319002008,27,26,0,0,0,0,1,26,0,1,1,0,13,12,1,34,0,0
40209,1000000US170318319002009,8,7,0,0,0,0,1,7,0,1,1,0,4,4,0,10,0,0
40210,1000000US170318319002010,47,43,1,0,0,0,3,44,0,3,4,0,31,28,3,50,0,0
40211,1000000US170318319002011,75,60,3,0,3,0,9,66,0,9,15,0,42,41,1,79,0,0
40212,1000000US170318319002012,19,18,0,0,0,0,1,18,0,1,1,0,10,10,0,28,0,0
40213,1000000US170318319002013,49,43,2,0,3,0,1,48,0,1,6,0,38,38,0,50,0,0
40214,1000000US170318319002014,0,0,0,0,0,0,0,0,0,0,0,0,0,0,0,0,0,0
40215,1000000US170318319002015,14,11,0,0,1,0,2,12,0,2,3,1,8,7,1,18,0,0
40216,1000000US170318319002016,48,37,0,0,1,0,10,38,0,10,11,0,27,25,2,57,0,0
40217,1000000US170318319002017,13,11,0,0,1,0,1,12,0,1,2,0,8,8,0,15,0,0
40218,1000000US170318319002018,67,51,5,0,1,0,10,57,0,10,16,2,40,34,6,71,0,0
40219,1000000US170318319002019,147,122,4,0,5,0,16,131,0,16,25,5,113,107,6,153,0,0
40220,1000000US170318319002020,119,109,1,0,6,0,3,116,0,3,10,0,77,75,2,125,0,0
40221,1000000US170318319002021,38,30,2,0,1,0,6,32,0,6,8,1,25,22,3,51,0,1
40222,1000000US170318319002022,101,85,1,1,5,1,9,92,0,9,16,3,99,56,43,107,0,0
40223,1000000US170318319002023,0,0,0,0,0,0,0,0,0,0,0,0,0,0,0,0,0,0
40224,1000000US170318319002024,62,52,0,0,2,0,8,54,0,8,10,0,33,32,1,83,0,0
40225,1000000US170318320001000,74,59,5,1,5,0,5,69,0,5,15,3,43,42,1,74,0,1
40226,1000000US170318320001001,200,163,9,3,13,1,12,188,0,12,37,8,112,105,7,212,0,0
40227,1000000US170318320001002,167,126,8,2,13,1,20,147,0,20,41,4,88,79,9,184,0,0
40228,1000000US170318320001003,136,128,2,1,3,0,2,134,0,2,8,1,87,77,10,155,0,0
40229,1000000US170318320001004,157,126,3,0,15,0,13,144,0,13,31,0,105,101,4,173,0,0
40230,1000000US170318320001005,185,168,3,0,8,0,6,179,0,6,17,5,100,95,5,198,0,0
40231,1000000US170318320001006,118,82,6,0,8,1,22,96,0,22,36,2,82,69,13,119,0,0
40232,1000000US170318320001007,102,87,0,0,9,0,7,95,0,7,15,2,56,51,5,107,0,0
40233,1000000US170318320001008,58,50,0,0,4,1,4,54,0,4,8,1,34,28,6,62,0,0
40234,1000000US170318320001009,2,0,0,0,1,0,1,1,0,1,2,0,3,2,1,2,0,0
40235,1000000US170318320001010,15,15,0,0,0,0,0,15,0,0,0,0,10,7,3,17,0,0
40236,1000000US170318320001011,13,10,1,0,1,0,1,12,0,1,3,1,9,8,1,13,0,0
40237,1000000US170318320001012,1,1,0,0,0,0,0,1,0,0,0,0,1,1,0,1,0,0
40238,1000000US170318320001013,0,0,0,0,0,0,0,0,0,0,0,0,0,0,0,0,0,0
40239,1000000US170318320001014,90,77,2,1,6,0,5,85,0,5,13,3,50,47,3,95,0,0
40240,1000000US170318320001015,24,13,1,0,0,0,10,14,0,10,11,0,11,11,0,25,0,0
40241,1000000US170318320001016,125,111,4,0,3,0,7,118,0,7,14,0,74,72,2,130,0,0
40242,1000000US170318320001017,22,22,0,0,0,0,0,22,0,0,0,0,13,12,1,26,0,0
40243,1000000US170318320001018,123,101,3,4,14,0,5,118,0,5,22,4,86,84,2,136,4,0
40244,1000000US170318320001019,64,54,0,0,5,0,5,59,0,5,10,3,44,38,6,69,0,0
40245,1000000US170318320001020,0,0,0,0,0,0,0,0,0,0,0,0,0,0,0,0,0,0
40246,1000000US170318321001000,238,99,81,3,5,0,55,183,0,55,139,4,213,201,12,249,3,4
40247,1000000US170318321001001,30,20,2,0,7,0,1,29,0,1,10,1,18,13,5,32,0,0
40248,1000000US170318321001002,87,71,2,0,4,0,10,77,0,10,16,3,60,55,5,91,0,0
40249,1000000US170318321001003,32,23,5,0,0,0,6,26,0,6,9,0,20,16,4,33,0,2
40250,1000000US170318321001004,86,76,3,0,2,1,5,81,0,5,10,3,50,46,4,89,0,0
40251,1000000US170318321001005,160,114,14,0,13,2,17,143,0,17,46,2,131,130,1,161,0,1
40252,1000000US170318321001006,77,73,0,0,1,0,3,74,0,3,4,3,52,44,8,86,0,0
40253,1000000US170318321001007,145,128,2,1,4,0,11,134,0,11,17,1,100,97,3,148,1,0
40254,1000000US170318321001008,4,4,0,0,0,0,0,4,0,0,0,0,7,2,5,4,0,0
40255,1000000US170318321001009,621,205,313,7,46,2,61,560,0,61,416,12,429,395,34,804,6,3
40256,1000000US170318321002000,36,32,0,0,1,0,3,33,0,3,4,1,21,17,4,36,0,0
40257,1000000US170318321002001,50,36,3,5,2,0,10,40,0,10,14,2,25,24,1,51,5,0
40258,1000000US170318321002002,94,74,3,1,9,0,10,84,0,10,20,4,50,48,2,101,0,0
40259,1000000US170318321002003,93,76,6,2,7,0,5,88,0,5,17,3,63,56,7,97,0,1
40260,1000000US170318321002004,144,124,6,0,6,0,8,136,0,8,20,0,99,96,3,156,0,0
40261,1000000US170318321002005,120,98,10,2,1,0,8,112,0,8,22,2,77,66,11,126,0,0
40262,1000000US170318321002006,99,88,1,0,7,2,2,97,0,2,11,2,56,54,2,112,0,0
40263,1000000US170318321002007,105,88,1,0,8,2,8,97,0,8,17,1,61,54,7,119,0,0
40264,1000000US170318321002008,38,34,2,1,0,0,1,37,0,1,4,1,20,20,0,46,0,0
40265,1000000US170318321002009,32,30,0,0,1,0,1,31,0,1,2,0,20,18,2,46,0,0
40266,1000000US170318321003000,16,14,0,0,0,0,2,14,0,2,2,0,12,11,1,17,0,0
40267,1000000US170318321003001,25,23,0,0,0,0,2,23,0,2,2,0,17,17,0,26,0,0
40268,1000000US170318321003002,79,64,3,0,5,0,7,72,0,7,15,2,62,57,5,82,0,0
40269,1000000US170318321003003,0,0,0,0,0,0,0,0,0,0,0,0,0,0,0,0,0,0
40270,1000000US170318321003004,127,110,4,1,7,0,6,121,0,6,17,0,100,90,10,133,1,0
40271,1000000US170318321003005,161,141,3,1,4,1,11,150,0,11,20,2,103,96,7,163,0,0
40272,1000000US170318321003006,58,54,3,1,1,0,0,58,0,0,4,2,41,37,4,61,1,0
40273,1000000US170318321003007,33,26,3,0,2,0,2,31,0,2,7,0,25,25,0,33,0,0
40274,1000000US170318321003008,35,16,1,0,6,0,12,23,0,12,19,2,23,21,2,37,0,0
40275,1000000US170318321003009,83,75,4,0,3,0,1,82,0,1,8,0,51,50,1,98,0,0
40276,1000000US170318321003010,44,41,0,0,0,0,3,41,0,3,3,0,24,23,1,60,0,0
40277,1000000US170318322001000,5,5,0,0,0,0,0,5,0,0,0,0,3,2,1,5,0,0
40278,1000000US170318322001001,16,11,1,0,2,0,3,13,0,3,5,2,9,9,0,21,0,0
40279,1000000US170318322001002,0,0,0,0,0,0,0,0,0,0,0,0,0,0,0,0,0,0
40280,1000000US170318322001003,40,35,1,0,1,0,3,37,0,3,5,1,24,21,3,42,0,0
40281,1000000US170318322001004,2,2,0,0,0,0,0,2,0,0,0,0,1,1,0,2,0,0
40282,1000000US170318322001005,0,0,0,0,0,0,0,0,0,0,0,0,0,0,0,0,0,0
40283,1000000US170318322001006,0,0,0,0,0,0,0,0,0,0,0,0,0,0,0,0,0,0
40284,1000000US170318322001007,52,31,3,2,9,0,10,42,0,10,21,3,39,34,5,53,1,0
40285,1000000US170318322001008,16,15,0,0,0,0,1,15,0,1,1,0,13,12,1,17,0,0
40286,1000000US170318322001009,31,14,4,0,0,0,16,15,0,16,17,0,16,14,2,41,0,3
40287,1000000US170318322001010,86,72,2,0,6,0,6,80,0,6,14,3,59,51,8,92,0,0
40288,1000000US170318322001011,28,27,0,0,0,0,1,27,0,1,1,0,18,18,0,33,0,0
40289,1000000US170318322001012,50,45,1,0,1,0,3,47,0,3,5,0,30,29,1,50,0,0
40290,1000000US170318322001013,0,0,0,0,0,0,0,0,0,0,0,0,0,0,0,0,0,0
40291,1000000US170318322001014,20,14,0,2,3,0,1,19,0,1,6,2,9,9,0,29,0,0
40292,1000000US170318322001015,0,0,0,0,0,0,0,0,0,0,0,0,0,0,0,0,0,0
40293,1000000US170318322001016,0,0,0,0,0,0,0,0,0,0,0,0,0,0,0,0,0,0
40294,1000000US170318322001017,52,39,3,0,4,0,5,47,0,5,13,2,42,36,6,65,0,0
40295,1000000US170318322001018,11,11,0,0,0,0,0,11,0,0,0,0,4,4,0,11,0,0
40296,1000000US170318322001019,23,21,0,0,0,0,2,21,0,2,2,0,15,14,1,28,0,0
40297,1000000US170318322001020,20,20,0,0,0,0,0,20,0,0,0,0,11,11,0,29,0,0
40298,1000000US170318322001021,11,10,0,0,0,0,1,10,0,1,1,0,7,7,0,15,0,0
40299,1000000US170318322001022,53,38,4,0,8,0,3,50,0,3,15,2,33,33,0,62,0,0
40300,1000000US170318322001023,0,0,0,0,0,0,0,0,0,0,0,0,0,0,0,0,0,0
40301,1000000US170318322001024,0,0,0,0,0,0,0,0,0,0,0,0,0,0,0,0,0,0
40302,1000000US170318322001025,25,20,0,0,2,0,3,22,0,3,5,0,18,18,0,25,0,0
40303,1000000US170318322001026,30,24,1,0,3,0,2,28,0,2,6,1,24,22,2,33,0,0
40304,1000000US170318322002000,21,16,0,0,3,0,2,19,0,2,5,0,12,11,1,21,0,0
40305,1000000US170318322002001,83,66,2,1,3,0,11,72,0,11,17,2,55,50,5,99,1,0
40306,1000000US170318322002002,23,19,1,0,0,0,3,20,0,3,4,1,16,14,2,27,0,0
40307,1000000US170318322002003,12,11,1,0,0,0,0,12,0,0,1,1,10,9,1,16,0,0
40308,1000000US170318322002004,78,64,1,0,4,0,9,69,0,9,14,1,60,52,8,92,0,0
40309,1000000US170318322002005,27,25,1,0,1,0,0,27,0,0,2,2,25,18,7,28,0,0
40310,1000000US170318322002006,34,31,0,1,1,0,1,33,0,1,3,2,19,19,0,37,0,0
40311,1000000US170318322002007,24,22,0,0,1,0,0,24,0,0,2,1,19,14,5,27,0,0
40312,1000000US170318322002008,44,29,3,0,2,0,12,32,0,12,15,1,25,25,0,50,0,2
40313,1000000US170318322002009,21,10,1,0,0,0,10,11,0,10,11,0,12,11,1,25,0,0
40314,1000000US170318322002010,40,37,0,0,1,0,2,38,0,2,3,0,30,26,4,45,0,0
40315,1000000US170318322002011,21,20,0,0,1,0,0,21,0,0,1,1,16,14,2,21,0,0
40316,1000000US170318322002012,37,32,0,0,1,0,4,33,0,4,5,1,22,19,3,49,0,0
40317,1000000US170318322002013,33,32,0,0,1,0,0,33,0,0,1,0,21,20,1,40,0,0
40318,1000000US170318322002014,28,25,1,1,1,0,1,27,0,1,3,1,16,15,1,33,0,0
40319,1000000US170318322002015,40,35,0,0,1,0,4,36,0,4,5,0,26,25,1,44,0,0
40320,1000000US170318322002016,26,22,2,0,1,0,1,25,0,1,4,0,18,17,1,28,0,0
40321,1000000US170318322002017,48,47,0,1,0,0,1,47,0,1,1,1,36,32,4,58,0,0
40322,1000000US170318322002018,16,13,0,0,0,0,3,13,0,3,3,0,10,10,0,28,0,0
40323,1000000US170318322002019,29,23,1,0,1,0,2,27,0,2,6,1,19,19,0,32,0,0
40324,1000000US170318322002020,41,27,0,0,1,0,13,28,0,13,14,1,23,23,0,46,0,0
40325,1000000US170318322002021,32,23,0,4,0,0,9,23,0,9,9,0,19,17,2,41,4,0
40326,1000000US170318322002022,26,22,0,0,0,0,4,22,0,4,4,0,23,19,4,27,0,0
40327,1000000US170318322002023,39,33,1,0,3,0,2,37,0,2,6,1,20,20,0,40,0,1
40328,1000000US170318322002024,40,35,0,0,0,0,5,35,0,5,5,0,20,20,0,50,0,0
40329,1000000US170318322002025,45,39,0,2,1,0,5,40,0,5,6,3,26,23,3,60,2,0
40330,1000000US170318322002026,44,34,0,0,2,0,8,36,0,8,10,1,25,24,1,48,0,0
40331,1000000US170318322002027,37,27,0,0,3,0,7,30,0,7,10,0,19,17,2,47,0,0
40332,1000000US170318322002028,13,13,0,0,0,0,0,13,0,0,0,0,10,10,0,13,0,0
40333,1000000US170318322002029,39,31,3,0,1,0,4,35,0,4,8,0,26,24,2,45,0,0
40334,1000000US170318322002030,50,43,0,0,2,0,4,46,0,4,7,0,34,31,3,58,0,0
40335,1000000US170318322002031,44,22,0,0,4,0,17,27,0,17,22,1,25,25,0,57,0,0
40336,1000000US170318322002032,35,20,0,0,0,0,15,20,0,15,15,0,17,17,0,41,0,0
40337,1000000US170318322002033,51,43,1,1,2,0,4,47,0,4,8,0,30,28,2,60,1,0
40338,1000000US170318322002034,28,12,1,0,1,0,13,15,0,13,16,5,17,15,2,36,0,1
40339,1000000US170318322002035,32,23,0,0,0,0,9,23,0,9,9,1,25,22,3,41,0,0
40340,1000000US170318322002036,36,28,0,0,3,0,5,31,0,5,8,0,22,20,2,47,0,0
40341,1000000US170318322002037,74,65,2,1,1,0,5,69,0,5,9,1,51,49,2,74,1,0
40342,1000000US170318322003000,47,43,0,1,2,0,1,46,0,1,4,0,32,29,3,48,1,0
40343,1000000US170318322003001,58,48,3,3,2,0,4,54,0,4,10,2,32,30,2,63,2,0
40344,1000000US170318322003002,22,21,0,0,0,0,1,21,0,1,1,0,16,14,2,29,0,0
40345,1000000US170318322003003,16,15,0,0,1,0,0,16,0,0,1,0,9,9,0,23,0,0
40346,1000000US170318322003004,42,30,0,0,2,0,10,32,0,10,12,0,23,21,2,51,0,0
40347,1000000US170318322003005,54,43,0,0,5,0,6,48,0,6,11,0,35,33,2,56,0,0
40348,1000000US170318322003006,26,24,0,0,0,0,2,24,0,2,2,0,17,16,1,33,0,0
40349,1000000US170318322003007,41,38,1,0,2,0,0,41,0,0,3,0,28,25,3,42,0,0
40350,1000000US170318322003008,33,20,2,0,2,0,9,24,0,9,13,0,18,18,0,34,0,0
40351,1000000US170318322003009,33,27,3,0,1,0,2,31,0,2,6,0,19,19,0,37,0,0
40352,1000000US170318322003010,46,33,0,0,0,0,13,33,0,13,13,0,21,21,0,62,0,0
40353,1000000US170318322003011,27,20,0,0,6,0,1,26,0,1,7,0,17,17,0,33,0,0
40354,1000000US170318322003012,40,33,0,0,1,0,6,34,0,6,7,0,27,24,3,46,0,0
40355,1000000US170318322003013,28,23,1,0,0,0,4,24,0,4,5,0,16,15,1,34,0,0
40356,1000000US170318322003014,36,30,1,0,2,0,3,33,0,3,6,1,24,23,1,46,0,0
40357,1000000US170318322003015,19,16,0,0,0,0,3,16,0,3,3,0,18,14,4,19,0,0
40358,1000000US170318323001000,0,0,0,0,0,0,0,0,0,0,0,0,0,0,0,0,0,0
40359,1000000US170318323001001,12,10,0,0,2,0,0,12,0,0,2,0,5,5,0,13,0,0
40360,1000000US170318323001002,10,2,0,0,1,0,7,3,0,7,8,1,7,6,1,13,0,0
40361,1000000US170318323001003,48,34,4,0,7,0,4,44,0,4,14,0,30,27,3,53,0,1
40362,1000000US170318323001004,0,0,0,0,0,0,0,0,0,0,0,0,0,0,0,0,0,0
40363,1000000US170318323001005,14,7,2,0,3,0,2,12,0,2,7,0,9,9,0,18,0,0
40364,1000000US170318323001006,46,37,1,0,3,0,4,42,0,4,9,1,26,25,1,56,0,0
40365,1000000US170318323001007,65,54,2,0,2,0,7,58,0,7,11,0,38,37,1,69,0,0
40366,1000000US170318323001008,84,68,0,0,11,0,5,79,0,5,16,2,47,45,2,97,0,0
40367,1000000US170318323001009,47,15,0,0,0,0,32,15,0,32,32,2,20,20,0,66,0,0
40368,1000000US170318323001010,0,0,0,0,0,0,0,0,0,0,0,0,0,0,0,0,0,0
40369,1000000US170318323001011,0,0,0,0,0,0,0,0,0,0,0,0,0,0,0,0,0,0
40370,1000000US170318323001012,0,0,0,0,0,0,0,0,0,0,0,0,0,0,0,0,0,0
40371,1000000US170318323001013,0,0,0,0,0,0,0,0,0,0,0,0,0,0,0,0,0,0
40372,1000000US170318323001014,0,0,0,0,0,0,0,0,0,0,0,0,0,0,0,0,0,0
40373,1000000US170318323001015,0,0,0,0,0,0,0,0,0,0,0,0,0,0,0,0,0,0
40374,1000000US170318323001016,0,0,0,0,0,0,0,0,0,0,0,0,0,0,0,0,0,0
40375,1000000US170318323001017,0,0,0,0,0,0,0,0,0,0,0,0,0,0,0,0,0,0
40376,1000000US170318323001018,0,0,0,0,0,0,0,0,0,0,0,0,0,0,0,0,0,0
40377,1000000US170318323001019,0,0,0,0,0,0,0,0,0,0,0,0,0,0,0,0,0,0
40378,1000000US170318323001020,0,0,0,0,0,0,0,0,0,0,0,0,0,0,0,0,0,0
40379,1000000US170318323001021,0,0,0,0,0,0,0,0,0,0,0,0,0,0,0,0,0,0
40380,1000000US170318323001022,0,0,0,0,0,0,0,0,0,0,0,0,0,0,0,0,0,0
40381,1000000US170318323001023,0,0,0,0,0,0,0,0,0,0,0,0,0,0,0,0,0,0
40382,1000000US170318323001024,0,0,0,0,0,0,0,0,0,0,0,0,0,0,0,0,0,0
40383,1000000US170318323001025,0,0,0,0,0,0,0,0,0,0,0,0,0,0,0,0,0,0
40384,1000000US170318323001026,0,0,0,0,0,0,0,0,0,0,0,0,0,0,0,0,0,0
40385,1000000US170318323001027,0,0,0,0,0,0,0,0,0,0,0,0,0,0,0,0,0,0
40386,1000000US170318323001028,0,0,0,0,0,0,0,0,0,0,0,0,0,0,0,0,0,0
40387,1000000US170318323001029,2,2,0,0,0,0,0,2,0,0,0,0,1,1,0,2,0,0
40388,1000000US170318323001030,0,0,0,0,0,0,0,0,0,0,0,0,0,0,0,0,0,0
40389,1000000US170318323001031,0,0,0,0,0,0,0,0,0,0,0,0,0,0,0,0,0,0
40390,1000000US170318323001032,0,0,0,0,0,0,0,0,0,0,0,0,0,0,0,0,0,0
40391,1000000US170318323001033,0,0,0,0,0,0,0,0,0,0,0,0,0,0,0,0,0,0
40392,1000000US170318323001034,0,0,0,0,0,0,0,0,0,0,0,0,0,0,0,0,0,0
40393,1000000US170318323001035,0,0,0,0,0,0,0,0,0,0,0,0,0,0,0,0,0,0
40394,1000000US170318323001036,0,0,0,0,0,0,0,0,0,0,0,0,0,0,0,0,0,0
40395,1000000US170318323001037,0,0,0,0,0,0,0,0,0,0,0,0,0,0,0,0,0,0
40396,1000000US170318323001038,1,0,1,0,0,0,0,1,0,0,1,0,0,0,0,1,0,0
40397,1000000US170318323001039,0,0,0,0,0,0,0,0,0,0,0,0,0,0,0,0,0,0
40398,1000000US170318323001040,0,0,0,0,0,0,0,0,0,0,0,0,0,0,0,0,0,0
40399,1000000US170318323001041,0,0,0,0,0,0,0,0,0,0,0,0,0,0,0,0,0,0
40400,1000000US170318323001042,0,0,0,0,0,0,0,0,0,0,0,0,0,0,0,0,0,0
40401,1000000US170318323001043,0,0,0,0,0,0,0,0,0,0,0,0,0,0,0,0,0,0
40402,1000000US170318323001044,0,0,0,0,0,0,0,0,0,0,0,0,0,0,0,0,0,0
40403,1000000US170318323001045,0,0,0,0,0,0,0,0,0,0,0,0,0,0,0,0,0,0
40404,1000000US170318323001046,0,0,0,0,0,0,0,0,0,0,0,0,0,0,0,0,0,0
40405,1000000US170318323001047,28,21,0,0,5,0,2,26,0,2,7,1,17,15,2,38,0,0
40406,1000000US170318323001048,22,18,0,0,0,0,4,18,0,4,4,0,12,12,0,22,0,0
40407,1000000US170318323001049,0,0,0,0,0,0,0,0,0,0,0,0,0,0,0,0,0,0
40408,1000000US170318323001050,0,0,0,0,0,0,0,0,0,0,0,0,0,0,0,0,0,0
40409,1000000US170318323001051,11,7,0,0,2,0,3,8,0,3,4,1,7,6,1,11,0,0
40410,1000000US170318323001052,10,5,3,0,1,0,1,9,0,1,5,0,4,4,0,10,0,0
40411,1000000US170318323001053,41,31,2,0,2,0,6,35,0,6,10,2,23,22,1,46,0,0
40412,1000000US170318323001054,27,21,0,0,0,0,6,21,0,6,6,0,15,14,1,30,0,0
40413,1000000US170318323001055,41,20,1,2,5,0,13,28,0,13,21,6,26,20,6,51,0,0
40414,1000000US170318323001056,46,32,2,0,2,0,10,36,0,10,14,0,27,26,1,50,0,0
40415,1000000US170318323001057,26,22,1,0,0,0,3,23,0,3,4,0,16,16,0,27,0,0
40416,1000000US170318323001058,59,48,2,0,6,0,3,56,0,3,11,2,38,37,1,72,0,0
40417,1000000US170318323001059,51,44,5,2,1,0,2,49,0,2,7,2,30,30,0,57,0,0
40418,1000000US170318323001060,61,30,0,0,7,0,24,37,0,24,31,0,33,32,1,73,0,0
40419,1000000US170318323001061,42,36,1,0,4,0,1,41,0,1,6,0,27,20,7,43,0,0
40420,1000000US170318323001062,48,36,1,0,1,0,10,38,0,10,12,1,31,29,2,59,0,0
40421,1000000US170318323001063,43,35,0,0,1,1,6,37,0,6,8,0,34,29,5,45,0,0
40422,1000000US170318323001064,61,51,5,1,0,0,4,57,0,4,10,1,44,41,3,67,1,0
40423,1000000US170318323001065,33,22,0,0,3,0,8,25,0,8,11,0,21,18,3,36,0,0
40424,1000000US170318323001066,35,30,0,0,2,1,2,33,0,2,5,0,26,24,2,40,0,0
40425,1000000US170318323001067,22,20,0,0,2,0,0,22,0,0,2,0,18,16,2,27,0,0
40426,1000000US170318323001068,37,32,0,0,3,0,2,35,0,2,5,0,20,20,0,48,0,0
40427,1000000US170318323001069,22,11,0,0,1,0,10,12,0,10,11,0,17,11,6,29,0,0
40428,1000000US170318323001070,46,27,1,0,3,0,15,31,0,15,19,0,26,26,0,51,0,0
40429,1000000US170318323001071,42,34,0,0,5,0,3,39,0,3,8,0,23,23,0,46,0,0
40430,1000000US170318323001072,0,0,0,0,0,0,0,0,0,0,0,0,0,0,0,0,0,0
40431,1000000US170318323001073,0,0,0,0,0,0,0,0,0,0,0,0,0,0,0,0,0,0
40432,1000000US170318323001074,40,32,2,0,2,0,4,36,0,4,8,0,21,21,0,52,0,0
40433,1000000US170318323001075,23,18,2,0,1,0,2,21,0,2,5,0,16,12,4,26,0,0
40434,1000000US170318323001076,17,15,1,0,0,0,1,16,0,1,2,1,11,10,1,25,0,0
40435,1000000US170318323001077,11,5,0,0,2,0,4,7,0,4,6,0,0,0,0,11,0,0
40436,1000000US170318323001078,0,0,0,0,0,0,0,0,0,0,0,0,0,0,0,0,0,0
40437,1000000US170318323001079,29,27,0,0,1,0,1,28,0,1,2,0,22,16,6,32,0,0
40438,1000000US170318323001080,45,29,2,0,4,0,10,35,0,10,16,0,24,23,1,67,0,0
40439,1000000US170318323001081,0,0,0,0,0,0,0,0,0,0,0,0,0,0,0,0,0,0
40440,1000000US170318323001082,73,62,1,0,2,0,8,65,0,8,11,1,51,48,3,83,0,0
40441,1000000US170318323001083,80,67,2,0,8,0,3,77,0,3,13,1,52,48,4,93,0,0
40442,1000000US170318323001084,34,32,0,0,1,0,1,33,0,1,2,0,23,22,1,45,0,0
40443,1000000US170318323001085,30,23,0,0,0,0,7,23,0,7,7,0,18,16,2,42,0,0
40444,1000000US170318323001086,24,21,0,0,2,0,1,23,0,1,3,1,13,13,0,28,0,0
40445,1000000US170318323001087,0,0,0,0,0,0,0,0,0,0,0,0,0,0,0,0,0,0
40446,1000000US170318324001000,88,35,5,3,5,0,47,41,0,47,53,4,46,41,5,110,0,4
40447,1000000US170318324001001,0,0,0,0,0,0,0,0,0,0,0,0,0,0,0,0,0,0
40448,1000000US170318324001002,55,37,1,2,7,0,10,45,0,10,18,3,47,38,9,62,2,0
40449,1000000US170318324001003,72,42,4,3,2,1,24,48,0,24,30,4,38,36,2,93,0,1
40450,1000000US170318324001004,75,25,6,2,6,0,38,37,0,38,50,6,39,37,2,83,2,1
40451,1000000US170318324001005,60,10,4,1,2,0,45,15,0,45,50,2,34,24,10,68,0,1
40452,1000000US170318324001006,33,27,0,1,1,0,4,29,0,4,6,1,21,19,2,38,1,0
40453,1000000US170318324001007,83,74,0,0,6,0,3,80,0,3,9,0,59,56,3,85,0,0
40454,1000000US170318324001008,99,81,3,0,6,0,9,90,0,9,18,0,72,66,6,103,0,0
40455,1000000US170318324001009,100,68,5,1,13,1,14,86,0,14,32,5,68,63,5,112,0,0
40456,1000000US170318324001010,94,40,1,1,3,0,51,43,0,51,54,2,47,44,3,138,1,1
40457,1000000US170318324001011,110,36,7,4,6,0,61,49,0,61,74,7,51,46,5,152,3,1
40458,1000000US170318324001012,106,31,8,0,1,0,70,36,0,70,75,11,50,45,5,133,0,4
40459,1000000US170318324001013,57,32,1,0,1,0,23,34,0,23,25,2,35,31,4,80,0,0
40460,1000000US170318324001014,89,22,4,0,3,0,60,29,0,60,67,7,48,42,6,112,0,0
40461,1000000US170318324001015,67,5,0,0,0,0,62,5,0,62,62,2,29,24,5,88,0,0
40462,1000000US170318324001016,91,30,4,3,4,0,51,40,0,51,61,3,42,38,4,113,3,0
40463,1000000US170318324001017,44,28,0,0,3,0,13,31,0,13,16,0,24,22,2,54,0,0
40464,1000000US170318324001018,45,22,0,0,4,0,19,26,0,19,23,2,26,23,3,61,0,0
40465,1000000US170318324001019,79,17,10,1,1,0,57,22,0,57,62,3,39,35,4,102,0,6
40466,1000000US170318324001020,78,56,1,0,13,0,10,68,0,10,22,5,39,39,0,101,0,0
40467,1000000US170318324002000,0,0,0,0,0,0,0,0,0,0,0,0,0,0,0,0,0,0
40468,1000000US170318324002001,36,7,2,1,1,0,25,11,0,25,29,1,33,18,15,37,0,0
40469,1000000US170318324002002,0,0,0,0,0,0,0,0,0,0,0,0,0,0,0,0,0,0
40470,1000000US170318324002003,40,3,0,0,0,0,37,3,0,37,37,1,18,16,2,54,0,0
40471,1000000US170318324002004,84,35,2,0,1,0,46,38,0,46,49,0,41,37,4,117,0,0
40472,1000000US170318324002005,30,16,10,0,0,0,4,26,0,4,14,0,18,16,2,40,0,0
40473,1000000US170318324002006,62,20,6,1,5,2,28,34,0,28,42,6,30,27,3,80,1,0
40474,1000000US170318324002007,63,37,5,0,5,0,23,40,0,23,26,5,31,27,4,79,0,4
40475,1000000US170318324002008,17,7,0,0,0,0,10,7,0,10,10,0,6,6,0,21,0,0
40476,1000000US170318324002009,94,40,1,0,9,0,44,50,0,44,54,3,44,41,3,117,0,0
40477,1000000US170318324002010,101,14,9,6,3,0,79,22,0,79,87,4,45,39,6,169,2,4
40478,1000000US170318324002011,45,22,5,0,0,0,18,27,0,18,23,0,26,19,7,70,0,0
40479,1000000US170318324002012,75,52,5,0,7,0,12,63,0,12,23,2,38,38,0,88,0,1
40480,1000000US170318324002013,5,4,0,0,0,0,1,4,0,1,1,0,3,3,0,5,0,0
40481,1000000US170318324002014,88,56,1,2,3,1,26,62,0,26,32,3,51,45,6,108,0,0
40482,1000000US170318324002015,197,153,6,0,17,0,20,177,0,20,44,8,116,114,2,237,0,2
40483,1000000US170318324002016,58,40,1,4,5,0,12,46,0,12,18,4,40,36,4,71,4,1
40484,1000000US170318325001000,0,0,0,0,0,0,0,0,0,0,0,0,0,0,0,0,0,0
40485,1000000US170318325001001,31,26,1,1,1,0,3,28,0,3,5,1,22,21,1,33,1,0
40486,1000000US170318325001002,37,24,8,1,1,0,4,33,0,4,13,2,23,23,0,45,1,0
40487,1000000US170318325001003,252,64,112,11,8,0,76,176,0,76,188,26,196,196,0,331,9,9
40488,1000000US170318325001004,0,0,0,0,0,0,0,0,0,0,0,0,0,0,0,0,0,0
40489,1000000US170318325001005,30,23,2,0,0,0,5,25,0,5,7,0,13,11,2,30,0,0
40490,1000000US170318325001006,0,0,0,0,0,0,0,0,0,0,0,0,0,0,0,0,0,0
40491,1000000US170318325001007,0,0,0,0,0,0,0,0,0,0,0,0,0,0,0,0,0,0
40492,1000000US170318325001008,0,0,0,0,0,0,0,0,0,0,0,0,0,0,0,0,0,0
40493,1000000US170318325001009,0,0,0,0,0,0,0,0,0,0,0,0,0,0,0,0,0,0
40494,1000000US170318325001010,0,0,0,0,0,0,0,0,0,0,0,0,0,0,0,0,0,0
40495,1000000US170318325001011,0,0,0,0,0,0,0,0,0,0,0,0,0,0,0,0,0,0
40496,1000000US170318325001012,0,0,0,0,0,0,0,0,0,0,0,0,0,0,0,0,0,0
40497,1000000US170318325001013,7,7,0,0,0,0,0,7,0,0,0,0,3,3,0,7,0,0
40498,1000000US170318325001014,17,15,0,0,0,0,2,15,0,2,2,0,12,10,2,17,0,0
40499,1000000US170318325001015,43,39,0,0,2,0,2,41,0,2,4,0,23,22,1,47,0,0
40500,1000000US170318325001016,104,90,4,0,8,0,5,99,0,5,14,3,41,39,2,118,0,3
40501,1000000US170318325001017,80,74,0,0,4,0,2,78,0,2,6,0,51,51,0,92,0,0
40502,1000000US170318325001018,45,43,0,0,1,0,1,44,0,1,2,0,28,28,0,68,0,0
40503,1000000US170318325001019,45,37,0,0,1,0,7,38,0,7,8,0,28,26,2,54,0,0
40504,1000000US170318325001020,108,104,2,0,1,0,1,107,0,1,4,0,58,53,5,113,0,0
40505,1000000US170318325001021,66,52,0,0,7,0,7,59,0,7,14,5,37,36,1,73,0,0
40506,1000000US170318325001022,45,41,1,0,1,0,3,42,0,3,4,1,25,25,0,53,0,1
40507,1000000US170318325001023,34,33,0,0,0,0,1,33,0,1,1,0,21,21,0,38,0,0
40508,1000000US170318325001024,16,16,0,0,0,0,0,16,0,0,0,0,8,8,0,22,0,0
40509,1000000US170318325001025,75,65,0,1,5,0,4,71,0,4,10,1,40,36,4,78,0,0
40510,1000000US170318325001026,20,19,0,0,0,0,1,19,0,1,1,0,13,11,2,21,0,0
40511,1000000US170318325001027,11,7,1,0,0,0,3,8,0,3,4,0,7,7,0,11,0,0
40512,1000000US170318325001028,4,3,1,0,0,0,0,4,0,0,1,0,2,2,0,4,0,0
40513,1000000US170318325002000,0,0,0,0,0,0,0,0,0,0,0,0,0,0,0,0,0,0
40514,1000000US170318325002001,481,375,51,2,24,0,30,451,0,30,106,12,5,5,0,481,1,1
40515,1000000US170318325002002,45,41,0,0,2,0,2,43,0,2,4,0,30,30,0,55,0,0
40516,1000000US170318325002003,0,0,0,0,0,0,0,0,0,0,0,0,0,0,0,0,0,0
40517,1000000US170318325002004,24,22,0,0,1,0,1,23,0,1,2,0,17,16,1,27,0,0
40518,1000000US170318325002005,15,10,0,0,4,0,1,14,0,1,5,0,10,8,2,15,0,0
40519,1000000US170318325002006,50,40,2,1,3,0,4,46,0,4,10,0,34,28,6,57,1,0
40520,1000000US170318325002007,86,76,1,1,3,0,7,79,0,7,10,2,50,49,1,113,0,1
40521,1000000US170318325002008,7,5,0,0,2,0,0,7,0,0,2,0,5,4,1,10,0,0
40522,1000000US170318325002009,66,60,1,0,5,0,1,65,0,1,6,0,37,35,2,94,0,1
40523,1000000US170318325002010,34,30,0,0,3,0,1,33,0,1,4,0,23,19,4,43,0,0
40524,1000000US170318325002011,40,30,0,3,0,0,8,32,0,8,10,2,21,20,1,54,1,0
40525,1000000US170318325002012,47,39,3,0,2,0,3,44,0,3,8,0,23,23,0,61,0,0
40526,1000000US170318325002013,30,26,0,0,1,0,3,27,0,3,4,0,15,15,0,43,0,0
40527,1000000US170318325002014,57,53,0,0,4,0,0,57,0,0,4,0,40,38,2,65,0,0
40528,1000000US170318325002015,0,0,0,0,0,0,0,0,0,0,0,0,0,0,0,0,0,0
40529,1000000US170318325002016,0,0,0,0,0,0,0,0,0,0,0,0,0,0,0,0,0,0
40530,1000000US170318325002017,0,0,0,0,0,0,0,0,0,0,0,0,0,0,0,0,0,0
40531,1000000US170318325002018,1,0,0,0,0,0,1,0,0,1,1,0,1,1,0,1,0,0
40532,1000000US170318325002019,0,0,0,0,0,0,0,0,0,0,0,0,0,0,0,0,0,0
40533,1000000US170318325002020,0,0,0,0,0,0,0,0,0,0,0,0,0,0,0,0,0,0
40534,1000000US170318325002021,0,0,0,0,0,0,0,0,0,0,0,0,0,0,0,0,0,0
40535,1000000US170318325002022,9,8,0,0,0,0,1,8,0,1,1,1,6,6,0,10,0,0
40536,1000000US170318325002023,44,39,0,0,4,0,1,43,0,1,5,0,24,24,0,59,0,0
40537,1000000US170318325002024,50,42,0,0,4,0,4,46,0,4,8,0,28,27,1,70,0,0
40538,1000000US170318325002025,54,44,0,0,5,0,5,49,0,5,10,2,43,31,12,66,0,0
40539,1000000US170318325002026,146,137,2,0,5,0,2,144,0,2,9,1,51,51,0,146,0,0
40540,1000000US170318325002027,50,43,3,0,2,0,2,48,0,2,7,0,28,28,0,65,0,0
40541,1000000US170318325002028,9,5,2,0,0,0,2,7,0,2,4,0,4,4,0,17,0,0
40542,1000000US170318325002029,33,24,3,0,2,0,4,29,0,4,9,1,20,18,2,37,0,0
40543,1000000US170318325002030,53,48,0,0,2,0,3,50,0,3,5,0,36,34,2,68,0,0
40544,1000000US170318325002031,59,55,2,0,1,0,1,58,0,1,4,2,31,29,2,66,0,0
40545,1000000US170318325002032,102,95,1,0,2,0,1,101,0,1,7,1,63,59,4,112,0,0
40546,1000000US170318325002033,108,102,5,0,1,0,0,108,0,0,6,1,61,60,1,116,0,0
40547,1000000US170318325002034,77,66,1,0,4,0,6,71,0,6,11,2,43,42,1,94,0,0
40548,1000000US170318325002035,12,11,0,0,1,0,0,12,0,0,1,0,10,9,1,12,0,0
40549,1000000US170318325002036,0,0,0,0,0,0,0,0,0,0,0,0,0,0,0,0,0,0
40550,1000000US170318325002037,11,11,0,0,0,0,0,11,0,0,0,0,5,5,0,16,0,0
40551,1000000US170318325002038,36,36,0,0,0,0,0,36,0,0,0,0,21,21,0,53,0,0
40552,1000000US170318325002039,22,22,0,0,0,0,0,22,0,0,0,0,12,11,1,34,0,0
40553,1000000US170318325002040,48,47,0,0,1,0,0,48,0,0,1,0,26,25,1,59,0,0
40554,1000000US170318325002041,91,86,0,0,2,0,3,88,0,3,5,0,47,45,2,125,0,0
40555,1000000US170318325002042,0,0,0,0,0,0,0,0,0,0,0,0,0,0,0,0,0,0
40556,1000000US170318325002043,0,0,0,0,0,0,0,0,0,0,0,0,0,0,0,0,0,0
40557,1000000US170318325002044,0,0,0,0,0,0,0,0,0,0,0,0,0,0,0,0,0,0
40558,1000000US170318325002045,0,0,0,0,0,0,0,0,0,0,0,0,0,0,0,0,0,0
40559,1000000US170318325002046,0,0,0,0,0,0,0,0,0,0,0,0,0,0,0,0,0,0
40560,1000000US170318325002047,0,0,0,0,0,0,0,0,0,0,0,0,0,0,0,0,0,0
40561,1000000US170318325002048,0,0,0,0,0,0,0,0,0,0,0,0,0,0,0,0,0,0
40562,1000000US170318325002049,0,0,0,0,0,0,0,0,0,0,0,0,0,0,0,0,0,0
40563,1000000US170318325002050,6,6,0,0,0,0,0,6,0,0,0,0,3,3,0,7,0,0
40564,1000000US170318325002051,0,0,0,0,0,0,0,0,0,0,0,0,0,0,0,0,0,0
40565,1000000US170318326001000,38,31,1,0,2,0,4,34,0,4,7,0,33,28,5,39,0,0
40566,1000000US170318326001001,114,101,1,0,9,0,3,111,0,3,13,2,76,63,13,138,0,0
40567,1000000US170318326001002,64,61,2,0,0,0,1,63,0,1,3,0,38,34,4,80,0,0
40568,1000000US170318326001003,31,30,0,0,1,0,0,31,0,0,1,0,22,19,3,42,0,0
40569,1000000US170318326001004,30,29,0,0,1,0,0,30,0,0,1,0,18,16,2,38,0,0
40570,1000000US170318326001005,79,74,3,0,2,0,0,79,0,0,5,0,56,51,5,85,0,0
40571,1000000US170318326001006,104,88,1,0,9,0,6,98,0,6,16,0,60,57,3,107,0,0
40572,1000000US170318326001007,35,25,4,0,5,0,1,34,0,1,10,0,21,18,3,36,0,0
40573,1000000US170318326001008,29,24,1,0,1,0,3,26,0,3,5,0,24,18,6,30,0,0
40574,1000000US170318326001009,0,0,0,0,0,0,0,0,0,0,0,0,0,0,0,0,0,0
40575,1000000US170318326001010,65,53,1,0,9,0,2,63,0,2,12,2,38,37,1,74,0,0
40576,1000000US170318326001011,35,32,0,1,1,0,2,33,0,2,3,1,21,19,2,38,0,0
40577,1000000US170318326002000,67,63,0,0,2,0,3,64,0,3,4,1,45,42,3,68,0,0
40578,1000000US170318326002001,10,9,0,0,1,0,0,10,0,0,1,0,5,5,0,13,0,0
40579,1000000US170318326002002,143,130,3,1,7,1,2,141,0,2,13,2,93,90,3,166,0,0
40580,1000000US170318326002003,36,34,0,0,1,0,1,35,0,1,2,0,23,23,0,46,0,0
40581,1000000US170318326002004,57,50,1,0,1,0,5,52,0,5,7,0,24,24,0,66,0,0
40582,1000000US170318326002005,106,74,18,4,2,0,12,94,0,12,32,2,60,56,4,117,4,0
40583,1000000US170318326002006,43,41,0,0,2,0,0,43,0,0,2,0,27,23,4,61,0,0
40584,1000000US170318326002007,24,24,0,0,0,0,0,24,0,0,0,0,16,13,3,33,0,0
40585,1000000US170318326002008,33,26,1,0,2,0,3,30,0,3,7,0,20,20,0,38,0,0
40586,1000000US170318326002009,58,56,0,0,2,0,0,58,0,0,2,1,37,35,2,79,0,0
40587,1000000US170318326002010,89,87,0,0,2,0,0,89,0,0,2,0,52,51,1,119,0,0
40588,1000000US170318326002011,0,0,0,0,0,0,0,0,0,0,0,0,0,0,0,0,0,0
40589,1000000US170318326002012,0,0,0,0,0,0,0,0,0,0,0,0,0,0,0,0,0,0
40590,1000000US170318326002013,0,0,0,0,0,0,0,0,0,0,0,0,0,0,0,0,0,0
40591,1000000US170318326002014,0,0,0,0,0,0,0,0,0,0,0,0,0,0,0,0,0,0
40592,1000000US170318326002015,0,0,0,0,0,0,0,0,0,0,0,0,0,0,0,0,0,0
40593,1000000US170318326002016,0,0,0,0,0,0,0,0,0,0,0,0,0,0,0,0,0,0
40594,1000000US170318326002017,0,0,0,0,0,0,0,0,0,0,0,0,0,0,0,0,0,0
40595,1000000US170318326002018,72,70,0,0,0,0,0,72,0,0,2,0,54,51,3,78,0,0
40596,1000000US170318326002019,0,0,0,0,0,0,0,0,0,0,0,0,0,0,0,0,0,0
40597,1000000US170318326002020,50,45,2,1,2,0,1,49,0,1,5,1,27,24,3,58,0,0
40598,1000000US170318326002021,62,57,1,0,2,0,2,60,0,2,5,0,35,34,1,79,0,0
40599,1000000US170318326002022,25,14,11,0,0,0,0,25,0,0,11,0,12,12,0,29,0,0
40600,1000000US170318326002023,0,0,0,0,0,0,0,0,0,0,0,0,0,0,0,0,0,0
40601,1000000US170318326002024,0,0,0,0,0,0,0,0,0,0,0,0,0,0,0,0,0,0
40602,1000000US170318326002025,0,0,0,0,0,0,0,0,0,0,0,0,0,0,0,0,0,0
40603,1000000US170318326002026,0,0,0,0,0,0,0,0,0,0,0,0,0,0,0,0,0,0
40604,1000000US170318326003000,243,221,5,0,12,0,5,238,0,5,22,3,171,151,20,255,0,0
40605,1000000US170318326003001,100,95,0,0,2,0,3,97,0,3,5,1,57,54,3,124,0,0
40606,1000000US170318326003002,85,76,1,1,3,0,5,80,0,5,9,1,60,52,8,98,1,0
40607,1000000US170318326003003,14,12,0,0,0,1,1,13,0,1,2,0,10,10,0,14,0,0
40608,1000000US170318326003004,95,86,1,0,3,0,5,90,0,5,9,4,56,54,2,119,0,0
40609,1000000US170318326003005,75,74,0,0,1,0,0,75,0,0,1,1,39,37,2,94,0,0
40610,1000000US170318326003006,145,139,0,1,2,0,4,141,0,4,6,1,93,89,4,161,0,0
40611,1000000US170318326003007,188,151,14,2,17,0,6,182,0,6,37,7,121,104,17,207,0,0
40612,1000000US170318326003008,154,147,1,0,4,0,2,152,0,2,7,1,97,87,10,164,0,0
40613,1000000US170318326003009,87,80,1,0,3,0,2,85,0,2,7,1,54,51,3,97,0,0
40614,1000000US170318326003010,23,21,0,0,0,0,2,21,0,2,2,1,13,11,2,25,0,0
40615,1000000US170318326003011,12,11,0,0,0,0,1,11,0,1,1,0,9,6,3,12,0,0
40616,1000000US170318326003012,18,15,0,0,3,0,0,18,0,0,3,0,12,11,1,22,0,0
40617,1000000US170318326003013,89,75,7,1,5,0,4,85,0,4,14,4,58,54,4,111,0,2
40618,1000000US170318326003014,82,79,1,0,2,0,0,82,0,0,3,0,52,50,2,99,0,0
40619,1000000US170318326003015,68,64,1,0,2,0,1,67,0,1,4,0,37,36,1,91,0,0
40620,1000000US170318326003016,93,85,0,0,4,0,4,89,0,4,8,1,55,54,1,124,0,0
40621,1000000US170318326003017,98,90,1,0,6,0,1,97,0,1,8,1,64,59,5,129,0,0
40622,1000000US170318326003018,20,17,0,0,1,0,2,18,0,2,3,0,12,12,0,24,0,0
40623,1000000US170318329001000,0,0,0,0,0,0,0,0,0,0,0,0,0,0,0,0,0,0
40624,1000000US170318329001001,0,0,0,0,0,0,0,0,0,0,0,0,0,0,0,0,0,0
40625,1000000US170318329001002,0,0,0,0,0,0,0,0,0,0,0,0,0,0,0,0,0,0
40626,1000000US170318329001003,8,8,0,0,0,0,0,8,0,0,0,0,4,3,1,8,0,0
40627,1000000US170318329001004,0,0,0,0,0,0,0,0,0,0,0,0,0,0,0,0,0,0
40628,1000000US170318329001005,248,140,9,2,86,2,8,240,0,8,108,6,280,206,74,248,2,0
40629,1000000US170318329001006,0,0,0,0,0,0,0,0,0,0,0,0,0,0,0,0,0,0
40630,1000000US170318329001007,0,0,0,0,0,0,0,0,0,0,0,0,0,0,0,0,0,0
40631,1000000US170318329001008,19,5,6,0,7,1,1,18,0,1,14,1,12,12,0,19,0,0
40632,1000000US170318329001009,280,147,31,0,86,0,14,266,0,14,133,2,153,149,4,330,0,1
40633,1000000US170318329001010,5,4,0,0,1,0,0,5,0,0,1,0,4,4,0,7,0,0
40634,1000000US170318329001011,22,11,2,0,5,0,4,18,0,4,11,1,20,12,8,22,0,0
40635,1000000US170318329001012,166,85,11,0,61,0,10,156,0,10,81,2,86,84,2,184,0,1
40636,1000000US170318329001013,130,73,0,0,46,0,11,119,0,11,57,3,77,71,6,136,0,0
40637,1000000US170318329001014,126,74,4,1,41,0,9,117,0,9,52,2,70,63,7,133,1,0
40638,1000000US170318329001015,196,124,11,1,28,0,30,166,0,30,72,5,98,94,4,217,0,0
40639,1000000US170318329001016,134,105,3,0,19,0,6,128,0,6,29,0,61,61,0,141,0,0
40640,1000000US170318329001017,25,10,2,0,8,0,5,20,0,5,15,1,12,12,0,26,0,0
40641,1000000US170318329001018,0,0,0,0,0,0,0,0,0,0,0,0,0,0,0,0,0,0
40642,1000000US170318329001019,10,8,0,0,2,0,0,10,0,0,2,0,9,7,2,10,0,0
40643,1000000US170318329001020,1,0,0,0,0,0,1,0,0,1,1,0,1,1,0,1,0,0
40644,1000000US170318329002000,0,0,0,0,0,0,0,0,0,0,0,0,0,0,0,0,0,0
40645,1000000US170318329002001,0,0,0,0,0,0,0,0,0,0,0,0,0,0,0,0,0,0
40646,1000000US170318329002002,0,0,0,0,0,0,0,0,0,0,0,0,0,0,0,0,0,0
40647,1000000US170318329002003,0,0,0,0,0,0,0,0,0,0,0,0,0,0,0,0,0,0
40648,1000000US170318329002004,0,0,0,0,0,0,0,0,0,0,0,0,0,0,0,0,0,0
40649,1000000US170318329002005,0,0,0,0,0,0,0,0,0,0,0,0,0,0,0,0,0,0
40650,1000000US170318329002006,0,0,0,0,0,0,0,0,0,0,0,0,0,0,0,0,0,0
40651,1000000US170318329002007,0,0,0,0,0,0,0,0,0,0,0,0,0,0,0,0,0,0
40652,1000000US170318329002008,0,0,0,0,0,0,0,0,0,0,0,0,0,0,0,0,0,0
40653,1000000US170318329002009,0,0,0,0,0,0,0,0,0,0,0,0,0,0,0,0,0,0
40654,1000000US170318329002010,0,0,0,0,0,0,0,0,0,0,0,0,0,0,0,0,0,0
40655,1000000US170318329002011,0,0,0,0,0,0,0,0,0,0,0,0,0,0,0,0,0,0
40656,1000000US170318329002012,74,43,0,0,20,0,11,63,0,11,31,0,38,38,0,83,0,0
40657,1000000US170318329002013,60,28,6,0,19,1,7,53,0,7,32,2,32,30,2,69,0,0
40658,1000000US170318329002014,0,0,0,0,0,0,0,0,0,0,0,0,0,0,0,0,0,0
40659,1000000US170318329002015,53,39,1,0,4,0,9,44,0,9,14,0,34,30,4,60,0,0
40660,1000000US170318329002016,72,51,2,0,12,0,7,65,0,7,21,0,38,33,5,73,0,0
40661,1000000US170318329002017,4,2,0,0,2,0,0,4,0,0,2,0,3,3,0,6,0,0
40662,1000000US170318329002018,49,33,0,0,10,0,6,43,0,6,16,0,21,20,1,49,0,0
40663,1000000US170318329002019,59,43,0,0,12,0,2,57,0,2,16,0,26,25,1,61,0,0
40664,1000000US170318329002020,68,37,2,0,23,0,6,62,0,6,31,0,34,31,3,72,0,0
40665,1000000US170318329002021,41,32,0,0,4,0,5,36,0,5,9,1,18,17,1,42,0,0
40666,1000000US170318329002022,126,90,5,1,25,0,7,119,0,7,36,4,65,55,10,135,1,1
40667,1000000US170318329002023,50,42,1,1,5,0,1,49,0,1,8,1,27,27,0,57,0,0
40668,1000000US170318329002024,5,5,0,0,0,0,0,5,0,0,0,0,6,4,2,5,0,0
40669,1000000US170318329002025,16,13,0,0,0,0,3,13,0,3,3,0,10,8,2,18,0,0
40670,1000000US170318330001000,0,0,0,0,0,0,0,0,0,0,0,0,0,0,0,1,0,0
40671,1000000US170318330001001,1,1,0,0,0,0,0,1,0,0,0,0,1,1,0,1,0,0
40672,1000000US170318330001002,0,0,0,0,0,0,0,0,0,0,0,0,0,0,0,0,0,0
40673,1000000US170318330001003,0,0,0,0,0,0,0,0,0,0,0,0,0,0,0,0,0,0
40674,1000000US170318330001004,0,0,0,0,0,0,0,0,0,0,0,0,0,0,0,0,0,0
40675,1000000US170318330001005,0,0,0,0,0,0,0,0,0,0,0,0,0,0,0,0,0,0
40676,1000000US170318330001006,0,0,0,0,0,0,0,0,0,0,0,0,0,0,0,0,0,0
40677,1000000US170318330001007,0,0,0,0,0,0,0,0,0,0,0,0,0,0,0,0,0,0
40678,1000000US170318330001008,0,0,0,0,0,0,0,0,0,0,0,0,0,0,0,0,0,0
40679,1000000US170318330001009,1,0,0,0,0,0,0,1,0,0,1,0,1,1,0,1,0,0
40680,1000000US170318330001010,0,0,0,0,0,0,0,0,0,0,0,0,0,0,0,0,0,0
40681,1000000US170318330001011,0,0,0,0,0,0,0,0,0,0,0,0,0,0,0,0,0,0
40682,1000000US170318330001012,0,0,0,0,0,0,0,0,0,0,0,0,0,0,0,0,0,0
40683,1000000US170318330001013,0,0,0,0,0,0,0,0,0,0,0,0,0,0,0,0,0,0
40684,1000000US170318330001014,4,3,1,0,0,0,0,4,0,0,1,0,4,4,0,4,0,0
40685,1000000US170318330001015,14,13,0,0,0,1,0,14,0,0,1,1,8,8,0,17,0,0
40686,1000000US170318330001016,0,0,0,0,0,0,0,0,0,0,0,0,0,0,0,0,0,0
40687,1000000US170318330001017,10,10,0,0,0,0,0,10,0,0,0,0,5,5,0,11,0,0
40688,1000000US170318330001018,13,11,1,1,0,0,0,13,0,0,2,0,6,6,0,14,1,0
40689,1000000US170318330001019,112,87,18,2,2,0,4,108,0,4,25,3,89,84,5,113,2,1
40690,1000000US170318330001020,13,11,1,0,0,0,1,12,0,1,2,0,12,12,0,14,0,0
40691,1000000US170318330001021,0,0,0,0,0,0,0,0,0,0,0,0,0,0,0,0,0,0
40692,1000000US170318330001022,0,0,0,0,0,0,0,0,0,0,0,0,0,0,0,0,0,0
40693,1000000US170318330001023,25,22,0,0,3,0,0,25,0,0,3,0,16,10,6,26,0,0
40694,1000000US170318330001024,0,0,0,0,0,0,0,0,0,0,0,0,0,0,0,0,0,0
40695,1000000US170318330001025,0,0,0,0,0,0,0,0,0,0,0,0,0,0,0,0,0,0
40696,1000000US170318330001026,0,0,0,0,0,0,0,0,0,0,0,0,3,0,3,0,0,0
40697,1000000US170318330001027,0,0,0,0,0,0,0,0,0,0,0,0,0,0,0,0,0,0
40698,1000000US170318330001028,0,0,0,0,0,0,0,0,0,0,0,0,4,0,4,0,0,0
40699,1000000US170318330001029,0,0,0,0,0,0,0,0,0,0,0,0,0,0,0,0,0,0
40700,1000000US170318330001030,0,0,0,0,0,0,0,0,0,0,0,0,0,0,0,0,0,0
40701,1000000US170318330001031,0,0,0,0,0,0,0,0,0,0,0,0,0,0,0,0,0,0
40702,1000000US170318330001032,0,0,0,0,0,0,0,0,0,0,0,0,0,0,0,0,0,0
40703,1000000US170318330001033,0,0,0,0,0,0,0,0,0,0,0,0,0,0,0,0,0,0
40704,1000000US170318330001034,39,34,2,1,1,0,1,38,0,1,5,0,24,24,0,39,1,0
40705,1000000US170318330001035,0,0,0,0,0,0,0,0,0,0,0,0,0,0,0,0,0,0
40706,1000000US170318330001036,0,0,0,0,0,0,0,0,0,0,0,0,0,0,0,0,0,0
40707,1000000US170318330001037,0,0,0,0,0,0,0,0,0,0,0,0,0,0,0,0,0,0
40708,1000000US170318330001038,2,2,0,0,0,0,0,2,0,0,0,0,5,2,3,2,0,0
40709,1000000US170318330001039,0,0,0,0,0,0,0,0,0,0,0,0,1,0,1,0,0,0
40710,1000000US170318330001040,101,78,5,1,12,0,6,95,0,6,23,2,73,70,3,105,1,0
40711,1000000US170318330001041,5,4,1,0,0,0,0,5,0,0,1,1,12,4,8,5,0,0
40712,1000000US170318330001042,0,0,0,0,0,0,0,0,0,0,0,0,0,0,0,0,0,0
40713,1000000US170318330001043,1,1,0,0,0,0,0,1,0,0,0,0,2,1,1,1,0,0
40714,1000000US170318330001044,0,0,0,0,0,0,0,0,0,0,0,0,0,0,0,0,0,0
40715,1000000US170318330001045,0,0,0,0,0,0,0,0,0,0,0,0,0,0,0,0,0,0
40716,1000000US170318330001046,0,0,0,0,0,0,0,0,0,0,0,0,0,0,0,0,0,0
40717,1000000US170318330001047,0,0,0,0,0,0,0,0,0,0,0,0,0,0,0,0,0,0
40718,1000000US170318330001048,1,1,0,0,0,0,0,1,0,0,0,0,1,1,0,1,0,0
40719,1000000US170318330001049,0,0,0,0,0,0,0,0,0,0,0,0,0,0,0,0,0,0
40720,1000000US170318330001050,6,5,0,0,0,0,1,5,0,1,1,0,4,4,0,6,0,0
40721,1000000US170318330001051,0,0,0,0,0,0,0,0,0,0,0,0,0,0,0,0,0,0
40722,1000000US170318330001052,0,0,0,0,0,0,0,0,0,0,0,0,0,0,0,0,0,0
40723,1000000US170318330001053,239,196,9,0,22,0,12,227,0,12,43,4,176,155,21,258,0,0
40724,1000000US170318330001054,0,0,0,0,0,0,0,0,0,0,0,0,0,0,0,0,0,0
40725,1000000US170318330001055,0,0,0,0,0,0,0,0,0,0,0,0,0,0,0,0,0,0
40726,1000000US170318330001056,0,0,0,0,0,0,0,0,0,0,0,0,0,0,0,0,0,0
40727,1000000US170318330001057,222,77,130,1,1,1,16,206,0,16,145,1,2,2,0,222,1,4
40728,1000000US170318330001058,35,30,1,0,4,0,0,35,0,0,5,0,70,25,45,36,0,0
40729,1000000US170318330001059,62,54,2,0,2,0,4,58,0,4,8,0,41,37,4,66,0,0
40730,1000000US170318330001060,2,1,1,0,0,0,0,2,0,0,1,1,10,1,9,2,0,0
40731,1000000US170318330001061,0,0,0,0,0,0,0,0,0,0,0,0,0,0,0,0,0,0
40732,1000000US170318330001062,94,77,6,1,8,0,2,92,0,2,17,0,73,64,9,96,1,0
40733,1000000US170318330001063,78,67,1,0,7,0,3,75,0,3,11,0,52,48,4,85,0,0
40734,1000000US170318330001064,13,7,0,0,5,0,1,12,0,1,6,0,8,6,2,15,0,0
40735,1000000US170318330001065,0,0,0,0,0,0,0,0,0,0,0,0,0,0,0,0,0,0
40736,1000000US170318330001066,108,89,4,0,13,0,2,106,0,2,19,3,73,69,4,117,0,0
40737,1000000US170318330001067,0,0,0,0,0,0,0,0,0,0,0,0,0,0,0,0,0,0
40738,1000000US170318330001068,154,127,2,1,19,0,6,148,0,6,27,2,108,105,3,163,1,1
40739,1000000US170318330001069,0,0,0,0,0,0,0,0,0,0,0,0,0,0,0,0,0,0
40740,1000000US170318330001070,0,0,0,0,0,0,0,0,0,0,0,0,0,0,0,0,0,0
40741,1000000US170318330001071,2,2,0,0,0,0,0,2,0,0,0,0,1,1,0,4,0,0
40742,1000000US170318330001072,0,0,0,0,0,0,0,0,0,0,0,0,0,0,0,0,0,0
40743,1000000US170318330001073,181,148,9,0,20,0,6,175,0,6,33,3,125,115,10,193,0,2
40744,1000000US170318330001074,0,0,0,0,0,0,0,0,0,0,0,0,0,0,0,0,0,0
40745,1000000US170318330002000,0,0,0,0,0,0,0,0,0,0,0,0,0,0,0,0,0,0
40746,1000000US170318330002001,0,0,0,0,0,0,0,0,0,0,0,0,0,0,0,0,0,0
40747,1000000US170318330002002,0,0,0,0,0,0,0,0,0,0,0,0,0,0,0,0,0,0
40748,1000000US170318330002003,0,0,0,0,0,0,0,0,0,0,0,0,0,0,0,0,0,0
40749,1000000US170318330002004,0,0,0,0,0,0,0,0,0,0,0,0,0,0,0,0,0,0
40750,1000000US170318330002005,0,0,0,0,0,0,0,0,0,0,0,0,0,0,0,0,0,0
40751,1000000US170318330002006,0,0,0,0,0,0,0,0,0,0,0,0,0,0,0,0,0,0
40752,1000000US170318330002007,0,0,0,0,0,0,0,0,0,0,0,0,0,0,0,0,0,0
40753,1000000US170318330002008,0,0,0,0,0,0,0,0,0,0,0,0,0,0,0,0,0,0
40754,1000000US170318330002009,42,33,3,0,5,0,1,41,0,1,9,1,25,24,1,48,0,0
40755,1000000US170318330002010,0,0,0,0,0,0,0,0,0,0,0,0,0,0,0,0,0,0
40756,1000000US170318330002011,0,0,0,0,0,0,0,0,0,0,0,0,0,0,0,0,0,0
40757,1000000US170318330002012,0,0,0,0,0,0,0,0,0,0,0,0,0,0,0,0,0,0
40758,1000000US170318330002013,0,0,0,0,0,0,0,0,0,0,0,0,0,0,0,0,0,0
40759,1000000US170318330002014,0,0,0,0,0,0,0,0,0,0,0,0,0,0,0,0,0,0
40760,1000000US170318330002015,0,0,0,0,0,0,0,0,0,0,0,0,0,0,0,0,0,0
40761,1000000US170318330002016,0,0,0,0,0,0,0,0,0,0,0,0,0,0,0,0,0,0
40762,1000000US170318330002017,0,0,0,0,0,0,0,0,0,0,0,0,0,0,0,0,0,0
40763,1000000US170318330002018,0,0,0,0,0,0,0,0,0,0,0,0,0,0,0,0,0,0
40764,1000000US170318330002019,0,0,0,0,0,0,0,0,0,0,0,0,0,0,0,0,0,0
40765,1000000US170318330002020,0,0,0,0,0,0,0,0,0,0,0,0,0,0,0,0,0,0
40766,1000000US170318330002021,0,0,0,0,0,0,0,0,0,0,0,0,0,0,0,0,0,0
40767,1000000US170318330002022,0,0,0,0,0,0,0,0,0,0,0,0,0,0,0,0,0,0
40768,1000000US170318330002023,0,0,0,0,0,0,0,0,0,0,0,0,0,0,0,0,0,0
40769,1000000US170318330002024,0,0,0,0,0,0,0,0,0,0,0,0,0,0,0,0,0,0
40770,1000000US170318330002025,8,8,0,0,0,0,0,8,0,0,0,0,4,4,0,10,0,0
40771,1000000US170318330002026,0,0,0,0,0,0,0,0,0,0,0,0,0,0,0,0,0,0
40772,1000000US170318330002027,0,0,0,0,0,0,0,0,0,0,0,0,0,0,0,0,0,0
40773,1000000US170318330002028,0,0,0,0,0,0,0,0,0,0,0,0,0,0,0,0,0,0
40774,1000000US170318330002029,0,0,0,0,0,0,0,0,0,0,0,0,0,0,0,0,0,0
40775,1000000US170318330002030,0,0,0,0,0,0,0,0,0,0,0,0,0,0,0,0,0,0
40776,1000000US170318330002031,0,0,0,0,0,0,0,0,0,0,0,0,0,0,0,0,0,0
40777,1000000US170318330002032,0,0,0,0,0,0,0,0,0,0,0,0,0,0,0,0,0,0
40778,1000000US170318330002033,0,0,0,0,0,0,0,0,0,0,0,0,0,0,0,0,0,0
40779,1000000US170318330002034,0,0,0,0,0,0,0,0,0,0,0,0,0,0,0,0,0,0
40780,1000000US170318330002035,0,0,0,0,0,0,0,0,0,0,0,0,0,0,0,0,0,0
40781,1000000US170318330002036,0,0,0,0,0,0,0,0,0,0,0,0,0,0,0,0,0,0
40782,1000000US170318330002037,0,0,0,0,0,0,0,0,0,0,0,0,0,0,0,0,0,0
40783,1000000US170318330002038,0,0,0,0,0,0,0,0,0,0,0,0,0,0,0,0,0,0
40784,1000000US170318330002039,0,0,0,0,0,0,0,0,0,0,0,0,0,0,0,0,0,0
40785,1000000US170318330002040,0,0,0,0,0,0,0,0,0,0,0,0,0,0,0,0,0,0
40786,1000000US170318330002041,0,0,0,0,0,0,0,0,0,0,0,0,0,0,0,0,0,0
40787,1000000US170318330002042,0,0,0,0,0,0,0,0,0,0,0,0,0,0,0,0,0,0
40788,1000000US170318330002043,8,7,0,0,1,0,0,8,0,0,1,0,5,4,1,8,0,0
40789,1000000US170318330002044,79,64,6,0,7,0,2,77,0,2,15,1,54,49,5,87,0,0
40790,1000000US170318330002045,19,16,0,0,1,0,2,17,0,2,3,0,13,13,0,22,0,0
40791,1000000US170318330002046,0,0,0,0,0,0,0,0,0,0,0,0,0,0,0,0,0,0
40792,1000000US170318330002047,6,4,0,0,1,0,1,5,0,1,2,0,7,5,2,6,0,0
40793,1000000US170318330002048,10,9,0,0,1,0,0,10,0,0,1,0,5,5,0,11,0,0
40794,1000000US170318330002049,15,11,2,0,2,0,0,15,0,0,4,0,11,11,0,16,0,0
40795,1000000US170318330002050,0,0,0,0,0,0,0,0,0,0,0,0,0,0,0,0,0,0
40796,1000000US170318330002051,0,0,0,0,0,0,0,0,0,0,0,0,0,0,0,0,0,0
40797,1000000US170318330002052,0,0,0,0,0,0,0,0,0,0,0,0,0,0,0,0,0,0
40798,1000000US170318330002053,5,3,0,0,2,0,0,5,0,0,2,0,3,3,0,5,0,0
40799,1000000US170318330002054,7,5,0,0,1,0,1,6,0,1,2,0,4,4,0,7,0,0
40800,1000000US170318330002055,0,0,0,0,0,0,0,0,0,0,0,0,0,0,0,0,0,0
40801,1000000US170318330002056,6,6,0,0,0,0,0,6,0,0,0,0,4,4,0,7,0,0
40802,1000000US170318330002057,0,0,0,0,0,0,0,0,0,0,0,0,0,0,0,0,0,0
40803,1000000US170318330002058,0,0,0,0,0,0,0,0,0,0,0,0,0,0,0,0,0,0
40804,1000000US170318330002059,0,0,0,0,0,0,0,0,0,0,0,0,0,0,0,0,0,0
40805,1000000US170318330002060,0,0,0,0,0,0,0,0,0,0,0,0,0,0,0,0,0,0
40806,1000000US170318330002061,0,0,0,0,0,0,0,0,0,0,0,0,0,0,0,0,0,0
40807,1000000US170318330002062,0,0,0,0,0,0,0,0,0,0,0,0,0,0,0,0,0,0
40808,1000000US170318330002063,0,0,0,0,0,0,0,0,0,0,0,0,0,0,0,0,0,0
40809,1000000US170318330002064,0,0,0,0,0,0,0,0,0,0,0,0,0,0,0,0,0,0
40810,1000000US170318330002065,0,0,0,0,0,0,0,0,0,0,0,0,0,0,0,0,0,0
40811,1000000US170318330002066,0,0,0,0,0,0,0,0,0,0,0,0,0,0,0,0,0,0
40812,1000000US170318330002067,0,0,0,0,0,0,0,0,0,0,0,0,0,0,0,0,0,0
40813,1000000US170318330002068,0,0,0,0,0,0,0,0,0,0,0,0,0,0,0,0,0,0
40814,1000000US170318330002069,0,0,0,0,0,0,0,0,0,0,0,0,0,0,0,0,0,0
40815,1000000US170318330002070,0,0,0,0,0,0,0,0,0,0,0,0,0,0,0,0,0,0
40816,1000000US170318330002071,0,0,0,0,0,0,0,0,0,0,0,0,0,0,0,0,0,0
40817,1000000US170318330002072,0,0,0,0,0,0,0,0,0,0,0,0,0,0,0,0,0,0
40818,1000000US170318330002073,0,0,0,0,0,0,0,0,0,0,0,0,0,0,0,0,0,0
40819,1000000US170318330002074,0,0,0,0,0,0,0,0,0,0,0,0,0,0,0,0,0,0
40820,1000000US170318330002075,0,0,0,0,0,0,0,0,0,0,0,0,0,0,0,0,0,0
40821,1000000US170318330002076,6,6,0,0,0,0,0,6,0,0,0,0,2,2,0,6,0,0
40822,1000000US170318330002077,0,0,0,0,0,0,0,0,0,0,0,0,0,0,0,0,0,0
40823,1000000US170318330002078,0,0,0,0,0,0,0,0,0,0,0,0,0,0,0,0,0,0
40824,1000000US170318330002079,4,4,0,0,0,0,0,4,0,0,0,0,2,2,0,4,0,0
40825,1000000US170318330002080,0,0,0,0,0,0,0,0,0,0,0,0,0,0,0,0,0,0
40826,1000000US170318330002081,0,0,0,0,0,0,0,0,0,0,0,0,0,0,0,0,0,0
40827,1000000US170318330002082,6,5,0,0,0,0,1,5,0,1,1,0,4,4,0,6,0,0
40828,1000000US170318330002083,34,29,1,0,4,0,0,34,0,0,5,0,25,25,0,37,0,0
40829,1000000US170318330002084,2,2,0,0,0,0,0,2,0,0,0,0,1,1,0,2,0,0
40830,1000000US170318330002085,0,0,0,0,0,0,0,0,0,0,0,0,0,0,0,0,0,0
40831,1000000US170318330002086,0,0,0,0,0,0,0,0,0,0,0,0,0,0,0,0,0,0
40832,1000000US170318330002087,0,0,0,0,0,0,0,0,0,0,0,0,0,0,0,0,0,0
40833,1000000US170318330002088,0,0,0,0,0,0,0,0,0,0,0,0,0,0,0,0,0,0
40834,1000000US170318330002089,78,59,5,0,11,1,2,76,0,2,19,0,50,49,1,82,0,0
40835,1000000US170318330002090,41,27,7,0,6,0,1,40,0,1,14,1,21,21,0,55,0,0
40836,1000000US170318330002091,81,2,77,2,0,0,0,81,0,0,79,2,80,78,2,81,1,0
40837,1000000US170318330002092,0,0,0,0,0,0,0,0,0,0,0,0,0,0,0,0,0,0
40838,1000000US170318330002093,0,0,0,0,0,0,0,0,0,0,0,0,14,0,14,0,0,0
40839,1000000US170318330002094,0,0,0,0,0,0,0,0,0,0,0,0,0,0,0,0,0,0
40840,1000000US170318330002095,0,0,0,0,0,0,0,0,0,0,0,0,0,0,0,0,0,0
40841,1000000US170318330002096,0,0,0,0,0,0,0,0,0,0,0,0,0,0,0,0,0,0
40842,1000000US170318330002097,0,0,0,0,0,0,0,0,0,0,0,0,0,0,0,0,0,0
40843,1000000US170318330002098,0,0,0,0,0,0,0,0,0,0,0,0,0,0,0,0,0,0
40844,1000000US170318330002099,51,42,2,0,5,0,3,48,0,3,9,2,30,30,0,54,0,0
40845,1000000US170318330002100,23,16,6,0,0,0,1,22,0,1,7,0,15,15,0,28,0,0
40846,1000000US170318330002101,62,54,4,0,2,0,2,60,0,2,8,0,40,39,1,70,0,0
40847,1000000US170318330002102,148,115,17,0,14,0,2,146,0,2,33,4,94,91,3,166,0,0
40848,1000000US170318330002103,0,0,0,0,0,0,0,0,0,0,0,0,0,0,0,0,0,0
40849,1000000US170318330002104,0,0,0,0,0,0,0,0,0,0,0,0,0,0,0,0,0,0
40850,1000000US170318330002105,0,0,0,0,0,0,0,0,0,0,0,0,0,0,0,0,0,0
40851,1000000US170318330002106,0,0,0,0,0,0,0,0,0,0,0,0,0,0,0,0,0,0
40852,1000000US170318330002107,182,129,11,0,33,0,9,173,0,9,53,3,117,114,3,199,0,0
40853,1000000US170318330002108,1,0,0,0,1,0,0,1,0,0,1,1,1,1,0,1,0,0
40854,1000000US170318330002109,0,0,0,0,0,0,0,0,0,0,0,0,0,0,0,0,0,0
40855,1000000US170318330002110,13,12,1,0,0,0,0,13,0,0,1,0,8,8,0,13,0,0
40856,1000000US170318330002111,94,81,8,0,3,0,2,92,0,2,13,1,59,54,5,96,0,0
40857,1000000US170318330002112,0,0,0,0,0,0,0,0,0,0,0,0,0,0,0,0,0,0
40858,1000000US170318330002113,20,11,5,0,2,0,2,18,0,2,9,0,11,11,0,23,0,0
40859,1000000US170318330002114,0,0,0,0,0,0,0,0,0,0,0,0,0,0,0,0,0,0
40860,1000000US170318330002115,0,0,0,0,0,0,0,0,0,0,0,0,0,0,0,0,0,0
40861,1000000US170318331001000,0,0,0,0,0,0,0,0,0,0,0,0,0,0,0,0,0,0
40862,1000000US170318331001001,0,0,0,0,0,0,0,0,0,0,0,0,0,0,0,0,0,0
40863,1000000US170318331001002,0,0,0,0,0,0,0,0,0,0,0,0,0,0,0,0,0,0
40864,1000000US170318331001003,0,0,0,0,0,0,0,0,0,0,0,0,0,0,0,0,0,0
40865,1000000US170318331001004,0,0,0,0,0,0,0,0,0,0,0,0,0,0,0,0,0,0
40866,1000000US170318331001005,209,149,5,1,36,0,19,190,0,19,60,0,145,139,6,221,1,0
40867,1000000US170318331001006,269,194,12,0,43,0,19,250,0,19,75,6,194,184,10,282,0,0
40868,1000000US170318331001007,165,128,6,1,24,0,8,157,0,8,37,1,115,105,10,183,1,1
40869,1000000US170318331001008,0,0,0,0,0,0,0,0,0,0,0,0,0,0,0,0,0,0
40870,1000000US170318331001009,0,0,0,0,0,0,0,0,0,0,0,0,0,0,0,0,0,0
40871,1000000US170318331001010,1,0,1,0,0,0,0,1,0,0,1,0,4,1,3,1,0,0
40872,1000000US170318331001011,0,0,0,0,0,0,0,0,0,0,0,0,0,0,0,0,0,0
40873,1000000US170318331001012,139,114,8,0,14,0,4,135,0,4,25,1,93,86,7,146,0,1
40874,1000000US170318331001013,64,44,2,1,16,0,3,61,0,3,20,2,40,37,3,81,0,0
40875,1000000US170318331001014,117,90,6,0,14,2,6,111,0,6,27,0,119,66,53,139,0,1
40876,1000000US170318331001015,68,54,2,0,7,0,4,64,0,4,14,1,40,39,1,81,0,0
40877,1000000US170318331001016,134,94,13,0,17,1,10,124,0,10,40,0,69,67,2,199,0,0
40878,1000000US170318331001017,112,91,7,0,10,0,4,108,0,4,21,0,64,61,3,128,0,0
40879,1000000US170318331001018,246,193,7,0,40,0,8,238,0,8,53,3,178,170,8,257,0,1
40880,1000000US170318331001019,27,20,0,0,3,0,4,23,0,4,7,0,16,15,1,35,0,0
40881,1000000US170318331001020,0,0,0,0,0,0,0,0,0,0,0,0,1,0,1,0,0,0
40882,1000000US170318331001021,138,122,2,0,12,1,3,135,0,3,16,2,90,84,6,146,0,0
40883,1000000US170318331001022,256,174,7,1,56,0,18,238,0,18,82,2,423,167,256,272,0,0
40884,1000000US170318331001023,0,0,0,0,0,0,0,0,0,0,0,0,0,0,0,0,0,0
40885,1000000US170318331001024,94,79,4,0,4,0,7,87,0,7,15,0,66,62,4,100,0,0
40886,1000000US170318331001025,0,0,0,0,0,0,0,0,0,0,0,0,0,0,0,0,0,0
40887,1000000US170318331001026,59,52,1,0,3,0,3,56,0,3,7,2,35,34,1,67,0,0
40888,1000000US170318331001027,0,0,0,0,0,0,0,0,0,0,0,0,0,0,0,0,0,0
40889,1000000US170318331001028,82,70,5,1,3,0,3,79,0,3,12,1,58,57,1,87,0,0
40890,1000000US170318331001029,11,7,0,0,3,0,1,10,0,1,4,0,7,6,1,11,0,0
40891,1000000US170318331001030,560,449,24,1,60,0,32,528,0,32,111,7,416,396,20,582,1,2
40892,1000000US170318331002000,173,129,10,1,23,0,7,166,0,7,44,3,133,119,14,184,0,0
40893,1000000US170318331002001,0,0,0,0,0,0,0,0,0,0,0,0,0,0,0,0,0,0
40894,1000000US170318331002002,0,0,0,0,0,0,0,0,0,0,0,0,0,0,0,0,0,0
40895,1000000US170318331002003,25,15,8,0,2,0,0,25,0,0,10,0,15,11,4,28,0,0
40896,1000000US170318331002004,46,16,24,0,0,0,7,39,0,7,30,1,0,0,0,99,0,1
40897,1000000US170318331002005,155,110,7,1,28,0,10,145,0,10,45,1,95,91,4,185,0,0
40898,1000000US170318331002006,0,0,0,0,0,0,0,0,0,0,0,0,0,0,0,0,0,0
40899,1000000US170318331002007,72,63,1,0,6,0,1,71,0,1,9,1,39,34,5,85,0,0
40900,1000000US170318331002008,3,2,1,0,0,0,0,3,0,0,1,0,2,2,0,3,0,0
40901,1000000US170318331002009,0,0,0,0,0,0,0,0,0,0,0,0,0,0,0,0,0,0
40902,1000000US170318331002010,0,0,0,0,0,0,0,0,0,0,0,0,0,0,0,0,0,0
40903,1000000US170318331002011,0,0,0,0,0,0,0,0,0,0,0,0,0,0,0,0,0,0
40904,1000000US170318331002012,0,0,0,0,0,0,0,0,0,0,0,0,0,0,0,0,0,0
40905,1000000US170318331002013,260,4,251,2,4,0,4,256,0,4,256,5,200,199,1,384,0,0
40906,1000000US170318331002014,329,228,34,7,41,1,27,302,0,27,101,16,273,213,60,344,2,0
40907,1000000US170318331002015,0,0,0,0,0,0,0,0,0,0,0,0,0,0,0,0,0,0
40908,1000000US170318331002016,0,0,0,0,0,0,0,0,0,0,0,0,0,0,0,0,0,0
40909,1000000US170318331002017,0,0,0,0,0,0,0,0,0,0,0,0,0,0,0,0,0,0
40910,1000000US170318331002018,111,87,0,1,18,1,6,105,0,6,24,4,75,74,1,121,0,0
40911,1000000US170318331002019,13,11,0,0,1,0,1,12,0,1,2,0,2,2,0,13,0,0
40912,1000000US170318331002020,0,0,0,0,0,0,0,0,0,0,0,0,0,0,0,0,0,0
40913,1000000US170318331002021,32,22,3,0,7,0,0,32,0,0,10,0,21,20,1,35,0,0
40914,1000000US170318331003000,0,0,0,0,0,0,0,0,0,0,0,0,0,0,0,0,0,0
40915,1000000US170318331003001,0,0,0,0,0,0,0,0,0,0,0,0,0,0,0,0,0,0
40916,1000000US170318331003002,0,0,0,0,0,0,0,0,0,0,0,0,0,0,0,0,0,0
40917,1000000US170318331003003,0,0,0,0,0,0,0,0,0,0,0,0,0,0,0,0,0,0
40918,1000000US170318331003004,28,14,4,0,8,0,2,26,0,2,14,2,17,15,2,35,0,0
40919,1000000US170318331003005,190,138,8,3,32,0,13,177,0,13,52,4,134,127,7,209,2,1
40920,1000000US170318331003006,169,141,4,0,14,0,11,158,0,11,28,2,111,110,1,185,0,0
40921,1000000US170318331003007,134,31,95,0,4,0,4,130,0,4,103,2,3,1,2,134,0,0
40922,1000000US170318331003008,0,0,0,0,0,0,0,0,0,0,0,0,0,0,0,0,0,0
40923,1000000US170318331003009,0,0,0,0,0,0,0,0,0,0,0,0,0,0,0,0,0,0
40924,1000000US170318331003010,0,0,0,0,0,0,0,0,0,0,0,0,0,0,0,0,0,0
40925,1000000US170318331003011,505,382,36,4,49,7,36,469,0,36,123,20,354,338,16,540,2,2
40926,1000000US170318331003012,0,0,0,0,0,0,0,0,0,0,0,0,0,0,0,0,0,0
40927,1000000US170318331003013,162,45,108,3,0,0,10,152,0,10,117,3,4,4,0,162,3,1
40928,1000000US170318331003014,0,0,0,0,0,0,0,0,0,0,0,0,0,0,0,0,0,0
40929,1000000US170318331003015,0,0,0,0,0,0,0,0,0,0,0,0,0,0,0,0,0,0
40930,1000000US170318331003016,0,0,0,0,0,0,0,0,0,0,0,0,0,0,0,0,0,0
40931,1000000US170318331003017,104,63,8,1,28,0,5,99,0,5,41,3,69,61,8,125,1,1
40932,1000000US170318331003018,68,53,2,1,9,0,3,65,0,3,15,2,51,49,2,74,0,0
40933,1000000US170318331003019,15,13,0,0,2,0,2,13,0,2,2,0,8,8,0,19,0,0
40934,1000000US170318331003020,132,100,7,2,15,0,8,124,0,8,32,1,84,82,2,163,1,0
40935,1000000US170318331003021,0,0,0,0,0,0,0,0,0,0,0,0,0,0,0,0,0,0
40936,1000000US170318331003022,0,0,0,0,0,0,0,0,0,0,0,0,0,0,0,0,0,0
40937,1000000US170318331003023,182,33,110,2,3,0,36,146,0,36,149,6,0,0,0,182,2,2
40938,1000000US170318331003024,102,58,27,1,7,1,10,92,0,10,44,3,59,55,4,115,0,1
40939,1000000US170318331003025,58,42,8,0,5,1,2,56,0,2,16,2,33,33,0,74,0,0
40940,1000000US170318331003026,6,5,1,0,0,0,0,6,0,0,1,0,5,4,1,6,0,0
40941,1000000US170318331003027,0,0,0,0,0,0,0,0,0,0,0,0,0,0,0,0,0,0
40942,1000000US170318331003028,0,0,0,0,0,0,0,0,0,0,0,0,0,0,0,0,0,0
40943,1000000US170318331003029,120,81,4,1,26,0,11,109,0,11,39,6,83,77,6,138,0,1
40944,1000000US170318331003030,0,0,0,0,0,0,0,0,0,0,0,0,0,0,0,0,0,0
40945,1000000US170318331003031,0,0,0,0,0,0,0,0,0,0,0,0,0,0,0,0,0,0
40946,1000000US170318331003032,0,0,0,0,0,0,0,0,0,0,0,0,0,0,0,0,0,0
40947,1000000US170318331003033,76,64,6,0,3,0,3,73,0,3,12,0,48,42,6,82,0,0
40948,1000000US170318331003034,0,0,0,0,0,0,0,0,0,0,0,0,0,0,0,0,0,0
40949,1000000US170318331003035,16,2,13,0,0,0,1,15,0,1,14,0,0,0,0,16,0,0
40950,1000000US170318331003036,133,24,70,0,11,0,28,105,0,28,109,3,122,122,0,137,0,1
40951,1000000US170318333001000,0,0,0,0,0,0,0,0,0,0,0,0,0,0,0,0,0,0
40952,1000000US170318333001001,0,0,0,0,0,0,0,0,0,0,0,0,0,0,0,0,0,0
40953,1000000US170318333001002,0,0,0,0,0,0,0,0,0,0,0,0,0,0,0,0,0,0
40954,1000000US170318333001003,114,63,31,0,10,2,13,101,0,13,51,6,142,62,80,114,0,4
40955,1000000US170318333001004,0,0,0,0,0,0,0,0,0,0,0,0,0,0,0,0,0,0
40956,1000000US170318333001005,0,0,0,0,0,0,0,0,0,0,0,0,0,0,0,0,0,0
40957,1000000US170318333001006,0,0,0,0,0,0,0,0,0,0,0,0,0,0,0,0,0,0
40958,1000000US170318333001007,0,0,0,0,0,0,0,0,0,0,0,0,0,0,0,0,0,0
40959,1000000US170318333001008,0,0,0,0,0,0,0,0,0,0,0,0,0,0,0,0,0,0
40960,1000000US170318333001009,0,0,0,0,0,0,0,0,0,0,0,0,0,0,0,0,0,0
40961,1000000US170318333001010,0,0,0,0,0,0,0,0,0,0,0,0,0,0,0,0,0,0
40962,1000000US170318333001011,46,38,2,0,4,0,2,44,0,2,8,0,32,26,6,49,0,0
40963,1000000US170318333001012,27,15,0,1,9,0,3,24,0,3,12,3,11,10,1,27,1,0
40964,1000000US170318333001013,28,22,0,0,6,0,0,28,0,0,6,0,17,14,3,33,0,0
40965,1000000US170318333001014,143,102,3,0,24,0,13,130,0,13,41,0,71,67,4,167,0,0
40966,1000000US170318333001015,13,10,0,0,2,0,1,12,0,1,3,0,26,8,18,14,0,0
40967,1000000US170318333001016,54,28,9,0,10,0,7,47,0,7,26,0,29,29,0,72,0,0
40968,1000000US170318333001017,266,120,20,1,94,0,32,234,0,32,146,6,116,115,1,305,0,0
40969,1000000US170318333001018,1,0,1,0,0,0,0,1,0,0,1,0,1,1,0,3,0,0
40970,1000000US170318333001019,53,23,3,2,12,0,13,40,0,13,30,2,17,16,1,55,1,0
40971,1000000US170318333001020,47,28,0,1,16,0,3,44,0,3,19,0,29,25,4,47,1,0
40972,1000000US170318333001021,212,117,24,0,56,0,15,197,0,15,95,5,102,99,3,248,0,0
40973,1000000US170318333001022,195,99,2,1,82,0,12,183,0,12,96,1,106,89,17,205,1,0
40974,1000000US170318333001023,124,51,3,0,59,1,12,112,0,12,73,2,66,64,2,136,0,0
40975,1000000US170318333001024,135,66,8,0,51,0,9,126,0,9,69,3,55,51,4,144,0,0
40976,1000000US170318333001025,10,10,0,0,0,0,0,10,0,0,0,0,1,1,0,10,0,0
40977,1000000US170318333001026,51,35,3,0,8,0,5,46,0,5,16,0,30,27,3,58,0,0
40978,1000000US170318333001027,0,0,0,0,0,0,0,0,0,0,0,0,0,0,0,0,0,0
40979,1000000US170318333001028,32,21,0,0,6,0,5,27,0,5,11,0,25,18,7,32,0,0
40980,1000000US170318333001029,53,25,0,1,25,0,3,50,0,3,28,3,27,27,0,55,0,0
40981,1000000US170318333001030,53,26,1,0,17,0,9,44,0,9,27,3,28,25,3,55,0,1
40982,1000000US170318333001031,69,20,2,0,31,0,16,53,0,16,49,5,30,25,5,75,0,1
40983,1000000US170318333001032,0,0,0,0,0,0,0,0,0,0,0,0,0,0,0,0,0,0
40984,1000000US170318333001033,33,20,0,0,12,0,1,32,0,1,13,0,18,14,4,39,0,0
40985,1000000US170318333001034,56,22,0,1,25,0,7,49,0,7,34,1,32,27,5,59,0,0
40986,1000000US170318333001035,22,5,0,0,9,0,8,14,0,8,17,1,10,8,2,27,0,0
40987,1000000US170318333001036,63,44,1,0,12,0,6,57,0,6,19,0,34,29,5,66,0,0
40988,1000000US170318333001037,170,83,9,0,52,0,28,142,0,28,87,3,85,82,3,183,0,0
40989,1000000US170318333001038,0,0,0,0,0,0,0,0,0,0,0,0,0,0,0,0,0,0
40990,1000000US170318339001000,0,0,0,0,0,0,0,0,0,0,0,0,0,0,0,0,0,0
40991,1000000US170318339001001,0,0,0,0,0,0,0,0,0,0,0,0,0,0,0,0,0,0
40992,1000000US170318339001002,0,0,0,0,0,0,0,0,0,0,0,0,0,0,0,0,0,0
40993,1000000US170318339001003,0,0,0,0,0,0,0,0,0,0,0,0,0,0,0,0,0,0
40994,1000000US170318339001004,10,0,8,0,2,0,0,10,0,0,10,0,3,3,0,11,0,0
40995,1000000US170318339001005,27,0,25,0,1,0,2,25,0,2,27,0,14,13,1,32,0,1
40996,1000000US170318339001006,28,0,17,1,0,0,11,17,0,11,28,1,26,12,14,49,0,0
40997,1000000US170318339001007,0,0,0,0,0,0,0,0,0,0,0,0,0,0,0,0,0,0
40998,1000000US170318339001008,91,2,43,2,1,0,46,45,0,46,89,0,42,35,7,116,2,1
40999,1000000US170318339001009,15,0,9,0,0,0,6,9,0,6,15,0,5,5,0,32,0,0
41000,1000000US170318339001010,66,0,62,0,0,0,4,62,0,4,66,1,46,42,4,154,0,0
41001,1000000US170318339001011,0,0,0,0,0,0,0,0,0,0,0,0,0,0,0,0,0,0
41002,1000000US170318339001012,37,0,3,0,0,0,34,3,0,34,37,0,27,16,11,56,0,0
41003,1000000US170318339001013,85,0,30,7,0,0,56,29,0,56,85,1,50,37,13,123,7,2
41004,1000000US170318339001014,73,1,23,0,0,0,49,24,0,49,72,0,51,35,16,101,0,0
41005,1000000US170318339001015,33,0,7,10,0,0,26,7,0,26,33,0,23,13,10,55,10,0
41006,1000000US170318339001016,33,0,19,0,0,0,14,19,0,14,33,0,22,18,4,59,0,0
41007,1000000US170318339001017,84,1,17,16,0,0,65,19,0,65,83,1,50,33,17,126,15,0
41008,1000000US170318339001018,75,0,33,1,3,0,41,34,0,41,75,1,51,41,10,115,0,2
41009,1000000US170318339001019,82,1,13,0,1,0,67,15,0,67,81,3,56,40,16,115,0,0
41010,1000000US170318339001020,87,5,24,1,0,0,58,29,0,58,82,3,54,45,9,116,1,0
41011,1000000US170318339001021,104,3,29,0,1,0,72,32,0,72,101,2,57,48,9,170,0,1
41012,1000000US170318339001022,1,0,0,0,0,0,1,0,0,1,1,0,1,1,0,2,0,0
41013,1000000US170318339001023,0,0,0,0,0,0,0,0,0,0,0,0,0,0,0,0,0,0
41014,1000000US170318339001024,0,0,0,0,0,0,0,0,0,0,0,0,0,0,0,0,0,0
41015,1000000US170318339002000,0,0,0,0,0,0,0,0,0,0,0,0,0,0,0,0,0,0
41016,1000000US170318339002001,0,0,0,0,0,0,0,0,0,0,0,0,0,0,0,0,0,0
41017,1000000US170318339002002,0,0,0,0,0,0,0,0,0,0,0,0,0,0,0,0,0,0
41018,1000000US170318339002003,9,0,9,0,0,0,1,8,0,1,9,0,9,5,4,15,0,1
41019,1000000US170318339002004,24,1,23,0,0,0,0,24,0,0,23,0,9,9,0,29,0,0
41020,1000000US170318339002005,22,0,22,0,0,0,0,22,0,0,22,0,8,7,1,35,0,0
41021,1000000US170318339002006,32,0,20,0,0,0,13,19,0,13,32,0,13,13,0,51,0,1
41022,1000000US170318339002007,35,0,32,0,0,0,3,32,0,3,35,0,20,15,5,43,0,0
41023,1000000US170318339002008,64,0,28,0,0,0,37,27,0,37,64,1,35,26,9,104,0,1
41024,1000000US170318339002009,60,0,28,0,0,0,32,28,0,32,60,0,26,26,0,86,0,0
41025,1000000US170318339002010,52,1,9,1,0,0,42,10,0,42,51,5,30,23,7,62,0,0
41026,1000000US170318339002011,5,3,2,0,0,0,0,5,0,0,2,0,2,2,0,5,0,0
41027,1000000US170318339002012,12,0,0,0,0,0,12,0,0,12,12,0,10,5,5,12,0,0
41028,1000000US170318339002013,23,1,6,0,1,0,15,8,0,15,22,0,18,11,7,40,0,0
41029,1000000US170318339002014,83,3,6,3,0,0,75,8,0,75,80,2,47,41,6,123,1,2
41030,1000000US170318339002015,21,2,18,0,0,0,1,20,0,1,19,0,17,14,3,26,0,0
41031,1000000US170318339002016,14,0,8,0,0,0,7,7,0,7,14,1,8,8,0,18,0,1
41032,1000000US170318339002017,47,7,26,0,0,0,15,32,0,15,40,2,21,15,6,62,0,1
41033,1000000US170318339002018,0,0,0,0,0,0,0,0,0,0,0,0,0,0,0,0,0,0
41034,1000000US170318339002019,78,1,25,0,0,0,54,24,0,54,77,6,37,31,6,118,0,2
41035,1000000US170318339002020,72,3,51,0,0,0,18,54,0,18,69,1,42,34,8,100,0,0
41036,1000000US170318339002021,78,0,68,5,0,0,11,67,0,11,78,4,48,38,10,120,5,1
41037,1000000US170318339002022,86,0,65,4,0,0,21,65,0,21,86,0,42,34,8,137,4,0
41038,1000000US170318339002023,0,0,0,0,0,0,0,0,0,0,0,0,0,0,0,0,0,0
41039,1000000US170318339002024,2,0,0,0,0,0,2,0,0,2,2,0,1,1,0,2,0,0
41040,1000000US170318339002025,7,0,1,0,0,0,6,1,0,6,7,0,8,4,4,13,0,0
41041,1000000US170318339002026,12,0,10,0,0,0,2,10,0,2,12,0,9,6,3,20,0,0
41042,1000000US170318339002027,1,0,0,0,0,0,1,0,0,1,1,0,4,1,3,1,0,0
41043,1000000US170318339002028,7,1,3,0,0,0,3,4,0,3,6,0,2,2,0,11,0,0
41044,1000000US170318339002029,33,1,30,2,1,0,0,33,0,0,32,1,24,16,8,49,2,0
41045,1000000US170318340001000,0,0,0,0,0,0,0,0,0,0,0,0,0,0,0,0,0,0
41046,1000000US170318340001001,21,0,21,0,0,1,0,21,0,0,21,1,16,10,6,30,0,0
41047,1000000US170318340001002,60,0,60,0,0,0,0,60,0,0,60,0,19,17,2,91,0,0
41048,1000000US170318340001003,38,0,38,0,0,0,0,38,0,0,38,0,14,13,1,49,0,0
41049,1000000US170318340001004,5,0,5,1,0,1,3,2,0,3,5,2,3,3,0,5,0,3
41050,1000000US170318340001005,0,0,0,0,0,0,0,0,0,0,0,0,0,0,0,0,0,0
41051,1000000US170318340001006,0,0,0,0,0,0,0,0,0,0,0,0,0,0,0,0,0,0
41052,1000000US170318340001007,45,0,45,0,0,0,1,44,0,1,45,0,17,13,4,64,0,1
41053,1000000US170318340001008,9,0,9,0,0,0,0,9,0,0,9,0,2,2,0,9,0,0
41054,1000000US170318340001009,0,0,0,0,0,0,0,0,0,0,0,0,0,0,0,0,0,0
41055,1000000US170318340001010,0,0,0,0,0,0,0,0,0,0,0,0,0,0,0,0,0,0
41056,1000000US170318340001011,0,0,0,0,0,0,0,0,0,0,0,0,0,0,0,0,0,0
41057,1000000US170318340001012,0,0,0,0,0,0,0,0,0,0,0,0,0,0,0,0,0,0
41058,1000000US170318340001013,20,0,20,0,0,0,0,20,0,0,20,0,12,11,1,28,0,0
41059,1000000US170318340001014,30,0,29,2,0,0,0,30,0,0,30,3,20,17,3,50,0,0
41060,1000000US170318340001015,37,0,37,0,0,0,0,37,0,0,37,0,20,18,2,57,0,0
41061,1000000US170318340001016,34,0,34,0,0,0,0,34,0,0,34,1,20,19,1,46,0,0
41062,1000000US170318340001017,69,0,69,0,0,0,0,69,0,0,69,0,36,33,3,101,0,0
41063,1000000US170318340001018,42,0,42,0,0,0,0,42,0,0,42,0,28,23,5,57,0,0
41064,1000000US170318340001019,204,0,203,1,0,0,3,201,0,3,204,2,132,118,14,305,1,2
41065,1000000US170318340001020,128,1,123,1,0,0,4,124,0,4,127,1,76,64,12,214,1,0
41066,1000000US170318340001021,31,0,31,0,0,0,0,31,0,0,31,0,10,10,0,41,0,0
41067,1000000US170318340001022,3,0,3,0,0,0,0,3,0,0,3,0,4,3,1,8,0,0
41068,1000000US170318340001023,0,0,0,0,0,0,0,0,0,0,0,0,0,0,0,0,0,0
41069,1000000US170318340001024,9,0,9,0,0,0,0,9,0,0,9,0,8,6,2,17,0,0
41070,1000000US170318340001025,99,1,98,0,0,0,1,98,0,1,98,0,62,51,11,163,0,1
41071,1000000US170318340001026,287,0,283,0,0,0,5,282,0,5,287,2,200,153,47,431,0,1
41072,1000000US170318340001027,7,0,7,0,0,0,0,7,0,0,7,0,5,5,0,11,0,0
41073,1000000US170318340001028,61,0,61,0,0,0,1,60,0,1,61,0,30,30,0,81,0,1
41074,1000000US170318340001029,84,0,84,0,0,0,0,84,0,0,84,1,50,48,2,115,0,0
41075,1000000US170318340001030,0,0,0,0,0,0,0,0,0,0,0,0,0,0,0,0,0,0
41076,1000000US170318340001031,34,0,34,0,0,0,0,34,0,0,34,0,17,16,1,42,0,0
41077,1000000US170318340001032,119,0,119,0,0,0,1,118,0,1,119,1,77,64,13,164,0,1
41078,1000000US170318340001033,153,0,152,0,2,2,1,152,0,1,153,2,104,83,21,206,0,1
41079,1000000US170318340001034,74,0,74,0,0,0,0,74,0,0,74,0,48,43,5,144,0,0
41080,1000000US170318340001035,76,0,76,0,1,0,1,75,0,1,76,1,52,43,9,90,0,1
41081,1000000US170318340001036,22,0,22,0,0,0,0,22,0,0,22,0,12,12,0,36,0,0
41082,1000000US170318340001037,15,0,15,0,0,0,0,15,0,0,15,0,11,10,1,36,0,0
41083,1000000US170318340002000,0,0,0,0,0,0,0,0,0,0,0,0,0,0,0,0,0,0
41084,1000000US170318340002001,0,0,0,0,0,0,0,0,0,0,0,0,0,0,0,0,0,0
41085,1000000US170318340002002,0,0,0,0,0,0,0,0,0,0,0,0,0,0,0,0,0,0
41086,1000000US170318340002003,26,0,26,0,0,0,0,26,0,0,26,0,16,14,2,26,0,0
41087,1000000US170318340002004,33,0,33,0,0,0,0,33,0,0,33,0,18,15,3,42,0,0
41088,1000000US170318340002005,40,0,39,0,0,0,1,39,0,1,40,0,18,16,2,55,0,0
41089,1000000US170318340002006,40,0,40,0,0,0,0,40,0,0,40,0,22,21,1,50,0,0
41090,1000000US170318340002007,50,0,50,0,0,0,0,50,0,0,50,0,36,27,9,55,0,0
41091,1000000US170318340002008,31,0,31,0,0,0,0,31,0,0,31,0,15,15,0,43,0,0
41092,1000000US170318340002009,41,0,41,1,0,0,1,40,0,1,41,1,17,14,3,46,1,1
41093,1000000US170318340002010,34,0,34,0,0,0,0,34,0,0,34,0,19,14,5,43,0,0
41094,1000000US170318340002011,45,1,42,0,0,0,2,43,0,2,44,0,24,22,2,55,0,0
41095,1000000US170318340002012,36,0,36,0,0,0,0,36,0,0,36,0,15,12,3,38,0,0
41096,1000000US170318340002013,23,0,23,0,0,0,0,23,0,0,23,0,13,12,1,28,0,0
41097,1000000US170318340002014,15,1,14,0,0,0,0,15,0,0,14,0,11,9,2,23,0,0
41098,1000000US170318340002015,49,0,49,0,0,0,0,49,0,0,49,0,21,20,1,58,0,0
41099,1000000US170318340002016,36,0,36,0,0,0,0,36,0,0,36,0,18,11,7,44,0,0
41100,1000000US170318340002017,33,0,33,0,0,0,0,33,0,0,33,0,16,11,5,39,0,0
41101,1000000US170318340002018,30,0,30,0,0,0,0,30,0,0,30,0,18,16,2,43,0,0
41102,1000000US170318340002019,22,0,21,0,0,0,1,21,0,1,22,0,13,10,3,37,0,0
41103,1000000US170318340002020,27,0,27,0,0,0,0,27,0,0,27,0,11,11,0,40,0,0
41104,1000000US170318340002021,19,0,19,0,0,0,0,19,0,0,19,0,6,6,0,22,0,0
41105,1000000US170318340002022,11,0,11,0,0,0,0,11,0,0,11,0,5,5,0,20,0,0
41106,1000000US170318340002023,11,0,11,0,0,0,0,11,0,0,11,0,11,5,6,14,0,0
41107,1000000US170318340002024,22,0,22,0,0,0,0,22,0,0,22,0,9,9,0,28,0,0
41108,1000000US170318340002025,5,0,5,0,0,0,0,5,0,0,5,0,3,2,1,5,0,0
41109,1000000US170318340002026,28,0,28,0,0,0,0,28,0,0,28,0,16,11,5,37,0,0
41110,1000000US170318340002027,0,0,0,0,0,0,0,0,0,0,0,0,0,0,0,0,0,0
41111,1000000US170318340002028,16,0,16,0,0,0,0,16,0,0,16,0,6,3,3,26,0,0
41112,1000000US170318340002029,0,0,0,0,0,0,0,0,0,0,0,0,0,0,0,0,0,0
41113,1000000US170318340002030,8,1,7,0,0,0,0,8,0,0,7,0,0,0,0,15,0,0
41114,1000000US170318340002031,0,0,0,0,0,0,0,0,0,0,0,0,0,0,0,0,0,0
41115,1000000US170318340002032,0,0,0,0,0,0,0,0,0,0,0,0,0,0,0,0,0,0
41116,1000000US170318340002033,7,0,7,0,0,0,0,7,0,0,7,0,5,5,0,8,0,0
41117,1000000US170318340002034,1,0,1,0,0,0,0,1,0,0,1,0,1,1,0,1,0,0
41118,1000000US170318340002035,0,0,0,0,0,0,0,0,0,0,0,0,0,0,0,0,0,0
41119,1000000US170318342001000,120,0,119,0,0,0,1,119,0,1,120,0,102,87,15,151,0,0
41120,1000000US170318342001001,31,0,31,0,0,0,0,31,0,0,31,0,16,16,0,42,0,0
41121,1000000US170318342001002,41,0,41,0,0,0,1,40,0,1,41,0,18,18,0,53,0,1
41122,1000000US170318342001003,26,0,25,0,0,0,1,25,0,1,26,0,17,14,3,34,0,0
41123,1000000US170318342001004,26,0,25,0,0,0,2,24,0,2,26,1,16,15,1,37,0,1
41124,1000000US170318342001005,69,0,69,0,0,0,0,69,0,0,69,0,45,36,9,92,0,0
41125,1000000US170318342001006,43,0,43,0,0,0,0,43,0,0,43,1,19,17,2,53,0,0
41126,1000000US170318342001007,28,0,28,0,0,0,1,27,0,1,28,0,19,16,3,34,0,1
41127,1000000US170318342001008,84,0,84,1,0,0,0,84,0,0,84,1,51,46,5,119,1,0
41128,1000000US170318342001009,70,0,70,0,0,0,0,70,0,0,70,0,43,34,9,92,0,0
41129,1000000US170318342001010,96,0,95,0,0,0,3,93,0,3,96,0,52,48,4,137,0,2
41130,1000000US170318342001011,76,0,74,2,0,0,0,76,0,0,76,0,50,41,9,102,2,0
41131,1000000US170318342001012,76,0,75,1,0,0,0,76,0,0,76,0,52,42,10,103,1,0
41132,1000000US170318342001013,83,0,83,0,0,0,4,79,0,4,83,0,49,44,5,106,0,4
41133,1000000US170318342001014,59,1,57,0,0,0,1,58,0,1,58,2,45,35,10,75,0,1
41134,1000000US170318342001015,87,0,86,1,0,0,0,87,0,0,87,0,58,52,6,123,1,0
41135,1000000US170318342001016,22,0,22,0,0,0,1,21,0,1,22,0,18,18,0,25,0,1
41136,1000000US170318342001017,1,0,1,0,0,0,0,1,0,0,1,0,30,1,29,3,0,0
41137,1000000US170318342001018,24,0,24,0,0,0,0,24,0,0,24,0,30,16,14,25,0,0
41138,1000000US170318342001019,1,0,1,0,0,0,0,1,0,0,1,0,23,1,22,1,0,0
41139,1000000US170318342002000,0,0,0,0,0,0,0,0,0,0,0,0,0,0,0,0,0,0
41140,1000000US170318342002001,0,0,0,0,0,0,0,0,0,0,0,0,0,0,0,0,0,0
41141,1000000US170318342002002,24,0,24,0,0,0,0,24,0,0,24,0,17,14,3,25,0,0
41142,1000000US170318342002003,0,0,0,0,0,0,0,0,0,0,0,0,0,0,0,0,0,0
41143,1000000US170318342002004,4,1,0,0,0,0,3,1,0,3,3,0,1,1,0,4,0,0
41144,1000000US170318342002005,0,0,0,0,0,0,0,0,0,0,0,0,0,0,0,0,0,0
41145,1000000US170318342002006,22,1,18,2,2,0,1,21,0,1,21,2,1,1,0,22,2,0
41146,1000000US170318342002007,30,0,28,0,0,0,3,27,0,3,30,0,19,16,3,45,0,1
41147,1000000US170318342002008,25,0,25,0,0,0,0,25,0,0,25,0,14,11,3,31,0,0
41148,1000000US170318342002009,24,0,24,0,0,0,1,23,0,1,24,1,12,11,1,28,0,1
41149,1000000US170318342002010,25,0,25,0,0,0,0,25,0,0,25,0,13,13,0,29,0,0
41150,1000000US170318342002011,25,1,24,0,0,0,0,25,0,0,24,0,18,15,3,34,0,0
41151,1000000US170318342002012,0,0,0,0,0,0,0,0,0,0,0,0,0,0,0,0,0,0
41152,1000000US170318342002013,50,2,48,0,0,0,3,47,0,3,48,0,29,25,4,66,0,3
41153,1000000US170318342002014,40,0,38,0,0,0,2,38,0,2,40,1,28,25,3,54,0,0
41154,1000000US170318342002015,68,0,65,0,0,0,3,65,0,3,68,1,34,34,0,80,0,0
41155,1000000US170318342002016,66,0,66,0,0,0,0,66,0,0,66,0,44,38,6,92,0,0
41156,1000000US170318342002017,36,2,34,0,0,0,0,36,0,0,34,0,18,17,1,44,0,0
41157,1000000US170318342002018,42,0,42,0,0,0,0,42,0,0,42,0,17,17,0,56,0,0
41158,1000000US170318342002019,43,0,43,0,0,0,1,42,0,1,43,0,18,17,1,52,0,1
41159,1000000US170318342002020,30,0,30,0,0,0,2,28,0,2,30,3,20,13,7,41,0,2
41160,1000000US170318342002021,15,0,15,0,0,0,0,15,0,0,15,0,7,6,1,31,0,0
41161,1000000US170318342002022,22,0,22,0,0,0,0,22,0,0,22,2,12,10,2,23,0,0
41162,1000000US170318342002023,0,0,0,0,0,0,0,0,0,0,0,0,0,0,0,0,0,0
41163,1000000US170318342002024,0,0,0,0,0,0,0,0,0,0,0,0,0,0,0,0,0,0
41164,1000000US170318342002025,0,0,0,0,0,0,0,0,0,0,0,0,0,0,0,0,0,0
41165,1000000US170318342002026,65,0,62,3,0,0,0,65,0,0,65,0,33,32,1,96,3,0
41166,1000000US170318342002027,128,0,128,1,1,0,4,124,0,4,128,3,107,90,17,169,0,4
41167,1000000US170318342002028,38,0,37,0,0,0,1,37,0,1,38,0,20,18,2,53,0,0
41168,1000000US170318342002029,36,2,32,0,2,0,0,36,0,0,34,0,16,15,1,44,0,0
41169,1000000US170318342003000,60,0,58,0,2,0,0,60,0,0,60,0,30,28,2,82,0,0
41170,1000000US170318342003001,0,0,0,0,0,0,0,0,0,0,0,0,0,0,0,0,0,0
41171,1000000US170318342003002,0,0,0,0,0,0,0,0,0,0,0,0,0,0,0,0,0,0
41172,1000000US170318342003003,0,0,0,0,0,0,0,0,0,0,0,0,1,0,1,0,0,0
41173,1000000US170318342003004,0,0,0,0,0,0,0,0,0,0,0,0,0,0,0,0,0,0
41174,1000000US170318342003005,0,0,0,0,0,0,0,0,0,0,0,0,0,0,0,0,0,0
41175,1000000US170318342003006,132,1,130,1,0,0,0,132,0,0,131,0,86,76,10,168,1,0
41176,1000000US170318342003007,107,0,107,0,0,0,1,106,0,1,107,1,73,63,10,127,0,1
41177,1000000US170318342003008,100,0,94,0,6,0,0,100,0,0,100,0,77,65,12,125,0,0
41178,1000000US170318342003009,78,1,77,0,0,0,0,78,0,0,77,0,61,42,19,94,0,0
41179,1000000US170318342003010,97,0,97,0,0,0,0,97,0,0,97,0,62,50,12,130,0,0
41180,1000000US170318342003011,52,0,52,0,0,0,3,49,0,3,52,0,24,23,1,75,0,3
41181,1000000US170318342003012,33,1,32,1,0,0,0,33,0,0,32,1,16,16,0,39,1,0
41182,1000000US170318342003013,124,2,121,0,0,0,2,122,0,2,122,0,74,64,10,158,0,1
41183,1000000US170318342003014,57,0,57,0,0,0,0,57,0,0,57,0,43,35,8,78,0,0
41184,1000000US170318342003015,59,1,57,0,0,0,1,58,0,1,58,0,47,38,9,85,0,0
41185,1000000US170318342003016,69,0,68,0,1,0,0,69,0,0,69,0,50,39,11,85,0,0
41186,1000000US170318342003017,71,1,70,0,0,0,0,71,0,0,70,3,51,41,10,93,0,0
41187,1000000US170318342003018,96,0,94,0,0,0,5,91,0,5,96,1,62,54,8,125,0,3
41188,1000000US170318342003019,80,0,78,0,0,0,2,78,0,2,80,0,59,50,9,125,0,0
41189,1000000US170318342003020,1,0,1,0,0,0,0,1,0,0,1,0,1,1,0,1,0,0
41190,1000000US170318342003021,0,0,0,0,0,0,0,0,0,0,0,0,0,0,0,0,0,0
41191,1000000US170318342003022,1,0,1,0,0,0,0,1,0,0,1,0,1,1,0,1,0,0
41192,1000000US170318342003023,0,0,0,0,0,0,0,0,0,0,0,0,0,0,0,0,0,0
41193,1000000US170318342003024,19,0,19,0,0,0,0,19,0,0,19,0,16,11,5,23,0,0
41194,1000000US170318342004000,0,0,0,0,0,0,0,0,0,0,0,0,0,0,0,0,0,0
41195,1000000US170318342004001,0,0,0,0,0,0,0,0,0,0,0,0,0,0,0,0,0,0
41196,1000000US170318342004002,0,0,0,0,0,0,0,0,0,0,0,0,0,0,0,0,0,0
41197,1000000US170318342004003,22,0,22,0,0,0,0,22,0,0,22,0,16,11,5,27,0,0
41198,1000000US170318342004004,13,0,13,0,0,0,0,13,0,0,13,0,12,7,5,24,0,0
41199,1000000US170318342004005,43,0,43,0,0,0,0,43,0,0,43,0,30,27,3,54,0,0
41200,1000000US170318342004006,2,0,2,0,0,0,0,2,0,0,2,0,2,2,0,2,0,0
41201,1000000US170318342004007,15,0,15,0,0,0,0,15,0,0,15,0,11,10,1,26,0,0
41202,1000000US170318342004008,21,0,21,0,0,0,0,21,0,0,21,0,18,12,6,27,0,0
41203,1000000US170318342004009,27,0,27,0,0,0,0,27,0,0,27,0,14,13,1,33,0,0
41204,1000000US170318342004010,14,0,14,0,0,0,0,14,0,0,14,2,12,9,3,30,0,0
41205,1000000US170318342004011,18,0,18,0,0,0,0,18,0,0,18,0,9,8,1,29,0,0
41206,1000000US170318342004012,20,0,20,0,0,0,0,20,0,0,20,0,9,9,0,32,0,0
41207,1000000US170318342004013,32,0,32,0,0,0,0,32,0,0,32,0,22,14,8,41,0,0
41208,1000000US170318342004014,3,0,3,0,0,0,0,3,0,0,3,0,4,1,3,3,0,0
41209,1000000US170318342004015,52,0,52,0,0,0,0,52,0,0,52,0,29,26,3,64,0,0
41210,1000000US170318342004016,4,0,4,0,0,0,0,4,0,0,4,3,3,2,1,4,0,0
41211,1000000US170318342004017,20,0,20,0,0,0,0,20,0,0,20,0,14,11,3,28,0,0
41212,1000000US170318342004018,26,0,25,1,0,0,1,25,0,1,26,0,29,13,16,31,1,0
41213,1000000US170318342004019,26,0,26,0,0,0,0,26,0,0,26,0,15,14,1,37,0,0
41214,1000000US170318342004020,9,0,9,0,0,0,0,9,0,0,9,0,8,5,3,15,0,0
41215,1000000US170318342004021,20,0,20,0,0,0,0,20,0,0,20,0,13,12,1,22,0,0
41216,1000000US170318342004022,30,0,27,3,0,0,0,30,0,0,30,0,15,13,2,41,3,0
41217,1000000US170318342004023,0,0,0,0,0,0,0,0,0,0,0,0,0,0,0,0,0,0
41218,1000000US170318342004024,40,0,40,0,0,0,0,40,0,0,40,0,25,20,5,45,0,0
41219,1000000US170318342004025,57,1,54,0,0,0,2,55,0,2,56,3,34,25,9,76,0,0
41220,1000000US170318342004026,29,0,29,0,0,0,0,29,0,0,29,0,18,16,2,46,0,0
41221,1000000US170318342004027,0,0,0,0,0,0,0,0,0,0,0,0,2,0,2,0,0,0
41222,1000000US170318342004028,6,0,6,0,0,0,0,6,0,0,6,0,3,3,0,9,0,0
41223,1000000US170318342004029,23,0,23,0,0,0,0,23,0,0,23,0,14,12,2,32,0,0
41224,1000000US170318342004030,0,0,0,0,0,0,0,0,0,0,0,0,0,0,0,0,0,0
41225,1000000US170318342004031,0,0,0,0,0,0,0,0,0,0,0,0,0,0,0,0,0,0
41226,1000000US170318342004032,0,0,0,0,0,0,0,0,0,0,0,0,0,0,0,0,0,0
41227,1000000US170318342004033,18,0,17,2,0,0,1,17,0,1,18,2,14,12,2,25,0,0
41228,1000000US170318342004034,0,0,0,0,0,0,0,0,0,0,0,0,0,0,0,0,0,0
41229,1000000US170318342004035,0,0,0,0,0,0,0,0,0,0,0,0,0,0,0,0,0,0
41230,1000000US170318342004036,1,0,1,0,0,0,1,0,0,1,1,0,1,1,0,1,0,1
41231,1000000US170318343001000,27,0,27,0,0,0,0,27,0,0,27,0,14,13,1,42,0,0
41232,1000000US170318343001001,39,0,34,4,2,0,0,39,0,0,39,1,21,20,1,50,4,0
41233,1000000US170318343001002,36,2,34,0,0,0,0,36,0,0,34,0,19,18,1,43,0,0
41234,1000000US170318343001003,34,2,32,0,0,0,0,34,0,0,32,0,17,17,0,44,0,0
41235,1000000US170318343001004,37,0,35,0,0,0,2,35,0,2,37,0,18,17,1,42,0,0
41236,1000000US170318343001005,36,0,36,2,0,0,0,36,0,0,36,2,17,13,4,43,2,0
41237,1000000US170318343001006,38,0,38,0,0,0,0,38,0,0,38,0,15,13,2,45,0,0
41238,1000000US170318343001007,44,0,44,0,0,0,0,44,0,0,44,0,24,23,1,54,0,0
41239,1000000US170318343001008,16,0,16,0,0,0,0,16,0,0,16,0,7,7,0,21,0,0
41240,1000000US170318343001009,36,0,36,0,0,0,0,36,0,0,36,0,26,17,9,48,0,0
41241,1000000US170318343001010,0,0,0,0,0,0,0,0,0,0,0,0,0,0,0,0,0,0
41242,1000000US170318343001011,30,0,30,0,0,0,1,29,0,1,30,0,21,17,4,37,0,1
41243,1000000US170318343001012,130,4,119,3,0,2,2,128,0,2,126,1,87,82,5,169,2,0
41244,1000000US170318343001013,89,0,87,0,0,0,3,86,0,3,89,1,75,55,20,121,0,1
41245,1000000US170318343001014,50,0,50,0,0,0,0,50,0,0,50,0,25,23,2,67,0,0
41246,1000000US170318343001015,18,1,17,0,0,0,0,18,0,0,17,0,10,9,1,23,0,0
41247,1000000US170318343001016,36,0,36,0,0,0,3,33,0,3,36,0,17,17,0,51,0,3
41248,1000000US170318343001017,31,0,31,0,0,0,0,31,0,0,31,0,15,14,1,45,0,0
41249,1000000US170318343001018,39,0,39,1,1,0,3,36,0,3,39,2,19,18,1,46,1,3
41250,1000000US170318343001019,43,0,43,0,0,0,0,43,0,0,43,0,20,20,0,56,0,0
41251,1000000US170318343001020,31,2,29,0,0,0,0,31,0,0,29,0,16,16,0,48,0,0
41252,1000000US170318343001021,2,0,2,0,0,0,0,2,0,0,2,0,2,2,0,2,0,0
41253,1000000US170318343001022,21,0,20,1,0,0,0,21,0,0,21,1,13,11,2,41,0,0
41254,1000000US170318343001023,25,0,25,0,0,0,0,25,0,0,25,0,11,10,1,29,0,0
41255,1000000US170318343001024,13,0,13,0,0,0,0,13,0,0,13,0,6,6,0,13,0,0
41256,1000000US170318343001025,27,0,27,1,0,0,0,27,0,0,27,1,19,18,1,34,1,0
41257,1000000US170318343001026,37,0,37,0,0,0,0,37,0,0,37,0,18,15,3,53,0,0
41258,1000000US170318343001027,31,0,30,0,1,0,0,31,0,0,31,0,19,16,3,47,0,0
41259,1000000US170318343001028,10,0,10,0,0,0,0,10,0,0,10,0,6,6,0,14,0,0
41260,1000000US170318343002000,0,0,0,0,0,0,0,0,0,0,0,0,0,0,0,0,0,0
41261,1000000US170318343002001,0,0,0,0,0,0,0,0,0,0,0,0,0,0,0,0,0,0
41262,1000000US170318343002002,0,0,0,0,0,0,0,0,0,0,0,0,0,0,0,0,0,0
41263,1000000US170318343002003,0,0,0,0,0,0,0,0,0,0,0,0,0,0,0,0,0,0
41264,1000000US170318343002004,0,0,0,0,0,0,0,0,0,0,0,0,0,0,0,0,0,0
41265,1000000US170318343002005,0,0,0,0,0,0,0,0,0,0,0,0,0,0,0,0,0,0
41266,1000000US170318343002006,0,0,0,0,0,0,0,0,0,0,0,0,0,0,0,0,0,0
41267,1000000US170318343002007,0,0,0,0,0,0,0,0,0,0,0,0,0,0,0,0,0,0
41268,1000000US170318343002008,0,0,0,0,0,0,0,0,0,0,0,0,0,0,0,0,0,0
41269,1000000US170318343002009,0,0,0,0,0,0,0,0,0,0,0,0,0,0,0,0,0,0
41270,1000000US170318343002010,0,0,0,0,0,0,0,0,0,0,0,0,0,0,0,0,0,0
41271,1000000US170318343002011,0,0,0,0,0,0,0,0,0,0,0,0,0,0,0,0,0,0
41272,1000000US170318343002012,0,0,0,0,0,0,0,0,0,0,0,0,0,0,0,0,0,0
41273,1000000US170318343002013,0,0,0,0,0,0,0,0,0,0,0,0,0,0,0,0,0,0
41274,1000000US170318343002014,0,0,0,0,0,0,0,0,0,0,0,0,0,0,0,0,0,0
41275,1000000US170318343002015,0,0,0,0,0,0,0,0,0,0,0,0,0,0,0,0,0,0
41276,1000000US170318343002016,15,0,15,0,0,0,0,15,0,0,15,0,6,6,0,20,0,0
41277,1000000US170318343002017,18,0,18,0,0,0,0,18,0,0,18,0,15,13,2,34,0,0
41278,1000000US170318343002018,85,0,85,0,0,0,0,85,0,0,85,1,22,13,9,101,0,0
41279,1000000US170318343002019,0,0,0,0,0,0,0,0,0,0,0,0,0,0,0,0,0,0
41280,1000000US170318343002020,28,0,28,0,0,0,2,26,0,2,28,0,15,14,1,31,0,2
41281,1000000US170318343002021,39,0,39,0,0,0,0,39,0,0,39,0,17,17,0,53,0,0
41282,1000000US170318343002022,49,0,49,0,0,0,0,49,0,0,49,0,23,21,2,60,0,0
41283,1000000US170318343002023,105,0,105,0,0,0,0,105,0,0,105,0,56,45,11,137,0,0
41284,1000000US170318343002024,39,1,38,0,0,0,0,39,0,0,38,0,24,22,2,55,0,0
41285,1000000US170318343002025,54,4,50,0,0,0,0,54,0,0,50,1,32,25,7,69,0,0
41286,1000000US170318343002026,54,1,53,0,0,0,0,54,0,0,53,0,34,25,9,76,0,0
41287,1000000US170318343002027,9,0,9,0,0,0,1,8,0,1,9,1,5,5,0,12,0,1
41288,1000000US170318343002028,0,0,0,0,0,0,0,0,0,0,0,0,0,0,0,0,0,0
41289,1000000US170318343002029,55,0,53,0,0,0,2,53,0,2,55,0,29,29,0,62,0,0
41290,1000000US170318343002030,43,0,43,0,0,0,0,43,0,0,43,0,18,15,3,54,0,0
41291,1000000US170318343002031,22,0,22,0,0,0,0,22,0,0,22,0,16,9,7,28,0,0
41292,1000000US170318343002032,38,0,38,0,0,0,0,38,0,0,38,0,17,17,0,44,0,0
41293,1000000US170318343002033,46,0,46,0,0,0,0,46,0,0,46,0,19,18,1,61,0,0
41294,1000000US170318343002034,31,0,31,0,0,0,0,31,0,0,31,0,17,11,6,36,0,0
41295,1000000US170318343002035,41,0,41,0,0,0,0,41,0,0,41,0,20,19,1,61,0,0
41296,1000000US170318343002036,38,0,38,0,0,0,0,38,0,0,38,0,17,16,1,55,0,0
41297,1000000US170318343002037,40,0,40,0,0,0,0,40,0,0,40,0,17,17,0,55,0,0
41298,1000000US170318343002038,43,0,43,0,0,0,0,43,0,0,43,0,18,18,0,53,0,0
41299,1000000US170318343002039,62,3,59,0,0,0,0,62,0,0,59,0,25,24,1,68,0,0
41300,1000000US170318343002040,0,0,0,0,0,0,0,0,0,0,0,0,0,0,0,0,0,0
41301,1000000US170318343002041,46,0,46,0,0,0,0,46,0,0,46,0,19,18,1,49,0,0
41302,1000000US170318343002042,26,0,26,0,0,0,0,26,0,0,26,0,12,12,0,32,0,0
41303,1000000US170318343002043,15,0,15,0,0,0,0,15,0,0,15,0,36,8,28,20,0,0
41304,1000000US170318343002044,89,1,88,0,0,0,1,88,0,1,88,1,62,53,9,126,0,1
41305,1000000US170318343002045,42,0,41,1,0,0,0,42,0,0,42,0,20,20,0,63,1,0
41306,1000000US170318343002046,30,0,30,0,1,0,0,30,0,0,30,1,16,14,2,42,0,0
41307,1000000US170318343003000,0,0,0,0,0,0,0,0,0,0,0,0,0,0,0,0,0,0
41308,1000000US170318343003001,30,1,29,0,0,0,0,30,0,0,29,0,12,12,0,32,0,0
41309,1000000US170318343003002,18,0,18,5,0,0,1,17,0,1,18,5,8,7,1,20,5,1
41310,1000000US170318343003003,18,0,17,1,0,0,0,18,0,0,18,0,10,9,1,22,1,0
41311,1000000US170318343003004,34,0,34,0,0,0,0,34,0,0,34,0,21,21,0,38,0,0
41312,1000000US170318343003005,0,0,0,0,0,0,0,0,0,0,0,0,0,0,0,0,0,0
41313,1000000US170318343003006,15,1,14,0,0,0,0,15,0,0,14,0,7,6,1,22,0,0
41314,1000000US170318343003007,30,0,30,0,0,0,0,30,0,0,30,0,16,16,0,41,0,0
41315,1000000US170318343003008,29,0,28,0,1,0,0,29,0,0,29,0,13,13,0,32,0,0
41316,1000000US170318343003009,31,0,31,0,0,0,1,30,0,1,31,0,13,13,0,47,0,1
41317,1000000US170318343003010,31,0,31,0,0,0,0,31,0,0,31,0,14,13,1,37,0,0
41318,1000000US170318343003011,41,0,41,0,0,0,0,41,0,0,41,0,26,24,2,46,0,0
41319,1000000US170318343003012,47,1,46,0,0,1,1,46,0,1,46,2,25,24,1,73,0,1
41320,1000000US170318343003013,42,0,40,3,2,0,1,41,0,1,42,4,19,19,0,55,3,0
41321,1000000US170318343003014,36,1,35,0,0,0,0,36,0,0,35,0,20,18,2,51,0,0
41322,1000000US170318343003015,25,1,24,0,0,0,0,25,0,0,24,1,13,11,2,31,0,0
41323,1000000US170318343003016,0,0,0,0,0,0,0,0,0,0,0,0,0,0,0,0,0,0
41324,1000000US170318343003017,28,0,28,0,0,0,0,28,0,0,28,0,14,14,0,36,0,0
41325,1000000US170318343003018,10,0,10,0,0,0,0,10,0,0,10,0,8,8,0,10,0,0
41326,1000000US170318343003019,0,0,0,0,0,0,0,0,0,0,0,0,0,0,0,0,0,0
41327,1000000US170318343003020,0,0,0,0,0,0,0,0,0,0,0,0,0,0,0,0,0,0
41328,1000000US170318343003021,34,0,34,0,0,0,0,34,0,0,34,1,13,13,0,52,0,0
41329,1000000US170318343004000,23,0,23,0,0,0,0,23,0,0,23,0,12,12,0,29,0,0
41330,1000000US170318343004001,21,0,21,0,0,0,2,19,0,2,21,0,13,12,1,26,0,2
41331,1000000US170318343004002,38,1,36,2,0,0,1,37,0,1,37,2,19,19,0,45,2,0
41332,1000000US170318343004003,40,0,40,0,0,0,0,40,0,0,40,0,20,19,1,47,0,0
41333,1000000US170318343004004,38,0,38,0,0,0,0,38,0,0,38,0,20,19,1,45,0,0
41334,1000000US170318343004005,42,0,37,0,0,0,5,37,0,5,42,0,20,19,1,49,0,0
41335,1000000US170318343004006,28,0,28,0,0,0,0,28,0,0,28,0,14,13,1,39,0,0
41336,1000000US170318343004007,28,0,28,0,0,0,0,28,0,0,28,0,15,14,1,39,0,0
41337,1000000US170318343004008,37,1,36,0,0,0,0,37,0,0,36,0,21,19,2,40,0,0
41338,1000000US170318343004009,40,1,39,0,0,0,0,40,0,0,39,0,19,19,0,51,0,0
41339,1000000US170318343004010,36,0,36,5,1,1,0,36,0,0,36,6,13,13,0,43,5,0
41340,1000000US170318343004011,26,0,26,0,0,0,0,26,0,0,26,0,16,16,0,29,0,0
41341,1000000US170318343004012,36,0,36,0,0,0,1,35,0,1,36,0,20,19,1,44,0,1
41342,1000000US170318343004013,33,1,30,2,0,0,0,33,0,0,32,0,13,13,0,38,2,0
41343,1000000US170318343004014,23,0,23,0,1,0,0,23,0,0,23,2,13,11,2,26,0,0
41344,1000000US170318343004015,0,0,0,0,0,0,0,0,0,0,0,0,0,0,0,0,0,0
41345,1000000US170318343004016,0,0,0,0,0,0,0,0,0,0,0,0,0,0,0,0,0,0
41346,1000000US170318343004017,0,0,0,0,0,0,0,0,0,0,0,0,0,0,0,0,0,0
41347,1000000US170318343004018,26,0,26,1,2,0,0,26,0,0,26,2,12,12,0,30,0,0
41348,1000000US170318343004019,0,0,0,0,0,0,0,0,0,0,0,0,0,0,0,0,0,0
41349,1000000US170318343004020,0,0,0,0,0,0,0,0,0,0,0,0,0,0,0,0,0,0
41350,1000000US170318343004021,1,0,1,1,0,0,0,1,0,0,1,1,1,1,0,1,1,0
41351,1000000US170318343005000,107,1,104,0,1,0,1,106,0,1,106,0,55,52,3,130,0,0
41352,1000000US170318343005001,61,2,59,0,0,0,1,60,0,1,59,0,34,33,1,71,0,1
41353,1000000US170318343005002,165,1,163,3,1,0,2,163,0,2,164,3,103,99,4,226,1,2
41354,1000000US170318343005003,52,1,48,3,0,0,3,49,0,3,51,0,28,28,0,69,3,0
41355,1000000US170318343005004,58,0,58,0,1,0,0,58,0,0,58,1,31,30,1,83,0,0
41356,1000000US170318343005005,89,2,85,0,3,0,4,85,0,4,87,6,45,44,1,99,0,3
41357,1000000US170318343005006,80,0,77,4,4,0,1,79,0,1,80,7,46,44,2,104,4,0
41358,1000000US170318343005007,80,2,76,0,1,0,1,79,0,1,78,2,44,43,1,103,0,0
41359,1000000US170318343005008,105,0,104,0,0,0,0,105,0,0,105,0,55,54,1,118,0,0
41360,1000000US170318343005009,38,2,36,0,0,0,0,38,0,0,36,0,20,20,0,46,0,0
41361,1000000US170318343005010,13,1,12,0,0,0,0,13,0,0,12,0,9,9,0,13,0,0
41362,1000000US170318343005011,14,1,13,0,0,0,0,14,0,0,13,0,9,9,0,14,0,0
41363,1000000US170318343005012,15,0,15,0,0,0,0,15,0,0,15,0,9,9,0,18,0,0
41364,1000000US170318343005013,63,2,60,0,0,0,1,62,0,1,61,0,36,36,0,79,0,0
41365,1000000US170318343006000,10,0,9,0,0,0,1,9,0,1,10,0,0,0,0,20,0,0
41366,1000000US170318343006001,0,0,0,0,0,0,0,0,0,0,0,0,0,0,0,0,0,0
41367,1000000US170318343006002,0,0,0,0,0,0,0,0,0,0,0,0,0,0,0,0,0,0
41368,1000000US170318343006003,0,0,0,0,0,0,0,0,0,0,0,0,0,0,0,0,0,0
41369,1000000US170318343006004,0,0,0,0,0,0,0,0,0,0,0,0,0,0,0,0,0,0
41370,1000000US170318343006005,10,0,10,0,0,0,0,10,0,0,10,0,5,5,0,11,0,0
41371,1000000US170318343006006,41,0,41,0,0,0,1,40,0,1,41,0,26,22,4,62,0,1
41372,1000000US170318343006007,0,0,0,0,0,0,0,0,0,0,0,0,0,0,0,0,0,0
41373,1000000US170318343006008,35,1,34,0,0,0,0,35,0,0,34,2,15,15,0,39,0,0
41374,1000000US170318343006009,4,0,4,0,0,0,0,4,0,0,4,0,3,3,0,4,0,0
41375,1000000US170318343006010,19,0,19,0,0,0,0,19,0,0,19,0,10,9,1,24,0,0
41376,1000000US170318343006011,37,1,35,1,0,0,1,36,0,1,36,1,20,20,0,57,0,0
41377,1000000US170318343006012,30,1,29,0,0,0,0,30,0,0,29,0,19,16,3,42,0,0
41378,1000000US170318343006013,40,0,40,0,0,0,0,40,0,0,40,0,23,21,2,55,0,0
41379,1000000US170318343006014,44,0,44,0,1,0,3,41,0,3,44,3,22,22,0,61,0,3
41380,1000000US170318343006015,28,2,26,2,0,0,0,28,0,0,26,2,16,14,2,30,2,0
41381,1000000US170318343006016,38,0,38,0,0,0,0,38,0,0,38,0,18,18,0,49,0,0
41382,1000000US170318343006017,30,3,27,0,0,0,0,30,0,0,27,0,17,16,1,31,0,0
41383,1000000US170318343006018,35,0,35,0,0,0,1,34,0,1,35,0,17,17,0,50,0,1
41384,1000000US170318343006019,45,0,43,1,1,0,0,45,0,0,45,0,20,19,1,55,1,0
41385,1000000US170318343006020,35,0,35,0,0,0,0,35,0,0,35,0,15,15,0,45,0,0
41386,1000000US170318343006021,32,0,32,0,0,0,2,30,0,2,32,0,19,18,1,43,0,2
41387,1000000US170318343006022,35,0,35,0,0,0,0,35,0,0,35,0,15,15,0,50,0,0
41388,1000000US170318343006023,0,0,0,0,0,0,0,0,0,0,0,0,0,0,0,0,0,0
41389,1000000US170318343006024,0,0,0,0,0,0,0,0,0,0,0,0,0,0,0,0,0,0
41390,1000000US170318343006025,25,0,25,5,0,0,0,25,0,0,25,5,15,14,1,31,4,0
41391,1000000US170318343006026,44,0,43,0,1,0,0,44,0,0,44,0,16,16,0,50,0,0
41392,1000000US170318343006027,30,0,30,0,0,0,0,30,0,0,30,0,15,15,0,42,0,0
41393,1000000US170318343006028,42,0,40,0,0,0,2,40,0,2,42,0,18,18,0,60,0,0
41394,1000000US170318343006029,48,0,48,0,0,0,1,47,0,1,48,0,21,20,1,62,0,1
41395,1000000US170318343006030,38,1,37,0,0,0,0,38,0,0,37,0,20,17,3,45,0,0
41396,1000000US170318343006031,19,0,19,0,0,0,0,19,0,0,19,0,14,11,3,31,0,0
41397,1000000US170318343006032,33,1,32,0,0,0,0,33,0,0,32,0,18,16,2,40,0,0
41398,1000000US170318343006033,39,1,38,0,0,0,0,39,0,0,38,0,17,17,0,46,0,0
41399,1000000US170318343006034,28,0,26,2,2,0,0,28,0,0,28,2,15,13,2,33,2,0
41400,1000000US170318343006035,28,0,28,0,0,0,1,27,0,1,28,0,13,12,1,35,0,1
41401,1000000US170318343006036,32,0,29,4,2,0,1,31,0,1,32,7,15,15,0,43,3,0
41402,1000000US170318344001000,13,5,8,0,0,0,0,13,0,0,8,0,12,8,4,14,0,0
41403,1000000US170318344001001,24,6,18,0,0,0,0,24,0,0,18,0,18,14,4,35,0,0
41404,1000000US170318344001002,104,4,92,2,2,0,11,93,0,11,100,5,79,56,23,160,2,4
41405,1000000US170318344001003,18,0,16,0,1,0,1,17,0,1,18,1,9,9,0,25,0,0
41406,1000000US170318344001004,73,0,72,0,0,0,1,72,0,1,73,0,43,40,3,112,0,0
41407,1000000US170318344001005,0,0,0,0,0,0,0,0,0,0,0,0,0,0,0,0,0,0
41408,1000000US170318344001006,0,0,0,0,0,0,0,0,0,0,0,0,0,0,0,0,0,0
41409,1000000US170318344001007,0,0,0,0,0,0,0,0,0,0,0,0,0,0,0,0,0,0
41410,1000000US170318344001008,263,12,249,1,1,0,2,261,0,2,251,2,242,202,40,300,0,1
41411,1000000US170318344001009,18,2,13,0,3,0,0,18,0,0,16,0,26,10,16,21,0,0
41412,1000000US170318344001010,4,0,4,0,0,0,0,4,0,0,4,0,6,3,3,4,0,0
41413,1000000US170318344002000,0,0,0,0,0,0,0,0,0,0,0,0,0,0,0,0,0,0
41414,1000000US170318344002001,13,0,13,0,0,0,0,13,0,0,13,0,5,5,0,23,0,0
41415,1000000US170318344002002,25,1,21,0,3,0,0,25,0,0,24,0,11,11,0,33,0,0
41416,1000000US170318344002003,61,9,48,0,3,0,2,59,0,2,52,0,43,35,8,84,0,1
41417,1000000US170318344002004,145,6,136,11,1,0,5,140,0,5,139,13,95,84,11,216,11,4
41418,1000000US170318344002005,165,6,157,5,1,0,2,163,0,2,159,6,122,106,16,254,4,1
41419,1000000US170318344002006,27,0,25,2,0,0,0,27,0,0,27,0,12,12,0,34,2,0
41420,1000000US170318344002007,63,3,56,0,2,0,4,59,0,4,60,0,46,43,3,73,0,2
41421,1000000US170318344002008,63,2,59,0,2,0,0,63,0,0,61,0,44,39,5,78,0,0
41422,1000000US170318344002009,10,1,9,0,0,0,0,10,0,0,9,0,3,3,0,10,0,0
41423,1000000US170318344002010,56,16,39,0,0,0,2,54,0,2,40,2,0,0,0,56,0,1
41424,1000000US170318344002011,89,5,78,2,0,0,8,81,0,8,84,1,0,0,0,90,2,3
41425,1000000US170318344002012,111,9,99,1,1,0,7,104,0,7,102,2,68,63,5,146,0,5
41426,1000000US170318344002013,68,11,55,1,1,0,1,67,0,1,57,1,63,40,23,81,0,0
41427,1000000US170318344002014,62,11,51,1,0,0,2,60,0,2,51,2,48,41,7,74,1,2
41428,1000000US170318344002015,87,0,85,7,0,0,0,87,0,0,87,5,48,46,2,105,7,0
41429,1000000US170318344002016,34,8,25,0,0,0,1,33,0,1,26,0,21,19,2,50,0,0
41430,1000000US170318344002017,67,5,62,0,0,0,0,67,0,0,62,0,38,35,3,106,0,0
41431,1000000US170318344002018,40,0,40,0,0,0,0,40,0,0,40,0,30,23,7,54,0,0
41432,1000000US170318344003000,71,2,64,0,1,1,3,68,0,3,69,1,53,44,9,95,0,0
41433,1000000US170318344003001,87,0,84,0,0,0,3,84,0,3,87,0,53,42,11,135,0,0
41434,1000000US170318344003002,57,0,57,0,0,0,0,57,0,0,57,0,34,28,6,87,0,0
41435,1000000US170318344003003,56,4,51,0,1,2,2,54,0,2,52,4,42,32,10,79,0,2
41436,1000000US170318344003004,39,0,38,0,0,0,1,38,0,1,39,0,26,22,4,52,0,0
41437,1000000US170318344003005,50,0,50,0,0,0,0,50,0,0,50,0,35,25,10,68,0,0
41438,1000000US170318344003006,58,0,58,0,0,0,1,57,0,1,58,0,45,39,6,86,0,1
41439,1000000US170318344003007,77,0,77,0,0,1,0,77,0,0,77,3,51,47,4,114,0,0
41440,1000000US170318344003008,90,1,89,0,0,0,1,89,0,1,89,0,54,49,5,140,0,1
41441,1000000US170318344003009,104,1,101,1,0,0,2,102,0,2,103,1,73,62,11,162,0,1
41442,1000000US170318344003010,54,1,52,0,0,0,0,54,0,0,53,0,70,42,28,70,0,0
41443,1000000US170318344003011,40,1,38,1,0,0,0,40,0,0,39,1,42,28,14,59,1,0
41444,1000000US170318344003012,37,3,33,2,0,0,1,36,0,1,34,2,25,21,4,59,2,0
41445,1000000US170318344003013,74,0,74,0,0,0,0,74,0,0,74,2,55,41,14,114,0,0
41446,1000000US170318344003014,75,0,74,0,1,0,0,75,0,0,75,3,50,42,8,111,0,0
41447,1000000US170318344003015,73,0,71,0,0,0,1,72,0,1,73,0,46,40,6,103,0,0
41448,1000000US170318345001000,0,0,0,0,0,0,0,0,0,0,0,0,0,0,0,0,0,0
41449,1000000US170318345001001,9,0,9,0,0,0,0,9,0,0,9,0,7,7,0,10,0,0
41450,1000000US170318345001002,5,0,5,0,0,0,0,5,0,0,5,0,4,3,1,9,0,0
41451,1000000US170318345001003,27,0,27,1,0,0,1,26,0,1,27,1,17,11,6,39,1,1
41452,1000000US170318345001004,34,0,34,0,0,0,1,33,0,1,34,0,21,17,4,67,0,1
41453,1000000US170318345001005,0,0,0,0,0,0,0,0,0,0,0,0,0,0,0,0,0,0
41454,1000000US170318345001006,0,0,0,0,0,0,0,0,0,0,0,0,0,0,0,0,0,0
41455,1000000US170318345001007,41,1,40,1,0,0,2,39,0,2,40,1,26,16,10,56,1,2
41456,1000000US170318345001008,32,0,32,0,0,0,0,32,0,0,32,0,22,13,9,46,0,0
41457,1000000US170318345001009,14,0,14,0,0,0,0,14,0,0,14,0,7,6,1,18,0,0
41458,1000000US170318345001010,0,0,0,0,0,0,0,0,0,0,0,0,0,0,0,0,0,0
41459,1000000US170318345001011,5,0,5,1,0,0,0,5,0,0,5,1,5,4,1,5,1,0
41460,1000000US170318345001012,18,0,18,0,0,0,0,18,0,0,18,0,6,6,0,20,0,0
41461,1000000US170318345001013,26,0,26,0,0,0,0,26,0,0,26,0,14,13,1,38,0,0
41462,1000000US170318345001014,0,0,0,0,0,0,0,0,0,0,0,0,0,0,0,0,0,0
41463,1000000US170318345001015,43,0,43,0,0,0,0,43,0,0,43,0,26,19,7,67,0,0
41464,1000000US170318345001016,0,0,0,0,0,0,0,0,0,0,0,0,0,0,0,0,0,0
41465,1000000US170318345001017,0,0,0,0,0,0,0,0,0,0,0,0,0,0,0,0,0,0
41466,1000000US170318345001018,3,0,3,0,0,0,0,3,0,0,3,0,3,2,1,3,0,0
41467,1000000US170318345001019,18,0,18,0,0,0,0,18,0,0,18,0,54,16,38,44,0,0
41468,1000000US170318345001020,37,0,37,0,0,0,0,37,0,0,37,0,36,18,18,66,0,0
41469,1000000US170318345001021,71,0,71,0,1,0,0,71,0,0,71,1,54,37,17,124,0,0
41470,1000000US170318345001022,96,0,95,1,0,0,0,96,0,0,96,0,67,54,13,160,1,0
41471,1000000US170318345001023,62,1,61,0,0,0,1,61,0,1,61,0,49,37,12,84,0,1
41472,1000000US170318345001024,41,0,41,0,0,0,0,41,0,0,41,0,31,24,7,64,0,0
41473,1000000US170318345001025,37,0,36,0,0,0,1,36,0,1,37,0,27,18,9,53,0,0
41474,1000000US170318345001026,78,0,78,0,0,0,0,78,0,0,78,0,47,40,7,111,0,0
41475,1000000US170318345001027,177,5,171,7,0,0,3,174,0,3,172,9,114,94,20,242,7,2
41476,1000000US170318345001028,36,0,36,0,0,0,0,36,0,0,36,0,20,16,4,52,0,0
41477,1000000US170318345001029,0,0,0,0,0,0,0,0,0,0,0,0,0,0,0,0,0,0
41478,1000000US170318345001030,0,0,0,0,0,0,0,0,0,0,0,0,0,0,0,0,0,0
41479,1000000US170318345001031,14,0,14,0,0,0,0,14,0,0,14,0,9,7,2,25,0,0
41480,1000000US170318345001032,1,0,1,0,0,0,0,1,0,0,1,0,4,1,3,3,0,0
41481,1000000US170318345001033,18,0,18,0,0,0,0,18,0,0,18,0,6,6,0,24,0,0
41482,1000000US170318345001034,29,0,29,0,0,0,0,29,0,0,29,0,16,14,2,45,0,0
41483,1000000US170318346001000,0,0,0,0,0,0,0,0,0,0,0,0,0,0,0,0,0,0
41484,1000000US170318346001001,0,0,0,0,0,0,0,0,0,0,0,0,0,0,0,0,0,0
41485,1000000US170318346001002,43,0,43,0,0,0,0,43,0,0,43,0,21,18,3,62,0,0
41486,1000000US170318346001003,25,0,25,0,1,0,2,23,0,2,25,1,16,10,6,34,0,2
41487,1000000US170318346001004,28,0,28,0,0,0,0,28,0,0,28,0,10,9,1,31,0,0
41488,1000000US170318346001005,1,0,1,0,0,0,0,1,0,0,1,0,2,1,1,4,0,0
41489,1000000US170318346001006,22,0,22,0,0,0,0,22,0,0,22,0,9,9,0,23,0,0
41490,1000000US170318346001007,4,0,4,0,0,0,0,4,0,0,4,0,10,4,6,5,0,0
41491,1000000US170318346001008,25,0,20,0,0,0,5,20,0,5,25,0,23,11,12,28,0,0
41492,1000000US170318346001009,0,0,0,0,0,0,0,0,0,0,0,0,0,0,0,0,0,0
41493,1000000US170318346001010,0,0,0,0,0,0,0,0,0,0,0,0,0,0,0,0,0,0
41494,1000000US170318346001011,4,0,4,0,0,0,0,4,0,0,4,0,4,2,2,8,0,0
41495,1000000US170318346001012,13,1,12,0,0,0,0,13,0,0,12,0,8,5,3,13,0,0
41496,1000000US170318346001013,21,0,21,0,0,0,0,21,0,0,21,0,14,12,2,27,0,0
41497,1000000US170318346001014,82,0,82,0,0,0,2,80,0,2,82,0,49,41,8,193,0,2
41498,1000000US170318346001015,17,0,17,0,0,0,0,17,0,0,17,0,6,6,0,29,0,0
41499,1000000US170318346001016,15,0,15,0,0,0,0,15,0,0,15,0,8,6,2,20,0,0
41500,1000000US170318346001017,6,1,4,0,0,0,1,5,0,1,5,0,3,3,0,6,0,0
41501,1000000US170318346001018,28,0,28,0,0,0,0,28,0,0,28,0,13,9,4,39,0,0
41502,1000000US170318346001019,2,0,2,0,0,0,0,2,0,0,2,0,1,1,0,6,0,0
41503,1000000US170318346001020,14,0,14,0,0,0,0,14,0,0,14,2,9,6,3,25,0,0
41504,1000000US170318346001021,39,0,39,0,0,0,0,39,0,0,39,0,17,13,4,63,0,0
41505,1000000US170318346001022,0,0,0,0,0,0,0,0,0,0,0,0,0,0,0,0,0,0
41506,1000000US170318346001023,29,0,29,0,0,0,0,29,0,0,29,0,21,12,9,36,0,0
41507,1000000US170318346001024,30,0,30,0,0,0,0,30,0,0,30,0,11,9,2,44,0,0
41508,1000000US170318346001025,12,0,12,0,0,0,0,12,0,0,12,0,5,5,0,23,0,0
41509,1000000US170318346001026,26,0,26,0,0,0,0,26,0,0,26,0,15,10,5,51,0,0
41510,1000000US170318346001027,26,0,25,0,0,0,1,25,0,1,26,0,17,15,2,32,0,0
41511,1000000US170318346001028,7,0,7,0,0,0,0,7,0,0,7,0,8,4,4,14,0,0
41512,1000000US170318346002000,0,0,0,0,0,0,0,0,0,0,0,0,0,0,0,0,0,0
41513,1000000US170318346002001,18,0,18,0,0,0,0,18,0,0,18,0,20,8,12,23,0,0
41514,1000000US170318346002002,7,0,7,0,0,0,0,7,0,0,7,0,8,4,4,14,0,0
41515,1000000US170318346002003,28,1,27,0,0,0,0,28,0,0,27,1,15,12,3,41,0,0
41516,1000000US170318346002004,20,0,20,0,0,0,0,20,0,0,20,0,8,7,1,30,0,0
41517,1000000US170318346002005,28,2,25,0,0,0,1,27,0,1,26,0,14,14,0,31,0,0
41518,1000000US170318346002006,12,0,12,0,0,0,0,12,0,0,12,0,12,5,7,12,0,0
41519,1000000US170318346002007,0,0,0,0,0,0,0,0,0,0,0,0,0,0,0,0,0,0
41520,1000000US170318346002008,9,0,9,0,0,0,0,9,0,0,9,0,8,4,4,10,0,0
41521,1000000US170318346002009,1,0,1,0,0,0,0,1,0,0,1,0,1,1,0,1,0,0
41522,1000000US170318346002010,1,1,0,0,0,0,0,1,0,0,0,0,1,1,0,1,0,0
41523,1000000US170318346002011,21,0,21,0,0,0,0,21,0,0,21,0,11,9,2,27,0,0
41524,1000000US170318346002012,40,0,40,0,0,0,0,40,0,0,40,0,21,15,6,65,0,0
41525,1000000US170318346002013,21,0,21,0,0,0,0,21,0,0,21,0,12,11,1,38,0,0
41526,1000000US170318346002014,37,3,34,0,0,0,0,37,0,0,34,0,28,21,7,52,0,0
41527,1000000US170318346002015,53,0,53,0,0,0,0,53,0,0,53,0,24,14,10,74,0,0
41528,1000000US170318346002016,44,0,44,2,0,0,0,44,0,0,44,2,24,17,7,76,2,0
41529,1000000US170318346002017,14,0,14,0,0,0,0,14,0,0,14,0,14,10,4,24,0,0
41530,1000000US170318346002018,8,0,8,0,0,0,0,8,0,0,8,0,7,4,3,9,0,0
41531,1000000US170318346002019,25,2,22,1,0,0,1,24,0,1,23,0,17,12,5,26,1,0
41532,1000000US170318346002020,17,1,16,0,0,0,0,17,0,0,16,0,9,5,4,23,0,0
41533,1000000US170318346002021,5,0,5,0,0,0,0,5,0,0,5,0,8,3,5,5,0,0
41534,1000000US170318346002022,17,0,17,0,0,0,2,15,0,2,17,0,18,12,6,35,0,2
41535,1000000US170318346002023,5,0,5,0,0,0,0,5,0,0,5,0,15,2,13,9,0,0
41536,1000000US170318346002024,42,0,42,0,0,0,0,42,0,0,42,0,24,17,7,63,0,0
41537,1000000US170318346002025,89,3,85,6,1,0,2,87,0,2,86,6,31,22,9,110,6,2
41538,1000000US170318346002026,25,0,25,0,0,0,0,25,0,0,25,0,20,16,4,35,0,0
41539,1000000US170318346002027,39,0,39,0,0,0,1,38,0,1,39,0,36,31,5,48,0,1
41540,1000000US170318346002028,64,3,61,0,0,0,1,63,0,1,61,1,45,33,12,103,0,1
41541,1000000US170318346002029,110,0,110,0,0,0,1,109,0,1,110,2,86,86,0,115,0,1
41542,1000000US170318346003000,0,0,0,0,0,0,0,0,0,0,0,0,0,0,0,0,0,0
41543,1000000US170318346003001,0,0,0,0,0,0,0,0,0,0,0,0,0,0,0,0,0,0
41544,1000000US170318346003002,0,0,0,0,0,0,0,0,0,0,0,0,0,0,0,0,0,0
41545,1000000US170318346003003,0,0,0,0,0,0,0,0,0,0,0,0,0,0,0,0,0,0
41546,1000000US170318346003004,0,0,0,0,0,0,0,0,0,0,0,0,0,0,0,0,0,0
41547,1000000US170318346003005,4,0,4,0,0,0,0,4,0,0,4,0,2,2,0,7,0,0
41548,1000000US170318346003006,9,0,9,0,0,0,0,9,0,0,9,0,8,4,4,13,0,0
41549,1000000US170318346003007,18,0,18,0,0,0,0,18,0,0,18,0,9,7,2,25,0,0
41550,1000000US170318346003008,10,0,10,0,0,0,1,9,0,1,10,0,9,8,1,11,0,1
41551,1000000US170318346003009,12,0,12,0,0,0,0,12,0,0,12,0,7,7,0,19,0,0
41552,1000000US170318346003010,0,0,0,0,0,0,0,0,0,0,0,0,0,0,0,0,0,0
41553,1000000US170318346003011,4,2,2,0,0,0,0,4,0,0,2,0,7,2,5,4,0,0
41554,1000000US170318346003012,0,0,0,0,0,0,0,0,0,0,0,0,0,0,0,0,0,0
41555,1000000US170318346003013,48,0,48,0,0,0,0,48,0,0,48,0,17,15,2,58,0,0
41556,1000000US170318346003014,28,0,28,0,0,0,0,28,0,0,28,0,11,11,0,31,0,0
41557,1000000US170318346003015,0,0,0,0,0,0,0,0,0,0,0,0,0,0,0,0,0,0
41558,1000000US170318346003016,9,0,9,0,0,0,1,8,0,1,9,0,11,5,6,18,0,1
41559,1000000US170318346003017,21,0,21,0,0,0,0,21,0,0,21,0,12,9,3,25,0,0
41560,1000000US170318346003018,9,0,9,0,0,0,0,9,0,0,9,0,5,5,0,18,0,0
41561,1000000US170318346003019,11,3,8,0,0,0,0,11,0,0,8,0,11,7,4,18,0,0
41562,1000000US170318346003020,10,0,10,0,0,0,0,10,0,0,10,0,3,3,0,11,0,0
41563,1000000US170318346003021,18,0,17,0,0,0,1,17,0,1,18,0,10,10,0,26,0,0
41564,1000000US170318346003022,14,0,14,0,0,0,0,14,0,0,14,0,8,6,2,20,0,0
41565,1000000US170318346003023,3,0,0,0,0,0,3,0,0,3,3,0,1,1,0,6,0,0
41566,1000000US170318346003024,14,0,14,0,0,0,0,14,0,0,14,0,11,6,5,20,0,0
41567,1000000US170318346003025,0,0,0,0,0,0,0,0,0,0,0,0,0,0,0,0,0,0
41568,1000000US170318346003026,8,0,8,0,0,0,0,8,0,0,8,0,11,5,6,9,0,0
41569,1000000US170318346003027,0,0,0,0,0,0,0,0,0,0,0,0,0,0,0,0,0,0
41570,1000000US170318346003028,13,0,13,0,0,0,0,13,0,0,13,0,2,2,0,14,0,0
41571,1000000US170318346003029,0,0,0,0,0,0,0,0,0,0,0,0,0,0,0,0,0,0
41572,1000000US170318346003030,0,0,0,0,0,0,0,0,0,0,0,0,0,0,0,0,0,0
41573,1000000US170318346003031,0,0,0,0,0,0,0,0,0,0,0,0,0,0,0,0,0,0
41574,1000000US170318346003032,0,0,0,0,0,0,0,0,0,0,0,0,0,0,0,0,0,0
41575,1000000US170318346003033,0,0,0,0,0,0,0,0,0,0,0,0,0,0,0,0,0,0
41576,1000000US170318346003034,0,0,0,0,0,0,0,0,0,0,0,0,0,0,0,0,0,0
41577,1000000US170318346003035,0,0,0,0,0,0,0,0,0,0,0,0,0,0,0,0,0,0
41578,1000000US170318346003036,45,0,45,0,1,0,0,45,0,0,45,1,21,17,4,72,0,0
41579,1000000US170318346003037,10,0,10,0,0,0,0,10,0,0,10,0,8,5,3,17,0,0
41580,1000000US170318346003038,0,0,0,0,0,0,0,0,0,0,0,0,0,0,0,0,0,0
41581,1000000US170318346003039,0,0,0,0,0,0,0,0,0,0,0,0,0,0,0,0,0,0
41582,1000000US170318346003040,0,0,0,0,0,0,0,0,0,0,0,0,0,0,0,0,0,0
41583,1000000US170318346003041,0,0,0,0,0,0,0,0,0,0,0,0,0,0,0,0,0,0
41584,1000000US170318346003042,19,0,19,2,0,0,2,17,0,2,19,3,12,12,0,25,2,2
41585,1000000US170318346003043,0,0,0,0,0,0,0,0,0,0,0,0,0,0,0,0,0,0
41586,1000000US170318346003044,0,0,0,0,0,0,0,0,0,0,0,0,0,0,0,0,0,0
41587,1000000US170318346003045,0,0,0,0,0,0,0,0,0,0,0,0,0,0,0,0,0,0
41588,1000000US170318346003046,9,0,9,0,0,0,0,9,0,0,9,0,7,5,2,24,0,0
41589,1000000US170318346003047,0,0,0,0,0,0,0,0,0,0,0,0,0,0,0,0,0,0
41590,1000000US170318346003048,0,0,0,0,0,0,0,0,0,0,0,0,0,0,0,0,0,0
41591,1000000US170318346003049,0,0,0,0,0,0,0,0,0,0,0,0,0,0,0,0,0,0
41592,1000000US170318346003050,0,0,0,0,0,0,0,0,0,0,0,0,0,0,0,0,0,0
41593,1000000US170318346003051,0,0,0,0,0,0,0,0,0,0,0,0,0,0,0,0,0,0
41594,1000000US170318346003052,0,0,0,0,0,0,0,0,0,0,0,0,0,0,0,0,0,0
41595,1000000US170318346003053,0,0,0,0,0,0,0,0,0,0,0,0,0,0,0,0,0,0
41596,1000000US170318346004000,0,0,0,0,0,0,0,0,0,0,0,0,0,0,0,0,0,0
41597,1000000US170318346004001,3,0,3,0,0,0,0,3,0,0,3,0,8,3,5,3,0,0
41598,1000000US170318346004002,0,0,0,0,0,0,0,0,0,0,0,0,0,0,0,0,0,0
41599,1000000US170318346004003,0,0,0,0,0,0,0,0,0,0,0,0,0,0,0,0,0,0
41600,1000000US170318346004004,0,0,0,0,0,0,0,0,0,0,0,0,0,0,0,0,0,0
41601,1000000US170318346004005,0,0,0,0,0,0,0,0,0,0,0,0,0,0,0,0,0,0
41602,1000000US170318346004006,0,0,0,0,0,0,0,0,0,0,0,0,0,0,0,0,0,0
41603,1000000US170318346004007,0,0,0,0,0,0,0,0,0,0,0,0,0,0,0,0,0,0
41604,1000000US170318346004008,79,0,77,0,0,0,2,77,0,2,79,0,47,37,10,137,0,0
41605,1000000US170318346004009,3,0,3,0,0,0,0,3,0,0,3,0,4,2,2,6,0,0
41606,1000000US170318346004010,96,1,93,0,0,0,2,94,0,2,95,2,40,34,6,127,0,0
41607,1000000US170318346004011,0,0,0,0,0,0,0,0,0,0,0,0,0,0,0,0,0,0
41608,1000000US170318346004012,0,0,0,0,0,0,0,0,0,0,0,0,0,0,0,0,0,0
41609,1000000US170318346004013,0,0,0,0,0,0,0,0,0,0,0,0,0,0,0,0,0,0
41610,1000000US170318346004014,39,0,39,0,0,0,0,39,0,0,39,0,26,20,6,53,0,0
41611,1000000US170318346004015,0,0,0,0,0,0,0,0,0,0,0,0,0,0,0,0,0,0
41612,1000000US170318346004016,76,0,75,0,0,0,0,76,0,0,76,0,53,36,17,112,0,0
41613,1000000US170318346004017,0,0,0,0,0,0,0,0,0,0,0,0,0,0,0,0,0,0
41614,1000000US170318346004018,0,0,0,0,0,0,0,0,0,0,0,0,0,0,0,0,0,0
41615,1000000US170318346004019,22,0,22,0,0,0,0,22,0,0,22,0,8,7,1,26,0,0
41616,1000000US170318346004020,25,0,25,0,0,0,0,25,0,0,25,0,13,12,1,43,0,0
41617,1000000US170318346004021,108,1,107,0,0,0,0,108,0,0,107,0,46,43,3,152,0,0
41618,1000000US170318346004022,0,0,0,0,0,0,0,0,0,0,0,0,0,0,0,0,0,0
41619,1000000US170318346004023,17,0,17,0,0,0,0,17,0,0,17,0,9,9,0,23,0,0
41620,1000000US170318346004024,15,0,15,0,0,0,0,15,0,0,15,0,14,8,6,22,0,0
41621,1000000US170318346004025,11,0,11,0,0,0,0,11,0,0,11,0,7,5,2,18,0,0
41622,1000000US170318346004026,25,0,25,0,0,0,0,25,0,0,25,0,27,15,12,31,0,0
41623,1000000US170318346004027,63,0,63,0,0,0,0,63,0,0,63,0,37,30,7,85,0,0
41624,1000000US170318346004028,121,0,121,0,0,0,1,120,0,1,121,0,71,53,18,173,0,1
41625,1000000US170318346004029,0,0,0,0,0,0,0,0,0,0,0,0,0,0,0,0,0,0
41626,1000000US170318346004030,0,0,0,0,0,0,0,0,0,0,0,0,0,0,0,0,0,0
41627,1000000US170318346004031,0,0,0,0,0,0,0,0,0,0,0,0,0,0,0,0,0,0
41628,1000000US170318346004032,0,0,0,0,0,0,0,0,0,0,0,0,0,0,0,0,0,0
41629,1000000US170318346004033,0,0,0,0,0,0,0,0,0,0,0,0,0,0,0,0,0,0
41630,1000000US170318346004034,8,0,8,0,0,0,0,8,0,0,8,0,5,5,0,13,0,0
41631,1000000US170318346004035,6,0,6,0,0,0,0,6,0,0,6,0,2,2,0,10,0,0
41632,1000000US170318346004036,16,0,16,0,0,0,0,16,0,0,16,0,11,6,5,22,0,0
41633,1000000US170318346004037,26,0,26,0,0,0,0,26,0,0,26,0,21,11,10,32,0,0
41634,1000000US170318346004038,12,0,12,0,0,0,0,12,0,0,12,0,6,5,1,16,0,0
41635,1000000US170318346004039,18,0,18,0,0,0,0,18,0,0,18,0,10,6,4,25,0,0
41636,1000000US170318346004040,39,0,39,0,0,0,0,39,0,0,39,0,20,15,5,45,0,0
41637,1000000US170318346004041,13,0,13,0,0,0,0,13,0,0,13,0,15,7,8,25,0,0
41638,1000000US170318346004042,29,0,28,1,0,0,1,28,0,1,29,1,16,15,1,44,1,0
41639,1000000US170318346004043,4,0,4,0,0,0,0,4,0,0,4,0,4,3,1,10,0,0
41640,1000000US170318346004044,0,0,0,0,0,0,0,0,0,0,0,0,0,0,0,0,0,0
41641,1000000US170318346004045,0,0,0,0,0,0,0,0,0,0,0,0,0,0,0,0,0,0
41642,1000000US170318346004046,0,0,0,0,0,0,0,0,0,0,0,0,0,0,0,0,0,0
41643,1000000US170318346004047,0,0,0,0,0,0,0,0,0,0,0,0,0,0,0,0,0,0
41644,1000000US170318346004048,0,0,0,0,0,0,0,0,0,0,0,0,0,0,0,0,0,0
41645,1000000US170318346004049,0,0,0,0,0,0,0,0,0,0,0,0,0,0,0,0,0,0
41646,1000000US170318346004050,0,0,0,0,0,0,0,0,0,0,0,0,0,0,0,0,0,0
41647,1000000US170318346004051,0,0,0,0,0,0,0,0,0,0,0,0,0,0,0,0,0,0
41648,1000000US170318346004052,0,0,0,0,0,0,0,0,0,0,0,0,0,0,0,0,0,0
41649,1000000US170318346004053,0,0,0,0,0,0,0,0,0,0,0,0,0,0,0,0,0,0
41650,1000000US170318346004054,14,0,14,0,0,0,0,14,0,0,14,0,8,6,2,21,0,0
41651,1000000US170318346004055,0,0,0,0,0,0,0,0,0,0,0,0,2,0,2,0,0,0
41652,1000000US170318346004056,8,0,8,0,0,0,0,8,0,0,8,0,8,3,5,10,0,0
41653,1000000US170318346004057,40,1,39,0,0,0,0,40,0,0,39,0,22,14,8,41,0,0
41654,1000000US170318346004058,30,0,30,0,0,0,0,30,0,0,30,0,20,14,6,46,0,0
41655,1000000US170318346004059,0,0,0,0,0,0,0,0,0,0,0,0,2,0,2,0,0,0
41656,1000000US170318346004060,0,0,0,0,0,0,0,0,0,0,0,0,0,0,0,0,0,0
41657,1000000US170318347001000,0,0,0,0,0,0,0,0,0,0,0,0,0,0,0,0,0,0
41658,1000000US170318347001001,0,0,0,0,0,0,0,0,0,0,0,0,1,0,1,0,0,0
41659,1000000US170318347001002,0,0,0,0,0,0,0,0,0,0,0,0,3,0,3,0,0,0
41660,1000000US170318347001003,9,0,9,0,0,0,0,9,0,0,9,0,12,5,7,10,0,0
41661,1000000US170318347001004,32,0,32,0,0,0,0,32,0,0,32,0,11,10,1,55,0,0
41662,1000000US170318347001005,0,0,0,0,0,0,0,0,0,0,0,0,0,0,0,0,0,0
41663,1000000US170318347001006,0,0,0,0,0,0,0,0,0,0,0,0,52,0,52,0,0,0
41664,1000000US170318347001007,34,0,34,0,0,0,0,34,0,0,34,0,22,15,7,50,0,0
41665,1000000US170318347001008,51,0,51,0,0,0,0,51,0,0,51,0,40,21,19,74,0,0
41666,1000000US170318347001009,20,0,20,0,0,0,0,20,0,0,20,0,14,9,5,31,0,0
41667,1000000US170318347001010,10,0,10,0,0,0,0,10,0,0,10,0,13,4,9,12,0,0
41668,1000000US170318347001011,31,0,31,0,0,0,1,30,0,1,31,0,36,14,22,63,0,1
41669,1000000US170318347001012,40,0,40,0,0,0,1,39,0,1,40,0,27,21,6,60,0,1
41670,1000000US170318347001013,4,0,4,0,0,0,0,4,0,0,4,0,10,1,9,4,0,0
41671,1000000US170318347001014,0,0,0,0,0,0,0,0,0,0,0,0,0,0,0,0,0,0
41672,1000000US170318347001015,30,0,30,0,0,0,0,30,0,0,30,0,15,12,3,45,0,0
41673,1000000US170318347001016,53,1,52,0,0,0,0,53,0,0,52,0,36,23,13,70,0,0
41674,1000000US170318347001017,4,0,4,0,0,0,0,4,0,0,4,0,2,2,0,6,0,0
41675,1000000US170318347001018,14,0,14,0,0,0,0,14,0,0,14,0,8,8,0,19,0,0
41676,1000000US170318347001019,2,0,2,0,0,0,0,2,0,0,2,0,3,1,2,3,0,0
41677,1000000US170318347001020,0,0,0,0,0,0,0,0,0,0,0,0,0,0,0,0,0,0
41678,1000000US170318347002000,0,0,0,0,0,0,0,0,0,0,0,0,0,0,0,0,0,0
41679,1000000US170318347002001,6,0,6,0,0,0,0,6,0,0,6,0,1,1,0,9,0,0
41680,1000000US170318347002002,18,0,14,0,0,0,4,14,0,4,18,0,16,10,6,26,0,0
41681,1000000US170318347002003,29,0,12,0,0,0,17,12,0,17,29,0,9,9,0,36,0,0
41682,1000000US170318347002004,15,0,15,0,0,0,0,15,0,0,15,0,8,6,2,19,0,0
41683,1000000US170318347002005,0,0,0,0,0,0,0,0,0,0,0,0,0,0,0,0,0,0
41684,1000000US170318347002006,30,0,30,0,0,0,0,30,0,0,30,0,26,15,11,43,0,0
41685,1000000US170318347002007,14,1,13,0,0,0,0,14,0,0,13,0,7,5,2,18,0,0
41686,1000000US170318347002008,53,0,53,0,0,0,0,53,0,0,53,0,22,18,4,77,0,0
41687,1000000US170318347002009,56,0,52,1,0,0,1,55,0,1,56,0,35,23,12,89,1,1
41688,1000000US170318347002010,32,0,32,0,0,0,1,31,0,1,32,0,32,20,12,57,0,1
41689,1000000US170318347002011,51,0,51,0,0,0,0,51,0,0,51,0,34,19,15,73,0,0
41690,1000000US170318347002012,79,1,73,5,0,0,0,79,0,0,78,0,50,33,17,121,5,0
41691,1000000US170318347002013,31,0,31,0,0,0,0,31,0,0,31,0,28,15,13,50,0,0
41692,1000000US170318347002014,31,0,31,0,0,0,0,31,0,0,31,0,19,13,6,55,0,0
41693,1000000US170318347002015,9,0,9,0,0,0,0,9,0,0,9,0,7,4,3,14,0,0
41694,1000000US170318347002016,9,0,9,0,0,0,0,9,0,0,9,0,11,7,4,13,0,0
41695,1000000US170318347002017,12,0,12,0,0,0,0,12,0,0,12,0,10,7,3,16,0,0
41696,1000000US170318347002018,32,0,32,0,0,0,0,32,0,0,32,3,18,13,5,42,0,0
41697,1000000US170318347002019,0,0,0,0,0,0,0,0,0,0,0,0,6,0,6,0,0,0
41698,1000000US170318347002020,3,1,2,0,0,0,0,3,0,0,2,0,5,3,2,7,0,0
41699,1000000US170318347003000,0,0,0,0,0,0,0,0,0,0,0,0,0,0,0,0,0,0
41700,1000000US170318347003001,0,0,0,0,0,0,0,0,0,0,0,0,0,0,0,0,0,0
41701,1000000US170318347003002,2,0,2,0,0,0,0,2,0,0,2,0,10,1,9,2,0,0
41702,1000000US170318347003003,45,0,45,0,0,0,1,44,0,1,45,0,32,29,3,57,0,1
41703,1000000US170318347003004,4,0,3,0,1,1,0,4,0,0,4,1,65,0,65,7,0,0
41704,1000000US170318347003005,22,0,22,0,0,0,0,22,0,0,22,0,13,7,6,39,0,0
41705,1000000US170318347003006,9,0,9,0,0,0,0,9,0,0,9,0,5,4,1,12,0,0
41706,1000000US170318347003007,0,0,0,0,0,0,0,0,0,0,0,0,0,0,0,0,0,0
41707,1000000US170318347003008,24,0,24,0,0,0,0,24,0,0,24,0,10,10,0,37,0,0
41708,1000000US170318347003009,5,0,0,0,0,0,5,0,0,5,5,0,4,1,3,5,0,0
41709,1000000US170318347003010,5,0,5,0,0,0,0,5,0,0,5,0,1,1,0,9,0,0
41710,1000000US170318347003011,23,0,23,0,0,0,0,23,0,0,23,0,15,9,6,32,0,0
41711,1000000US170318347003012,70,0,67,0,0,0,3,67,0,3,70,1,46,36,10,95,0,0
41712,1000000US170318347003013,13,0,13,0,0,0,0,13,0,0,13,0,11,5,6,16,0,0
41713,1000000US170318347003014,22,0,22,0,0,0,0,22,0,0,22,0,14,9,5,27,0,0
41714,1000000US170318347003015,29,0,29,0,0,0,0,29,0,0,29,0,21,16,5,37,0,0
41715,1000000US170318347003016,29,0,29,0,0,0,0,29,0,0,29,0,12,12,0,37,0,0
41716,1000000US170318347003017,27,1,26,0,0,0,0,27,0,0,26,0,18,11,7,30,0,0
41717,1000000US170318347003018,24,0,24,0,0,0,0,24,0,0,24,0,17,9,8,34,0,0
41718,1000000US170318347003019,16,0,16,0,0,0,0,16,0,0,16,0,15,6,9,18,0,0
41719,1000000US170318347003020,0,0,0,0,0,0,0,0,0,0,0,0,0,0,0,0,0,0
41720,1000000US170318347003021,12,0,12,0,0,0,0,12,0,0,12,0,8,6,2,16,0,0
41721,1000000US170318347003022,24,0,24,0,0,0,0,24,0,0,24,1,14,12,2,42,0,0
41722,1000000US170318347003023,11,0,11,0,0,0,0,11,0,0,11,0,7,4,3,17,0,0
41723,1000000US170318347003024,28,0,28,3,0,0,0,28,0,0,28,3,22,15,7,47,3,0
41724,1000000US170318347003025,45,0,44,0,0,0,1,44,0,1,45,0,28,21,7,65,0,0
41725,1000000US170318347003026,0,0,0,0,0,0,0,0,0,0,0,0,0,0,0,0,0,0
41726,1000000US170318347003027,0,0,0,0,0,0,0,0,0,0,0,0,1,0,1,0,0,0
41727,1000000US170318347003028,24,0,24,0,0,0,0,24,0,0,24,0,10,8,2,34,0,0
41728,1000000US170318347003029,9,0,9,0,0,0,0,9,0,0,9,0,6,4,2,10,0,0
41729,1000000US170318347003030,0,0,0,0,0,0,0,0,0,0,0,0,6,0,6,0,0,0
41730,1000000US170318347003031,19,0,19,0,0,0,0,19,0,0,19,0,6,6,0,25,0,0
41731,1000000US170318347003032,9,0,9,0,0,0,0,9,0,0,9,0,14,6,8,9,0,0
41732,1000000US170318347003033,0,0,0,0,0,0,0,0,0,0,0,0,0,0,0,0,0,0
41733,1000000US170318347003034,13,0,13,1,0,0,0,13,0,0,13,1,8,5,3,13,1,0
41734,1000000US170318347003035,34,0,34,0,0,0,0,34,0,0,34,0,17,15,2,39,0,0
41735,1000000US170318347003036,0,0,0,0,0,0,0,0,0,0,0,0,0,0,0,0,0,0
41736,1000000US170318348001000,0,0,0,0,0,0,0,0,0,0,0,0,0,0,0,0,0,0
41737,1000000US170318348001001,2,0,2,0,0,0,0,2,0,0,2,0,13,1,12,2,0,0
41738,1000000US170318348001002,0,0,0,0,0,0,0,0,0,0,0,0,0,0,0,0,0,0
41739,1000000US170318348001003,33,0,33,0,0,0,0,33,0,0,33,0,28,17,11,49,0,0
41740,1000000US170318348001004,36,0,36,0,0,0,0,36,0,0,36,0,17,15,2,44,0,0
41741,1000000US170318348001005,21,0,20,1,0,0,0,21,0,0,21,0,20,10,10,24,1,0
41742,1000000US170318348001006,18,0,18,0,0,0,0,18,0,0,18,0,24,8,16,25,0,0
41743,1000000US170318348001007,11,0,11,0,0,0,0,11,0,0,11,0,18,6,12,15,0,0
41744,1000000US170318348001008,6,0,6,0,0,0,0,6,0,0,6,0,9,3,6,6,0,0
41745,1000000US170318348001009,25,0,25,0,0,0,0,25,0,0,25,0,28,12,16,37,0,0
41746,1000000US170318348001010,14,0,14,0,0,0,0,14,0,0,14,0,11,7,4,22,0,0
41747,1000000US170318348001011,0,0,0,0,0,0,0,0,0,0,0,0,0,0,0,0,0,0
41748,1000000US170318348001012,36,0,36,0,0,0,0,36,0,0,36,0,30,17,13,49,0,0
41749,1000000US170318348001013,27,0,27,0,0,0,0,27,0,0,27,4,18,13,5,37,0,0
41750,1000000US170318348001014,21,0,21,0,0,0,0,21,0,0,21,0,17,11,6,35,0,0
41751,1000000US170318348001015,44,0,44,0,0,0,0,44,0,0,44,0,28,23,5,51,0,0
41752,1000000US170318348001016,60,0,60,0,0,0,4,56,0,4,60,0,39,24,15,77,0,4
41753,1000000US170318348001017,30,0,28,2,0,0,0,30,0,0,30,0,19,12,7,40,2,0
41754,1000000US170318348002000,22,0,22,0,0,0,0,22,0,0,22,0,11,9,2,33,0,0
41755,1000000US170318348002001,15,0,15,0,0,0,0,15,0,0,15,0,14,7,7,20,0,0
41756,1000000US170318348002002,51,0,51,0,0,0,0,51,0,0,51,0,32,23,9,68,0,0
41757,1000000US170318348002003,11,0,11,0,0,0,0,11,0,0,11,0,13,9,4,14,0,0
41758,1000000US170318348002004,29,0,29,0,0,0,0,29,0,0,29,0,16,13,3,52,0,0
41759,1000000US170318348002005,39,0,39,0,0,0,0,39,0,0,39,0,20,17,3,57,0,0
41760,1000000US170318348002006,7,0,7,0,0,0,0,7,0,0,7,0,3,2,1,8,0,0
41761,1000000US170318348002007,0,0,0,0,0,0,0,0,0,0,0,0,0,0,0,0,0,0
41762,1000000US170318348002008,50,0,49,0,0,0,0,50,0,0,50,0,34,29,5,69,0,0
41763,1000000US170318348002009,57,0,57,0,0,0,0,57,0,0,57,0,30,22,8,78,0,0
41764,1000000US170318348002010,162,0,161,1,1,0,1,161,0,1,162,1,142,135,7,182,1,0
41765,1000000US170318348002011,10,0,10,0,0,0,0,10,0,0,10,0,7,6,1,15,0,0
41766,1000000US170318348002012,35,0,35,0,0,0,0,35,0,0,35,0,20,18,2,41,0,0
41767,1000000US170318348002013,34,0,34,1,1,0,0,34,0,0,34,1,19,18,1,43,0,0
41768,1000000US170318348002014,32,0,32,0,0,0,0,32,0,0,32,0,24,16,8,47,0,0
41769,1000000US170318348002015,22,0,22,0,0,0,0,22,0,0,22,0,15,10,5,29,0,0
41770,1000000US170318348002016,13,1,11,1,0,0,1,12,0,1,12,0,0,0,0,13,1,0
41771,1000000US170318348002017,0,0,0,0,0,0,0,0,0,0,0,0,0,0,0,0,0,0
41772,1000000US170318348002018,0,0,0,0,0,0,0,0,0,0,0,0,0,0,0,0,0,0
41773,1000000US170318348002019,0,0,0,0,0,0,0,0,0,0,0,0,0,0,0,0,0,0
41774,1000000US170318348002020,0,0,0,0,0,0,0,0,0,0,0,0,0,0,0,0,0,0
41775,1000000US170318348002021,40,0,40,0,0,0,1,39,0,1,40,0,24,19,5,64,0,1
41776,1000000US170318348002022,17,0,16,2,0,0,0,17,0,0,17,1,18,11,7,18,1,0
41777,1000000US170318348002023,0,0,0,0,0,0,0,0,0,0,0,0,0,0,0,0,0,0
41778,1000000US170318348002024,0,0,0,0,0,0,0,0,0,0,0,0,0,0,0,0,0,0
41779,1000000US170318348002025,0,0,0,0,0,0,0,0,0,0,0,0,0,0,0,0,0,0
41780,1000000US170318348002026,0,0,0,0,0,0,0,0,0,0,0,0,0,0,0,0,0,0
41781,1000000US170318348003000,8,0,8,0,0,0,0,8,0,0,8,0,4,3,1,12,0,0
41782,1000000US170318348003001,78,2,76,0,0,0,0,78,0,0,76,0,42,31,11,111,0,0
41783,1000000US170318348003002,50,0,50,3,0,0,0,50,0,0,50,3,23,21,2,55,3,0
41784,1000000US170318348003003,6,0,6,0,0,0,0,6,0,0,6,0,5,3,2,6,0,0
41785,1000000US170318348003004,36,0,36,0,0,0,0,36,0,0,36,0,38,19,19,48,0,0
41786,1000000US170318348003005,5,0,5,0,0,0,0,5,0,0,5,0,7,3,4,11,0,0
41787,1000000US170318348003006,13,0,13,0,0,0,0,13,0,0,13,0,14,6,8,18,0,0
41788,1000000US170318348003007,26,0,26,3,0,0,0,26,0,0,26,3,13,10,3,47,3,0
41789,1000000US170318348003008,27,0,27,0,0,0,0,27,0,0,27,0,15,14,1,36,0,0
41790,1000000US170318348003009,4,0,4,0,0,0,0,4,0,0,4,0,7,2,5,7,0,0
41791,1000000US170318348003010,18,0,18,0,0,0,0,18,0,0,18,0,14,9,5,24,0,0
41792,1000000US170318348003011,6,0,6,0,0,0,0,6,0,0,6,0,4,2,2,8,0,0
41793,1000000US170318348003012,0,0,0,0,0,0,0,0,0,0,0,0,0,0,0,0,0,0
41794,1000000US170318348003013,0,0,0,0,0,0,0,0,0,0,0,0,0,0,0,0,0,0
41795,1000000US170318348003014,56,0,52,1,0,0,8,48,0,8,56,1,32,26,6,98,1,4
41796,1000000US170318348003015,9,0,9,0,0,0,0,9,0,0,9,0,7,6,1,15,0,0
41797,1000000US170318348003016,0,0,0,0,0,0,0,0,0,0,0,0,6,0,6,0,0,0
41798,1000000US170318348003017,53,0,53,0,0,0,0,53,0,0,53,2,47,30,17,74,0,0
41799,1000000US170318348003018,15,0,15,0,0,0,0,15,0,0,15,0,5,5,0,19,0,0
41800,1000000US170318349001000,39,1,38,0,0,0,0,39,0,0,38,0,19,19,0,50,0,0
41801,1000000US170318349001001,27,0,27,0,0,0,0,27,0,0,27,0,11,8,3,40,0,0
41802,1000000US170318349001002,16,0,16,0,0,0,1,15,0,1,16,0,9,6,3,21,0,1
41803,1000000US170318349001003,26,0,26,0,0,0,0,26,0,0,26,0,14,11,3,50,0,0
41804,1000000US170318349001004,29,0,29,0,0,0,0,29,0,0,29,0,17,13,4,46,0,0
41805,1000000US170318349001005,27,0,26,1,0,0,0,27,0,0,27,0,21,11,10,37,1,0
41806,1000000US170318349001006,51,3,45,0,0,0,3,48,0,3,48,0,25,18,7,62,0,0
41807,1000000US170318349001007,49,0,48,0,0,0,2,47,0,2,49,1,25,19,6,79,0,1
41808,1000000US170318349001008,0,0,0,0,0,0,0,0,0,0,0,0,0,0,0,0,0,0
41809,1000000US170318349001009,31,0,31,0,0,0,0,31,0,0,31,0,18,14,4,57,0,0
41810,1000000US170318349001010,39,0,39,0,0,0,0,39,0,0,39,0,21,15,6,64,0,0
41811,1000000US170318349001011,41,0,41,0,0,0,0,41,0,0,41,1,20,13,7,72,0,0
41812,1000000US170318349001012,11,0,11,0,0,0,0,11,0,0,11,0,18,8,10,21,0,0
41813,1000000US170318349001013,53,2,51,0,0,0,0,53,0,0,51,0,30,24,6,71,0,0
41814,1000000US170318349001014,33,0,33,0,0,0,1,32,0,1,33,0,22,19,3,50,0,1
41815,1000000US170318349002000,5,0,5,0,0,0,0,5,0,0,5,0,3,2,1,8,0,0
41816,1000000US170318349002001,0,0,0,0,0,0,0,0,0,0,0,0,3,0,3,0,0,0
41817,1000000US170318349002002,0,0,0,0,0,0,0,0,0,0,0,0,3,0,3,0,0,0
41818,1000000US170318349002003,0,0,0,0,0,0,0,0,0,0,0,0,0,0,0,0,0,0
41819,1000000US170318349002004,0,0,0,0,0,0,0,0,0,0,0,0,0,0,0,0,0,0
41820,1000000US170318349002005,51,0,51,0,0,0,0,51,0,0,51,2,33,26,7,78,0,0
41821,1000000US170318349002006,53,0,52,1,0,0,2,51,0,2,53,1,34,27,7,71,1,1
41822,1000000US170318349002007,64,0,64,0,0,0,2,62,0,2,64,0,46,34,12,88,0,2
41823,1000000US170318349002008,9,0,9,0,0,0,0,9,0,0,9,0,11,6,5,10,0,0
41824,1000000US170318349002009,29,0,29,0,0,0,0,29,0,0,29,0,31,17,14,55,0,0
41825,1000000US170318349002010,53,0,52,1,0,0,2,51,0,2,53,0,39,34,5,84,1,2
41826,1000000US170318349002011,0,0,0,0,0,0,0,0,0,0,0,0,0,0,0,0,0,0
41827,1000000US170318349002012,42,0,40,2,0,0,0,42,0,0,42,0,34,28,6,51,2,0
41828,1000000US170318349002013,39,0,37,2,0,0,0,39,0,0,39,1,20,19,1,64,2,0
41829,1000000US170318349002014,24,2,22,0,0,0,0,24,0,0,22,0,22,9,13,28,0,0
41830,1000000US170318349002015,26,0,26,0,0,0,0,26,0,0,26,0,12,12,0,36,0,0
41831,1000000US170318349002016,24,0,24,0,0,0,0,24,0,0,24,0,13,8,5,32,0,0
41832,1000000US170318349002017,53,0,53,0,0,0,0,53,0,0,53,0,29,24,5,78,0,0
41833,1000000US170318349002018,33,0,33,0,0,0,0,33,0,0,33,0,16,16,0,55,0,0
41834,1000000US170318349002019,28,0,28,1,0,0,0,28,0,0,28,1,18,17,1,40,1,0
41835,1000000US170318349002020,173,6,166,1,0,0,0,173,0,0,167,0,139,127,12,183,1,0
41836,1000000US170318349002021,8,0,8,0,0,0,0,8,0,0,8,0,7,5,2,19,0,0
41837,1000000US170318349002022,23,0,22,0,0,0,1,22,0,1,23,0,13,9,4,32,0,0
41838,1000000US170318349002023,33,0,33,0,0,0,0,33,0,0,33,0,19,14,5,48,0,0
41839,1000000US170318349002024,11,0,11,0,0,0,0,11,0,0,11,0,7,6,1,12,0,0
41840,1000000US170318349002025,13,0,13,0,0,0,0,13,0,0,13,0,12,7,5,13,0,0
41841,1000000US170318349002026,32,0,32,0,0,0,0,32,0,0,32,0,17,11,6,43,0,0
41842,1000000US170318349002027,69,0,69,0,0,0,0,69,0,0,69,1,54,43,11,113,0,0
41843,1000000US170318349002028,72,1,71,0,0,0,0,72,0,0,71,0,43,35,8,122,0,0
41844,1000000US170318349002029,21,0,21,0,0,0,0,21,0,0,21,0,16,8,8,22,0,0
41845,1000000US170318349002030,32,0,32,0,0,0,0,32,0,0,32,0,19,13,6,47,0,0
41846,1000000US170318349002031,26,0,26,0,0,0,0,26,0,0,26,0,19,10,9,42,0,0
41847,1000000US170318349002032,52,0,52,2,1,0,0,52,0,0,52,3,26,25,1,78,1,0
41848,1000000US170318350001000,0,0,0,0,0,0,0,0,0,0,0,0,0,0,0,0,0,0
41849,1000000US170318350001001,3,0,3,0,0,0,0,3,0,0,3,0,1,1,0,3,0,0
41850,1000000US170318350001002,1,1,0,0,0,0,0,1,0,0,0,0,1,1,0,1,0,0
41851,1000000US170318350001003,0,0,0,0,0,0,0,0,0,0,0,0,0,0,0,0,0,0
41852,1000000US170318350001004,27,3,24,0,0,0,0,27,0,0,24,0,17,13,4,34,0,0
41853,1000000US170318350001005,47,0,47,0,0,0,0,47,0,0,47,0,35,17,18,66,0,0
41854,1000000US170318350001006,39,0,37,0,0,0,2,37,0,2,39,0,29,13,16,63,0,0
41855,1000000US170318350001007,57,9,32,0,0,0,16,41,0,16,48,0,25,23,2,86,0,0
41856,1000000US170318350001008,66,1,54,0,0,0,11,55,0,11,65,3,36,29,7,113,0,0
41857,1000000US170318350001009,0,0,0,0,0,0,0,0,0,0,0,0,0,0,0,0,0,0
41858,1000000US170318350001010,60,0,38,0,0,0,22,38,0,22,60,0,37,20,17,88,0,0
41859,1000000US170318350001011,53,3,40,0,0,0,10,43,0,10,50,0,22,19,3,96,0,0
41860,1000000US170318350001012,51,0,40,0,0,0,11,40,0,11,51,0,27,22,5,76,0,0
41861,1000000US170318350001013,72,2,60,0,0,0,10,62,0,10,70,0,30,30,0,117,0,0
41862,1000000US170318350001014,72,3,39,2,2,0,29,43,0,29,69,2,33,29,4,105,0,0
41863,1000000US170318350001015,0,0,0,0,0,0,0,0,0,0,0,0,0,0,0,0,0,0
41864,1000000US170318350001016,0,0,0,0,0,0,0,0,0,0,0,0,0,0,0,0,0,0
41865,1000000US170318350001017,0,0,0,0,0,0,0,0,0,0,0,0,0,0,0,0,0,0
41866,1000000US170318350001018,0,0,0,0,0,0,0,0,0,0,0,0,0,0,0,0,0,0
41867,1000000US170318350001019,2,0,2,0,0,0,0,2,0,0,2,0,2,1,1,3,0,0
41868,1000000US170318350001020,43,1,39,0,0,0,5,38,0,5,42,0,22,21,1,58,0,2
41869,1000000US170318350001021,64,3,57,0,0,0,4,60,0,4,61,2,46,44,2,73,0,0
41870,1000000US170318350001022,0,0,0,0,0,0,0,0,0,0,0,0,0,0,0,0,0,0
41871,1000000US170318350001023,0,0,0,0,0,0,0,0,0,0,0,0,2,0,2,0,0,0
41872,1000000US170318350001024,0,0,0,0,0,0,0,0,0,0,0,0,0,0,0,0,0,0
41873,1000000US170318350001025,68,0,51,0,0,0,17,51,0,17,68,0,32,29,3,93,0,0
41874,1000000US170318350002000,6,0,4,0,0,0,2,4,0,2,6,0,4,4,0,7,0,0
41875,1000000US170318350002001,57,0,52,0,0,0,5,52,0,5,57,0,45,28,17,82,0,0
41876,1000000US170318350002002,62,0,42,0,0,0,20,42,0,20,62,0,45,24,21,100,0,0
41877,1000000US170318350002003,84,0,76,0,0,0,8,76,0,8,84,0,38,34,4,114,0,0
41878,1000000US170318350002004,58,1,46,0,0,0,11,47,0,11,57,0,46,24,22,73,0,0
41879,1000000US170318350002005,53,2,47,0,0,0,9,44,0,9,51,0,21,18,3,75,0,5
41880,1000000US170318350002006,47,1,41,0,0,0,5,42,0,5,46,0,23,20,3,69,0,0
41881,1000000US170318350002007,58,2,56,0,0,0,0,58,0,0,56,0,26,23,3,89,0,0
41882,1000000US170318350002008,24,1,15,0,0,0,9,15,0,9,23,0,22,14,8,47,0,1
41883,1000000US170318350002009,44,0,44,0,1,0,0,44,0,0,44,1,52,18,34,66,0,0
41884,1000000US170318350002010,56,6,44,4,0,0,8,48,0,8,50,0,36,26,10,85,4,2
41885,1000000US170318350002011,38,1,36,0,0,0,1,37,0,1,37,0,36,28,8,55,0,0
41886,1000000US170318350002012,22,0,22,0,0,1,0,22,0,0,22,1,18,11,7,30,0,0
41887,1000000US170318350002013,14,0,14,0,0,0,0,14,0,0,14,0,12,7,5,28,0,0
41888,1000000US170318350002014,10,2,8,0,0,0,0,10,0,0,8,0,13,5,8,13,0,0
41889,1000000US170318350003000,2,0,1,0,0,0,0,2,0,0,2,1,3,1,2,5,0,0
41890,1000000US170318350003001,21,0,5,0,0,0,16,5,0,16,21,3,23,10,13,26,0,0
41891,1000000US170318350003002,73,0,2,0,5,0,69,4,0,69,73,1,26,24,2,100,0,2
41892,1000000US170318350003003,56,0,10,0,0,0,46,10,0,46,56,7,17,16,1,90,0,0
41893,1000000US170318350003004,46,2,21,0,0,0,24,22,0,24,44,1,23,21,2,77,0,1
41894,1000000US170318350003005,42,1,17,0,0,0,24,18,0,24,41,0,27,16,11,75,0,0
41895,1000000US170318350003006,66,1,37,0,0,0,29,37,0,29,65,1,28,27,1,99,0,1
41896,1000000US170318350003007,82,0,48,0,0,0,31,51,0,31,82,0,39,36,3,121,0,0
41897,1000000US170318350003008,110,1,60,1,0,0,50,60,0,50,109,3,49,44,5,164,1,2
41898,1000000US170318350003009,107,3,37,0,0,0,65,42,0,65,104,1,45,40,5,154,0,0
41899,1000000US170318350003010,72,1,16,0,0,0,55,17,0,55,71,0,37,21,16,105,0,0
41900,1000000US170318350003011,81,3,46,0,4,0,33,48,0,33,78,1,36,33,3,127,0,5
41901,1000000US170318350003012,65,1,36,0,1,0,32,33,0,32,64,2,34,22,12,90,0,4
41902,1000000US170318350003013,57,2,27,2,5,0,23,34,0,23,55,1,36,28,8,102,2,0
41903,1000000US170318350003014,14,11,0,0,0,0,3,11,0,3,3,0,2,2,0,14,0,0
41904,1000000US170318350003015,69,1,39,0,0,0,29,40,0,29,68,0,35,31,4,111,0,0
41905,1000000US170318350003016,56,2,12,0,0,0,42,14,0,42,54,3,19,17,2,97,0,0
41906,1000000US170318350003017,3,0,3,0,0,0,0,3,0,0,3,0,2,1,1,4,0,0
41907,1000000US170318350004000,52,0,39,0,0,0,13,39,0,13,52,1,25,18,7,73,0,0
41908,1000000US170318350004001,93,2,70,0,0,0,21,72,0,21,91,0,53,38,15,138,0,0
41909,1000000US170318350004002,78,2,74,0,0,0,2,76,0,2,76,0,47,34,13,102,0,0
41910,1000000US170318350004003,65,1,52,0,0,0,14,51,0,14,64,2,35,28,7,108,0,2
41911,1000000US170318350004004,66,0,33,0,0,0,33,33,0,33,66,0,33,25,8,106,0,0
41912,1000000US170318350004005,103,1,54,2,0,0,48,55,0,48,102,2,57,35,22,146,0,0
41913,1000000US170318350004006,77,4,64,0,0,0,9,68,0,9,73,3,31,28,3,109,0,0
41914,1000000US170318350004007,55,0,48,0,0,0,7,48,0,7,55,0,31,27,4,79,0,0
41915,1000000US170318350004008,22,6,7,0,0,0,9,13,0,9,16,0,24,9,15,32,0,0
41916,1000000US170318350004009,64,2,43,0,0,0,19,45,0,19,62,0,55,36,19,86,0,0
41917,1000000US170318350004010,25,0,25,0,0,0,0,25,0,0,25,0,36,14,22,39,0,0
41918,1000000US170318350004011,26,1,24,1,0,0,0,26,0,0,25,0,18,10,8,36,1,0
41919,1000000US170318350004012,7,0,7,0,0,0,0,7,0,0,7,0,6,5,1,10,0,0
41920,1000000US170318350004013,70,6,64,0,0,0,1,69,0,1,64,0,85,69,16,70,0,1
41921,1000000US170318350004014,62,0,61,0,0,0,1,61,0,1,62,0,60,60,0,62,0,0
41922,1000000US170318350005000,10,0,2,0,0,0,8,2,0,8,10,0,5,5,0,26,0,0
41923,1000000US170318350005001,7,0,7,0,0,0,0,7,0,0,7,0,3,3,0,8,0,0
41924,1000000US170318350005002,23,0,21,0,0,0,2,21,0,2,23,0,12,12,0,35,0,0
41925,1000000US170318350005003,62,1,37,0,0,0,24,38,0,24,61,0,29,26,3,93,0,0
41926,1000000US170318350005004,47,0,27,0,0,0,21,26,0,21,47,0,37,22,15,83,0,1
41927,1000000US170318350005005,74,1,51,1,0,0,22,52,0,22,73,0,41,25,16,114,1,0
41928,1000000US170318350005006,71,3,34,0,0,0,34,37,0,34,68,7,24,24,0,107,0,0
41929,1000000US170318350005007,51,5,12,3,0,0,34,17,0,34,46,8,22,20,2,83,2,0
41930,1000000US170318350005008,61,1,17,0,0,0,43,18,0,43,60,0,18,18,0,96,0,0
41931,1000000US170318350005009,55,4,25,0,0,0,26,29,0,26,51,4,18,17,1,69,0,0
41932,1000000US170318350005010,46,4,16,0,0,0,28,18,0,28,42,0,34,24,10,86,0,2
41933,1000000US170318350005011,86,0,37,0,0,0,49,37,0,49,86,0,33,28,5,118,0,0
41934,1000000US170318350005012,54,0,43,0,0,0,17,37,0,17,54,2,42,23,19,95,0,6
41935,1000000US170318350005013,0,0,0,0,0,0,0,0,0,0,0,0,0,0,0,0,0,0
41936,1000000US170318351001000,0,0,0,0,0,0,0,0,0,0,0,0,0,0,0,0,0,0
41937,1000000US170318351001001,0,0,0,0,0,0,0,0,0,0,0,0,0,0,0,0,0,0
41938,1000000US170318351001002,0,0,0,0,0,0,0,0,0,0,0,0,0,0,0,0,0,0
41939,1000000US170318351001003,0,0,0,0,0,0,0,0,0,0,0,0,0,0,0,0,0,0
41940,1000000US170318351001004,0,0,0,0,0,0,0,0,0,0,0,0,0,0,0,0,0,0
41941,1000000US170318351001005,0,0,0,0,0,0,0,0,0,0,0,0,0,0,0,0,0,0
41942,1000000US170318351001006,97,0,42,2,0,0,58,39,0,58,97,1,32,29,3,133,2,3
41943,1000000US170318351001007,68,0,29,0,0,0,39,29,0,39,68,4,30,28,2,117,0,0
41944,1000000US170318351001008,53,0,34,0,0,0,19,34,0,19,53,0,30,19,11,81,0,0
41945,1000000US170318351001009,0,0,0,0,0,0,0,0,0,0,0,0,0,0,0,0,0,0
41946,1000000US170318351001010,1,0,1,0,0,0,0,1,0,0,1,0,5,1,4,1,0,0
41947,1000000US170318351001011,0,0,0,0,0,0,0,0,0,0,0,0,0,0,0,0,0,0
41948,1000000US170318351001012,0,0,0,0,0,0,0,0,0,0,0,0,0,0,0,0,0,0
41949,1000000US170318351001013,22,0,15,0,0,0,7,15,0,7,22,1,11,9,2,32,0,0
41950,1000000US170318351001014,0,0,0,0,0,0,0,0,0,0,0,0,0,0,0,0,0,0
41951,1000000US170318351001015,17,0,15,0,1,0,2,15,0,2,17,1,7,7,0,22,0,0
41952,1000000US170318351001016,27,0,23,0,0,0,4,23,0,4,27,0,15,14,1,34,0,0
41953,1000000US170318351001017,0,0,0,0,0,0,0,0,0,0,0,0,0,0,0,0,0,0
41954,1000000US170318351001018,0,0,0,0,0,0,0,0,0,0,0,0,0,0,0,0,0,0
41955,1000000US170318351001019,51,0,33,3,0,0,18,33,0,18,51,3,22,20,2,66,3,0
41956,1000000US170318351001020,8,0,8,0,0,0,0,8,0,0,8,0,7,6,1,9,0,0
41957,1000000US170318351001021,29,0,22,0,0,0,7,22,0,7,29,0,14,14,0,36,0,0
41958,1000000US170318351001022,0,0,0,0,0,0,0,0,0,0,0,0,0,0,0,0,0,0
41959,1000000US170318351001023,0,0,0,0,0,0,0,0,0,0,0,0,0,0,0,0,0,0
41960,1000000US170318351001024,0,0,0,0,0,0,0,0,0,0,0,0,0,0,0,0,0,0
41961,1000000US170318351001025,0,0,0,0,0,0,0,0,0,0,0,0,0,0,0,0,0,0
41962,1000000US170318351001026,62,3,38,0,0,0,21,41,0,21,59,3,30,25,5,94,0,0
41963,1000000US170318351001027,59,0,32,0,0,0,28,31,0,28,59,2,23,20,3,91,0,1
41964,1000000US170318351001028,0,0,0,0,0,0,0,0,0,0,0,0,0,0,0,0,0,0
41965,1000000US170318351001029,31,0,18,0,0,0,15,16,0,15,31,0,13,13,0,39,0,2
41966,1000000US170318351001030,45,2,0,0,0,0,43,2,0,43,43,0,15,15,0,60,0,0
41967,1000000US170318351001031,19,1,15,0,0,0,3,16,0,3,18,0,7,7,0,31,0,0
41968,1000000US170318351001032,3,0,3,0,0,0,0,3,0,0,3,3,2,1,1,3,0,0
41969,1000000US170318351001033,4,0,3,0,0,0,1,3,0,1,4,0,2,2,0,4,0,0
41970,1000000US170318351001034,53,1,25,4,0,0,30,23,0,30,52,5,20,18,2,76,4,3
41971,1000000US170318351001035,77,6,14,0,2,0,54,23,0,54,71,0,28,24,4,110,0,0
41972,1000000US170318351001036,66,1,13,1,0,0,51,15,0,51,65,0,23,22,1,91,1,0
41973,1000000US170318351001037,64,0,23,3,0,0,43,21,0,43,64,0,25,22,3,95,3,2
41974,1000000US170318351001038,69,0,17,14,0,0,53,16,0,53,69,10,31,24,7,105,8,1
41975,1000000US170318351001039,0,0,0,0,0,0,0,0,0,0,0,0,0,0,0,0,0,0
41976,1000000US170318351001040,0,0,0,0,0,0,0,0,0,0,0,0,0,0,0,0,0,0
41977,1000000US170318351001041,0,0,0,0,0,0,0,0,0,0,0,0,0,0,0,0,0,0
41978,1000000US170318351002000,45,3,5,0,0,0,37,8,0,37,42,2,38,24,14,77,0,0
41979,1000000US170318351002001,47,7,2,0,0,0,38,9,0,38,40,0,20,19,1,79,0,0
41980,1000000US170318351002002,77,2,7,0,0,0,65,12,0,65,75,0,33,28,5,114,0,0
41981,1000000US170318351002003,67,0,2,6,4,0,62,5,0,62,67,1,29,26,3,120,6,0
41982,1000000US170318351002004,0,0,0,0,0,0,0,0,0,0,0,0,0,0,0,0,0,0
41983,1000000US170318351002005,76,3,9,1,0,0,64,12,0,64,73,6,32,31,1,118,1,0
41984,1000000US170318351002006,81,1,0,3,0,0,80,1,0,80,80,0,36,33,3,120,3,0
41985,1000000US170318351002007,51,3,24,0,0,0,24,27,0,24,48,0,23,18,5,74,0,0
41986,1000000US170318351002008,53,0,4,2,0,0,49,4,0,49,53,2,20,18,2,83,2,0
41987,1000000US170318351002009,67,0,0,1,0,0,66,1,0,66,67,0,20,20,0,102,1,0
41988,1000000US170318351002010,53,0,9,0,0,0,44,9,0,44,53,0,18,18,0,79,0,0
41989,1000000US170318351002011,78,1,13,0,0,0,64,14,0,64,77,0,26,24,2,103,0,0
41990,1000000US170318351002012,57,7,21,1,0,0,28,29,0,28,50,1,27,25,2,102,0,0
41991,1000000US170318351002013,62,0,24,0,0,0,38,24,0,38,62,0,26,25,1,97,0,0
41992,1000000US170318351002014,86,0,6,0,0,0,80,6,0,80,86,0,27,25,2,139,0,0
41993,1000000US170318351003000,0,0,0,0,0,0,0,0,0,0,0,0,1,0,1,0,0,0
41994,1000000US170318351003001,60,0,34,0,0,0,26,34,0,26,60,0,21,17,4,87,0,0
41995,1000000US170318351003002,38,0,31,0,1,1,9,29,0,9,38,1,27,14,13,69,0,2
41996,1000000US170318351003003,58,1,10,0,0,0,47,11,0,47,57,10,21,17,4,85,0,0
41997,1000000US170318351003004,51,0,21,1,0,0,30,21,0,30,51,2,29,23,6,77,1,0
41998,1000000US170318351003005,56,1,32,0,0,0,23,33,0,23,55,0,25,20,5,74,0,0
41999,1000000US170318351003006,47,2,21,4,0,0,29,18,0,29,45,4,21,19,2,70,4,5
42000,1000000US170318351003007,41,0,0,0,0,0,41,0,0,41,41,0,18,17,1,71,0,0
42001,1000000US170318351003008,46,4,13,0,0,0,29,17,0,29,42,0,18,16,2,62,0,0
42002,1000000US170318351003009,38,0,13,3,0,0,25,13,0,25,38,0,15,14,1,59,3,0
42003,1000000US170318351003010,42,2,6,0,0,0,34,8,0,34,40,0,17,16,1,70,0,0
42004,1000000US170318351003011,62,2,0,0,0,0,60,2,0,60,60,0,23,21,2,100,0,0
42005,1000000US170318351003012,65,5,8,0,0,0,54,11,0,54,60,1,16,15,1,82,0,2
42006,1000000US170318351003013,66,3,6,2,0,0,63,3,0,63,63,0,23,22,1,107,2,6
42007,1000000US170318351003014,8,0,0,0,0,0,8,0,0,8,8,1,4,4,0,8,0,0
42008,1000000US170318351003015,7,1,0,0,0,0,6,1,0,6,6,0,4,3,1,11,0,0
42009,1000000US170318351003016,29,0,2,0,0,0,27,2,0,27,29,0,10,10,0,39,0,0
42010,1000000US170318351003017,10,1,2,0,0,0,7,3,0,7,9,0,4,4,0,21,0,0
42011,1000000US170318351003018,41,0,22,0,0,0,19,22,0,19,41,4,17,14,3,52,0,0
42012,1000000US170318351003019,18,0,13,0,0,0,5,13,0,5,18,2,14,13,1,26,0,0
42013,1000000US170318351003020,0,0,0,0,0,0,0,0,0,0,0,0,0,0,0,0,0,0
42014,1000000US170318351004000,46,6,0,0,0,0,40,6,0,40,40,0,12,12,0,66,0,0
42015,1000000US170318351004001,20,0,0,0,0,0,20,0,0,20,20,0,5,5,0,24,0,0
42016,1000000US170318351004002,67,6,0,0,0,0,61,6,0,61,61,0,26,24,2,94,0,0
42017,1000000US170318351004003,57,4,3,0,0,0,52,5,0,52,53,1,17,16,1,76,0,2
42018,1000000US170318351004004,48,3,0,1,0,0,44,4,0,44,45,1,17,16,1,69,1,0
42019,1000000US170318351004005,64,12,0,11,0,0,49,15,0,49,52,0,21,19,2,93,11,0
42020,1000000US170318351004006,72,6,1,0,0,0,65,7,0,65,66,0,27,24,3,114,0,0
42021,1000000US170318351004007,55,1,0,0,0,0,54,1,0,54,54,1,20,19,1,101,0,0
42022,1000000US170318351004008,49,3,0,0,0,0,46,3,0,46,46,0,16,16,0,75,0,0
42023,1000000US170318351004009,70,8,0,0,0,0,62,8,0,62,62,3,20,20,0,92,0,0
42024,1000000US170318351004010,78,5,3,0,0,0,72,6,0,72,73,4,34,31,3,147,0,2
42025,1000000US170318351004011,68,1,5,0,0,0,62,6,0,62,67,0,27,23,4,102,0,0
42026,1000000US170318351004012,67,2,4,0,0,0,65,2,0,65,65,4,26,26,0,108,0,4
42027,1000000US170318351004013,65,1,11,0,0,0,53,12,0,53,64,9,27,21,6,115,0,0
42028,1000000US170318351004014,57,0,0,0,2,0,55,2,0,55,57,0,22,20,2,83,0,0
42029,1000000US170318351004015,45,2,6,0,0,0,43,2,0,43,43,0,18,15,3,60,0,6
42030,1000000US170318351004016,27,0,24,0,0,0,3,24,0,3,27,0,18,15,3,43,0,0
42031,1000000US170318352001000,0,0,0,0,0,0,0,0,0,0,0,0,0,0,0,0,0,0
42032,1000000US170318352001001,15,2,0,0,1,0,12,3,0,12,13,0,8,8,0,25,0,0
42033,1000000US170318352001002,29,8,1,0,0,0,21,8,0,21,21,1,12,12,0,45,0,1
42034,1000000US170318352001003,20,15,2,0,0,0,3,17,0,3,5,0,9,8,1,24,0,0
42035,1000000US170318352001004,22,10,0,0,0,0,12,10,0,12,12,0,9,7,2,32,0,0
42036,1000000US170318352001005,26,15,0,0,0,0,11,15,0,11,11,0,15,12,3,30,0,0
42037,1000000US170318352001006,0,0,0,0,0,0,0,0,0,0,0,0,0,0,0,0,0,0
42038,1000000US170318352001007,105,43,18,2,3,0,42,63,0,42,62,1,64,59,5,131,2,1
42039,1000000US170318352001008,38,17,0,0,0,0,21,17,0,21,21,0,15,14,1,51,0,0
42040,1000000US170318352001009,58,13,1,0,0,0,44,14,0,44,45,0,26,22,4,80,0,0
42041,1000000US170318352001010,30,24,0,0,0,0,6,24,0,6,6,0,15,15,0,43,0,0
42042,1000000US170318352001011,43,11,0,0,1,0,31,12,0,31,32,3,17,15,2,68,0,0
42043,1000000US170318352001012,47,22,3,0,0,0,22,25,0,22,25,0,17,17,0,65,0,0
42044,1000000US170318352001013,52,31,0,0,0,0,21,31,0,21,21,2,18,18,0,69,0,0
42045,1000000US170318352001014,36,18,0,0,1,0,16,20,0,16,18,0,16,16,0,46,0,0
42046,1000000US170318352001015,40,27,0,0,0,0,13,27,0,13,13,0,19,17,2,49,0,0
42047,1000000US170318352001016,31,15,0,0,1,0,15,16,0,15,16,0,20,19,1,46,0,0
42048,1000000US170318352001017,49,34,0,0,0,0,15,34,0,15,15,0,20,19,1,62,0,0
42049,1000000US170318352001018,46,19,0,0,0,0,27,19,0,27,27,0,17,17,0,66,0,0
42050,1000000US170318352001019,43,34,0,0,2,0,6,37,0,6,9,1,19,19,0,45,0,0
42051,1000000US170318352001020,36,12,0,0,2,0,22,14,0,22,24,0,16,16,0,52,0,0
42052,1000000US170318352001021,53,26,0,0,0,0,27,26,0,27,27,0,19,19,0,75,0,0
42053,1000000US170318352001022,46,33,0,0,0,0,13,33,0,13,13,0,21,20,1,62,0,0
42054,1000000US170318352001023,17,17,0,0,0,0,0,17,0,0,0,0,5,5,0,21,0,0
42055,1000000US170318352001024,18,9,0,0,0,0,9,9,0,9,9,0,5,5,0,28,0,0
42056,1000000US170318352001025,10,7,0,0,1,0,2,8,0,2,3,0,5,5,0,14,0,0
42057,1000000US170318352001026,14,6,0,0,0,0,8,6,0,8,8,0,5,5,0,20,0,0
42058,1000000US170318352001027,56,40,3,1,0,0,12,44,0,12,16,1,43,42,1,60,0,0
42059,1000000US170318352001028,8,3,3,0,0,0,2,6,0,2,5,0,6,6,0,9,0,0
42060,1000000US170318352001029,34,28,0,0,1,0,5,29,0,5,6,0,26,24,2,34,0,0
42061,1000000US170318352001030,0,0,0,0,0,0,0,0,0,0,0,0,0,0,0,0,0,0
42062,1000000US170318352001031,4,2,0,0,0,0,2,2,0,2,2,0,2,2,0,7,0,0
42063,1000000US170318352001032,0,0,0,0,0,0,0,0,0,0,0,0,0,0,0,0,0,0
42064,1000000US170318352001033,2,0,0,0,0,0,2,0,0,2,2,0,1,1,0,6,0,0
42065,1000000US170318352001034,0,0,0,0,0,0,0,0,0,0,0,0,0,0,0,0,0,0
42066,1000000US170318352001035,0,0,0,0,0,0,0,0,0,0,0,0,0,0,0,0,0,0
42067,1000000US170318352001036,0,0,0,0,0,0,0,0,0,0,0,0,0,0,0,0,0,0
42068,1000000US170318352001037,0,0,0,0,0,0,0,0,0,0,0,0,0,0,0,0,0,0
42069,1000000US170318352001038,59,20,0,0,0,0,39,20,0,39,39,5,22,20,2,83,0,0
42070,1000000US170318352001039,25,10,0,0,0,0,15,10,0,15,15,0,8,8,0,29,0,0
42071,1000000US170318352001040,66,30,0,0,0,0,36,30,0,36,36,8,26,26,0,94,0,0
42072,1000000US170318352001041,71,43,0,0,0,0,28,43,0,28,28,1,25,25,0,100,0,0
42073,1000000US170318352001042,66,15,7,1,1,1,48,18,0,48,51,1,27,27,0,97,1,5
42074,1000000US170318352001043,83,17,1,0,11,0,54,29,0,54,66,0,27,25,2,110,0,0
42075,1000000US170318352001044,23,12,5,0,0,0,5,18,0,5,11,1,11,11,0,30,0,0
42076,1000000US170318352001045,0,0,0,0,0,0,0,0,0,0,0,0,0,0,0,0,0,0
42077,1000000US170318352001046,4,0,0,0,0,0,4,0,0,4,4,0,3,1,2,4,0,0
42078,1000000US170318352001047,27,11,0,6,3,0,13,14,0,13,16,4,9,9,0,28,6,0
42079,1000000US170318352001048,23,14,0,0,0,0,9,14,0,9,9,0,8,8,0,26,0,0
42080,1000000US170318352001049,59,25,7,0,2,0,25,34,0,25,34,0,43,38,5,74,0,0
42081,1000000US170318352001050,0,0,0,0,0,0,0,0,0,0,0,0,0,0,0,0,0,0
42082,1000000US170318352001051,0,0,0,0,0,0,0,0,0,0,0,0,0,0,0,0,0,0
42083,1000000US170318352001052,20,13,0,0,0,0,7,13,0,7,7,3,14,12,2,20,0,0
42084,1000000US170318352001053,0,0,0,0,0,0,0,0,0,0,0,0,0,0,0,0,0,0
42085,1000000US170318352001054,0,0,0,0,0,0,0,0,0,0,0,0,0,0,0,0,0,0
42086,1000000US170318352001055,0,0,0,0,0,0,0,0,0,0,0,0,0,0,0,0,0,0
42087,1000000US170318352001056,0,0,0,0,0,0,0,0,0,0,0,0,0,0,0,0,0,0
42088,1000000US170318352001057,0,0,0,0,0,0,0,0,0,0,0,0,0,0,0,0,0,0
42089,1000000US170318352001058,0,0,0,0,0,0,0,0,0,0,0,0,0,0,0,0,0,0
42090,1000000US170318352001059,0,0,0,0,0,0,0,0,0,0,0,0,0,0,0,0,0,0
42091,1000000US170318352001060,0,0,0,0,0,0,0,0,0,0,0,0,0,0,0,0,0,0
42092,1000000US170318352001061,0,0,0,0,0,0,0,0,0,0,0,0,0,0,0,0,0,0
42093,1000000US170318352001062,0,0,0,0,0,0,0,0,0,0,0,0,0,0,0,0,0,0
42094,1000000US170318355001000,0,0,0,0,0,0,0,0,0,0,0,0,0,0,0,0,0,0
42095,1000000US170318355001001,0,0,0,0,0,0,0,0,0,0,0,0,0,0,0,0,0,0
42096,1000000US170318355001002,0,0,0,0,0,0,0,0,0,0,0,0,0,0,0,0,0,0
42097,1000000US170318355001003,0,0,0,0,0,0,0,0,0,0,0,0,0,0,0,0,0,0
42098,1000000US170318355001004,0,0,0,0,0,0,0,0,0,0,0,0,0,0,0,0,0,0
42099,1000000US170318355001005,0,0,0,0,0,0,0,0,0,0,0,0,0,0,0,0,0,0
42100,1000000US170318355001006,27,1,26,0,0,0,0,27,0,0,26,0,15,14,1,35,0,0
42101,1000000US170318355001007,13,0,13,2,0,0,0,13,0,0,13,2,13,9,4,17,2,0
42102,1000000US170318355001008,0,0,0,0,0,0,0,0,0,0,0,0,0,0,0,0,0,0
42103,1000000US170318355001009,0,0,0,0,0,0,0,0,0,0,0,0,0,0,0,0,0,0
42104,1000000US170318355001010,5,0,5,0,0,0,0,5,0,0,5,0,3,3,0,5,0,0
42105,1000000US170318355001011,0,0,0,0,0,0,0,0,0,0,0,0,0,0,0,0,0,0
42106,1000000US170318355001012,0,0,0,0,0,0,0,0,0,0,0,0,0,0,0,0,0,0
42107,1000000US170318355001013,0,0,0,0,0,0,0,0,0,0,0,0,0,0,0,0,0,0
42108,1000000US170318355001014,0,0,0,0,0,0,0,0,0,0,0,0,0,0,0,0,0,0
42109,1000000US170318355001015,0,0,0,0,0,0,0,0,0,0,0,0,0,0,0,0,0,0
42110,1000000US170318355001016,0,0,0,0,0,0,0,0,0,0,0,0,0,0,0,0,0,0
42111,1000000US170318355001017,0,0,0,0,0,0,0,0,0,0,0,0,0,0,0,0,0,0
42112,1000000US170318355001018,0,0,0,0,0,0,0,0,0,0,0,0,0,0,0,0,0,0
42113,1000000US170318355001019,0,0,0,0,0,0,0,0,0,0,0,0,0,0,0,0,0,0
42114,1000000US170318355001020,6,0,5,0,0,0,1,5,0,1,6,0,6,4,2,8,0,0
42115,1000000US170318355001021,15,0,15,0,0,0,0,15,0,0,15,0,11,10,1,17,0,0
42116,1000000US170318355001022,0,0,0,0,0,0,0,0,0,0,0,0,0,0,0,0,0,0
42117,1000000US170318355001023,0,0,0,0,0,0,0,0,0,0,0,0,0,0,0,0,0,0
42118,1000000US170318355001024,54,0,54,1,0,0,0,54,0,0,54,1,20,19,1,60,1,0
42119,1000000US170318355001025,0,0,0,0,0,0,0,0,0,0,0,0,0,0,0,0,0,0
42120,1000000US170318355001026,7,0,7,0,0,0,0,7,0,0,7,0,8,5,3,8,0,0
42121,1000000US170318355001027,20,0,20,1,0,0,0,20,0,0,20,1,13,10,3,30,1,0
42122,1000000US170318355001028,16,0,16,0,0,0,1,15,0,1,16,0,8,6,2,18,0,1
42123,1000000US170318355001029,30,0,30,0,0,0,0,30,0,0,30,0,30,19,11,41,0,0
42124,1000000US170318355001030,18,0,16,0,0,0,2,16,0,2,18,0,16,11,5,28,0,0
42125,1000000US170318355001031,15,0,13,0,2,0,0,15,0,0,15,0,9,7,2,20,0,0
42126,1000000US170318355001032,0,0,0,0,0,0,0,0,0,0,0,0,0,0,0,0,0,0
42127,1000000US170318355001033,0,0,0,0,0,0,0,0,0,0,0,0,0,0,0,0,0,0
42128,1000000US170318355001034,0,0,0,0,0,0,0,0,0,0,0,0,0,0,0,0,0,0
42129,1000000US170318355001035,0,0,0,0,0,0,0,0,0,0,0,0,0,0,0,0,0,0
42130,1000000US170318355001036,20,0,19,0,0,0,1,19,0,1,20,0,20,15,5,39,0,0
42131,1000000US170318355001037,33,0,33,0,0,0,0,33,0,0,33,0,17,13,4,42,0,0
42132,1000000US170318355001038,1,0,1,0,0,0,0,1,0,0,1,0,1,1,0,1,0,0
42133,1000000US170318355001039,30,1,29,0,0,0,0,30,0,0,29,0,17,14,3,49,0,0
42134,1000000US170318355001040,327,3,321,4,3,3,0,327,0,0,324,7,337,258,79,342,3,0
42135,1000000US170318355001041,2,0,2,0,0,0,0,2,0,0,2,0,4,1,3,5,0,0
42136,1000000US170318355001042,0,0,0,0,0,0,0,0,0,0,0,0,3,0,3,0,0,0
42137,1000000US170318355002000,0,0,0,0,0,0,0,0,0,0,0,0,0,0,0,0,0,0
42138,1000000US170318355002001,0,0,0,0,0,0,0,0,0,0,0,0,0,0,0,0,0,0
42139,1000000US170318355002002,0,0,0,0,0,0,0,0,0,0,0,0,0,0,0,0,0,0
42140,1000000US170318355002003,0,0,0,0,0,0,0,0,0,0,0,0,0,0,0,0,0,0
42141,1000000US170318355002004,0,0,0,0,0,0,0,0,0,0,0,0,0,0,0,0,0,0
42142,1000000US170318355002005,0,0,0,0,0,0,0,0,0,0,0,0,0,0,0,0,0,0
42143,1000000US170318355002006,0,0,0,0,0,0,0,0,0,0,0,0,0,0,0,0,0,0
42144,1000000US170318355002007,0,0,0,0,0,0,0,0,0,0,0,0,0,0,0,0,0,0
42145,1000000US170318355002008,9,0,9,0,0,0,0,9,0,0,9,0,7,4,3,9,0,0
42146,1000000US170318355002009,0,0,0,0,0,0,0,0,0,0,0,0,0,0,0,0,0,0
42147,1000000US170318355002010,0,0,0,0,0,0,0,0,0,0,0,0,0,0,0,0,0,0
42148,1000000US170318355002011,0,0,0,0,0,0,0,0,0,0,0,0,0,0,0,0,0,0
42149,1000000US170318355002012,0,0,0,0,0,0,0,0,0,0,0,0,0,0,0,0,0,0
42150,1000000US170318355002013,15,2,13,0,0,0,3,12,0,3,13,0,15,8,7,17,0,3
42151,1000000US170318355002014,29,0,29,0,0,0,0,29,0,0,29,0,18,11,7,41,0,0
42152,1000000US170318355002015,44,2,40,1,0,0,2,42,0,2,42,1,27,26,1,68,1,0
42153,1000000US170318355002016,58,3,53,0,0,0,4,54,0,4,55,0,29,25,4,66,0,2
42154,1000000US170318355002017,8,0,8,0,0,0,0,8,0,0,8,0,7,5,2,11,0,0
42155,1000000US170318355002018,15,0,15,0,0,0,0,15,0,0,15,0,7,6,1,22,0,0
42156,1000000US170318355002019,8,1,7,0,0,0,0,8,0,0,7,0,4,3,1,11,0,0
42157,1000000US170318355002020,40,0,38,0,0,0,3,37,0,3,40,0,35,28,7,65,0,1
42158,1000000US170318355002021,24,0,24,0,0,0,0,24,0,0,24,0,16,11,5,37,0,0
42159,1000000US170318355002022,0,0,0,0,0,0,0,0,0,0,0,0,0,0,0,0,0,0
42160,1000000US170318355002023,3,0,3,0,0,0,0,3,0,0,3,0,3,3,0,3,0,0
42161,1000000US170318355002024,25,0,25,0,0,0,0,25,0,0,25,0,12,11,1,35,0,0
42162,1000000US170318355002025,9,0,9,0,0,0,0,9,0,0,9,0,11,5,6,17,0,0
42163,1000000US170318355002026,70,0,67,0,0,0,3,67,0,3,70,0,49,33,16,90,0,0
42164,1000000US170318355002027,0,0,0,0,0,0,0,0,0,0,0,0,0,0,0,0,0,0
42165,1000000US170318355002028,1,0,1,0,0,0,0,1,0,0,1,0,1,1,0,1,0,0
42166,1000000US170318355002029,0,0,0,0,0,0,0,0,0,0,0,0,0,0,0,0,0,0
42167,1000000US170318355002030,0,0,0,0,0,0,0,0,0,0,0,0,0,0,0,0,0,0
42168,1000000US170318355002031,8,6,0,0,1,0,1,7,0,1,2,0,0,0,0,8,0,0
42169,1000000US170318355002032,0,0,0,0,0,0,0,0,0,0,0,0,0,0,0,0,0,0
42170,1000000US170318355002033,0,0,0,0,0,0,0,0,0,0,0,0,0,0,0,0,0,0
42171,1000000US170318355002034,17,4,13,0,0,0,0,17,0,0,13,0,8,7,1,19,0,0
42172,1000000US170318355002035,27,0,27,2,0,0,0,27,0,0,27,2,27,14,13,53,2,0
42173,1000000US170318355002036,11,0,11,0,0,0,0,11,0,0,11,0,10,7,3,12,0,0
42174,1000000US170318355002037,35,0,35,0,0,0,0,35,0,0,35,0,26,19,7,51,0,0
42175,1000000US170318355002038,25,0,25,0,0,0,0,25,0,0,25,0,17,13,4,43,0,0
42176,1000000US170318355002039,7,0,7,0,0,0,0,7,0,0,7,0,9,4,5,13,0,0
42177,1000000US170318355002040,0,0,0,0,0,0,0,0,0,0,0,0,0,0,0,0,0,0
42178,1000000US170318355002041,0,0,0,0,0,0,0,0,0,0,0,0,0,0,0,0,0,0
42179,1000000US170318355002042,0,0,0,0,0,0,0,0,0,0,0,0,0,0,0,0,0,0
42180,1000000US170318355002043,1,0,1,0,0,0,0,1,0,0,1,0,1,1,0,1,0,0
42181,1000000US170318355002044,12,1,11,0,0,0,0,12,0,0,11,0,8,6,2,17,0,0
42182,1000000US170318355002045,14,0,14,0,0,0,0,14,0,0,14,0,11,9,2,14,0,0
42183,1000000US170318355002046,16,0,16,0,0,0,0,16,0,0,16,0,9,8,1,21,0,0
42184,1000000US170318355002047,30,1,29,3,0,0,0,30,0,0,29,3,10,10,0,39,3,0
42185,1000000US170318355002048,13,0,13,0,0,0,0,13,0,0,13,0,6,5,1,15,0,0
42186,1000000US170318355002049,7,1,6,0,0,0,0,7,0,0,6,0,2,2,0,10,0,0
42187,1000000US170318355002050,25,1,23,2,0,0,1,24,0,1,24,3,12,11,1,36,2,0
42188,1000000US170318355002051,20,0,20,0,0,0,0,20,0,0,20,0,12,10,2,22,0,0
42189,1000000US170318355002052,0,0,0,0,0,0,0,0,0,0,0,0,0,0,0,0,0,0
42190,1000000US170318355002053,11,0,8,0,0,0,3,8,0,3,11,0,6,5,1,12,0,0
42191,1000000US170318355002054,0,0,0,0,0,0,0,0,0,0,0,0,0,0,0,0,0,0
42192,1000000US170318355002055,0,0,0,0,0,0,0,0,0,0,0,0,0,0,0,0,0,0
42193,1000000US170318355002056,0,0,0,0,0,0,0,0,0,0,0,0,0,0,0,0,0,0
42194,1000000US170318355002057,0,0,0,0,0,0,0,0,0,0,0,0,0,0,0,0,0,0
42195,1000000US170318355002058,0,0,0,0,0,0,0,0,0,0,0,0,0,0,0,0,0,0
42196,1000000US170318355002059,17,5,11,0,0,0,1,16,0,1,12,0,11,9,2,21,0,0
42197,1000000US170318355002060,10,0,5,1,0,0,6,4,0,6,10,1,6,4,2,12,1,1
42198,1000000US170318355002061,0,0,0,0,0,0,0,0,0,0,0,0,0,0,0,0,0,0
42199,1000000US170318355002062,0,0,0,0,0,0,0,0,0,0,0,0,0,0,0,0,0,0
42200,1000000US170318356001000,0,0,0,0,0,0,0,0,0,0,0,0,0,0,0,0,0,0
42201,1000000US170318356001001,0,0,0,0,0,0,0,0,0,0,0,0,0,0,0,0,0,0
42202,1000000US170318356001002,0,0,0,0,0,0,0,0,0,0,0,0,0,0,0,0,0,0
42203,1000000US170318356001003,0,0,0,0,0,0,0,0,0,0,0,0,0,0,0,0,0,0
42204,1000000US170318356001004,0,0,0,0,0,0,0,0,0,0,0,0,0,0,0,0,0,0
42205,1000000US170318356001005,0,0,0,0,0,0,0,0,0,0,0,0,0,0,0,0,0,0
42206,1000000US170318356001006,0,0,0,0,0,0,0,0,0,0,0,0,0,0,0,0,0,0
42207,1000000US170318356001007,0,0,0,0,0,0,0,0,0,0,0,0,0,0,0,0,0,0
42208,1000000US170318356001008,12,0,12,0,0,0,0,12,0,0,12,0,10,7,3,12,0,0
42209,1000000US170318356001009,0,0,0,0,0,0,0,0,0,0,0,0,0,0,0,0,0,0
42210,1000000US170318356001010,53,0,51,2,0,0,2,51,0,2,53,2,18,16,2,71,2,0
42211,1000000US170318356001011,0,0,0,0,0,0,0,0,0,0,0,0,0,0,0,0,0,0
42212,1000000US170318356001012,20,0,18,0,0,0,2,18,0,2,20,0,15,12,3,34,0,0
42213,1000000US170318356001013,38,0,36,0,0,0,2,36,0,2,38,0,22,15,7,57,0,0
42214,1000000US170318356001014,49,0,49,0,0,0,0,49,0,0,49,0,32,26,6,67,0,0
42215,1000000US170318356001015,0,0,0,0,0,0,0,0,0,0,0,0,0,0,0,0,0,0
42216,1000000US170318356001016,0,0,0,0,0,0,0,0,0,0,0,0,0,0,0,0,0,0
42217,1000000US170318356001017,6,0,6,0,0,0,0,6,0,0,6,0,7,3,4,9,0,0
42218,1000000US170318356001018,6,0,6,0,0,0,0,6,0,0,6,0,2,2,0,8,0,0
42219,1000000US170318356001019,4,0,4,0,0,0,0,4,0,0,4,0,1,1,0,4,0,0
42220,1000000US170318356001020,6,0,4,0,0,0,2,4,0,2,6,0,9,4,5,10,0,0
42221,1000000US170318356001021,7,0,7,0,0,0,0,7,0,0,7,0,3,3,0,9,0,0
42222,1000000US170318356001022,0,0,0,0,0,0,0,0,0,0,0,0,0,0,0,0,0,0
42223,1000000US170318356001023,0,0,0,0,0,0,0,0,0,0,0,0,0,0,0,0,0,0
42224,1000000US170318356001024,0,0,0,0,0,0,0,0,0,0,0,0,0,0,0,0,0,0
42225,1000000US170318356001025,0,0,0,0,0,0,0,0,0,0,0,0,0,0,0,0,0,0
42226,1000000US170318356001026,36,0,36,0,0,0,0,36,0,0,36,0,26,16,10,47,0,0
42227,1000000US170318356001027,55,0,51,0,0,0,4,51,0,4,55,0,38,27,11,85,0,0
42228,1000000US170318356001028,10,0,10,0,0,0,0,10,0,0,10,0,14,6,8,12,0,0
42229,1000000US170318356001029,11,0,11,0,0,0,0,11,0,0,11,0,5,4,1,16,0,0
42230,1000000US170318356001030,16,0,16,0,0,0,0,16,0,0,16,0,8,5,3,26,0,0
42231,1000000US170318356001031,78,0,78,0,0,0,0,78,0,0,78,0,66,64,2,80,0,0
42232,1000000US170318356001032,6,0,6,0,0,0,0,6,0,0,6,0,2,2,0,6,0,0
42233,1000000US170318356001033,0,0,0,0,0,0,0,0,0,0,0,0,0,0,0,0,0,0
42234,1000000US170318356002000,9,4,2,0,0,0,3,6,0,3,5,0,4,3,1,9,0,0
42235,1000000US170318356002001,0,0,0,0,0,0,0,0,0,0,0,0,0,0,0,0,0,0
42236,1000000US170318356002002,16,2,1,0,0,0,13,3,0,13,14,0,13,10,3,31,0,0
42237,1000000US170318356002003,16,0,3,0,0,0,13,3,0,13,16,1,7,7,0,24,0,0
42238,1000000US170318356002004,0,0,0,0,0,0,0,0,0,0,0,0,0,0,0,0,0,0
42239,1000000US170318356002005,0,0,0,0,0,0,0,0,0,0,0,0,0,0,0,0,0,0
42240,1000000US170318356002006,0,0,0,0,0,0,0,0,0,0,0,0,0,0,0,0,0,0
42241,1000000US170318356002007,4,0,4,0,0,0,0,4,0,0,4,0,4,2,2,10,0,0
42242,1000000US170318356002008,13,0,13,0,0,0,0,13,0,0,13,0,8,6,2,29,0,0
42243,1000000US170318356002009,0,0,0,0,0,0,0,0,0,0,0,0,0,0,0,0,0,0
42244,1000000US170318356002010,0,0,0,0,0,0,0,0,0,0,0,0,0,0,0,0,0,0
42245,1000000US170318356002011,0,0,0,0,0,0,0,0,0,0,0,0,0,0,0,0,0,0
42246,1000000US170318356002012,0,0,0,0,0,0,0,0,0,0,0,0,0,0,0,0,0,0
42247,1000000US170318356002013,72,1,63,0,0,0,8,64,0,8,71,0,36,32,4,96,0,0
42248,1000000US170318356002014,20,0,20,2,0,0,0,20,0,0,20,2,13,9,4,23,2,0
42249,1000000US170318356002015,2,0,2,0,0,0,0,2,0,0,2,0,2,1,1,3,0,0
42250,1000000US170318356002016,18,0,18,0,0,0,0,18,0,0,18,0,10,8,2,27,0,0
42251,1000000US170318356002017,51,0,51,0,0,0,0,51,0,0,51,0,31,22,9,81,0,0
42252,1000000US170318356002018,5,0,5,0,0,0,0,5,0,0,5,0,5,4,1,6,0,0
42253,1000000US170318356002019,48,0,48,0,0,0,0,48,0,0,48,0,27,23,4,62,0,0
42254,1000000US170318356002020,0,0,0,0,0,0,0,0,0,0,0,0,0,0,0,0,0,0
42255,1000000US170318356002021,14,0,14,0,0,0,0,14,0,0,14,0,7,6,1,21,0,0
42256,1000000US170318356002022,49,0,49,2,0,0,0,49,0,0,49,2,21,20,1,68,2,0
42257,1000000US170318356002023,57,0,57,0,0,0,2,55,0,2,57,1,39,31,8,78,0,2
42258,1000000US170318356002024,55,0,55,0,1,0,0,55,0,0,55,1,45,34,11,78,0,0
42259,1000000US170318356002025,0,0,0,0,0,0,0,0,0,0,0,0,0,0,0,0,0,0
42260,1000000US170318356002026,0,0,0,0,0,0,0,0,0,0,0,0,0,0,0,0,0,0
42261,1000000US170318356002027,0,0,0,0,0,0,0,0,0,0,0,0,0,0,0,0,0,0
42262,1000000US170318356002028,0,0,0,0,0,0,0,0,0,0,0,0,0,0,0,0,0,0
42263,1000000US170318356002029,0,0,0,0,0,0,0,0,0,0,0,0,0,0,0,0,0,0
42264,1000000US170318356002030,0,0,0,0,0,0,0,0,0,0,0,0,0,0,0,0,0,0
42265,1000000US170318356002031,0,0,0,0,0,0,0,0,0,0,0,0,0,0,0,0,0,0
42266,1000000US170318356002032,0,0,0,0,0,0,0,0,0,0,0,0,0,0,0,0,0,0
42267,1000000US170318357001000,0,0,0,0,0,0,0,0,0,0,0,0,99,0,99,0,0,0
42268,1000000US170318357001001,0,0,0,0,0,0,0,0,0,0,0,0,9,0,9,0,0,0
42269,1000000US170318357001002,0,0,0,0,0,0,0,0,0,0,0,0,0,0,0,0,0,0
42270,1000000US170318357001003,0,0,0,0,0,0,0,0,0,0,0,0,0,0,0,0,0,0
42271,1000000US170318357001004,0,0,0,0,0,0,0,0,0,0,0,0,0,0,0,0,0,0
42272,1000000US170318357001005,0,0,0,0,0,0,0,0,0,0,0,0,0,0,0,0,0,0
42273,1000000US170318357001006,0,0,0,0,0,0,0,0,0,0,0,0,0,0,0,0,0,0
42274,1000000US170318358001000,26,0,26,0,0,0,1,25,0,1,26,0,21,19,2,31,0,1
42275,1000000US170318358001001,57,0,57,1,0,1,0,57,0,0,57,2,33,31,2,82,0,0
42276,1000000US170318358001002,4,1,3,0,0,0,0,4,0,0,3,0,7,2,5,4,0,0
42277,1000000US170318358001003,14,0,14,1,0,0,0,14,0,0,14,1,8,8,0,21,1,0
42278,1000000US170318358001004,39,0,39,1,0,2,0,39,0,0,39,3,24,20,4,50,1,0
42279,1000000US170318358001005,37,0,37,0,0,0,0,37,0,0,37,0,38,26,12,45,0,0
42280,1000000US170318358001006,61,5,56,0,0,0,3,58,0,3,56,1,50,36,14,83,0,3
42281,1000000US170318358001007,108,1,106,2,0,0,1,107,0,1,107,2,62,60,2,147,2,0
42282,1000000US170318358001008,49,1,45,1,1,0,2,47,0,2,48,2,44,28,16,65,1,0
42283,1000000US170318358001009,47,0,47,0,0,0,0,47,0,0,47,0,37,26,11,55,0,0
42284,1000000US170318358001010,46,1,43,1,1,0,2,44,0,2,45,2,33,26,7,75,1,1
42285,1000000US170318358001011,53,1,52,1,0,0,1,52,0,1,52,2,36,32,4,72,1,1
42286,1000000US170318358001012,47,0,41,0,6,6,6,41,0,6,47,6,30,27,3,65,0,0
42287,1000000US170318358001013,28,2,23,3,0,0,0,28,0,0,26,1,18,18,0,30,3,0
42288,1000000US170318358001014,82,5,74,2,1,0,0,82,0,0,77,1,55,51,4,105,2,0
42289,1000000US170318358001015,37,0,36,1,0,0,0,37,0,0,37,0,36,24,12,52,1,0
42290,1000000US170318358001016,112,0,112,1,0,0,0,112,0,0,112,1,63,59,4,151,1,0
42291,1000000US170318358001017,105,0,105,0,0,0,0,105,0,0,105,1,66,53,13,151,0,0
42292,1000000US170318358001018,50,1,46,0,0,0,3,47,0,3,49,0,32,22,10,65,0,0
42293,1000000US170318358001019,36,1,33,1,1,0,0,36,0,0,35,1,24,22,2,55,1,0
42294,1000000US170318358001020,27,3,24,0,0,0,0,27,0,0,24,0,31,15,16,43,0,0
42295,1000000US170318358001021,0,0,0,0,0,0,0,0,0,0,0,0,0,0,0,0,0,0
42296,1000000US170318358001022,0,0,0,0,0,0,0,0,0,0,0,0,0,0,0,0,0,0
42297,1000000US170318358001023,18,0,18,0,0,0,0,18,0,0,18,0,19,8,11,22,0,0
42298,1000000US170318358001024,29,5,24,0,0,0,0,29,0,0,24,0,23,14,9,39,0,0
42299,1000000US170318358001025,0,0,0,0,0,0,0,0,0,0,0,0,0,0,0,0,0,0
42300,1000000US170318358001026,49,0,49,0,0,0,1,48,0,1,49,0,34,27,7,68,0,1
42301,1000000US170318359001000,76,0,76,3,0,1,2,74,0,2,76,4,46,44,2,106,2,2
42302,1000000US170318359001001,0,0,0,0,0,0,0,0,0,0,0,0,0,0,0,0,0,0
42303,1000000US170318359001002,0,0,0,0,0,0,0,0,0,0,0,0,0,0,0,0,0,0
42304,1000000US170318359001003,0,0,0,0,0,0,0,0,0,0,0,0,0,0,0,0,0,0
42305,1000000US170318359001004,0,0,0,0,0,0,0,0,0,0,0,0,0,0,0,0,0,0
42306,1000000US170318359001005,0,0,0,0,0,0,0,0,0,0,0,0,17,0,17,0,0,0
42307,1000000US170318359001006,67,2,62,0,2,0,2,65,0,2,65,5,68,38,30,83,0,1
42308,1000000US170318359001007,1,1,0,0,0,0,0,1,0,0,0,0,6,0,6,1,0,0
42309,1000000US170318359001008,7,0,7,0,0,0,0,7,0,0,7,0,15,4,11,14,0,0
42310,1000000US170318359001009,26,2,21,1,0,0,4,22,0,4,24,1,21,18,3,45,1,1
42311,1000000US170318359001010,132,3,122,0,2,0,5,127,0,5,129,1,90,84,6,164,0,0
42312,1000000US170318359001011,181,3,177,0,1,0,0,181,0,0,178,1,146,145,1,198,0,0
42313,1000000US170318359001012,78,2,71,0,3,0,1,77,0,1,76,4,44,41,3,113,0,0
42314,1000000US170318359001013,91,5,85,2,0,0,1,90,0,1,86,3,63,59,4,119,2,0
42315,1000000US170318359001014,161,0,161,0,0,1,0,161,0,0,161,1,121,105,16,252,0,0
42316,1000000US170318359001015,75,1,73,0,0,0,1,74,0,1,74,0,67,64,3,100,0,0
42317,1000000US170318359001016,61,2,58,0,0,0,4,57,0,4,59,1,37,34,3,80,0,3
42318,1000000US170318359001017,0,0,0,0,0,0,0,0,0,0,0,0,0,0,0,0,0,0
42319,1000000US170318359001018,0,0,0,0,0,0,0,0,0,0,0,0,0,0,0,0,0,0
42320,1000000US170318359001019,0,0,0,0,0,0,0,0,0,0,0,0,0,0,0,0,0,0
42321,1000000US170318359001020,38,0,38,0,0,0,0,38,0,0,38,0,22,22,0,54,0,0
42322,1000000US170318359001021,87,0,87,0,0,0,0,87,0,0,87,0,47,45,2,144,0,0
42323,1000000US170318359002000,12,1,11,0,0,0,0,12,0,0,11,0,13,7,6,18,0,0
42324,1000000US170318359002001,3,0,3,1,0,0,0,3,0,0,3,1,3,2,1,4,1,0
42325,1000000US170318359002002,0,0,0,0,0,0,0,0,0,0,0,0,0,0,0,0,0,0
42326,1000000US170318359002003,0,0,0,0,0,0,0,0,0,0,0,0,0,0,0,0,0,0
42327,1000000US170318359002004,1,0,1,0,0,0,0,1,0,0,1,0,1,1,0,6,0,0
42328,1000000US170318359002005,0,0,0,0,0,0,0,0,0,0,0,0,2,0,2,0,0,0
42329,1000000US170318359002006,0,0,0,0,0,0,0,0,0,0,0,0,0,0,0,0,0,0
42330,1000000US170318359002007,54,4,50,0,0,0,0,54,0,0,50,0,39,29,10,69,0,0
42331,1000000US170318359002008,0,0,0,0,0,0,0,0,0,0,0,0,0,0,0,0,0,0
42332,1000000US170318359002009,37,0,37,0,0,0,0,37,0,0,37,5,31,19,12,45,0,0
42333,1000000US170318359002010,0,0,0,0,0,0,0,0,0,0,0,0,0,0,0,0,0,0
42334,1000000US170318359002011,73,1,72,0,0,0,0,73,0,0,72,0,73,70,3,74,0,0
42335,1000000US170318359002012,0,0,0,0,0,0,0,0,0,0,0,0,0,0,0,0,0,0
42336,1000000US170318359002013,11,1,10,1,0,0,1,10,0,1,10,1,6,6,0,11,0,1
42337,1000000US170318359002014,37,0,36,1,0,0,0,37,0,0,37,0,25,18,7,65,1,0
42338,1000000US170318359002015,43,2,41,2,0,0,0,43,0,0,41,2,28,24,4,57,2,0
42339,1000000US170318359002016,38,1,37,0,0,0,0,38,0,0,37,0,23,19,4,48,0,0
42340,1000000US170318359002017,59,0,57,0,1,0,2,57,0,2,59,0,51,35,16,86,0,2
42341,1000000US170318359002018,90,3,86,0,0,0,2,88,0,2,87,1,55,51,4,111,0,1
42342,1000000US170318359002019,59,0,59,0,0,0,0,59,0,0,59,0,37,34,3,102,0,0
42343,1000000US170318359002020,21,0,21,0,0,0,0,21,0,0,21,0,11,8,3,32,0,0
42344,1000000US170318359003000,32,0,32,0,0,0,0,32,0,0,32,0,23,19,4,38,0,0
42345,1000000US170318359003001,26,0,26,0,0,0,0,26,0,0,26,0,15,14,1,35,0,0
42346,1000000US170318359003002,6,0,6,0,0,0,0,6,0,0,6,0,4,4,0,8,0,0
42347,1000000US170318359003003,80,0,80,0,0,0,0,80,0,0,80,0,77,76,1,80,0,0
42348,1000000US170318359003004,20,0,20,0,0,0,0,20,0,0,20,0,15,10,5,28,0,0
42349,1000000US170318359003005,71,1,70,0,0,0,1,70,0,1,70,1,45,40,5,114,0,1
42350,1000000US170318359003006,92,0,92,0,0,2,1,91,0,1,92,3,67,60,7,142,0,1
42351,1000000US170318359003007,53,2,51,0,0,0,0,53,0,0,51,0,33,27,6,85,0,0
42352,1000000US170318359003008,68,1,67,0,0,0,2,66,0,2,67,0,36,29,7,86,0,2
42353,1000000US170318359003009,54,1,53,0,0,0,0,54,0,0,53,0,25,24,1,73,0,0
42354,1000000US170318359003010,43,1,41,0,0,0,3,40,0,3,42,0,29,21,8,50,0,2
42355,1000000US170318359003011,34,1,33,0,1,0,1,33,0,1,33,2,23,21,2,51,0,1
42356,1000000US170318359003012,45,0,45,0,0,0,1,44,0,1,45,1,31,24,7,80,0,1
42357,1000000US170318359003013,20,0,20,0,0,0,0,20,0,0,20,0,16,15,1,23,0,0
42358,1000000US170318359003014,53,2,47,0,0,0,4,49,0,4,51,0,30,27,3,75,0,0
42359,1000000US170318359003015,75,0,75,0,0,0,1,74,0,1,75,0,78,59,19,102,0,1
42360,1000000US170318359003016,0,0,0,0,0,0,0,0,0,0,0,0,0,0,0,0,0,0
42361,1000000US170318359003017,0,0,0,0,0,0,0,0,0,0,0,0,0,0,0,0,0,0
42362,1000000US170318360001000,53,4,48,0,0,0,0,53,0,0,49,0,32,28,4,63,0,0
42363,1000000US170318360001001,0,0,0,0,0,0,0,0,0,0,0,0,0,0,0,0,0,0
42364,1000000US170318360001002,14,0,12,0,0,0,2,12,0,2,14,0,8,8,0,21,0,0
42365,1000000US170318360001003,72,0,72,0,0,0,0,72,0,0,72,0,54,32,22,96,0,0
42366,1000000US170318360001004,0,0,0,0,0,0,0,0,0,0,0,0,0,0,0,0,0,0
42367,1000000US170318360001005,59,1,58,0,0,0,1,58,0,1,58,1,48,32,16,73,0,1
42368,1000000US170318360001006,1,0,1,0,0,0,0,1,0,0,1,0,1,1,0,1,0,0
42369,1000000US170318360001007,0,0,0,0,0,0,0,0,0,0,0,0,0,0,0,0,0,0
42370,1000000US170318360001008,37,0,37,0,0,0,0,37,0,0,37,0,23,21,2,56,0,0
42371,1000000US170318360001009,45,1,44,0,0,0,1,44,0,1,44,0,24,20,4,71,0,1
42372,1000000US170318360001010,59,0,59,1,0,0,0,59,0,0,59,2,39,32,7,82,1,0
42373,1000000US170318360001011,17,0,17,0,0,0,0,17,0,0,17,0,16,13,3,24,0,0
42374,1000000US170318360001012,12,0,12,2,0,0,0,12,0,0,12,2,8,7,1,14,2,0
42375,1000000US170318360001013,53,0,53,2,0,0,0,53,0,0,53,2,30,28,2,64,1,0
42376,1000000US170318360001014,15,1,14,0,0,0,0,15,0,0,14,0,13,6,7,16,0,0
42377,1000000US170318360001015,50,0,50,0,0,0,0,50,0,0,50,0,30,24,6,85,0,0
42378,1000000US170318360001016,38,0,37,0,0,0,0,38,0,0,38,0,23,21,2,64,0,0
42379,1000000US170318360001017,25,0,25,0,0,0,0,25,0,0,25,0,20,17,3,29,0,0
42380,1000000US170318360001018,2,0,2,0,0,0,0,2,0,0,2,0,3,2,1,2,0,0
42381,1000000US170318360002000,20,0,20,0,0,0,0,20,0,0,20,0,12,8,4,22,0,0
42382,1000000US170318360002001,0,0,0,0,0,0,0,0,0,0,0,0,0,0,0,0,0,0
42383,1000000US170318360002002,79,8,67,0,1,0,3,76,0,3,71,1,51,50,1,99,0,0
42384,1000000US170318360002003,26,0,25,0,0,0,1,25,0,1,26,0,26,17,9,30,0,0
42385,1000000US170318360002004,12,0,12,0,0,0,0,12,0,0,12,0,7,7,0,20,0,0
42386,1000000US170318360002005,32,0,32,0,0,0,0,32,0,0,32,0,12,12,0,54,0,0
42387,1000000US170318360002006,43,5,36,3,0,0,0,43,0,0,38,3,34,26,8,50,2,0
42388,1000000US170318360002007,38,9,28,0,0,0,1,37,0,1,29,0,30,21,9,53,0,0
42389,1000000US170318360002008,53,8,44,0,1,0,0,53,0,0,45,1,42,31,11,68,0,0
42390,1000000US170318360002009,4,0,4,0,0,0,0,4,0,0,4,0,3,2,1,6,0,0
42391,1000000US170318360002010,17,0,17,0,0,0,2,15,0,2,17,0,9,9,0,22,0,2
42392,1000000US170318360002011,17,0,17,0,0,0,0,17,0,0,17,0,9,8,1,33,0,0
42393,1000000US170318360002012,4,0,4,0,0,0,0,4,0,0,4,0,5,3,2,5,0,0
42394,1000000US170318360002013,26,0,25,0,0,0,1,25,0,1,26,0,24,14,10,40,0,0
42395,1000000US170318360002014,35,1,34,0,0,0,2,33,0,2,34,0,17,17,0,47,0,2
42396,1000000US170318360002015,32,3,27,0,2,0,0,32,0,0,29,0,28,22,6,43,0,0
42397,1000000US170318360002016,66,0,66,0,0,0,0,66,0,0,66,0,27,26,1,96,0,0
42398,1000000US170318360002017,39,0,39,0,0,0,0,39,0,0,39,0,36,23,13,51,0,0
42399,1000000US170318360003000,41,0,41,0,0,0,0,41,0,0,41,0,22,19,3,54,0,0
42400,1000000US170318360003001,14,1,12,0,0,0,1,13,0,1,13,0,10,9,1,15,0,0
42401,1000000US170318360003002,53,0,51,0,2,0,0,53,0,0,53,1,33,31,2,64,0,0
42402,1000000US170318360003003,38,0,34,0,4,0,0,38,0,0,38,0,34,24,10,52,0,0
42403,1000000US170318360003004,21,0,21,0,0,0,0,21,0,0,21,0,12,10,2,30,0,0
42404,1000000US170318360003005,18,0,17,0,1,0,0,18,0,0,18,0,12,10,2,20,0,0
42405,1000000US170318360003006,0,0,0,0,0,0,0,0,0,0,0,0,0,0,0,0,0,0
42406,1000000US170318360003007,2,0,2,0,0,0,0,2,0,0,2,0,1,1,0,4,0,0
42407,1000000US170318360003008,18,0,18,0,0,0,0,18,0,0,18,0,5,5,0,21,0,0
42408,1000000US170318360003009,37,0,36,1,0,0,0,37,0,0,37,0,26,21,5,52,1,0
42409,1000000US170318360003010,30,0,29,0,0,0,1,29,0,1,30,0,25,15,10,43,0,0
42410,1000000US170318360003011,26,0,25,0,0,0,1,25,0,1,26,2,18,17,1,39,0,0
42411,1000000US170318360003012,42,3,39,0,0,0,0,42,0,0,39,0,31,27,4,50,0,0
42412,1000000US170318360003013,0,0,0,0,0,0,0,0,0,0,0,0,0,0,0,0,0,0
42413,1000000US170318360003014,0,0,0,0,0,0,0,0,0,0,0,0,0,0,0,0,0,0
42414,1000000US170318360003015,52,0,52,0,0,0,0,52,0,0,52,0,47,26,21,127,0,0
42415,1000000US170318360003016,7,0,7,0,0,0,0,7,0,0,7,0,5,3,2,12,0,0
42416,1000000US170318360003017,33,1,32,0,0,0,1,32,0,1,32,0,22,19,3,47,0,1
42417,1000000US170318360003018,0,0,0,0,0,0,0,0,0,0,0,0,0,0,0,0,0,0
42418,1000000US170318360003019,2,0,2,0,0,0,0,2,0,0,2,0,8,2,6,3,0,0
42419,1000000US170318360003020,0,0,0,0,0,0,0,0,0,0,0,0,0,0,0,0,0,0
42420,1000000US170318360003021,11,0,11,0,0,0,0,11,0,0,11,0,14,6,8,15,0,0
42421,1000000US170318360003022,8,0,8,0,0,0,0,8,0,0,8,0,14,8,6,8,0,0
42422,1000000US170318360003023,0,0,0,0,0,0,0,0,0,0,0,0,0,0,0,0,0,0
42423,1000000US170318360003024,16,0,16,0,0,0,0,16,0,0,16,0,11,9,2,21,0,0
42424,1000000US170318361001000,32,0,32,0,0,0,0,32,0,0,32,0,20,19,1,43,0,0
42425,1000000US170318361001001,23,0,23,0,1,0,0,23,0,0,23,1,22,12,10,37,0,0
42426,1000000US170318361001002,169,1,168,0,1,0,0,169,0,0,168,1,99,81,18,285,0,0
42427,1000000US170318361001003,58,1,57,0,0,0,0,58,0,0,57,0,60,26,34,85,0,0
42428,1000000US170318361001004,52,0,50,0,0,0,4,48,0,4,52,0,42,35,7,73,0,2
42429,1000000US170318361001005,99,2,97,0,0,0,0,99,0,0,97,0,68,49,19,124,0,0
42430,1000000US170318361001006,72,0,72,0,0,0,0,72,0,0,72,1,43,35,8,110,0,0
42431,1000000US170318361001007,56,0,56,0,0,0,0,56,0,0,56,0,44,33,11,96,0,0
42432,1000000US170318361001008,1,0,1,0,0,0,0,1,0,0,1,0,1,1,0,1,0,0
42433,1000000US170318361001009,24,0,24,0,0,0,0,24,0,0,24,0,17,14,3,34,0,0
42434,1000000US170318361001010,34,2,32,0,0,0,1,33,0,1,32,0,37,26,11,46,0,1
42435,1000000US170318361002000,0,0,0,0,0,0,0,0,0,0,0,0,2,0,2,0,0,0
42436,1000000US170318361002001,12,0,12,0,0,0,0,12,0,0,12,0,14,6,8,14,0,0
42437,1000000US170318361002002,10,1,9,0,0,0,0,10,0,0,9,0,6,4,2,18,0,0
42438,1000000US170318361002003,0,0,0,0,0,0,0,0,0,0,0,0,0,0,0,0,0,0
42439,1000000US170318361002004,0,0,0,0,0,0,0,0,0,0,0,0,0,0,0,0,0,0
42440,1000000US170318361002005,0,0,0,0,0,0,0,0,0,0,0,0,0,0,0,0,0,0
42441,1000000US170318361002006,17,0,16,1,0,0,1,16,0,1,17,1,11,9,2,24,1,0
42442,1000000US170318361003000,0,0,0,0,0,0,0,0,0,0,0,0,0,0,0,0,0,0
42443,1000000US170318361003001,0,0,0,0,0,0,0,0,0,0,0,0,0,0,0,0,0,0
42444,1000000US170318361003002,502,28,468,1,9,1,2,500,0,2,474,7,344,316,28,771,1,1
42445,1000000US170318361003003,0,0,0,0,0,0,0,0,0,0,0,0,0,0,0,0,0,0
42446,1000000US170318362001000,153,108,10,4,24,0,9,144,0,9,45,5,81,71,10,174,1,0
42447,1000000US170318362001001,252,152,19,3,60,0,28,224,0,28,100,23,0,0,0,253,1,3
42448,1000000US170318362001002,0,0,0,0,0,0,0,0,0,0,0,0,0,0,0,0,0,0
42449,1000000US170318362001003,0,0,0,0,0,0,0,0,0,0,0,0,0,0,0,0,0,0
42450,1000000US170318362001004,13,7,0,0,6,0,0,13,0,0,6,0,44,7,37,13,0,0
42451,1000000US170318362001005,12,9,0,0,1,0,2,10,0,2,3,0,51,4,47,12,0,0
42452,1000000US170318362001006,0,0,0,0,0,0,0,0,0,0,0,0,7,0,7,0,0,0
42453,1000000US170318362001007,0,0,0,0,0,0,0,0,0,0,0,0,0,0,0,0,0,0
42454,1000000US170318362001008,0,0,0,0,0,0,0,0,0,0,0,0,0,0,0,0,0,0
42455,1000000US170318362001009,0,0,0,0,0,0,0,0,0,0,0,0,0,0,0,0,0,0
42456,1000000US170318362001010,0,0,0,0,0,0,0,0,0,0,0,0,0,0,0,0,0,0
42457,1000000US170318362001011,0,0,0,0,0,0,0,0,0,0,0,0,29,0,29,0,0,0
42458,1000000US170318362001012,690,358,47,4,213,1,71,619,0,71,332,32,0,0,0,697,3,3
42459,1000000US170318362001013,127,103,7,0,10,0,6,121,0,6,24,5,25,21,4,134,0,0
42460,1000000US170318362001014,10,8,0,0,2,0,0,10,0,0,2,0,6,6,0,16,0,0
42461,1000000US170318362001015,25,18,3,1,5,0,1,24,0,1,7,4,6,5,1,25,0,1
42462,1000000US170318362001016,13,13,0,0,0,0,0,13,0,0,0,0,1,1,0,13,0,0
42463,1000000US170318362001017,151,118,6,1,21,0,6,145,0,6,33,7,0,0,0,153,0,1
42464,1000000US170318362001018,0,0,0,0,0,0,0,0,0,0,0,0,0,0,0,0,0,0
42465,1000000US170318362001019,1,0,1,0,0,0,0,1,0,0,1,0,1,1,0,1,0,0
42466,1000000US170318362001020,0,0,0,0,0,0,0,0,0,0,0,0,0,0,0,0,0,0
42467,1000000US170318362001021,0,0,0,0,0,0,0,0,0,0,0,0,0,0,0,0,0,0
42468,1000000US170318362001022,0,0,0,0,0,0,0,0,0,0,0,0,0,0,0,0,0,0
42469,1000000US170318362001023,38,20,5,1,12,0,4,34,0,4,18,4,46,14,32,38,0,2
42470,1000000US170318362001024,0,0,0,0,0,0,0,0,0,0,0,0,0,0,0,0,0,0
42471,1000000US170318362001025,0,0,0,0,0,0,0,0,0,0,0,0,0,0,0,0,0,0
42472,1000000US170318362001026,0,0,0,0,0,0,0,0,0,0,0,0,0,0,0,0,0,0
42473,1000000US170318362001027,0,0,0,0,0,0,0,0,0,0,0,0,0,0,0,0,0,0
42474,1000000US170318363001000,37,14,17,0,4,0,1,36,0,1,23,0,26,19,7,44,0,0
42475,1000000US170318363001001,148,37,100,8,6,0,4,144,0,4,111,11,85,82,3,181,2,1
42476,1000000US170318363001002,103,1,100,1,0,0,1,102,0,1,102,2,64,62,2,132,0,0
42477,1000000US170318363001003,71,6,61,2,3,0,1,70,0,1,65,3,68,51,17,79,1,0
42478,1000000US170318363001004,2,0,2,0,0,0,0,2,0,0,2,0,4,2,2,2,0,0
42479,1000000US170318363001005,25,3,22,0,0,0,0,25,0,0,22,1,17,15,2,29,0,0
42480,1000000US170318363001006,41,0,40,0,1,0,0,41,0,0,41,0,35,28,7,50,0,0
42481,1000000US170318363002000,124,21,90,0,2,0,10,114,0,10,103,1,96,89,7,139,0,0
42482,1000000US170318363002001,148,22,108,1,10,0,9,139,0,9,126,4,108,92,16,165,0,0
42483,1000000US170318363002002,144,69,63,4,9,1,2,142,0,2,75,5,81,73,8,160,3,0
42484,1000000US170318363002003,76,31,38,1,7,0,0,76,0,0,45,3,45,41,4,102,0,0
42485,1000000US170318363002004,79,28,41,0,7,0,3,76,0,3,51,0,38,35,3,99,0,0
42486,1000000US170318363002005,91,38,36,0,11,0,6,85,0,6,53,0,48,42,6,106,0,0
42487,1000000US170318364001000,0,0,0,0,0,0,0,0,0,0,0,0,0,0,0,0,0,0
42488,1000000US170318364001001,0,0,0,0,0,0,0,0,0,0,0,0,0,0,0,0,0,0
42489,1000000US170318364001002,0,0,0,0,0,0,0,0,0,0,0,0,0,0,0,0,0,0
42490,1000000US170318364001003,0,0,0,0,0,0,0,0,0,0,0,0,0,0,0,0,0,0
42491,1000000US170318364001004,0,0,0,0,0,0,0,0,0,0,0,0,0,0,0,0,0,0
42492,1000000US170318364001005,0,0,0,0,0,0,0,0,0,0,0,0,0,0,0,0,0,0
42493,1000000US170318364001006,0,0,0,0,0,0,0,0,0,0,0,0,0,0,0,0,0,0
42494,1000000US170318364001007,0,0,0,0,0,0,0,0,0,0,0,0,0,0,0,0,0,0
42495,1000000US170318364001008,389,4,382,5,0,0,6,383,0,6,385,6,356,262,94,584,4,5
42496,1000000US170318364001009,161,1,157,1,0,0,6,155,0,6,160,1,139,105,34,235,1,3
42497,1000000US170318364001010,0,0,0,0,0,0,0,0,0,0,0,0,0,0,0,0,0,0
42498,1000000US170318364001011,0,0,0,0,0,0,0,0,0,0,0,0,0,0,0,0,0,0
42499,1000000US170318364001012,0,0,0,0,0,0,0,0,0,0,0,0,0,0,0,0,0,0
42500,1000000US170318364001013,0,0,0,0,0,0,0,0,0,0,0,0,0,0,0,0,0,0
42501,1000000US170318364001014,116,1,115,0,0,0,0,116,0,0,115,0,122,109,13,116,0,0
42502,1000000US170318364001015,0,0,0,0,0,0,0,0,0,0,0,0,0,0,0,0,0,0
42503,1000000US170318364001016,0,0,0,0,0,0,0,0,0,0,0,0,0,0,0,0,0,0
42504,1000000US170318364001017,0,0,0,0,0,0,0,0,0,0,0,0,0,0,0,0,0,0
42505,1000000US170318364001018,0,0,0,0,0,0,0,0,0,0,0,0,0,0,0,0,0,0
42506,1000000US170318364001019,0,0,0,0,0,0,0,0,0,0,0,0,0,0,0,0,0,0
42507,1000000US170318364001020,0,0,0,0,0,0,0,0,0,0,0,0,0,0,0,0,0,0
42508,1000000US170318364002000,19,1,16,2,0,0,2,17,0,2,18,3,11,9,2,32,2,0
42509,1000000US170318364002001,0,0,0,0,0,0,0,0,0,0,0,0,0,0,0,0,0,0
42510,1000000US170318364002002,59,5,53,0,1,0,0,59,0,0,54,0,32,31,1,90,0,0
42511,1000000US170318364002003,80,1,78,0,0,0,0,80,0,0,79,0,39,39,0,136,0,0
42512,1000000US170318364002004,257,5,252,5,0,0,3,254,0,3,252,6,240,212,28,322,1,3
42513,1000000US170318364002005,5,0,5,1,0,0,0,5,0,0,5,1,2,2,0,6,1,0
42514,1000000US170318364002006,23,2,18,2,1,0,0,23,0,0,21,0,25,15,10,30,2,0
42515,1000000US170318364002007,24,1,23,0,0,0,0,24,0,0,23,0,12,12,0,33,0,0
42516,1000000US170318364002008,17,0,17,2,0,0,0,17,0,0,17,2,14,8,6,17,2,0
42517,1000000US170318364002009,41,6,35,0,0,0,0,41,0,0,35,0,25,22,3,71,0,0
42518,1000000US170318364002010,15,1,12,0,2,0,0,15,0,0,14,0,11,6,5,19,0,0
42519,1000000US170318364002011,62,0,62,0,1,0,0,62,0,0,62,2,42,36,6,98,0,0
42520,1000000US170318364002012,45,8,37,0,0,0,0,45,0,0,37,0,28,23,5,64,0,0
42521,1000000US170318364002013,0,0,0,0,0,0,0,0,0,0,0,0,0,0,0,0,0,0
42522,1000000US170318364002014,22,0,20,0,2,0,0,22,0,0,22,0,11,11,0,45,0,0
42523,1000000US170318364002015,0,0,0,0,0,0,0,0,0,0,0,0,0,0,0,0,0,0
42524,1000000US170318364002016,22,8,14,0,0,0,0,22,0,0,14,0,10,10,0,35,0,0
42525,1000000US170318364003000,4,0,4,0,0,0,0,4,0,0,4,0,2,2,0,6,0,0
42526,1000000US170318364003001,32,0,32,0,0,0,0,32,0,0,32,0,19,17,2,44,0,0
42527,1000000US170318364003002,88,2,81,2,1,0,2,86,0,2,86,1,50,47,3,124,2,0
42528,1000000US170318364003003,23,0,20,0,2,0,1,22,0,1,23,0,15,14,1,32,0,0
42529,1000000US170318364003004,25,1,24,0,0,0,0,25,0,0,24,0,20,17,3,37,0,0
42530,1000000US170318364003005,100,2,93,1,4,0,3,97,0,3,98,2,45,40,5,130,0,2
42531,1000000US170318364003006,2,0,2,0,0,0,0,2,0,0,2,0,1,1,0,4,0,0
42532,1000000US170318364003007,11,2,9,0,0,0,0,11,0,0,9,0,6,5,1,15,0,0
42533,1000000US170318364003008,0,0,0,0,0,0,0,0,0,0,0,0,0,0,0,0,0,0
42534,1000000US170318364003009,21,0,18,0,2,0,1,20,0,1,21,0,14,13,1,29,0,0
42535,1000000US170318364003010,28,0,26,0,2,0,0,28,0,0,28,2,22,22,0,43,0,0
42536,1000000US170318364003011,13,1,11,0,1,0,0,13,0,0,12,0,7,7,0,18,0,0
42537,1000000US170318364003012,115,3,110,1,1,0,3,112,0,3,112,2,83,78,5,146,0,2
42538,1000000US170318364003013,22,0,22,0,0,0,2,20,0,2,22,0,13,13,0,32,0,2
42539,1000000US170318364003014,0,0,0,0,0,0,0,0,0,0,0,0,1,0,1,0,0,0
42540,1000000US170318364003015,6,0,6,0,0,0,0,6,0,0,6,0,2,2,0,7,0,0
42541,1000000US170318364003016,0,0,0,0,0,0,0,0,0,0,0,0,0,0,0,0,0,0
42542,1000000US170318364003017,35,1,28,0,5,0,3,32,0,3,34,1,23,21,2,52,0,2
42543,1000000US170318364003018,3,0,3,0,0,0,1,2,0,1,3,0,3,3,0,4,0,1
42544,1000000US170318364003019,0,0,0,0,0,0,0,0,0,0,0,0,0,0,0,0,0,0
42545,1000000US170318364003020,0,0,0,0,0,0,0,0,0,0,0,0,0,0,0,0,0,0
42546,1000000US170318364003021,150,11,133,3,0,0,4,146,0,4,139,2,140,124,16,175,3,0
42547,1000000US170318364003022,51,2,46,0,3,0,0,51,0,0,49,0,27,25,2,73,0,0
42548,1000000US170318364003023,0,0,0,0,0,0,0,0,0,0,0,0,0,0,0,0,0,0
42549,1000000US170318364003024,17,0,17,0,0,0,1,16,0,1,17,0,7,7,0,17,0,1
42550,1000000US170318364003025,13,0,13,0,0,0,0,13,0,0,13,0,15,7,8,18,0,0
42551,1000000US170318364003026,0,0,0,0,0,0,0,0,0,0,0,0,0,0,0,0,0,0
42552,1000000US170318364003027,0,0,0,0,0,0,0,0,0,0,0,0,0,0,0,0,0,0
42553,1000000US170318364003028,0,0,0,0,0,0,0,0,0,0,0,0,0,0,0,0,0,0
42554,1000000US170318364003029,30,5,24,0,0,0,2,28,0,2,25,1,24,16,8,40,0,1
42555,1000000US170318365001000,0,0,0,0,0,0,0,0,0,0,0,0,0,0,0,0,0,0
42556,1000000US170318365001001,0,0,0,0,0,0,0,0,0,0,0,0,0,0,0,0,0,0
42557,1000000US170318365001002,0,0,0,0,0,0,0,0,0,0,0,0,0,0,0,0,0,0
42558,1000000US170318365001003,0,0,0,0,0,0,0,0,0,0,0,0,0,0,0,0,0,0
42559,1000000US170318365001004,0,0,0,0,0,0,0,0,0,0,0,0,0,0,0,0,0,0
42560,1000000US170318365001005,277,3,274,3,0,0,0,277,0,0,274,5,190,175,15,421,3,0
42561,1000000US170318365001006,53,1,51,0,1,0,1,52,0,1,52,3,32,25,7,61,0,0
42562,1000000US170318365001007,230,1,227,2,0,0,0,230,0,0,229,0,161,141,20,382,2,0
42563,1000000US170318365001008,0,0,0,0,0,0,0,0,0,0,0,0,0,0,0,0,0,0
42564,1000000US170318365001009,0,0,0,0,0,0,0,0,0,0,0,0,0,0,0,0,0,0
42565,1000000US170318365001010,0,0,0,0,0,0,0,0,0,0,0,0,0,0,0,0,0,0
42566,1000000US170318365002000,0,0,0,0,0,0,0,0,0,0,0,0,0,0,0,0,0,0
42567,1000000US170318365002001,0,0,0,0,0,0,0,0,0,0,0,0,0,0,0,0,0,0
42568,1000000US170318365002002,0,0,0,0,0,0,0,0,0,0,0,0,0,0,0,0,0,0
42569,1000000US170318365002003,0,0,0,0,0,0,0,0,0,0,0,0,0,0,0,0,0,0
42570,1000000US170318365002004,58,7,51,0,0,0,0,58,0,0,51,0,28,27,1,70,0,0
42571,1000000US170318365002005,0,0,0,0,0,0,0,0,0,0,0,0,0,0,0,0,0,0
42572,1000000US170318365002006,12,0,9,0,3,0,0,12,0,0,12,0,9,5,4,19,0,0
42573,1000000US170318365002007,16,0,16,0,0,0,0,16,0,0,16,0,7,6,1,17,0,0
42574,1000000US170318365002008,0,0,0,0,0,0,0,0,0,0,0,0,0,0,0,0,0,0
42575,1000000US170318365002009,95,6,83,2,3,0,4,91,0,4,89,3,59,57,2,127,2,0
42576,1000000US170318365002010,39,0,39,0,0,0,0,39,0,0,39,0,28,28,0,60,0,0
42577,1000000US170318365002011,30,4,25,0,0,0,1,29,0,1,26,0,21,15,6,46,0,0
42578,1000000US170318365002012,103,0,102,1,0,0,0,103,0,0,103,0,67,64,3,156,1,0
42579,1000000US170318365002013,79,1,78,0,0,0,0,79,0,0,78,0,47,45,2,126,0,0
42580,1000000US170318365002014,5,0,5,0,0,0,0,5,0,0,5,0,6,4,2,8,0,0
42581,1000000US170318365002015,2,0,2,0,0,0,0,2,0,0,2,0,2,2,0,3,0,0
42582,1000000US170318365002016,0,0,0,0,0,0,0,0,0,0,0,0,0,0,0,0,0,0
42583,1000000US170318365002017,0,0,0,0,0,0,0,0,0,0,0,0,0,0,0,0,0,0
42584,1000000US170318365002018,0,0,0,0,0,0,0,0,0,0,0,0,0,0,0,0,0,0
42585,1000000US170318365002019,0,0,0,0,0,0,0,0,0,0,0,0,0,0,0,0,0,0
42586,1000000US170318365002020,0,0,0,0,0,0,0,0,0,0,0,0,0,0,0,0,0,0
42587,1000000US170318365002021,0,0,0,0,0,0,0,0,0,0,0,0,0,0,0,0,0,0
42588,1000000US170318366001000,2,0,0,0,0,0,2,0,0,2,2,0,1,1,0,3,0,0
42589,1000000US170318366001001,0,0,0,0,0,0,0,0,0,0,0,0,0,0,0,0,0,0
42590,1000000US170318366001002,0,0,0,0,0,0,0,0,0,0,0,0,0,0,0,0,0,0
42591,1000000US170318366001003,140,21,38,5,6,0,76,64,0,76,119,8,87,78,9,182,4,1
42592,1000000US170318366001004,0,0,0,0,0,0,0,0,0,0,0,0,0,0,0,0,0,0
42593,1000000US170318366001005,0,0,0,0,0,0,0,0,0,0,0,0,0,0,0,0,0,0
42594,1000000US170318366001006,109,52,22,0,5,0,35,74,0,35,57,2,55,46,9,136,0,5
42595,1000000US170318366001007,0,0,0,0,0,0,0,0,0,0,0,0,0,0,0,0,0,0
42596,1000000US170318366001008,60,3,10,0,0,0,52,8,0,52,57,0,28,25,3,83,0,5
42597,1000000US170318366001009,0,0,0,0,0,0,0,0,0,0,0,0,0,0,0,0,0,0
42598,1000000US170318366001010,0,0,0,0,0,0,0,0,0,0,0,0,0,0,0,0,0,0
42599,1000000US170318366001011,0,0,0,0,0,0,0,0,0,0,0,0,0,0,0,0,0,0
42600,1000000US170318366001012,0,0,0,0,0,0,0,0,0,0,0,0,0,0,0,0,0,0
42601,1000000US170318366001013,0,0,0,0,0,0,0,0,0,0,0,0,0,0,0,0,0,0
42602,1000000US170318366001014,52,6,28,2,0,0,19,33,0,19,46,0,29,24,5,67,2,1
42603,1000000US170318366001015,7,0,7,0,0,0,0,7,0,0,7,0,3,3,0,7,0,0
42604,1000000US170318366001016,2,0,0,0,0,1,2,0,0,2,2,1,2,1,1,2,0,0
42605,1000000US170318366001017,0,0,0,0,0,0,0,0,0,0,0,0,0,0,0,0,0,0
42606,1000000US170318366001018,17,0,5,0,0,0,12,5,0,12,17,0,8,7,1,30,0,0
42607,1000000US170318366001019,61,0,46,0,0,0,20,41,0,20,61,0,34,29,5,95,0,5
42608,1000000US170318366001020,71,0,44,0,0,0,28,43,0,28,71,0,30,27,3,108,0,1
42609,1000000US170318366001021,64,2,43,0,0,0,20,44,0,20,62,1,27,23,4,92,0,1
42610,1000000US170318366001022,61,0,52,0,0,0,9,52,0,9,61,0,32,22,10,105,0,0
42611,1000000US170318366001023,35,3,23,0,0,0,10,25,0,10,32,0,15,14,1,49,0,1
42612,1000000US170318366001024,35,0,24,0,1,0,15,20,0,15,35,0,16,11,5,53,0,5
42613,1000000US170318366001025,30,0,28,0,0,0,2,28,0,2,30,4,22,13,9,41,0,0
42614,1000000US170318366001026,59,1,43,2,0,0,15,44,0,15,58,0,26,24,2,77,2,0
42615,1000000US170318366001027,11,0,7,0,0,0,4,7,0,4,11,0,8,7,1,17,0,0
42616,1000000US170318366001028,18,1,12,0,0,0,6,12,0,6,17,0,13,10,3,31,0,1
42617,1000000US170318366001029,0,0,0,0,0,0,0,0,0,0,0,0,0,0,0,0,0,0
42618,1000000US170318366001030,8,0,0,0,0,0,8,0,0,8,8,0,4,4,0,10,0,0
42619,1000000US170318366001031,11,0,8,0,0,0,3,8,0,3,11,0,7,6,1,19,0,0
42620,1000000US170318366001032,60,2,31,1,1,0,26,34,0,26,58,3,26,23,3,83,1,0
42621,1000000US170318366001033,12,5,5,1,0,0,3,9,0,3,7,1,13,7,6,19,0,1
42622,1000000US170318366001034,13,0,6,3,0,0,7,6,0,7,13,0,7,4,3,17,3,0
42623,1000000US170318366002000,51,7,10,0,0,0,39,12,0,39,44,1,32,25,7,69,0,5
42624,1000000US170318366002001,55,22,9,3,3,0,23,32,0,23,33,2,32,31,1,63,1,2
42625,1000000US170318366002002,68,1,22,0,0,0,45,23,0,45,67,1,36,30,6,96,0,0
42626,1000000US170318366002003,20,2,14,0,0,0,4,16,0,4,18,0,14,12,2,34,0,0
42627,1000000US170318366002004,8,0,7,0,0,0,1,7,0,1,8,0,7,3,4,13,0,0
42628,1000000US170318366002005,72,1,14,1,0,0,62,10,0,62,71,3,72,61,11,80,1,5
42629,1000000US170318366002006,88,9,38,2,0,0,41,47,0,41,79,2,54,41,13,112,0,0
42630,1000000US170318366002007,84,18,15,1,0,1,55,29,0,55,66,7,45,40,5,111,1,4
42631,1000000US170318366002008,48,9,11,0,6,0,22,26,0,22,39,0,25,23,2,75,0,0
42632,1000000US170318366002009,53,13,6,0,0,0,34,19,0,34,40,0,28,26,2,75,0,0
42633,1000000US170318366002010,37,6,19,2,0,0,18,19,0,18,31,2,29,22,7,58,2,6
42634,1000000US170318366002011,0,0,0,0,0,0,0,0,0,0,0,0,0,0,0,0,0,0
42635,1000000US170318366002012,40,5,10,0,0,0,27,13,0,27,35,2,26,22,4,50,0,2
42636,1000000US170318366002013,0,0,0,0,0,0,0,0,0,0,0,0,0,0,0,0,0,0
42637,1000000US170318366002014,0,0,0,0,0,0,0,0,0,0,0,0,0,0,0,0,0,0
42638,1000000US170318366002015,32,5,14,0,0,1,14,18,0,14,27,1,17,16,1,48,0,1
42639,1000000US170318366002016,65,5,29,2,0,0,38,27,0,38,60,7,37,36,1,94,0,7
42640,1000000US170318366002017,68,11,28,0,0,0,29,39,0,29,57,0,40,32,8,92,0,0
42641,1000000US170318366002018,85,7,21,3,2,0,56,29,0,56,78,0,44,38,6,124,3,1
42642,1000000US170318366002019,0,0,0,0,0,0,0,0,0,0,0,0,0,0,0,0,0,0
42643,1000000US170318366002020,100,7,30,3,2,0,67,33,0,67,93,8,60,49,11,149,2,6
42644,1000000US170318366002021,42,1,9,0,0,0,32,10,0,32,41,0,16,14,2,65,0,0
42645,1000000US170318366002022,4,0,0,0,0,0,4,0,0,4,4,0,1,1,0,7,0,0
42646,1000000US170318366002023,0,0,0,0,0,0,0,0,0,0,0,0,0,0,0,0,0,0
42647,1000000US170318366002024,0,0,0,0,0,0,0,0,0,0,0,0,0,0,0,0,0,0
42648,1000000US170318366002025,0,0,0,0,0,0,0,0,0,0,0,0,0,0,0,0,0,0
42649,1000000US170318366002026,0,0,0,0,0,0,0,0,0,0,0,0,0,0,0,0,0,0
42650,1000000US170318366002027,72,1,51,0,0,0,21,51,0,21,71,0,39,32,7,100,0,1
42651,1000000US170318366002028,84,0,74,1,0,0,11,73,0,11,84,1,32,29,3,123,0,1
42652,1000000US170318366002029,4,0,2,0,0,0,4,0,0,4,4,0,3,2,1,6,0,2
42653,1000000US170318366002030,21,0,17,3,0,0,7,14,0,7,21,4,9,8,1,27,3,3
42654,1000000US170318367001000,10,1,8,0,1,0,0,10,0,0,9,0,7,5,2,12,0,0
42655,1000000US170318367001001,10,0,10,0,0,0,0,10,0,0,10,0,6,4,2,14,0,0
42656,1000000US170318367001002,13,0,13,0,0,0,0,13,0,0,13,0,5,4,1,22,0,0
42657,1000000US170318367001003,8,2,6,0,0,0,0,8,0,0,6,0,5,5,0,9,0,0
42658,1000000US170318367001004,33,1,26,0,1,0,5,28,0,5,32,0,18,16,2,46,0,0
42659,1000000US170318367001005,48,0,47,0,0,0,1,47,0,1,48,0,20,18,2,63,0,0
42660,1000000US170318367001006,31,0,31,1,0,0,1,30,0,1,31,2,16,16,0,46,1,1
42661,1000000US170318367001007,51,1,43,0,0,0,7,44,0,7,50,1,28,26,2,79,0,0
42662,1000000US170318367001008,68,3,64,0,0,0,1,67,0,1,65,0,33,30,3,100,0,0
42663,1000000US170318367001009,41,2,32,0,0,0,7,34,0,7,39,3,27,23,4,63,0,0
42664,1000000US170318367001010,61,2,59,0,0,0,1,60,0,1,59,0,36,25,11,83,0,1
42665,1000000US170318367001011,58,0,55,0,0,0,3,55,0,3,58,0,44,28,16,87,0,0
42666,1000000US170318367001012,61,2,58,2,1,0,2,59,0,2,59,2,45,28,17,79,2,2
42667,1000000US170318367001013,35,2,33,2,0,0,0,35,0,0,33,4,29,15,14,67,2,0
42668,1000000US170318367001014,55,0,54,1,0,0,0,55,0,0,55,0,43,32,11,89,1,0
42669,1000000US170318367001015,51,0,51,0,0,0,0,51,0,0,51,0,21,18,3,73,0,0
42670,1000000US170318367001016,24,0,22,0,0,0,2,22,0,2,24,0,17,12,5,48,0,0
42671,1000000US170318367001017,63,0,63,0,0,0,3,60,0,3,63,0,36,28,8,97,0,3
42672,1000000US170318367001018,19,4,14,0,0,0,1,18,0,1,15,0,12,11,1,23,0,0
42673,1000000US170318367001019,93,2,89,1,0,1,1,92,0,1,91,1,76,73,3,116,1,0
42674,1000000US170318367001020,8,0,8,0,0,0,0,8,0,0,8,0,6,5,1,16,0,0
42675,1000000US170318367001021,15,0,15,0,0,0,0,15,0,0,15,0,7,6,1,18,0,0
42676,1000000US170318367001022,13,0,10,0,0,0,3,10,0,3,13,0,10,7,3,20,0,0
42677,1000000US170318367001023,4,0,4,0,0,0,0,4,0,0,4,0,8,2,6,6,0,0
42678,1000000US170318367001024,47,0,47,0,0,0,2,45,0,2,47,0,47,26,21,94,0,2
42679,1000000US170318367001025,0,0,0,0,0,0,0,0,0,0,0,0,0,0,0,0,0,0
42680,1000000US170318367001026,0,0,0,0,0,0,0,0,0,0,0,0,0,0,0,0,0,0
42681,1000000US170318367001027,0,0,0,0,0,0,0,0,0,0,0,0,0,0,0,0,0,0
42682,1000000US170318367001028,0,0,0,0,0,0,0,0,0,0,0,0,0,0,0,0,0,0
42683,1000000US170318367001029,0,0,0,0,0,0,0,0,0,0,0,0,0,0,0,0,0,0
42684,1000000US170318367001030,0,0,0,0,0,0,0,0,0,0,0,0,0,0,0,0,0,0
42685,1000000US170318367001031,0,0,0,0,0,0,0,0,0,0,0,0,0,0,0,0,0,0
42686,1000000US170318367001032,0,0,0,0,0,0,0,0,0,0,0,0,0,0,0,0,0,0
42687,1000000US170318367001033,0,0,0,0,0,0,0,0,0,0,0,0,0,0,0,0,0,0
42688,1000000US170318367001034,0,0,0,0,0,0,0,0,0,0,0,0,0,0,0,0,0,0
42689,1000000US170318367001035,0,0,0,0,0,0,0,0,0,0,0,0,0,0,0,0,0,0
42690,1000000US170318367002000,1,1,0,0,0,0,0,1,0,0,0,0,1,1,0,2,0,0
42691,1000000US170318367002001,0,0,0,0,0,0,0,0,0,0,0,0,0,0,0,0,0,0
42692,1000000US170318367002002,0,0,0,0,0,0,0,0,0,0,0,0,0,0,0,0,0,0
42693,1000000US170318367002003,0,0,0,0,0,0,0,0,0,0,0,0,0,0,0,0,0,0
42694,1000000US170318367002004,0,0,0,0,0,0,0,0,0,0,0,0,0,0,0,0,0,0
42695,1000000US170318367002005,0,0,0,0,0,0,0,0,0,0,0,0,0,0,0,0,0,0
42696,1000000US170318367002006,39,3,22,3,0,0,14,25,0,14,36,0,20,19,1,67,3,0
42697,1000000US170318367002007,0,0,0,0,0,0,0,0,0,0,0,0,0,0,0,0,0,0
42698,1000000US170318367002008,0,0,0,0,0,0,0,0,0,0,0,0,0,0,0,0,0,0
42699,1000000US170318367002009,0,0,0,0,0,0,0,0,0,0,0,0,0,0,0,0,0,0
42700,1000000US170318367002010,32,9,20,0,0,0,3,29,0,3,23,1,20,18,2,38,0,0
42701,1000000US170318367002011,10,0,10,0,0,0,0,10,0,0,10,0,6,5,1,17,0,0
42702,1000000US170318367002012,30,0,23,0,0,0,7,23,0,7,30,0,10,9,1,41,0,0
42703,1000000US170318367002013,55,2,43,0,0,0,10,45,0,10,53,0,33,32,1,89,0,0
42704,1000000US170318367002014,68,3,49,1,0,0,16,52,0,16,65,3,43,39,4,121,0,0
42705,1000000US170318367002015,44,1,40,1,0,0,4,40,0,4,43,3,16,14,2,56,1,1
42706,1000000US170318367002016,56,0,50,0,0,0,8,48,0,8,56,0,29,27,2,99,0,2
42707,1000000US170318367002017,7,0,7,0,0,0,0,7,0,0,7,0,3,3,0,7,0,0
42708,1000000US170318367002018,44,0,24,0,0,0,20,24,0,20,44,0,23,20,3,75,0,0
42709,1000000US170318367002019,82,8,68,0,0,0,6,76,0,6,74,0,35,33,2,113,0,0
42710,1000000US170318367002020,37,6,29,0,1,0,4,33,0,4,31,1,18,17,1,48,0,2
42711,1000000US170318367002021,29,0,26,0,0,0,3,26,0,3,29,0,10,10,0,34,0,0
42712,1000000US170318367002022,0,0,0,0,0,0,0,0,0,0,0,0,0,0,0,0,0,0
42713,1000000US170318367002023,6,0,6,0,0,0,0,6,0,0,6,0,2,2,0,9,0,0
42714,1000000US170318367002024,20,0,20,0,0,0,0,20,0,0,20,0,11,11,0,36,0,0
42715,1000000US170318367002025,0,0,0,0,0,0,0,0,0,0,0,0,0,0,0,0,0,0
42716,1000000US170318367002026,0,0,0,0,0,0,0,0,0,0,0,0,0,0,0,0,0,0
42717,1000000US170318367002027,0,0,0,0,0,0,0,0,0,0,0,0,0,0,0,0,0,0
42718,1000000US170318367002028,0,0,0,0,0,0,0,0,0,0,0,0,0,0,0,0,0,0
42719,1000000US170318367002029,0,0,0,0,0,0,0,0,0,0,0,0,0,0,0,0,0,0
42720,1000000US170318367002030,0,0,0,0,0,0,0,0,0,0,0,0,0,0,0,0,0,0
42721,1000000US170318367002031,31,25,1,0,2,0,3,28,0,3,6,0,19,19,0,36,0,0
42722,1000000US170318367002032,0,0,0,0,0,0,0,0,0,0,0,0,0,0,0,0,0,0
42723,1000000US170318367002033,0,0,0,0,0,0,0,0,0,0,0,0,0,0,0,0,0,0
42724,1000000US170318367002034,0,0,0,0,0,0,0,0,0,0,0,0,0,0,0,0,0,0
42725,1000000US170318367002035,0,0,0,0,0,0,0,0,0,0,0,0,0,0,0,0,0,0
42726,1000000US170318367002036,0,0,0,0,0,0,0,0,0,0,0,0,0,0,0,0,0,0
42727,1000000US170318367002037,0,0,0,0,0,0,0,0,0,0,0,0,0,0,0,0,0,0
42728,1000000US170318367002038,18,0,18,0,0,0,5,13,0,5,18,5,8,7,1,27,0,5
42729,1000000US170318367002039,31,0,28,0,0,0,3,28,0,3,31,0,19,16,3,50,0,0
42730,1000000US170318367002040,25,0,25,0,0,0,2,23,0,2,25,0,10,10,0,38,0,2
42731,1000000US170318367002041,1,0,1,0,0,0,0,1,0,0,1,0,1,1,0,1,0,0
42732,1000000US170318367002042,18,5,11,0,1,0,1,17,0,1,13,1,19,12,7,23,0,0
42733,1000000US170318367002043,0,0,0,0,0,0,0,0,0,0,0,0,0,0,0,0,0,0
42734,1000000US170318367002044,0,0,0,0,0,0,0,0,0,0,0,0,0,0,0,0,0,0
42735,1000000US170318367002045,0,0,0,0,0,0,0,0,0,0,0,0,0,0,0,0,0,0
42736,1000000US170318367002046,0,0,0,0,0,0,0,0,0,0,0,0,0,0,0,0,0,0
42737,1000000US170318367002047,0,0,0,0,0,0,0,0,0,0,0,0,0,0,0,0,0,0
42738,1000000US170318367002048,0,0,0,0,0,0,0,0,0,0,0,0,0,0,0,0,0,0
42739,1000000US170318367002049,0,0,0,0,0,0,0,0,0,0,0,0,0,0,0,0,0,0
42740,1000000US170318367002050,0,0,0,0,0,0,0,0,0,0,0,0,0,0,0,0,0,0
42741,1000000US170318368001000,0,0,0,0,0,0,0,0,0,0,0,0,0,0,0,0,0,0
42742,1000000US170318368001001,0,0,0,0,0,0,0,0,0,0,0,0,0,0,0,0,0,0
42743,1000000US170318368001002,0,0,0,0,0,0,0,0,0,0,0,0,0,0,0,0,0,0
42744,1000000US170318368001003,0,0,0,0,0,0,0,0,0,0,0,0,0,0,0,0,0,0
42745,1000000US170318368001004,7,0,7,0,0,0,0,7,0,0,7,0,2,2,0,12,0,0
42746,1000000US170318368001005,6,0,6,0,0,0,0,6,0,0,6,0,2,2,0,11,0,0
42747,1000000US170318368001006,26,1,25,0,0,0,0,26,0,0,25,0,25,22,3,31,0,0
42748,1000000US170318368001007,47,4,42,0,0,0,1,46,0,1,43,0,22,22,0,63,0,0
42749,1000000US170318368001008,65,1,63,0,0,0,3,62,0,3,64,0,27,22,5,100,0,2
42750,1000000US170318368001009,100,10,86,0,1,0,3,97,0,3,90,0,89,68,21,133,0,0
42751,1000000US170318368001010,0,0,0,0,0,0,0,0,0,0,0,0,0,0,0,0,0,0
42752,1000000US170318368001011,0,0,0,0,0,0,0,0,0,0,0,0,0,0,0,0,0,0
42753,1000000US170318368001012,6,1,5,0,0,0,0,6,0,0,5,0,0,0,0,8,0,0
42754,1000000US170318368001013,0,0,0,0,0,0,0,0,0,0,0,0,0,0,0,0,0,0
42755,1000000US170318368001014,0,0,0,0,0,0,0,0,0,0,0,0,0,0,0,0,0,0
42756,1000000US170318368001015,0,0,0,0,0,0,0,0,0,0,0,0,0,0,0,0,0,0
42757,1000000US170318368001016,0,0,0,0,0,0,0,0,0,0,0,0,0,0,0,0,0,0
42758,1000000US170318368001017,0,0,0,0,0,0,0,0,0,0,0,0,0,0,0,0,0,0
42759,1000000US170318368001018,26,0,22,0,0,0,4,22,0,4,26,0,19,16,3,49,0,0
42760,1000000US170318368001019,54,1,53,0,0,0,0,54,0,0,53,0,31,21,10,70,0,0
42761,1000000US170318368001020,51,0,51,0,0,0,1,50,0,1,51,0,30,18,12,66,0,1
42762,1000000US170318368001021,29,11,15,0,1,0,2,27,0,2,18,0,15,14,1,38,0,0
42763,1000000US170318368001022,7,0,7,0,0,0,0,7,0,0,7,0,6,4,2,7,0,0
42764,1000000US170318368001023,35,0,34,2,0,0,0,35,0,0,35,2,28,19,9,53,2,0
42765,1000000US170318368001024,96,4,91,0,0,0,1,95,0,1,92,0,45,34,11,128,0,0
42766,1000000US170318368001025,33,0,31,0,0,0,2,31,0,2,33,0,23,16,7,51,0,0
42767,1000000US170318368001026,59,0,55,0,0,0,4,55,0,4,59,0,34,28,6,91,0,0
42768,1000000US170318368001027,12,0,12,0,0,0,0,12,0,0,12,0,5,4,1,21,0,0
42769,1000000US170318368002000,0,0,0,0,0,0,0,0,0,0,0,0,0,0,0,0,0,0
42770,1000000US170318368002001,62,12,44,0,1,0,6,56,0,6,50,0,34,24,10,87,0,1
42771,1000000US170318368002002,74,2,72,3,0,0,0,74,0,0,72,3,45,32,13,115,3,0
42772,1000000US170318368002003,3,0,3,1,0,0,0,3,0,0,3,1,2,2,0,3,1,0
42773,1000000US170318368002004,176,24,137,4,4,0,8,168,0,8,152,6,88,72,16,237,2,0
42774,1000000US170318368002005,139,3,133,0,2,0,3,136,0,3,136,2,98,75,23,220,0,2
42775,1000000US170318368002006,78,0,77,0,0,0,1,77,0,1,78,0,70,37,33,129,0,0
42776,1000000US170318368002007,109,0,107,1,0,0,1,108,0,1,109,0,60,44,16,171,1,0
42777,1000000US170318368002008,0,0,0,0,0,0,0,0,0,0,0,0,0,0,0,0,0,0
42778,1000000US170318368002009,2,0,2,0,0,0,0,2,0,0,2,0,2,1,1,2,0,0
42779,1000000US170318368002010,53,0,53,0,0,0,2,51,0,2,53,0,28,28,0,84,0,2
42780,1000000US170318368002011,211,0,211,2,0,0,3,208,0,3,211,2,212,194,18,243,2,3
42781,1000000US170318368002012,221,0,221,1,0,0,2,219,0,2,221,1,180,171,9,336,1,2
42782,1000000US170318368002013,74,7,65,0,1,0,1,73,0,1,67,0,40,36,4,102,0,0
42783,1000000US170318369001000,76,7,54,0,4,0,10,66,0,10,69,1,39,35,4,109,0,0
42784,1000000US170318369001001,69,7,55,0,2,0,7,62,0,7,62,2,42,39,3,107,0,2
42785,1000000US170318369001002,62,2,59,1,0,0,2,60,0,2,60,2,50,37,13,92,1,1
42786,1000000US170318369001003,74,4,58,0,0,0,12,62,0,12,70,0,41,31,10,103,0,0
42787,1000000US170318369001004,79,0,77,0,0,0,6,73,0,6,79,0,45,33,12,104,0,4
42788,1000000US170318369001005,16,1,12,1,0,0,2,14,0,2,15,0,21,11,10,25,1,0
42789,1000000US170318369001006,31,0,31,0,0,0,0,31,0,0,31,0,24,14,10,46,0,0
42790,1000000US170318369001007,21,1,18,0,0,0,2,19,0,2,20,0,16,13,3,43,0,0
42791,1000000US170318369002000,91,15,66,0,2,0,10,81,0,10,76,1,53,47,6,133,0,1
42792,1000000US170318369002001,0,0,0,0,0,0,0,0,0,0,0,0,0,0,0,0,0,0
42793,1000000US170318369002002,77,3,65,0,4,1,5,72,0,5,74,1,41,38,3,109,0,0
42794,1000000US170318369002003,139,7,125,0,1,0,6,133,0,6,132,2,84,72,12,181,0,0
42795,1000000US170318369002004,104,10,90,2,0,0,4,100,0,4,94,3,65,49,16,139,2,0
42796,1000000US170318369002005,0,0,0,0,0,0,0,0,0,0,0,0,0,0,0,0,0,0
42797,1000000US170318369002006,125,1,123,0,0,0,1,124,0,1,124,1,78,75,3,251,0,0
42798,1000000US170318370001000,0,0,0,0,0,0,0,0,0,0,0,0,0,0,0,0,0,0
42799,1000000US170318370001001,64,0,63,1,0,0,0,64,0,0,64,0,36,32,4,96,1,0
42800,1000000US170318370001002,81,0,81,1,0,0,0,81,0,0,81,1,41,31,10,115,1,0
42801,1000000US170318370001003,57,0,57,0,0,0,1,56,0,1,57,0,31,22,9,84,0,1
42802,1000000US170318370001004,21,0,21,0,0,0,0,21,0,0,21,0,11,9,2,31,0,0
42803,1000000US170318370001005,7,0,7,0,0,0,0,7,0,0,7,0,6,3,3,14,0,0
42804,1000000US170318370001006,89,7,81,1,0,0,2,87,0,2,82,2,90,88,2,90,0,1
42805,1000000US170318370001007,55,8,47,0,0,0,0,55,0,0,47,0,22,18,4,83,0,0
42806,1000000US170318370001008,37,0,37,0,0,0,0,37,0,0,37,0,22,15,7,52,0,0
42807,1000000US170318370001009,27,0,25,0,0,0,2,25,0,2,27,0,20,17,3,43,0,0
42808,1000000US170318370001010,31,0,23,0,0,0,8,23,0,8,31,0,18,12,6,46,0,0
42809,1000000US170318370001011,22,0,21,1,0,0,1,21,0,1,22,0,12,12,0,31,1,0
42810,1000000US170318370001012,19,0,19,0,0,0,0,19,0,0,19,0,8,8,0,29,0,0
42811,1000000US170318370001013,17,0,16,0,0,0,2,15,0,2,17,0,12,9,3,23,0,1
42812,1000000US170318370001014,9,1,6,0,2,0,0,9,0,0,8,0,5,5,0,11,0,0
42813,1000000US170318370001015,0,0,0,0,0,0,0,0,0,0,0,0,0,0,0,0,0,0
42814,1000000US170318370001016,2,1,1,0,0,0,0,2,0,0,1,0,3,2,1,2,0,0
42815,1000000US170318370001017,30,0,30,0,0,0,3,27,0,3,30,0,9,9,0,43,0,3
42816,1000000US170318370001018,0,0,0,0,0,0,0,0,0,0,0,0,0,0,0,0,0,0
42817,1000000US170318370001019,21,2,15,0,0,0,5,16,0,5,19,0,14,11,3,23,0,1
42818,1000000US170318370001020,10,0,10,0,0,0,0,10,0,0,10,1,5,5,0,16,0,0
42819,1000000US170318370001021,15,0,13,0,0,0,2,13,0,2,15,0,7,7,0,20,0,0
42820,1000000US170318370001022,0,0,0,0,0,0,0,0,0,0,0,0,0,0,0,0,0,0
42821,1000000US170318370001023,0,0,0,0,0,0,0,0,0,0,0,0,0,0,0,0,0,0
42822,1000000US170318370001024,0,0,0,0,0,0,0,0,0,0,0,0,0,0,0,0,0,0
42823,1000000US170318370001025,0,0,0,0,0,0,0,0,0,0,0,0,0,0,0,0,0,0
42824,1000000US170318370001026,0,0,0,0,0,0,0,0,0,0,0,0,0,0,0,0,0,0
42825,1000000US170318370001027,0,0,0,0,0,0,0,0,0,0,0,0,0,0,0,0,0,0
42826,1000000US170318370001028,0,0,0,0,0,0,0,0,0,0,0,0,0,0,0,0,0,0
42827,1000000US170318370001029,44,0,43,0,0,0,1,43,0,1,44,0,29,22,7,67,0,0
42828,1000000US170318370001030,14,0,14,0,0,0,0,14,0,0,14,0,8,7,1,17,0,0
42829,1000000US170318370001031,6,0,6,0,0,0,0,6,0,0,6,0,3,3,0,9,0,0
42830,1000000US170318370001032,150,0,148,1,0,0,3,147,0,3,150,0,122,121,1,237,1,1
42831,1000000US170318370001033,0,0,0,0,0,0,0,0,0,0,0,0,0,0,0,0,0,0
42832,1000000US170318370002000,100,10,85,3,1,0,2,98,0,2,90,2,48,46,2,124,3,0
42833,1000000US170318370002001,31,12,17,0,0,0,2,29,0,2,19,0,19,17,2,35,0,0
42834,1000000US170318370002002,58,2,55,0,1,0,0,58,0,0,56,0,44,33,11,82,0,0
42835,1000000US170318370002003,56,13,33,2,2,0,9,47,0,9,43,5,34,30,4,76,2,0
42836,1000000US170318370002004,82,7,68,0,0,0,5,77,0,5,75,1,52,39,13,121,0,0
42837,1000000US170318370002005,80,4,76,0,0,0,4,76,0,4,76,4,47,42,5,112,0,4
42838,1000000US170318370002006,0,0,0,0,0,0,0,0,0,0,0,0,1,0,1,0,0,0
42839,1000000US170318370002007,5,0,5,0,0,0,0,5,0,0,5,0,8,3,5,9,0,0
42840,1000000US170318370002008,22,0,22,0,0,0,0,22,0,0,22,0,9,7,2,49,0,0
42841,1000000US170318370002009,0,0,0,0,0,0,0,0,0,0,0,0,0,0,0,0,0,0
42842,1000000US170318370002010,2,0,2,0,0,0,0,2,0,0,2,0,0,0,0,2,0,0
42843,1000000US170318370002011,14,0,14,0,0,0,0,14,0,0,14,0,11,6,5,16,0,0
42844,1000000US170318370002012,14,0,12,0,1,0,1,13,0,1,14,0,7,6,1,16,0,0
42845,1000000US170318370002013,4,0,4,0,0,0,0,4,0,0,4,0,3,3,0,4,0,0
42846,1000000US170318370002014,5,0,5,0,0,0,0,5,0,0,5,0,6,4,2,8,0,0
42847,1000000US170318370002015,24,0,22,0,0,0,2,22,0,2,24,0,23,13,10,44,0,0
42848,1000000US170318370002016,60,0,60,0,0,0,0,60,0,0,60,0,37,33,4,98,0,0
42849,1000000US170318370002017,29,0,29,0,0,0,0,29,0,0,29,0,29,14,15,38,0,0
42850,1000000US170318370002018,42,3,36,3,2,0,1,41,0,1,39,3,30,18,12,66,3,0
42851,1000000US170318370002019,3,0,1,0,0,0,2,1,0,2,3,2,2,2,0,3,0,0
42852,1000000US170318370002020,0,0,0,0,0,0,0,0,0,0,0,0,0,0,0,0,0,0
42853,1000000US170318371001000,0,0,0,0,0,0,0,0,0,0,0,0,0,0,0,0,0,0
42854,1000000US170318371001001,0,0,0,0,0,0,0,0,0,0,0,0,0,0,0,0,0,0
42855,1000000US170318371001002,0,0,0,0,0,0,0,0,0,0,0,0,0,0,0,0,0,0
42856,1000000US170318371001003,0,0,0,0,0,0,0,0,0,0,0,0,0,0,0,0,0,0
42857,1000000US170318371001004,11,0,11,0,0,0,0,11,0,0,11,0,11,6,5,21,0,0
42858,1000000US170318371001005,0,0,0,0,0,0,0,0,0,0,0,0,6,0,6,0,0,0
42859,1000000US170318371001006,50,0,50,0,0,0,0,50,0,0,50,0,35,23,12,69,0,0
42860,1000000US170318371001007,36,5,26,0,1,0,3,33,0,3,31,2,19,17,2,53,0,0
42861,1000000US170318371001008,191,11,173,0,2,1,8,183,0,8,180,5,160,152,8,208,0,2
42862,1000000US170318371001009,39,0,33,2,3,0,2,37,0,2,39,0,27,19,8,47,2,0
42863,1000000US170318371001010,49,0,49,0,0,0,0,49,0,0,49,0,25,22,3,62,0,0
42864,1000000US170318371001011,0,0,0,0,0,0,0,0,0,0,0,0,0,0,0,0,0,0
42865,1000000US170318371001012,86,9,70,0,1,1,6,80,0,6,77,2,51,39,12,117,0,0
42866,1000000US170318371001013,0,0,0,0,0,0,0,0,0,0,0,0,0,0,0,0,0,0
42867,1000000US170318371001014,8,3,5,0,0,0,1,7,0,1,5,0,6,6,0,12,0,1
42868,1000000US170318371001015,0,0,0,0,0,0,0,0,0,0,0,0,0,0,0,0,0,0
42869,1000000US170318371001016,0,0,0,0,0,0,0,0,0,0,0,0,0,0,0,0,0,0
42870,1000000US170318371001017,11,8,1,0,0,0,2,9,0,2,3,0,11,7,4,16,0,0
42871,1000000US170318371001018,0,0,0,0,0,0,0,0,0,0,0,0,0,0,0,0,0,0
42872,1000000US170318371001019,20,3,9,1,0,0,7,13,0,7,17,2,15,9,6,24,0,0
42873,1000000US170318371002000,0,0,0,0,0,0,0,0,0,0,0,0,0,0,0,0,0,0
42874,1000000US170318371002001,0,0,0,0,0,0,0,0,0,0,0,0,0,0,0,0,0,0
42875,1000000US170318371002002,2,0,2,0,0,0,0,2,0,0,2,0,1,1,0,4,0,0
42876,1000000US170318371002003,0,0,0,0,0,0,0,0,0,0,0,0,0,0,0,0,0,0
42877,1000000US170318371002004,0,0,0,0,0,0,0,0,0,0,0,0,0,0,0,0,0,0
42878,1000000US170318371002005,54,16,35,0,1,0,3,51,0,3,38,0,107,53,54,54,0,1
42879,1000000US170318371002006,22,1,21,0,0,0,0,22,0,0,21,0,15,7,8,30,0,0
42880,1000000US170318371002007,76,7,60,0,0,0,9,67,0,9,69,0,45,37,8,116,0,0
42881,1000000US170318371002008,41,0,36,0,0,0,5,36,0,5,41,0,23,19,4,59,0,0
42882,1000000US170318371002009,0,0,0,0,0,0,0,0,0,0,0,0,0,0,0,0,0,0
42883,1000000US170318371002010,29,5,19,0,1,0,5,24,0,5,24,0,25,15,10,42,0,1
42884,1000000US170318371002011,0,0,0,0,0,0,0,0,0,0,0,0,0,0,0,0,0,0
42885,1000000US170318371002012,5,2,0,0,0,0,3,2,0,3,3,0,2,2,0,5,0,0
42886,1000000US170318371002013,0,0,0,0,0,0,0,0,0,0,0,0,0,0,0,0,0,0
42887,1000000US170318371002014,0,0,0,0,0,0,0,0,0,0,0,0,0,0,0,0,0,0
42888,1000000US170318371002015,0,0,0,0,0,0,0,0,0,0,0,0,0,0,0,0,0,0
42889,1000000US170318371002016,10,0,10,0,0,0,0,10,0,0,10,0,7,3,4,11,0,0
42890,1000000US170318371002017,0,0,0,0,0,0,0,0,0,0,0,0,0,0,0,0,0,0
42891,1000000US170318371002018,12,2,10,0,0,0,0,12,0,0,10,0,7,6,1,13,0,0
42892,1000000US170318371002019,4,1,3,0,0,0,0,4,0,0,3,0,3,3,0,6,0,0
42893,1000000US170318371002020,50,2,47,0,0,0,1,49,0,1,48,0,28,23,5,57,0,0
42894,1000000US170318371002021,13,0,13,0,0,0,0,13,0,0,13,0,10,8,2,14,0,0
42895,1000000US170318371002022,19,1,18,0,0,0,0,19,0,0,18,0,10,9,1,36,0,0
42896,1000000US170318371002023,45,10,24,0,0,0,11,34,0,11,35,0,28,21,7,54,0,0
42897,1000000US170318371002024,63,6,57,1,0,0,0,63,0,0,57,3,33,32,1,82,1,0
42898,1000000US170318371002025,82,6,72,0,0,0,4,78,0,4,76,0,44,36,8,119,0,0
42899,1000000US170318371002026,11,0,11,0,0,0,1,10,0,1,11,0,7,4,3,14,0,1
42900,1000000US170318371002027,6,0,6,0,0,0,0,6,0,0,6,0,1,1,0,6,0,0
42901,1000000US170318371002028,2,0,2,0,0,0,0,2,0,0,2,0,1,1,0,2,0,0
42902,1000000US170318371002029,6,0,4,0,0,0,2,4,0,2,6,0,6,2,4,8,0,0
42903,1000000US170318371002030,18,0,17,0,0,0,1,17,0,1,18,0,10,10,0,23,0,0
42904,1000000US170318371002031,0,0,0,0,0,0,0,0,0,0,0,0,0,0,0,0,0,0
42905,1000000US170318371002032,12,1,9,0,0,0,3,9,0,3,11,2,9,8,1,18,0,1
42906,1000000US170318371002033,10,0,9,0,0,0,4,6,0,4,10,0,10,7,3,12,0,3
42907,1000000US170318371002034,73,0,70,2,0,0,3,70,0,3,73,2,30,26,4,94,2,0
42908,1000000US170318371002035,3,1,2,0,0,0,0,3,0,0,2,0,6,2,4,4,0,0
42909,1000000US170318371002036,11,0,11,0,0,0,0,11,0,0,11,0,3,3,0,17,0,0
42910,1000000US170318371002037,8,0,8,0,0,0,0,8,0,0,8,0,8,6,2,16,0,0
42911,1000000US170318371002038,23,0,21,0,0,0,3,20,0,3,23,0,12,11,1,36,0,1
42912,1000000US170318371002039,87,6,73,0,6,0,7,80,0,7,81,2,42,25,17,150,0,3
42913,1000000US170318371002040,45,1,42,1,1,0,1,44,0,1,44,1,32,24,8,60,1,0
42914,1000000US170318371002041,25,2,23,0,0,0,0,25,0,0,23,0,17,14,3,28,0,0
42915,1000000US170318373001000,2,0,2,0,0,0,0,2,0,0,2,0,3,2,1,3,0,0
42916,1000000US170318373001001,0,0,0,0,0,0,0,0,0,0,0,0,0,0,0,0,0,0
42917,1000000US170318373001002,16,0,14,0,0,0,2,14,0,2,16,0,14,7,7,19,0,0
42918,1000000US170318373001003,48,0,48,0,0,0,0,48,0,0,48,0,31,22,9,70,0,0
42919,1000000US170318373001004,61,0,61,0,0,0,0,61,0,0,61,4,33,29,4,83,0,0
42920,1000000US170318373001005,104,5,83,1,3,0,14,90,0,14,99,1,56,49,7,171,1,0
42921,1000000US170318373001006,34,0,32,0,0,0,2,32,0,2,34,0,17,14,3,41,0,0
42922,1000000US170318373001007,28,0,23,0,2,0,4,24,0,4,28,0,13,11,2,40,0,1
42923,1000000US170318373001008,69,0,68,0,1,0,0,69,0,0,69,0,40,31,9,103,0,0
42924,1000000US170318373001009,43,0,43,0,0,0,0,43,0,0,43,0,26,20,6,73,0,0
42925,1000000US170318373001010,32,2,27,0,0,0,3,29,0,3,30,0,21,14,7,43,0,0
42926,1000000US170318373001011,58,0,58,0,0,0,0,58,0,0,58,0,33,27,6,87,0,0
42927,1000000US170318373001012,30,3,19,0,7,0,5,25,0,5,27,2,19,16,3,43,0,2
42928,1000000US170318373001013,27,0,27,0,0,0,0,27,0,0,27,0,18,13,5,50,0,0
42929,1000000US170318373001014,29,4,25,0,0,0,0,29,0,0,25,1,19,14,5,31,0,0
42930,1000000US170318373001015,42,0,42,0,0,0,0,42,0,0,42,0,21,19,2,54,0,0
42931,1000000US170318373001016,41,0,40,0,0,0,1,40,0,1,41,0,36,24,12,78,0,0
42932,1000000US170318373001017,15,1,12,0,2,0,0,15,0,0,14,0,15,10,5,16,0,0
42933,1000000US170318373001018,28,3,25,0,0,0,0,28,0,0,25,0,20,16,4,42,0,0
42934,1000000US170318373001019,37,0,37,0,0,0,2,35,0,2,37,0,22,18,4,50,0,2
42935,1000000US170318373001020,0,0,0,0,0,0,0,0,0,0,0,0,0,0,0,0,0,0
42936,1000000US170318373001021,32,0,32,0,0,0,0,32,0,0,32,0,24,14,10,53,0,0
42937,1000000US170318373001022,3,0,3,0,0,0,0,3,0,0,3,0,1,1,0,3,0,0
42938,1000000US170318373001023,2,2,0,0,0,0,0,2,0,0,0,0,4,1,3,3,0,0
42939,1000000US170318373002000,30,1,29,0,0,0,1,29,0,1,29,0,19,17,2,45,0,1
42940,1000000US170318373002001,0,0,0,0,0,0,0,0,0,0,0,0,0,0,0,0,0,0
42941,1000000US170318373002002,63,0,63,0,0,0,0,63,0,0,63,0,50,31,19,81,0,0
42942,1000000US170318373002003,32,0,32,0,0,0,0,32,0,0,32,0,18,13,5,37,0,0
42943,1000000US170318373002004,35,2,28,0,0,0,5,30,0,5,33,0,22,20,2,72,0,0
42944,1000000US170318373002005,102,0,102,0,0,0,1,101,0,1,102,0,48,44,4,135,0,1
42945,1000000US170318373002006,64,0,64,1,0,0,0,64,0,0,64,1,40,32,8,90,1,0
42946,1000000US170318373002007,377,58,272,1,3,0,45,332,0,45,319,1,21,21,0,397,1,1
42947,1000000US170318373002008,0,0,0,0,0,0,0,0,0,0,0,0,0,0,0,0,0,0
42948,1000000US170318373002009,18,1,16,0,0,0,1,17,0,1,17,1,18,14,4,22,0,0
42949,1000000US170318373002010,61,0,61,0,0,0,0,61,0,0,61,0,27,24,3,84,0,0
42950,1000000US170318373002011,61,0,61,0,0,0,1,60,0,1,61,0,37,33,4,111,0,1
42951,1000000US170318373002012,83,0,82,1,0,0,1,82,0,1,83,1,53,41,12,134,1,0
42952,1000000US170318373002013,49,1,47,0,1,0,0,49,0,0,48,0,39,25,14,65,0,0
42953,1000000US170318373002014,0,0,0,0,0,0,0,0,0,0,0,0,0,0,0,0,0,0
42954,1000000US170318373002015,33,2,26,0,0,1,5,28,0,5,31,1,16,16,0,54,0,0
42955,1000000US170318374001000,0,0,0,0,0,0,0,0,0,0,0,0,0,0,0,0,0,0
42956,1000000US170318374001001,68,10,54,0,1,0,3,65,0,3,58,1,34,29,5,86,0,0
42957,1000000US170318374001002,45,21,17,0,1,0,6,39,0,6,24,0,47,29,18,54,0,0
42958,1000000US170318374001003,64,5,50,0,0,0,8,56,0,8,59,0,39,35,4,97,0,0
42959,1000000US170318374001004,38,2,33,0,0,0,3,35,0,3,36,0,21,21,0,62,0,0
42960,1000000US170318374001005,20,0,17,0,2,0,2,18,0,2,20,0,11,10,1,28,0,0
42961,1000000US170318374001006,3,0,3,0,1,0,0,3,0,0,3,1,1,1,0,3,0,0
42962,1000000US170318374001007,1,0,1,0,0,0,0,1,0,0,1,0,1,1,0,3,0,0
42963,1000000US170318374001008,0,0,0,0,0,0,0,0,0,0,0,0,0,0,0,0,0,0
42964,1000000US170318374001009,1,0,1,0,0,0,0,1,0,0,1,0,1,1,0,1,0,0
42965,1000000US170318374001010,71,0,70,0,0,0,1,70,0,1,71,0,31,27,4,98,0,0
42966,1000000US170318374001011,51,4,46,0,1,0,0,51,0,0,47,1,30,24,6,65,0,0
42967,1000000US170318374001012,53,0,49,0,0,0,4,49,0,4,53,0,34,29,5,77,0,0
42968,1000000US170318374001013,45,2,43,0,0,0,0,45,0,0,43,0,28,24,4,56,0,0
42969,1000000US170318374001014,58,2,54,0,0,0,2,56,0,2,56,1,30,27,3,97,0,0
42970,1000000US170318374001015,38,0,36,1,0,0,2,36,0,2,38,1,24,18,6,58,1,0
42971,1000000US170318374001016,59,7,49,2,1,0,3,56,0,3,52,1,47,37,10,70,1,3
42972,1000000US170318374001017,50,0,49,0,0,0,1,49,0,1,50,0,21,19,2,70,0,0
42973,1000000US170318374001018,38,1,37,0,0,0,0,38,0,0,37,0,19,19,0,55,0,0
42974,1000000US170318374001019,2,0,2,0,0,0,0,2,0,0,2,0,2,2,0,6,0,0
42975,1000000US170318374001020,22,1,21,0,0,0,0,22,0,0,21,1,10,10,0,26,0,0
42976,1000000US170318374001021,13,0,13,0,0,0,0,13,0,0,13,0,4,4,0,25,0,0
42977,1000000US170318374001022,6,0,6,0,0,0,0,6,0,0,6,0,5,4,1,8,0,0
42978,1000000US170318374002000,100,0,99,0,0,0,3,97,0,3,100,0,54,50,4,177,0,2
42979,1000000US170318374002001,26,0,23,0,1,0,2,24,0,2,26,1,24,15,9,35,0,0
42980,1000000US170318374002002,42,0,42,0,0,0,0,42,0,0,42,0,31,26,5,62,0,0
42981,1000000US170318374002003,30,3,27,0,0,0,0,30,0,0,27,0,22,18,4,50,0,0
42982,1000000US170318374002004,11,0,11,0,0,0,0,11,0,0,11,0,4,4,0,15,0,0
42983,1000000US170318374002005,0,0,0,0,0,0,0,0,0,0,0,0,0,0,0,0,0,0
42984,1000000US170318374002006,25,1,24,0,0,0,2,23,0,2,24,0,17,13,4,35,0,2
42985,1000000US170318374002007,25,3,15,0,0,0,7,18,0,7,22,2,12,12,0,40,0,0
42986,1000000US170318374002008,16,0,16,0,0,0,0,16,0,0,16,0,7,7,0,24,0,0
42987,1000000US170318374002009,18,0,18,0,0,0,0,18,0,0,18,0,12,11,1,23,0,0
42988,1000000US170318374002010,0,0,0,0,0,0,0,0,0,0,0,0,0,0,0,0,0,0
42989,1000000US170318374002011,2,0,2,0,0,0,0,2,0,0,2,0,2,2,0,2,0,0
42990,1000000US170318374002012,17,0,17,0,0,0,0,17,0,0,17,0,7,6,1,17,0,0
42991,1000000US170318374002013,0,0,0,0,0,0,0,0,0,0,0,0,0,0,0,0,0,0
42992,1000000US170318374002014,0,0,0,0,0,0,0,0,0,0,0,0,0,0,0,0,0,0
42993,1000000US170318374002015,0,0,0,0,0,0,0,0,0,0,0,0,0,0,0,0,0,0
42994,1000000US170318374002016,0,0,0,0,0,0,0,0,0,0,0,0,0,0,0,0,0,0
42995,1000000US170318374002017,78,7,54,0,6,0,12,66,0,12,71,0,59,40,19,117,0,1
42996,1000000US170318374002018,0,0,0,0,0,0,0,0,0,0,0,0,0,0,0,0,0,0
42997,1000000US170318374002019,190,37,138,1,3,0,15,175,0,15,153,1,15,10,5,209,1,4
42998,1000000US170318374002020,0,0,0,0,0,0,0,0,0,0,0,0,0,0,0,0,0,0
42999,1000000US170318374002021,0,0,0,0,0,0,0,0,0,0,0,0,0,0,0,0,0,0
43000,1000000US170318374002022,0,0,0,0,0,0,0,0,0,0,0,0,0,0,0,0,0,0
43001,1000000US170318374002023,0,0,0,0,0,0,0,0,0,0,0,0,0,0,0,0,0,0
43002,1000000US170318374002024,15,0,15,0,0,0,0,15,0,0,15,0,10,9,1,19,0,0
43003,1000000US170318374002025,52,0,51,1,0,0,0,52,0,0,52,0,25,24,1,96,1,0
43004,1000000US170318374002026,0,0,0,0,0,0,0,0,0,0,0,0,0,0,0,0,0,0
43005,1000000US170318374002027,2,1,1,0,0,0,0,2,0,0,1,0,2,2,0,2,0,0
43006,1000000US170318374002028,9,0,9,0,0,0,0,9,0,0,9,0,5,4,1,12,0,0
43007,1000000US170318374002029,40,0,38,0,0,0,2,38,0,2,40,0,31,24,7,77,0,0
43008,1000000US170318374002030,0,0,0,0,0,0,0,0,0,0,0,0,0,0,0,0,0,0
43009,1000000US170318374002031,23,0,14,0,0,0,9,14,0,9,23,0,9,9,0,65,0,0
43010,1000000US170318374002032,0,0,0,0,0,0,0,0,0,0,0,0,0,0,0,0,0,0
43011,1000000US170318374002033,0,0,0,0,0,0,0,0,0,0,0,0,0,0,0,0,0,0
43012,1000000US170318374002034,43,4,33,0,5,0,1,42,0,1,39,1,27,21,6,64,0,0
43013,1000000US170318374002035,47,0,47,0,0,0,1,46,0,1,47,0,24,22,2,67,0,1
43014,1000000US170318374002036,16,0,14,0,0,0,2,14,0,2,16,0,9,9,0,26,0,0
43015,1000000US170318374002037,0,0,0,0,0,0,0,0,0,0,0,0,0,0,0,0,0,0
43016,1000000US170318374002038,0,0,0,0,0,0,0,0,0,0,0,0,0,0,0,0,0,0
43017,1000000US170318374002039,0,0,0,0,0,0,0,0,0,0,0,0,0,0,0,0,0,0
43018,1000000US170318374002040,0,0,0,0,0,0,0,0,0,0,0,0,0,0,0,0,0,0
43019,1000000US170318374002041,0,0,0,0,0,0,0,0,0,0,0,0,0,0,0,0,0,0
43020,1000000US170318374002042,0,0,0,0,0,0,0,0,0,0,0,0,0,0,0,0,0,0
43021,1000000US170318374002043,0,0,0,0,0,0,0,0,0,0,0,0,0,0,0,0,0,0
43022,1000000US170318378001000,9,0,9,0,0,0,1,8,0,1,9,0,0,0,0,9,0,1
43023,1000000US170318378001001,0,0,0,0,0,0,0,0,0,0,0,0,0,0,0,0,0,0
43024,1000000US170318378001002,0,0,0,0,0,0,0,0,0,0,0,0,0,0,0,0,0,0
43025,1000000US170318378001003,0,0,0,0,0,0,0,0,0,0,0,0,0,0,0,0,0,0
43026,1000000US170318378001004,0,0,0,0,0,0,0,0,0,0,0,0,0,0,0,0,0,0
43027,1000000US170318378001005,0,0,0,0,0,0,0,0,0,0,0,0,0,0,0,0,0,0
43028,1000000US170318378001006,0,0,0,0,0,0,0,0,0,0,0,0,0,0,0,0,0,0
43029,1000000US170318378001007,0,0,0,0,0,0,0,0,0,0,0,0,0,0,0,0,0,0
43030,1000000US170318378001008,0,0,0,0,0,0,0,0,0,0,0,0,0,0,0,0,0,0
43031,1000000US170318378001009,0,0,0,0,0,0,0,0,0,0,0,0,0,0,0,0,0,0
43032,1000000US170318378001010,0,0,0,0,0,0,0,0,0,0,0,0,0,0,0,0,0,0
43033,1000000US170318378001011,0,0,0,0,0,0,0,0,0,0,0,0,0,0,0,0,0,0
43034,1000000US170318378001012,0,0,0,0,0,0,0,0,0,0,0,0,0,0,0,0,0,0
43035,1000000US170318378001013,0,0,0,0,0,0,0,0,0,0,0,0,0,0,0,0,0,0
43036,1000000US170318378001014,0,0,0,0,0,0,0,0,0,0,0,0,0,0,0,0,0,0
43037,1000000US170318378001015,157,56,79,2,16,2,6,151,0,6,101,11,108,94,14,189,1,0
43038,1000000US170318378001016,1,1,0,0,0,0,0,1,0,0,0,0,1,1,0,1,0,0
43039,1000000US170318378001017,168,24,119,1,3,0,23,145,0,23,144,1,0,0,0,232,1,2
43040,1000000US170318378001018,38,8,17,1,5,0,5,33,0,5,30,0,25,17,8,46,1,0
43041,1000000US170318378001019,48,4,41,0,2,0,0,48,0,0,44,1,33,31,2,76,0,0
43042,1000000US170318378001020,0,0,0,0,0,0,0,0,0,0,0,0,0,0,0,0,0,0
43043,1000000US170318378001021,0,0,0,0,0,0,0,0,0,0,0,0,0,0,0,0,0,0
43044,1000000US170318378001022,66,8,53,0,5,0,0,66,0,0,58,0,43,41,2,115,0,0
43045,1000000US170318378001023,99,17,64,1,6,0,13,86,0,13,82,0,62,57,5,153,1,0
43046,1000000US170318378001024,43,5,34,2,3,0,1,42,0,1,38,2,10,6,4,60,2,0
43047,1000000US170318378001025,95,15,61,1,8,0,12,83,0,12,80,3,55,45,10,125,1,0
43048,1000000US170318378001026,63,8,54,0,1,0,0,63,0,0,55,0,32,28,4,104,0,0
43049,1000000US170318378001027,0,0,0,0,0,0,0,0,0,0,0,0,0,0,0,0,0,0
43050,1000000US170318378001028,33,7,22,0,0,0,4,29,0,4,26,0,21,17,4,38,0,0
43051,1000000US170318378001029,0,0,0,0,0,0,0,0,0,0,0,0,0,0,0,0,0,0
43052,1000000US170318378001030,0,0,0,0,0,0,0,0,0,0,0,0,0,0,0,0,0,0
43053,1000000US170318378001031,0,0,0,0,0,0,0,0,0,0,0,0,0,0,0,0,0,0
43054,1000000US170318378001032,23,5,15,0,1,1,3,20,0,3,18,4,15,15,0,28,0,1
43055,1000000US170318378001033,6,0,6,0,0,0,0,6,0,0,6,1,8,4,4,10,0,0
43056,1000000US170318378001034,81,2,79,0,0,0,1,80,0,1,79,2,38,36,2,111,0,1
43057,1000000US170318378001035,64,10,44,0,6,0,4,60,0,4,54,0,52,34,18,108,0,0
43058,1000000US170318378001036,73,6,62,0,2,0,4,69,0,4,67,0,55,43,12,98,0,1
43059,1000000US170318378001037,39,7,31,0,1,0,0,39,0,0,32,2,28,18,10,60,0,0
43060,1000000US170318378001038,19,0,19,0,0,0,0,19,0,0,19,0,10,8,2,32,0,0
43061,1000000US170318378001039,26,9,8,0,6,0,3,23,0,3,17,1,31,19,12,30,0,0
43062,1000000US170318378001040,0,0,0,0,0,0,0,0,0,0,0,0,0,0,0,0,0,0
43063,1000000US170318378001041,93,11,57,3,3,0,23,70,0,23,82,3,87,65,22,103,0,1
43064,1000000US170318378001042,0,0,0,0,0,0,0,0,0,0,0,0,0,0,0,0,0,0
43065,1000000US170318378001043,0,0,0,0,0,0,0,0,0,0,0,0,0,0,0,0,0,0
43066,1000000US170318378001044,3,2,0,0,0,0,1,2,0,1,1,0,3,2,1,3,0,0
43067,1000000US170318378002000,0,0,0,0,0,0,0,0,0,0,0,0,0,0,0,0,0,0
43068,1000000US170318378002001,0,0,0,0,0,0,0,0,0,0,0,0,0,0,0,0,0,0
43069,1000000US170318378002002,0,0,0,0,0,0,0,0,0,0,0,0,0,0,0,0,0,0
43070,1000000US170318378002003,0,0,0,0,0,0,0,0,0,0,0,0,0,0,0,0,0,0
43071,1000000US170318378002004,0,0,0,0,0,0,0,0,0,0,0,0,0,0,0,0,0,0
43072,1000000US170318378002005,0,0,0,0,0,0,0,0,0,0,0,0,0,0,0,0,0,0
43073,1000000US170318378002006,0,0,0,0,0,0,0,0,0,0,0,0,0,0,0,0,0,0
43074,1000000US170318378002007,0,0,0,0,0,0,0,0,0,0,0,0,0,0,0,0,0,0
43075,1000000US170318378002008,0,0,0,0,0,0,0,0,0,0,0,0,0,0,0,0,0,0
43076,1000000US170318378002009,0,0,0,0,0,0,0,0,0,0,0,0,0,0,0,0,0,0
43077,1000000US170318378002010,0,0,0,0,0,0,0,0,0,0,0,0,0,0,0,0,0,0
43078,1000000US170318378002011,0,0,0,0,0,0,0,0,0,0,0,0,0,0,0,0,0,0
43079,1000000US170318378002012,0,0,0,0,0,0,0,0,0,0,0,0,0,0,0,0,0,0
43080,1000000US170318378002013,0,0,0,0,0,0,0,0,0,0,0,0,0,0,0,0,0,0
43081,1000000US170318378002014,233,1,228,1,0,0,5,228,0,5,232,3,118,111,7,347,1,1
43082,1000000US170318378002015,83,1,80,0,0,0,2,81,0,2,82,0,41,40,1,116,0,0
43083,1000000US170318378002016,5,0,5,0,0,0,0,5,0,0,5,0,3,3,0,5,0,0
43084,1000000US170318378002017,25,6,14,0,0,1,4,21,0,4,19,0,18,12,6,28,0,0
43085,1000000US170318378002018,0,0,0,0,0,0,0,0,0,0,0,0,8,0,8,0,0,0
43086,1000000US170318378002019,66,11,50,0,1,0,3,63,0,3,55,2,55,40,15,99,0,0
43087,1000000US170318378002020,74,3,65,1,1,0,8,66,0,8,71,3,67,61,6,86,1,3
43088,1000000US170318378002021,87,18,50,4,13,0,6,81,0,6,69,11,49,38,11,102,0,0
43089,1000000US170318378002022,37,1,31,0,0,0,5,32,0,5,36,1,0,0,0,37,0,0
43090,1000000US170318378002023,21,1,20,0,0,0,0,21,0,0,20,0,10,10,0,34,0,0
43091,1000000US170318378002024,97,14,75,0,2,0,7,90,0,7,83,0,56,46,10,126,0,1
43092,1000000US170318378002025,13,0,13,0,0,0,0,13,0,0,13,0,5,5,0,18,0,0
43093,1000000US170318378002026,0,0,0,0,0,0,0,0,0,0,0,0,0,0,0,0,0,0
43094,1000000US170318378002027,42,8,22,0,4,0,8,34,0,8,34,0,27,25,2,58,0,0
43095,1000000US170318378002028,9,8,0,0,0,0,1,8,0,1,1,0,1,1,0,9,0,0
43096,1000000US170318378002029,0,0,0,0,0,0,0,0,0,0,0,0,0,0,0,0,0,0
43097,1000000US170318380001000,0,0,0,0,0,0,0,0,0,0,0,0,0,0,0,0,0,0
43098,1000000US170318380001001,0,0,0,0,0,0,0,0,0,0,0,0,0,0,0,0,0,0
43099,1000000US170318380001002,56,34,9,0,7,0,7,49,0,7,22,2,40,36,4,66,0,0
43100,1000000US170318380001003,94,58,14,0,15,0,5,89,0,5,36,1,67,53,14,103,0,0
43101,1000000US170318380001004,13,2,11,0,0,0,0,13,0,0,11,0,7,7,0,15,0,0
43102,1000000US170318380001005,12,0,12,0,0,0,0,12,0,0,12,0,7,6,1,15,0,0
43103,1000000US170318380001006,14,0,14,0,0,0,0,14,0,0,14,0,9,5,4,24,0,0
43104,1000000US170318380001007,55,15,38,4,1,0,1,54,0,1,40,5,32,31,1,68,2,0
43105,1000000US170318380001008,101,20,73,0,2,2,6,95,0,6,81,0,52,44,8,144,0,0
43106,1000000US170318380001009,10,4,6,0,0,0,0,10,0,0,6,0,6,5,1,15,0,0
43107,1000000US170318380001010,6,0,6,0,0,0,0,6,0,0,6,0,2,2,0,6,0,0
43108,1000000US170318380001011,0,0,0,0,0,0,0,0,0,0,0,0,0,0,0,0,0,0
43109,1000000US170318380001012,0,0,0,0,0,0,0,0,0,0,0,0,0,0,0,0,0,0
43110,1000000US170318380001013,15,0,14,1,0,0,0,15,0,0,15,0,6,6,0,21,1,0
43111,1000000US170318380001014,36,5,28,0,3,0,1,35,0,1,31,1,30,25,5,50,0,1
43112,1000000US170318380001015,50,21,20,0,0,0,9,41,0,9,29,2,38,30,8,52,0,0
43113,1000000US170318380001016,8,2,6,0,0,0,0,8,0,0,6,0,6,3,3,9,0,0
43114,1000000US170318380001017,36,4,27,0,1,0,5,31,0,5,32,0,22,19,3,55,0,1
43115,1000000US170318380001018,33,8,20,0,2,0,3,30,0,3,25,0,18,16,2,43,0,0
43116,1000000US170318380001019,4,0,2,0,1,0,1,3,0,1,4,0,2,2,0,6,0,0
43117,1000000US170318380001020,25,7,14,2,1,0,2,23,0,2,18,0,20,19,1,26,2,1
43118,1000000US170318380001021,39,9,28,0,0,0,2,37,0,2,30,0,23,17,6,43,0,0
43119,1000000US170318380001022,24,2,18,0,0,0,4,20,0,4,22,0,11,9,2,26,0,0
43120,1000000US170318380001023,7,0,7,0,0,0,0,7,0,0,7,0,6,4,2,7,0,0
43121,1000000US170318380001024,44,3,35,1,0,0,5,39,0,5,41,0,23,21,2,65,1,0
43122,1000000US170318380001025,23,3,19,0,0,0,1,22,0,1,20,0,14,13,1,36,0,0
43123,1000000US170318380001026,0,0,0,0,0,0,0,0,0,0,0,0,0,0,0,0,0,0
43124,1000000US170318380001027,6,0,6,0,0,0,0,6,0,0,6,0,2,2,0,8,0,0
43125,1000000US170318380001028,0,0,0,0,0,0,0,0,0,0,0,0,0,0,0,0,0,0
43126,1000000US170318380001029,1,1,0,0,0,0,0,1,0,0,0,0,1,1,0,1,0,0
43127,1000000US170318380002000,118,0,116,1,1,1,3,115,0,3,118,2,78,77,1,161,1,1
43128,1000000US170318380002001,96,7,88,2,1,0,1,95,0,1,89,3,72,62,10,134,2,1
43129,1000000US170318380002002,29,0,24,0,0,0,5,24,0,5,29,0,13,13,0,41,0,0
43130,1000000US170318380002003,19,0,19,0,0,0,0,19,0,0,19,0,18,12,6,31,0,0
43131,1000000US170318380002004,40,3,27,3,5,0,2,38,0,2,37,0,24,19,5,69,3,0
43132,1000000US170318380002005,210,1,192,4,2,1,16,194,0,16,209,4,200,196,4,210,4,1
43133,1000000US170318380002006,278,0,277,3,0,0,4,274,0,4,278,4,252,248,4,324,3,3
43134,1000000US170318380002007,71,0,71,3,0,0,0,71,0,0,71,4,42,41,1,143,0,0
43135,1000000US170318380002008,30,8,19,1,0,0,2,28,0,2,22,3,21,18,3,41,0,2
43136,1000000US170318380002009,37,16,16,0,3,0,3,34,0,3,21,2,15,15,0,43,0,0
43137,1000000US170318380002010,77,25,34,3,11,0,7,70,0,7,52,6,42,33,9,92,0,2
43138,1000000US170318380002011,15,0,15,0,0,0,0,15,0,0,15,0,8,7,1,34,0,0
43139,1000000US170318380002012,33,7,16,0,6,0,4,29,0,4,26,1,28,21,7,42,0,0
43140,1000000US170318380002013,26,5,12,1,2,0,6,20,0,6,21,0,15,15,0,36,1,0
43141,1000000US170318380002014,0,0,0,0,0,0,0,0,0,0,0,0,0,0,0,0,0,0
43142,1000000US170318380002015,0,0,0,0,0,0,0,0,0,0,0,0,0,0,0,0,0,0
43143,1000000US170318380002016,0,0,0,0,0,0,0,0,0,0,0,0,0,0,0,0,0,0
43144,1000000US170318380002017,0,0,0,0,0,0,0,0,0,0,0,0,0,0,0,0,0,0
43145,1000000US170318380002018,0,0,0,0,0,0,0,0,0,0,0,0,0,0,0,0,0,0
43146,1000000US170318380002019,0,0,0,0,0,0,0,0,0,0,0,0,0,0,0,0,0,0
43147,1000000US170318380002020,0,0,0,0,0,0,0,0,0,0,0,0,0,0,0,0,0,0
43148,1000000US170318380002021,0,0,0,0,0,0,0,0,0,0,0,0,0,0,0,0,0,0
43149,1000000US170318380002022,0,0,0,0,0,0,0,0,0,0,0,0,0,0,0,0,0,0
43150,1000000US170318380002023,0,0,0,0,0,0,0,0,0,0,0,0,0,0,0,0,0,0
43151,1000000US170318380002024,0,0,0,0,0,0,0,0,0,0,0,0,0,0,0,0,0,0
43152,1000000US170318380002025,0,0,0,0,0,0,0,0,0,0,0,0,0,0,0,0,0,0
43153,1000000US170318380002026,0,0,0,0,0,0,0,0,0,0,0,0,0,0,0,0,0,0
43154,1000000US170318380002027,0,0,0,0,0,0,0,0,0,0,0,0,0,0,0,0,0,0
43155,1000000US170318380002028,0,0,0,0,0,0,0,0,0,0,0,0,0,0,0,0,0,0
43156,1000000US170318380002029,0,0,0,0,0,0,0,0,0,0,0,0,0,0,0,0,0,0
43157,1000000US170318380002030,0,0,0,0,0,0,0,0,0,0,0,0,0,0,0,0,0,0
43158,1000000US170318380002031,0,0,0,0,0,0,0,0,0,0,0,0,0,0,0,0,0,0
43159,1000000US170318380002032,0,0,0,0,0,0,0,0,0,0,0,0,0,0,0,0,0,0
43160,1000000US170318380002033,0,0,0,0,0,0,0,0,0,0,0,0,0,0,0,0,0,0
43161,1000000US170318380002034,26,2,1,0,7,0,14,12,0,14,24,0,11,11,0,41,0,0
43162,1000000US170318380002035,23,5,12,0,4,0,4,19,0,4,18,2,15,11,4,27,0,0
43163,1000000US170318380002036,59,34,11,0,8,0,6,53,0,6,25,3,40,37,3,66,0,0
43164,1000000US170318380002037,35,11,10,0,9,0,6,29,0,6,24,3,22,20,2,43,0,1
43165,1000000US170318380002038,37,15,13,1,7,1,3,34,0,3,22,2,19,19,0,40,0,1
43166,1000000US170318380002039,30,3,13,0,9,0,5,25,0,5,27,0,20,15,5,39,0,0
43167,1000000US170318381001000,4,3,0,0,0,0,1,3,0,1,1,0,2,2,0,4,0,0
43168,1000000US170318381001001,25,14,9,0,0,0,3,22,0,3,11,0,16,13,3,28,0,1
43169,1000000US170318381001002,76,42,23,0,5,0,8,68,0,8,34,0,50,44,6,90,0,2
43170,1000000US170318381001003,0,0,0,0,0,0,0,0,0,0,0,0,0,0,0,0,0,0
43171,1000000US170318381001004,418,7,399,1,7,2,8,410,0,8,411,6,482,373,109,419,0,3
43172,1000000US170318381001005,0,0,0,0,0,0,0,0,0,0,0,0,0,0,0,0,0,0
43173,1000000US170318381001006,15,10,1,0,0,0,4,11,0,4,5,0,15,11,4,15,0,0
43174,1000000US170318381001007,280,178,29,5,37,0,35,245,0,35,102,7,226,196,30,297,3,0
43175,1000000US170318381001008,40,7,32,0,0,0,3,37,0,3,33,1,40,37,3,57,0,2
43176,1000000US170318381001009,4,4,0,0,0,0,0,4,0,0,0,0,2,2,0,4,0,0
43177,1000000US170318381002000,16,12,3,0,1,0,0,16,0,0,4,0,11,11,0,16,0,0
43178,1000000US170318381002001,0,0,0,0,0,0,0,0,0,0,0,0,0,0,0,0,0,0
43179,1000000US170318381002002,0,0,0,0,0,0,0,0,0,0,0,0,0,0,0,0,0,0
43180,1000000US170318381002003,0,0,0,0,0,0,0,0,0,0,0,0,0,0,0,0,0,0
43181,1000000US170318381002004,0,0,0,0,0,0,0,0,0,0,0,0,0,0,0,0,0,0
43182,1000000US170318381002005,0,0,0,0,0,0,0,0,0,0,0,0,0,0,0,0,0,0
43183,1000000US170318381002006,0,0,0,0,0,0,0,0,0,0,0,0,0,0,0,0,0,0
43184,1000000US170318381002007,0,0,0,0,0,0,0,0,0,0,0,0,0,0,0,0,0,0
43185,1000000US170318381002008,0,0,0,0,0,0,0,0,0,0,0,0,0,0,0,0,0,0
43186,1000000US170318381002009,52,32,16,0,1,0,4,48,0,4,20,0,27,25,2,64,0,1
43187,1000000US170318381002010,0,0,0,0,0,0,0,0,0,0,0,0,0,0,0,0,0,0
43188,1000000US170318381002011,0,0,0,0,0,0,0,0,0,0,0,0,0,0,0,0,0,0
43189,1000000US170318381002012,1,1,0,0,0,0,0,1,0,0,0,0,1,1,0,1,0,0
43190,1000000US170318381002013,0,0,0,0,0,0,0,0,0,0,0,0,0,0,0,0,0,0
43191,1000000US170318381002014,0,0,0,0,0,0,0,0,0,0,0,0,0,0,0,0,0,0
43192,1000000US170318381002015,0,0,0,0,0,0,0,0,0,0,0,0,0,0,0,0,0,0
43193,1000000US170318381002016,5,2,3,0,0,0,0,5,0,0,3,0,3,3,0,8,0,0
43194,1000000US170318381002017,0,0,0,0,0,0,0,0,0,0,0,0,0,0,0,0,0,0
43195,1000000US170318381002018,0,0,0,0,0,0,0,0,0,0,0,0,0,0,0,0,0,0
43196,1000000US170318381002019,118,0,118,3,0,0,0,118,0,0,118,5,77,73,4,172,3,0
43197,1000000US170318381002020,0,0,0,0,0,0,0,0,0,0,0,0,0,0,0,0,0,0
43198,1000000US170318381002021,0,0,0,0,0,0,0,0,0,0,0,0,0,0,0,0,0,0
43199,1000000US170318381002022,0,0,0,0,0,0,0,0,0,0,0,0,0,0,0,0,0,0
43200,1000000US170318381002023,29,2,26,0,1,0,0,29,0,0,27,0,6,3,3,29,0,0
43201,1000000US170318381002024,0,0,0,0,0,0,0,0,0,0,0,0,0,0,0,0,0,0
43202,1000000US170318381002025,86,2,79,3,1,0,1,85,0,1,84,1,98,84,14,86,2,0
43203,1000000US170318381002026,0,0,0,0,0,0,0,0,0,0,0,0,0,0,0,0,0,0
43204,1000000US170318381002027,0,0,0,0,0,0,0,0,0,0,0,0,0,0,0,0,0,0
43205,1000000US170318381002028,0,0,0,0,0,0,0,0,0,0,0,0,0,0,0,0,0,0
43206,1000000US170318381002029,0,0,0,0,0,0,0,0,0,0,0,0,0,0,0,0,0,0
43207,1000000US170318381002030,0,0,0,0,0,0,0,0,0,0,0,0,0,0,0,0,0,0
43208,1000000US170318381002031,25,7,6,0,2,0,10,15,0,10,18,0,12,12,0,28,0,0
43209,1000000US170318381002032,0,0,0,0,0,0,0,0,0,0,0,0,0,0,0,0,0,0
43210,1000000US170318381002033,0,0,0,0,0,0,0,0,0,0,0,0,0,0,0,0,0,0
43211,1000000US170318381002034,0,0,0,0,0,0,0,0,0,0,0,0,0,0,0,0,0,0
43212,1000000US170318381002035,0,0,0,0,0,0,0,0,0,0,0,0,0,0,0,0,0,0
43213,1000000US170318381002036,0,0,0,0,0,0,0,0,0,0,0,0,0,0,0,0,0,0
43214,1000000US170318381002037,0,0,0,0,0,0,0,0,0,0,0,0,0,0,0,0,0,0
43215,1000000US170318381002038,0,0,0,0,0,0,0,0,0,0,0,0,0,0,0,0,0,0
43216,1000000US170318381002039,0,0,0,0,0,0,0,0,0,0,0,0,0,0,0,0,0,0
43217,1000000US170318381002040,0,0,0,0,0,0,0,0,0,0,0,0,0,0,0,0,0,0
43218,1000000US170318381002041,0,0,0,0,0,0,0,0,0,0,0,0,0,0,0,0,0,0
43219,1000000US170318381002042,0,0,0,0,0,0,0,0,0,0,0,0,0,0,0,0,0,0
43220,1000000US170318381003000,0,0,0,0,0,0,0,0,0,0,0,0,0,0,0,0,0,0
43221,1000000US170318381003001,0,0,0,0,0,0,0,0,0,0,0,0,0,0,0,0,0,0
43222,1000000US170318381003002,0,0,0,0,0,0,0,0,0,0,0,0,0,0,0,0,0,0
43223,1000000US170318381003003,0,0,0,0,0,0,0,0,0,0,0,0,0,0,0,0,0,0
43224,1000000US170318381003004,0,0,0,0,0,0,0,0,0,0,0,0,0,0,0,0,0,0
43225,1000000US170318381003005,0,0,0,0,0,0,0,0,0,0,0,0,0,0,0,0,0,0
43226,1000000US170318381003006,0,0,0,0,0,0,0,0,0,0,0,0,0,0,0,0,0,0
43227,1000000US170318381003007,0,0,0,0,0,0,0,0,0,0,0,0,0,0,0,0,0,0
43228,1000000US170318381003008,0,0,0,0,0,0,0,0,0,0,0,0,0,0,0,0,0,0
43229,1000000US170318381003009,0,0,0,0,0,0,0,0,0,0,0,0,0,0,0,0,0,0
43230,1000000US170318381003010,0,0,0,0,0,0,0,0,0,0,0,0,0,0,0,0,0,0
43231,1000000US170318381003011,0,0,0,0,0,0,0,0,0,0,0,0,0,0,0,0,0,0
43232,1000000US170318381003012,0,0,0,0,0,0,0,0,0,0,0,0,0,0,0,0,0,0
43233,1000000US170318381003013,0,0,0,0,0,0,0,0,0,0,0,0,0,0,0,0,0,0
43234,1000000US170318381003014,353,25,26,2,299,1,4,349,0,4,328,7,306,174,132,395,2,0
43235,1000000US170318381003015,0,0,0,0,0,0,0,0,0,0,0,0,0,0,0,0,0,0
43236,1000000US170318381003016,0,0,0,0,0,0,0,0,0,0,0,0,0,0,0,0,0,0
43237,1000000US170318381003017,0,0,0,0,0,0,0,0,0,0,0,0,0,0,0,0,0,0
43238,1000000US170318381003018,0,0,0,0,0,0,0,0,0,0,0,0,0,0,0,0,0,0
43239,1000000US170318381003019,0,0,0,0,0,0,0,0,0,0,0,0,0,0,0,0,0,0
43240,1000000US170318381003020,0,0,0,0,0,0,0,0,0,0,0,0,0,0,0,0,0,0
43241,1000000US170318381003021,0,0,0,0,0,0,0,0,0,0,0,0,0,0,0,0,0,0
43242,1000000US170318381003022,0,0,0,0,0,0,0,0,0,0,0,0,13,0,13,0,0,0
43243,1000000US170318382001000,0,0,0,0,0,0,0,0,0,0,0,0,0,0,0,0,0,0
43244,1000000US170318382001001,0,0,0,0,0,0,0,0,0,0,0,0,0,0,0,0,0,0
43245,1000000US170318382001002,0,0,0,0,0,0,0,0,0,0,0,0,0,0,0,0,0,0
43246,1000000US170318382001003,0,0,0,0,0,0,0,0,0,0,0,0,0,0,0,0,0,0
43247,1000000US170318382001004,0,0,0,0,0,0,0,0,0,0,0,0,0,0,0,0,0,0
43248,1000000US170318382001005,0,0,0,0,0,0,0,0,0,0,0,0,0,0,0,0,0,0
43249,1000000US170318382001006,0,0,0,0,0,0,0,0,0,0,0,0,0,0,0,0,0,0
43250,1000000US170318382001007,0,0,0,0,0,0,0,0,0,0,0,0,0,0,0,0,0,0
43251,1000000US170318382001008,0,0,0,0,0,0,0,0,0,0,0,0,0,0,0,0,0,0
43252,1000000US170318382001009,0,0,0,0,0,0,0,0,0,0,0,0,0,0,0,0,0,0
43253,1000000US170318382001010,0,0,0,0,0,0,0,0,0,0,0,0,0,0,0,0,0,0
43254,1000000US170318382001011,0,0,0,0,0,0,0,0,0,0,0,0,0,0,0,0,0,0
43255,1000000US170318382001012,62,34,4,2,12,0,10,52,0,10,28,4,41,35,6,72,0,0
43256,1000000US170318382001013,59,27,13,0,17,1,3,56,0,3,32,1,36,29,7,69,0,0
43257,1000000US170318382001014,108,41,15,2,31,0,23,85,0,23,67,3,74,62,12,114,2,2
43258,1000000US170318382001015,33,13,0,0,11,0,9,24,0,9,20,1,18,18,0,37,0,0
43259,1000000US170318382001016,0,0,0,0,0,0,0,0,0,0,0,0,0,0,0,0,0,0
43260,1000000US170318382001017,28,11,1,0,10,0,7,21,0,7,17,2,17,15,2,34,0,1
43261,1000000US170318382001018,0,0,0,0,0,0,0,0,0,0,0,0,0,0,0,0,0,0
43262,1000000US170318382001019,3,1,1,0,0,0,1,2,0,1,2,0,3,3,0,3,0,0
43263,1000000US170318382001020,0,0,0,0,0,0,0,0,0,0,0,0,0,0,0,0,0,0
43264,1000000US170318382001021,0,0,0,0,0,0,0,0,0,0,0,0,0,0,0,0,0,0
43265,1000000US170318382001022,128,63,11,1,20,0,33,95,0,33,65,3,79,71,8,174,1,0
43266,1000000US170318382001023,92,33,11,3,12,0,36,56,0,36,59,6,54,45,9,125,1,0
43267,1000000US170318382001024,95,42,10,0,18,0,28,67,0,28,53,7,56,46,10,125,0,1
43268,1000000US170318382001025,0,0,0,0,0,0,0,0,0,0,0,0,0,0,0,0,0,0
43269,1000000US170318382002000,0,0,0,0,0,0,0,0,0,0,0,0,0,0,0,0,0,0
43270,1000000US170318382002001,0,0,0,0,0,0,0,0,0,0,0,0,0,0,0,0,0,0
43271,1000000US170318382002002,0,0,0,0,0,0,0,0,0,0,0,0,0,0,0,0,0,0
43272,1000000US170318382002003,0,0,0,0,0,0,0,0,0,0,0,0,0,0,0,0,0,0
43273,1000000US170318382002004,0,0,0,0,0,0,0,0,0,0,0,0,0,0,0,0,0,0
43274,1000000US170318382002005,0,0,0,0,0,0,0,0,0,0,0,0,0,0,0,0,0,0
43275,1000000US170318382002006,0,0,0,0,0,0,0,0,0,0,0,0,0,0,0,0,0,0
43276,1000000US170318382002007,0,0,0,0,0,0,0,0,0,0,0,0,0,0,0,0,0,0
43277,1000000US170318382002008,5,3,2,0,0,0,0,5,0,0,2,0,5,5,0,5,0,0
43278,1000000US170318382002009,13,7,5,0,0,0,1,12,0,1,6,0,12,12,0,13,0,0
43279,1000000US170318382002010,0,0,0,0,0,0,0,0,0,0,0,0,0,0,0,0,0,0
43280,1000000US170318382002011,0,0,0,0,0,0,0,0,0,0,0,0,0,0,0,0,0,0
43281,1000000US170318382002012,0,0,0,0,0,0,0,0,0,0,0,0,0,0,0,0,0,0
43282,1000000US170318382002013,0,0,0,0,0,0,0,0,0,0,0,0,0,0,0,0,0,0
43283,1000000US170318382002014,0,0,0,0,0,0,0,0,0,0,0,0,0,0,0,0,0,0
43284,1000000US170318382002015,0,0,0,0,0,0,0,0,0,0,0,0,0,0,0,0,0,0
43285,1000000US170318382002016,0,0,0,0,0,0,0,0,0,0,0,0,0,0,0,0,0,0
43286,1000000US170318382002017,0,0,0,0,0,0,0,0,0,0,0,0,0,0,0,0,0,0
43287,1000000US170318382002018,0,0,0,0,0,0,0,0,0,0,0,0,0,0,0,0,0,0
43288,1000000US170318382002019,0,0,0,0,0,0,0,0,0,0,0,0,0,0,0,0,0,0
43289,1000000US170318382002020,0,0,0,0,0,0,0,0,0,0,0,0,0,0,0,0,0,0
43290,1000000US170318382002021,554,201,104,9,193,0,60,494,0,60,353,34,0,0,0,555,8,5
43291,1000000US170318382002022,0,0,0,0,0,0,0,0,0,0,0,0,0,0,0,0,0,0
43292,1000000US170318382002023,0,0,0,0,0,0,0,0,0,0,0,0,0,0,0,0,0,0
43293,1000000US170318382002024,0,0,0,0,0,0,0,0,0,0,0,0,0,0,0,0,0,0
43294,1000000US170318382002025,0,0,0,0,0,0,0,0,0,0,0,0,0,0,0,0,0,0
43295,1000000US170318382002026,0,0,0,0,0,0,0,0,0,0,0,0,0,0,0,0,0,0
43296,1000000US170318382002027,0,0,0,0,0,0,0,0,0,0,0,0,0,0,0,0,0,0
43297,1000000US170318382002028,176,48,13,1,82,1,29,147,0,29,128,8,85,80,5,195,1,0
43298,1000000US170318382002029,0,0,0,0,0,0,0,0,0,0,0,0,0,0,0,0,0,0
43299,1000000US170318382002030,0,0,0,0,0,0,0,0,0,0,0,0,0,0,0,0,0,0
43300,1000000US170318382002031,0,0,0,0,0,0,0,0,0,0,0,0,0,0,0,0,0,0
43301,1000000US170318382002032,0,0,0,0,0,0,0,0,0,0,0,0,0,0,0,0,0,0
43302,1000000US170318382002033,0,0,0,0,0,0,0,0,0,0,0,0,0,0,0,0,0,0
43303,1000000US170318382002034,0,0,0,0,0,0,0,0,0,0,0,0,0,0,0,0,0,0
43304,1000000US170318382002035,0,0,0,0,0,0,0,0,0,0,0,0,0,0,0,0,0,0
43305,1000000US170318382002036,0,0,0,0,0,0,0,0,0,0,0,0,0,0,0,0,0,0
43306,1000000US170318382002037,0,0,0,0,0,0,0,0,0,0,0,0,0,0,0,0,0,0
43307,1000000US170318382002038,0,0,0,0,0,0,0,0,0,0,0,0,0,0,0,0,0,0
43308,1000000US170318382002039,0,0,0,0,0,0,0,0,0,0,0,0,0,0,0,0,0,0
43309,1000000US170318382002040,0,0,0,0,0,0,0,0,0,0,0,0,0,0,0,0,0,0
43310,1000000US170318382002041,0,0,0,0,0,0,0,0,0,0,0,0,0,0,0,0,0,0
43311,1000000US170318382002042,0,0,0,0,0,0,0,0,0,0,0,0,0,0,0,0,0,0
43312,1000000US170318382002043,0,0,0,0,0,0,0,0,0,0,0,0,0,0,0,0,0,0
43313,1000000US170318382002044,0,0,0,0,0,0,0,0,0,0,0,0,0,0,0,0,0,0
43314,1000000US170318382002045,0,0,0,0,0,0,0,0,0,0,0,0,0,0,0,0,0,0
43315,1000000US170318382002046,0,0,0,0,0,0,0,0,0,0,0,0,0,0,0,0,0,0
43316,1000000US170318382002047,0,0,0,0,0,0,0,0,0,0,0,0,0,0,0,0,0,0
43317,1000000US170318382002048,0,0,0,0,0,0,0,0,0,0,0,0,0,0,0,0,0,0
43318,1000000US170318382002049,0,0,0,0,0,0,0,0,0,0,0,0,0,0,0,0,0,0
43319,1000000US170318382002050,0,0,0,0,0,0,0,0,0,0,0,0,0,0,0,0,0,0
43320,1000000US170318382002051,0,0,0,0,0,0,0,0,0,0,0,0,0,0,0,0,0,0
43321,1000000US170318382002052,0,0,0,0,0,0,0,0,0,0,0,0,0,0,0,0,0,0
43322,1000000US170318382002053,48,17,7,0,18,0,8,40,0,8,31,1,20,20,0,57,0,2
43323,1000000US170318382002054,0,0,0,0,0,0,0,0,0,0,0,0,0,0,0,0,0,0
43324,1000000US170318382002055,0,0,0,0,0,0,0,0,0,0,0,0,0,0,0,0,0,0
43325,1000000US170318382002056,0,0,0,0,0,0,0,0,0,0,0,0,0,0,0,0,0,0
43326,1000000US170318382002057,0,0,0,0,0,0,0,0,0,0,0,0,0,0,0,0,0,0
43327,1000000US170318382002058,0,0,0,0,0,0,0,0,0,0,0,0,0,0,0,0,0,0
43328,1000000US170318382002059,0,0,0,0,0,0,0,0,0,0,0,0,0,0,0,0,0,0
43329,1000000US170318382002060,0,0,0,0,0,0,0,0,0,0,0,0,0,0,0,0,0,0
43330,1000000US170318383001000,0,0,0,0,0,0,0,0,0,0,0,0,0,0,0,0,0,0
43331,1000000US170318383001001,0,0,0,0,0,0,0,0,0,0,0,0,0,0,0,0,0,0
43332,1000000US170318383001002,135,46,66,4,13,0,11,124,0,11,89,6,135,81,54,164,4,3
43333,1000000US170318383001003,12,4,8,1,0,0,0,12,0,0,8,1,8,7,1,23,0,0
43334,1000000US170318383001004,137,42,82,1,7,0,6,131,0,6,95,1,108,75,33,190,1,0
43335,1000000US170318383001005,155,16,121,0,13,0,6,149,0,6,139,0,106,103,3,206,0,1
43336,1000000US170318383001006,0,0,0,0,0,0,0,0,0,0,0,0,0,0,0,0,0,0
43337,1000000US170318383001007,0,0,0,0,0,0,0,0,0,0,0,0,0,0,0,0,0,0
43338,1000000US170318383001008,5,2,3,0,0,0,0,5,0,0,3,0,4,3,1,12,0,0
43339,1000000US170318383001009,107,0,98,0,4,0,5,102,0,5,107,0,75,50,25,150,0,0
43340,1000000US170318383001010,0,0,0,0,0,0,0,0,0,0,0,0,0,0,0,0,0,0
43341,1000000US170318383001011,0,0,0,0,0,0,0,0,0,0,0,0,0,0,0,0,0,0
43342,1000000US170318383001012,29,22,4,0,1,0,2,27,0,2,7,0,19,15,4,32,0,0
43343,1000000US170318383001013,21,1,0,0,0,0,20,1,0,20,20,0,8,5,3,21,0,0
43344,1000000US170318383001014,46,7,1,0,0,0,38,8,0,38,39,0,12,12,0,57,0,0
43345,1000000US170318383001015,58,9,46,2,3,0,0,58,0,0,49,2,40,37,3,88,2,0
43346,1000000US170318383001016,0,0,0,0,0,0,0,0,0,0,0,0,0,0,0,0,0,0
43347,1000000US170318383001017,0,0,0,0,0,0,0,0,0,0,0,0,0,0,0,0,0,0
43348,1000000US170318383001018,0,0,0,0,0,0,0,0,0,0,0,0,0,0,0,0,0,0
43349,1000000US170318383002000,209,105,47,0,41,2,13,196,0,13,104,3,102,90,12,246,0,2
43350,1000000US170318383002001,399,144,158,8,62,3,38,361,0,38,255,15,211,189,22,424,3,8
43351,1000000US170318383002002,10,6,4,0,0,0,0,10,0,0,4,0,7,5,2,11,0,0
43352,1000000US170318383002003,0,0,0,0,0,0,0,0,0,0,0,0,0,0,0,0,0,0
43353,1000000US170318383002004,0,0,0,0,0,0,0,0,0,0,0,0,0,0,0,0,0,0
43354,1000000US170318383002005,6,3,3,0,0,0,0,6,0,0,3,0,4,4,0,7,0,0
43355,1000000US170318383002006,0,0,0,0,0,0,0,0,0,0,0,0,0,0,0,0,0,0
43356,1000000US170318383002007,0,0,0,0,0,0,0,0,0,0,0,0,0,0,0,0,0,0
43357,1000000US170318383002008,0,0,0,0,0,0,0,0,0,0,0,0,0,0,0,0,0,0
43358,1000000US170318383002009,0,0,0,0,0,0,0,0,0,0,0,0,0,0,0,0,0,0
43359,1000000US170318383002010,0,0,0,0,0,0,0,0,0,0,0,0,0,0,0,0,0,0
43360,1000000US170318383002011,0,0,0,0,0,0,0,0,0,0,0,0,0,0,0,0,0,0
43361,1000000US170318383002012,0,0,0,0,0,0,0,0,0,0,0,0,0,0,0,0,0,0
43362,1000000US170318386001000,0,0,0,0,0,0,0,0,0,0,0,0,0,0,0,0,0,0
43363,1000000US170318386001001,0,0,0,0,0,0,0,0,0,0,0,0,0,0,0,0,0,0
43364,1000000US170318386001002,45,10,32,0,0,0,3,42,0,3,35,0,35,25,10,71,0,0
43365,1000000US170318386001003,0,0,0,0,0,0,0,0,0,0,0,0,0,0,0,0,0,0
43366,1000000US170318386001004,12,0,12,0,0,0,0,12,0,0,12,0,9,7,2,23,0,0
43367,1000000US170318386001005,34,0,34,0,0,0,0,34,0,0,34,0,15,14,1,50,0,0
43368,1000000US170318386001006,80,2,78,0,0,0,0,80,0,0,78,0,56,40,16,99,0,0
43369,1000000US170318386001007,177,0,172,1,0,0,5,172,0,5,177,1,155,142,13,213,1,0
43370,1000000US170318386001008,0,0,0,0,0,0,0,0,0,0,0,0,0,0,0,0,0,0
43371,1000000US170318386001009,7,0,7,0,0,0,0,7,0,0,7,0,3,3,0,14,0,0
43372,1000000US170318386001010,9,0,8,1,0,0,0,9,0,0,9,1,9,7,2,10,0,0
43373,1000000US170318386001011,21,0,21,0,0,0,3,18,0,3,21,3,20,11,9,40,0,3
43374,1000000US170318386001012,45,2,43,0,0,0,0,45,0,0,43,0,24,20,4,55,0,0
43375,1000000US170318386001013,0,0,0,0,0,0,0,0,0,0,0,0,4,0,4,0,0,0
43376,1000000US170318386002000,0,0,0,0,0,0,0,0,0,0,0,0,0,0,0,0,0,0
43377,1000000US170318386002001,0,0,0,0,0,0,0,0,0,0,0,0,0,0,0,0,0,0
43378,1000000US170318386002002,72,0,72,0,0,0,0,72,0,0,72,0,38,31,7,125,0,0
43379,1000000US170318386002003,13,0,11,0,0,0,2,11,0,2,13,0,9,7,2,23,0,0
43380,1000000US170318386002004,27,2,23,0,0,0,2,25,0,2,25,0,24,13,11,38,0,0
43381,1000000US170318386002005,67,0,67,0,0,0,0,67,0,0,67,0,43,34,9,108,0,0
43382,1000000US170318386002006,1,0,1,0,0,0,0,1,0,0,1,0,3,1,2,1,0,0
43383,1000000US170318386002007,14,0,14,0,0,0,0,14,0,0,14,0,14,9,5,36,0,0
43384,1000000US170318386002008,54,0,54,0,0,0,0,54,0,0,54,0,38,31,7,111,0,0
43385,1000000US170318386002009,231,32,174,0,4,0,29,202,0,29,199,0,23,13,10,248,0,8
43386,1000000US170318386002010,24,0,23,2,1,0,1,23,0,1,24,3,27,19,8,48,0,0
43387,1000000US170318386002011,72,1,71,2,0,0,3,69,0,3,71,3,41,33,8,125,0,3
43388,1000000US170318386002012,0,0,0,0,0,0,0,0,0,0,0,0,0,0,0,0,0,0
43389,1000000US170318386002013,47,0,43,1,0,0,3,44,0,3,47,0,29,22,7,73,1,0
43390,1000000US170318386002014,51,0,48,2,0,0,2,49,0,2,51,1,28,24,4,87,2,0
43391,1000000US170318387001000,0,0,0,0,0,0,0,0,0,0,0,0,0,0,0,0,0,0
43392,1000000US170318387001001,0,0,0,0,0,0,0,0,0,0,0,0,0,0,0,0,0,0
43393,1000000US170318387001002,0,0,0,0,0,0,0,0,0,0,0,0,0,0,0,0,0,0
43394,1000000US170318387001003,75,0,73,3,0,0,0,75,0,0,75,1,63,38,25,111,3,0
43395,1000000US170318387001004,0,0,0,0,0,0,0,0,0,0,0,0,0,0,0,0,0,0
43396,1000000US170318387001005,66,0,66,0,0,0,4,62,0,4,66,3,36,35,1,106,0,4
43397,1000000US170318387001006,0,0,0,0,0,0,0,0,0,0,0,0,0,0,0,0,0,0
43398,1000000US170318387001007,61,0,59,2,0,0,0,61,0,0,61,0,27,23,4,88,2,0
43399,1000000US170318387001008,75,0,74,0,1,0,2,73,0,2,75,0,45,36,9,105,0,2
43400,1000000US170318387001009,34,0,33,1,0,0,1,33,0,1,34,0,15,14,1,60,1,0
43401,1000000US170318387001010,10,0,10,0,0,0,2,8,0,2,10,0,6,6,0,15,0,2
43402,1000000US170318387001011,230,0,226,2,0,0,4,226,0,4,230,2,140,123,17,436,1,0
43403,1000000US170318387001012,42,2,40,2,0,0,0,42,0,0,40,2,33,19,14,87,0,0
43404,1000000US170318387001013,53,0,53,0,0,0,0,53,0,0,53,1,34,19,15,82,0,0
43405,1000000US170318387001014,45,0,45,0,0,0,0,45,0,0,45,0,17,17,0,53,0,0
43406,1000000US170318387001015,26,0,26,0,0,0,0,26,0,0,26,0,16,11,5,35,0,0
43407,1000000US170318387001016,60,2,58,0,0,0,0,60,0,0,58,0,35,29,6,81,0,0
43408,1000000US170318387001017,43,1,40,0,0,0,2,41,0,2,42,0,29,24,5,55,0,0
43409,1000000US170318387001018,29,0,29,0,0,0,0,29,0,0,29,0,21,19,2,53,0,0
43410,1000000US170318387001019,25,0,25,0,0,0,0,25,0,0,25,0,19,13,6,36,0,0
43411,1000000US170318387001020,37,0,36,1,0,0,0,37,0,0,37,0,31,19,12,53,1,0
43412,1000000US170318387001021,47,0,46,1,0,0,1,46,0,1,47,0,28,23,5,65,1,0
43413,1000000US170318387001022,90,0,89,2,0,0,2,88,0,2,90,2,56,53,3,168,0,1
43414,1000000US170318387001023,10,0,10,0,0,0,0,10,0,0,10,0,22,4,18,14,0,0
43415,1000000US170318387001024,0,0,0,0,0,0,0,0,0,0,0,0,0,0,0,0,0,0
43416,1000000US170318387001025,0,0,0,0,0,0,0,0,0,0,0,0,0,0,0,0,0,0
43417,1000000US170318387001026,0,0,0,0,0,0,0,0,0,0,0,0,0,0,0,0,0,0
43418,1000000US170318387001027,0,0,0,0,0,0,0,0,0,0,0,0,0,0,0,0,0,0
43419,1000000US170318387001028,44,0,42,3,2,3,1,43,0,1,44,3,33,20,13,73,0,0
43420,1000000US170318387001029,18,0,18,0,0,0,0,18,0,0,18,0,15,13,2,32,0,0
43421,1000000US170318387001030,51,0,51,0,0,0,0,51,0,0,51,0,34,23,11,67,0,0
43422,1000000US170318387001031,24,0,24,0,0,0,0,24,0,0,24,0,19,7,12,38,0,0
43423,1000000US170318387001032,0,0,0,0,0,0,0,0,0,0,0,0,0,0,0,0,0,0
43424,1000000US170318387001033,0,0,0,0,0,0,0,0,0,0,0,0,0,0,0,0,0,0
43425,1000000US170318387001034,0,0,0,0,0,0,0,0,0,0,0,0,0,0,0,0,0,0
43426,1000000US170318387001035,0,0,0,0,0,0,0,0,0,0,0,0,0,0,0,0,0,0
43427,1000000US170318387001036,0,0,0,0,0,0,0,0,0,0,0,0,0,0,0,0,0,0
43428,1000000US170318387001037,0,0,0,0,0,0,0,0,0,0,0,0,0,0,0,0,0,0
43429,1000000US170318387002000,62,0,62,0,0,0,0,62,0,0,62,0,40,24,16,91,0,0
43430,1000000US170318387002001,10,0,10,0,0,0,0,10,0,0,10,0,13,5,8,26,0,0
43431,1000000US170318387002002,30,2,28,1,0,0,0,30,0,0,28,1,16,14,2,51,0,0
43432,1000000US170318387002003,23,0,23,0,1,0,0,23,0,0,23,1,16,9,7,32,0,0
43433,1000000US170318387002004,22,0,22,0,0,0,0,22,0,0,22,0,9,9,0,30,0,0
43434,1000000US170318387002005,57,0,56,0,0,0,1,56,0,1,57,0,32,24,8,73,0,0
43435,1000000US170318387002006,65,0,65,0,0,1,0,65,0,0,65,1,42,35,7,103,0,0
43436,1000000US170318387002007,52,0,52,0,0,0,0,52,0,0,52,0,37,24,13,81,0,0
43437,1000000US170318387002008,58,0,56,0,0,0,2,56,0,2,58,0,29,21,8,95,0,0
43438,1000000US170318387002009,31,0,31,0,0,0,1,30,0,1,31,1,25,15,10,45,0,1
43439,1000000US170318387002010,24,0,24,0,0,0,0,24,0,0,24,0,12,11,1,44,0,0
43440,1000000US170318387002011,29,0,23,0,0,0,6,23,0,6,29,0,18,14,4,47,0,0
43441,1000000US170318387002012,5,0,5,0,0,0,0,5,0,0,5,0,5,2,3,5,0,0
43442,1000000US170318387002013,19,0,19,0,0,0,0,19,0,0,19,0,16,11,5,25,0,0
43443,1000000US170318387002014,71,0,71,0,0,0,0,71,0,0,71,0,35,30,5,121,0,0
43444,1000000US170318387002015,39,0,39,0,0,0,0,39,0,0,39,0,28,17,11,52,0,0
43445,1000000US170318387002016,36,0,36,0,1,0,0,36,0,0,36,1,27,14,13,51,0,0
43446,1000000US170318387002017,73,0,71,0,0,0,2,71,0,2,73,0,48,34,14,110,0,0
43447,1000000US170318387002018,0,0,0,0,0,0,0,0,0,0,0,0,0,0,0,0,0,0
43448,1000000US170318387002019,7,0,7,0,0,0,0,7,0,0,7,0,6,4,2,7,0,0
43449,1000000US170318387003000,0,0,0,0,0,0,0,0,0,0,0,0,0,0,0,0,0,0
43450,1000000US170318387003001,0,0,0,0,0,0,0,0,0,0,0,0,4,0,4,0,0,0
43451,1000000US170318387003002,0,0,0,0,0,0,0,0,0,0,0,0,4,0,4,0,0,0
43452,1000000US170318387003003,39,0,39,2,0,0,0,39,0,0,39,2,31,18,13,62,0,0
43453,1000000US170318387003004,46,0,46,0,0,0,0,46,0,0,46,0,40,30,10,61,0,0
43454,1000000US170318387003005,60,1,59,0,0,0,2,58,0,2,59,0,35,29,6,92,0,2
43455,1000000US170318387003006,62,1,61,0,0,0,0,62,0,0,61,0,35,29,6,85,0,0
43456,1000000US170318387003007,42,7,35,0,0,0,0,42,0,0,35,0,27,23,4,66,0,0
43457,1000000US170318387003008,0,0,0,0,0,0,0,0,0,0,0,0,0,0,0,0,0,0
43458,1000000US170318387003009,0,0,0,0,0,0,0,0,0,0,0,0,0,0,0,0,0,0
43459,1000000US170318387003010,113,0,113,0,0,0,0,113,0,0,113,0,91,84,7,133,0,0
43460,1000000US170318387003011,35,0,30,0,0,0,5,30,0,5,35,0,17,15,2,49,0,0
43461,1000000US170318387003012,58,1,52,0,0,0,5,53,0,5,57,0,35,29,6,106,0,0
43462,1000000US170318387003013,17,0,17,0,0,0,0,17,0,0,17,0,9,9,0,21,0,0
43463,1000000US170318387003014,17,0,16,1,0,0,1,16,0,1,17,0,14,9,5,21,1,0
43464,1000000US170318387004000,51,0,51,0,0,0,0,51,0,0,51,0,28,20,8,73,0,0
43465,1000000US170318387004001,28,0,27,1,0,0,0,28,0,0,28,0,22,10,12,44,1,0
43466,1000000US170318387004002,2,0,2,0,0,0,0,2,0,0,2,0,4,1,3,2,0,0
43467,1000000US170318387004003,80,3,75,1,0,0,2,78,0,2,77,1,56,42,14,115,1,0
43468,1000000US170318387004004,67,1,66,0,0,0,0,67,0,0,66,0,39,27,12,92,0,0
43469,1000000US170318387004005,29,0,29,0,0,0,0,29,0,0,29,0,17,14,3,41,0,0
43470,1000000US170318387004006,23,0,23,0,0,0,0,23,0,0,23,0,14,13,1,42,0,0
43471,1000000US170318387004007,11,0,11,0,0,0,0,11,0,0,11,0,9,8,1,15,0,0
43472,1000000US170318387004008,21,1,20,0,0,0,0,21,0,0,20,0,14,11,3,35,0,0
43473,1000000US170318387004009,62,0,62,0,0,0,0,62,0,0,62,0,43,31,12,95,0,0
43474,1000000US170318387004010,56,0,56,0,0,0,0,56,0,0,56,0,41,26,15,91,0,0
43475,1000000US170318387004011,60,0,60,0,0,0,2,58,0,2,60,0,41,32,9,100,0,2
43476,1000000US170318387004012,0,0,0,0,0,0,0,0,0,0,0,0,2,0,2,0,0,0
43477,1000000US170318387004013,26,0,26,0,0,0,0,26,0,0,26,0,18,14,4,41,0,0
43478,1000000US170318388001000,35,1,6,0,0,1,28,7,0,28,34,1,16,13,3,48,0,0
43479,1000000US170318388001001,7,0,0,0,0,0,7,0,0,7,7,0,2,2,0,7,0,0
43480,1000000US170318388001002,33,4,14,0,0,0,21,12,0,21,29,1,8,8,0,44,0,6
43481,1000000US170318388001003,24,1,9,1,0,0,13,11,0,13,23,1,10,10,0,24,1,0
43482,1000000US170318388001004,34,1,6,0,0,0,29,5,0,29,33,0,16,14,2,55,0,2
43483,1000000US170318388001005,33,1,12,0,0,0,22,11,0,22,32,0,15,13,2,43,0,2
43484,1000000US170318388001006,38,2,2,0,0,0,34,4,0,34,36,0,20,19,1,50,0,0
43485,1000000US170318388001007,42,1,2,0,0,0,39,3,0,39,41,2,22,22,0,74,0,0
43486,1000000US170318388001008,32,0,8,0,0,0,24,8,0,24,32,0,22,20,2,55,0,0
43487,1000000US170318388001009,59,2,3,3,1,0,51,8,0,51,57,2,23,22,1,85,2,0
43488,1000000US170318388001010,0,0,0,0,0,0,0,0,0,0,0,0,0,0,0,0,0,0
43489,1000000US170318388001011,30,2,17,0,0,0,15,15,0,15,28,0,14,13,1,51,0,4
43490,1000000US170318388001012,32,7,6,0,0,0,19,13,0,19,25,0,19,15,4,52,0,0
43491,1000000US170318388001013,53,3,12,0,0,0,38,15,0,38,50,2,35,23,12,84,0,0
43492,1000000US170318388002000,0,0,0,0,0,0,0,0,0,0,0,0,0,0,0,0,0,0
43493,1000000US170318388002001,0,0,0,0,0,0,0,0,0,0,0,0,0,0,0,0,0,0
43494,1000000US170318388002002,0,0,0,0,0,0,0,0,0,0,0,0,0,0,0,0,0,0
43495,1000000US170318388002003,0,0,0,0,0,0,0,0,0,0,0,0,0,0,0,0,0,0
43496,1000000US170318388002004,0,0,0,0,0,0,0,0,0,0,0,0,0,0,0,0,0,0
43497,1000000US170318388002005,0,0,0,0,0,0,0,0,0,0,0,0,0,0,0,0,0,0
43498,1000000US170318388002006,0,0,0,0,0,0,0,0,0,0,0,0,0,0,0,0,0,0
43499,1000000US170318388002007,0,0,0,0,0,0,0,0,0,0,0,0,0,0,0,0,0,0
43500,1000000US170318388002008,0,0,0,0,0,0,0,0,0,0,0,0,0,0,0,0,0,0
43501,1000000US170318388002009,0,0,0,0,0,0,0,0,0,0,0,0,0,0,0,0,0,0
43502,1000000US170318388002010,62,6,1,2,0,0,56,6,0,56,56,0,34,22,12,82,2,1
43503,1000000US170318388002011,16,0,11,0,0,0,5,11,0,5,16,0,17,7,10,26,0,0
43504,1000000US170318388002012,24,1,14,0,0,0,9,15,0,9,23,0,16,12,4,43,0,0
43505,1000000US170318388002013,26,0,4,0,0,0,22,4,0,22,26,0,15,10,5,37,0,0
43506,1000000US170318388002014,26,1,7,0,0,0,18,8,0,18,25,1,16,12,4,34,0,0
43507,1000000US170318388002015,14,0,2,0,1,0,11,3,0,11,14,4,13,9,4,18,0,0
43508,1000000US170318388002016,23,1,19,0,0,0,4,19,0,4,22,1,18,16,2,39,0,1
43509,1000000US170318388002017,0,0,0,0,0,0,0,0,0,0,0,0,0,0,0,0,0,0
43510,1000000US170318388002018,3,0,2,0,0,0,1,2,0,1,3,0,2,2,0,3,0,0
43511,1000000US170318388002019,2,0,0,0,0,0,2,0,0,2,2,0,1,1,0,2,0,0
43512,1000000US170318388002020,16,0,0,0,0,0,16,0,0,16,16,0,9,8,1,19,0,0
43513,1000000US170318388002021,60,2,56,0,0,0,4,56,0,4,58,2,38,33,5,76,0,2
43514,1000000US170318388002022,73,0,73,0,0,0,0,73,0,0,73,0,49,43,6,182,0,0
43515,1000000US170318388002023,27,0,23,1,0,0,5,22,0,5,27,1,12,12,0,29,1,1
43516,1000000US170318388002024,3,3,0,0,0,0,0,3,0,0,0,0,1,1,0,3,0,0
43517,1000000US170318388002025,15,0,15,0,0,0,0,15,0,0,15,1,7,7,0,18,0,0
43518,1000000US170318388002026,36,0,36,0,0,0,0,36,0,0,36,0,16,16,0,54,0,0
43519,1000000US170318388002027,23,0,23,0,0,0,0,23,0,0,23,0,10,8,2,31,0,0
43520,1000000US170318388002028,0,0,0,0,0,0,0,0,0,0,0,0,0,0,0,0,0,0
43521,1000000US170318388002029,42,0,37,0,0,0,6,36,0,6,42,1,18,18,0,60,0,1
43522,1000000US170318388002030,34,0,27,1,0,0,7,27,0,7,34,2,17,13,4,47,0,0
43523,1000000US170318388002031,29,3,17,0,0,0,10,19,0,10,26,0,17,15,2,39,0,1
43524,1000000US170318388002032,37,5,20,2,0,0,13,24,0,13,32,0,14,14,0,54,2,3
43525,1000000US170318388002033,38,3,11,0,0,0,24,14,0,24,35,0,19,16,3,49,0,0
43526,1000000US170318388002034,31,1,18,2,0,0,13,18,0,13,30,2,15,15,0,41,0,2
43527,1000000US170318388002035,53,1,11,4,0,0,41,12,0,41,52,11,25,22,3,72,4,0
43528,1000000US170318388002036,34,2,10,2,0,0,22,12,0,22,32,4,15,14,1,44,2,0
43529,1000000US170318388002037,54,0,19,0,0,0,35,19,0,35,54,0,20,18,2,68,0,0
43530,1000000US170318388002038,36,2,18,1,2,0,16,20,0,16,34,3,24,22,2,50,1,0
43531,1000000US170318388002039,34,0,12,0,0,0,22,12,0,22,34,2,14,14,0,47,0,0
43532,1000000US170318388002040,33,1,15,2,0,0,17,16,0,17,32,4,16,15,1,39,2,0
43533,1000000US170318388002041,0,0,0,0,0,0,0,0,0,0,0,0,0,0,0,0,0,0
43534,1000000US170318388002042,0,0,0,0,0,0,0,0,0,0,0,0,0,0,0,0,0,0
43535,1000000US170318388002043,42,0,1,0,0,0,41,1,0,41,42,0,20,15,5,50,0,0
43536,1000000US170318388002044,48,1,0,0,2,0,45,3,0,45,47,2,22,20,2,62,0,0
43537,1000000US170318388002045,35,1,3,0,0,0,31,4,0,31,34,0,19,18,1,52,0,0
43538,1000000US170318388002046,27,1,10,0,1,0,16,11,0,16,26,2,15,14,1,45,0,0
43539,1000000US170318388002047,32,0,12,0,0,0,20,12,0,20,32,0,12,12,0,42,0,0
43540,1000000US170318388002048,21,3,10,4,0,0,8,13,0,8,18,5,10,8,2,36,4,0
43541,1000000US170318388002049,16,0,12,0,0,0,4,12,0,4,16,0,7,7,0,21,0,0
43542,1000000US170318388002050,36,1,33,0,0,0,2,34,0,2,35,0,32,28,4,45,0,0
43543,1000000US170318388002051,135,1,129,1,0,0,6,129,0,6,134,7,115,91,24,259,0,1
43544,1000000US170318388002052,82,1,79,2,0,0,1,81,0,1,81,2,60,55,5,141,2,1
43545,1000000US170318388002053,101,0,98,2,0,0,4,97,0,4,101,2,75,67,8,152,2,1
43546,1000000US170318388002054,109,10,84,3,0,0,13,96,0,13,99,6,81,79,2,155,3,0
43547,1000000US170318388002055,3,0,0,0,0,0,3,0,0,3,3,0,1,1,0,5,0,0
43548,1000000US170318388002056,18,0,2,0,0,0,16,2,0,16,18,0,14,10,4,38,0,0
43549,1000000US170318388002057,19,0,6,0,0,0,13,6,0,13,19,0,8,8,0,19,0,0
43550,1000000US170318388002058,30,0,30,0,0,0,0,30,0,0,30,0,14,13,1,51,0,0
43551,1000000US170318388002059,11,0,2,0,0,0,9,2,0,9,11,0,8,6,2,15,0,0
43552,1000000US170318388002060,23,2,2,0,0,0,19,4,0,19,21,0,10,9,1,30,0,0
43553,1000000US170318388002061,0,0,0,0,0,0,0,0,0,0,0,0,0,0,0,0,0,0
43554,1000000US170318388002062,0,0,0,0,0,0,0,0,0,0,0,0,0,0,0,0,0,0
43555,1000000US170318388002063,0,0,0,0,0,0,0,0,0,0,0,0,0,0,0,0,0,0
43556,1000000US170318388002064,10,7,3,0,0,0,0,10,0,0,3,0,4,4,0,10,0,0
43557,1000000US170318388002065,5,5,0,0,0,0,0,5,0,0,0,0,3,3,0,6,0,0
43558,1000000US170318388002066,4,2,0,0,1,0,2,2,0,2,2,1,3,2,1,6,0,0
43559,1000000US170318388002067,6,6,0,0,0,0,0,6,0,0,0,0,5,4,1,9,0,0
43560,1000000US170318388002068,0,0,0,0,0,0,0,0,0,0,0,0,0,0,0,0,0,0
43561,1000000US170318388002069,0,0,0,0,0,0,0,0,0,0,0,0,0,0,0,0,0,0
43562,1000000US170318388002070,0,0,0,0,0,0,0,0,0,0,0,0,0,0,0,0,0,0
43563,1000000US170318388002071,0,0,0,0,0,0,0,0,0,0,0,0,0,0,0,0,0,0
43564,1000000US170318388002072,0,0,0,0,0,0,0,0,0,0,0,0,0,0,0,0,0,0
43565,1000000US170318388002073,0,0,0,0,0,0,0,0,0,0,0,0,0,0,0,0,0,0
43566,1000000US170318388002074,0,0,0,0,0,0,0,0,0,0,0,0,0,0,0,0,0,0
43567,1000000US170318388002075,0,0,0,0,0,0,0,0,0,0,0,0,0,0,0,0,0,0
43568,1000000US170318388002076,0,0,0,0,0,0,0,0,0,0,0,0,0,0,0,0,0,0
43569,1000000US170318388002077,0,0,0,0,0,0,0,0,0,0,0,0,0,0,0,0,0,0
43570,1000000US170318388002078,0,0,0,0,0,0,0,0,0,0,0,0,0,0,0,0,0,0
43571,1000000US170318388002079,0,0,0,0,0,0,0,0,0,0,0,0,0,0,0,0,0,0
43572,1000000US170318388002080,0,0,0,0,0,0,0,0,0,0,0,0,0,0,0,0,0,0
43573,1000000US170318388002081,0,0,0,0,0,0,0,0,0,0,0,0,0,0,0,0,0,0
43574,1000000US170318388002082,0,0,0,0,0,0,0,0,0,0,0,0,0,0,0,0,0,0
43575,1000000US170318388002083,0,0,0,0,0,0,0,0,0,0,0,0,0,0,0,0,0,0
43576,1000000US170318388002084,0,0,0,0,0,0,0,0,0,0,0,0,0,0,0,0,0,0
43577,1000000US170318388002085,0,0,0,0,0,0,0,0,0,0,0,0,0,0,0,0,0,0
43578,1000000US170318388002086,0,0,0,0,0,0,0,0,0,0,0,0,0,0,0,0,0,0
43579,1000000US170318388002087,0,0,0,0,0,0,0,0,0,0,0,0,0,0,0,0,0,0
43580,1000000US170318388002088,0,0,0,0,0,0,0,0,0,0,0,0,0,0,0,0,0,0
43581,1000000US170318388002089,0,0,0,0,0,0,0,0,0,0,0,0,0,0,0,0,0,0
43582,1000000US170318388002090,5,4,1,0,0,0,0,5,0,0,1,0,5,4,1,6,0,0
43583,1000000US170318388002091,0,0,0,0,0,0,0,0,0,0,0,0,0,0,0,0,0,0
43584,1000000US170318388002092,0,0,0,0,0,0,0,0,0,0,0,0,0,0,0,0,0,0
43585,1000000US170318388002093,0,0,0,0,0,0,0,0,0,0,0,0,0,0,0,0,0,0
43586,1000000US170318388002094,0,0,0,0,0,0,0,0,0,0,0,0,0,0,0,0,0,0
43587,1000000US170318388002095,0,0,0,0,0,0,0,0,0,0,0,0,0,0,0,0,0,0
43588,1000000US170318388002096,0,0,0,0,0,0,0,0,0,0,0,0,0,0,0,0,0,0
43589,1000000US170318388002097,0,0,0,0,0,0,0,0,0,0,0,0,0,0,0,0,0,0
43590,1000000US170318388002098,0,0,0,0,0,0,0,0,0,0,0,0,0,0,0,0,0,0
43591,1000000US170318388002099,0,0,0,0,0,0,0,0,0,0,0,0,0,0,0,0,0,0
43592,1000000US170318388002100,0,0,0,0,0,0,0,0,0,0,0,0,0,0,0,0,0,0
43593,1000000US170318388002101,0,0,0,0,0,0,0,0,0,0,0,0,0,0,0,0,0,0
43594,1000000US170318388002102,0,0,0,0,0,0,0,0,0,0,0,0,0,0,0,0,0,0
43595,1000000US170318388002103,0,0,0,0,0,0,0,0,0,0,0,0,0,0,0,0,0,0
43596,1000000US170318388002104,0,0,0,0,0,0,0,0,0,0,0,0,0,0,0,0,0,0
43597,1000000US170318388002105,0,0,0,0,0,0,0,0,0,0,0,0,0,0,0,0,0,0
43598,1000000US170318388002106,0,0,0,0,0,0,0,0,0,0,0,0,0,0,0,0,0,0
43599,1000000US170318388002107,0,0,0,0,0,0,0,0,0,0,0,0,0,0,0,0,0,0
43600,1000000US170318388002108,0,0,0,0,0,0,0,0,0,0,0,0,0,0,0,0,0,0
43601,1000000US170318388002109,0,0,0,0,0,0,0,0,0,0,0,0,0,0,0,0,0,0
43602,1000000US170318388002110,0,0,0,0,0,0,0,0,0,0,0,0,0,0,0,0,0,0
43603,1000000US170318388002111,0,0,0,0,0,0,0,0,0,0,0,0,0,0,0,0,0,0
43604,1000000US170318388002112,0,0,0,0,0,0,0,0,0,0,0,0,0,0,0,0,0,0
43605,1000000US170318388002113,0,0,0,0,0,0,0,0,0,0,0,0,0,0,0,0,0,0
43606,1000000US170318388002114,0,0,0,0,0,0,0,0,0,0,0,0,0,0,0,0,0,0
43607,1000000US170318388002115,0,0,0,0,0,0,0,0,0,0,0,0,0,0,0,0,0,0
43608,1000000US170318388002116,0,0,0,0,0,0,0,0,0,0,0,0,0,0,0,0,0,0
43609,1000000US170318388002117,0,0,0,0,0,0,0,0,0,0,0,0,0,0,0,0,0,0
43610,1000000US170318388002118,0,0,0,0,0,0,0,0,0,0,0,0,0,0,0,0,0,0
43611,1000000US170318388002119,0,0,0,0,0,0,0,0,0,0,0,0,0,0,0,0,0,0
43612,1000000US170318388002120,0,0,0,0,0,0,0,0,0,0,0,0,0,0,0,0,0,0
43613,1000000US170318388002121,0,0,0,0,0,0,0,0,0,0,0,0,0,0,0,0,0,0
43614,1000000US170318388002122,0,0,0,0,0,0,0,0,0,0,0,0,0,0,0,0,0,0
43615,1000000US170318388002123,0,0,0,0,0,0,0,0,0,0,0,0,0,0,0,0,0,0
43616,1000000US170318388002124,0,0,0,0,0,0,0,0,0,0,0,0,0,0,0,0,0,0
43617,1000000US170318388002125,0,0,0,0,0,0,0,0,0,0,0,0,0,0,0,0,0,0
43618,1000000US170318388002126,0,0,0,0,0,0,0,0,0,0,0,0,0,0,0,0,0,0
43619,1000000US170318388002127,0,0,0,0,0,0,0,0,0,0,0,0,0,0,0,0,0,0
43620,1000000US170318388002128,0,0,0,0,0,0,0,0,0,0,0,0,0,0,0,0,0,0
43621,1000000US170318388002129,0,0,0,0,0,0,0,0,0,0,0,0,0,0,0,0,0,0
43622,1000000US170318388002130,0,0,0,0,0,0,0,0,0,0,0,0,0,0,0,0,0,0
43623,1000000US170318388002131,0,0,0,0,0,0,0,0,0,0,0,0,0,0,0,0,0,0
43624,1000000US170318388002132,0,0,0,0,0,0,0,0,0,0,0,0,0,0,0,0,0,0
43625,1000000US170318388002133,0,0,0,0,0,0,0,0,0,0,0,0,0,0,0,0,0,0
43626,1000000US170318388002134,0,0,0,0,0,0,0,0,0,0,0,0,0,0,0,0,0,0
43627,1000000US170318388002135,0,0,0,0,0,0,0,0,0,0,0,0,0,0,0,0,0,0
43628,1000000US170318388002136,0,0,0,0,0,0,0,0,0,0,0,0,0,0,0,0,0,0
43629,1000000US170318388002137,0,0,0,0,0,0,0,0,0,0,0,0,0,0,0,0,0,0
43630,1000000US170318388002138,0,0,0,0,0,0,0,0,0,0,0,0,0,0,0,0,0,0
43631,1000000US170318388002139,0,0,0,0,0,0,0,0,0,0,0,0,0,0,0,0,0,0
43632,1000000US170318388002140,0,0,0,0,0,0,0,0,0,0,0,0,0,0,0,0,0,0
43633,1000000US170318388002141,0,0,0,0,0,0,0,0,0,0,0,0,0,0,0,0,0,0
43634,1000000US170318388002142,0,0,0,0,0,0,0,0,0,0,0,0,0,0,0,0,0,0
43635,1000000US170318388002143,0,0,0,0,0,0,0,0,0,0,0,0,0,0,0,0,0,0
43636,1000000US170318388002144,0,0,0,0,0,0,0,0,0,0,0,0,0,0,0,0,0,0
43637,1000000US170318388002145,0,0,0,0,0,0,0,0,0,0,0,0,0,0,0,0,0,0
43638,1000000US170318388002146,0,0,0,0,0,0,0,0,0,0,0,0,0,0,0,0,0,0
43639,1000000US170318388002147,0,0,0,0,0,0,0,0,0,0,0,0,0,0,0,0,0,0
43640,1000000US170318388002148,0,0,0,0,0,0,0,0,0,0,0,0,0,0,0,0,0,0
43641,1000000US170318388002149,0,0,0,0,0,0,0,0,0,0,0,0,0,0,0,0,0,0
43642,1000000US170318388002150,0,0,0,0,0,0,0,0,0,0,0,0,0,0,0,0,0,0
43643,1000000US170318388002151,0,0,0,0,0,0,0,0,0,0,0,0,0,0,0,0,0,0
43644,1000000US170318388002152,0,0,0,0,0,0,0,0,0,0,0,0,0,0,0,0,0,0
43645,1000000US170318388002153,0,0,0,0,0,0,0,0,0,0,0,0,0,0,0,0,0,0
43646,1000000US170318388002154,0,0,0,0,0,0,0,0,0,0,0,0,0,0,0,0,0,0
43647,1000000US170318388002155,0,0,0,0,0,0,0,0,0,0,0,0,0,0,0,0,0,0
43648,1000000US170318388002156,0,0,0,0,0,0,0,0,0,0,0,0,0,0,0,0,0,0
43649,1000000US170318388002157,0,0,0,0,0,0,0,0,0,0,0,0,0,0,0,0,0,0
43650,1000000US170318388002158,0,0,0,0,0,0,0,0,0,0,0,0,0,0,0,0,0,0
43651,1000000US170318388002159,0,0,0,0,0,0,0,0,0,0,0,0,0,0,0,0,0,0
43652,1000000US170318388002160,0,0,0,0,0,0,0,0,0,0,0,0,0,0,0,0,0,0
43653,1000000US170318388002161,0,0,0,0,0,0,0,0,0,0,0,0,0,0,0,0,0,0
43654,1000000US170318388002162,0,0,0,0,0,0,0,0,0,0,0,0,0,0,0,0,0,0
43655,1000000US170318388002163,0,0,0,0,0,0,0,0,0,0,0,0,0,0,0,0,0,0
43656,1000000US170318388002164,0,0,0,0,0,0,0,0,0,0,0,0,0,0,0,0,0,0
43657,1000000US170318388002165,0,0,0,0,0,0,0,0,0,0,0,0,0,0,0,0,0,0
43658,1000000US170318388002166,0,0,0,0,0,0,0,0,0,0,0,0,0,0,0,0,0,0
43659,1000000US170318388002167,0,0,0,0,0,0,0,0,0,0,0,0,0,0,0,0,0,0
43660,1000000US170318388002168,0,0,0,0,0,0,0,0,0,0,0,0,0,0,0,0,0,0
43661,1000000US170318388002169,0,0,0,0,0,0,0,0,0,0,0,0,0,0,0,0,0,0
43662,1000000US170318388002170,0,0,0,0,0,0,0,0,0,0,0,0,0,0,0,0,0,0
43663,1000000US170318388002171,0,0,0,0,0,0,0,0,0,0,0,0,0,0,0,0,0,0
43664,1000000US170318388002172,0,0,0,0,0,0,0,0,0,0,0,0,0,0,0,0,0,0
43665,1000000US170318388002173,0,0,0,0,0,0,0,0,0,0,0,0,0,0,0,0,0,0
43666,1000000US170318388002174,0,0,0,0,0,0,0,0,0,0,0,0,0,0,0,0,0,0
43667,1000000US170318388002175,0,0,0,0,0,0,0,0,0,0,0,0,0,0,0,0,0,0
43668,1000000US170318388002176,0,0,0,0,0,0,0,0,0,0,0,0,0,0,0,0,0,0
43669,1000000US170318388002177,0,0,0,0,0,0,0,0,0,0,0,0,0,0,0,0,0,0
43670,1000000US170318388002178,0,0,0,0,0,0,0,0,0,0,0,0,0,0,0,0,0,0
43671,1000000US170318388002179,0,0,0,0,0,0,0,0,0,0,0,0,0,0,0,0,0,0
43672,1000000US170318388002180,0,0,0,0,0,0,0,0,0,0,0,0,0,0,0,0,0,0
43673,1000000US170318388002181,0,0,0,0,0,0,0,0,0,0,0,0,0,0,0,0,0,0
43674,1000000US170318388002182,0,0,0,0,0,0,0,0,0,0,0,0,0,0,0,0,0,0
43675,1000000US170318388002183,0,0,0,0,0,0,0,0,0,0,0,0,0,0,0,0,0,0
43676,1000000US170318388002184,0,0,0,0,0,0,0,0,0,0,0,0,0,0,0,0,0,0
43677,1000000US170318388002185,0,0,0,0,0,0,0,0,0,0,0,0,0,0,0,0,0,0
43678,1000000US170318388002186,0,0,0,0,0,0,0,0,0,0,0,0,0,0,0,0,0,0
43679,1000000US170318388002187,0,0,0,0,0,0,0,0,0,0,0,0,0,0,0,0,0,0
43680,1000000US170318388002188,0,0,0,0,0,0,0,0,0,0,0,0,0,0,0,0,0,0
43681,1000000US170318388002189,0,0,0,0,0,0,0,0,0,0,0,0,0,0,0,0,0,0
43682,1000000US170318388002190,0,0,0,0,0,0,0,0,0,0,0,0,0,0,0,0,0,0
43683,1000000US170318388002191,0,0,0,0,0,0,0,0,0,0,0,0,0,0,0,0,0,0
43684,1000000US170318388002192,0,0,0,0,0,0,0,0,0,0,0,0,0,0,0,0,0,0
43685,1000000US170318388002193,0,0,0,0,0,0,0,0,0,0,0,0,0,0,0,0,0,0
43686,1000000US170318388002194,0,0,0,0,0,0,0,0,0,0,0,0,0,0,0,0,0,0
43687,1000000US170318388002195,0,0,0,0,0,0,0,0,0,0,0,0,0,0,0,0,0,0
43688,1000000US170318388002196,0,0,0,0,0,0,0,0,0,0,0,0,0,0,0,0,0,0
43689,1000000US170318388002197,0,0,0,0,0,0,0,0,0,0,0,0,0,0,0,0,0,0
43690,1000000US170318388002198,0,0,0,0,0,0,0,0,0,0,0,0,0,0,0,0,0,0
43691,1000000US170318388002199,0,0,0,0,0,0,0,0,0,0,0,0,0,0,0,0,0,0
43692,1000000US170318388002200,0,0,0,0,0,0,0,0,0,0,0,0,0,0,0,0,0,0
43693,1000000US170318388002201,0,0,0,0,0,0,0,0,0,0,0,0,0,0,0,0,0,0
43694,1000000US170318388002202,0,0,0,0,0,0,0,0,0,0,0,0,0,0,0,0,0,0
43695,1000000US170318388002203,0,0,0,0,0,0,0,0,0,0,0,0,0,0,0,0,0,0
43696,1000000US170318388002204,0,0,0,0,0,0,0,0,0,0,0,0,0,0,0,0,0,0
43697,1000000US170318388002205,0,0,0,0,0,0,0,0,0,0,0,0,0,0,0,0,0,0
43698,1000000US170318388002206,0,0,0,0,0,0,0,0,0,0,0,0,0,0,0,0,0,0
43699,1000000US170318388002207,0,0,0,0,0,0,0,0,0,0,0,0,0,0,0,0,0,0
43700,1000000US170318388002208,0,0,0,0,0,0,0,0,0,0,0,0,0,0,0,0,0,0
43701,1000000US170318388002209,0,0,0,0,0,0,0,0,0,0,0,0,0,0,0,0,0,0
43702,1000000US170318388002210,0,0,0,0,0,0,0,0,0,0,0,0,0,0,0,0,0,0
43703,1000000US170318388002211,0,0,0,0,0,0,0,0,0,0,0,0,0,0,0,0,0,0
43704,1000000US170318388002212,0,0,0,0,0,0,0,0,0,0,0,0,0,0,0,0,0,0
43705,1000000US170318388002213,0,0,0,0,0,0,0,0,0,0,0,0,0,0,0,0,0,0
43706,1000000US170318388002214,0,0,0,0,0,0,0,0,0,0,0,0,0,0,0,0,0,0
43707,1000000US170318388002215,0,0,0,0,0,0,0,0,0,0,0,0,0,0,0,0,0,0
43708,1000000US170318388002216,0,0,0,0,0,0,0,0,0,0,0,0,0,0,0,0,0,0
43709,1000000US170318388002217,0,0,0,0,0,0,0,0,0,0,0,0,0,0,0,0,0,0
43710,1000000US170318388002218,0,0,0,0,0,0,0,0,0,0,0,0,0,0,0,0,0,0
43711,1000000US170318388002219,0,0,0,0,0,0,0,0,0,0,0,0,0,0,0,0,0,0
43712,1000000US170318388002220,0,0,0,0,0,0,0,0,0,0,0,0,0,0,0,0,0,0
43713,1000000US170318388002221,0,0,0,0,0,0,0,0,0,0,0,0,0,0,0,0,0,0
43714,1000000US170318388002222,0,0,0,0,0,0,0,0,0,0,0,0,0,0,0,0,0,0
43715,1000000US170318388002223,0,0,0,0,0,0,0,0,0,0,0,0,0,0,0,0,0,0
43716,1000000US170318388002224,0,0,0,0,0,0,0,0,0,0,0,0,0,0,0,0,0,0
43717,1000000US170318388002225,0,0,0,0,0,0,0,0,0,0,0,0,0,0,0,0,0,0
43718,1000000US170318388002226,0,0,0,0,0,0,0,0,0,0,0,0,0,0,0,0,0,0
43719,1000000US170318388002227,0,0,0,0,0,0,0,0,0,0,0,0,0,0,0,0,0,0
43720,1000000US170318388002228,0,0,0,0,0,0,0,0,0,0,0,0,0,0,0,0,0,0
43721,1000000US170318388002229,0,0,0,0,0,0,0,0,0,0,0,0,0,0,0,0,0,0
43722,1000000US170318388002230,0,0,0,0,0,0,0,0,0,0,0,0,0,0,0,0,0,0
43723,1000000US170318388002231,0,0,0,0,0,0,0,0,0,0,0,0,0,0,0,0,0,0
43724,1000000US170318388002232,0,0,0,0,0,0,0,0,0,0,0,0,0,0,0,0,0,0
43725,1000000US170318388002233,0,0,0,0,0,0,0,0,0,0,0,0,0,0,0,0,0,0
43726,1000000US170318390001000,454,317,39,3,75,1,25,429,0,25,137,13,355,326,29,473,1,1
43727,1000000US170318390001001,699,518,60,5,65,2,55,644,0,55,181,27,546,383,163,718,3,4
43728,1000000US170318390001002,0,0,0,0,0,0,0,0,0,0,0,0,0,0,0,0,0,0
43729,1000000US170318390001003,0,0,0,0,0,0,0,0,0,0,0,0,0,0,0,0,0,0
43730,1000000US170318390001004,306,239,19,3,26,1,22,284,0,22,67,5,219,206,13,326,3,1
43731,1000000US170318390001005,822,500,82,0,191,2,51,771,0,51,322,17,576,526,50,876,0,2
43732,1000000US170318390001006,290,164,64,1,34,3,29,261,0,29,126,14,320,200,120,303,0,0
43733,1000000US170318390002000,541,348,75,3,85,0,39,502,0,39,193,15,441,347,94,558,2,5
43734,1000000US170318390002001,737,392,88,2,220,0,37,700,0,37,345,18,557,464,93,801,1,1
43735,1000000US170318390002002,0,0,0,0,0,0,0,0,0,0,0,0,0,0,0,0,0,0
43736,1000000US170318390002003,557,367,102,4,72,1,13,544,0,13,190,12,363,352,11,669,2,0
43737,1000000US170318390002004,0,0,0,0,0,0,0,0,0,0,0,0,0,0,0,0,0,0
43738,1000000US170318390003000,0,0,0,0,0,0,0,0,0,0,0,0,0,0,0,0,0,0
43739,1000000US170318390003001,300,189,63,2,35,0,14,286,0,14,111,6,217,199,18,325,2,2
43740,1000000US170318390003002,278,36,114,2,120,0,6,272,0,6,242,2,217,212,5,289,1,0
43741,1000000US170318390003003,0,0,0,0,0,0,0,0,0,0,0,0,0,0,0,0,0,0
43742,1000000US170318390003004,4,0,0,0,2,0,2,2,0,2,4,0,2,2,0,6,0,0
43743,1000000US170318390003005,59,37,11,0,8,0,3,56,0,3,22,0,35,32,3,75,0,1
43744,1000000US170318390003006,166,110,21,0,26,0,9,157,0,9,56,6,119,109,10,185,0,0
43745,1000000US170318390003007,263,167,36,4,36,0,24,239,0,24,96,9,249,208,41,267,1,1
43746,1000000US170318390003008,0,0,0,0,0,0,0,0,0,0,0,0,0,0,0,0,0,0
43747,1000000US170318390003009,0,0,0,0,0,0,0,0,0,0,0,0,0,0,0,0,0,0
43748,1000000US170318390003010,0,0,0,0,0,0,0,0,0,0,0,0,0,0,0,0,0,0
43749,1000000US170318390004000,775,591,105,3,41,0,35,740,0,35,184,20,251,243,8,798,0,3
43750,1000000US170318390004001,103,95,2,0,4,0,2,101,0,2,8,1,72,65,7,111,0,0
43751,1000000US170318390004002,413,318,25,6,43,1,30,383,0,30,95,15,290,274,16,437,1,2
43752,1000000US170318390004003,87,76,3,0,3,0,5,82,0,5,11,0,62,58,4,94,0,0
43753,1000000US170318390004004,0,0,0,0,0,0,0,0,0,0,0,0,0,0,0,0,0,0
43754,1000000US170318390004005,0,0,0,0,0,0,0,0,0,0,0,0,0,0,0,0,0,0
43755,1000000US170318391001000,1,0,1,0,0,0,0,1,0,0,1,0,0,0,0,1,0,0
43756,1000000US170318391001001,0,0,0,0,0,0,0,0,0,0,0,0,0,0,0,0,0,0
43757,1000000US170318391001002,0,0,0,0,0,0,0,0,0,0,0,0,0,0,0,0,0,0
43758,1000000US170318391001003,2,0,2,0,0,0,0,2,0,0,2,0,0,0,0,2,0,0
43759,1000000US170318391001004,0,0,0,0,0,0,0,0,0,0,0,0,0,0,0,0,0,0
43760,1000000US170318391001005,0,0,0,0,0,0,0,0,0,0,0,0,0,0,0,0,0,0
43761,1000000US170318391001006,0,0,0,0,0,0,0,0,0,0,0,0,0,0,0,0,0,0
43762,1000000US170318391001007,0,0,0,0,0,0,0,0,0,0,0,0,0,0,0,0,0,0
43763,1000000US170318391001008,0,0,0,0,0,0,0,0,0,0,0,0,0,0,0,0,0,0
43764,1000000US170318391001009,0,0,0,0,0,0,0,0,0,0,0,0,0,0,0,0,0,0
43765,1000000US170318391001010,0,0,0,0,0,0,0,0,0,0,0,0,0,0,0,0,0,0
43766,1000000US170318391001011,0,0,0,0,0,0,0,0,0,0,0,0,0,0,0,0,0,0
43767,1000000US170318391001012,0,0,0,0,0,0,0,0,0,0,0,0,0,0,0,0,0,0
43768,1000000US170318391001013,0,0,0,0,0,0,0,0,0,0,0,0,0,0,0,0,0,0
43769,1000000US170318391001014,0,0,0,0,0,0,0,0,0,0,0,0,0,0,0,0,0,0
43770,1000000US170318391001015,0,0,0,0,0,0,0,0,0,0,0,0,0,0,0,0,0,0
43771,1000000US170318391001016,0,0,0,0,0,0,0,0,0,0,0,0,0,0,0,0,0,0
43772,1000000US170318391001017,0,0,0,0,0,0,0,0,0,0,0,0,0,0,0,0,0,0
43773,1000000US170318391001018,0,0,0,0,0,0,0,0,0,0,0,0,0,0,0,0,0,0
43774,1000000US170318391001019,0,0,0,0,0,0,0,0,0,0,0,0,0,0,0,0,0,0
43775,1000000US170318391001020,0,0,0,0,0,0,0,0,0,0,0,0,0,0,0,0,0,0
43776,1000000US170318391001021,0,0,0,0,0,0,0,0,0,0,0,0,0,0,0,0,0,0
43777,1000000US170318391001022,362,218,36,3,84,1,28,334,0,28,144,10,300,251,49,375,1,1
43778,1000000US170318391001023,0,0,0,0,0,0,0,0,0,0,0,0,0,0,0,0,0,0
43779,1000000US170318391001024,5,0,4,0,1,0,0,5,0,0,5,0,0,0,0,8,0,0
43780,1000000US170318391001025,347,165,34,2,110,1,40,307,0,40,182,5,292,248,44,356,1,1
43781,1000000US170318391001026,4,2,2,0,0,0,0,4,0,0,2,0,0,0,0,5,0,0
43782,1000000US170318391001027,0,0,0,0,0,0,0,0,0,0,0,0,0,0,0,0,0,0
43783,1000000US170318391001028,0,0,0,0,0,0,0,0,0,0,0,0,0,0,0,0,0,0
43784,1000000US170318391001029,0,0,0,0,0,0,0,0,0,0,0,0,0,0,0,0,0,0
43785,1000000US170318391001030,0,0,0,0,0,0,0,0,0,0,0,0,0,0,0,0,0,0
43786,1000000US170318391001031,0,0,0,0,0,0,0,0,0,0,0,0,0,0,0,0,0,0
43787,1000000US170318391001032,0,0,0,0,0,0,0,0,0,0,0,0,0,0,0,0,0,0
43788,1000000US170318391001033,0,0,0,0,0,0,0,0,0,0,0,0,0,0,0,0,0,0
43789,1000000US170318391001034,0,0,0,0,0,0,0,0,0,0,0,0,0,0,0,0,0,0
43790,1000000US170318391001035,0,0,0,0,0,0,0,0,0,0,0,0,0,0,0,0,0,0
43791,1000000US170318391001036,0,0,0,0,0,0,0,0,0,0,0,0,0,0,0,0,0,0
43792,1000000US170318391001037,0,0,0,0,0,0,0,0,0,0,0,0,0,0,0,0,0,0
43793,1000000US170318391001038,523,335,22,7,130,2,32,491,0,32,188,20,2,2,0,524,1,0
43794,1000000US170318391001039,0,0,0,0,0,0,0,0,0,0,0,0,0,0,0,0,0,0
43795,1000000US170318391001040,0,0,0,0,0,0,0,0,0,0,0,0,0,0,0,0,0,0
43796,1000000US170318391001041,0,0,0,0,0,0,0,0,0,0,0,0,0,0,0,0,0,0
43797,1000000US170318391001042,0,0,0,0,0,0,0,0,0,0,0,0,0,0,0,0,0,0
43798,1000000US170318391001043,0,0,0,0,0,0,0,0,0,0,0,0,0,0,0,0,0,0
43799,1000000US170318391001044,0,0,0,0,0,0,0,0,0,0,0,0,0,0,0,0,0,0
43800,1000000US170318391001045,0,0,0,0,0,0,0,0,0,0,0,0,0,0,0,0,0,0
43801,1000000US170318391001046,0,0,0,0,0,0,0,0,0,0,0,0,0,0,0,0,0,0
43802,1000000US170318391001047,0,0,0,0,0,0,0,0,0,0,0,0,0,0,0,0,0,0
43803,1000000US170318391001048,0,0,0,0,0,0,0,0,0,0,0,0,0,0,0,0,0,0
43804,1000000US170318391001049,490,349,20,2,90,0,31,459,0,31,141,9,394,331,63,513,1,0
43805,1000000US170318391001050,0,0,0,0,0,0,0,0,0,0,0,0,0,0,0,0,0,0
43806,1000000US170318391001051,0,0,0,0,0,0,0,0,0,0,0,0,0,0,0,0,0,0
43807,1000000US170318391001052,0,0,0,0,0,0,0,0,0,0,0,0,0,0,0,0,0,0
43808,1000000US170318391001053,0,0,0,0,0,0,0,0,0,0,0,0,0,0,0,0,0,0
43809,1000000US170318391001054,0,0,0,0,0,0,0,0,0,0,0,0,0,0,0,0,0,0
43810,1000000US170318391001055,5,3,0,0,2,0,0,5,0,0,2,2,390,5,385,5,0,0
43811,1000000US170318391001056,0,0,0,0,0,0,0,0,0,0,0,0,0,0,0,0,0,0
43812,1000000US170318391001057,1,1,0,0,0,0,0,1,0,0,0,0,1,1,0,1,0,0
43813,1000000US170318391001058,0,0,0,0,0,0,0,0,0,0,0,0,0,0,0,0,0,0
43814,1000000US170318391001059,0,0,0,0,0,0,0,0,0,0,0,0,0,0,0,0,0,0
43815,1000000US170318391001060,0,0,0,0,0,0,0,0,0,0,0,0,0,0,0,0,0,0
43816,1000000US170318391001061,0,0,0,0,0,0,0,0,0,0,0,0,0,0,0,0,0,0
43817,1000000US170318391001062,0,0,0,0,0,0,0,0,0,0,0,0,0,0,0,0,0,0
43818,1000000US170318391001063,25,15,3,0,3,0,4,21,0,4,10,1,0,0,0,25,0,0
43819,1000000US170318391001064,0,0,0,0,0,0,0,0,0,0,0,0,0,0,0,0,0,0
43820,1000000US170318391001065,2,0,0,0,2,0,0,2,0,0,2,0,1,1,0,2,0,0
43821,1000000US170318391001066,129,84,13,2,21,0,11,118,0,11,45,7,106,94,12,132,0,0
43822,1000000US170318391001067,0,0,0,0,0,0,0,0,0,0,0,0,0,0,0,0,0,0
43823,1000000US170318391001068,0,0,0,0,0,0,0,0,0,0,0,0,0,0,0,0,0,0
43824,1000000US170318391001069,0,0,0,0,0,0,0,0,0,0,0,0,0,0,0,0,0,0
43825,1000000US170318391001070,0,0,0,0,0,0,0,0,0,0,0,0,0,0,0,0,0,0
43826,1000000US170318391001071,0,0,0,0,0,0,0,0,0,0,0,0,0,0,0,0,0,0
43827,1000000US170318391001072,0,0,0,0,0,0,0,0,0,0,0,0,0,0,0,0,0,0
43828,1000000US170318391001073,0,0,0,0,0,0,0,0,0,0,0,0,0,0,0,0,0,0
43829,1000000US170318391001074,0,0,0,0,0,0,0,0,0,0,0,0,0,0,0,0,0,0
43830,1000000US170318391001075,0,0,0,0,0,0,0,0,0,0,0,0,0,0,0,0,0,0
43831,1000000US170318391001076,0,0,0,0,0,0,0,0,0,0,0,0,0,0,0,0,0,0
43832,1000000US170318391001077,0,0,0,0,0,0,0,0,0,0,0,0,0,0,0,0,0,0
43833,1000000US170318391001078,0,0,0,0,0,0,0,0,0,0,0,0,0,0,0,0,0,0
43834,1000000US170318391001079,0,0,0,0,0,0,0,0,0,0,0,0,0,0,0,0,0,0
43835,1000000US170318391001080,377,254,18,0,82,2,24,353,0,24,123,11,171,122,49,383,0,1
43836,1000000US170318391001081,0,0,0,0,0,0,0,0,0,0,0,0,0,0,0,0,0,0
43837,1000000US170318391001082,0,0,0,0,0,0,0,0,0,0,0,0,0,0,0,0,0,0
43838,1000000US170318391001083,0,0,0,0,0,0,0,0,0,0,0,0,0,0,0,0,0,0
43839,1000000US170318391001084,0,0,0,0,0,0,0,0,0,0,0,0,0,0,0,0,0,0
43840,1000000US170318391001085,0,0,0,0,0,0,0,0,0,0,0,0,0,0,0,0,0,0
43841,1000000US170318391001086,0,0,0,0,0,0,0,0,0,0,0,0,0,0,0,0,0,0
43842,1000000US170318391001087,0,0,0,0,0,0,0,0,0,0,0,0,0,0,0,0,0,0
43843,1000000US170318391001088,0,0,0,0,0,0,0,0,0,0,0,0,0,0,0,0,0,0
43844,1000000US170318391001089,0,0,0,0,0,0,0,0,0,0,0,0,0,0,0,0,0,0
43845,1000000US170318391001090,0,0,0,0,0,0,0,0,0,0,0,0,0,0,0,0,0,0
43846,1000000US170318391001091,1,0,1,0,0,0,0,1,0,0,1,0,0,0,0,1,0,0
43847,1000000US170318391001092,0,0,0,0,0,0,0,0,0,0,0,0,0,0,0,0,0,0
43848,1000000US170318391001093,0,0,0,0,0,0,0,0,0,0,0,0,0,0,0,0,0,0
43849,1000000US170318391001094,0,0,0,0,0,0,0,0,0,0,0,0,0,0,0,0,0,0
43850,1000000US170318391001095,2,2,0,0,0,0,0,2,0,0,0,0,1,1,0,4,0,0
43851,1000000US170318391001096,0,0,0,0,0,0,0,0,0,0,0,0,0,0,0,0,0,0
43852,1000000US170318391001097,0,0,0,0,0,0,0,0,0,0,0,0,0,0,0,0,0,0
43853,1000000US170318391001098,0,0,0,0,0,0,0,0,0,0,0,0,0,0,0,0,0,0
43854,1000000US170318391001099,0,0,0,0,0,0,0,0,0,0,0,0,0,0,0,0,0,0
43855,1000000US170318391001100,0,0,0,0,0,0,0,0,0,0,0,0,0,0,0,0,0,0
43856,1000000US170318391001101,0,0,0,0,0,0,0,0,0,0,0,0,0,0,0,0,0,0
43857,1000000US170318391001102,229,165,26,0,24,0,15,214,0,15,64,6,178,160,18,230,0,1
43858,1000000US170318391001103,0,0,0,0,0,0,0,0,0,0,0,0,0,0,0,0,0,0
43859,1000000US170318391001104,0,0,0,0,0,0,0,0,0,0,0,0,0,0,0,0,0,0
43860,1000000US170318391001105,0,0,0,0,0,0,0,0,0,0,0,0,0,0,0,0,0,0
43861,1000000US170318391001106,0,0,0,0,0,0,0,0,0,0,0,0,0,0,0,0,0,0
43862,1000000US170318391001107,0,0,0,0,0,0,0,0,0,0,0,0,0,0,0,0,0,0
43863,1000000US170318391002000,0,0,0,0,0,0,0,0,0,0,0,0,0,0,0,0,0,0
43864,1000000US170318391002001,0,0,0,0,0,0,0,0,0,0,0,0,0,0,0,0,0,0
43865,1000000US170318391002002,0,0,0,0,0,0,0,0,0,0,0,0,0,0,0,0,0,0
43866,1000000US170318391002003,0,0,0,0,0,0,0,0,0,0,0,0,0,0,0,0,0,0
43867,1000000US170318391002004,0,0,0,0,0,0,0,0,0,0,0,0,0,0,0,0,0,0
43868,1000000US170318391002005,0,0,0,0,0,0,0,0,0,0,0,0,0,0,0,0,0,0
43869,1000000US170318391002006,0,0,0,0,0,0,0,0,0,0,0,0,0,0,0,0,0,0
43870,1000000US170318391002007,0,0,0,0,0,0,0,0,0,0,0,0,0,0,0,0,0,0
43871,1000000US170318391002008,0,0,0,0,0,0,0,0,0,0,0,0,0,0,0,0,0,0
43872,1000000US170318391002009,2,2,0,0,0,0,0,2,0,0,0,0,0,0,0,2,0,0
43873,1000000US170318391002010,0,0,0,0,0,0,0,0,0,0,0,0,0,0,0,0,0,0
43874,1000000US170318391002011,0,0,0,0,0,0,0,0,0,0,0,0,0,0,0,0,0,0
43875,1000000US170318391002012,0,0,0,0,0,0,0,0,0,0,0,0,0,0,0,0,0,0
43876,1000000US170318391002013,0,0,0,0,0,0,0,0,0,0,0,0,0,0,0,0,0,0
43877,1000000US170318391002014,0,0,0,0,0,0,0,0,0,0,0,0,0,0,0,0,0,0
43878,1000000US170318391002015,0,0,0,0,0,0,0,0,0,0,0,0,0,0,0,0,0,0
43879,1000000US170318391002016,339,177,31,1,117,1,14,325,0,14,162,11,689,229,460,346,0,1
43880,1000000US170318391002017,0,0,0,0,0,0,0,0,0,0,0,0,0,0,0,0,0,0
43881,1000000US170318391002018,0,0,0,0,0,0,0,0,0,0,0,0,0,0,0,0,0,0
43882,1000000US170318391002019,0,0,0,0,0,0,0,0,0,0,0,0,0,0,0,0,0,0
43883,1000000US170318391002020,0,0,0,0,0,0,0,0,0,0,0,0,0,0,0,0,0,0
43884,1000000US170318391002021,164,37,115,7,1,0,9,155,0,9,127,5,186,160,26,164,7,3
43885,1000000US170318391002022,609,172,270,8,18,4,145,464,0,145,437,19,0,0,0,609,7,5
43886,1000000US170318391002023,0,0,0,0,0,0,0,0,0,0,0,0,0,0,0,0,0,0
43887,1000000US170318391002024,123,98,8,1,12,1,5,118,0,5,25,3,97,89,8,130,0,0
43888,1000000US170318391002025,0,0,0,0,0,0,0,0,0,0,0,0,0,0,0,0,0,0
43889,1000000US170318391002026,0,0,0,0,0,0,0,0,0,0,0,0,0,0,0,0,0,0
43890,1000000US170318391002027,0,0,0,0,0,0,0,0,0,0,0,0,0,0,0,0,0,0
43891,1000000US170318391002028,0,0,0,0,0,0,0,0,0,0,0,0,0,0,0,0,0,0
43892,1000000US170318391002029,0,0,0,0,0,0,0,0,0,0,0,0,0,0,0,0,0,0
43893,1000000US170318391002030,0,0,0,0,0,0,0,0,0,0,0,0,0,0,0,0,0,0
43894,1000000US170318391002031,0,0,0,0,0,0,0,0,0,0,0,0,0,0,0,0,0,0
43895,1000000US170318391002032,0,0,0,0,0,0,0,0,0,0,0,0,0,0,0,0,0,0
43896,1000000US170318391002033,0,0,0,0,0,0,0,0,0,0,0,0,0,0,0,0,0,0
43897,1000000US170318391002034,0,0,0,0,0,0,0,0,0,0,0,0,0,0,0,0,0,0
43898,1000000US170318391002035,0,0,0,0,0,0,0,0,0,0,0,0,0,0,0,0,0,0
43899,1000000US170318391002036,0,0,0,0,0,0,0,0,0,0,0,0,0,0,0,0,0,0
43900,1000000US170318391002037,0,0,0,0,0,0,0,0,0,0,0,0,0,0,0,0,0,0
43901,1000000US170318391002038,0,0,0,0,0,0,0,0,0,0,0,0,0,0,0,0,0,0
43902,1000000US170318391002039,0,0,0,0,0,0,0,0,0,0,0,0,0,0,0,0,0,0
43903,1000000US170318391002040,0,0,0,0,0,0,0,0,0,0,0,0,0,0,0,0,0,0
43904,1000000US170318391002041,0,0,0,0,0,0,0,0,0,0,0,0,0,0,0,0,0,0
43905,1000000US170318391002042,0,0,0,0,0,0,0,0,0,0,0,0,0,0,0,0,0,0
43906,1000000US170318391002043,78,72,3,0,2,0,1,77,0,1,6,1,51,51,0,88,0,0
43907,1000000US170318391002044,0,0,0,0,0,0,0,0,0,0,0,0,0,0,0,0,0,0
43908,1000000US170318391002045,0,0,0,0,0,0,0,0,0,0,0,0,0,0,0,0,0,0
43909,1000000US170318391002046,161,127,15,1,10,0,6,155,0,6,34,2,106,104,2,162,1,0
43910,1000000US170318391002047,111,92,6,0,10,0,3,108,0,3,19,0,73,68,5,115,0,0
43911,1000000US170318391002048,0,0,0,0,0,0,0,0,0,0,0,0,0,0,0,0,0,0
43912,1000000US170318391002049,165,121,7,0,33,1,5,160,0,5,44,2,177,109,68,166,0,0
43913,1000000US170318391002050,0,0,0,0,0,0,0,0,0,0,0,0,0,0,0,0,0,0
43914,1000000US170318391002051,0,0,0,0,0,0,0,0,0,0,0,0,0,0,0,0,0,0
43915,1000000US170318391002052,0,0,0,0,0,0,0,0,0,0,0,0,0,0,0,0,0,0
43916,1000000US170318391002053,0,0,0,0,0,0,0,0,0,0,0,0,0,0,0,0,0,0
43917,1000000US170318391002054,1,0,1,0,0,0,0,1,0,0,1,0,0,0,0,1,0,0
43918,1000000US170318391002055,0,0,0,0,0,0,0,0,0,0,0,0,0,0,0,0,0,0
43919,1000000US170318391002056,0,0,0,0,0,0,0,0,0,0,0,0,0,0,0,0,0,0
43920,1000000US170318391002057,0,0,0,0,0,0,0,0,0,0,0,0,0,0,0,0,0,0
43921,1000000US170318391002058,0,0,0,0,0,0,0,0,0,0,0,0,0,0,0,0,0,0
43922,1000000US170318391002059,0,0,0,0,0,0,0,0,0,0,0,0,0,0,0,0,0,0
43923,1000000US170318391002060,0,0,0,0,0,0,0,0,0,0,0,0,0,0,0,0,0,0
43924,1000000US170318392001000,0,0,0,0,0,0,0,0,0,0,0,0,0,0,0,0,0,0
43925,1000000US170318392001001,92,3,89,0,0,0,0,92,0,0,89,1,67,66,1,169,0,0
43926,1000000US170318392001002,110,0,106,2,4,0,0,110,0,0,110,2,69,62,7,169,1,0
43927,1000000US170318392001003,0,0,0,0,0,0,0,0,0,0,0,0,0,0,0,0,0,0
43928,1000000US170318392001004,0,0,0,0,0,0,0,0,0,0,0,0,0,0,0,0,0,0
43929,1000000US170318392001005,0,0,0,0,0,0,0,0,0,0,0,0,0,0,0,0,0,0
43930,1000000US170318392001006,0,0,0,0,0,0,0,0,0,0,0,0,0,0,0,0,0,0
43931,1000000US170318392002000,438,24,366,4,42,0,7,431,0,7,414,7,321,292,29,478,2,3
43932,1000000US170318392002001,0,0,0,0,0,0,0,0,0,0,0,0,0,0,0,0,0,0
43933,1000000US170318392002002,0,0,0,0,0,0,0,0,0,0,0,0,0,0,0,0,0,0
43934,1000000US170318392002003,0,0,0,0,0,0,0,0,0,0,0,0,0,0,0,0,0,0
43935,1000000US170318392002004,47,16,16,2,7,0,8,39,0,8,31,3,35,33,2,54,1,0
43936,1000000US170318392002005,0,0,0,0,0,0,0,0,0,0,0,0,0,0,0,0,0,0
43937,1000000US170318392002006,0,0,0,0,0,0,0,0,0,0,0,0,0,0,0,0,0,0
43938,1000000US170318392002007,0,0,0,0,0,0,0,0,0,0,0,0,0,0,0,0,0,0
43939,1000000US170318392002008,0,0,0,0,0,0,0,0,0,0,0,0,0,0,0,0,0,0
43940,1000000US170318392002009,0,0,0,0,0,0,0,0,0,0,0,0,0,0,0,0,0,0
43941,1000000US170318392002010,0,0,0,0,0,0,0,0,0,0,0,0,0,0,0,0,0,0
43942,1000000US170318392002011,0,0,0,0,0,0,0,0,0,0,0,0,0,0,0,0,0,0
43943,1000000US170318392002012,0,0,0,0,0,0,0,0,0,0,0,0,0,0,0,0,0,0
43944,1000000US170318392002013,250,40,132,10,65,0,9,241,0,9,210,8,204,170,34,270,8,1
43945,1000000US170318392002014,0,0,0,0,0,0,0,0,0,0,0,0,0,0,0,0,0,0
43946,1000000US170318392002015,0,0,0,0,0,0,0,0,0,0,0,0,0,0,0,0,0,0
43947,1000000US170318392002016,0,0,0,0,0,0,0,0,0,0,0,0,0,0,0,0,0,0
43948,1000000US170318392002017,0,0,0,0,0,0,0,0,0,0,0,0,0,0,0,0,0,0
43949,1000000US170318392002018,3,2,0,0,1,0,0,3,0,0,1,0,0,0,0,3,0,0
43950,1000000US170318392002019,0,0,0,0,0,0,0,0,0,0,0,0,0,0,0,0,0,0
43951,1000000US170318392002020,21,13,5,0,3,0,0,21,0,0,8,0,12,12,0,32,0,0
43952,1000000US170318392002021,0,0,0,0,0,0,0,0,0,0,0,0,0,0,0,0,0,0
43953,1000000US170318392002022,0,0,0,0,0,0,0,0,0,0,0,0,0,0,0,0,0,0
43954,1000000US170318392002023,0,0,0,0,0,0,0,0,0,0,0,0,0,0,0,0,0,0
43955,1000000US170318392002024,529,62,342,5,106,0,22,507,0,22,467,10,410,368,42,571,4,5
43956,1000000US170318392002025,0,0,0,0,0,0,0,0,0,0,0,0,0,0,0,0,0,0
43957,1000000US170318392003000,436,60,318,5,39,0,19,417,0,19,376,4,375,360,15,451,4,4
43958,1000000US170318392003001,0,0,0,0,0,0,0,0,0,0,0,0,0,0,0,0,0,0
43959,1000000US170318392003002,157,7,121,1,29,0,1,156,0,1,150,1,114,94,20,227,1,1
43960,1000000US170318392003003,99,2,57,3,39,0,0,99,0,0,97,6,44,37,7,121,0,0
43961,1000000US170318395001000,0,0,0,0,0,0,0,0,0,0,0,0,0,0,0,0,0,0
43962,1000000US170318395001001,86,0,86,3,0,0,0,86,0,0,86,4,56,50,6,95,3,0
43963,1000000US170318395001002,25,4,20,0,1,0,0,25,0,0,21,0,11,11,0,31,0,0
43964,1000000US170318395001003,0,0,0,0,0,0,0,0,0,0,0,0,0,0,0,0,0,0
43965,1000000US170318395001004,0,0,0,0,0,0,0,0,0,0,0,0,0,0,0,0,0,0
43966,1000000US170318395001005,37,3,33,1,1,0,1,36,0,1,34,2,24,18,6,47,0,1
43967,1000000US170318395001006,102,11,87,0,4,0,2,100,0,2,91,1,57,50,7,141,0,2
43968,1000000US170318395001007,0,0,0,0,0,0,0,0,0,0,0,0,0,0,0,0,0,0
43969,1000000US170318395001008,416,3,408,5,2,1,4,412,0,4,413,5,449,380,69,416,5,3
43970,1000000US170318395001009,69,9,59,6,0,0,1,68,0,1,60,6,48,38,10,92,6,1
43971,1000000US170318395001010,182,107,13,0,61,0,1,181,0,1,75,1,4,4,0,182,0,0
43972,1000000US170318395001011,71,3,61,0,5,1,2,69,0,2,68,1,44,37,7,93,0,0
43973,1000000US170318395001012,80,0,80,0,0,0,0,80,0,0,80,0,49,42,7,98,0,0
43974,1000000US170318395001013,128,14,105,1,7,1,4,124,0,4,114,1,76,58,18,148,1,3
43975,1000000US170318395001014,97,6,86,0,1,0,3,94,0,3,91,1,69,53,16,117,0,0
43976,1000000US170318395001015,73,3,69,1,0,0,1,72,0,1,70,0,51,42,9,85,1,1
43977,1000000US170318395001016,0,0,0,0,0,0,0,0,0,0,0,0,0,0,0,0,0,0
43978,1000000US170318396001000,184,7,170,0,5,0,5,179,0,5,177,4,143,121,22,242,0,3
43979,1000000US170318396001001,0,0,0,0,0,0,0,0,0,0,0,0,0,0,0,0,0,0
43980,1000000US170318396001002,53,0,53,0,0,0,0,53,0,0,53,0,30,24,6,67,0,0
43981,1000000US170318396001003,12,0,12,0,0,0,0,12,0,0,12,0,11,6,5,12,0,0
43982,1000000US170318396001004,252,5,245,2,2,0,0,252,0,0,247,2,193,186,7,270,2,0
43983,1000000US170318396001005,2,0,2,0,0,0,0,2,0,0,2,0,3,2,1,2,0,0
43984,1000000US170318396001006,170,1,167,3,1,1,1,169,0,1,169,4,154,147,7,177,2,0
43985,1000000US170318396001007,6,0,6,0,0,0,0,6,0,0,6,0,3,3,0,6,0,0
43986,1000000US170318396001008,40,0,36,0,0,0,4,36,0,4,40,0,26,20,6,46,0,0
43987,1000000US170318396001009,6,0,3,0,0,0,3,3,0,3,6,0,3,3,0,6,0,0
43988,1000000US170318396002000,38,0,38,0,0,0,0,38,0,0,38,0,20,18,2,65,0,0
43989,1000000US170318396002001,16,0,16,0,0,0,4,12,0,4,16,0,10,7,3,23,0,4
43990,1000000US170318396002002,268,33,230,2,0,0,6,262,0,6,235,1,47,42,5,291,2,2
43991,1000000US170318396002003,0,0,0,0,0,0,0,0,0,0,0,0,0,0,0,0,0,0
43992,1000000US170318396002004,72,6,58,1,2,0,6,66,0,6,66,1,45,43,2,96,0,0
43993,1000000US170318396002005,118,6,95,7,7,1,11,107,0,11,112,7,71,60,11,161,3,2
43994,1000000US170318396002006,67,0,67,3,0,0,0,67,0,0,67,3,46,36,10,85,3,0
43995,1000000US170318396002007,38,4,33,0,1,1,4,34,0,4,34,2,9,9,0,39,0,4
43996,1000000US170318396002008,0,0,0,0,0,0,0,0,0,0,0,0,0,0,0,0,0,0
43997,1000000US170318396002009,0,0,0,0,0,0,0,0,0,0,0,0,0,0,0,0,0,0
43998,1000000US170318396002010,41,0,41,0,0,0,0,41,0,0,41,0,26,24,2,67,0,0
43999,1000000US170318396002011,36,2,32,0,0,0,3,33,0,3,34,1,18,15,3,42,0,1
44000,1000000US170318396002012,58,5,53,0,0,0,1,57,0,1,53,0,40,30,10,77,0,1
44001,1000000US170318396002013,0,0,0,0,0,0,0,0,0,0,0,0,0,0,0,0,0,0
44002,1000000US170318396002014,0,0,0,0,0,0,0,0,0,0,0,0,0,0,0,0,0,0
44003,1000000US170318396002015,0,0,0,0,0,0,0,0,0,0,0,0,0,0,0,0,0,0
44004,1000000US170318396002016,0,0,0,0,0,0,0,0,0,0,0,0,0,0,0,0,0,0
44005,1000000US170318396002017,4,0,4,0,0,0,0,4,0,0,4,0,3,2,1,4,0,0
44006,1000000US170318396002018,62,1,61,0,0,0,0,62,0,0,61,1,44,38,6,79,0,0
44007,1000000US170318396002019,19,0,18,0,0,0,3,16,0,3,19,0,12,10,2,27,0,2
44008,1000000US170318396002020,56,0,56,0,0,0,0,56,0,0,56,1,40,32,8,68,0,0
44009,1000000US170318397001000,167,76,6,0,23,0,63,104,0,63,91,2,116,96,20,209,0,0
44010,1000000US170318397001001,307,150,14,5,58,0,85,222,0,85,157,7,182,159,23,388,5,0
44011,1000000US170318397001002,33,23,0,1,5,0,5,28,0,5,10,0,22,19,3,38,1,0
44012,1000000US170318397001003,39,22,2,0,7,0,10,29,0,10,17,2,29,26,3,43,0,1
44013,1000000US170318397001004,173,78,12,2,61,0,25,148,0,25,95,7,82,79,3,256,0,1
44014,1000000US170318397001005,28,16,4,2,5,0,3,25,0,3,12,0,14,13,1,48,2,0
44015,1000000US170318397001006,28,19,0,0,5,0,4,24,0,4,9,0,17,16,1,44,0,0
44016,1000000US170318397001007,15,6,0,0,4,0,6,9,0,6,9,0,8,8,0,22,0,0
44017,1000000US170318397001008,91,28,0,1,42,0,21,70,0,21,63,2,47,42,5,118,1,0
44018,1000000US170318397001009,26,12,0,0,8,0,10,16,0,10,14,0,10,10,0,38,0,0
44019,1000000US170318397001010,0,0,0,0,0,0,0,0,0,0,0,0,0,0,0,0,0,0
44020,1000000US170318397001011,7,6,0,0,0,0,1,6,0,1,1,1,3,3,0,9,0,0
44021,1000000US170318397001012,47,26,1,1,11,0,8,39,0,8,21,1,26,23,3,62,0,0
44022,1000000US170318397001013,0,0,0,0,0,0,0,0,0,0,0,0,0,0,0,0,0,0
44023,1000000US170318397002000,74,51,0,0,14,0,9,65,0,9,23,0,42,39,3,87,0,0
44024,1000000US170318397002001,63,43,1,0,11,0,8,55,0,8,20,0,43,33,10,71,0,0
44025,1000000US170318397002002,59,48,0,0,4,0,7,52,0,7,11,0,34,30,4,64,0,0
44026,1000000US170318397002003,42,19,3,0,11,0,9,33,0,9,23,2,23,19,4,49,0,0
44027,1000000US170318397002004,31,9,2,0,5,0,15,16,0,15,22,1,25,17,8,37,0,0
44028,1000000US170318397002005,5,5,0,0,0,0,0,5,0,0,0,0,6,3,3,5,0,0
44029,1000000US170318397002006,108,38,1,6,11,0,52,56,0,52,70,7,62,52,10,136,0,0
44030,1000000US170318397002007,96,24,0,1,10,0,62,34,0,62,72,0,48,38,10,131,1,0
44031,1000000US170318397002008,44,14,0,0,13,0,17,27,0,17,30,0,30,25,5,55,0,0
44032,1000000US170318397002009,160,82,7,1,28,0,39,121,0,39,78,9,100,77,23,200,1,1
44033,1000000US170318397002010,0,0,0,0,0,0,0,0,0,0,0,0,0,0,0,0,0,0
44034,1000000US170318397002011,13,6,0,0,2,0,5,8,0,5,7,0,7,5,2,16,0,0
44035,1000000US170318397002012,30,20,0,0,6,0,4,26,0,4,10,2,15,14,1,35,0,0
44036,1000000US170318397002013,60,35,1,0,8,0,16,44,0,16,25,0,38,35,3,74,0,0
44037,1000000US170318397002014,49,32,0,1,3,0,14,35,0,14,17,2,28,26,2,57,1,0
44038,1000000US170318397002015,42,24,0,0,16,0,2,40,0,2,18,0,28,25,3,46,0,0
44039,1000000US170318397002016,2,0,0,0,0,0,2,0,0,2,2,0,2,1,1,5,0,0
44040,1000000US170318397002017,45,27,6,0,9,0,4,41,0,4,18,0,67,31,36,46,0,0
44041,1000000US170318397002018,0,0,0,0,0,0,0,0,0,0,0,0,0,0,0,0,0,0
44042,1000000US170318397002019,107,51,4,1,8,0,47,60,0,47,56,0,56,55,1,135,1,2
44043,1000000US170318397002020,0,0,0,0,0,0,0,0,0,0,0,0,0,0,0,0,0,0
44044,1000000US170318397002021,41,6,2,0,22,0,12,29,0,12,35,0,25,19,6,54,0,1
44045,1000000US170318397003000,54,24,0,0,8,1,21,33,0,21,30,1,36,29,7,71,0,0
44046,1000000US170318397003001,0,0,0,0,0,0,0,0,0,0,0,0,0,0,0,0,0,0
44047,1000000US170318397003002,38,10,2,0,10,0,16,22,0,16,28,1,31,21,10,44,0,0
44048,1000000US170318397003003,162,56,5,6,32,0,72,90,0,72,106,4,99,80,19,207,5,4
44049,1000000US170318397003004,178,61,8,2,4,0,107,71,0,107,117,5,116,94,22,266,1,3
44050,1000000US170318397003005,138,60,2,3,26,0,51,87,0,51,78,3,85,75,10,171,1,0
44051,1000000US170318397003006,164,67,12,0,30,0,57,107,0,57,97,2,100,90,10,208,0,2
44052,1000000US170318397003007,48,30,1,3,6,0,9,39,0,9,18,3,25,24,1,58,2,1
44053,1000000US170318397003008,28,16,0,0,8,0,4,24,0,4,12,0,19,15,4,45,0,0
44054,1000000US170318397003009,7,3,4,0,0,0,0,7,0,0,4,0,3,3,0,7,0,0
44055,1000000US170318397003010,18,5,0,3,1,0,13,5,0,13,13,4,11,9,2,22,0,0
44056,1000000US170318397003011,32,6,2,2,4,0,19,13,0,19,26,6,16,16,0,51,1,1
44057,1000000US170318397003012,39,15,1,0,1,0,22,17,0,22,24,1,18,17,1,47,0,0
44058,1000000US170318397003013,51,17,3,2,11,0,20,31,0,20,34,1,35,28,7,64,2,0
44059,1000000US170318397003014,0,0,0,0,0,0,0,0,0,0,0,0,0,0,0,0,0,0
44060,1000000US170318397003015,0,0,0,0,0,0,0,0,0,0,0,0,0,0,0,0,0,0
44061,1000000US170318397003016,31,11,0,0,0,0,20,11,0,20,20,0,15,12,3,45,0,0
44062,1000000US170318397003017,31,2,0,0,1,0,29,2,0,29,29,1,10,10,0,47,0,0
44063,1000000US170318397003018,29,10,0,0,12,0,7,22,0,7,19,0,17,16,1,32,0,0
44064,1000000US170318397003019,56,28,1,0,5,0,22,34,0,22,28,4,28,26,2,64,0,0
44065,1000000US170318397003020,63,13,2,0,21,0,28,35,0,28,50,4,28,28,0,82,0,0
44066,1000000US170318397003021,61,19,2,2,7,0,33,28,0,33,42,4,35,27,8,79,1,1
44067,1000000US170318397003022,58,19,1,0,8,0,30,28,0,30,39,4,30,28,2,75,0,0
44068,1000000US170318397003023,51,21,3,1,6,0,22,29,0,22,30,1,31,28,3,63,1,1
44069,1000000US170318398001000,67,20,3,0,40,0,3,64,0,3,47,5,31,30,1,84,0,0
44070,1000000US170318398001001,74,32,0,0,18,0,24,50,0,24,42,0,35,33,2,85,0,0
44071,1000000US170318398001002,22,9,0,0,7,0,6,16,0,6,13,0,17,15,2,28,0,0
44072,1000000US170318398001003,75,27,2,1,8,0,37,38,0,37,48,3,36,35,1,89,0,0
44073,1000000US170318398001004,88,39,0,0,18,0,31,57,0,31,49,1,56,50,6,95,0,0
44074,1000000US170318398001005,50,39,0,0,7,0,4,46,0,4,11,0,29,25,4,62,0,0
44075,1000000US170318398001006,86,33,0,1,37,2,16,70,0,16,53,5,42,40,2,112,1,0
44076,1000000US170318398001007,81,39,2,0,28,0,12,69,0,12,42,0,43,41,2,110,0,0
44077,1000000US170318398001008,75,58,0,0,4,0,13,62,0,13,17,5,47,43,4,82,0,0
44078,1000000US170318398002000,23,3,0,1,13,0,6,17,0,6,20,0,14,12,2,32,1,0
44079,1000000US170318398002001,12,6,1,0,2,0,3,9,0,3,6,0,0,0,0,12,0,0
44080,1000000US170318398002002,88,24,0,0,45,0,20,68,0,20,64,1,47,44,3,102,0,0
44081,1000000US170318398002003,98,38,0,1,48,0,12,86,0,12,60,2,48,46,2,122,0,0
44082,1000000US170318398002004,96,26,2,0,37,0,31,65,0,31,70,1,48,45,3,139,0,0
44083,1000000US170318398002005,102,39,5,1,49,0,12,90,0,12,63,4,65,58,7,124,0,1
44084,1000000US170318398002006,22,10,0,0,10,0,1,21,0,1,12,0,13,11,2,33,0,0
44085,1000000US170318398002007,10,2,0,0,6,0,2,8,0,2,8,0,7,4,3,10,0,0
44086,1000000US170318398002008,66,49,0,0,12,0,5,61,0,5,17,1,39,37,2,89,0,0
44087,1000000US170318398002009,100,63,1,2,12,0,22,78,0,22,37,2,60,54,6,119,2,0
44088,1000000US170318398002010,88,38,0,0,47,0,4,84,0,4,50,1,46,42,4,111,0,0
44089,1000000US170318398002011,89,51,1,0,25,0,12,77,0,12,38,3,53,52,1,111,0,0
44090,1000000US170318398002012,50,18,0,0,24,0,8,42,0,8,32,0,28,26,2,57,0,0
44091,1000000US170318398002013,36,8,0,0,26,0,2,34,0,2,28,0,18,15,3,40,0,0
44092,1000000US170318398002014,24,16,0,0,6,0,2,22,0,2,8,0,12,11,1,25,0,0
44093,1000000US170318398003000,210,55,0,2,85,0,70,140,0,70,155,1,89,83,6,243,2,0
44094,1000000US170318398003001,173,92,6,1,51,0,23,150,0,23,81,2,101,88,13,196,0,0
44095,1000000US170318398003002,132,100,0,0,9,0,23,109,0,23,32,0,85,64,21,167,0,0
44096,1000000US170318398003003,178,123,1,2,22,0,28,150,0,28,55,4,102,99,3,216,2,0
44097,1000000US170318398003004,31,17,0,0,0,0,14,17,0,14,14,0,18,16,2,35,0,0
44098,1000000US170318398003005,0,0,0,0,0,0,0,0,0,0,0,0,0,0,0,0,0,0
44099,1000000US170318399001000,33,15,0,0,6,0,12,21,0,12,18,0,14,14,0,34,0,0
44100,1000000US170318399001001,27,17,0,0,4,0,6,21,0,6,10,0,18,15,3,34,0,0
44101,1000000US170318399001002,43,36,0,0,4,0,3,40,0,3,7,0,24,22,2,51,0,0
44102,1000000US170318399001003,59,47,0,1,6,0,6,53,0,6,12,0,34,33,1,78,1,0
44103,1000000US170318399001004,61,31,0,6,0,0,30,31,0,30,30,2,31,30,1,72,4,0
44104,1000000US170318399001005,67,25,0,5,7,0,35,32,0,35,42,2,38,35,3,79,5,0
44105,1000000US170318399001006,47,27,0,0,3,0,17,30,0,17,20,2,24,23,1,65,0,0
44106,1000000US170318399001007,95,53,1,1,14,0,26,69,0,26,42,0,49,46,3,120,1,0
44107,1000000US170318399001008,39,26,1,0,7,0,5,34,0,5,13,0,22,20,2,49,0,0
44108,1000000US170318399001009,78,21,3,6,16,0,41,37,0,41,57,4,40,32,8,107,6,3
44109,1000000US170318399002000,12,4,0,0,1,0,7,5,0,7,8,0,6,6,0,15,0,0
44110,1000000US170318399002001,0,0,0,0,0,0,0,0,0,0,0,0,0,0,0,0,0,0
44111,1000000US170318399002002,53,21,3,1,24,0,6,47,0,6,32,3,35,29,6,62,1,0
44112,1000000US170318399002003,105,74,0,0,5,0,26,79,0,26,31,1,71,67,4,115,0,0
44113,1000000US170318399002004,162,94,19,2,11,0,38,124,0,38,68,5,126,119,7,186,1,0
44114,1000000US170318399002005,0,0,0,0,0,0,0,0,0,0,0,0,0,0,0,0,0,0
44115,1000000US170318399002006,0,0,0,0,0,0,0,0,0,0,0,0,0,0,0,0,0,0
44116,1000000US170318399002007,0,0,0,0,0,0,0,0,0,0,0,0,0,0,0,0,0,0
44117,1000000US170318399002008,2,0,0,1,1,0,1,1,0,1,2,1,1,1,0,4,0,0
44118,1000000US170318399002009,0,0,0,0,0,0,0,0,0,0,0,0,0,0,0,0,0,0
44119,1000000US170318399002010,0,0,0,0,0,0,0,0,0,0,0,0,0,0,0,0,0,0
44120,1000000US170318399002011,0,0,0,0,0,0,0,0,0,0,0,0,0,0,0,0,0,0
44121,1000000US170318399002012,0,0,0,0,0,0,0,0,0,0,0,0,0,0,0,0,0,0
44122,1000000US170318399002013,0,0,0,0,0,0,0,0,0,0,0,0,0,0,0,0,0,0
44123,1000000US170318399002014,0,0,0,0,0,0,0,0,0,0,0,0,0,0,0,0,0,0
44124,1000000US170318399002015,0,0,0,0,0,0,0,0,0,0,0,0,0,0,0,0,0,0
44125,1000000US170318399002016,0,0,0,0,0,0,0,0,0,0,0,0,0,0,0,0,0,0
44126,1000000US170318399002017,2,0,0,1,0,0,2,0,0,2,2,0,1,1,0,5,1,0
44127,1000000US170318399002018,45,19,0,0,1,0,25,20,0,25,26,0,18,17,1,63,0,0
44128,1000000US170318399002019,10,7,0,0,1,0,2,8,0,2,3,1,9,8,1,11,0,0
44129,1000000US170318399002020,70,29,4,0,20,4,13,57,0,13,41,1,44,36,8,83,0,0
44130,1000000US170318399002021,12,6,0,0,3,0,3,9,0,3,6,0,14,7,7,16,0,0
44131,1000000US170318399002022,43,14,2,0,4,0,22,21,0,22,29,0,21,19,2,54,0,0
44132,1000000US170318399002023,55,22,2,0,6,0,25,30,0,25,33,1,30,30,0,80,0,0
44133,1000000US170318399002024,53,27,1,0,4,0,21,32,0,21,26,0,32,28,4,64,0,0
44134,1000000US170318399002025,23,11,0,1,10,0,1,22,0,1,12,3,19,14,5,35,0,0
44135,1000000US170318399002026,16,9,0,0,3,0,5,11,0,5,7,1,12,10,2,28,0,0
44136,1000000US170318399002027,31,14,2,0,7,0,8,23,0,8,17,3,16,15,1,35,0,0
44137,1000000US170318399002028,6,4,0,0,0,0,2,4,0,2,2,1,2,2,0,8,0,0
44138,1000000US170318399002029,28,27,1,0,0,0,0,28,0,0,1,0,10,10,0,28,0,0
44139,1000000US170318399002030,17,4,0,0,11,0,2,15,0,2,13,2,14,11,3,17,0,0
44140,1000000US170318399002031,36,13,0,0,0,0,23,13,0,23,23,0,14,14,0,44,0,0
44141,1000000US170318399002032,6,6,0,0,0,0,0,6,0,0,0,0,4,4,0,6,0,0
44142,1000000US170318399002033,19,13,0,0,0,0,6,13,0,6,6,0,10,8,2,26,0,0
44143,1000000US170318399002034,7,7,0,0,0,0,0,7,0,0,0,0,3,3,0,7,0,0
44144,1000000US170318399002035,42,25,0,0,12,1,5,37,0,5,17,1,18,17,1,62,0,0
44145,1000000US170318399002036,23,15,0,0,6,0,3,20,0,3,8,0,12,12,0,37,0,0
44146,1000000US170318399002037,18,4,0,1,1,0,13,5,0,13,14,5,9,9,0,26,0,0
44147,1000000US170318399002038,19,14,3,0,1,0,1,18,0,1,5,0,8,7,1,19,0,0
44148,1000000US170318399002039,0,0,0,0,0,0,0,0,0,0,0,0,0,0,0,0,0,0
44149,1000000US170318399002040,0,0,0,0,0,0,0,0,0,0,0,0,0,0,0,0,0,0
44150,1000000US170318399002041,0,0,0,0,0,0,0,0,0,0,0,0,0,0,0,0,0,0
44151,1000000US170318399002042,0,0,0,0,0,0,0,0,0,0,0,0,0,0,0,0,0,0
44152,1000000US170318399002043,20,5,2,0,5,0,8,12,0,8,15,0,8,8,0,20,0,0
44153,1000000US170318399002044,0,0,0,0,0,0,0,0,0,0,0,0,0,0,0,0,0,0
44154,1000000US170318399002045,0,0,0,0,0,0,0,0,0,0,0,0,0,0,0,0,0,0
44155,1000000US170318399002046,0,0,0,0,0,0,0,0,0,0,0,0,0,0,0,0,0,0
44156,1000000US170318399002047,0,0,0,0,0,0,0,0,0,0,0,0,0,0,0,0,0,0
44157,1000000US170318399002048,0,0,0,0,0,0,0,0,0,0,0,0,0,0,0,0,0,0
44158,1000000US170318399003000,24,2,0,2,16,0,6,18,0,6,22,0,11,10,1,33,2,0
44159,1000000US170318399003001,37,28,2,4,1,0,6,31,0,6,9,5,23,23,0,46,0,0
44160,1000000US170318399003002,43,40,3,0,0,0,0,43,0,0,3,2,25,22,3,49,0,0
44161,1000000US170318399003003,60,47,1,1,6,0,6,54,0,6,13,1,37,32,5,71,1,0
44162,1000000US170318399003004,80,61,0,0,2,0,17,63,0,17,19,0,47,45,2,91,0,0
44163,1000000US170318399003005,96,74,1,6,8,0,8,88,0,8,22,3,53,46,7,106,4,0
44164,1000000US170318399003006,68,46,0,2,6,0,14,54,0,14,22,7,39,36,3,75,0,0
44165,1000000US170318399003007,85,50,0,0,21,0,15,70,0,15,35,1,43,40,3,91,0,0
44166,1000000US170318399003008,8,5,0,0,0,0,3,5,0,3,3,0,5,4,1,8,0,0
44167,1000000US170318399003009,17,12,0,0,3,0,2,15,0,2,5,0,11,10,1,20,0,0
44168,1000000US170318399003010,49,27,0,4,8,0,14,35,0,14,22,1,29,29,0,55,3,0
44169,1000000US170318399003011,61,20,5,4,13,0,22,39,0,22,41,1,27,25,2,85,4,0
44170,1000000US170318399003012,47,25,6,1,9,0,8,39,0,8,22,4,31,27,4,56,1,2
44171,1000000US170318399004000,42,15,0,0,11,0,16,26,0,16,27,0,26,22,4,54,0,0
44172,1000000US170318399004001,74,35,4,0,9,1,25,49,0,25,39,1,44,39,5,99,0,0
44173,1000000US170318399004002,51,42,0,0,0,0,9,42,0,9,9,0,36,29,7,61,0,0
44174,1000000US170318399004003,91,72,0,0,0,0,19,72,0,19,19,0,46,42,4,115,0,0
44175,1000000US170318399004004,66,53,0,1,6,0,6,60,0,6,13,1,35,32,3,93,0,0
44176,1000000US170318399004005,71,50,0,1,9,0,11,60,0,11,21,1,37,37,0,92,0,0
44177,1000000US170318399004006,69,43,0,5,2,0,24,45,0,24,26,0,43,41,2,94,5,0
44178,1000000US170318399004007,8,2,0,0,0,0,6,2,0,6,6,2,5,4,1,14,0,0
44179,1000000US170318399004008,58,38,0,3,11,0,7,51,0,7,20,3,28,27,1,65,0,0
44180,1000000US170318399004009,49,28,1,3,8,0,10,39,0,10,21,4,28,25,3,61,0,0
44181,1000000US170318399005000,62,33,0,4,6,0,23,39,0,23,29,4,28,28,0,85,1,0
44182,1000000US170318399005001,72,32,1,0,16,0,24,48,0,24,40,1,41,41,0,102,0,0
44183,1000000US170318399005002,51,15,1,0,25,0,9,42,0,9,36,1,29,24,5,66,0,0
44184,1000000US170318399005003,37,28,0,0,6,0,3,34,0,3,9,1,24,20,4,50,0,0
44185,1000000US170318399005004,61,52,0,0,1,0,8,53,0,8,9,0,32,32,0,79,0,0
44186,1000000US170318399005005,75,63,0,0,0,0,12,63,0,12,12,1,42,42,0,96,0,0
44187,1000000US170318399005006,52,42,1,0,9,0,0,52,0,0,10,2,32,28,4,61,0,0
44188,1000000US170318399005007,43,26,1,0,11,0,5,38,0,5,17,0,30,26,4,61,0,0
44189,1000000US170318399005008,59,14,0,2,31,0,15,44,0,15,45,4,36,32,4,89,0,0
44190,1000000US170318399005009,8,6,0,0,0,0,2,6,0,2,2,0,8,3,5,12,0,0
44191,1000000US170318399005010,0,0,0,0,0,0,0,0,0,0,0,0,0,0,0,0,0,0
44192,1000000US170318399005011,0,0,0,0,0,0,0,0,0,0,0,0,0,0,0,0,0,0
44193,1000000US170318400001000,41,9,6,0,24,0,4,37,0,4,32,1,15,15,0,52,0,1
44194,1000000US170318400001001,0,0,0,0,0,0,0,0,0,0,0,0,0,0,0,0,0,0
44195,1000000US170318400001002,47,27,3,0,8,0,9,38,0,9,20,0,29,27,2,55,0,0
44196,1000000US170318400001003,61,36,0,0,11,0,14,47,0,14,25,4,29,28,1,77,0,0
44197,1000000US170318400001004,20,12,0,0,3,0,5,15,0,5,8,0,16,12,4,28,0,0
44198,1000000US170318400001005,31,14,0,0,14,0,3,28,0,3,17,0,20,19,1,47,0,0
44199,1000000US170318400001006,29,12,0,0,6,0,12,17,0,12,17,0,17,14,3,33,0,0
44200,1000000US170318400001007,26,10,0,0,6,0,10,16,0,10,16,0,13,13,0,32,0,0
44201,1000000US170318400001008,49,23,0,0,13,0,13,36,0,13,26,0,29,26,3,61,0,0
44202,1000000US170318400001009,34,7,1,0,16,0,10,24,0,10,27,0,19,17,2,43,0,0
44203,1000000US170318400001010,79,17,1,0,54,0,6,73,0,6,62,1,47,38,9,105,0,0
44204,1000000US170318400001011,36,10,1,0,10,0,16,20,0,16,26,1,19,19,0,47,0,1
44205,1000000US170318400001012,34,8,1,0,19,0,6,28,0,6,26,0,11,11,0,36,0,0
44206,1000000US170318400001013,76,27,0,1,47,0,2,74,0,2,49,2,26,26,0,91,0,0
44207,1000000US170318400001014,0,0,0,0,0,0,0,0,0,0,0,0,0,0,0,0,0,0
44208,1000000US170318400001015,43,12,3,0,25,0,3,40,0,3,31,0,22,19,3,58,0,0
44209,1000000US170318400001016,77,34,0,0,34,0,9,68,0,9,43,0,43,43,0,110,0,0
44210,1000000US170318400001017,66,29,0,0,35,0,2,64,0,2,37,0,31,27,4,85,0,0
44211,1000000US170318400001018,37,19,0,2,11,0,7,30,0,7,18,0,15,15,0,41,2,0
44212,1000000US170318400001019,52,19,0,0,18,0,15,37,0,15,33,0,29,28,1,58,0,0
44213,1000000US170318400001020,52,38,0,0,10,0,4,48,0,4,14,0,30,27,3,60,0,0
44214,1000000US170318400001021,27,13,0,0,9,0,5,22,0,5,14,0,16,13,3,37,0,0
44215,1000000US170318400001022,74,36,0,1,37,0,0,74,0,0,38,0,35,34,1,88,1,0
44216,1000000US170318400001023,0,0,0,0,0,0,0,0,0,0,0,0,0,0,0,0,0,0
44217,1000000US170318400001024,0,0,0,0,0,0,0,0,0,0,0,0,0,0,0,0,0,0
44218,1000000US170318400001025,0,0,0,0,0,0,0,0,0,0,0,0,0,0,0,0,0,0
44219,1000000US170318400001026,0,0,0,0,0,0,0,0,0,0,0,0,0,0,0,0,0,0
44220,1000000US170318400001027,84,52,1,1,25,0,7,77,0,7,32,0,41,41,0,113,1,1
44221,1000000US170318400001028,111,61,2,2,26,0,22,89,0,22,50,1,57,53,4,131,2,0
44222,1000000US170318400001029,186,57,5,5,54,0,68,118,0,68,129,5,100,89,11,235,5,0
44223,1000000US170318400002000,0,0,0,0,0,0,0,0,0,0,0,0,0,0,0,0,0,0
44224,1000000US170318400002001,0,0,0,0,0,0,0,0,0,0,0,0,0,0,0,0,0,0
44225,1000000US170318400002002,88,53,5,3,24,0,6,82,0,6,35,2,40,38,2,123,3,1
44226,1000000US170318400002003,39,12,0,0,20,0,7,32,0,7,27,1,17,17,0,58,0,0
44227,1000000US170318400002004,40,15,0,0,16,0,8,32,0,8,25,0,20,19,1,50,0,0
44228,1000000US170318400002005,18,11,0,0,0,0,7,11,0,7,7,0,10,10,0,27,0,0
44229,1000000US170318400002006,46,24,0,0,4,0,18,28,0,18,22,0,20,19,1,55,0,0
44230,1000000US170318400002007,49,22,0,1,6,0,20,29,0,20,27,2,23,21,2,57,0,0
44231,1000000US170318400002008,162,110,2,0,18,0,34,128,0,34,52,0,75,75,0,221,0,0
44232,1000000US170318400002009,51,31,0,0,9,0,11,40,0,11,20,1,26,24,2,60,0,0
44233,1000000US170318400002010,71,29,0,2,24,1,17,54,0,17,42,5,36,33,3,99,0,0
44234,1000000US170318400002011,55,40,0,0,0,0,15,40,0,15,15,3,28,28,0,83,0,0
44235,1000000US170318400002012,49,22,0,0,19,0,8,41,0,8,27,1,20,20,0,65,0,0
44236,1000000US170318400002013,58,34,1,1,6,0,17,41,0,17,24,1,34,31,3,70,1,0
44237,1000000US170318400002014,0,0,0,0,0,0,0,0,0,0,0,0,0,0,0,0,0,0
44238,1000000US170318400002015,0,0,0,0,0,0,0,0,0,0,0,0,0,0,0,0,0,0
44239,1000000US170318400002016,4,2,0,0,0,0,2,2,0,2,2,0,2,2,0,4,0,0
44240,1000000US170318401001000,0,0,0,0,0,0,0,0,0,0,0,0,0,0,0,0,0,0
44241,1000000US170318401001001,79,14,0,0,63,0,2,77,0,2,65,2,38,32,6,98,0,0
44242,1000000US170318401001002,21,3,0,0,18,0,0,21,0,0,18,0,7,7,0,24,0,0
44243,1000000US170318401001003,40,10,0,0,27,0,3,37,0,3,30,1,24,21,3,48,0,0
44244,1000000US170318401001004,78,18,1,0,45,0,14,64,0,14,60,2,39,39,0,101,0,0
44245,1000000US170318401001005,47,4,0,1,42,0,0,47,0,0,43,1,24,19,5,51,0,0
44246,1000000US170318401001006,47,15,0,0,27,0,5,42,0,5,32,0,25,22,3,60,0,0
44247,1000000US170318401001007,100,5,0,0,95,0,0,100,0,0,95,0,34,32,2,128,0,0
44248,1000000US170318401001008,46,9,0,0,36,0,1,45,0,1,37,0,20,19,1,53,0,0
44249,1000000US170318401001009,22,2,0,1,13,0,6,16,0,6,20,4,10,10,0,27,0,0
44250,1000000US170318401001010,93,20,0,0,56,0,17,76,0,17,73,0,36,35,1,112,0,0
44251,1000000US170318401001011,102,13,0,0,86,0,3,99,0,3,89,0,38,33,5,124,0,0
44252,1000000US170318401001012,97,19,6,0,59,0,18,79,0,18,78,6,47,41,6,129,0,0
44253,1000000US170318401001013,3,3,0,0,0,0,0,3,0,0,0,0,0,0,0,3,0,0
44254,1000000US170318401001014,56,17,0,1,27,0,11,45,0,11,39,2,35,29,6,75,0,0
44255,1000000US170318401001015,53,23,0,0,18,0,12,41,0,12,30,0,26,23,3,68,0,0
44256,1000000US170318401002000,0,0,0,0,0,0,0,0,0,0,0,0,0,0,0,0,0,0
44257,1000000US170318401002001,99,1,1,0,86,0,11,88,0,11,98,3,38,36,2,128,0,0
44258,1000000US170318401002002,95,5,0,1,67,0,23,72,0,23,90,0,45,41,4,120,1,0
44259,1000000US170318401002003,63,6,0,0,56,0,1,62,0,1,57,0,29,26,3,76,0,0
44260,1000000US170318401002004,0,0,0,0,0,0,0,0,0,0,0,0,0,0,0,0,0,0
44261,1000000US170318401002005,0,0,0,0,0,0,0,0,0,0,0,0,0,0,0,0,0,0
44262,1000000US170318401002006,0,0,0,0,0,0,0,0,0,0,0,0,0,0,0,0,0,0
44263,1000000US170318401002007,73,26,0,0,46,0,2,71,0,2,47,1,31,31,0,83,0,0
44264,1000000US170318401002008,93,33,1,0,40,0,20,73,0,20,60,4,42,42,0,126,0,1
44265,1000000US170318401002009,60,13,0,0,43,0,4,56,0,4,47,0,30,28,2,84,0,0
44266,1000000US170318401002010,104,39,0,0,55,0,13,91,0,13,65,0,54,48,6,120,0,0
44267,1000000US170318401002011,93,44,1,1,38,0,10,83,0,10,49,3,50,45,5,110,1,0
44268,1000000US170318401002012,135,54,0,1,68,0,13,122,0,13,81,1,61,59,2,182,0,0
44269,1000000US170318401002013,0,0,0,0,0,0,0,0,0,0,0,0,0,0,0,0,0,0
44270,1000000US170318401002014,103,27,0,0,63,0,13,90,0,13,76,2,54,50,4,160,0,0
44271,1000000US170318401002015,69,30,2,1,26,0,11,58,0,11,39,0,36,34,2,89,1,0
44272,1000000US170318401002016,119,36,0,0,77,1,5,114,0,5,83,3,58,56,2,142,0,0
44273,1000000US170318401002017,103,34,1,2,62,0,9,94,0,9,69,3,51,49,2,133,0,0
44274,1000000US170318401002018,65,29,1,0,27,0,8,57,0,8,36,1,34,34,0,89,0,0
44275,1000000US170318401002019,56,23,0,1,21,0,12,44,0,12,33,4,38,34,4,72,1,0
44276,1000000US170318401002020,45,16,0,0,26,0,3,42,0,3,29,0,26,25,1,50,0,0
44277,1000000US170318401002021,0,0,0,0,0,0,0,0,0,0,0,0,0,0,0,0,0,0
44278,1000000US170318401002022,0,0,0,0,0,0,0,0,0,0,0,0,0,0,0,0,0,0
44279,1000000US170318401002023,22,5,0,0,14,0,3,19,0,3,17,0,14,12,2,23,0,0
44280,1000000US170318401002024,22,8,0,0,4,0,10,12,0,10,14,0,13,11,2,26,0,0
44281,1000000US170318401002025,21,9,0,0,8,0,4,17,0,4,12,0,17,12,5,21,0,0
44282,1000000US170318402001000,0,0,0,0,0,0,0,0,0,0,0,0,0,0,0,0,0,0
44283,1000000US170318402001001,0,0,0,0,0,0,0,0,0,0,0,0,0,0,0,0,0,0
44284,1000000US170318402001002,0,0,0,0,0,0,0,0,0,0,0,0,0,0,0,0,0,0
44285,1000000US170318402001003,0,0,0,0,0,0,0,0,0,0,0,0,0,0,0,0,0,0
44286,1000000US170318402001004,0,0,0,0,0,0,0,0,0,0,0,0,0,0,0,0,0,0
44287,1000000US170318402001005,0,0,0,0,0,0,0,0,0,0,0,0,0,0,0,0,0,0
44288,1000000US170318402001006,0,0,0,0,0,0,0,0,0,0,0,0,0,0,0,0,0,0
44289,1000000US170318402001007,5,0,1,0,4,0,0,5,0,0,5,0,18,2,16,6,0,0
44290,1000000US170318402001008,46,7,2,0,34,0,3,43,0,3,39,0,26,19,7,54,0,0
44291,1000000US170318402001009,0,0,0,0,0,0,0,0,0,0,0,0,0,0,0,0,0,0
44292,1000000US170318402001010,0,0,0,0,0,0,0,0,0,0,0,0,0,0,0,0,0,0
44293,1000000US170318402001011,0,0,0,0,0,0,0,0,0,0,0,0,0,0,0,0,0,0
44294,1000000US170318402001012,55,14,0,0,41,0,0,55,0,0,41,0,20,20,0,64,0,0
44295,1000000US170318402001013,0,0,0,0,0,0,0,0,0,0,0,0,0,0,0,0,0,0
44296,1000000US170318402001014,0,0,0,0,0,0,0,0,0,0,0,0,8,0,8,0,0,0
44297,1000000US170318402001015,0,0,0,0,0,0,0,0,0,0,0,0,0,0,0,0,0,0
44298,1000000US170318402001016,17,0,2,0,14,1,1,16,0,1,17,0,7,5,2,17,0,0
44299,1000000US170318402001017,0,0,0,0,0,0,0,0,0,0,0,0,0,0,0,0,0,0
44300,1000000US170318402001018,8,7,0,0,1,0,0,8,0,0,1,0,7,4,3,9,0,0
44301,1000000US170318402001019,0,0,0,0,0,0,0,0,0,0,0,0,0,0,0,0,0,0
44302,1000000US170318402001020,1,0,0,0,0,0,1,0,0,1,1,0,1,1,0,1,0,0
44303,1000000US170318402001021,0,0,0,0,0,0,0,0,0,0,0,0,0,0,0,0,0,0
44304,1000000US170318402001022,107,22,15,0,57,0,13,94,0,13,85,0,46,45,1,164,0,0
44305,1000000US170318402001023,17,5,1,0,11,0,0,17,0,0,12,0,6,6,0,24,0,0
44306,1000000US170318402001024,20,18,0,0,1,0,1,19,0,1,2,0,10,10,0,20,0,0
44307,1000000US170318402001025,25,19,0,2,0,0,6,19,0,6,6,0,15,15,0,29,2,0
44308,1000000US170318402001026,0,0,0,0,0,0,0,0,0,0,0,0,0,0,0,0,0,0
44309,1000000US170318402001027,0,0,0,0,0,0,0,0,0,0,0,0,0,0,0,0,0,0
44310,1000000US170318402001028,0,0,0,0,0,0,0,0,0,0,0,0,0,0,0,0,0,0
44311,1000000US170318402001029,0,0,0,0,0,0,0,0,0,0,0,0,0,0,0,0,0,0
44312,1000000US170318402001030,0,0,0,0,0,0,0,0,0,0,0,0,0,0,0,0,0,0
44313,1000000US170318402001031,0,0,0,0,0,0,0,0,0,0,0,0,0,0,0,0,0,0
44314,1000000US170318402001032,0,0,0,0,0,0,0,0,0,0,0,0,0,0,0,0,0,0
44315,1000000US170318402001033,2,0,0,0,2,0,0,2,0,0,2,0,1,1,0,3,0,0
44316,1000000US170318402001034,0,0,0,0,0,0,0,0,0,0,0,0,0,0,0,0,0,0
44317,1000000US170318402001035,54,9,0,0,38,0,7,47,0,7,45,0,30,25,5,67,0,0
44318,1000000US170318402001036,0,0,0,0,0,0,0,0,0,0,0,0,0,0,0,0,0,0
44319,1000000US170318402001037,0,0,0,0,0,0,0,0,0,0,0,0,0,0,0,0,0,0
44320,1000000US170318402001038,0,0,0,0,0,0,0,0,0,0,0,0,0,0,0,0,0,0
44321,1000000US170318402001039,0,0,0,0,0,0,0,0,0,0,0,0,0,0,0,0,0,0
44322,1000000US170318402001040,16,0,0,0,16,0,0,16,0,0,16,0,6,6,0,18,0,0
44323,1000000US170318402001041,4,0,1,0,0,0,3,1,0,3,4,1,4,4,0,4,0,0
44324,1000000US170318402001042,8,1,0,0,7,0,0,8,0,0,7,0,6,3,3,8,0,0
44325,1000000US170318402001043,2,0,2,0,0,0,0,2,0,0,2,1,1,1,0,2,0,0
44326,1000000US170318402001044,45,8,0,0,12,0,25,20,0,25,37,0,26,20,6,76,0,0
44327,1000000US170318402001045,9,0,0,0,9,0,0,9,0,0,9,0,3,3,0,12,0,0
44328,1000000US170318402001046,1,0,0,0,0,0,1,0,0,1,1,0,2,1,1,1,0,0
44329,1000000US170318402001047,90,2,0,0,88,0,0,90,0,0,88,0,30,29,1,129,0,0
44330,1000000US170318402001048,0,0,0,0,0,0,0,0,0,0,0,0,0,0,0,0,0,0
44331,1000000US170318402001049,87,25,2,0,50,0,10,77,0,10,62,0,44,40,4,106,0,0
44332,1000000US170318402001050,66,6,0,0,54,0,6,60,0,6,60,0,18,17,1,87,0,0
44333,1000000US170318402001051,8,1,2,0,2,0,4,4,0,4,7,0,5,5,0,11,0,1
44334,1000000US170318402001052,72,8,3,3,43,2,19,53,0,19,64,2,39,30,9,100,3,1
44335,1000000US170318402001053,168,36,0,0,104,0,28,140,0,28,132,1,93,83,10,213,0,0
44336,1000000US170318402001054,197,44,0,3,114,0,39,158,0,39,153,1,97,88,9,249,3,0
44337,1000000US170318402001055,131,30,1,0,73,0,27,104,0,27,101,0,63,58,5,177,0,0
44338,1000000US170318402001056,168,43,6,1,83,0,35,133,0,35,125,3,86,76,10,213,0,0
44339,1000000US170318402001057,3,0,0,0,3,0,0,3,0,0,3,0,4,2,2,3,0,0
44340,1000000US170318402001058,112,23,3,0,76,0,10,102,0,10,89,0,46,40,6,138,0,0
44341,1000000US170318402001059,124,24,0,0,89,0,11,113,0,11,100,0,59,54,5,163,0,0
44342,1000000US170318402001060,133,23,0,0,56,0,54,79,0,54,110,1,63,58,5,170,0,0
44343,1000000US170318403001000,0,0,0,0,0,0,0,0,0,0,0,0,0,0,0,0,0,0
44344,1000000US170318403001001,0,0,0,0,0,0,0,0,0,0,0,0,0,0,0,0,0,0
44345,1000000US170318403001002,1,0,0,1,0,0,0,1,0,0,1,1,1,1,0,1,0,0
44346,1000000US170318403001003,0,0,0,0,0,0,0,0,0,0,0,0,0,0,0,0,0,0
44347,1000000US170318403001004,0,0,0,0,0,0,0,0,0,0,0,0,0,0,0,0,0,0
44348,1000000US170318403001005,55,3,7,0,22,0,23,32,0,23,52,0,35,27,8,78,0,0
44349,1000000US170318403001006,43,5,0,0,5,1,33,10,0,33,38,1,16,16,0,49,0,0
44350,1000000US170318403001007,30,1,0,0,6,0,23,7,0,23,29,0,12,11,1,45,0,0
44351,1000000US170318403001008,8,4,0,0,0,0,4,4,0,4,4,0,3,3,0,14,0,0
44352,1000000US170318403001009,68,12,0,3,4,0,49,19,0,49,56,2,28,28,0,92,2,0
44353,1000000US170318403001010,0,0,0,0,0,0,0,0,0,0,0,0,0,0,0,0,0,0
44354,1000000US170318403001011,0,0,0,0,0,0,0,0,0,0,0,0,0,0,0,0,0,0
44355,1000000US170318403001012,0,0,0,0,0,0,0,0,0,0,0,0,0,0,0,0,0,0
44356,1000000US170318403001013,0,0,0,0,0,0,0,0,0,0,0,0,0,0,0,0,0,0
44357,1000000US170318403001014,0,0,0,0,0,0,0,0,0,0,0,0,0,0,0,0,0,0
44358,1000000US170318403001015,47,4,6,0,10,0,27,20,0,27,43,1,30,24,6,78,0,0
44359,1000000US170318403001016,15,2,0,0,2,0,11,4,0,11,13,2,9,5,4,15,0,0
44360,1000000US170318403001017,69,23,0,3,3,0,42,27,0,42,46,0,35,29,6,108,3,0
44361,1000000US170318403001018,48,8,0,0,2,0,38,10,0,38,40,0,23,20,3,69,0,0
44362,1000000US170318403001019,22,14,0,0,0,0,8,14,0,8,8,0,12,9,3,22,0,0
44363,1000000US170318403001020,41,5,9,0,0,0,27,14,0,27,36,0,18,16,2,55,0,0
44364,1000000US170318403001021,103,26,18,3,27,0,30,73,0,30,77,1,45,42,3,156,3,0
44365,1000000US170318403001022,0,0,0,0,0,0,0,0,0,0,0,0,0,0,0,0,0,0
44366,1000000US170318403001023,0,0,0,0,0,0,0,0,0,0,0,0,0,0,0,0,0,0
44367,1000000US170318403001024,14,0,0,0,0,0,14,0,0,14,14,0,7,4,3,19,0,0
44368,1000000US170318403001025,51,13,2,1,1,0,35,16,0,35,38,0,30,22,8,65,1,0
44369,1000000US170318403001026,0,0,0,0,0,0,0,0,0,0,0,0,0,0,0,0,0,0
44370,1000000US170318403001027,0,0,0,0,0,0,0,0,0,0,0,0,0,0,0,0,0,0
44371,1000000US170318403001028,0,0,0,0,0,0,0,0,0,0,0,0,0,0,0,0,0,0
44372,1000000US170318403001029,6,0,0,0,6,0,0,6,0,0,6,0,1,1,0,6,0,0
44373,1000000US170318403001030,0,0,0,0,0,0,0,0,0,0,0,0,0,0,0,0,0,0
44374,1000000US170318403001031,0,0,0,0,0,0,0,0,0,0,0,0,0,0,0,0,0,0
44375,1000000US170318403002000,0,0,0,0,0,0,0,0,0,0,0,0,0,0,0,0,0,0
44376,1000000US170318403002001,0,0,0,0,0,0,0,0,0,0,0,0,0,0,0,0,0,0
44377,1000000US170318403002002,8,4,0,0,2,0,2,6,0,2,4,0,4,4,0,11,0,0
44378,1000000US170318403002003,0,0,0,0,0,0,0,0,0,0,0,0,0,0,0,0,0,0
44379,1000000US170318403002004,0,0,0,0,0,0,0,0,0,0,0,0,0,0,0,0,0,0
44380,1000000US170318403002005,0,0,0,0,0,0,0,0,0,0,0,0,0,0,0,0,0,0
44381,1000000US170318403002006,19,0,0,0,8,0,11,8,0,11,19,0,6,6,0,26,0,0
44382,1000000US170318403002007,16,1,0,0,4,0,11,5,0,11,15,0,7,7,0,23,0,0
44383,1000000US170318403002008,6,0,0,0,6,0,0,6,0,0,6,0,3,3,0,9,0,0
44384,1000000US170318403002009,15,4,0,0,2,0,10,5,0,10,11,0,9,8,1,17,0,0
44385,1000000US170318403002010,79,22,0,1,14,0,43,36,0,43,57,0,33,32,1,98,1,0
44386,1000000US170318403002011,49,12,0,1,19,0,19,30,0,19,37,1,29,23,6,64,1,0
44387,1000000US170318403002012,72,14,0,0,7,0,51,21,0,51,58,6,32,28,4,109,0,0
44388,1000000US170318403002013,0,0,0,0,0,0,0,0,0,0,0,0,1,0,1,0,0,0
44389,1000000US170318403002014,0,0,0,0,0,0,0,0,0,0,0,0,0,0,0,0,0,0
44390,1000000US170318403002015,16,8,0,1,2,0,6,10,0,6,8,0,9,7,2,23,1,0
44391,1000000US170318403002016,36,19,2,0,1,0,14,22,0,14,17,0,19,18,1,40,0,0
44392,1000000US170318403002017,9,3,2,0,0,0,4,5,0,4,6,0,7,6,1,10,0,0
44393,1000000US170318403002018,6,0,0,0,2,0,4,2,0,4,6,0,4,3,1,7,0,0
44394,1000000US170318403002019,23,9,0,0,0,0,14,9,0,14,14,0,8,7,1,29,0,0
44395,1000000US170318403002020,0,0,0,0,0,0,0,0,0,0,0,0,0,0,0,0,0,0
44396,1000000US170318403002021,17,2,0,0,12,0,3,14,0,3,15,0,6,6,0,23,0,0
44397,1000000US170318403002022,16,0,0,0,0,0,16,0,0,16,16,0,7,5,2,20,0,0
44398,1000000US170318403002023,25,7,0,0,2,0,16,9,0,16,18,0,12,10,2,33,0,0
44399,1000000US170318403002024,35,4,4,0,4,0,27,8,0,27,31,4,20,17,3,48,0,4
44400,1000000US170318403002025,35,9,0,0,19,0,7,28,0,7,26,0,16,16,0,48,0,0
44401,1000000US170318403002026,53,12,0,0,6,0,35,18,0,35,41,1,25,22,3,63,0,0
44402,1000000US170318403002027,58,3,0,0,20,0,35,23,0,35,55,0,21,20,1,82,0,0
44403,1000000US170318403002028,69,0,0,0,56,0,13,56,0,13,69,0,22,21,1,98,0,0
44404,1000000US170318403002029,88,7,0,3,11,0,68,20,0,68,81,0,38,36,2,141,3,0
44405,1000000US170318403002030,0,0,0,0,0,0,0,0,0,0,0,0,0,0,0,0,0,0
44406,1000000US170318403002031,0,0,0,0,0,0,0,0,0,0,0,0,0,0,0,0,0,0
44407,1000000US170318403002032,6,1,0,2,0,0,5,1,0,5,5,0,3,3,0,10,2,0
44408,1000000US170318403003000,88,15,2,0,30,0,41,47,0,41,73,0,31,31,0,130,0,0
44409,1000000US170318403003001,62,8,4,0,20,0,32,30,0,32,54,0,29,27,2,89,0,2
44410,1000000US170318403003002,77,10,8,0,16,0,48,29,0,48,67,0,35,31,4,103,0,5
44411,1000000US170318403003003,84,8,1,4,19,0,57,27,0,57,76,3,27,26,1,121,4,1
44412,1000000US170318403003004,82,10,0,0,0,0,71,11,0,71,72,0,28,24,4,114,0,0
44413,1000000US170318403003005,79,12,0,1,4,0,62,17,0,62,67,1,33,32,1,120,1,0
44414,1000000US170318403003006,68,5,1,1,26,0,36,32,0,36,63,3,31,30,1,97,0,0
44415,1000000US170318403003007,87,17,0,0,7,0,63,24,0,63,70,0,34,32,2,128,0,0
44416,1000000US170318403003008,63,24,4,0,5,0,34,29,0,34,39,1,25,24,1,89,0,4
44417,1000000US170318403003009,64,17,0,1,17,0,30,34,0,30,47,1,23,23,0,82,1,0
44418,1000000US170318403003010,104,24,0,11,2,0,75,29,0,75,80,7,42,41,1,131,9,0
44419,1000000US170318403003011,82,21,2,2,0,0,59,23,0,59,61,5,37,36,1,104,0,0
44420,1000000US170318403003012,50,15,0,0,4,0,31,19,0,31,35,0,18,18,0,67,0,0
44421,1000000US170318403003013,82,14,0,3,49,0,18,64,0,18,68,3,41,38,3,110,2,0
44422,1000000US170318403003014,42,12,0,0,9,0,21,21,0,21,30,0,21,18,3,50,0,0
44423,1000000US170318403003015,65,19,2,0,0,0,44,21,0,44,46,2,32,29,3,83,0,0
44424,1000000US170318403003016,26,5,0,0,19,0,2,24,0,2,21,0,13,12,1,30,0,0
44425,1000000US170318403003017,83,19,2,1,20,0,45,38,0,45,64,6,34,30,4,99,0,1
44426,1000000US170318403003018,98,28,1,6,8,0,62,36,0,62,70,0,45,38,7,123,6,1
44427,1000000US170318403003019,65,5,0,2,0,0,60,5,0,60,60,5,29,26,3,85,0,0
44428,1000000US170318403003020,8,0,0,0,0,0,8,0,0,8,8,0,2,2,0,9,0,0
44429,1000000US170318403003021,30,9,4,1,3,0,16,14,0,16,21,1,24,17,7,38,0,0
44430,1000000US170318403003022,35,7,0,2,3,0,23,12,0,23,28,3,23,21,2,43,1,0
44431,1000000US170318403003023,1,0,0,0,0,0,1,0,0,1,1,0,6,1,5,1,0,0
44432,1000000US170318404001000,0,0,0,0,0,0,0,0,0,0,0,0,0,0,0,0,0,0
44433,1000000US170318404001001,0,0,0,0,0,0,0,0,0,0,0,0,0,0,0,0,0,0
44434,1000000US170318404001002,0,0,0,0,0,0,0,0,0,0,0,0,0,0,0,0,0,0
44435,1000000US170318404001003,0,0,0,0,0,0,0,0,0,0,0,0,0,0,0,0,0,0
44436,1000000US170318404001004,0,0,0,0,0,0,0,0,0,0,0,0,0,0,0,0,0,0
44437,1000000US170318404001005,2,0,0,0,0,0,2,0,0,2,2,2,2,1,1,2,0,0
44438,1000000US170318404001006,0,0,0,0,0,0,0,0,0,0,0,0,0,0,0,0,0,0
44439,1000000US170318404001007,0,0,0,0,0,0,0,0,0,0,0,0,0,0,0,0,0,0
44440,1000000US170318404001008,0,0,0,0,0,0,0,0,0,0,0,0,0,0,0,0,0,0
44441,1000000US170318404001009,0,0,0,0,0,0,0,0,0,0,0,0,0,0,0,0,0,0
44442,1000000US170318404001010,0,0,0,0,0,0,0,0,0,0,0,0,0,0,0,0,0,0
44443,1000000US170318404001011,0,0,0,0,0,0,0,0,0,0,0,0,0,0,0,0,0,0
44444,1000000US170318404001012,0,0,0,0,0,0,0,0,0,0,0,0,0,0,0,0,0,0
44445,1000000US170318404001013,8,0,8,0,0,0,0,8,0,0,8,0,1,1,0,8,0,0
44446,1000000US170318404001014,35,16,0,0,9,0,10,25,0,10,19,1,17,17,0,43,0,0
44447,1000000US170318404001015,0,0,0,0,0,0,0,0,0,0,0,0,0,0,0,0,0,0
44448,1000000US170318404001016,32,13,1,0,0,0,18,14,0,18,19,0,18,17,1,39,0,0
44449,1000000US170318404001017,36,7,1,0,13,0,15,21,0,15,29,0,13,13,0,46,0,0
44450,1000000US170318404001018,0,0,0,0,0,0,0,0,0,0,0,0,0,0,0,0,0,0
44451,1000000US170318404001019,121,36,5,3,17,0,62,59,0,62,85,0,69,66,3,148,3,0
44452,1000000US170318404001020,0,0,0,0,0,0,0,0,0,0,0,0,0,0,0,0,0,0
44453,1000000US170318404001021,36,8,0,0,7,0,21,15,0,21,28,1,20,16,4,46,0,0
44454,1000000US170318404001022,35,1,0,0,18,0,16,19,0,16,34,0,16,15,1,50,0,0
44455,1000000US170318404001023,72,23,2,0,25,0,22,50,0,22,49,0,37,34,3,96,0,0
44456,1000000US170318404001024,22,13,0,0,0,0,9,13,0,9,9,0,20,17,3,22,0,0
44457,1000000US170318404001025,39,7,0,0,6,0,25,14,0,25,32,1,17,17,0,52,0,0
44458,1000000US170318404001026,22,11,0,0,4,0,7,15,0,7,11,0,9,9,0,24,0,0
44459,1000000US170318404001027,30,8,0,0,6,0,16,14,0,16,22,0,13,11,2,37,0,0
44460,1000000US170318404001028,0,0,0,0,0,0,0,0,0,0,0,0,0,0,0,0,0,0
44461,1000000US170318404001029,0,0,0,0,0,0,0,0,0,0,0,0,0,0,0,0,0,0
44462,1000000US170318404001030,0,0,0,0,0,0,0,0,0,0,0,0,0,0,0,0,0,0
44463,1000000US170318404001031,0,0,0,0,0,0,0,0,0,0,0,0,0,0,0,0,0,0
44464,1000000US170318404001032,0,0,0,0,0,0,0,0,0,0,0,0,0,0,0,0,0,0
44465,1000000US170318404001033,0,0,0,0,0,0,0,0,0,0,0,0,0,0,0,0,0,0
44466,1000000US170318404001034,0,0,0,0,0,0,0,0,0,0,0,0,0,0,0,0,0,0
44467,1000000US170318404001035,0,0,0,0,0,0,0,0,0,0,0,0,0,0,0,0,0,0
44468,1000000US170318404001036,0,0,0,0,0,0,0,0,0,0,0,0,0,0,0,0,0,0
44469,1000000US170318404001037,0,0,0,0,0,0,0,0,0,0,0,0,0,0,0,0,0,0
44470,1000000US170318404001038,41,17,0,0,8,0,16,25,0,16,24,0,32,31,1,51,0,0
44471,1000000US170318404001039,23,4,0,0,8,0,11,12,0,11,19,1,9,9,0,31,0,0
44472,1000000US170318404001040,44,8,0,0,16,0,20,24,0,20,36,0,21,18,3,58,0,0
44473,1000000US170318404001041,0,0,0,0,0,0,0,0,0,0,0,0,0,0,0,0,0,0
44474,1000000US170318404001042,0,0,0,0,0,0,0,0,0,0,0,0,0,0,0,0,0,0
44475,1000000US170318404001043,63,8,3,0,15,0,37,26,0,37,55,6,28,24,4,76,0,0
44476,1000000US170318404001044,21,6,2,0,6,0,7,14,0,7,15,1,13,12,1,30,0,0
44477,1000000US170318404001045,56,4,1,1,8,0,44,12,0,44,52,3,28,26,2,84,1,1
44478,1000000US170318404001046,82,19,0,2,24,0,37,45,0,37,63,1,34,32,2,120,2,0
44479,1000000US170318404001047,22,3,0,0,18,0,1,21,0,1,19,0,11,8,3,25,0,0
44480,1000000US170318404001048,48,15,2,0,8,0,23,25,0,23,33,0,25,22,3,71,0,0
44481,1000000US170318404001049,44,19,3,0,10,0,14,30,0,14,25,0,26,23,3,53,0,2
44482,1000000US170318404001050,0,0,0,0,0,0,0,0,0,0,0,0,0,0,0,0,0,0
44483,1000000US170318404001051,53,1,0,0,41,0,11,42,0,11,52,3,21,21,0,73,0,0
44484,1000000US170318404001052,0,0,0,0,0,0,0,0,0,0,0,0,0,0,0,0,0,0
44485,1000000US170318404001053,75,10,0,2,23,0,41,34,0,41,65,6,30,27,3,90,1,0
44486,1000000US170318404001054,27,0,0,0,11,0,16,11,0,16,27,0,11,11,0,35,0,0
44487,1000000US170318404001055,18,5,0,1,1,0,12,6,0,12,13,2,10,10,0,19,1,0
44488,1000000US170318404001056,0,0,0,0,0,0,0,0,0,0,0,0,0,0,0,0,0,0
44489,1000000US170318404002000,17,1,8,0,0,0,8,9,0,8,16,2,13,11,2,19,0,0
44490,1000000US170318404002001,15,7,1,0,6,0,1,14,0,1,8,1,5,5,0,20,0,0
44491,1000000US170318404002002,45,2,1,0,6,0,37,8,0,37,43,1,17,15,2,68,0,1
44492,1000000US170318404002003,52,2,0,0,18,0,32,20,0,32,50,0,20,20,0,67,0,0
44493,1000000US170318404002004,22,9,0,0,6,0,7,15,0,7,13,0,12,12,0,23,0,0
44494,1000000US170318404002005,40,6,0,0,12,0,22,18,0,22,34,0,20,19,1,53,0,0
44495,1000000US170318404002006,0,0,0,0,0,0,0,0,0,0,0,0,0,0,0,0,0,0
44496,1000000US170318404002007,89,11,3,0,70,0,6,83,0,6,78,0,38,37,1,117,0,1
44497,1000000US170318404002008,0,0,0,0,0,0,0,0,0,0,0,0,0,0,0,0,0,0
44498,1000000US170318404002009,0,0,0,0,0,0,0,0,0,0,0,0,0,0,0,0,0,0
44499,1000000US170318404002010,19,2,0,0,5,0,12,7,0,12,17,0,8,8,0,20,0,0
44500,1000000US170318404002011,53,17,2,0,11,0,25,28,0,25,36,0,20,20,0,68,0,2
44501,1000000US170318404002012,44,18,0,0,8,0,18,26,0,18,26,3,23,22,1,57,0,0
44502,1000000US170318404002013,30,0,0,0,9,0,21,9,0,21,30,0,19,15,4,45,0,0
44503,1000000US170318404002014,42,6,2,0,0,0,36,6,0,36,36,3,21,19,2,55,0,2
44504,1000000US170318404002015,55,2,0,0,21,0,32,23,0,32,53,1,24,22,2,67,0,0
44505,1000000US170318404002016,44,14,0,0,19,0,11,33,0,11,30,0,16,16,0,51,0,0
44506,1000000US170318404002017,49,11,0,0,23,0,15,34,0,15,38,0,27,24,3,73,0,0
44507,1000000US170318404002018,37,16,0,0,10,0,11,26,0,11,21,0,15,15,0,44,0,0
44508,1000000US170318404002019,57,9,0,0,11,0,37,20,0,37,48,4,26,22,4,77,0,0
44509,1000000US170318404002020,67,9,2,4,3,0,53,14,0,53,58,0,33,31,2,93,4,0
44510,1000000US170318404002021,46,19,1,0,15,0,11,35,0,11,27,0,19,19,0,61,0,0
44511,1000000US170318404002022,33,17,0,0,4,0,12,21,0,12,16,0,15,14,1,37,0,0
44512,1000000US170318404002023,36,4,0,0,12,0,20,16,0,20,32,0,17,16,1,47,0,0
44513,1000000US170318404002024,36,6,1,0,11,0,19,17,0,19,30,0,27,16,11,42,0,1
44514,1000000US170318404002025,16,13,0,0,0,0,3,13,0,3,3,0,12,11,1,19,0,0
44515,1000000US170318404002026,53,13,0,0,15,0,25,28,0,25,40,1,24,23,1,65,0,0
44516,1000000US170318404002027,40,18,0,0,17,0,5,35,0,5,22,0,21,19,2,54,0,0
44517,1000000US170318404002028,81,7,2,2,62,0,15,66,0,15,74,1,36,35,1,111,2,0
44518,1000000US170318404002029,70,11,0,0,52,0,7,63,0,7,59,2,26,24,2,88,0,0
44519,1000000US170318404002030,22,0,1,0,18,0,3,19,0,3,22,0,10,10,0,34,0,0
44520,1000000US170318404002031,85,10,0,0,43,0,39,46,0,39,75,2,29,28,1,101,0,0
44521,1000000US170318404002032,16,0,0,0,0,0,16,0,0,16,16,0,6,6,0,28,0,0
44522,1000000US170318404002033,48,7,0,1,11,0,30,18,0,30,41,0,24,24,0,63,1,0
44523,1000000US170318404002034,24,5,1,0,2,0,17,7,0,17,19,0,18,12,6,38,0,1
44524,1000000US170318404002035,49,4,1,0,21,0,23,26,0,23,45,0,23,21,2,73,0,0
44525,1000000US170318404002036,16,1,0,0,0,0,15,1,0,15,15,0,5,5,0,19,0,0
44526,1000000US170318407001000,0,0,0,0,0,0,0,0,0,0,0,0,0,0,0,0,0,0
44527,1000000US170318407001001,0,0,0,0,0,0,0,0,0,0,0,0,1,0,1,0,0,0
44528,1000000US170318407001002,17,0,0,2,0,0,17,0,0,17,17,1,8,7,1,32,2,0
44529,1000000US170318407001003,71,0,0,3,0,0,71,0,0,71,71,0,36,28,8,106,3,0
44530,1000000US170318407001004,3,0,0,0,0,0,3,0,0,3,3,0,1,1,0,3,0,0
44531,1000000US170318407001005,0,0,0,0,0,0,0,0,0,0,0,0,0,0,0,0,0,0
44532,1000000US170318407001006,136,25,15,0,3,0,96,40,0,96,111,4,69,62,7,191,0,1
44533,1000000US170318407001007,94,19,5,5,5,0,67,27,0,67,75,15,49,42,7,157,4,1
44534,1000000US170318407001008,30,0,0,0,0,0,30,0,0,30,30,0,10,10,0,45,0,0
44535,1000000US170318407001009,105,8,9,0,1,0,88,17,0,88,97,2,50,42,8,171,0,0
44536,1000000US170318407001010,120,15,20,8,0,0,78,42,0,78,105,4,73,61,12,195,7,0
44537,1000000US170318407001011,28,3,1,0,0,0,25,3,0,25,25,0,13,12,1,38,0,1
44538,1000000US170318407002000,104,0,4,0,2,0,100,4,0,100,104,0,52,41,11,148,0,2
44539,1000000US170318407002001,98,0,0,1,0,0,97,1,0,97,98,2,45,43,2,155,0,0
44540,1000000US170318407002002,55,21,6,2,1,0,27,28,0,27,34,1,29,24,5,61,2,0
44541,1000000US170318407002003,85,3,3,0,0,0,79,6,0,79,82,1,44,35,9,130,0,0
44542,1000000US170318407002004,45,2,0,4,0,0,42,3,0,42,43,5,29,25,4,65,0,0
44543,1000000US170318407002005,28,0,0,0,2,0,26,2,0,26,28,1,14,12,2,39,0,0
44544,1000000US170318407002006,89,3,2,0,0,0,86,3,0,86,86,2,40,39,1,145,0,2
44545,1000000US170318407002007,107,3,0,0,0,0,104,3,0,104,104,1,58,47,11,178,0,0
44546,1000000US170318407002008,78,0,0,0,0,0,78,0,0,78,78,3,36,31,5,130,0,0
44547,1000000US170318407002009,54,1,0,2,3,0,50,4,0,50,53,0,22,20,2,81,2,0
44548,1000000US170318407002010,20,1,1,0,0,0,18,2,0,18,19,0,13,10,3,37,0,0
44549,1000000US170318407002011,0,0,0,0,0,0,0,0,0,0,0,0,0,0,0,0,0,0
44550,1000000US170318407003000,5,0,3,0,0,0,2,3,0,2,5,0,0,0,0,5,0,0
44551,1000000US170318407003001,0,0,0,0,0,0,0,0,0,0,0,0,0,0,0,0,0,0
44552,1000000US170318407003002,17,0,3,0,0,0,14,3,0,14,17,0,7,7,0,25,0,0
44553,1000000US170318407003003,50,2,0,2,0,0,48,2,0,48,48,8,21,20,1,83,0,0
44554,1000000US170318407003004,90,4,11,0,0,0,74,16,0,74,86,7,44,39,5,130,0,0
44555,1000000US170318407003005,80,8,0,4,0,0,72,8,0,72,72,3,40,35,5,136,2,0
44556,1000000US170318407003006,0,0,0,0,0,0,0,0,0,0,0,0,0,0,0,0,0,0
44557,1000000US170318407003007,0,0,0,0,0,0,0,0,0,0,0,0,0,0,0,0,0,0
44558,1000000US170318407003008,147,15,3,12,6,0,119,28,0,119,132,6,64,57,7,207,12,0
44559,1000000US170318407003009,138,3,5,4,1,0,132,6,0,132,135,6,63,54,9,209,1,2
44560,1000000US170318407003010,53,2,0,1,0,0,50,3,0,50,51,1,36,26,10,81,1,0
44561,1000000US170318407003011,22,0,0,0,0,0,22,0,0,22,22,0,15,13,2,29,0,0
44562,1000000US170318407003012,35,1,4,1,1,1,31,4,0,31,34,5,17,12,5,46,0,1
44563,1000000US170318407003013,110,4,6,6,2,0,98,12,0,98,106,0,67,52,15,174,6,0
44564,1000000US170318407003014,109,15,11,5,1,0,88,21,0,88,94,5,60,48,12,163,5,6
44565,1000000US170318407003015,90,13,5,0,0,0,72,18,0,72,77,1,56,42,14,112,0,0
44566,1000000US170318407003016,0,0,0,0,0,0,0,0,0,0,0,0,0,0,0,0,0,0
44567,1000000US170318407003017,73,2,1,3,3,0,69,4,0,69,71,10,48,30,18,126,3,0
44568,1000000US170318407003018,0,0,0,0,0,0,0,0,0,0,0,0,0,0,0,0,0,0
44569,1000000US170318407003019,0,0,0,0,0,0,0,0,0,0,0,0,0,0,0,0,0,0
44570,1000000US170318407003020,107,29,6,0,0,0,74,33,0,74,78,0,63,52,11,146,0,2
44571,1000000US170318407003021,127,3,3,2,9,0,113,14,0,113,124,2,70,58,12,197,2,1
44572,1000000US170318407003022,188,5,55,1,4,3,127,61,0,127,183,6,38,33,5,273,0,2
44573,1000000US170318408001000,106,1,1,8,2,0,104,2,0,104,105,4,53,46,7,175,8,0
44574,1000000US170318408001001,111,1,5,5,0,0,109,2,0,109,110,4,51,43,8,165,4,5
44575,1000000US170318408001002,14,0,0,0,0,0,14,0,0,14,14,0,6,5,1,20,0,0
44576,1000000US170318408001003,1,0,0,0,0,0,1,0,0,1,1,0,1,1,0,1,0,0
44577,1000000US170318408001004,0,0,0,0,0,0,0,0,0,0,0,0,0,0,0,0,0,0
44578,1000000US170318408001005,91,1,0,1,0,0,89,2,0,89,90,5,50,41,9,140,1,0
44579,1000000US170318408001006,110,0,0,4,0,0,110,0,0,110,110,2,49,43,6,183,4,0
44580,1000000US170318408001007,104,0,0,2,0,0,104,0,0,104,104,1,39,38,1,158,2,0
44581,1000000US170318408001008,80,1,0,0,1,1,79,1,0,79,79,3,30,28,2,114,0,0
44582,1000000US170318408001009,93,0,2,0,0,0,91,2,0,91,93,4,38,37,1,152,0,2
44583,1000000US170318408001010,94,0,0,0,0,0,93,1,0,93,94,5,36,35,1,141,0,0
44584,1000000US170318408001011,120,1,2,4,0,0,119,1,0,119,119,8,51,44,7,172,4,2
44585,1000000US170318408001012,111,0,0,0,0,0,111,0,0,111,111,5,54,47,7,183,0,0
44586,1000000US170318408001013,124,2,3,6,0,0,120,4,0,120,122,4,54,49,5,218,6,1
44587,1000000US170318408001014,113,0,0,8,0,0,113,0,0,113,113,1,52,48,4,188,8,0
44588,1000000US170318408001015,98,5,1,1,0,0,91,7,0,91,93,5,40,38,2,162,1,0
44589,1000000US170318408001016,0,0,0,0,0,0,0,0,0,0,0,0,0,0,0,0,0,0
44590,1000000US170318408001017,110,1,1,2,0,0,109,1,0,109,109,0,45,41,4,160,2,1
44591,1000000US170318408001018,0,0,0,0,0,0,0,0,0,0,0,0,0,0,0,0,0,0
44592,1000000US170318408002000,7,0,0,0,0,0,7,0,0,7,7,0,3,3,0,12,0,0
44593,1000000US170318408002001,34,1,0,0,0,0,33,1,0,33,33,0,12,11,1,47,0,0
44594,1000000US170318408002002,76,0,0,2,7,0,69,7,0,69,76,0,35,30,5,121,2,0
44595,1000000US170318408002003,114,0,0,2,0,0,114,0,0,114,114,0,40,37,3,186,2,0
44596,1000000US170318408002004,90,6,0,0,0,0,84,6,0,84,84,0,42,37,5,153,0,0
44597,1000000US170318408002005,105,9,4,2,0,0,96,9,0,96,96,7,47,43,4,165,2,4
44598,1000000US170318408002006,114,5,2,0,5,0,102,12,0,102,109,5,52,46,6,174,0,0
44599,1000000US170318408002007,127,4,0,0,0,0,123,4,0,123,123,0,43,40,3,201,0,0
44600,1000000US170318408002008,99,1,0,10,0,0,98,1,0,98,98,2,36,33,3,148,10,0
44601,1000000US170318408002009,104,2,1,7,0,0,101,3,0,101,102,2,49,43,6,159,7,1
44602,1000000US170318408002010,8,0,0,0,0,0,8,0,0,8,8,0,5,4,1,17,0,0
44603,1000000US170318408002011,0,0,0,0,0,0,0,0,0,0,0,0,0,0,0,0,0,0
44604,1000000US170318408002012,1,0,0,0,0,0,1,0,0,1,1,0,1,1,0,1,0,0
44605,1000000US170318408002013,0,0,0,0,0,0,0,0,0,0,0,0,0,0,0,0,0,0
44606,1000000US170318410001000,0,0,0,0,0,0,0,0,0,0,0,0,0,0,0,0,0,0
44607,1000000US170318410001001,0,0,0,0,0,0,0,0,0,0,0,0,0,0,0,0,0,0
44608,1000000US170318410001002,0,0,0,0,0,0,0,0,0,0,0,0,0,0,0,0,0,0
44609,1000000US170318410001003,0,0,0,0,0,0,0,0,0,0,0,0,0,0,0,0,0,0
44610,1000000US170318410001004,0,0,0,0,0,0,0,0,0,0,0,0,0,0,0,0,0,0
44611,1000000US170318410001005,0,0,0,0,0,0,0,0,0,0,0,0,0,0,0,0,0,0
44612,1000000US170318410001006,0,0,0,0,0,0,0,0,0,0,0,0,0,0,0,0,0,0
44613,1000000US170318410001007,0,0,0,0,0,0,0,0,0,0,0,0,0,0,0,0,0,0
44614,1000000US170318410001008,0,0,0,0,0,0,0,0,0,0,0,0,0,0,0,0,0,0
44615,1000000US170318410001009,0,0,0,0,0,0,0,0,0,0,0,0,0,0,0,0,0,0
44616,1000000US170318410001010,0,0,0,0,0,0,0,0,0,0,0,0,0,0,0,0,0,0
44617,1000000US170318410001011,0,0,0,0,0,0,0,0,0,0,0,0,0,0,0,0,0,0
44618,1000000US170318410001012,0,0,0,0,0,0,0,0,0,0,0,0,0,0,0,0,0,0
44619,1000000US170318410001013,0,0,0,0,0,0,0,0,0,0,0,0,0,0,0,0,0,0
44620,1000000US170318410001014,0,0,0,0,0,0,0,0,0,0,0,0,0,0,0,0,0,0
44621,1000000US170318410001015,0,0,0,0,0,0,0,0,0,0,0,0,0,0,0,0,0,0
44622,1000000US170318410001016,0,0,0,0,0,0,0,0,0,0,0,0,0,0,0,0,0,0
44623,1000000US170318410001017,0,0,0,0,0,0,0,0,0,0,0,0,0,0,0,0,0,0
44624,1000000US170318410001018,0,0,0,0,0,0,0,0,0,0,0,0,0,0,0,0,0,0
44625,1000000US170318410001019,10,0,2,0,8,0,0,10,0,0,10,0,6,6,0,11,0,0
44626,1000000US170318410001020,0,0,0,0,0,0,0,0,0,0,0,0,0,0,0,0,0,0
44627,1000000US170318410001021,0,0,0,0,0,0,0,0,0,0,0,0,0,0,0,0,0,0
44628,1000000US170318410001022,0,0,0,0,0,0,0,0,0,0,0,0,0,0,0,0,0,0
44629,1000000US170318410001023,0,0,0,0,0,0,0,0,0,0,0,0,0,0,0,0,0,0
44630,1000000US170318410001024,0,0,0,0,0,0,0,0,0,0,0,0,0,0,0,0,0,0
44631,1000000US170318410001025,0,0,0,0,0,0,0,0,0,0,0,0,0,0,0,0,0,0
44632,1000000US170318410001026,0,0,0,0,0,0,0,0,0,0,0,0,0,0,0,0,0,0
44633,1000000US170318410001027,94,33,33,0,25,0,4,90,0,4,61,2,59,49,10,113,0,1
44634,1000000US170318410001028,27,15,7,0,5,0,0,27,0,0,12,0,23,18,5,30,0,0
44635,1000000US170318410001029,65,39,10,0,11,0,5,60,0,5,26,0,53,41,12,69,0,0
44636,1000000US170318410001030,0,0,0,0,0,0,0,0,0,0,0,0,0,0,0,0,0,0
44637,1000000US170318410001031,2,0,2,0,0,0,0,2,0,0,2,0,1,1,0,2,0,0
44638,1000000US170318410001032,0,0,0,0,0,0,0,0,0,0,0,0,0,0,0,0,0,0
44639,1000000US170318410001033,0,0,0,0,0,0,0,0,0,0,0,0,0,0,0,0,0,0
44640,1000000US170318410001034,0,0,0,0,0,0,0,0,0,0,0,0,0,0,0,0,0,0
44641,1000000US170318410001035,0,0,0,0,0,0,0,0,0,0,0,0,0,0,0,0,0,0
44642,1000000US170318410001036,0,0,0,0,0,0,0,0,0,0,0,0,0,0,0,0,0,0
44643,1000000US170318410001037,0,0,0,0,0,0,0,0,0,0,0,0,0,0,0,0,0,0
44644,1000000US170318410001038,0,0,0,0,0,0,0,0,0,0,0,0,0,0,0,0,0,0
44645,1000000US170318410001039,0,0,0,0,0,0,0,0,0,0,0,0,0,0,0,0,0,0
44646,1000000US170318410001040,0,0,0,0,0,0,0,0,0,0,0,0,0,0,0,0,0,0
44647,1000000US170318410001041,3,0,3,0,0,0,0,3,0,0,3,0,67,2,65,3,0,0
44648,1000000US170318410001042,13,0,13,0,0,0,0,13,0,0,13,0,70,5,65,23,0,0
44649,1000000US170318410001043,0,0,0,0,0,0,0,0,0,0,0,0,0,0,0,0,0,0
44650,1000000US170318410001044,0,0,0,0,0,0,0,0,0,0,0,0,0,0,0,0,0,0
44651,1000000US170318410001045,27,0,21,0,6,0,0,27,0,0,27,0,65,11,54,48,0,0
44652,1000000US170318410001046,0,0,0,0,0,0,0,0,0,0,0,0,0,0,0,0,0,0
44653,1000000US170318410001047,0,0,0,0,0,0,0,0,0,0,0,0,0,0,0,0,0,0
44654,1000000US170318410001048,0,0,0,0,0,0,0,0,0,0,0,0,0,0,0,0,0,0
44655,1000000US170318410001049,0,0,0,0,0,0,0,0,0,0,0,0,0,0,0,0,0,0
44656,1000000US170318410001050,0,0,0,0,0,0,0,0,0,0,0,0,0,0,0,0,0,0
44657,1000000US170318410001051,0,0,0,0,0,0,0,0,0,0,0,0,0,0,0,0,0,0
44658,1000000US170318410001052,0,0,0,0,0,0,0,0,0,0,0,0,0,0,0,0,0,0
44659,1000000US170318410001053,57,25,27,0,2,0,3,54,0,3,32,1,42,39,3,61,0,0
44660,1000000US170318410001054,0,0,0,0,0,0,0,0,0,0,0,0,0,0,0,0,0,0
44661,1000000US170318410001055,0,0,0,0,0,0,0,0,0,0,0,0,0,0,0,0,0,0
44662,1000000US170318410001056,0,0,0,0,0,0,0,0,0,0,0,0,0,0,0,0,0,0
44663,1000000US170318410001057,0,0,0,0,0,0,0,0,0,0,0,0,0,0,0,0,0,0
44664,1000000US170318410001058,199,17,137,6,39,0,10,189,0,10,182,8,182,155,27,218,3,3
44665,1000000US170318410001059,0,0,0,0,0,0,0,0,0,0,0,0,0,0,0,0,0,0
44666,1000000US170318410001060,121,19,65,0,35,0,3,118,0,3,102,4,84,75,9,140,0,0
44667,1000000US170318410001061,9,0,3,0,6,0,0,9,0,0,9,0,6,5,1,11,0,0
44668,1000000US170318410001062,0,0,0,0,0,0,0,0,0,0,0,0,0,0,0,0,0,0
44669,1000000US170318410001063,0,0,0,0,0,0,0,0,0,0,0,0,0,0,0,0,0,0
44670,1000000US170318410001064,0,0,0,0,0,0,0,0,0,0,0,0,0,0,0,0,0,0
44671,1000000US170318410001065,0,0,0,0,0,0,0,0,0,0,0,0,0,0,0,0,0,0
44672,1000000US170318410001066,0,0,0,0,0,0,0,0,0,0,0,0,0,0,0,0,0,0
44673,1000000US170318410001067,0,0,0,0,0,0,0,0,0,0,0,0,0,0,0,0,0,0
44674,1000000US170318410001068,0,0,0,0,0,0,0,0,0,0,0,0,0,0,0,0,0,0
44675,1000000US170318410001069,0,0,0,0,0,0,0,0,0,0,0,0,0,0,0,0,0,0
44676,1000000US170318410001070,108,29,64,0,7,0,8,100,0,8,79,2,92,71,21,120,0,0
44677,1000000US170318410001071,0,0,0,0,0,0,0,0,0,0,0,0,0,0,0,0,0,0
44678,1000000US170318410001072,0,0,0,0,0,0,0,0,0,0,0,0,0,0,0,0,0,0
44679,1000000US170318410001073,0,0,0,0,0,0,0,0,0,0,0,0,0,0,0,0,0,0
44680,1000000US170318410001074,0,0,0,0,0,0,0,0,0,0,0,0,0,0,0,0,0,0
44681,1000000US170318410001075,0,0,0,0,0,0,0,0,0,0,0,0,0,0,0,0,0,0
44682,1000000US170318410001076,0,0,0,0,0,0,0,0,0,0,0,0,0,0,0,0,0,0
44683,1000000US170318410001077,0,0,0,0,0,0,0,0,0,0,0,0,0,0,0,0,0,0
44684,1000000US170318410001078,0,0,0,0,0,0,0,0,0,0,0,0,0,0,0,0,0,0
44685,1000000US170318410001079,0,0,0,0,0,0,0,0,0,0,0,0,0,0,0,0,0,0
44686,1000000US170318410001080,0,0,0,0,0,0,0,0,0,0,0,0,0,0,0,0,0,0
44687,1000000US170318410001081,0,0,0,0,0,0,0,0,0,0,0,0,0,0,0,0,0,0
44688,1000000US170318410001082,0,0,0,0,0,0,0,0,0,0,0,0,0,0,0,0,0,0
44689,1000000US170318411001000,30,20,7,0,2,0,1,29,0,1,10,0,18,18,0,45,0,0
44690,1000000US170318411001001,0,0,0,0,0,0,0,0,0,0,0,0,0,0,0,0,0,0
44691,1000000US170318411001002,5,0,0,0,5,0,0,5,0,0,5,0,24,2,22,6,0,0
44692,1000000US170318411001003,0,0,0,0,0,0,0,0,0,0,0,0,0,0,0,0,0,0
44693,1000000US170318411001004,0,0,0,0,0,0,0,0,0,0,0,0,0,0,0,0,0,0
44694,1000000US170318411001005,0,0,0,0,0,0,0,0,0,0,0,0,0,0,0,0,0,0
44695,1000000US170318411001006,0,0,0,0,0,0,0,0,0,0,0,0,0,0,0,0,0,0
44696,1000000US170318411001007,99,7,1,0,90,0,1,98,0,1,92,0,49,38,11,126,0,0
44697,1000000US170318411001008,118,8,0,1,106,0,3,115,0,3,110,1,62,51,11,127,0,0
44698,1000000US170318411001009,0,0,0,0,0,0,0,0,0,0,0,0,0,0,0,0,0,0
44699,1000000US170318411001010,0,0,0,0,0,0,0,0,0,0,0,0,0,0,0,0,0,0
44700,1000000US170318411001011,0,0,0,0,0,0,0,0,0,0,0,0,0,0,0,0,0,0
44701,1000000US170318411001012,0,0,0,0,0,0,0,0,0,0,0,0,0,0,0,0,0,0
44702,1000000US170318411001013,293,7,19,0,263,0,6,287,0,6,286,3,133,122,11,355,0,1
44703,1000000US170318411001014,0,0,0,0,0,0,0,0,0,0,0,0,0,0,0,0,0,0
44704,1000000US170318411001015,68,2,0,0,66,0,0,68,0,0,66,0,29,27,2,85,0,0
44705,1000000US170318411001016,0,0,0,0,0,0,0,0,0,0,0,0,0,0,0,0,0,0
44706,1000000US170318411001017,30,0,0,0,30,0,0,30,0,0,30,0,14,13,1,44,0,0
44707,1000000US170318411001018,9,0,0,0,9,0,0,9,0,0,9,0,5,3,2,11,0,0
44708,1000000US170318411001019,154,18,2,0,132,1,3,151,0,3,136,4,71,69,2,180,0,0
44709,1000000US170318411001020,174,5,1,0,168,0,0,174,0,0,169,1,82,77,5,212,0,0
44710,1000000US170318411001021,23,2,0,0,20,0,1,22,0,1,21,0,12,10,2,27,0,0
44711,1000000US170318411001022,4,0,0,0,4,0,0,4,0,0,4,0,2,2,0,4,0,0
44712,1000000US170318411001023,0,0,0,0,0,0,0,0,0,0,0,0,0,0,0,0,0,0
44713,1000000US170318411001024,202,1,1,0,199,0,3,199,0,3,201,0,138,136,2,225,0,0
44714,1000000US170318411001025,0,0,0,0,0,0,0,0,0,0,0,0,0,0,0,0,0,0
44715,1000000US170318411001026,50,24,13,3,10,0,4,46,0,4,26,4,34,30,4,53,2,0
44716,1000000US170318411001027,0,0,0,0,0,0,0,0,0,0,0,0,0,0,0,0,0,0
44717,1000000US170318411001028,3,0,0,0,3,0,0,3,0,0,3,0,1,1,0,3,0,0
44718,1000000US170318411001029,0,0,0,0,0,0,0,0,0,0,0,0,0,0,0,0,0,0
44719,1000000US170318411001030,0,0,0,0,0,0,0,0,0,0,0,0,0,0,0,0,0,0
44720,1000000US170318411001031,0,0,0,0,0,0,0,0,0,0,0,0,0,0,0,0,0,0
44721,1000000US170318411001032,0,0,0,0,0,0,0,0,0,0,0,0,0,0,0,0,0,0
44722,1000000US170318411001033,0,0,0,0,0,0,0,0,0,0,0,0,0,0,0,0,0,0
44723,1000000US170318411001034,0,0,0,0,0,0,0,0,0,0,0,0,0,0,0,0,0,0
44724,1000000US170318411001035,40,4,0,0,34,0,2,38,0,2,36,1,16,15,1,52,0,0
44725,1000000US170318411001036,3,0,2,0,1,0,0,3,0,0,3,0,4,2,2,5,0,0
44726,1000000US170318411001037,0,0,0,0,0,0,0,0,0,0,0,0,0,0,0,0,0,0
44727,1000000US170318411002000,0,0,0,0,0,0,0,0,0,0,0,0,0,0,0,0,0,0
44728,1000000US170318411002001,22,0,0,0,22,0,0,22,0,0,22,0,8,8,0,26,0,0
44729,1000000US170318411002002,14,0,1,1,13,0,0,14,0,0,14,1,8,7,1,16,0,0
44730,1000000US170318411002003,0,0,0,0,0,0,0,0,0,0,0,0,0,0,0,0,0,0
44731,1000000US170318411002004,0,0,0,0,0,0,0,0,0,0,0,0,0,0,0,0,0,0
44732,1000000US170318411002005,0,0,0,0,0,0,0,0,0,0,0,0,0,0,0,0,0,0
44733,1000000US170318411002006,95,7,0,0,88,0,0,95,0,0,88,1,38,37,1,128,0,0
44734,1000000US170318411002007,197,7,0,0,189,1,1,196,0,1,190,0,89,77,12,254,0,0
44735,1000000US170318411002008,199,8,0,0,191,0,0,199,0,0,191,1,79,75,4,248,0,0
44736,1000000US170318411002009,11,0,0,0,11,0,0,11,0,0,11,0,4,4,0,14,0,0
44737,1000000US170318411002010,20,0,1,0,19,0,0,20,0,0,20,0,5,5,0,21,0,0
44738,1000000US170318411002011,144,2,0,1,136,0,6,138,0,6,142,1,66,61,5,190,1,0
44739,1000000US170318411002012,116,2,0,0,112,0,2,114,0,2,114,2,93,49,44,150,0,0
44740,1000000US170318411002013,211,0,1,0,209,0,4,207,0,4,211,3,91,88,3,256,0,0
44741,1000000US170318411002014,5,0,0,0,5,0,0,5,0,0,5,0,3,3,0,6,0,0
44742,1000000US170318411002015,0,0,0,0,0,0,0,0,0,0,0,0,0,0,0,0,0,0
44743,1000000US170318411002016,98,1,0,0,89,0,8,90,0,8,97,0,43,37,6,125,0,0
44744,1000000US170318411002017,41,0,0,0,41,0,0,41,0,0,41,0,15,15,0,51,0,0
44745,1000000US170318411002018,201,10,5,0,183,2,4,197,0,4,191,2,82,73,9,257,0,0
44746,1000000US170318411002019,99,3,0,0,96,0,0,99,0,0,96,1,48,44,4,122,0,0
44747,1000000US170318411002020,141,15,6,0,119,4,1,140,0,1,126,6,65,60,5,175,0,0
44748,1000000US170318411002021,0,0,0,0,0,0,0,0,0,0,0,0,0,0,0,0,0,0
44749,1000000US170318411002022,174,2,0,0,168,0,4,170,0,4,172,5,72,67,5,220,0,0
44750,1000000US170318411002023,40,6,2,0,33,0,0,40,0,0,34,1,27,19,8,46,0,0
44751,1000000US170318411002024,23,0,1,0,22,0,0,23,0,0,23,0,12,12,0,25,0,0
44752,1000000US170318411002025,0,0,0,0,0,0,0,0,0,0,0,0,0,0,0,0,0,0
44753,1000000US170318411003000,8,0,0,0,8,0,0,8,0,0,8,0,3,3,0,10,0,0
44754,1000000US170318411003001,0,0,0,0,0,0,0,0,0,0,0,0,0,0,0,0,0,0
44755,1000000US170318411003002,152,2,3,0,136,0,12,140,0,12,150,0,58,53,5,197,0,0
44756,1000000US170318411003003,0,0,0,0,0,0,0,0,0,0,0,0,0,0,0,0,0,0
44757,1000000US170318411003004,0,0,0,0,0,0,0,0,0,0,0,0,0,0,0,0,0,0
44758,1000000US170318411003005,0,0,0,0,0,0,0,0,0,0,0,0,0,0,0,0,0,0
44759,1000000US170318411003006,0,0,0,0,0,0,0,0,0,0,0,0,0,0,0,0,0,0
44760,1000000US170318411003007,77,13,1,0,61,0,2,75,0,2,64,0,61,38,23,103,0,0
44761,1000000US170318411003008,73,2,0,0,67,0,4,69,0,4,71,0,30,30,0,80,0,0
44762,1000000US170318411003009,0,0,0,0,0,0,0,0,0,0,0,0,0,0,0,0,0,0
44763,1000000US170318411003010,100,47,9,0,21,0,23,77,0,23,53,0,77,65,12,109,0,0
44764,1000000US170318411003011,28,0,0,0,28,0,0,28,0,0,28,0,10,10,0,34,0,0
44765,1000000US170318411003012,31,0,0,0,31,0,0,31,0,0,31,0,10,10,0,41,0,0
44766,1000000US170318411003013,0,0,0,0,0,0,0,0,0,0,0,0,13,0,13,0,0,0
44767,1000000US170318411003014,35,0,0,0,35,0,0,35,0,0,35,1,14,13,1,43,0,0
44768,1000000US170318411003015,0,0,0,0,0,0,0,0,0,0,0,0,0,0,0,0,0,0
44769,1000000US170318411003016,0,0,0,0,0,0,0,0,0,0,0,0,0,0,0,0,0,0
44770,1000000US170318411003017,0,0,0,0,0,0,0,0,0,0,0,0,0,0,0,0,0,0
44771,1000000US170318411003018,6,0,0,0,6,0,0,6,0,0,6,0,3,3,0,8,0,0
44772,1000000US170318411003019,106,0,0,0,106,0,0,106,0,0,106,0,35,35,0,122,0,0
44773,1000000US170318411003020,11,0,0,0,11,0,0,11,0,0,11,0,3,3,0,11,0,0
44774,1000000US170318411003021,8,0,0,0,8,0,0,8,0,0,8,0,5,4,1,11,0,0
44775,1000000US170318411003022,80,4,1,0,71,1,5,75,0,5,76,2,42,40,2,95,0,0
44776,1000000US170318411003023,68,0,0,0,68,0,0,68,0,0,68,0,22,22,0,85,0,0
44777,1000000US170318411003024,0,0,0,0,0,0,0,0,0,0,0,0,1,0,1,0,0,0
44778,1000000US170318411003025,0,0,0,0,0,0,0,0,0,0,0,0,0,0,0,0,0,0
44779,1000000US170318411003026,0,0,0,0,0,0,0,0,0,0,0,0,0,0,0,0,0,0
44780,1000000US170318411003027,311,15,52,0,239,0,5,306,0,5,296,0,131,130,1,380,0,0
44781,1000000US170318411003028,0,0,0,0,0,0,0,0,0,0,0,0,0,0,0,0,0,0
44782,1000000US170318411003029,0,0,0,0,0,0,0,0,0,0,0,0,0,0,0,0,0,0
44783,1000000US170318411003030,0,0,0,0,0,0,0,0,0,0,0,0,0,0,0,0,0,0
44784,1000000US170318411003031,0,0,0,0,0,0,0,0,0,0,0,0,0,0,0,0,0,0
44785,1000000US170318411003032,0,0,0,0,0,0,0,0,0,0,0,0,0,0,0,0,0,0
44786,1000000US170318411003033,0,0,0,0,0,0,0,0,0,0,0,0,0,0,0,0,0,0
44787,1000000US170318411003034,0,0,0,0,0,0,0,0,0,0,0,0,0,0,0,0,0,0
44788,1000000US170318411003035,0,0,0,0,0,0,0,0,0,0,0,0,0,0,0,0,0,0
44789,1000000US170318411003036,0,0,0,0,0,0,0,0,0,0,0,0,0,0,0,0,0,0
44790,1000000US170318411003037,0,0,0,0,0,0,0,0,0,0,0,0,0,0,0,0,0,0
44791,1000000US170318411003038,0,0,0,0,0,0,0,0,0,0,0,0,0,0,0,0,0,0
44792,1000000US170318411003039,0,0,0,0,0,0,0,0,0,0,0,0,0,0,0,0,0,0
44793,1000000US170318411003040,0,0,0,0,0,0,0,0,0,0,0,0,0,0,0,0,0,0
44794,1000000US170318411003041,0,0,0,0,0,0,0,0,0,0,0,0,0,0,0,0,0,0
44795,1000000US170318411003042,0,0,0,0,0,0,0,0,0,0,0,0,0,0,0,0,0,0
44796,1000000US170318411003043,0,0,0,0,0,0,0,0,0,0,0,0,0,0,0,0,0,0
44797,1000000US170318411003044,189,20,2,0,163,0,4,185,0,4,169,0,74,72,2,235,0,0
44798,1000000US170318411003045,13,0,0,0,13,0,0,13,0,0,13,2,7,6,1,16,0,0
44799,1000000US170318411003046,29,1,0,0,28,0,0,29,0,0,28,0,12,12,0,38,0,0
44800,1000000US170318411003047,134,12,0,0,119,0,3,131,0,3,122,0,50,48,2,161,0,0
44801,1000000US170318411003048,0,0,0,0,0,0,0,0,0,0,0,0,0,0,0,0,0,0
44802,1000000US170318411004000,0,0,0,0,0,0,0,0,0,0,0,0,0,0,0,0,0,0
44803,1000000US170318411004001,0,0,0,0,0,0,0,0,0,0,0,0,0,0,0,0,0,0
44804,1000000US170318411004002,23,0,0,0,21,0,2,21,0,2,23,0,12,12,0,23,0,0
44805,1000000US170318411004003,0,0,0,0,0,0,0,0,0,0,0,0,0,0,0,0,0,0
44806,1000000US170318411004004,26,0,0,0,26,0,0,26,0,0,26,0,16,13,3,39,0,0
44807,1000000US170318411004005,26,0,0,0,26,0,0,26,0,0,26,1,17,15,2,27,0,0
44808,1000000US170318411004006,0,0,0,0,0,0,0,0,0,0,0,0,0,0,0,0,0,0
44809,1000000US170318411004007,0,0,0,0,0,0,0,0,0,0,0,0,0,0,0,0,0,0
44810,1000000US170318411004008,0,0,0,0,0,0,0,0,0,0,0,0,0,0,0,0,0,0
44811,1000000US170318411004009,2,2,0,0,0,0,0,2,0,0,0,0,1,1,0,2,0,0
44812,1000000US170318411004010,28,1,0,0,27,0,0,28,0,0,27,0,12,12,0,35,0,0
44813,1000000US170318411004011,152,2,0,4,150,0,0,152,0,0,150,4,74,71,3,184,4,0
44814,1000000US170318411004012,494,4,91,1,400,0,0,494,0,0,490,2,315,313,2,551,0,0
44815,1000000US170318411004013,28,0,0,0,25,0,3,25,0,3,28,0,10,10,0,35,0,0
44816,1000000US170318411004014,0,0,0,0,0,0,0,0,0,0,0,0,0,0,0,0,0,0
44817,1000000US170318411004015,0,0,0,0,0,0,0,0,0,0,0,0,0,0,0,0,0,0
44818,1000000US170318411004016,0,0,0,0,0,0,0,0,0,0,0,0,0,0,0,0,0,0
44819,1000000US170318411004017,0,0,0,0,0,0,0,0,0,0,0,0,0,0,0,0,0,0
44820,1000000US170318411004018,13,1,0,0,12,0,0,13,0,0,12,0,6,6,0,14,0,0
44821,1000000US170318411004019,175,2,1,0,173,0,0,175,0,0,173,2,76,72,4,207,0,0
44822,1000000US170318411004020,176,9,1,0,165,0,2,174,0,2,167,1,70,66,4,219,0,0
44823,1000000US170318411004021,223,6,3,0,216,0,0,223,0,0,217,3,86,76,10,249,0,0
44824,1000000US170318412001000,0,0,0,0,0,0,0,0,0,0,0,0,0,0,0,0,0,0
44825,1000000US170318412001001,107,17,3,0,2,0,85,22,0,85,90,0,59,50,9,155,0,0
44826,1000000US170318412001002,39,6,2,1,0,0,30,9,0,30,33,1,18,17,1,57,0,0
44827,1000000US170318412001003,0,0,0,0,0,0,0,0,0,0,0,0,0,0,0,0,0,0
44828,1000000US170318412001004,96,19,8,3,1,0,64,32,0,64,77,5,58,49,9,145,2,1
44829,1000000US170318412001005,147,16,4,3,1,0,124,23,0,124,131,8,70,58,12,210,0,0
44830,1000000US170318412001006,40,12,3,0,0,0,25,15,0,25,28,0,18,16,2,50,0,0
44831,1000000US170318412001007,135,22,6,1,0,0,111,24,0,111,113,3,62,56,6,199,1,4
44832,1000000US170318412001008,150,9,4,2,0,0,137,13,0,137,141,5,73,63,10,263,0,2
44833,1000000US170318412001009,109,20,1,0,0,0,88,21,0,88,89,7,55,48,7,164,0,0
44834,1000000US170318412001010,113,22,1,6,0,0,90,23,0,90,91,0,57,49,8,166,6,0
44835,1000000US170318412001011,60,1,1,3,0,0,58,2,0,58,59,2,36,25,11,92,3,0
44836,1000000US170318412001012,71,9,0,5,0,0,62,9,0,62,62,5,29,27,2,95,5,0
44837,1000000US170318412002000,0,0,0,0,0,0,0,0,0,0,0,0,0,0,0,0,0,0
44838,1000000US170318412002001,0,0,0,0,0,0,0,0,0,0,0,0,0,0,0,0,0,0
44839,1000000US170318412002002,20,3,1,0,1,0,16,4,0,16,17,1,10,10,0,33,0,1
44840,1000000US170318412002003,16,0,1,0,0,0,15,1,0,15,16,0,9,8,1,22,0,0
44841,1000000US170318412002004,40,2,2,0,0,0,36,4,0,36,38,0,17,15,2,58,0,0
44842,1000000US170318412002005,65,5,3,0,0,0,57,8,0,57,60,0,35,32,3,111,0,0
44843,1000000US170318412002006,14,0,0,2,0,0,14,0,0,14,14,0,6,6,0,24,2,0
44844,1000000US170318412002007,80,13,6,4,0,0,64,16,0,64,67,2,52,40,12,117,2,4
44845,1000000US170318412002008,0,0,0,0,0,0,0,0,0,0,0,0,0,0,0,0,0,0
44846,1000000US170318412002009,8,1,0,0,0,0,7,1,0,7,7,0,5,3,2,10,0,0
44847,1000000US170318412002010,0,0,0,0,0,0,0,0,0,0,0,0,0,0,0,0,0,0
44848,1000000US170318412002011,0,0,0,0,0,0,0,0,0,0,0,0,0,0,0,0,0,0
44849,1000000US170318412002012,0,0,0,0,0,0,0,0,0,0,0,0,0,0,0,0,0,0
44850,1000000US170318412002013,0,0,0,0,0,0,0,0,0,0,0,0,0,0,0,0,0,0
44851,1000000US170318412002014,0,0,0,0,0,0,0,0,0,0,0,0,0,0,0,0,0,0
44852,1000000US170318412002015,0,0,0,0,0,0,0,0,0,0,0,0,0,0,0,0,0,0
44853,1000000US170318412002016,123,27,4,1,3,0,89,34,0,89,96,2,65,57,8,155,1,0
44854,1000000US170318412002017,104,11,1,3,1,0,91,13,0,91,93,5,47,41,6,143,2,0
44855,1000000US170318412002018,0,0,0,0,0,0,0,0,0,0,0,0,0,0,0,0,0,0
44856,1000000US170318412002019,0,0,0,0,0,0,0,0,0,0,0,0,0,0,0,0,0,0
44857,1000000US170318412002020,0,0,0,0,0,0,0,0,0,0,0,0,0,0,0,0,0,0
44858,1000000US170318412002021,0,0,0,0,0,0,0,0,0,0,0,0,0,0,0,0,0,0
44859,1000000US170318412002022,4,0,2,0,0,2,2,2,0,2,4,0,2,2,0,10,0,0
44860,1000000US170318412002023,81,6,0,2,0,0,74,7,0,74,75,4,48,37,11,121,1,0
44861,1000000US170318412002024,114,12,5,3,0,4,98,16,0,98,102,9,56,50,6,150,3,1
44862,1000000US170318412002025,91,12,0,0,0,0,79,12,0,79,79,0,53,47,6,127,0,0
44863,1000000US170318412002026,106,21,10,1,0,0,77,29,0,77,85,3,54,50,4,160,0,2
44864,1000000US170318412002027,101,2,0,0,0,2,99,2,0,99,99,2,55,46,9,160,0,0
44865,1000000US170318412002028,0,0,0,0,0,0,0,0,0,0,0,0,0,0,0,0,0,0
44866,1000000US170318412002029,7,3,2,0,0,0,2,5,0,2,4,0,5,5,0,7,0,0
44867,1000000US170318412002030,0,0,0,0,0,0,0,0,0,0,0,0,0,0,0,0,0,0
44868,1000000US170318412002031,0,0,0,0,0,0,0,0,0,0,0,0,0,0,0,0,0,0
44869,1000000US170318412002032,0,0,0,0,0,0,0,0,0,0,0,0,1,0,1,0,0,0
44870,1000000US170318412002033,30,8,1,0,0,0,22,8,0,22,22,1,17,15,2,43,0,1
44871,1000000US170318412002034,32,0,0,2,0,0,32,0,0,32,32,0,13,13,0,46,2,0
44872,1000000US170318412002035,52,2,6,0,0,0,46,6,0,46,50,0,25,23,2,75,0,2
44873,1000000US170318412002036,0,0,0,0,0,0,0,0,0,0,0,0,0,0,0,0,0,0
44874,1000000US170318412002037,84,17,3,4,2,0,62,22,0,62,67,6,53,39,14,123,0,0
44875,1000000US170318412002038,109,16,0,5,1,0,92,17,0,92,93,2,48,45,3,136,5,0
44876,1000000US170318412003000,104,17,17,0,0,0,69,35,0,69,87,0,61,53,8,139,0,0
44877,1000000US170318412003001,167,20,28,4,1,0,117,50,0,117,147,5,94,81,13,240,4,1
44878,1000000US170318412003002,50,1,8,0,0,0,41,9,0,41,49,0,31,22,9,77,0,0
44879,1000000US170318412003003,163,24,20,3,2,0,120,43,0,120,139,11,77,71,6,232,1,3
44880,1000000US170318412003004,110,16,3,3,0,0,91,19,0,91,94,15,66,54,12,151,2,0
44881,1000000US170318412003005,83,7,4,5,0,0,72,11,0,72,76,5,48,37,11,120,4,0
44882,1000000US170318412003006,68,5,6,0,0,0,57,11,0,57,63,0,34,30,4,98,0,0
44883,1000000US170318412003007,105,4,5,8,0,0,98,7,0,98,101,6,54,48,6,152,8,2
44884,1000000US170318412003008,81,6,2,0,0,2,73,8,0,73,75,0,49,38,11,118,0,0
44885,1000000US170318412003009,76,28,3,0,0,0,45,31,0,45,48,1,47,43,4,103,0,0
44886,1000000US170318412003010,14,6,0,1,1,0,6,8,0,6,8,1,8,7,1,15,0,0
44887,1000000US170318412003011,127,6,2,11,0,0,112,15,0,112,121,8,56,48,8,179,5,0
44888,1000000US170318412003012,148,12,5,3,0,0,132,16,0,132,136,4,75,65,10,211,3,1
44889,1000000US170318413001000,12,3,1,4,0,0,5,7,0,5,9,2,10,7,3,18,3,0
44890,1000000US170318413001001,5,1,0,2,0,0,4,1,0,4,4,2,4,3,1,6,0,0
44891,1000000US170318413001002,49,10,1,0,0,0,38,11,0,38,39,0,22,21,1,62,0,0
44892,1000000US170318413001003,91,9,2,0,1,0,79,12,0,79,82,0,36,34,2,113,0,0
44893,1000000US170318413001004,54,1,0,0,1,0,53,1,0,53,53,0,23,22,1,83,0,0
44894,1000000US170318413001005,106,6,3,5,0,2,100,6,0,100,100,5,54,48,6,150,2,3
44895,1000000US170318413001006,68,6,2,0,0,1,60,8,0,60,62,5,27,25,2,90,0,0
44896,1000000US170318413001007,105,8,2,1,0,0,97,8,0,97,97,2,39,38,1,147,1,2
44897,1000000US170318413001008,62,3,2,1,0,0,57,5,0,57,59,3,26,24,2,81,1,1
44898,1000000US170318413001009,30,13,0,0,0,0,17,13,0,17,17,0,23,20,3,38,0,0
44899,1000000US170318413001010,75,20,3,0,0,0,53,22,0,53,55,2,35,31,4,96,0,1
44900,1000000US170318413001011,27,11,0,0,0,0,16,11,0,16,16,0,13,13,0,30,0,0
44901,1000000US170318413001012,50,8,0,0,0,0,42,8,0,42,42,0,20,19,1,68,0,0
44902,1000000US170318413001013,53,4,0,0,0,0,49,4,0,49,49,0,18,18,0,67,0,0
44903,1000000US170318413001014,90,8,0,3,1,2,81,9,0,81,82,11,37,36,1,148,0,0
44904,1000000US170318413001015,42,14,5,1,3,0,23,19,0,23,28,6,32,26,6,56,1,2
44905,1000000US170318413002000,12,2,1,0,0,0,9,3,0,9,10,0,5,5,0,17,0,0
44906,1000000US170318413002001,0,0,0,0,0,0,0,0,0,0,0,0,0,0,0,0,0,0
44907,1000000US170318413002002,19,2,2,3,0,0,15,4,0,15,17,0,14,10,4,38,3,0
44908,1000000US170318413002003,2,0,0,0,0,0,2,0,0,2,2,0,1,1,0,2,0,0
44909,1000000US170318413002004,7,0,0,0,0,0,7,0,0,7,7,1,3,3,0,13,0,0
44910,1000000US170318413002005,74,20,5,0,7,0,42,32,0,42,54,6,42,39,3,90,0,0
44911,1000000US170318413002006,80,20,0,0,0,0,60,20,0,60,60,1,43,38,5,116,0,0
44912,1000000US170318413002007,55,3,5,0,0,0,48,7,0,48,52,0,28,27,1,82,0,1
44913,1000000US170318413002008,79,8,2,0,0,0,70,9,0,70,71,2,34,31,3,114,0,1
44914,1000000US170318413002009,116,7,2,6,1,0,106,10,0,106,109,1,58,49,9,159,6,0
44915,1000000US170318413002010,45,7,0,0,3,0,35,10,0,35,38,2,25,22,3,57,0,0
44916,1000000US170318413002011,52,9,0,0,0,0,43,9,0,43,43,1,31,28,3,82,0,0
44917,1000000US170318413002012,47,2,0,4,1,0,44,3,0,44,45,6,20,17,3,57,4,0
44918,1000000US170318413002013,53,4,1,3,0,0,48,5,0,48,49,3,30,25,5,85,0,0
44919,1000000US170318413002014,78,11,20,2,0,0,51,27,0,51,67,7,51,39,12,125,2,4
44920,1000000US170318413002015,12,9,0,0,0,0,3,9,0,3,3,0,12,9,3,13,0,0
44921,1000000US170318413002016,15,1,0,0,0,0,13,2,0,13,14,1,10,8,2,31,0,0
44922,1000000US170318413002017,13,0,0,0,0,0,13,0,0,13,13,2,11,5,6,20,0,0
44923,1000000US170318413002018,0,0,0,0,0,0,0,0,0,0,0,0,0,0,0,0,0,0
44924,1000000US170318413002019,0,0,0,0,0,0,0,0,0,0,0,0,0,0,0,0,0,0
44925,1000000US170318413002020,1,0,0,1,0,0,0,1,0,0,1,1,1,1,0,1,0,0
44926,1000000US170318413002021,0,0,0,0,0,0,0,0,0,0,0,0,0,0,0,0,0,0
44927,1000000US170318413002022,0,0,0,0,0,0,0,0,0,0,0,0,0,0,0,0,0,0
44928,1000000US170318413002023,0,0,0,0,0,0,0,0,0,0,0,0,0,0,0,0,0,0
44929,1000000US170318413002024,0,0,0,0,0,0,0,0,0,0,0,0,0,0,0,0,0,0
44930,1000000US170318413002025,0,0,0,0,0,0,0,0,0,0,0,0,0,0,0,0,0,0
44931,1000000US170318413002026,0,0,0,0,0,0,0,0,0,0,0,0,0,0,0,0,0,0
44932,1000000US170318413002027,42,2,0,0,0,0,40,2,0,40,40,3,20,19,1,62,0,0
44933,1000000US170318413002028,117,8,2,0,0,0,107,10,0,107,109,4,58,51,7,170,0,0
44934,1000000US170318413002029,76,20,0,1,2,2,54,22,0,54,56,5,58,42,16,92,1,0
44935,1000000US170318413002030,14,13,0,0,0,0,1,13,0,1,1,0,8,8,0,14,0,0
44936,1000000US170318413002031,0,0,0,0,0,0,0,0,0,0,0,0,0,0,0,0,0,0
44937,1000000US170318413002032,49,6,5,2,0,0,38,11,0,38,43,2,33,28,5,59,1,1
44938,1000000US170318413002033,77,17,2,0,1,0,57,20,0,57,60,0,44,39,5,105,0,0
44939,1000000US170318413002034,27,6,0,2,3,0,18,9,0,18,21,2,21,15,6,36,1,0
44940,1000000US170318413002035,0,0,0,0,0,0,0,0,0,0,0,0,0,0,0,0,0,0
44941,1000000US170318413002036,0,0,0,0,0,0,0,0,0,0,0,0,0,0,0,0,0,0
44942,1000000US170318413002037,0,0,0,0,0,0,0,0,0,0,0,0,0,0,0,0,0,0
44943,1000000US170318413002038,0,0,0,0,0,0,0,0,0,0,0,0,0,0,0,0,0,0
44944,1000000US170318413002039,0,0,0,0,0,0,0,0,0,0,0,0,0,0,0,0,0,0
44945,1000000US170318413002040,0,0,0,0,0,0,0,0,0,0,0,0,0,0,0,0,0,0
44946,1000000US170318413003000,0,0,0,0,0,0,0,0,0,0,0,0,0,0,0,0,0,0
44947,1000000US170318413003001,58,17,2,2,0,0,39,19,0,39,41,3,35,30,5,68,2,0
44948,1000000US170318413003002,37,24,0,0,0,0,13,24,0,13,13,0,30,21,9,43,0,0
44949,1000000US170318413003003,36,15,0,0,4,0,17,19,0,17,21,4,19,18,1,41,0,0
44950,1000000US170318413003004,20,8,0,2,1,0,11,9,0,11,12,2,12,12,0,24,2,0
44951,1000000US170318413003005,31,25,0,1,1,0,5,26,0,5,6,1,24,19,5,32,0,0
44952,1000000US170318413003006,43,8,1,0,0,0,34,9,0,34,35,0,17,15,2,58,0,0
44953,1000000US170318413003007,55,12,0,1,1,0,42,13,0,42,43,2,28,27,1,73,1,0
44954,1000000US170318413003008,34,6,0,0,0,0,28,6,0,28,28,2,24,19,5,44,0,0
44955,1000000US170318413003009,36,7,2,1,3,0,23,13,0,23,29,0,23,18,5,51,1,0
44956,1000000US170318413003010,58,8,0,0,0,0,50,8,0,50,50,0,33,30,3,77,0,0
44957,1000000US170318413003011,30,6,0,0,1,0,23,7,0,23,24,0,21,17,4,34,0,0
44958,1000000US170318413003012,0,0,0,0,0,0,0,0,0,0,0,0,0,0,0,0,0,0
44959,1000000US170318413003013,0,0,0,0,0,0,0,0,0,0,0,0,0,0,0,0,0,0
44960,1000000US170318413003014,7,4,0,0,0,0,3,4,0,3,3,0,8,5,3,8,0,0
44961,1000000US170318413003015,62,20,2,0,1,0,39,23,0,39,42,0,35,31,4,80,0,0
44962,1000000US170318413003016,31,21,0,0,0,0,10,21,0,10,10,0,26,20,6,35,0,0
44963,1000000US170318413003017,0,0,0,0,0,0,0,0,0,0,0,0,0,0,0,0,0,0
44964,1000000US170318413003018,0,0,0,0,0,0,0,0,0,0,0,0,0,0,0,0,0,0
44965,1000000US170318413003019,0,0,0,0,0,0,0,0,0,0,0,0,0,0,0,0,0,0
44966,1000000US170318413003020,37,9,3,0,4,0,21,16,0,21,28,0,24,18,6,50,0,0
44967,1000000US170318413003021,4,0,0,0,0,0,4,0,0,4,4,0,2,2,0,9,0,0
44968,1000000US170318413003022,15,2,0,0,0,0,13,2,0,13,13,0,8,8,0,20,0,0
44969,1000000US170318413003023,27,1,0,0,0,0,26,1,0,26,26,0,14,12,2,50,0,0
44970,1000000US170318413003024,0,0,0,0,0,0,0,0,0,0,0,0,0,0,0,0,0,0
44971,1000000US170318413004000,18,0,0,0,0,0,18,0,0,18,18,0,7,7,0,29,0,0
44972,1000000US170318413004001,55,8,3,3,2,0,42,13,0,42,47,0,35,24,11,79,3,0
44973,1000000US170318413004002,40,0,0,0,0,0,40,0,0,40,40,2,17,17,0,58,0,0
44974,1000000US170318413004003,95,6,1,4,0,0,88,7,0,88,89,2,47,40,7,147,2,0
44975,1000000US170318413004004,15,3,0,0,0,0,12,3,0,12,12,1,8,7,1,26,0,0
44976,1000000US170318413004005,69,2,4,2,0,0,62,7,0,62,67,4,44,32,12,93,1,0
44977,1000000US170318413004006,112,7,2,1,2,1,103,9,0,103,105,1,60,51,9,170,1,0
44978,1000000US170318413004007,119,6,7,3,0,0,107,12,0,107,113,4,71,59,12,171,2,1
44979,1000000US170318413004008,0,0,0,0,0,0,0,0,0,0,0,0,0,0,0,0,0,0
44980,1000000US170318413004009,0,0,0,0,0,0,0,0,0,0,0,0,0,0,0,0,0,0
44981,1000000US170318413004010,0,0,0,0,0,0,0,0,0,0,0,0,0,0,0,0,0,0
44982,1000000US170318413004011,0,0,0,0,0,0,0,0,0,0,0,0,0,0,0,0,0,0
44983,1000000US170318413004012,0,0,0,0,0,0,0,0,0,0,0,0,0,0,0,0,0,0
44984,1000000US170318413004013,0,0,0,0,0,0,0,0,0,0,0,0,0,0,0,0,0,0
44985,1000000US170318413004014,0,0,0,0,0,0,0,0,0,0,0,0,0,0,0,0,0,0
44986,1000000US170318413004015,0,0,0,0,0,0,0,0,0,0,0,0,0,0,0,0,0,0
44987,1000000US170318413004016,0,0,0,0,0,0,0,0,0,0,0,0,0,0,0,0,0,0
44988,1000000US170318413004017,0,0,0,0,0,0,0,0,0,0,0,0,0,0,0,0,0,0
44989,1000000US170318413004018,0,0,0,0,0,0,0,0,0,0,0,0,0,0,0,0,0,0
44990,1000000US170318413004019,0,0,0,0,0,0,0,0,0,0,0,0,0,0,0,0,0,0
44991,1000000US170318413004020,0,0,0,0,0,0,0,0,0,0,0,0,0,0,0,0,0,0
44992,1000000US170318413004021,0,0,0,0,0,0,0,0,0,0,0,0,0,0,0,0,0,0
44993,1000000US170318413004022,0,0,0,0,0,0,0,0,0,0,0,0,0,0,0,0,0,0
44994,1000000US170318413004023,0,0,0,0,0,0,0,0,0,0,0,0,0,0,0,0,0,0
44995,1000000US170318413004024,0,0,0,0,0,0,0,0,0,0,0,0,0,0,0,0,0,0
44996,1000000US170318413004025,0,0,0,0,0,0,0,0,0,0,0,0,0,0,0,0,0,0
44997,1000000US170318413004026,0,0,0,0,0,0,0,0,0,0,0,0,0,0,0,0,0,0
44998,1000000US170318413004027,0,0,0,0,0,0,0,0,0,0,0,0,0,0,0,0,0,0
44999,1000000US170318413004028,0,0,0,0,0,0,0,0,0,0,0,0,0,0,0,0,0,0
45000,1000000US170318413004029,0,0,0,0,0,0,0,0,0,0,0,0,0,0,0,0,0,0
45001,1000000US170318414001000,94,0,94,1,0,0,1,93,0,1,94,3,49,40,9,135,1,1
45002,1000000US170318414001001,92,0,92,0,0,1,0,92,0,0,92,1,69,54,15,151,0,0
45003,1000000US170318414001002,32,0,32,0,0,0,0,32,0,0,32,0,18,12,6,39,0,0
45004,1000000US170318414001003,0,0,0,0,0,0,0,0,0,0,0,0,0,0,0,0,0,0
45005,1000000US170318414001004,29,0,29,0,0,0,0,29,0,0,29,0,21,18,3,49,0,0
45006,1000000US170318414001005,51,0,51,0,0,0,0,51,0,0,51,0,34,24,10,78,0,0
45007,1000000US170318414001006,19,0,19,0,0,0,0,19,0,0,19,2,11,9,2,30,0,0
45008,1000000US170318414001007,29,4,25,0,0,0,1,28,0,1,25,0,24,14,10,39,0,1
45009,1000000US170318414001008,83,4,79,0,0,0,1,82,0,1,79,0,37,34,3,123,0,1
45010,1000000US170318414001009,57,0,56,0,0,0,1,56,0,1,57,0,27,25,2,97,0,0
45011,1000000US170318414002000,2,0,2,0,0,0,0,2,0,0,2,0,1,1,0,2,0,0
45012,1000000US170318414002001,5,0,5,0,0,0,0,5,0,0,5,0,4,3,1,5,0,0
45013,1000000US170318414002002,37,0,28,3,0,0,10,27,0,10,37,0,23,19,4,47,3,1
45014,1000000US170318414002003,0,0,0,0,0,0,0,0,0,0,0,0,7,0,7,0,0,0
45015,1000000US170318414002004,82,2,64,0,0,0,17,65,0,17,80,1,55,49,6,127,0,1
45016,1000000US170318414002005,0,0,0,0,0,0,0,0,0,0,0,0,0,0,0,0,0,0
45017,1000000US170318414002006,20,0,20,0,0,0,0,20,0,0,20,0,5,5,0,25,0,0
45018,1000000US170318414002007,0,0,0,0,0,0,0,0,0,0,0,0,0,0,0,0,0,0
45019,1000000US170318414002008,0,0,0,0,0,0,0,0,0,0,0,0,0,0,0,0,0,0
45020,1000000US170318414002009,107,1,105,1,0,0,0,107,0,0,106,0,46,37,9,148,1,0
45021,1000000US170318414002010,51,10,41,0,0,0,0,51,0,0,41,0,28,24,4,61,0,0
45022,1000000US170318414002011,48,0,43,0,0,0,5,43,0,5,48,0,28,17,11,75,0,0
45023,1000000US170318414002012,50,0,50,0,0,0,0,50,0,0,50,0,24,22,2,77,0,0
45024,1000000US170318414002013,17,1,16,0,0,0,0,17,0,0,16,0,8,7,1,17,0,0
45025,1000000US170318414002014,29,1,26,0,0,0,2,27,0,2,28,0,0,0,0,29,0,0
45026,1000000US170318414002015,0,0,0,0,0,0,0,0,0,0,0,0,0,0,0,0,0,0
45027,1000000US170318414002016,9,0,9,0,0,0,0,9,0,0,9,0,5,4,1,11,0,0
45028,1000000US170318414002017,32,0,28,0,0,0,4,28,0,4,32,0,27,20,7,42,0,0
45029,1000000US170318414002018,25,0,25,0,0,0,1,24,0,1,25,0,17,17,0,72,0,1
45030,1000000US170318414002019,49,0,48,1,0,0,2,47,0,2,49,0,32,24,8,58,1,2
45031,1000000US170318414002020,14,0,14,0,0,0,0,14,0,0,14,0,11,11,0,22,0,0
45032,1000000US170318415001000,26,0,26,0,0,0,0,26,0,0,26,0,12,12,0,33,0,0
45033,1000000US170318415001001,22,0,19,1,0,2,2,20,0,2,22,2,12,11,1,34,1,0
45034,1000000US170318415001002,10,0,10,0,0,0,0,10,0,0,10,0,8,8,0,26,0,0
45035,1000000US170318415001003,99,4,91,0,0,0,4,95,0,4,95,0,64,50,14,150,0,0
45036,1000000US170318415001004,61,0,61,0,0,0,2,59,0,2,61,0,32,26,6,94,0,2
45037,1000000US170318415001005,75,3,71,0,1,1,1,74,0,1,72,1,45,36,9,113,0,0
45038,1000000US170318415001006,64,6,58,0,0,0,0,64,0,0,58,1,44,24,20,101,0,0
45039,1000000US170318415001007,51,4,44,1,0,0,5,46,0,5,47,0,36,29,7,102,1,2
45040,1000000US170318415001008,84,6,70,2,0,0,10,74,0,10,78,2,70,65,5,101,2,3
45041,1000000US170318415001009,6,0,6,0,0,0,0,6,0,0,6,0,6,6,0,6,0,0
45042,1000000US170318415001010,0,0,0,0,0,0,0,0,0,0,0,0,0,0,0,0,0,0
45043,1000000US170318415001011,10,0,10,0,0,0,0,10,0,0,10,0,12,6,6,16,0,0
45044,1000000US170318415001012,15,0,15,0,0,0,0,15,0,0,15,0,22,8,14,19,0,0
45045,1000000US170318415001013,40,0,40,0,0,0,0,40,0,0,40,0,18,17,1,67,0,0
45046,1000000US170318415001014,34,0,33,1,0,0,0,34,0,0,34,0,25,22,3,78,1,0
45047,1000000US170318415001015,45,0,45,0,0,0,3,42,0,3,45,0,25,16,9,77,0,3
45048,1000000US170318415001016,27,0,27,3,0,0,0,27,0,0,27,3,15,13,2,54,3,0
45049,1000000US170318415001017,29,0,29,0,0,0,0,29,0,0,29,0,17,15,2,48,0,0
45050,1000000US170318415001018,79,0,77,2,0,0,0,79,0,0,79,0,49,44,5,151,2,0
45051,1000000US170318415001019,29,0,29,0,0,0,0,29,0,0,29,0,16,15,1,43,0,0
45052,1000000US170318415001020,35,0,34,1,0,0,0,35,0,0,35,1,22,21,1,68,0,0
45053,1000000US170318415001021,54,0,52,0,0,0,2,52,0,2,54,0,36,32,4,116,0,0
45054,1000000US170318415001022,0,0,0,0,0,0,0,0,0,0,0,0,0,0,0,0,0,0
45055,1000000US170318415001023,0,0,0,0,0,0,0,0,0,0,0,0,0,0,0,0,0,0
45056,1000000US170318415001024,0,0,0,0,0,0,0,0,0,0,0,0,0,0,0,0,0,0
45057,1000000US170318415001025,0,0,0,0,0,0,0,0,0,0,0,0,0,0,0,0,0,0
45058,1000000US170318415001026,0,0,0,0,0,0,0,0,0,0,0,0,0,0,0,0,0,0
45059,1000000US170318415002000,48,0,48,1,0,0,1,47,0,1,48,1,29,22,7,112,1,1
45060,1000000US170318415002001,32,0,32,0,0,0,0,32,0,0,32,0,24,19,5,63,0,0
45061,1000000US170318415002002,22,0,20,0,0,0,2,20,0,2,22,0,9,7,2,33,0,0
45062,1000000US170318415002003,9,0,9,0,0,0,0,9,0,0,9,0,19,4,15,11,0,0
45063,1000000US170318415002004,0,0,0,0,0,0,0,0,0,0,0,0,0,0,0,0,0,0
45064,1000000US170318415002005,32,0,32,1,0,0,0,32,0,0,32,1,22,16,6,41,1,0
45065,1000000US170318415002006,27,0,27,0,0,0,0,27,0,0,27,0,19,11,8,36,0,0
45066,1000000US170318415002007,15,0,15,0,0,0,0,15,0,0,15,0,13,8,5,22,0,0
45067,1000000US170318415002008,21,0,21,0,0,0,0,21,0,0,21,0,21,11,10,34,0,0
45068,1000000US170318415002009,10,0,7,1,0,0,3,7,0,3,10,1,4,4,0,10,1,0
45069,1000000US170318415002010,2,0,2,0,0,0,0,2,0,0,2,0,4,2,2,2,0,0
45070,1000000US170318415002011,12,0,12,0,0,0,0,12,0,0,12,0,19,6,13,13,0,0
45071,1000000US170318415002012,58,0,58,0,0,0,0,58,0,0,58,1,49,28,21,96,0,0
45072,1000000US170318415002013,39,0,39,0,0,0,0,39,0,0,39,0,34,18,16,54,0,0
45073,1000000US170318415002014,74,0,73,0,0,0,1,73,0,1,74,0,48,36,12,112,0,0
45074,1000000US170318415002015,53,0,50,0,0,0,4,49,0,4,53,0,38,25,13,93,0,1
45075,1000000US170318415002016,42,1,40,0,0,0,1,41,0,1,41,0,20,19,1,66,0,0
45076,1000000US170318415002017,81,0,74,7,0,0,0,81,0,0,81,0,53,28,25,127,7,0
45077,1000000US170318415002018,50,0,50,0,0,0,0,50,0,0,50,0,27,25,2,83,0,0
45078,1000000US170318415002019,81,2,73,2,2,0,6,75,0,6,79,2,58,32,26,149,2,2
45079,1000000US170318415002020,47,0,47,0,1,0,0,47,0,0,47,1,32,28,4,73,0,0
45080,1000000US170318415002021,21,0,21,0,0,0,0,21,0,0,21,0,23,10,13,32,0,0
45081,1000000US170318415002022,50,0,50,0,0,0,0,50,0,0,50,0,24,22,2,94,0,0
45082,1000000US170318415002023,29,0,27,0,0,0,2,27,0,2,29,0,20,12,8,41,0,0
45083,1000000US170318415002024,9,0,9,0,0,0,0,9,0,0,9,0,9,7,2,15,0,0
45084,1000000US170318415002025,5,0,5,0,0,0,0,5,0,0,5,0,7,3,4,5,0,0
45085,1000000US170318415002026,0,0,0,0,0,0,0,0,0,0,0,0,0,0,0,0,0,0
45086,1000000US170318415002027,2,0,2,0,0,0,0,2,0,0,2,0,1,1,0,2,0,0
45087,1000000US170318415002028,0,0,0,0,0,0,0,0,0,0,0,0,0,0,0,0,0,0
45088,1000000US170318415002029,0,0,0,0,0,0,0,0,0,0,0,0,0,0,0,0,0,0
45089,1000000US170318415002030,15,0,15,0,0,0,0,15,0,0,15,0,9,7,2,27,0,0
45090,1000000US170318415002031,0,0,0,0,0,0,0,0,0,0,0,0,0,0,0,0,0,0
45091,1000000US170318415002032,0,0,0,0,0,0,0,0,0,0,0,0,0,0,0,0,0,0
45092,1000000US170318415002033,12,0,10,0,0,0,2,10,0,2,12,0,7,6,1,16,0,0
45093,1000000US170318415002034,3,0,3,0,0,0,0,3,0,0,3,0,2,2,0,3,0,0
45094,1000000US170318415002035,0,0,0,0,0,0,0,0,0,0,0,0,0,0,0,0,0,0
45095,1000000US170318415002036,0,0,0,0,0,0,0,0,0,0,0,0,0,0,0,0,0,0
45096,1000000US170318416001000,0,0,0,0,0,0,0,0,0,0,0,0,0,0,0,0,0,0
45097,1000000US170318416001001,0,0,0,0,0,0,0,0,0,0,0,0,0,0,0,0,0,0
45098,1000000US170318416001002,0,0,0,0,0,0,0,0,0,0,0,0,0,0,0,0,0,0
45099,1000000US170318416001003,0,0,0,0,0,0,0,0,0,0,0,0,0,0,0,0,0,0
45100,1000000US170318416001004,0,0,0,0,0,0,0,0,0,0,0,0,0,0,0,0,0,0
45101,1000000US170318416001005,0,0,0,0,0,0,0,0,0,0,0,0,0,0,0,0,0,0
45102,1000000US170318416001006,0,0,0,0,0,0,0,0,0,0,0,0,0,0,0,0,0,0
45103,1000000US170318416001007,0,0,0,0,0,0,0,0,0,0,0,0,0,0,0,0,0,0
45104,1000000US170318416001008,0,0,0,0,0,0,0,0,0,0,0,0,0,0,0,0,0,0
45105,1000000US170318416001009,0,0,0,0,0,0,0,0,0,0,0,0,0,0,0,0,0,0
45106,1000000US170318416001010,37,2,35,0,0,0,0,37,0,0,35,0,24,20,4,52,0,0
45107,1000000US170318416001011,42,0,42,0,0,0,0,42,0,0,42,0,29,20,9,75,0,0
45108,1000000US170318416001012,14,0,14,0,0,0,0,14,0,0,14,0,5,5,0,18,0,0
45109,1000000US170318416001013,237,9,193,1,8,0,30,207,0,30,228,2,32,27,5,291,1,3
45110,1000000US170318416001014,19,0,19,0,0,0,0,19,0,0,19,0,14,10,4,24,0,0
45111,1000000US170318416001015,48,0,46,0,0,0,4,44,0,4,48,0,26,21,5,57,0,2
45112,1000000US170318416001016,50,0,50,0,0,2,4,46,0,4,50,2,28,22,6,77,0,4
45113,1000000US170318416001017,61,2,59,0,0,0,0,61,0,0,59,0,41,29,12,125,0,0
45114,1000000US170318416001018,50,0,49,0,0,0,1,49,0,1,50,0,34,27,7,79,0,0
45115,1000000US170318416001019,21,0,21,0,0,0,1,20,0,1,21,2,17,9,8,26,0,1
45116,1000000US170318416001020,35,0,35,0,0,0,0,35,0,0,35,0,15,12,3,61,0,0
45117,1000000US170318416001021,34,2,32,0,0,0,0,34,0,0,32,1,23,20,3,52,0,0
45118,1000000US170318416001022,0,0,0,0,0,0,0,0,0,0,0,0,0,0,0,0,0,0
45119,1000000US170318416001023,80,6,72,1,0,0,3,77,0,3,74,1,49,34,15,122,1,1
45120,1000000US170318416001024,24,0,24,0,0,0,0,24,0,0,24,0,20,12,8,44,0,0
45121,1000000US170318416001025,45,0,43,3,0,0,2,43,0,2,45,3,31,19,12,63,3,0
45122,1000000US170318417001000,39,0,38,0,1,0,0,39,0,0,39,0,25,18,7,59,0,0
45123,1000000US170318417001001,90,3,87,0,0,0,0,90,0,0,87,0,56,49,7,128,0,0
45124,1000000US170318417001002,41,0,36,4,0,0,5,36,0,5,41,0,38,17,21,56,4,0
45125,1000000US170318417001003,1,0,0,0,0,0,1,0,0,1,1,1,3,1,2,1,0,0
45126,1000000US170318417001004,6,0,2,0,0,0,4,2,0,4,6,0,8,3,5,7,0,0
45127,1000000US170318417001005,388,39,216,5,2,0,134,254,0,134,349,10,399,325,74,411,4,4
45128,1000000US170318417001006,107,1,8,2,0,0,98,9,0,98,106,2,62,51,11,161,2,0
45129,1000000US170318417001007,16,0,0,0,0,0,16,0,0,16,16,0,16,8,8,17,0,0
45130,1000000US170318417001008,83,3,10,0,0,0,70,13,0,70,80,0,54,40,14,108,0,0
45131,1000000US170318417001009,28,0,0,0,0,0,28,0,0,28,28,0,26,15,11,48,0,0
45132,1000000US170318417001010,0,0,0,0,0,0,0,0,0,0,0,0,0,0,0,0,0,0
45133,1000000US170318417001011,0,0,0,0,0,0,0,0,0,0,0,0,0,0,0,0,0,0
45134,1000000US170318417001012,18,0,18,0,0,0,0,18,0,0,18,0,9,9,0,27,0,0
45135,1000000US170318417001013,28,0,20,0,0,4,8,20,0,8,28,5,11,11,0,50,0,0
45136,1000000US170318417001014,33,0,33,0,0,0,0,33,0,0,33,4,15,14,1,46,0,0
45137,1000000US170318417001015,37,0,37,1,0,0,0,37,0,0,37,1,17,16,1,57,0,0
45138,1000000US170318417001016,45,0,43,1,0,0,5,40,0,5,45,3,25,21,4,75,1,3
45139,1000000US170318417001017,46,0,45,1,0,0,0,46,0,0,46,0,27,20,7,63,1,0
45140,1000000US170318417001018,55,1,53,0,1,0,0,55,0,0,54,0,31,28,3,67,0,0
45141,1000000US170318417001019,0,0,0,0,0,0,0,0,0,0,0,0,0,0,0,0,0,0
45142,1000000US170318417001020,0,0,0,0,0,0,0,0,0,0,0,0,0,0,0,0,0,0
45143,1000000US170318417001021,0,0,0,0,0,0,0,0,0,0,0,0,0,0,0,0,0,0
45144,1000000US170318417001022,0,0,0,0,0,0,0,0,0,0,0,0,0,0,0,0,0,0
45145,1000000US170318417001023,0,0,0,0,0,0,0,0,0,0,0,0,0,0,0,0,0,0
45146,1000000US170318417001024,17,0,6,0,0,0,11,6,0,11,17,0,19,11,8,19,0,0
45147,1000000US170318417001025,24,0,3,0,0,0,21,3,0,21,24,6,25,14,11,42,0,0
45148,1000000US170318418001000,25,0,25,0,0,0,1,24,0,1,25,0,20,14,6,41,0,1
45149,1000000US170318418001001,36,0,35,0,0,0,2,34,0,2,36,0,25,21,4,69,0,1
45150,1000000US170318418001002,50,0,50,0,0,0,0,50,0,0,50,0,25,18,7,72,0,0
45151,1000000US170318418001003,30,0,30,0,0,0,1,29,0,1,30,0,18,16,2,37,0,1
45152,1000000US170318418001004,11,0,11,0,0,0,0,11,0,0,11,0,6,5,1,26,0,0
45153,1000000US170318418001005,5,0,5,0,0,0,0,5,0,0,5,0,6,2,4,6,0,0
45154,1000000US170318418001006,0,0,0,0,0,0,0,0,0,0,0,0,0,0,0,0,0,0
45155,1000000US170318418001007,0,0,0,0,0,0,0,0,0,0,0,0,0,0,0,0,0,0
45156,1000000US170318418001008,0,0,0,0,0,0,0,0,0,0,0,0,0,0,0,0,0,0
45157,1000000US170318418001009,0,0,0,0,0,0,0,0,0,0,0,0,0,0,0,0,0,0
45158,1000000US170318418001010,0,0,0,0,0,0,0,0,0,0,0,0,0,0,0,0,0,0
45159,1000000US170318418001011,22,0,22,0,0,0,0,22,0,0,22,0,14,12,2,28,0,0
45160,1000000US170318418001012,54,0,54,0,0,0,0,54,0,0,54,0,31,27,4,73,0,0
45161,1000000US170318418001013,35,0,35,0,0,0,0,35,0,0,35,0,24,19,5,57,0,0
45162,1000000US170318418001014,0,0,0,0,0,0,0,0,0,0,0,0,0,0,0,0,0,0
45163,1000000US170318418001015,45,2,43,0,0,0,0,45,0,0,43,0,24,21,3,58,0,0
45164,1000000US170318418001016,17,0,17,0,0,0,0,17,0,0,17,0,12,10,2,28,0,0
45165,1000000US170318418001017,9,0,9,1,0,0,0,9,0,0,9,1,11,8,3,9,1,0
45166,1000000US170318418001018,3,1,2,0,0,0,0,3,0,0,2,0,7,3,4,3,0,0
45167,1000000US170318418001019,40,0,40,0,0,0,0,40,0,0,40,0,22,15,7,60,0,0
45168,1000000US170318418001020,4,0,4,0,0,0,0,4,0,0,4,0,2,1,1,12,0,0
45169,1000000US170318418001021,0,0,0,0,0,0,0,0,0,0,0,0,0,0,0,0,0,0
45170,1000000US170318418001022,16,14,2,0,0,0,0,16,0,0,2,0,2,2,0,16,0,0
45171,1000000US170318418001023,0,0,0,0,0,0,0,0,0,0,0,0,0,0,0,0,0,0
45172,1000000US170318418001024,0,0,0,0,0,0,0,0,0,0,0,0,0,0,0,0,0,0
45173,1000000US170318418001025,5,0,5,0,0,0,0,5,0,0,5,0,6,3,3,8,0,0
45174,1000000US170318418001026,5,0,5,0,0,0,0,5,0,0,5,0,4,2,2,10,0,0
45175,1000000US170318418001027,2,1,1,0,0,0,0,2,0,0,1,0,1,1,0,2,0,0
45176,1000000US170318418001028,57,2,53,0,0,0,2,55,0,2,55,1,37,29,8,66,0,0
45177,1000000US170318418001029,0,0,0,0,0,0,0,0,0,0,0,0,0,0,0,0,0,0
45178,1000000US170318418001030,0,0,0,0,0,0,0,0,0,0,0,0,0,0,0,0,0,0
45179,1000000US170318418001031,2,0,2,0,0,0,0,2,0,0,2,0,4,1,3,4,0,0
45180,1000000US170318418002000,0,0,0,0,0,0,0,0,0,0,0,0,0,0,0,0,0,0
45181,1000000US170318418002001,0,0,0,0,0,0,0,0,0,0,0,0,0,0,0,0,0,0
45182,1000000US170318418002002,50,0,45,0,0,0,5,45,0,5,50,2,33,22,11,70,0,0
45183,1000000US170318418002003,29,0,29,0,0,0,0,29,0,0,29,0,15,13,2,57,0,0
45184,1000000US170318418002004,35,0,35,0,0,0,0,35,0,0,35,0,24,20,4,46,0,0
45185,1000000US170318418002005,34,0,34,0,0,0,0,34,0,0,34,0,27,21,6,52,0,0
45186,1000000US170318418002006,26,0,26,0,0,0,0,26,0,0,26,0,20,17,3,36,0,0
45187,1000000US170318418002007,28,0,28,0,0,0,0,28,0,0,28,0,22,18,4,31,0,0
45188,1000000US170318418002008,36,0,35,1,0,1,0,36,0,0,36,1,26,19,7,68,1,0
45189,1000000US170318418002009,0,0,0,0,0,0,0,0,0,0,0,0,0,0,0,0,0,0
45190,1000000US170318418002010,0,0,0,0,0,0,0,0,0,0,0,0,0,0,0,0,0,0
45191,1000000US170318418002011,0,0,0,0,0,0,0,0,0,0,0,0,0,0,0,0,0,0
45192,1000000US170318418002012,2,0,2,0,0,0,0,2,0,0,2,0,4,2,2,3,0,0
45193,1000000US170318418002013,43,0,43,0,0,0,0,43,0,0,43,0,28,24,4,86,0,0
45194,1000000US170318418002014,40,0,39,0,0,0,1,39,0,1,40,0,26,18,8,56,0,0
45195,1000000US170318418002015,25,0,25,0,0,0,0,25,0,0,25,0,20,12,8,34,0,0
45196,1000000US170318418002016,9,0,9,0,0,0,0,9,0,0,9,0,7,4,3,10,0,0
45197,1000000US170318418002017,12,1,11,0,0,0,0,12,0,0,11,0,8,6,2,15,0,0
45198,1000000US170318418002018,18,0,18,0,0,0,0,18,0,0,18,0,11,9,2,28,0,0
45199,1000000US170318418002019,53,2,50,0,0,0,1,52,0,1,51,0,40,30,10,70,0,0
45200,1000000US170318418002020,13,0,13,0,0,0,0,13,0,0,13,0,12,7,5,18,0,0
45201,1000000US170318418002021,48,0,48,2,0,1,0,48,0,0,48,3,34,28,6,66,0,0
45202,1000000US170318418002022,40,1,39,0,0,0,0,40,0,0,39,0,35,20,15,59,0,0
45203,1000000US170318418002023,0,0,0,0,0,0,0,0,0,0,0,0,0,0,0,0,0,0
45204,1000000US170318418002024,0,0,0,0,0,0,0,0,0,0,0,0,0,0,0,0,0,0
45205,1000000US170318418002025,32,0,32,1,0,0,0,32,0,0,32,1,19,18,1,49,1,0
45206,1000000US170318418002026,0,0,0,0,0,0,0,0,0,0,0,0,0,0,0,0,0,0
45207,1000000US170318418002027,0,0,0,0,0,0,0,0,0,0,0,0,0,0,0,0,0,0
45208,1000000US170318418002028,34,0,34,0,0,0,0,34,0,0,34,0,21,15,6,45,0,0
45209,1000000US170318418002029,40,0,40,0,0,0,0,40,0,0,40,0,23,20,3,54,0,0
45210,1000000US170318418002030,27,0,27,0,0,0,0,27,0,0,27,0,26,14,12,32,0,0
45211,1000000US170318418002031,38,1,37,0,0,0,0,38,0,0,37,0,23,21,2,51,0,0
45212,1000000US170318418002032,46,0,46,0,0,0,0,46,0,0,46,1,33,26,7,64,0,0
45213,1000000US170318418002033,30,0,30,0,0,0,0,30,0,0,30,0,20,12,8,40,0,0
45214,1000000US170318418002034,22,0,18,0,0,0,4,18,0,4,22,0,16,9,7,29,0,0
45215,1000000US170318418002035,20,0,20,2,0,0,2,18,0,2,20,2,15,11,4,30,1,2
45216,1000000US170318418002036,0,0,0,0,0,0,0,0,0,0,0,0,1,0,1,0,0,0
45217,1000000US170318418002037,0,0,0,0,0,0,0,0,0,0,0,0,0,0,0,0,0,0
45218,1000000US170318418002038,0,0,0,0,0,0,0,0,0,0,0,0,0,0,0,0,0,0
45219,1000000US170318418002039,0,0,0,0,0,0,0,0,0,0,0,0,0,0,0,0,0,0
45220,1000000US170318418002040,2,0,2,2,0,0,0,2,0,0,2,2,1,1,0,2,2,0
45221,1000000US170318418002041,0,0,0,0,0,0,0,0,0,0,0,0,0,0,0,0,0,0
45222,1000000US170318418002042,0,0,0,0,0,0,0,0,0,0,0,0,0,0,0,0,0,0
45223,1000000US170318418002043,15,0,15,0,0,0,0,15,0,0,15,0,8,8,0,15,0,0
45224,1000000US170318418002044,25,0,25,0,0,0,0,25,0,0,25,0,16,11,5,27,0,0
45225,1000000US170318418002045,25,0,25,0,0,0,0,25,0,0,25,0,16,14,2,36,0,0
45226,1000000US170318418002046,117,0,114,4,0,0,0,117,0,0,117,1,75,72,3,203,3,0
45227,1000000US170318418002047,29,0,29,0,0,0,1,28,0,1,29,0,22,16,6,44,0,1
45228,1000000US170318418002048,36,3,33,0,0,0,0,36,0,0,33,0,25,15,10,49,0,0
45229,1000000US170318418002049,45,0,45,0,0,0,0,45,0,0,45,0,40,27,13,61,0,0
45230,1000000US170318418002050,30,0,29,1,0,0,0,30,0,0,30,0,22,17,5,36,1,0
45231,1000000US170318418002051,56,0,56,2,0,0,0,56,0,0,56,2,36,28,8,91,2,0
45232,1000000US170318418002052,15,0,15,0,0,0,0,15,0,0,15,0,12,7,5,24,0,0
45233,1000000US170318418002053,2,0,1,0,0,1,0,2,0,0,2,0,3,1,2,4,0,0
45234,1000000US170318418002054,27,0,27,0,0,0,0,27,0,0,27,0,21,15,6,29,0,0
45235,1000000US170318419001000,0,0,0,0,0,0,0,0,0,0,0,0,0,0,0,0,0,0
45236,1000000US170318419001001,0,0,0,0,0,0,0,0,0,0,0,0,0,0,0,0,0,0
45237,1000000US170318419001002,0,0,0,0,0,0,0,0,0,0,0,0,0,0,0,0,0,0
45238,1000000US170318419001003,0,0,0,0,0,0,0,0,0,0,0,0,0,0,0,0,0,0
45239,1000000US170318419001004,184,128,12,4,28,0,14,170,0,14,56,5,127,124,3,192,3,1
45240,1000000US170318419001005,89,58,12,0,14,0,5,84,0,5,31,0,63,61,2,90,0,0
45241,1000000US170318419001006,0,0,0,0,0,0,0,0,0,0,0,0,0,0,0,0,0,0
45242,1000000US170318419001007,0,0,0,0,0,0,0,0,0,0,0,0,0,0,0,0,0,0
45243,1000000US170318419001008,0,0,0,0,0,0,0,0,0,0,0,0,0,0,0,0,0,0
45244,1000000US170318419001009,0,0,0,0,0,0,0,0,0,0,0,0,0,0,0,0,0,0
45245,1000000US170318419001010,0,0,0,0,0,0,0,0,0,0,0,0,0,0,0,0,0,0
45246,1000000US170318419001011,0,0,0,0,0,0,0,0,0,0,0,0,0,0,0,0,0,0
45247,1000000US170318419001012,462,337,30,2,71,0,21,441,0,21,125,21,310,291,19,500,2,0
45248,1000000US170318419001013,0,0,0,0,0,0,0,0,0,0,0,0,0,0,0,0,0,0
45249,1000000US170318419001014,0,0,0,0,0,0,0,0,0,0,0,0,0,0,0,0,0,0
45250,1000000US170318419001015,0,0,0,0,0,0,0,0,0,0,0,0,0,0,0,0,0,0
45251,1000000US170318419001016,0,0,0,0,0,0,0,0,0,0,0,0,0,0,0,0,0,0
45252,1000000US170318419001017,0,0,0,0,0,0,0,0,0,0,0,0,0,0,0,0,0,0
45253,1000000US170318419001018,0,0,0,0,0,0,0,0,0,0,0,0,0,0,0,0,0,0
45254,1000000US170318419001019,0,0,0,0,0,0,0,0,0,0,0,0,0,0,0,0,0,0
45255,1000000US170318419001020,0,0,0,0,0,0,0,0,0,0,0,0,0,0,0,0,0,0
45256,1000000US170318419001021,611,272,116,8,153,4,77,534,0,77,339,30,3,3,0,613,2,10
45257,1000000US170318419001022,0,0,0,0,0,0,0,0,0,0,0,0,0,0,0,0,0,0
45258,1000000US170318419001023,0,0,0,0,0,0,0,0,0,0,0,0,0,0,0,0,0,0
45259,1000000US170318419001024,0,0,0,0,0,0,0,0,0,0,0,0,0,0,0,0,0,0
45260,1000000US170318419001025,0,0,0,0,0,0,0,0,0,0,0,0,0,0,0,0,0,0
45261,1000000US170318419001026,0,0,0,0,0,0,0,0,0,0,0,0,0,0,0,0,0,0
45262,1000000US170318419001027,0,0,0,0,0,0,0,0,0,0,0,0,0,0,0,0,0,0
45263,1000000US170318419001028,0,0,0,0,0,0,0,0,0,0,0,0,0,0,0,0,0,0
45264,1000000US170318419001029,0,0,0,0,0,0,0,0,0,0,0,0,0,0,0,0,0,0
45265,1000000US170318419001030,0,0,0,0,0,0,0,0,0,0,0,0,0,0,0,0,0,0
45266,1000000US170318419001031,0,0,0,0,0,0,0,0,0,0,0,0,0,0,0,0,0,0
45267,1000000US170318419001032,12,6,6,0,0,0,0,12,0,0,6,0,7,5,2,22,0,0
45268,1000000US170318419001033,0,0,0,0,0,0,0,0,0,0,0,0,0,0,0,0,0,0
45269,1000000US170318419001034,0,0,0,0,0,0,0,0,0,0,0,0,0,0,0,0,0,0
45270,1000000US170318419001035,0,0,0,0,0,0,0,0,0,0,0,0,0,0,0,0,0,0
45271,1000000US170318419001036,0,0,0,0,0,0,0,0,0,0,0,0,0,0,0,0,0,0
45272,1000000US170318419001037,0,0,0,0,0,0,0,0,0,0,0,0,0,0,0,0,0,0
45273,1000000US170318419001038,0,0,0,0,0,0,0,0,0,0,0,0,0,0,0,0,0,0
45274,1000000US170318419001039,0,0,0,0,0,0,0,0,0,0,0,0,0,0,0,0,0,0
45275,1000000US170318419001040,0,0,0,0,0,0,0,0,0,0,0,0,2,0,2,0,0,0
45276,1000000US170318419001041,0,0,0,0,0,0,0,0,0,0,0,0,0,0,0,0,0,0
45277,1000000US170318419001042,0,0,0,0,0,0,0,0,0,0,0,0,0,0,0,0,0,0
45278,1000000US170318419001043,0,0,0,0,0,0,0,0,0,0,0,0,0,0,0,0,0,0
45279,1000000US170318419001044,0,0,0,0,0,0,0,0,0,0,0,0,0,0,0,0,0,0
45280,1000000US170318419001045,0,0,0,0,0,0,0,0,0,0,0,0,0,0,0,0,0,0
45281,1000000US170318419001046,0,0,0,0,0,0,0,0,0,0,0,0,0,0,0,0,0,0
45282,1000000US170318419001047,0,0,0,0,0,0,0,0,0,0,0,0,0,0,0,0,0,0
45283,1000000US170318419001048,318,225,19,4,56,0,17,301,0,17,93,12,243,225,18,324,1,1
45284,1000000US170318419001049,0,0,0,0,0,0,0,0,0,0,0,0,0,0,0,0,0,0
45285,1000000US170318419001050,0,0,0,0,0,0,0,0,0,0,0,0,0,0,0,0,0,0
45286,1000000US170318419001051,0,0,0,0,0,0,0,0,0,0,0,0,0,0,0,0,0,0
45287,1000000US170318419001052,0,0,0,0,0,0,0,0,0,0,0,0,0,0,0,0,0,0
45288,1000000US170318419001053,32,27,0,0,3,0,2,30,0,2,5,0,24,24,0,35,0,0
45289,1000000US170318419001054,0,0,0,0,0,0,0,0,0,0,0,0,0,0,0,0,0,0
45290,1000000US170318419001055,0,0,0,0,0,0,0,0,0,0,0,0,0,0,0,0,0,0
45291,1000000US170318419001056,0,0,0,0,0,0,0,0,0,0,0,0,0,0,0,0,0,0
45292,1000000US170318419001057,0,0,0,0,0,0,0,0,0,0,0,0,0,0,0,0,0,0
45293,1000000US170318419001058,0,0,0,0,0,0,0,0,0,0,0,0,0,0,0,0,0,0
45294,1000000US170318419001059,0,0,0,0,0,0,0,0,0,0,0,0,0,0,0,0,0,0
45295,1000000US170318419001060,0,0,0,0,0,0,0,0,0,0,0,0,0,0,0,0,0,0
45296,1000000US170318419001061,0,0,0,0,0,0,0,0,0,0,0,0,0,0,0,0,0,0
45297,1000000US170318419001062,0,0,0,0,0,0,0,0,0,0,0,0,0,0,0,0,0,0
45298,1000000US170318419001063,4,1,0,0,0,0,2,2,0,2,3,3,1,1,0,4,0,0
45299,1000000US170318419001064,1,1,0,0,0,0,0,1,0,0,0,0,2,1,1,1,0,0
45300,1000000US170318419001065,0,0,0,0,0,0,0,0,0,0,0,0,0,0,0,0,0,0
45301,1000000US170318419001066,0,0,0,0,0,0,0,0,0,0,0,0,0,0,0,0,0,0
45302,1000000US170318419001067,0,0,0,0,0,0,0,0,0,0,0,0,0,0,0,0,0,0
45303,1000000US170318419002000,15,2,13,0,0,0,0,15,0,0,13,0,7,6,1,21,0,0
45304,1000000US170318419002001,0,0,0,0,0,0,0,0,0,0,0,0,0,0,0,0,0,0
45305,1000000US170318419002002,0,0,0,0,0,0,0,0,0,0,0,0,0,0,0,0,0,0
45306,1000000US170318419002003,0,0,0,0,0,0,0,0,0,0,0,0,0,0,0,0,0,0
45307,1000000US170318419002004,0,0,0,0,0,0,0,0,0,0,0,0,0,0,0,0,0,0
45308,1000000US170318419002005,0,0,0,0,0,0,0,0,0,0,0,0,0,0,0,0,0,0
45309,1000000US170318419002006,0,0,0,0,0,0,0,0,0,0,0,0,0,0,0,0,0,0
45310,1000000US170318419002007,0,0,0,0,0,0,0,0,0,0,0,0,0,0,0,0,0,0
45311,1000000US170318419002008,0,0,0,0,0,0,0,0,0,0,0,0,0,0,0,0,0,0
45312,1000000US170318419002009,0,0,0,0,0,0,0,0,0,0,0,0,0,0,0,0,0,0
45313,1000000US170318419002010,0,0,0,0,0,0,0,0,0,0,0,0,0,0,0,0,0,0
45314,1000000US170318419002011,0,0,0,0,0,0,0,0,0,0,0,0,0,0,0,0,0,0
45315,1000000US170318419002012,0,0,0,0,0,0,0,0,0,0,0,0,0,0,0,0,0,0
45316,1000000US170318419002013,0,0,0,0,0,0,0,0,0,0,0,0,0,0,0,0,0,0
45317,1000000US170318419002014,0,0,0,0,0,0,0,0,0,0,0,0,0,0,0,0,0,0
45318,1000000US170318419002015,0,0,0,0,0,0,0,0,0,0,0,0,0,0,0,0,0,0
45319,1000000US170318419002016,0,0,0,0,0,0,0,0,0,0,0,0,0,0,0,0,0,0
45320,1000000US170318419002017,0,0,0,0,0,0,0,0,0,0,0,0,0,0,0,0,0,0
45321,1000000US170318419002018,0,0,0,0,0,0,0,0,0,0,0,0,0,0,0,0,0,0
45322,1000000US170318419002019,0,0,0,0,0,0,0,0,0,0,0,0,0,0,0,0,0,0
45323,1000000US170318419002020,0,0,0,0,0,0,0,0,0,0,0,0,0,0,0,0,0,0
45324,1000000US170318419002021,28,2,23,0,0,0,4,24,0,4,26,0,15,14,1,51,0,1
45325,1000000US170318419002022,0,0,0,0,0,0,0,0,0,0,0,0,0,0,0,0,0,0
45326,1000000US170318419002023,0,0,0,0,0,0,0,0,0,0,0,0,0,0,0,0,0,0
45327,1000000US170318419002024,1,0,1,0,0,0,0,1,0,0,1,0,0,0,0,1,0,0
45328,1000000US170318419002025,0,0,0,0,0,0,0,0,0,0,0,0,0,0,0,0,0,0
45329,1000000US170318419002026,0,0,0,0,0,0,0,0,0,0,0,0,0,0,0,0,0,0
45330,1000000US170318419002027,0,0,0,0,0,0,0,0,0,0,0,0,0,0,0,0,0,0
45331,1000000US170318419002028,0,0,0,0,0,0,0,0,0,0,0,0,0,0,0,0,0,0
45332,1000000US170318419002029,0,0,0,0,0,0,0,0,0,0,0,0,0,0,0,0,0,0
45333,1000000US170318419002030,0,0,0,0,0,0,0,0,0,0,0,0,0,0,0,0,0,0
45334,1000000US170318419002031,0,0,0,0,0,0,0,0,0,0,0,0,0,0,0,0,0,0
45335,1000000US170318419002032,0,0,0,0,0,0,0,0,0,0,0,0,0,0,0,0,0,0
45336,1000000US170318419002033,1,0,1,0,0,0,0,1,0,0,1,0,1,1,0,1,0,0
45337,1000000US170318419002034,286,91,58,4,109,1,30,256,0,30,195,9,2,2,0,286,2,2
45338,1000000US170318419002035,0,0,0,0,0,0,0,0,0,0,0,0,0,0,0,0,0,0
45339,1000000US170318419002036,0,0,0,0,0,0,0,0,0,0,0,0,0,0,0,0,0,0
45340,1000000US170318419002037,0,0,0,0,0,0,0,0,0,0,0,0,0,0,0,0,0,0
45341,1000000US170318419002038,0,0,0,0,0,0,0,0,0,0,0,0,0,0,0,0,0,0
45342,1000000US170318419002039,256,115,48,2,59,3,35,221,0,35,141,7,25,20,5,261,2,1
45343,1000000US170318419002040,0,0,0,0,0,0,0,0,0,0,0,0,0,0,0,0,0,0
45344,1000000US170318419002041,0,0,0,0,0,0,0,0,0,0,0,0,0,0,0,0,0,0
45345,1000000US170318419002042,0,0,0,0,0,0,0,0,0,0,0,0,0,0,0,0,0,0
45346,1000000US170318419002043,3,2,1,0,0,0,0,3,0,0,1,0,2,2,0,3,0,0
45347,1000000US170318419002044,0,0,0,0,0,0,0,0,0,0,0,0,0,0,0,0,0,0
45348,1000000US170318419002045,384,173,48,7,119,3,44,340,0,44,211,36,1,1,0,385,5,1
45349,1000000US170318419002046,1,0,0,0,0,1,0,1,0,0,1,0,1,1,0,1,0,0
45350,1000000US170318419002047,0,0,0,0,0,0,0,0,0,0,0,0,0,0,0,0,0,0
45351,1000000US170318419002048,0,0,0,0,0,0,0,0,0,0,0,0,0,0,0,0,0,0
45352,1000000US170318419002049,114,38,22,0,47,0,6,108,0,6,76,5,63,57,6,139,0,0
45353,1000000US170318419002050,46,22,8,0,13,0,3,43,0,3,24,2,26,25,1,67,0,0
45354,1000000US170318419002051,42,19,3,0,19,0,1,41,0,1,23,4,26,26,0,44,0,0
45355,1000000US170318419002052,0,0,0,0,0,0,0,0,0,0,0,0,0,0,0,0,0,0
45356,1000000US170318419002053,23,13,1,0,5,1,4,19,0,4,10,1,15,13,2,32,0,0
45357,1000000US170318419002054,108,51,8,2,33,0,13,95,0,13,57,3,63,60,3,131,2,0
45358,1000000US170318419002055,67,21,12,0,27,0,10,57,0,10,46,0,37,35,2,79,0,0
45359,1000000US170318419002056,11,3,2,0,5,0,1,10,0,1,8,0,7,6,1,20,0,0
45360,1000000US170318419002057,0,0,0,0,0,0,0,0,0,0,0,0,0,0,0,0,0,0
45361,1000000US170318419002058,27,15,0,0,11,0,0,27,0,0,12,1,15,14,1,37,0,0
45362,1000000US170318419002059,66,23,10,0,25,0,8,58,0,8,43,0,36,36,0,99,0,0
45363,1000000US170318419002060,54,30,3,0,14,0,7,47,0,7,24,0,31,30,1,67,0,0
45364,1000000US170318419002061,14,4,7,0,2,0,1,13,0,1,10,4,8,8,0,21,0,0
45365,1000000US170318419002062,52,18,4,0,29,0,1,51,0,1,34,0,26,25,1,57,0,0
45366,1000000US170318419002063,14,9,2,0,2,0,1,13,0,1,5,0,7,7,0,19,0,0
45367,1000000US170318419002064,21,12,3,0,0,0,6,15,0,6,9,0,11,11,0,34,0,0
45368,1000000US170318419002065,0,0,0,0,0,0,0,0,0,0,0,0,0,0,0,0,0,0
45369,1000000US170318419002066,0,0,0,0,0,0,0,0,0,0,0,0,0,0,0,0,0,0
45370,1000000US170318419002067,0,0,0,0,0,0,0,0,0,0,0,0,0,0,0,0,0,0
45371,1000000US170318419002068,0,0,0,0,0,0,0,0,0,0,0,0,0,0,0,0,0,0
45372,1000000US170318419002069,0,0,0,0,0,0,0,0,0,0,0,0,0,0,0,0,0,0
45373,1000000US170318419002070,0,0,0,0,0,0,0,0,0,0,0,0,0,0,0,0,0,0
45374,1000000US170318419002071,0,0,0,0,0,0,0,0,0,0,0,0,0,0,0,0,0,0
45375,1000000US170318419002072,1,0,0,0,1,0,0,1,0,0,1,1,1,1,0,1,0,0
45376,1000000US170318419002073,0,0,0,0,0,0,0,0,0,0,0,0,0,0,0,0,0,0
45377,1000000US170318419002074,0,0,0,0,0,0,0,0,0,0,0,0,0,0,0,0,0,0
45378,1000000US170318419002075,0,0,0,0,0,0,0,0,0,0,0,0,0,0,0,0,0,0
45379,1000000US170318419002076,2,0,1,0,0,0,1,1,0,1,2,0,1,1,0,6,0,0
45380,1000000US170318419002077,0,0,0,0,0,0,0,0,0,0,0,0,0,0,0,0,0,0
45381,1000000US170318419002078,0,0,0,0,0,0,0,0,0,0,0,0,0,0,0,0,0,0
45382,1000000US170318419002079,0,0,0,0,0,0,0,0,0,0,0,0,0,0,0,0,0,0
45383,1000000US170318419002080,0,0,0,0,0,0,0,0,0,0,0,0,0,0,0,0,0,0
45384,1000000US170318419002081,0,0,0,0,0,0,0,0,0,0,0,0,0,0,0,0,0,0
45385,1000000US170318419002082,0,0,0,0,0,0,0,0,0,0,0,0,0,0,0,0,0,0
45386,1000000US170318419002083,0,0,0,0,0,0,0,0,0,0,0,0,0,0,0,0,0,0
45387,1000000US170318419002084,0,0,0,0,0,0,0,0,0,0,0,0,0,0,0,0,0,0
45388,1000000US170318419002085,0,0,0,0,0,0,0,0,0,0,0,0,0,0,0,0,0,0
45389,1000000US170318419002086,0,0,0,0,0,0,0,0,0,0,0,0,0,0,0,0,0,0
45390,1000000US170318419002087,0,0,0,0,0,0,0,0,0,0,0,0,0,0,0,0,0,0
45391,1000000US170318419002088,0,0,0,0,0,0,0,0,0,0,0,0,0,0,0,0,0,0
45392,1000000US170318419002089,0,0,0,0,0,0,0,0,0,0,0,0,0,0,0,0,0,0
45393,1000000US170318419002090,282,46,212,8,6,2,22,260,0,22,236,9,0,0,0,285,7,6
45394,1000000US170318419002091,0,0,0,0,0,0,0,0,0,0,0,0,0,0,0,0,0,0
45395,1000000US170318419002092,0,0,0,0,0,0,0,0,0,0,0,0,0,0,0,0,0,0
45396,1000000US170318419002093,0,0,0,0,0,0,0,0,0,0,0,0,0,0,0,0,0,0
45397,1000000US170318419002094,59,23,6,0,24,0,6,53,0,6,36,0,35,31,4,74,0,0
45398,1000000US170318419002095,0,0,0,0,0,0,0,0,0,0,0,0,0,0,0,0,0,0
45399,1000000US170318419002096,0,0,0,0,0,0,0,0,0,0,0,0,0,0,0,0,0,0
45400,1000000US170318419002097,0,0,0,0,0,0,0,0,0,0,0,0,0,0,0,0,0,0
45401,1000000US170318419002098,0,0,0,0,0,0,0,0,0,0,0,0,0,0,0,0,0,0
45402,1000000US170318419002099,0,0,0,0,0,0,0,0,0,0,0,0,0,0,0,0,0,0
45403,1000000US170318419002100,0,0,0,0,0,0,0,0,0,0,0,0,0,0,0,0,0,0
45404,1000000US170318419002101,0,0,0,0,0,0,0,0,0,0,0,0,0,0,0,0,0,0
45405,1000000US170318419002102,0,0,0,0,0,0,0,0,0,0,0,0,0,0,0,0,0,0
45406,1000000US170318419002103,0,0,0,0,0,0,0,0,0,0,0,0,0,0,0,0,0,0
45407,1000000US170318419002104,0,0,0,0,0,0,0,0,0,0,0,0,0,0,0,0,0,0
45408,1000000US170318419002105,98,41,14,0,33,0,10,88,0,10,57,2,63,57,6,110,0,0
45409,1000000US170318419002106,0,0,0,0,0,0,0,0,0,0,0,0,0,0,0,0,0,0
45410,1000000US170318419002107,46,25,5,0,12,0,4,42,0,4,21,3,33,29,4,48,0,0
45411,1000000US170318419002108,30,22,1,0,3,0,4,26,0,4,8,0,18,16,2,37,0,0
45412,1000000US170318419002109,16,12,1,0,3,0,0,16,0,0,4,0,11,10,1,26,0,0
45413,1000000US170318419002110,157,72,25,0,38,0,19,138,0,19,85,7,97,94,3,177,0,0
45414,1000000US170318419002111,144,83,15,0,32,0,13,131,0,13,61,5,93,87,6,162,0,0
45415,1000000US170318419002112,10,5,1,0,4,0,0,10,0,0,5,0,7,6,1,13,0,0
45416,1000000US170318419002113,263,140,27,0,60,3,35,228,0,35,123,15,170,165,5,289,0,1
45417,1000000US170318419002114,0,0,0,0,0,0,0,0,0,0,0,0,0,0,0,0,0,0
45418,1000000US170318419002115,0,0,0,0,0,0,0,0,0,0,0,0,0,0,0,0,0,0
45419,1000000US170318419002116,0,0,0,0,0,0,0,0,0,0,0,0,0,0,0,0,0,0
45420,1000000US170318420001000,30,2,28,0,0,0,1,29,0,1,28,0,19,17,2,33,0,1
45421,1000000US170318420001001,35,2,32,0,1,0,0,35,0,0,33,0,25,22,3,47,0,0
45422,1000000US170318420001002,25,2,21,0,2,0,0,25,0,0,23,0,22,19,3,39,0,0
45423,1000000US170318420001003,0,0,0,0,0,0,0,0,0,0,0,0,0,0,0,0,0,0
45424,1000000US170318420001004,20,5,7,0,4,0,4,16,0,4,15,0,14,14,0,23,0,0
45425,1000000US170318420001005,65,3,45,0,15,0,2,63,0,2,62,0,55,35,20,78,0,0
45426,1000000US170318420001006,79,14,50,1,14,0,3,76,0,3,65,3,49,44,5,93,0,2
45427,1000000US170318420001007,0,0,0,0,0,0,0,0,0,0,0,0,0,0,0,0,0,0
45428,1000000US170318420001008,57,14,38,0,5,0,0,57,0,0,43,0,32,23,9,69,0,0
45429,1000000US170318420001009,253,4,244,2,1,0,3,250,0,3,249,0,0,0,0,253,2,0
45430,1000000US170318420001010,46,3,41,0,0,0,2,44,0,2,43,0,33,25,8,53,0,0
45431,1000000US170318420001011,46,2,44,1,0,0,2,44,0,2,44,4,26,23,3,46,1,2
45432,1000000US170318420002000,125,36,60,0,28,0,2,123,0,2,89,4,76,73,3,141,0,1
45433,1000000US170318420002001,922,453,67,7,353,4,50,872,0,50,469,36,0,0,0,929,3,1
45434,1000000US170318420002002,0,0,0,0,0,0,0,0,0,0,0,0,0,0,0,0,0,0
45435,1000000US170318420002003,0,0,0,0,0,0,0,0,0,0,0,0,0,0,0,0,0,0
45436,1000000US170318420002004,0,0,0,0,0,0,0,0,0,0,0,0,0,0,0,0,0,0
45437,1000000US170318420002005,0,0,0,0,0,0,0,0,0,0,0,0,0,0,0,0,0,0
45438,1000000US170318420002006,0,0,0,0,0,0,0,0,0,0,0,0,0,0,0,0,0,0
45439,1000000US170318420002007,0,0,0,0,0,0,0,0,0,0,0,0,0,0,0,0,0,0
45440,1000000US170318420002008,0,0,0,0,0,0,0,0,0,0,0,0,0,0,0,0,0,0
45441,1000000US170318420002009,0,0,0,0,0,0,0,0,0,0,0,0,0,0,0,0,0,0
45442,1000000US170318420002010,314,175,25,2,83,0,35,279,0,35,139,13,0,0,0,315,1,1
45443,1000000US170318420002011,0,0,0,0,0,0,0,0,0,0,0,0,0,0,0,0,0,0
45444,1000000US170318420002012,0,0,0,0,0,0,0,0,0,0,0,0,0,0,0,0,0,0
45445,1000000US170318420002013,238,186,10,1,27,1,13,225,0,13,52,9,0,0,0,241,0,0
45446,1000000US170318420002014,237,31,186,5,9,1,11,226,0,11,206,6,19,17,2,243,3,0
45447,1000000US170318420002015,139,13,121,0,1,0,6,133,0,6,126,2,8,7,1,141,0,2
45448,1000000US170318420002016,0,0,0,0,0,0,0,0,0,0,0,0,0,0,0,0,0,0
45449,1000000US170318420002017,0,0,0,0,0,0,0,0,0,0,0,0,0,0,0,0,0,0
45450,1000000US170318420002018,0,0,0,0,0,0,0,0,0,0,0,0,0,0,0,0,0,0
45451,1000000US170318421001000,0,0,0,0,0,0,0,0,0,0,0,0,0,0,0,0,0,0
45452,1000000US170318421001001,0,0,0,0,0,0,0,0,0,0,0,0,0,0,0,0,0,0
45453,1000000US170318421001002,0,0,0,0,0,0,0,0,0,0,0,0,0,0,0,0,0,0
45454,1000000US170318421001003,49,4,35,4,0,0,10,39,0,10,45,2,30,27,3,65,4,0
45455,1000000US170318421001004,0,0,0,0,0,0,0,0,0,0,0,0,0,0,0,0,0,0
45456,1000000US170318421001005,0,0,0,0,0,0,0,0,0,0,0,0,0,0,0,0,0,0
45457,1000000US170318421001006,59,4,36,0,0,0,22,37,0,22,55,0,37,33,4,75,0,3
45458,1000000US170318421001007,85,9,29,0,0,0,49,36,0,49,76,6,38,30,8,113,0,2
45459,1000000US170318421001008,0,0,0,0,0,0,0,0,0,0,0,0,0,0,0,0,0,0
45460,1000000US170318421001009,0,0,0,0,0,0,0,0,0,0,0,0,1,0,1,0,0,0
45461,1000000US170318421001010,16,0,12,0,0,0,4,12,0,4,16,1,11,8,3,23,0,0
45462,1000000US170318421001011,77,2,21,0,0,0,54,23,0,54,75,0,40,32,8,121,0,0
45463,1000000US170318421001012,61,2,37,0,4,0,18,43,0,18,59,0,32,23,9,91,0,0
45464,1000000US170318421001013,63,0,41,0,0,0,22,41,0,22,63,0,29,25,4,81,0,0
45465,1000000US170318421001014,90,3,66,1,0,0,21,69,0,21,87,2,49,41,8,125,1,1
45466,1000000US170318421001015,20,0,3,0,0,0,17,3,0,17,20,0,8,8,0,28,0,0
45467,1000000US170318421001016,0,0,0,0,0,0,0,0,0,0,0,0,0,0,0,0,0,0
45468,1000000US170318421001017,0,0,0,0,0,0,0,0,0,0,0,0,0,0,0,0,0,0
45469,1000000US170318421001018,107,2,53,0,2,0,51,56,0,51,105,1,49,45,4,152,0,0
45470,1000000US170318421001019,124,1,64,0,2,2,56,68,0,56,123,1,70,59,11,198,0,0
45471,1000000US170318421001020,52,4,27,0,0,0,22,30,0,22,48,6,28,18,10,72,0,1
45472,1000000US170318421001021,0,0,0,0,0,0,0,0,0,0,0,0,0,0,0,0,0,0
45473,1000000US170318421001022,55,4,40,3,0,0,11,44,0,11,51,1,28,26,2,87,3,0
45474,1000000US170318421001023,79,7,72,0,0,0,0,79,0,0,72,0,45,36,9,86,0,0
45475,1000000US170318421002000,64,3,51,0,0,0,10,54,0,10,61,0,34,34,0,86,0,0
45476,1000000US170318421002001,0,0,0,0,0,0,0,0,0,0,0,0,0,0,0,0,0,0
45477,1000000US170318421002002,0,0,0,0,0,0,0,0,0,0,0,0,0,0,0,0,0,0
45478,1000000US170318421002003,40,1,25,1,0,0,14,26,0,14,39,1,24,21,3,63,0,0
45479,1000000US170318421002004,76,0,34,0,0,0,42,34,0,42,76,4,47,32,15,110,0,0
45480,1000000US170318421002005,53,0,38,1,0,0,15,38,0,15,53,0,19,18,1,73,1,0
45481,1000000US170318421002006,73,0,56,2,1,0,16,57,0,16,73,3,39,37,2,105,2,0
45482,1000000US170318421002007,44,0,34,0,2,0,13,31,0,13,44,0,23,20,3,55,0,4
45483,1000000US170318421002008,75,1,50,8,0,0,24,51,0,24,74,2,35,33,2,91,8,0
45484,1000000US170318421002009,80,2,72,0,1,0,6,74,0,6,78,1,39,36,3,101,0,1
45485,1000000US170318421002010,40,5,18,8,0,0,17,23,0,17,35,0,21,17,4,54,8,0
45486,1000000US170318421002011,56,0,29,0,0,0,27,29,0,27,56,2,35,31,4,96,0,0
45487,1000000US170318421002012,47,1,40,0,0,0,6,41,0,6,46,0,18,18,0,60,0,0
45488,1000000US170318421002013,0,0,0,0,0,0,0,0,0,0,0,0,0,0,0,0,0,0
45489,1000000US170318421002014,0,0,0,0,0,0,0,0,0,0,0,0,0,0,0,0,0,0
45490,1000000US170318421002015,76,1,11,0,0,0,64,12,0,64,75,0,33,29,4,109,0,0
45491,1000000US170318421002016,63,0,33,1,0,0,31,32,0,31,63,1,21,20,1,87,0,1
45492,1000000US170318421002017,0,0,0,0,0,0,0,0,0,0,0,0,0,0,0,0,0,0
45493,1000000US170318421002018,0,0,0,0,0,0,0,0,0,0,0,0,0,0,0,0,0,0
45494,1000000US170318421002019,0,0,0,0,0,0,0,0,0,0,0,0,0,0,0,0,0,0
45495,1000000US170318421003000,84,1,36,0,4,0,45,39,0,45,83,0,40,39,1,111,0,2
45496,1000000US170318421003001,49,3,23,1,4,0,18,31,0,18,46,2,31,19,12,73,1,0
45497,1000000US170318421003002,67,2,41,0,1,0,21,46,0,21,65,0,38,29,9,95,0,0
45498,1000000US170318421003003,28,1,17,0,0,0,10,18,0,10,27,0,12,12,0,55,0,0
45499,1000000US170318421003004,54,0,52,0,0,0,2,52,0,2,54,0,26,24,2,68,0,0
45500,1000000US170318421003005,77,0,75,0,0,0,4,73,0,4,77,0,34,30,4,94,0,2
45501,1000000US170318421003006,78,1,53,0,1,0,28,50,0,28,77,4,38,31,7,112,0,4
45502,1000000US170318421003007,31,1,18,0,0,0,12,19,0,12,30,0,15,14,1,48,0,0
45503,1000000US170318421003008,32,3,24,0,0,0,6,26,0,6,29,0,21,16,5,34,0,1
45504,1000000US170318421003009,37,2,20,0,0,0,16,21,0,16,35,1,24,17,7,54,0,1
45505,1000000US170318421003010,28,0,24,3,0,0,3,25,0,3,28,3,20,14,6,35,1,0
45506,1000000US170318421003011,0,0,0,0,0,0,0,0,0,0,0,0,0,0,0,0,0,0
45507,1000000US170318421003012,22,0,22,0,0,0,0,22,0,0,22,0,10,9,1,26,0,0
45508,1000000US170318421003013,41,0,39,2,0,0,2,39,0,2,41,2,15,15,0,63,2,0
45509,1000000US170318421003014,46,1,34,0,2,0,9,37,0,9,45,0,17,16,1,61,0,0
45510,1000000US170318421004000,92,4,11,0,0,0,79,13,0,79,88,1,33,31,2,142,0,2
45511,1000000US170318421004001,70,0,45,4,0,1,25,45,0,25,70,1,33,31,2,115,4,0
45512,1000000US170318421004002,65,7,33,0,0,0,28,37,0,28,58,10,36,28,8,79,0,3
45513,1000000US170318421004003,103,1,42,0,0,0,62,41,0,62,102,8,39,38,1,141,0,2
45514,1000000US170318421004004,77,1,51,0,0,0,26,51,0,26,76,0,36,30,6,112,0,1
45515,1000000US170318421004005,77,1,51,0,0,0,26,51,0,26,76,0,33,26,7,107,0,1
45516,1000000US170318421004006,59,3,25,0,0,0,31,28,0,31,56,4,33,25,8,84,0,0
45517,1000000US170318421004007,66,3,46,0,0,0,23,43,0,23,63,1,34,26,8,96,0,6
45518,1000000US170318421004008,86,4,63,0,0,0,19,67,0,19,82,0,52,37,15,138,0,0
45519,1000000US170318421004009,67,5,46,0,0,0,19,48,0,19,62,0,32,28,4,108,0,3
45520,1000000US170318421004010,77,2,46,0,0,0,31,46,0,31,75,0,36,29,7,104,0,2
45521,1000000US170318421004011,67,4,59,0,0,0,5,62,0,5,63,0,37,32,5,102,0,1
45522,1000000US170318421005000,92,1,55,0,0,0,43,49,0,43,91,7,34,29,5,126,0,7
45523,1000000US170318421005001,75,2,59,0,3,0,11,64,0,11,73,0,29,27,2,95,0,0
45524,1000000US170318421005002,85,7,45,14,0,0,33,52,0,33,78,18,30,29,1,115,14,0
45525,1000000US170318421005003,86,1,30,2,0,0,55,31,0,55,85,5,34,33,1,127,0,0
45526,1000000US170318421005004,76,3,53,0,0,1,20,56,0,20,73,2,28,27,1,97,0,0
45527,1000000US170318421005005,78,0,55,5,3,1,31,47,0,31,78,8,46,34,12,108,0,8
45528,1000000US170318421005006,57,0,47,1,0,0,11,46,0,11,57,1,31,28,3,81,0,1
45529,1000000US170318421005007,69,0,51,0,0,0,20,49,0,20,69,1,47,31,16,105,0,2
45530,1000000US170318421005008,74,0,60,0,0,1,12,62,0,12,74,1,39,28,11,106,0,0
45531,1000000US170318421005009,62,1,52,1,0,0,9,53,0,9,61,0,40,32,8,76,1,1
45532,1000000US170318421005010,73,2,62,0,0,9,19,54,0,19,71,7,37,29,8,96,0,10
45533,1000000US170318421005011,7,0,7,0,0,0,0,7,0,0,7,0,3,3,0,8,0,0
45534,1000000US170318421005012,0,0,0,0,0,0,0,0,0,0,0,0,0,0,0,0,0,0
45535,1000000US170318421005013,0,0,0,0,0,0,0,0,0,0,0,0,0,0,0,0,0,0
45536,1000000US170318421005014,8,0,8,0,0,0,0,8,0,0,8,0,3,3,0,9,0,0
45537,1000000US170318421005015,0,0,0,0,0,0,0,0,0,0,0,0,0,0,0,0,0,0
45538,1000000US170318421005016,0,0,0,0,0,0,0,0,0,0,0,0,0,0,0,0,0,0
45539,1000000US170318421005017,0,0,0,0,0,0,0,0,0,0,0,0,0,0,0,0,0,0
45540,1000000US170318421005018,0,0,0,0,0,0,0,0,0,0,0,0,0,0,0,0,0,0
45541,1000000US170318421005019,0,0,0,0,0,0,0,0,0,0,0,0,0,0,0,0,0,0
45542,1000000US170318421005020,0,0,0,0,0,0,0,0,0,0,0,0,0,0,0,0,0,0
45543,1000000US170318421005021,0,0,0,0,0,0,0,0,0,0,0,0,0,0,0,0,0,0
45544,1000000US170318421005022,0,0,0,0,0,0,0,0,0,0,0,0,0,0,0,0,0,0
45545,1000000US170318421005023,0,0,0,0,0,0,0,0,0,0,0,0,0,0,0,0,0,0
45546,1000000US170318421005024,0,0,0,0,0,0,0,0,0,0,0,0,0,0,0,0,0,0
45547,1000000US170318421005025,0,0,0,0,0,0,0,0,0,0,0,0,0,0,0,0,0,0
45548,1000000US170318421005026,0,0,0,0,0,0,0,0,0,0,0,0,0,0,0,0,0,0
45549,1000000US170318421005027,0,0,0,0,0,0,0,0,0,0,0,0,0,0,0,0,0,0
45550,1000000US170318421006000,36,0,20,0,0,0,16,20,0,16,36,0,29,18,11,50,0,0
45551,1000000US170318421006001,61,0,31,1,0,0,30,31,0,30,61,5,29,26,3,89,1,0
45552,1000000US170318421006002,72,0,42,0,0,0,30,42,0,30,72,0,24,24,0,116,0,0
45553,1000000US170318421006003,37,0,11,0,0,0,26,11,0,26,37,3,20,15,5,55,0,0
45554,1000000US170318421006004,70,0,46,0,0,0,26,44,0,26,70,1,35,33,2,100,0,3
45555,1000000US170318421006005,68,2,32,7,0,0,35,33,0,35,66,1,27,23,4,115,7,1
45556,1000000US170318421006006,55,1,37,0,0,0,22,33,0,22,54,3,26,21,5,68,0,5
45557,1000000US170318421006007,59,0,28,0,0,0,31,28,0,31,59,0,30,26,4,88,0,0
45558,1000000US170318421006008,0,0,0,0,0,0,0,0,0,0,0,0,0,0,0,0,0,0
45559,1000000US170318421006009,59,2,38,0,0,0,20,39,0,20,57,0,25,22,3,88,0,1
45560,1000000US170318421006010,81,2,48,0,0,0,31,50,0,31,79,0,57,32,25,116,0,0
45561,1000000US170318421006011,27,2,7,0,0,0,18,9,0,18,25,0,12,10,2,33,0,0
45562,1000000US170318422001000,0,0,0,0,0,0,0,0,0,0,0,0,0,0,0,0,0,0
45563,1000000US170318422001001,0,0,0,0,0,0,0,0,0,0,0,0,0,0,0,0,0,0
45564,1000000US170318422001002,0,0,0,0,0,0,0,0,0,0,0,0,0,0,0,0,0,0
45565,1000000US170318422001003,302,73,185,2,11,0,38,264,0,38,229,9,266,246,20,331,1,5
45566,1000000US170318422001004,0,0,0,0,0,0,0,0,0,0,0,0,0,0,0,0,0,0
45567,1000000US170318422001005,0,0,0,0,0,0,0,0,0,0,0,0,0,0,0,0,0,0
45568,1000000US170318422001006,0,0,0,0,0,0,0,0,0,0,0,0,0,0,0,0,0,0
45569,1000000US170318422001007,5,5,0,0,0,0,0,5,0,0,0,0,3,2,1,5,0,0
45570,1000000US170318422001008,163,124,1,0,26,0,12,151,0,12,39,0,193,110,83,164,0,0
45571,1000000US170318422001009,0,0,0,0,0,0,0,0,0,0,0,0,0,0,0,0,0,0
45572,1000000US170318422001010,0,0,0,0,0,0,0,0,0,0,0,0,0,0,0,0,0,0
45573,1000000US170318422001011,0,0,0,0,0,0,0,0,0,0,0,0,0,0,0,0,0,0
45574,1000000US170318422001012,0,0,0,0,0,0,0,0,0,0,0,0,0,0,0,0,0,0
45575,1000000US170318422001013,0,0,0,0,0,0,0,0,0,0,0,0,0,0,0,0,0,0
45576,1000000US170318422001014,27,22,2,0,1,1,2,25,0,2,5,3,10,10,0,27,0,0
45577,1000000US170318422001015,11,10,0,0,1,0,0,11,0,0,1,1,7,7,0,11,0,0
45578,1000000US170318422001016,0,0,0,0,0,0,0,0,0,0,0,0,0,0,0,0,0,0
45579,1000000US170318422001017,0,0,0,0,0,0,0,0,0,0,0,0,0,0,0,0,0,0
45580,1000000US170318422001018,0,0,0,0,0,0,0,0,0,0,0,0,0,0,0,0,0,0
45581,1000000US170318422001019,0,0,0,0,0,0,0,0,0,0,0,0,0,0,0,0,0,0
45582,1000000US170318422001020,0,0,0,0,0,0,0,0,0,0,0,0,0,0,0,0,0,0
45583,1000000US170318422001021,0,0,0,0,0,0,0,0,0,0,0,0,0,0,0,0,0,0
45584,1000000US170318422001022,0,0,0,0,0,0,0,0,0,0,0,0,0,0,0,0,0,0
45585,1000000US170318422001023,0,0,0,0,0,0,0,0,0,0,0,0,0,0,0,0,0,0
45586,1000000US170318422001024,0,0,0,0,0,0,0,0,0,0,0,0,0,0,0,0,0,0
45587,1000000US170318422001025,0,0,0,0,0,0,0,0,0,0,0,0,0,0,0,0,0,0
45588,1000000US170318422001026,0,0,0,0,0,0,0,0,0,0,0,0,0,0,0,0,0,0
45589,1000000US170318422001027,0,0,0,0,0,0,0,0,0,0,0,0,0,0,0,0,0,0
45590,1000000US170318422001028,0,0,0,0,0,0,0,0,0,0,0,0,0,0,0,0,0,0
45591,1000000US170318422001029,0,0,0,0,0,0,0,0,0,0,0,0,0,0,0,0,0,0
45592,1000000US170318422001030,0,0,0,0,0,0,0,0,0,0,0,0,0,0,0,0,0,0
45593,1000000US170318422001031,0,0,0,0,0,0,0,0,0,0,0,0,0,0,0,0,0,0
45594,1000000US170318422001032,0,0,0,0,0,0,0,0,0,0,0,0,0,0,0,0,0,0
45595,1000000US170318422001033,0,0,0,0,0,0,0,0,0,0,0,0,0,0,0,0,0,0
45596,1000000US170318422001034,0,0,0,0,0,0,0,0,0,0,0,0,0,0,0,0,0,0
45597,1000000US170318422001035,0,0,0,0,0,0,0,0,0,0,0,0,0,0,0,0,0,0
45598,1000000US170318422001036,0,0,0,0,0,0,0,0,0,0,0,0,0,0,0,0,0,0
45599,1000000US170318422001037,0,0,0,0,0,0,0,0,0,0,0,0,0,0,0,0,0,0
45600,1000000US170318422001038,3,0,3,0,0,0,0,3,0,0,3,0,2,2,0,3,0,0
45601,1000000US170318422001039,45,24,15,0,5,1,1,44,0,1,21,1,30,28,2,56,0,0
45602,1000000US170318422001040,21,10,9,0,0,0,2,19,0,2,11,0,11,11,0,28,0,0
45603,1000000US170318422001041,0,0,0,0,0,0,0,0,0,0,0,0,0,0,0,0,0,0
45604,1000000US170318422001042,0,0,0,0,0,0,0,0,0,0,0,0,0,0,0,0,0,0
45605,1000000US170318422001043,61,23,35,0,2,0,1,60,0,1,38,0,40,38,2,87,0,0
45606,1000000US170318422001044,0,0,0,0,0,0,0,0,0,0,0,0,0,0,0,0,0,0
45607,1000000US170318422001045,0,0,0,0,0,0,0,0,0,0,0,0,0,0,0,0,0,0
45608,1000000US170318422001046,0,0,0,0,0,0,0,0,0,0,0,0,0,0,0,0,0,0
45609,1000000US170318422001047,102,26,66,0,10,0,0,102,0,0,76,1,60,58,2,140,0,0
45610,1000000US170318422001048,0,0,0,0,0,0,0,0,0,0,0,0,0,0,0,0,0,0
45611,1000000US170318422001049,0,0,0,0,0,0,0,0,0,0,0,0,0,0,0,0,0,0
45612,1000000US170318422001050,0,0,0,0,0,0,0,0,0,0,0,0,0,0,0,0,0,0
45613,1000000US170318422001051,73,0,73,0,0,0,0,73,0,0,73,0,130,29,101,137,0,0
45614,1000000US170318422001052,118,0,117,3,0,0,0,118,0,0,118,3,131,56,75,215,3,0
45615,1000000US170318422001053,0,0,0,0,0,0,0,0,0,0,0,0,0,0,0,0,0,0
45616,1000000US170318422001054,15,8,0,0,7,0,0,15,0,0,7,0,8,7,1,16,0,0
45617,1000000US170318422001055,80,26,39,0,12,0,3,77,0,3,54,1,46,43,3,111,0,0
45618,1000000US170318422001056,5,4,1,0,0,0,0,5,0,0,1,0,3,3,0,6,0,0
45619,1000000US170318422001057,517,386,51,7,60,2,22,495,0,22,131,15,380,368,12,564,4,4
45620,1000000US170318422001058,142,87,32,1,20,1,4,138,0,4,55,3,78,77,1,178,0,0
45621,1000000US170318422001059,18,14,1,0,3,0,0,18,0,0,4,0,14,11,3,24,0,0
45622,1000000US170318422001060,315,227,45,2,28,0,13,302,0,13,88,6,219,210,9,348,0,0
45623,1000000US170318422001061,0,0,0,0,0,0,0,0,0,0,0,0,0,0,0,0,0,0
45624,1000000US170318422001062,0,0,0,0,0,0,0,0,0,0,0,0,0,0,0,0,0,0
45625,1000000US170318422001063,0,0,0,0,0,0,0,0,0,0,0,0,0,0,0,0,0,0
45626,1000000US170318422001064,0,0,0,0,0,0,0,0,0,0,0,0,0,0,0,0,0,0
45627,1000000US170318422001065,0,0,0,0,0,0,0,0,0,0,0,0,0,0,0,0,0,0
45628,1000000US170318422001066,0,0,0,0,0,0,0,0,0,0,0,0,0,0,0,0,0,0
45629,1000000US170318422001067,0,0,0,0,0,0,0,0,0,0,0,0,0,0,0,0,0,0
45630,1000000US170318422001068,0,0,0,0,0,0,0,0,0,0,0,0,0,0,0,0,0,0
45631,1000000US170318422001069,41,15,19,0,6,0,1,40,0,1,26,0,24,23,1,54,0,0
45632,1000000US170318422001070,0,0,0,0,0,0,0,0,0,0,0,0,0,0,0,0,0,0
45633,1000000US170318422001071,88,47,27,0,8,0,7,81,0,7,41,0,54,50,4,96,0,1
45634,1000000US170318422001072,0,0,0,0,0,0,0,0,0,0,0,0,0,0,0,0,0,0
45635,1000000US170318422001073,0,0,0,0,0,0,0,0,0,0,0,0,0,0,0,0,0,0
45636,1000000US170318422001074,0,0,0,0,0,0,0,0,0,0,0,0,0,0,0,0,0,0
45637,1000000US170318422001075,0,0,0,0,0,0,0,0,0,0,0,0,0,0,0,0,0,0
45638,1000000US170318422001076,0,0,0,0,0,0,0,0,0,0,0,0,0,0,0,0,0,0
45639,1000000US170318422001077,0,0,0,0,0,0,0,0,0,0,0,0,0,0,0,0,0,0
45640,1000000US170318422001078,0,0,0,0,0,0,0,0,0,0,0,0,0,0,0,0,0,0
45641,1000000US170318422001079,0,0,0,0,0,0,0,0,0,0,0,0,0,0,0,0,0,0
45642,1000000US170318422001080,2,2,0,0,0,0,0,2,0,0,0,0,1,1,0,2,0,0
45643,1000000US170318422001081,0,0,0,0,0,0,0,0,0,0,0,0,0,0,0,0,0,0
45644,1000000US170318423001000,0,0,0,0,0,0,0,0,0,0,0,0,0,0,0,0,0,0
45645,1000000US170318423001001,0,0,0,0,0,0,0,0,0,0,0,0,0,0,0,0,0,0
45646,1000000US170318423001002,0,0,0,0,0,0,0,0,0,0,0,0,0,0,0,0,0,0
45647,1000000US170318423001003,0,0,0,0,0,0,0,0,0,0,0,0,0,0,0,0,0,0
45648,1000000US170318423001004,0,0,0,0,0,0,0,0,0,0,0,0,0,0,0,0,0,0
45649,1000000US170318423001005,1,1,0,0,0,0,0,1,0,0,0,0,1,1,0,1,0,0
45650,1000000US170318423001006,0,0,0,0,0,0,0,0,0,0,0,0,0,0,0,0,0,0
45651,1000000US170318423001007,0,0,0,0,0,0,0,0,0,0,0,0,0,0,0,0,0,0
45652,1000000US170318423001008,0,0,0,0,0,0,0,0,0,0,0,0,0,0,0,0,0,0
45653,1000000US170318423001009,0,0,0,0,0,0,0,0,0,0,0,0,0,0,0,0,0,0
45654,1000000US170318423001010,0,0,0,0,0,0,0,0,0,0,0,0,0,0,0,0,0,0
45655,1000000US170318423001011,0,0,0,0,0,0,0,0,0,0,0,0,0,0,0,0,0,0
45656,1000000US170318423001012,0,0,0,0,0,0,0,0,0,0,0,0,0,0,0,0,0,0
45657,1000000US170318423001013,0,0,0,0,0,0,0,0,0,0,0,0,0,0,0,0,0,0
45658,1000000US170318423001014,0,0,0,0,0,0,0,0,0,0,0,0,0,0,0,0,0,0
45659,1000000US170318423001015,0,0,0,0,0,0,0,0,0,0,0,0,0,0,0,0,0,0
45660,1000000US170318423001016,11,1,2,0,0,0,8,3,0,8,10,0,3,3,0,17,0,0
45661,1000000US170318423001017,2,2,0,0,0,0,0,2,0,0,0,0,1,1,0,2,0,0
45662,1000000US170318423001018,0,0,0,0,0,0,0,0,0,0,0,0,0,0,0,0,0,0
45663,1000000US170318423001019,0,0,0,0,0,0,0,0,0,0,0,0,0,0,0,0,0,0
45664,1000000US170318423001020,0,0,0,0,0,0,0,0,0,0,0,0,0,0,0,0,0,0
45665,1000000US170318423001021,0,0,0,0,0,0,0,0,0,0,0,0,0,0,0,0,0,0
45666,1000000US170318423001022,0,0,0,0,0,0,0,0,0,0,0,0,0,0,0,0,0,0
45667,1000000US170318423001023,0,0,0,0,0,0,0,0,0,0,0,0,0,0,0,0,0,0
45668,1000000US170318423001024,18,12,0,0,0,0,6,12,0,6,6,0,17,15,2,18,0,0
45669,1000000US170318423001025,30,17,0,0,1,0,12,18,0,12,13,0,17,16,1,35,0,0
45670,1000000US170318423001026,0,0,0,0,0,0,0,0,0,0,0,0,0,0,0,0,0,0
45671,1000000US170318423001027,6,5,0,0,0,0,1,5,0,1,1,0,3,3,0,11,0,0
45672,1000000US170318423001028,0,0,0,0,0,0,0,0,0,0,0,0,0,0,0,0,0,0
45673,1000000US170318423001029,0,0,0,0,0,0,0,0,0,0,0,0,0,0,0,0,0,0
45674,1000000US170318423001030,0,0,0,0,0,0,0,0,0,0,0,0,0,0,0,0,0,0
45675,1000000US170318423001031,0,0,0,0,0,0,0,0,0,0,0,0,0,0,0,0,0,0
45676,1000000US170318423001032,0,0,0,0,0,0,0,0,0,0,0,0,0,0,0,0,0,0
45677,1000000US170318423001033,0,0,0,0,0,0,0,0,0,0,0,0,0,0,0,0,0,0
45678,1000000US170318423001034,0,0,0,0,0,0,0,0,0,0,0,0,0,0,0,0,0,0
45679,1000000US170318423001035,0,0,0,0,0,0,0,0,0,0,0,0,0,0,0,0,0,0
45680,1000000US170318423001036,0,0,0,0,0,0,0,0,0,0,0,0,0,0,0,0,0,0
45681,1000000US170318423001037,6,6,0,0,0,0,0,6,0,0,0,0,6,6,0,6,0,0
45682,1000000US170318423001038,0,0,0,0,0,0,0,0,0,0,0,0,0,0,0,0,0,0
45683,1000000US170318423001039,0,0,0,0,0,0,0,0,0,0,0,0,0,0,0,0,0,0
45684,1000000US170318423001040,0,0,0,0,0,0,0,0,0,0,0,0,0,0,0,0,0,0
45685,1000000US170318423001041,0,0,0,0,0,0,0,0,0,0,0,0,0,0,0,0,0,0
45686,1000000US170318423001042,0,0,0,0,0,0,0,0,0,0,0,0,0,0,0,0,0,0
45687,1000000US170318423001043,9,8,0,0,0,0,1,8,0,1,1,0,4,4,0,9,0,0
45688,1000000US170318423001044,0,0,0,0,0,0,0,0,0,0,0,0,0,0,0,0,0,0
45689,1000000US170318423001045,0,0,0,0,0,0,0,0,0,0,0,0,0,0,0,0,0,0
45690,1000000US170318423001046,0,0,0,0,0,0,0,0,0,0,0,0,0,0,0,0,0,0
45691,1000000US170318423001047,30,21,0,0,3,0,6,24,0,6,9,0,21,20,1,30,0,0
45692,1000000US170318423001048,39,21,2,0,0,0,17,22,0,17,18,5,23,16,7,39,0,1
45693,1000000US170318423001049,0,0,0,0,0,0,0,0,0,0,0,0,0,0,0,0,0,0
45694,1000000US170318423001050,1,0,1,0,0,0,0,1,0,0,1,0,0,0,0,1,0,0
45695,1000000US170318423001051,0,0,0,0,0,0,0,0,0,0,0,0,0,0,0,0,0,0
45696,1000000US170318423001052,0,0,0,0,0,0,0,0,0,0,0,0,0,0,0,0,0,0
45697,1000000US170318423001053,0,0,0,0,0,0,0,0,0,0,0,0,0,0,0,0,0,0
45698,1000000US170318423001054,0,0,0,0,0,0,0,0,0,0,0,0,0,0,0,0,0,0
45699,1000000US170318423001055,0,0,0,0,0,0,0,0,0,0,0,0,0,0,0,0,0,0
45700,1000000US170318423001056,0,0,0,0,0,0,0,0,0,0,0,0,0,0,0,0,0,0
45701,1000000US170318423001057,19,1,18,0,0,0,0,19,0,0,18,0,9,9,0,23,0,0
45702,1000000US170318423001058,0,0,0,0,0,0,0,0,0,0,0,0,0,0,0,0,0,0
45703,1000000US170318423001059,29,22,4,0,3,0,1,28,0,1,7,2,17,17,0,29,0,1
45704,1000000US170318423001060,122,95,13,3,9,0,3,119,0,3,27,3,72,68,4,136,3,0
45705,1000000US170318423001061,23,12,1,0,0,3,10,13,0,10,11,4,13,13,0,24,0,0
45706,1000000US170318423001062,33,11,0,4,1,0,20,13,0,20,22,3,19,17,2,45,1,0
45707,1000000US170318423001063,0,0,0,0,0,0,0,0,0,0,0,0,0,0,0,0,0,0
45708,1000000US170318423001064,0,0,0,0,0,0,0,0,0,0,0,0,0,0,0,0,0,0
45709,1000000US170318423001065,0,0,0,0,0,0,0,0,0,0,0,0,0,0,0,0,0,0
45710,1000000US170318423001066,0,0,0,0,0,0,0,0,0,0,0,0,0,0,0,0,0,0
45711,1000000US170318423001067,0,0,0,0,0,0,0,0,0,0,0,0,0,0,0,0,0,0
45712,1000000US170318423001068,0,0,0,0,0,0,0,0,0,0,0,0,0,0,0,0,0,0
45713,1000000US170318423001069,0,0,0,0,0,0,0,0,0,0,0,0,0,0,0,0,0,0
45714,1000000US170318423001070,0,0,0,0,0,0,0,0,0,0,0,0,0,0,0,0,0,0
45715,1000000US170318423001071,88,48,17,0,12,0,11,77,0,11,40,1,31,29,2,92,0,0
45716,1000000US170318423001072,38,35,1,0,0,0,2,36,0,2,3,0,28,25,3,38,0,0
45717,1000000US170318423001073,34,31,0,0,2,0,1,33,0,1,3,0,24,19,5,35,0,0
45718,1000000US170318423001074,51,41,3,0,2,0,6,45,0,6,10,1,30,30,0,55,0,1
45719,1000000US170318423001075,0,0,0,0,0,0,0,0,0,0,0,0,0,0,0,0,0,0
45720,1000000US170318423001076,0,0,0,0,0,0,0,0,0,0,0,0,0,0,0,0,0,0
45721,1000000US170318423001077,0,0,0,0,0,0,0,0,0,0,0,0,0,0,0,0,0,0
45722,1000000US170318423001078,0,0,0,0,0,0,0,0,0,0,0,0,0,0,0,0,0,0
45723,1000000US170318423001079,68,12,47,2,0,0,9,59,0,9,56,2,35,35,0,82,0,0
45724,1000000US170318423001080,61,3,58,0,0,0,0,61,0,0,58,0,35,35,0,73,0,0
45725,1000000US170318423001081,97,2,87,0,0,0,8,89,0,8,95,2,47,47,0,120,0,0
45726,1000000US170318423001082,6,2,3,0,1,0,0,6,0,0,4,0,3,3,0,6,0,0
45727,1000000US170318423001083,62,52,4,0,3,0,3,59,0,3,10,1,35,32,3,64,0,0
45728,1000000US170318423001084,6,6,0,0,0,0,0,6,0,0,0,0,4,4,0,6,0,0
45729,1000000US170318423001085,0,0,0,0,0,0,0,0,0,0,0,0,0,0,0,0,0,0
45730,1000000US170318423001086,0,0,0,0,0,0,0,0,0,0,0,0,0,0,0,0,0,0
45731,1000000US170318423001087,0,0,0,0,0,0,0,0,0,0,0,0,0,0,0,0,0,0
45732,1000000US170318423001088,0,0,0,0,0,0,0,0,0,0,0,0,0,0,0,0,0,0
45733,1000000US170318423001089,0,0,0,0,0,0,0,0,0,0,0,0,0,0,0,0,0,0
45734,1000000US170318423001090,6,4,0,0,0,0,2,4,0,2,2,0,4,3,1,6,0,0
45735,1000000US170318423001091,0,0,0,0,0,0,0,0,0,0,0,0,0,0,0,0,0,0
45736,1000000US170318423001092,86,54,6,1,2,0,25,61,0,25,32,4,52,49,3,105,0,2
45737,1000000US170318423001093,88,54,11,2,5,0,20,68,0,20,34,4,54,53,1,93,0,3
45738,1000000US170318423001094,0,0,0,0,0,0,0,0,0,0,0,0,0,0,0,0,0,0
45739,1000000US170318423001095,0,0,0,0,0,0,0,0,0,0,0,0,0,0,0,0,0,0
45740,1000000US170318423001096,16,10,1,0,1,0,4,12,0,4,6,1,10,9,1,23,0,0
45741,1000000US170318423001097,3,3,0,0,0,0,0,3,0,0,0,0,2,2,0,3,0,0
45742,1000000US170318423001098,10,0,10,0,0,0,0,10,0,0,10,0,6,6,0,15,0,0
45743,1000000US170318423001099,0,0,0,0,0,0,0,0,0,0,0,0,0,0,0,0,0,0
45744,1000000US170318423001100,0,0,0,0,0,0,0,0,0,0,0,0,0,0,0,0,0,0
45745,1000000US170318423001101,0,0,0,0,0,0,0,0,0,0,0,0,0,0,0,0,0,0
45746,1000000US170318423001102,0,0,0,0,0,0,0,0,0,0,0,0,0,0,0,0,0,0
45747,1000000US170318423001103,0,0,0,0,0,0,0,0,0,0,0,0,0,0,0,0,0,0
45748,1000000US170318423001104,0,0,0,0,0,0,0,0,0,0,0,0,0,0,0,0,0,0
45749,1000000US170318423001105,32,9,2,0,3,0,18,14,0,18,23,4,19,19,0,37,0,0
45750,1000000US170318423001106,14,13,0,0,1,0,0,14,0,0,1,0,8,8,0,14,0,0
45751,1000000US170318423001107,98,84,3,4,3,1,4,94,0,4,14,1,58,51,7,111,4,0
45752,1000000US170318423001108,7,5,0,0,0,0,2,5,0,2,2,0,6,5,1,7,0,0
45753,1000000US170318423002000,0,0,0,0,0,0,0,0,0,0,0,0,0,0,0,0,0,0
45754,1000000US170318423002001,0,0,0,0,0,0,0,0,0,0,0,0,0,0,0,0,0,0
45755,1000000US170318423002002,5,5,0,0,0,0,0,5,0,0,0,0,6,3,3,8,0,0
45756,1000000US170318423002003,0,0,0,0,0,0,0,0,0,0,0,0,0,0,0,0,0,0
45757,1000000US170318423002004,176,131,12,2,18,0,12,164,0,12,45,4,109,103,6,207,0,0
45758,1000000US170318423002005,149,133,2,0,8,1,5,144,0,5,16,0,86,85,1,190,0,0
45759,1000000US170318423002006,58,37,7,1,6,1,7,51,0,7,21,1,40,35,5,65,1,0
45760,1000000US170318423002007,41,32,0,0,0,2,7,34,0,7,9,0,24,23,1,42,0,0
45761,1000000US170318423002008,6,1,4,0,0,0,1,5,0,1,5,0,17,5,12,7,0,0
45762,1000000US170318423002009,0,0,0,0,0,0,0,0,0,0,0,0,0,0,0,0,0,0
45763,1000000US170318423002010,7,5,0,0,0,0,2,5,0,2,2,0,5,5,0,7,0,0
45764,1000000US170318423002011,35,28,2,2,2,0,2,33,0,2,7,3,24,23,1,40,0,0
45765,1000000US170318423002012,0,0,0,0,0,0,0,0,0,0,0,0,0,0,0,0,0,0
45766,1000000US170318423002013,28,20,2,2,3,0,2,26,0,2,8,3,18,18,0,30,1,0
45767,1000000US170318423002014,52,46,0,0,5,0,1,51,0,1,6,3,26,26,0,56,0,0
45768,1000000US170318423002015,31,23,2,0,2,0,4,27,0,4,8,1,22,18,4,35,0,0
45769,1000000US170318423002016,37,29,1,0,4,0,4,33,0,4,8,1,23,22,1,43,0,0
45770,1000000US170318423002017,21,16,0,0,4,0,0,21,0,0,5,0,10,10,0,25,0,0
45771,1000000US170318423002018,0,0,0,0,0,0,0,0,0,0,0,0,0,0,0,0,0,0
45772,1000000US170318423002019,7,0,6,0,1,0,0,7,0,0,7,0,1,1,0,7,0,0
45773,1000000US170318423002020,8,8,0,0,0,0,0,8,0,0,0,0,4,4,0,10,0,0
45774,1000000US170318423002021,28,24,3,0,0,0,1,27,0,1,4,0,14,14,0,36,0,0
45775,1000000US170318423002022,0,0,0,0,0,0,0,0,0,0,0,0,0,0,0,0,0,0
45776,1000000US170318423002023,0,0,0,0,0,0,0,0,0,0,0,0,0,0,0,0,0,0
45777,1000000US170318423002024,7,1,6,0,0,0,0,7,0,0,6,0,3,2,1,7,0,0
45778,1000000US170318423002025,27,23,3,0,1,0,0,27,0,0,4,0,18,16,2,29,0,0
45779,1000000US170318423002026,31,29,0,1,0,0,2,29,0,2,2,0,20,20,0,40,1,0
45780,1000000US170318423002027,0,0,0,0,0,0,0,0,0,0,0,0,0,0,0,0,0,0
45781,1000000US170318423002028,0,0,0,0,0,0,0,0,0,0,0,0,0,0,0,0,0,0
45782,1000000US170318423002029,0,0,0,0,0,0,0,0,0,0,0,0,0,0,0,0,0,0
45783,1000000US170318423002030,0,0,0,0,0,0,0,0,0,0,0,0,0,0,0,0,0,0
45784,1000000US170318423002031,0,0,0,0,0,0,0,0,0,0,0,0,0,0,0,0,0,0
45785,1000000US170318423002032,0,0,0,0,0,0,0,0,0,0,0,0,0,0,0,0,0,0
45786,1000000US170318423002033,0,0,0,0,0,0,0,0,0,0,0,0,0,0,0,0,0,0
45787,1000000US170318423002034,0,0,0,0,0,0,0,0,0,0,0,0,0,0,0,0,0,0
45788,1000000US170318423002035,0,0,0,0,0,0,0,0,0,0,0,0,0,0,0,0,0,0
45789,1000000US170318423002036,0,0,0,0,0,0,0,0,0,0,0,0,0,0,0,0,0,0
45790,1000000US170318423002037,0,0,0,0,0,0,0,0,0,0,0,0,0,0,0,0,0,0
45791,1000000US170318423002038,0,0,0,0,0,0,0,0,0,0,0,0,0,0,0,0,0,0
45792,1000000US170318423002039,0,0,0,0,0,0,0,0,0,0,0,0,0,0,0,0,0,0
45793,1000000US170318423002040,481,389,25,1,46,0,21,460,0,21,92,11,314,305,9,533,0,0
45794,1000000US170318423002041,11,9,0,0,2,0,0,11,0,0,2,0,5,5,0,12,0,0
45795,1000000US170318423002042,0,0,0,0,0,0,0,0,0,0,0,0,0,0,0,0,0,0
45796,1000000US170318423002043,17,11,0,0,5,1,1,16,0,1,6,1,8,8,0,17,0,0
45797,1000000US170318423002044,157,40,111,0,1,0,5,152,0,5,117,0,2,2,0,157,0,0
45798,1000000US170318423002045,13,7,4,0,0,0,2,11,0,2,6,0,7,7,0,13,0,0
45799,1000000US170318423002046,10,8,0,0,0,0,2,8,0,2,2,0,6,6,0,10,0,0
45800,1000000US170318423002047,109,83,15,0,4,0,7,102,0,7,26,2,87,79,8,112,0,0
45801,1000000US170318423002048,79,62,0,3,10,0,4,75,0,4,17,1,70,63,7,79,3,0
45802,1000000US170318423002049,5,5,0,0,0,0,0,5,0,0,0,0,8,3,5,5,0,0
45803,1000000US170318423002050,7,7,0,0,0,0,0,7,0,0,0,0,8,7,1,7,0,0
45804,1000000US170318423002051,0,0,0,0,0,0,0,0,0,0,0,0,0,0,0,0,0,0
45805,1000000US170318423002052,0,0,0,0,0,0,0,0,0,0,0,0,0,0,0,0,0,0
45806,1000000US170318423002053,0,0,0,0,0,0,0,0,0,0,0,0,0,0,0,0,0,0
45807,1000000US170318423002054,2,0,0,0,0,0,2,0,0,2,2,0,1,1,0,4,0,0
45808,1000000US170318423002055,0,0,0,0,0,0,0,0,0,0,0,0,0,0,0,0,0,0
45809,1000000US170318423002056,0,0,0,0,0,0,0,0,0,0,0,0,0,0,0,0,0,0
45810,1000000US170318423002057,0,0,0,0,0,0,0,0,0,0,0,0,0,0,0,0,0,0
45811,1000000US170318424001000,0,0,0,0,0,0,0,0,0,0,0,0,0,0,0,0,0,0
45812,1000000US170318424001001,0,0,0,0,0,0,0,0,0,0,0,0,0,0,0,0,0,0
45813,1000000US170318424001002,0,0,0,0,0,0,0,0,0,0,0,0,0,0,0,0,0,0
45814,1000000US170318424001003,15,0,15,0,0,0,0,15,0,0,15,0,9,9,0,20,0,0
45815,1000000US170318424001004,0,0,0,0,0,0,0,0,0,0,0,0,0,0,0,0,0,0
45816,1000000US170318424001005,46,0,45,1,0,0,0,46,0,0,46,0,36,35,1,50,1,0
45817,1000000US170318424001006,25,0,25,0,0,0,0,25,0,0,25,0,15,12,3,29,0,0
45818,1000000US170318424001007,26,0,25,0,1,0,0,26,0,0,26,0,15,13,2,28,0,0
45819,1000000US170318424001008,0,0,0,0,0,0,0,0,0,0,0,0,0,0,0,0,0,0
45820,1000000US170318424001009,3,0,2,0,0,0,1,2,0,1,3,1,7,2,5,3,0,0
45821,1000000US170318424001010,45,0,45,0,0,0,0,45,0,0,45,0,27,23,4,53,0,0
45822,1000000US170318424001011,40,0,40,0,0,0,0,40,0,0,40,0,18,18,0,48,0,0
45823,1000000US170318424001012,28,0,28,0,0,0,0,28,0,0,28,1,23,19,4,31,0,0
45824,1000000US170318424001013,37,0,37,0,0,0,0,37,0,0,37,0,21,19,2,50,0,0
45825,1000000US170318424001014,34,0,34,0,0,0,0,34,0,0,34,0,21,19,2,40,0,0
45826,1000000US170318424001015,41,0,41,1,0,0,2,39,0,2,41,1,25,24,1,54,1,2
45827,1000000US170318424001016,58,0,58,1,0,0,0,58,0,0,58,2,24,22,2,70,0,0
45828,1000000US170318424001017,39,1,38,1,0,0,1,38,0,1,38,3,20,19,1,44,0,1
45829,1000000US170318424001018,23,0,17,0,6,0,0,23,0,0,23,0,14,11,3,32,0,0
45830,1000000US170318424001019,0,0,0,0,0,0,0,0,0,0,0,0,0,0,0,0,0,0
45831,1000000US170318424001020,22,0,22,0,0,0,0,22,0,0,22,0,15,14,1,29,0,0
45832,1000000US170318424001021,0,0,0,0,0,0,0,0,0,0,0,0,0,0,0,0,0,0
45833,1000000US170318424001022,23,0,23,0,0,0,0,23,0,0,23,0,18,18,0,26,0,0
45834,1000000US170318424001023,8,0,8,0,0,0,0,8,0,0,8,0,5,5,0,8,0,0
45835,1000000US170318424001024,17,0,17,0,0,0,0,17,0,0,17,0,11,10,1,19,0,0
45836,1000000US170318424001025,12,0,12,0,0,0,0,12,0,0,12,0,6,6,0,12,0,0
45837,1000000US170318424001026,22,0,22,0,0,0,0,22,0,0,22,0,13,11,2,27,0,0
45838,1000000US170318424001027,37,0,37,0,0,0,0,37,0,0,37,0,21,20,1,52,0,0
45839,1000000US170318424001028,19,0,19,0,0,0,0,19,0,0,19,0,11,11,0,20,0,0
45840,1000000US170318424001029,0,0,0,0,0,0,0,0,0,0,0,0,0,0,0,0,0,0
45841,1000000US170318424001030,31,0,31,0,0,0,0,31,0,0,31,0,15,15,0,38,0,0
45842,1000000US170318424001031,31,0,31,0,0,0,0,31,0,0,31,0,16,16,0,35,0,0
45843,1000000US170318424001032,26,0,26,0,0,0,0,26,0,0,26,0,18,17,1,32,0,0
45844,1000000US170318424001033,17,0,17,0,0,0,0,17,0,0,17,0,14,9,5,19,0,0
45845,1000000US170318424001034,0,0,0,0,0,0,0,0,0,0,0,0,0,0,0,0,0,0
45846,1000000US170318424001035,0,0,0,0,0,0,0,0,0,0,0,0,0,0,0,0,0,0
45847,1000000US170318424001036,0,0,0,0,0,0,0,0,0,0,0,0,0,0,0,0,0,0
45848,1000000US170318424001037,0,0,0,0,0,0,0,0,0,0,0,0,0,0,0,0,0,0
45849,1000000US170318424001038,0,0,0,0,0,0,0,0,0,0,0,0,0,0,0,0,0,0
45850,1000000US170318424001039,0,0,0,0,0,0,0,0,0,0,0,0,0,0,0,0,0,0
45851,1000000US170318424001040,7,0,7,0,0,0,0,7,0,0,7,0,4,4,0,7,0,0
45852,1000000US170318424001041,12,0,12,0,0,0,0,12,0,0,12,0,5,5,0,12,0,0
45853,1000000US170318424002000,6,0,6,0,0,0,0,6,0,0,6,0,3,3,0,7,0,0
45854,1000000US170318424002001,1,1,0,0,0,0,0,1,0,0,0,0,1,1,0,1,0,0
45855,1000000US170318424002002,3,0,3,0,0,0,0,3,0,0,3,0,2,2,0,4,0,0
45856,1000000US170318424002003,0,0,0,0,0,0,0,0,0,0,0,0,0,0,0,0,0,0
45857,1000000US170318424002004,21,0,21,0,0,0,0,21,0,0,21,0,10,10,0,24,0,0
45858,1000000US170318424002005,31,0,31,0,0,0,0,31,0,0,31,0,15,15,0,41,0,0
45859,1000000US170318424002006,36,0,36,2,0,0,0,36,0,0,36,3,18,18,0,45,0,0
45860,1000000US170318424002007,40,0,40,0,0,0,0,40,0,0,40,0,19,19,0,60,0,0
45861,1000000US170318424002008,56,1,55,1,0,0,0,56,0,0,55,2,38,35,3,82,1,0
45862,1000000US170318424002009,31,0,31,0,0,0,0,31,0,0,31,0,13,13,0,41,0,0
45863,1000000US170318424002010,40,0,40,0,0,0,0,40,0,0,40,1,30,28,2,43,0,0
45864,1000000US170318424002011,61,1,60,0,0,0,0,61,0,0,60,0,38,34,4,86,0,0
45865,1000000US170318424002012,43,0,43,0,2,0,0,43,0,0,43,3,29,24,5,52,0,0
45866,1000000US170318424002013,67,0,66,1,0,0,0,67,0,0,67,0,37,33,4,100,1,0
45867,1000000US170318424002014,21,0,21,0,0,0,0,21,0,0,21,0,10,10,0,30,0,0
45868,1000000US170318424002015,68,2,65,0,1,0,0,68,0,0,66,1,35,30,5,97,0,0
45869,1000000US170318424002016,52,0,52,0,0,0,0,52,0,0,52,0,26,24,2,79,0,0
45870,1000000US170318424002017,51,0,51,0,0,0,0,51,0,0,51,1,21,20,1,65,0,0
45871,1000000US170318424002018,46,0,46,0,0,0,0,46,0,0,46,0,20,20,0,55,0,0
45872,1000000US170318424002019,40,0,40,3,0,0,0,40,0,0,40,3,24,22,2,56,3,0
45873,1000000US170318424002020,24,0,24,0,0,0,0,24,0,0,24,0,14,13,1,31,0,0
45874,1000000US170318424002021,29,0,29,0,0,0,0,29,0,0,29,0,13,13,0,41,0,0
45875,1000000US170318424002022,35,0,34,1,0,0,0,35,0,0,35,1,12,12,0,40,0,0
45876,1000000US170318424002023,22,0,22,0,0,0,0,22,0,0,22,0,13,13,0,28,0,0
45877,1000000US170318424002024,68,3,64,6,0,0,0,68,0,0,65,5,26,25,1,87,6,0
45878,1000000US170318424002025,0,0,0,0,0,0,0,0,0,0,0,0,0,0,0,0,0,0
45879,1000000US170318424002026,33,0,33,0,0,0,0,33,0,0,33,0,16,14,2,40,0,0
45880,1000000US170318424002027,29,0,29,0,0,0,0,29,0,0,29,0,17,14,3,39,0,0
45881,1000000US170318424002028,42,0,36,1,1,0,6,36,0,6,42,1,16,15,1,55,1,0
45882,1000000US170318424002029,29,0,28,0,1,0,0,29,0,0,29,0,15,14,1,42,0,0
45883,1000000US170318424002030,43,0,43,0,0,0,0,43,0,0,43,0,17,17,0,59,0,0
45884,1000000US170318424002031,21,0,21,0,0,0,0,21,0,0,21,0,15,13,2,22,0,0
45885,1000000US170318424002032,30,1,29,0,0,0,0,30,0,0,29,0,15,15,0,34,0,0
45886,1000000US170318424002033,33,0,33,0,0,0,0,33,0,0,33,0,15,15,0,36,0,0
45887,1000000US170318424002034,28,0,28,0,0,0,0,28,0,0,28,0,15,14,1,28,0,0
45888,1000000US170318424002035,23,0,23,0,0,0,0,23,0,0,23,0,14,13,1,26,0,0
45889,1000000US170318424002036,14,0,14,0,0,0,0,14,0,0,14,0,9,8,1,17,0,0
45890,1000000US170318424002037,23,0,23,0,0,0,0,23,0,0,23,0,10,9,1,26,0,0
45891,1000000US170318424002038,13,0,13,0,0,0,0,13,0,0,13,1,9,9,0,15,0,0
45892,1000000US170318424002039,0,0,0,0,0,0,0,0,0,0,0,0,0,0,0,0,0,0
45893,1000000US170318424002040,0,0,0,0,0,0,0,0,0,0,0,0,0,0,0,0,0,0
45894,1000000US170318424002041,0,0,0,0,0,0,0,0,0,0,0,0,0,0,0,0,0,0
45895,1000000US170318424002042,28,0,28,0,0,0,0,28,0,0,28,0,14,13,1,33,0,0
45896,1000000US170318424002043,26,0,26,1,0,0,0,26,0,0,26,1,14,14,0,28,1,0
45897,1000000US170318424002044,34,0,34,0,0,0,0,34,0,0,34,0,15,13,2,43,0,0
45898,1000000US170318424002045,30,0,30,0,0,0,0,30,0,0,30,0,16,15,1,36,0,0
45899,1000000US170318424002046,21,0,21,0,0,0,0,21,0,0,21,0,14,13,1,24,0,0
45900,1000000US170318424002047,18,0,18,0,0,0,0,18,0,0,18,0,9,8,1,23,0,0
45901,1000000US170318424002048,17,0,17,0,0,0,0,17,0,0,17,0,8,7,1,24,0,0
45902,1000000US170318424002049,22,0,22,0,0,0,0,22,0,0,22,0,10,10,0,22,0,0
45903,1000000US170318424002050,0,0,0,0,0,0,0,0,0,0,0,0,0,0,0,0,0,0
45904,1000000US170318424002051,0,0,0,0,0,0,0,0,0,0,0,0,0,0,0,0,0,0
45905,1000000US170318424002052,0,0,0,0,0,0,0,0,0,0,0,0,0,0,0,0,0,0
45906,1000000US170318424002053,0,0,0,0,0,0,0,0,0,0,0,0,0,0,0,0,0,0
45907,1000000US170318424002054,0,0,0,0,0,0,0,0,0,0,0,0,0,0,0,0,0,0
45908,1000000US170318424002055,0,0,0,0,0,0,0,0,0,0,0,0,0,0,0,0,0,0
45909,1000000US170318424002056,0,0,0,0,0,0,0,0,0,0,0,0,0,0,0,0,0,0
45910,1000000US170318424002057,0,0,0,0,0,0,0,0,0,0,0,0,0,0,0,0,0,0
45911,1000000US170318424002058,0,0,0,0,0,0,0,0,0,0,0,0,0,0,0,0,0,0
45912,1000000US170318424002059,0,0,0,0,0,0,0,0,0,0,0,0,0,0,0,0,0,0
45913,1000000US170318424002060,0,0,0,0,0,0,0,0,0,0,0,0,0,0,0,0,0,0
45914,1000000US170318424002061,0,0,0,0,0,0,0,0,0,0,0,0,0,0,0,0,0,0
45915,1000000US170318424002062,0,0,0,0,0,0,0,0,0,0,0,0,0,0,0,0,0,0
45916,1000000US170318424002063,0,0,0,0,0,0,0,0,0,0,0,0,0,0,0,0,0,0
45917,1000000US170318424002064,0,0,0,0,0,0,0,0,0,0,0,0,0,0,0,0,0,0
45918,1000000US170318424002065,0,0,0,0,0,0,0,0,0,0,0,0,0,0,0,0,0,0
45919,1000000US170318424002066,0,0,0,0,0,0,0,0,0,0,0,0,0,0,0,0,0,0
45920,1000000US170318424002067,0,0,0,0,0,0,0,0,0,0,0,0,0,0,0,0,0,0
45921,1000000US170318424002068,0,0,0,0,0,0,0,0,0,0,0,0,0,0,0,0,0,0
45922,1000000US170318424002069,0,0,0,0,0,0,0,0,0,0,0,0,0,0,0,0,0,0
45923,1000000US170318424002070,0,0,0,0,0,0,0,0,0,0,0,0,0,0,0,0,0,0
45924,1000000US170318424002071,0,0,0,0,0,0,0,0,0,0,0,0,0,0,0,0,0,0
45925,1000000US170318424002072,0,0,0,0,0,0,0,0,0,0,0,0,0,0,0,0,0,0
45926,1000000US170318424002073,0,0,0,0,0,0,0,0,0,0,0,0,0,0,0,0,0,0
45927,1000000US170318424002074,0,0,0,0,0,0,0,0,0,0,0,0,0,0,0,0,0,0
45928,1000000US170318424002075,0,0,0,0,0,0,0,0,0,0,0,0,0,0,0,0,0,0
45929,1000000US170318424002076,0,0,0,0,0,0,0,0,0,0,0,0,0,0,0,0,0,0
45930,1000000US170318424002077,0,0,0,0,0,0,0,0,0,0,0,0,0,0,0,0,0,0
45931,1000000US170318424002078,0,0,0,0,0,0,0,0,0,0,0,0,0,0,0,0,0,0
45932,1000000US170318424003000,86,0,86,0,0,0,2,84,0,2,86,1,59,56,3,109,0,2
45933,1000000US170318424003001,15,0,15,0,0,0,0,15,0,0,15,0,14,11,3,23,0,0
45934,1000000US170318424003002,37,2,35,0,0,0,0,37,0,0,35,0,25,17,8,51,0,0
45935,1000000US170318424003003,0,0,0,0,0,0,0,0,0,0,0,0,0,0,0,0,0,0
45936,1000000US170318424003004,0,0,0,0,0,0,0,0,0,0,0,0,0,0,0,0,0,0
45937,1000000US170318424003005,0,0,0,0,0,0,0,0,0,0,0,0,0,0,0,0,0,0
45938,1000000US170318424003006,0,0,0,0,0,0,0,0,0,0,0,0,0,0,0,0,0,0
45939,1000000US170318424003007,0,0,0,0,0,0,0,0,0,0,0,0,0,0,0,0,0,0
45940,1000000US170318424003008,0,0,0,0,0,0,0,0,0,0,0,0,0,0,0,0,0,0
45941,1000000US170318424003009,5,0,0,0,0,0,5,0,0,5,5,0,2,1,1,9,0,0
45942,1000000US170318424003010,4,0,4,0,0,0,0,4,0,0,4,0,1,1,0,4,0,0
45943,1000000US170318424003011,22,0,22,0,0,0,0,22,0,0,22,0,14,13,1,24,0,0
45944,1000000US170318424003012,19,0,19,0,0,0,0,19,0,0,19,0,8,5,3,25,0,0
45945,1000000US170318424003013,1,0,1,0,0,0,0,1,0,0,1,0,1,1,0,1,0,0
45946,1000000US170318424003014,0,0,0,0,0,0,0,0,0,0,0,0,1,0,1,0,0,0
45947,1000000US170318424003015,0,0,0,0,0,0,0,0,0,0,0,0,0,0,0,0,0,0
45948,1000000US170318424003016,10,0,10,0,0,0,0,10,0,0,10,0,6,5,1,18,0,0
45949,1000000US170318424003017,31,0,31,0,0,0,0,31,0,0,31,0,9,7,2,36,0,0
45950,1000000US170318424003018,5,0,5,0,0,0,0,5,0,0,5,0,4,4,0,7,0,0
45951,1000000US170318424003019,0,0,0,0,0,0,0,0,0,0,0,0,0,0,0,0,0,0
45952,1000000US170318424003020,0,0,0,0,0,0,0,0,0,0,0,0,0,0,0,0,0,0
45953,1000000US170318424003021,34,0,34,0,0,0,0,34,0,0,34,0,21,16,5,53,0,0
45954,1000000US170318424003022,0,0,0,0,0,0,0,0,0,0,0,0,0,0,0,0,0,0
45955,1000000US170318424003023,29,0,27,0,0,0,2,27,0,2,29,0,8,7,1,55,0,0
45956,1000000US170318424003024,13,0,13,0,0,0,0,13,0,0,13,0,8,6,2,16,0,0
45957,1000000US170318424003025,4,0,4,0,0,0,0,4,0,0,4,0,5,3,2,7,0,0
45958,1000000US170318424003026,23,0,23,0,0,0,0,23,0,0,23,0,10,9,1,31,0,0
45959,1000000US170318424003027,0,0,0,0,0,0,0,0,0,0,0,0,0,0,0,0,0,0
45960,1000000US170318424003028,0,0,0,0,0,0,0,0,0,0,0,0,0,0,0,0,0,0
45961,1000000US170318424003029,34,0,34,0,0,0,0,34,0,0,34,0,34,24,10,52,0,0
45962,1000000US170318424003030,0,0,0,0,0,0,0,0,0,0,0,0,0,0,0,0,0,0
45963,1000000US170318424003031,0,0,0,0,0,0,0,0,0,0,0,0,0,0,0,0,0,0
45964,1000000US170318424003032,0,0,0,0,0,0,0,0,0,0,0,0,0,0,0,0,0,0
45965,1000000US170318424003033,0,0,0,0,0,0,0,0,0,0,0,0,0,0,0,0,0,0
45966,1000000US170318424003034,0,0,0,0,0,0,0,0,0,0,0,0,0,0,0,0,0,0
45967,1000000US170318424003035,0,0,0,0,0,0,0,0,0,0,0,0,0,0,0,0,0,0
45968,1000000US170318424003036,0,0,0,0,0,0,0,0,0,0,0,0,0,0,0,0,0,0
45969,1000000US170318424003037,14,5,9,0,0,0,0,14,0,0,9,0,7,7,0,28,0,0
45970,1000000US170318425001000,0,0,0,0,0,0,0,0,0,0,0,0,0,0,0,0,0,0
45971,1000000US170318425001001,393,0,393,0,0,0,1,392,0,1,393,1,292,287,5,933,0,1
45972,1000000US170318425001002,0,0,0,0,0,0,0,0,0,0,0,0,0,0,0,0,0,0
45973,1000000US170318425001003,11,0,11,0,0,0,0,11,0,0,11,0,4,4,0,13,0,0
45974,1000000US170318425001004,0,0,0,0,0,0,0,0,0,0,0,0,0,0,0,0,0,0
45975,1000000US170318425001005,0,0,0,0,0,0,0,0,0,0,0,0,0,0,0,0,0,0
45976,1000000US170318425001006,0,0,0,0,0,0,0,0,0,0,0,0,0,0,0,0,0,0
45977,1000000US170318425001007,0,0,0,0,0,0,0,0,0,0,0,0,0,0,0,0,0,0
45978,1000000US170318425001008,0,0,0,0,0,0,0,0,0,0,0,0,0,0,0,0,0,0
45979,1000000US170318425001009,0,0,0,0,0,0,0,0,0,0,0,0,0,0,0,0,0,0
45980,1000000US170318425001010,0,0,0,0,0,0,0,0,0,0,0,0,0,0,0,0,0,0
45981,1000000US170318425001011,390,5,380,2,3,1,1,389,0,1,385,3,287,286,1,866,1,1
45982,1000000US170318425001012,0,0,0,0,0,0,0,0,0,0,0,0,0,0,0,0,0,0
45983,1000000US170318425001013,0,0,0,0,0,0,0,0,0,0,0,0,0,0,0,0,0,0
45984,1000000US170318425001014,0,0,0,0,0,0,0,0,0,0,0,0,0,0,0,0,0,0
45985,1000000US170318425001015,0,0,0,0,0,0,0,0,0,0,0,0,0,0,0,0,0,0
45986,1000000US170318425001016,0,0,0,0,0,0,0,0,0,0,0,0,0,0,0,0,0,0
45987,1000000US170318425001017,0,0,0,0,0,0,0,0,0,0,0,0,0,0,0,0,0,0
45988,1000000US170318425001018,4,0,4,0,0,0,0,4,0,0,4,0,2,2,0,4,0,0
45989,1000000US170318425001019,0,0,0,0,0,0,0,0,0,0,0,0,0,0,0,0,0,0
45990,1000000US170318425001020,0,0,0,0,0,0,0,0,0,0,0,0,0,0,0,0,0,0
45991,1000000US170318425001021,2,0,2,0,0,0,0,2,0,0,2,0,1,1,0,2,0,0
45992,1000000US170318425001022,17,0,17,0,0,0,0,17,0,0,17,0,18,15,3,18,0,0
45993,1000000US170318425001023,22,0,22,0,0,0,0,22,0,0,22,0,17,11,6,25,0,0
45994,1000000US170318425001024,0,0,0,0,0,0,0,0,0,0,0,0,0,0,0,0,0,0
45995,1000000US170318425001025,0,0,0,0,0,0,0,0,0,0,0,0,0,0,0,0,0,0
45996,1000000US170318425001026,30,0,30,0,0,0,0,30,0,0,30,0,17,14,3,43,0,0
45997,1000000US170318425001027,0,0,0,0,0,0,0,0,0,0,0,0,0,0,0,0,0,0
45998,1000000US170318425001028,23,0,23,0,0,0,1,22,0,1,23,1,18,15,3,29,0,1
45999,1000000US170318425001029,0,0,0,0,0,0,0,0,0,0,0,0,0,0,0,0,0,0
46000,1000000US170318425001030,0,0,0,0,0,0,0,0,0,0,0,0,0,0,0,0,0,0
46001,1000000US170318425001031,0,0,0,0,0,0,0,0,0,0,0,0,0,0,0,0,0,0
46002,1000000US170318425001032,0,0,0,0,0,0,0,0,0,0,0,0,0,0,0,0,0,0
46003,1000000US170318425001033,0,0,0,0,0,0,0,0,0,0,0,0,0,0,0,0,0,0
46004,1000000US170318425001034,29,0,28,0,1,0,0,29,0,0,29,0,18,16,2,42,0,0
46005,1000000US170318425001035,34,0,34,0,0,0,0,34,0,0,34,0,15,13,2,42,0,0
46006,1000000US170318425001036,35,0,35,0,0,0,0,35,0,0,35,0,23,18,5,43,0,0
46007,1000000US170318425001037,37,0,37,0,0,0,3,34,0,3,37,2,18,13,5,63,0,3
46008,1000000US170318425001038,58,0,58,0,0,0,0,58,0,0,58,0,32,28,4,72,0,0
46009,1000000US170318425001039,28,0,28,0,0,0,0,28,0,0,28,0,21,12,9,39,0,0
46010,1000000US170318425001040,2,0,2,0,0,0,0,2,0,0,2,0,1,1,0,2,0,0
46011,1000000US170318425001041,0,0,0,0,0,0,0,0,0,0,0,0,0,0,0,0,0,0
46012,1000000US170318425001042,0,0,0,0,0,0,0,0,0,0,0,0,0,0,0,0,0,0
46013,1000000US170318425001043,0,0,0,0,0,0,0,0,0,0,0,0,0,0,0,0,0,0
46014,1000000US170318425001044,0,0,0,0,0,0,0,0,0,0,0,0,0,0,0,0,0,0
46015,1000000US170318425001045,51,0,51,0,0,0,0,51,0,0,51,0,32,21,11,67,0,0
46016,1000000US170318425001046,0,0,0,0,0,0,0,0,0,0,0,0,0,0,0,0,0,0
46017,1000000US170318425001047,0,0,0,0,0,0,0,0,0,0,0,0,0,0,0,0,0,0
46018,1000000US170318425001048,0,0,0,0,0,0,0,0,0,0,0,0,0,0,0,0,0,0
46019,1000000US170318425001049,0,0,0,0,0,0,0,0,0,0,0,0,0,0,0,0,0,0
46020,1000000US170318425001050,2,0,2,0,0,0,0,2,0,0,2,0,1,1,0,2,0,0
46021,1000000US170318425001051,0,0,0,0,0,0,0,0,0,0,0,0,0,0,0,0,0,0
46022,1000000US170318425001052,0,0,0,0,0,0,0,0,0,0,0,0,0,0,0,0,0,0
46023,1000000US170318425001053,6,0,6,0,0,0,0,6,0,0,6,0,2,2,0,8,0,0
46024,1000000US170318425001054,0,0,0,0,0,0,0,0,0,0,0,0,0,0,0,0,0,0
46025,1000000US170318425001055,0,0,0,0,0,0,0,0,0,0,0,0,0,0,0,0,0,0
46026,1000000US170318425001056,0,0,0,0,0,0,0,0,0,0,0,0,0,0,0,0,0,0
46027,1000000US170318425001057,32,0,32,0,0,0,0,32,0,0,32,0,21,17,4,40,0,0
46028,1000000US170318425001058,72,0,72,0,0,0,0,72,0,0,72,0,52,42,10,98,0,0
46029,1000000US170318426001000,0,0,0,0,0,0,0,0,0,0,0,0,0,0,0,0,0,0
46030,1000000US170318426001001,0,0,0,0,0,0,0,0,0,0,0,0,0,0,0,0,0,0
46031,1000000US170318426001002,0,0,0,0,0,0,0,0,0,0,0,0,0,0,0,0,0,0
46032,1000000US170318426001003,0,0,0,0,0,0,0,0,0,0,0,0,0,0,0,0,0,0
46033,1000000US170318426001004,0,0,0,0,0,0,0,0,0,0,0,0,0,0,0,0,0,0
46034,1000000US170318426001005,0,0,0,0,0,0,0,0,0,0,0,0,0,0,0,0,0,0
46035,1000000US170318426001006,0,0,0,0,0,0,0,0,0,0,0,0,0,0,0,0,0,0
46036,1000000US170318426001007,0,0,0,0,0,0,0,0,0,0,0,0,0,0,0,0,0,0
46037,1000000US170318426001008,0,0,0,0,0,0,0,0,0,0,0,0,0,0,0,0,0,0
46038,1000000US170318426001009,0,0,0,0,0,0,0,0,0,0,0,0,0,0,0,0,0,0
46039,1000000US170318426001010,0,0,0,0,0,0,0,0,0,0,0,0,0,0,0,0,0,0
46040,1000000US170318426001011,0,0,0,0,0,0,0,0,0,0,0,0,0,0,0,0,0,0
46041,1000000US170318426001012,0,0,0,0,0,0,0,0,0,0,0,0,0,0,0,0,0,0
46042,1000000US170318426001013,0,0,0,0,0,0,0,0,0,0,0,0,1,0,1,0,0,0
46043,1000000US170318426001014,0,0,0,0,0,0,0,0,0,0,0,0,0,0,0,0,0,0
46044,1000000US170318426001015,0,0,0,0,0,0,0,0,0,0,0,0,0,0,0,0,0,0
46045,1000000US170318426001016,0,0,0,0,0,0,0,0,0,0,0,0,0,0,0,0,0,0
46046,1000000US170318426001017,0,0,0,0,0,0,0,0,0,0,0,0,0,0,0,0,0,0
46047,1000000US170318426001018,23,17,3,1,2,0,1,22,0,1,6,1,12,10,2,31,1,0
46048,1000000US170318426001019,15,11,0,0,0,0,4,11,0,4,4,0,6,6,0,21,0,0
46049,1000000US170318426001020,9,3,1,0,3,0,3,6,0,3,6,4,5,4,1,12,0,1
46050,1000000US170318426001021,0,0,0,0,0,0,0,0,0,0,0,0,0,0,0,0,0,0
46051,1000000US170318426001022,8,5,0,0,0,0,3,5,0,3,3,0,4,4,0,10,0,0
46052,1000000US170318426001023,30,20,0,6,2,0,8,22,0,8,10,0,15,13,2,36,6,0
46053,1000000US170318426001024,25,4,0,1,18,0,3,22,0,3,21,0,12,12,0,32,1,0
46054,1000000US170318426001025,15,3,0,0,3,0,9,6,0,9,12,0,8,6,2,17,0,0
46055,1000000US170318426001026,21,11,0,0,0,0,10,11,0,10,10,1,14,13,1,30,0,0
46056,1000000US170318426001027,0,0,0,0,0,0,0,0,0,0,0,0,0,0,0,0,0,0
46057,1000000US170318426001028,20,14,0,0,2,0,4,16,0,4,6,0,8,8,0,29,0,0
46058,1000000US170318426001029,4,0,0,0,0,0,4,0,0,4,4,0,1,1,0,5,0,0
46059,1000000US170318426001030,17,4,0,0,10,0,3,14,0,3,13,0,7,7,0,27,0,0
46060,1000000US170318426001031,17,16,0,0,0,0,1,16,0,1,1,0,7,7,0,22,0,0
46061,1000000US170318426001032,19,6,0,0,9,0,4,15,0,4,13,0,8,8,0,33,0,0
46062,1000000US170318426001033,0,0,0,0,0,0,0,0,0,0,0,0,0,0,0,0,0,0
46063,1000000US170318426001034,38,4,0,0,33,0,1,37,0,1,34,1,16,16,0,58,0,0
46064,1000000US170318426001035,0,0,0,0,0,0,0,0,0,0,0,0,0,0,0,0,0,0
46065,1000000US170318426001036,0,0,0,0,0,0,0,0,0,0,0,0,0,0,0,0,0,0
46066,1000000US170318426001037,48,9,0,1,33,0,6,42,0,6,39,1,20,16,4,66,0,0
46067,1000000US170318426001038,29,17,0,1,7,0,5,24,0,5,12,1,12,12,0,44,0,0
46068,1000000US170318426001039,39,22,2,0,0,0,15,24,0,15,17,2,25,18,7,52,0,0
46069,1000000US170318426001040,38,20,4,0,1,0,13,25,0,13,18,0,24,17,7,63,0,0
46070,1000000US170318426001041,36,25,0,0,4,0,7,29,0,7,11,0,13,13,0,45,0,0
46071,1000000US170318426001042,21,20,0,0,0,0,1,20,0,1,1,0,9,9,0,29,0,0
46072,1000000US170318426001043,21,21,0,0,0,0,0,21,0,0,0,0,11,10,1,30,0,0
46073,1000000US170318426001044,44,22,0,0,4,0,18,26,0,18,22,0,22,18,4,60,0,0
46074,1000000US170318426001045,18,11,0,0,6,0,1,17,0,1,7,0,15,9,6,29,0,0
46075,1000000US170318426001046,24,11,0,0,2,0,11,13,0,11,13,0,10,10,0,36,0,0
46076,1000000US170318426001047,31,21,0,0,5,0,5,26,0,5,10,0,17,17,0,43,0,0
46077,1000000US170318426001048,5,3,0,0,0,0,2,3,0,2,2,0,2,2,0,10,0,0
46078,1000000US170318426001049,56,28,0,2,19,0,9,47,0,9,28,3,31,28,3,78,0,0
46079,1000000US170318426001050,14,0,11,0,0,0,3,11,0,3,14,0,13,7,6,16,0,0
46080,1000000US170318426001051,37,1,36,0,0,0,0,37,0,0,36,0,17,15,2,50,0,0
46081,1000000US170318426001052,22,15,0,0,2,0,5,17,0,5,7,0,13,10,3,34,0,0
46082,1000000US170318426001053,7,2,0,3,0,0,5,2,0,5,5,0,7,5,2,7,3,0
46083,1000000US170318426001054,0,0,0,0,0,0,0,0,0,0,0,0,0,0,0,0,0,0
46084,1000000US170318426001055,21,20,0,0,0,0,1,20,0,1,1,0,9,9,0,23,0,0
46085,1000000US170318426001056,47,21,0,0,10,0,16,31,0,16,26,0,31,22,9,63,0,0
46086,1000000US170318426001057,54,33,0,0,1,0,20,34,0,20,21,0,30,26,4,73,0,0
46087,1000000US170318426001058,61,53,0,0,5,0,8,53,0,8,8,0,32,30,2,75,0,0
46088,1000000US170318426002000,0,0,0,0,0,0,0,0,0,0,0,0,0,0,0,0,0,0
46089,1000000US170318426002001,0,0,0,0,0,0,0,0,0,0,0,0,0,0,0,0,0,0
46090,1000000US170318426002002,4,0,0,0,0,0,4,0,0,4,4,0,1,1,0,9,0,0
46091,1000000US170318426002003,0,0,0,0,0,0,0,0,0,0,0,0,0,0,0,0,0,0
46092,1000000US170318426002004,0,0,0,0,0,0,0,0,0,0,0,0,0,0,0,0,0,0
46093,1000000US170318426002005,0,0,0,0,0,0,0,0,0,0,0,0,0,0,0,0,0,0
46094,1000000US170318426002006,0,0,0,0,0,0,0,0,0,0,0,0,0,0,0,0,0,0
46095,1000000US170318426002007,0,0,0,0,0,0,0,0,0,0,0,0,0,0,0,0,0,0
46096,1000000US170318426002008,0,0,0,0,0,0,0,0,0,0,0,0,0,0,0,0,0,0
46097,1000000US170318426002009,0,0,0,0,0,0,0,0,0,0,0,0,0,0,0,0,0,0
46098,1000000US170318426002010,0,0,0,0,0,0,0,0,0,0,0,0,0,0,0,0,0,0
46099,1000000US170318426002011,0,0,0,0,0,0,0,0,0,0,0,0,0,0,0,0,0,0
46100,1000000US170318426002012,0,0,0,0,0,0,0,0,0,0,0,0,0,0,0,0,0,0
46101,1000000US170318426002013,0,0,0,0,0,0,0,0,0,0,0,0,0,0,0,0,0,0
46102,1000000US170318426002014,0,0,0,0,0,0,0,0,0,0,0,0,0,0,0,0,0,0
46103,1000000US170318426002015,0,0,0,0,0,0,0,0,0,0,0,0,0,0,0,0,0,0
46104,1000000US170318426002016,0,0,0,0,0,0,0,0,0,0,0,0,0,0,0,0,0,0
46105,1000000US170318426002017,0,0,0,0,0,0,0,0,0,0,0,0,0,0,0,0,0,0
46106,1000000US170318426002018,0,0,0,0,0,0,0,0,0,0,0,0,0,0,0,0,0,0
46107,1000000US170318426002019,0,0,0,0,0,0,0,0,0,0,0,0,0,0,0,0,0,0
46108,1000000US170318426002020,0,0,0,0,0,0,0,0,0,0,0,0,0,0,0,0,0,0
46109,1000000US170318426002021,0,0,0,0,0,0,0,0,0,0,0,0,0,0,0,0,0,0
46110,1000000US170318426002022,0,0,0,0,0,0,0,0,0,0,0,0,0,0,0,0,0,0
46111,1000000US170318426002023,0,0,0,0,0,0,0,0,0,0,0,0,0,0,0,0,0,0
46112,1000000US170318426002024,0,0,0,0,0,0,0,0,0,0,0,0,0,0,0,0,0,0
46113,1000000US170318426002025,0,0,0,0,0,0,0,0,0,0,0,0,0,0,0,0,0,0
46114,1000000US170318426002026,0,0,0,0,0,0,0,0,0,0,0,0,0,0,0,0,0,0
46115,1000000US170318426002027,0,0,0,0,0,0,0,0,0,0,0,0,0,0,0,0,0,0
46116,1000000US170318426002028,0,0,0,0,0,0,0,0,0,0,0,0,0,0,0,0,0,0
46117,1000000US170318426002029,0,0,0,0,0,0,0,0,0,0,0,0,0,0,0,0,0,0
46118,1000000US170318426002030,0,0,0,0,0,0,0,0,0,0,0,0,0,0,0,0,0,0
46119,1000000US170318426002031,0,0,0,0,0,0,0,0,0,0,0,0,0,0,0,0,0,0
46120,1000000US170318426002032,0,0,0,0,0,0,0,0,0,0,0,0,0,0,0,0,0,0
46121,1000000US170318426002033,0,0,0,0,0,0,0,0,0,0,0,0,0,0,0,0,0,0
46122,1000000US170318426002034,0,0,0,0,0,0,0,0,0,0,0,0,0,0,0,0,0,0
46123,1000000US170318426002035,0,0,0,0,0,0,0,0,0,0,0,0,0,0,0,0,0,0
46124,1000000US170318426002036,0,0,0,0,0,0,0,0,0,0,0,0,0,0,0,0,0,0
46125,1000000US170318426002037,0,0,0,0,0,0,0,0,0,0,0,0,0,0,0,0,0,0
46126,1000000US170318426002038,0,0,0,0,0,0,0,0,0,0,0,0,0,0,0,0,0,0
46127,1000000US170318426002039,0,0,0,0,0,0,0,0,0,0,0,0,0,0,0,0,0,0
46128,1000000US170318426002040,0,0,0,0,0,0,0,0,0,0,0,0,0,0,0,0,0,0
46129,1000000US170318426002041,0,0,0,0,0,0,0,0,0,0,0,0,0,0,0,0,0,0
46130,1000000US170318426002042,0,0,0,0,0,0,0,0,0,0,0,0,0,0,0,0,0,0
46131,1000000US170318426002043,0,0,0,0,0,0,0,0,0,0,0,0,0,0,0,0,0,0
46132,1000000US170318426002044,0,0,0,0,0,0,0,0,0,0,0,0,0,0,0,0,0,0
46133,1000000US170318426002045,0,0,0,0,0,0,0,0,0,0,0,0,0,0,0,0,0,0
46134,1000000US170318426002046,13,1,3,0,0,0,10,3,0,10,12,0,7,7,0,18,0,1
46135,1000000US170318426002047,0,0,0,0,0,0,0,0,0,0,0,0,0,0,0,0,0,0
46136,1000000US170318426002048,33,4,1,0,0,0,28,5,0,28,29,2,18,14,4,44,0,0
46137,1000000US170318426002049,35,9,0,0,0,0,26,9,0,26,26,0,21,17,4,46,0,0
46138,1000000US170318426002050,51,7,0,6,6,0,38,13,0,38,44,4,38,30,8,79,5,0
46139,1000000US170318426002051,123,2,0,0,3,0,118,5,0,118,121,2,62,59,3,188,0,0
46140,1000000US170318426002052,120,8,1,3,0,1,112,8,0,112,112,5,72,62,10,188,3,1
46141,1000000US170318426002053,6,0,2,0,0,0,6,0,0,6,6,0,3,3,0,6,0,2
46142,1000000US170318426002054,10,2,0,0,0,0,8,2,0,8,8,0,5,5,0,13,0,0
46143,1000000US170318426002055,0,0,0,0,0,0,0,0,0,0,0,0,0,0,0,0,0,0
46144,1000000US170318426002056,15,3,0,0,0,0,12,3,0,12,12,0,12,10,2,26,0,0
46145,1000000US170318426002057,0,0,0,0,0,0,0,0,0,0,0,0,0,0,0,0,0,0
46146,1000000US170318426002058,51,2,3,0,3,0,43,8,0,43,49,2,28,24,4,82,0,0
46147,1000000US170318426002059,9,0,0,0,0,0,9,0,0,9,9,0,6,6,0,18,0,0
46148,1000000US170318426002060,0,0,0,0,0,0,0,0,0,0,0,0,0,0,0,0,0,0
46149,1000000US170318426002061,11,0,8,0,0,0,3,8,0,3,11,0,7,4,3,18,0,0
46150,1000000US170318426002062,0,0,0,0,0,0,0,0,0,0,0,0,0,0,0,0,0,0
46151,1000000US170318426002063,50,6,1,0,24,0,19,31,0,19,44,2,23,20,3,81,0,0
46152,1000000US170318426002064,0,0,0,0,0,0,0,0,0,0,0,0,3,0,3,0,0,0
46153,1000000US170318426002065,21,0,2,0,0,0,19,2,0,19,21,0,7,6,1,28,0,0
46154,1000000US170318426002066,38,2,7,0,4,0,25,13,0,25,36,2,21,17,4,66,0,0
46155,1000000US170318426002067,37,3,3,0,20,0,11,26,0,11,34,0,21,18,3,52,0,0
46156,1000000US170318426002068,0,0,0,0,0,0,0,0,0,0,0,0,0,0,0,0,0,0
46157,1000000US170318426002069,0,0,0,0,0,0,0,0,0,0,0,0,0,0,0,0,0,0
46158,1000000US170318426002070,0,0,0,0,0,0,0,0,0,0,0,0,0,0,0,0,0,0
46159,1000000US170318426003000,27,14,0,0,4,0,10,17,0,10,13,0,15,10,5,33,0,0
46160,1000000US170318426003001,49,39,0,1,3,0,6,43,0,6,10,1,24,21,3,70,0,0
46161,1000000US170318426003002,40,32,0,0,0,0,8,32,0,8,8,0,30,24,6,49,0,0
46162,1000000US170318426003003,42,37,0,0,0,0,5,37,0,5,5,1,23,22,1,55,0,0
46163,1000000US170318426003004,67,58,0,1,0,0,9,58,0,9,9,0,34,32,2,93,1,0
46164,1000000US170318426003005,79,60,0,0,3,0,15,64,0,15,19,2,44,43,1,115,0,0
46165,1000000US170318426003006,43,34,5,0,2,0,2,41,0,2,9,0,23,21,2,50,0,0
46166,1000000US170318426003007,47,41,0,1,0,0,5,42,0,5,6,1,36,23,13,62,0,0
46167,1000000US170318426003008,61,56,0,3,0,0,5,56,0,5,5,0,30,29,1,81,3,0
46168,1000000US170318426003009,67,26,0,0,4,0,37,30,0,37,41,1,41,32,9,96,0,0
46169,1000000US170318426003010,53,44,0,0,1,0,8,45,0,8,9,1,40,29,11,74,0,0
46170,1000000US170318426003011,35,32,3,0,0,0,0,35,0,0,3,0,21,17,4,44,0,0
46171,1000000US170318426004000,23,3,2,0,0,0,18,5,0,18,20,0,13,13,0,26,0,0
46172,1000000US170318426004001,33,22,0,0,6,0,5,28,0,5,11,0,18,17,1,39,0,0
46173,1000000US170318426004002,44,34,0,0,0,0,10,34,0,10,10,0,21,21,0,72,0,0
46174,1000000US170318426004003,10,9,1,0,0,0,0,10,0,0,1,0,5,3,2,12,0,0
46175,1000000US170318426004004,4,1,0,0,0,0,3,1,0,3,3,0,2,2,0,10,0,0
46176,1000000US170318426004005,36,14,4,1,5,0,13,23,0,13,22,1,21,17,4,48,0,0
46177,1000000US170318426004006,40,38,0,0,0,0,2,38,0,2,2,0,28,22,6,47,0,0
46178,1000000US170318426004007,31,18,0,0,5,0,8,23,0,8,13,2,11,11,0,39,0,0
46179,1000000US170318426004008,15,5,0,0,8,0,2,13,0,2,10,0,7,7,0,17,0,0
46180,1000000US170318426004009,71,43,0,5,0,0,23,48,0,23,28,5,33,32,1,97,0,0
46181,1000000US170318426004010,62,43,3,0,3,0,13,49,0,13,19,2,30,25,5,87,0,0
46182,1000000US170318426004011,31,20,0,2,0,0,10,21,0,10,11,1,15,13,2,39,1,0
46183,1000000US170318426004012,33,28,0,0,0,0,5,28,0,5,5,1,20,18,2,39,0,0
46184,1000000US170318426004013,41,34,1,1,0,0,7,34,0,7,7,1,27,23,4,64,1,1
46185,1000000US170318426004014,47,41,2,3,0,0,1,46,0,1,6,2,23,21,2,56,2,0
46186,1000000US170318426004015,14,1,3,0,1,0,9,5,0,9,13,1,9,9,0,20,0,0
46187,1000000US170318426004016,51,36,0,0,0,1,15,36,0,15,15,1,33,27,6,75,0,0
46188,1000000US170318426004017,5,5,0,0,0,0,0,5,0,0,0,0,3,2,1,5,0,0
46189,1000000US170318426004018,53,43,0,0,0,0,10,43,0,10,10,2,29,26,3,73,0,0
46190,1000000US170318426004019,39,30,1,0,0,0,8,31,0,8,9,4,20,20,0,57,0,0
46191,1000000US170318426004020,39,33,1,0,0,0,5,34,0,5,6,0,22,18,4,60,0,0
46192,1000000US170318426004021,38,29,0,0,0,0,9,29,0,9,9,0,35,25,10,48,0,0
46193,1000000US170318426004022,0,0,0,0,0,0,0,0,0,0,0,0,0,0,0,0,0,0
46194,1000000US170318426004023,8,6,0,0,0,0,2,6,0,2,2,0,19,4,15,8,0,0
46195,1000000US170318426004024,20,10,3,0,3,0,4,16,0,4,10,0,19,11,8,22,0,0
46196,1000000US170318428001000,102,5,3,6,0,0,97,5,0,97,97,4,54,43,11,163,6,3
46197,1000000US170318428001001,94,5,0,2,0,0,89,5,0,89,89,4,45,39,6,149,0,0
46198,1000000US170318428001002,78,10,4,2,0,0,66,12,0,66,68,0,41,38,3,119,2,2
46199,1000000US170318428001003,80,10,0,0,0,0,70,10,0,70,70,2,46,36,10,115,0,0
46200,1000000US170318428001004,72,2,2,2,0,0,69,3,0,69,70,0,36,29,7,121,2,1
46201,1000000US170318428001005,79,5,3,1,0,0,71,8,0,71,74,0,44,35,9,131,1,0
46202,1000000US170318428001006,84,1,0,0,0,0,83,1,0,83,83,1,41,35,6,139,0,0
46203,1000000US170318428001007,81,11,0,0,0,0,70,11,0,70,70,0,42,35,7,130,0,0
46204,1000000US170318428001008,32,3,1,0,0,0,29,3,0,29,29,0,16,14,2,56,0,1
46205,1000000US170318428001009,20,3,0,0,0,0,17,3,0,17,17,0,15,9,6,32,0,0
46206,1000000US170318428002000,81,17,4,0,0,0,63,18,0,63,64,7,46,39,7,117,0,3
46207,1000000US170318428002001,123,17,2,0,2,1,103,20,0,103,106,5,67,62,5,194,0,1
46208,1000000US170318428002002,138,12,0,0,0,0,126,12,0,126,126,10,63,56,7,223,0,0
46209,1000000US170318428002003,87,9,6,0,0,0,77,10,0,77,78,4,39,33,6,138,0,5
46210,1000000US170318428002004,47,11,0,0,0,0,36,11,0,36,36,2,23,21,2,77,0,0
46211,1000000US170318428002005,73,8,0,0,0,0,65,8,0,65,65,0,31,28,3,109,0,0
46212,1000000US170318428002006,79,14,1,0,0,0,64,15,0,64,65,0,33,29,4,111,0,0
46213,1000000US170318428002007,82,2,0,3,0,0,79,3,0,79,80,8,29,27,2,141,2,0
46214,1000000US170318428002008,9,0,0,0,1,0,8,1,0,8,9,0,9,5,4,13,0,0
46215,1000000US170318428002009,16,0,0,0,0,0,16,0,0,16,16,0,10,8,2,19,0,0
46216,1000000US170318428002010,62,5,2,5,4,3,51,11,0,51,57,3,31,27,4,95,5,0
46217,1000000US170318428002011,88,13,0,0,2,0,73,15,0,73,75,0,36,33,3,123,0,0
46218,1000000US170318428003000,103,17,1,0,2,0,85,18,0,85,86,3,50,46,4,159,0,0
46219,1000000US170318428003001,94,8,1,2,11,0,73,21,0,73,86,5,38,36,2,132,0,1
46220,1000000US170318428003002,84,17,4,0,11,0,56,28,0,56,67,4,44,39,5,122,0,4
46221,1000000US170318428003003,107,7,1,0,9,0,90,17,0,90,100,9,64,50,14,174,0,0
46222,1000000US170318428003004,103,17,2,4,9,1,77,26,0,77,86,6,54,43,11,138,4,2
46223,1000000US170318428003005,19,1,0,0,0,0,18,1,0,18,18,0,10,8,2,44,0,0
46224,1000000US170318428003006,18,0,0,3,1,0,17,1,0,17,18,0,7,7,0,28,3,0
46225,1000000US170318428003007,78,3,7,0,0,0,72,6,0,72,75,5,31,30,1,117,0,4
46226,1000000US170318428003008,60,3,3,0,0,0,54,6,0,54,57,0,30,26,4,101,0,0
46227,1000000US170318428003009,49,5,2,0,0,0,44,5,0,44,44,3,28,23,5,73,0,2
46228,1000000US170318428003010,12,2,0,0,0,0,10,2,0,10,10,0,5,5,0,16,0,0
46229,1000000US170318428003011,17,3,1,0,0,0,13,4,0,13,14,0,9,8,1,24,0,0
46230,1000000US170318428004000,0,0,0,0,0,0,0,0,0,0,0,0,0,0,0,0,0,0
46231,1000000US170318428004001,2,0,0,0,0,0,2,0,0,2,2,0,2,1,1,2,0,0
46232,1000000US170318428004002,28,3,0,0,0,0,25,3,0,25,25,0,13,10,3,41,0,0
46233,1000000US170318428004003,10,1,0,0,0,0,9,1,0,9,9,0,7,4,3,20,0,0
46234,1000000US170318428004004,24,7,0,0,0,0,17,7,0,17,17,0,11,11,0,34,0,0
46235,1000000US170318428004005,35,6,0,0,0,0,29,6,0,29,29,2,23,17,6,52,0,0
46236,1000000US170318428004006,6,1,0,0,0,0,5,1,0,5,5,0,5,4,1,7,0,0
46237,1000000US170318428004007,94,5,2,0,0,0,89,5,0,89,89,3,49,40,9,169,0,2
46238,1000000US170318428004008,0,0,0,0,0,0,0,0,0,0,0,0,0,0,0,0,0,0
46239,1000000US170318428004009,59,6,0,0,0,0,53,6,0,53,53,4,27,26,1,89,0,0
46240,1000000US170318428004010,64,6,1,0,0,0,58,6,0,58,58,2,23,23,0,94,0,1
46241,1000000US170318428004011,63,1,0,5,0,0,62,1,0,62,62,6,31,29,2,89,5,0
46242,1000000US170318428004012,48,4,5,0,4,0,35,13,0,35,44,0,18,18,0,76,0,0
46243,1000000US170318428004013,22,0,0,0,0,0,22,0,0,22,22,0,7,7,0,30,0,0
46244,1000000US170318428004014,82,5,1,0,1,0,76,6,0,76,77,4,35,26,9,114,0,0
46245,1000000US170318428004015,61,6,0,0,0,0,55,6,0,55,55,0,31,26,5,102,0,0
46246,1000000US170318428004016,61,12,0,0,1,0,49,12,0,49,49,0,27,24,3,85,0,0
46247,1000000US170318428004017,0,0,0,0,0,0,0,0,0,0,0,0,0,0,0,0,0,0
46248,1000000US170318428004018,0,0,0,0,0,0,0,0,0,0,0,0,0,0,0,0,0,0
46249,1000000US170318428004019,0,0,0,0,0,0,0,0,0,0,0,0,0,0,0,0,0,0
46250,1000000US170318428004020,0,0,0,0,0,0,0,0,0,0,0,0,0,0,0,0,0,0
46251,1000000US170318428004021,0,0,0,0,0,0,0,0,0,0,0,0,0,0,0,0,0,0
46252,1000000US170318428004022,0,0,0,0,0,0,0,0,0,0,0,0,0,0,0,0,0,0
46253,1000000US170318428004023,0,0,0,0,0,0,0,0,0,0,0,0,0,0,0,0,0,0
46254,1000000US170318428004024,0,0,0,0,0,0,0,0,0,0,0,0,0,0,0,0,0,0
46255,1000000US170318428004025,0,0,0,0,0,0,0,0,0,0,0,0,0,0,0,0,0,0
46256,1000000US170318428004026,0,0,0,0,0,0,0,0,0,0,0,0,0,0,0,0,0,0
46257,1000000US170318428004027,0,0,0,0,0,0,0,0,0,0,0,0,0,0,0,0,0,0
46258,1000000US170318428004028,0,0,0,0,0,0,0,0,0,0,0,0,0,0,0,0,0,0
46259,1000000US170318428004029,0,0,0,0,0,0,0,0,0,0,0,0,0,0,0,0,0,0
46260,1000000US170318428004030,0,0,0,0,0,0,0,0,0,0,0,0,0,0,0,0,0,0
46261,1000000US170318428004031,0,0,0,0,0,0,0,0,0,0,0,0,0,0,0,0,0,0
46262,1000000US170318428004032,0,0,0,0,0,0,0,0,0,0,0,0,0,0,0,0,0,0
46263,1000000US170318428004033,0,0,0,0,0,0,0,0,0,0,0,0,0,0,0,0,0,0
46264,1000000US170318428004034,31,2,0,2,1,0,28,3,0,28,29,1,17,12,5,48,2,0
46265,1000000US170318428004035,0,0,0,0,0,0,0,0,0,0,0,0,0,0,0,0,0,0
46266,1000000US170318428004036,0,0,0,0,0,0,0,0,0,0,0,0,0,0,0,0,0,0
46267,1000000US170318428004037,0,0,0,0,0,0,0,0,0,0,0,0,0,0,0,0,0,0
46268,1000000US170318428004038,0,0,0,0,0,0,0,0,0,0,0,0,0,0,0,0,0,0
46269,1000000US170318428004039,0,0,0,0,0,0,0,0,0,0,0,0,0,0,0,0,0,0
46270,1000000US170318428005000,99,20,0,0,0,0,79,20,0,79,79,8,51,40,11,160,0,0
46271,1000000US170318428005001,94,17,0,0,2,0,75,19,0,75,77,5,47,37,10,156,0,0
46272,1000000US170318428005002,109,17,1,1,0,0,91,18,0,91,92,6,53,38,15,154,1,0
46273,1000000US170318428005003,89,17,0,0,1,0,71,18,0,71,72,0,50,39,11,143,0,0
46274,1000000US170318428005004,102,10,0,0,3,0,89,13,0,89,92,3,55,40,15,171,0,0
46275,1000000US170318428005005,100,15,3,0,4,0,81,19,0,81,85,2,54,41,13,147,0,1
46276,1000000US170318428005006,62,15,2,0,0,0,46,16,0,46,47,0,33,26,7,81,0,1
46277,1000000US170318428005007,65,10,2,1,2,0,51,14,0,51,55,3,32,28,4,102,0,0
46278,1000000US170318428005008,67,7,0,1,2,0,60,7,0,60,60,1,34,30,4,112,1,0
46279,1000000US170318428005009,89,9,2,0,2,0,77,12,0,77,80,2,35,30,5,125,0,0
46280,1000000US170318428005010,7,3,2,0,0,0,4,3,0,4,4,3,2,2,0,12,0,2
46281,1000000US170318428006000,87,10,0,0,4,0,73,14,0,73,77,1,44,41,3,135,0,0
46282,1000000US170318428006001,82,10,0,0,10,0,62,20,0,62,72,0,40,35,5,120,0,0
46283,1000000US170318428006002,113,2,0,0,12,0,103,10,0,103,111,4,46,39,7,171,0,0
46284,1000000US170318428006003,92,10,1,0,1,0,81,11,0,81,82,2,45,40,5,163,0,0
46285,1000000US170318428006004,94,11,3,9,8,0,73,21,0,73,83,5,38,32,6,142,8,3
46286,1000000US170318428006005,75,4,0,0,0,1,71,4,0,71,71,2,33,31,2,111,0,0
46287,1000000US170318428006006,80,2,0,4,0,0,74,6,0,74,78,2,36,35,1,123,4,0
46288,1000000US170318428006007,57,7,4,0,0,0,46,11,0,46,50,1,30,25,5,83,0,0
46289,1000000US170318428006008,2,0,0,0,0,0,2,0,0,2,2,1,1,1,0,2,0,0
46290,1000000US170318428006009,34,3,0,0,0,0,31,3,0,31,31,4,14,14,0,44,0,0
46291,1000000US170318428006010,23,0,2,0,3,0,18,5,0,18,23,0,10,10,0,31,0,0
46292,1000000US170318428006011,108,6,1,0,0,0,101,7,0,101,102,2,41,38,3,164,0,0
46293,1000000US170318428006012,99,3,1,0,4,0,92,7,0,92,96,1,42,37,5,151,0,1
46294,1000000US170318429001000,0,0,0,0,0,0,0,0,0,0,0,0,0,0,0,0,0,0
46295,1000000US170318429001001,4,0,2,0,0,0,2,2,0,2,4,0,2,2,0,8,0,0
46296,1000000US170318429001002,25,0,25,0,0,0,0,25,0,0,25,0,9,6,3,32,0,0
46297,1000000US170318429001003,0,0,0,0,0,0,0,0,0,0,0,0,0,0,0,0,0,0
46298,1000000US170318429001004,0,0,0,0,0,0,0,0,0,0,0,0,0,0,0,0,0,0
46299,1000000US170318429001005,127,1,121,0,2,0,4,123,0,4,126,4,113,108,5,128,0,1
46300,1000000US170318429001006,0,0,0,0,0,0,0,0,0,0,0,0,0,0,0,0,0,0
46301,1000000US170318429001007,0,0,0,0,0,0,0,0,0,0,0,0,0,0,0,0,0,0
46302,1000000US170318429001008,0,0,0,0,0,0,0,0,0,0,0,0,0,0,0,0,0,0
46303,1000000US170318429001009,0,0,0,0,0,0,0,0,0,0,0,0,0,0,0,0,0,0
46304,1000000US170318429001010,0,0,0,0,0,0,0,0,0,0,0,0,0,0,0,0,0,0
46305,1000000US170318429001011,0,0,0,0,0,0,0,0,0,0,0,0,0,0,0,0,0,0
46306,1000000US170318429001012,324,159,71,3,28,0,66,258,0,66,165,14,232,210,22,354,3,0
46307,1000000US170318429001013,0,0,0,0,0,0,0,0,0,0,0,0,0,0,0,0,0,0
46308,1000000US170318429001014,0,0,0,0,0,0,0,0,0,0,0,0,0,0,0,0,0,0
46309,1000000US170318429001015,0,0,0,0,0,0,0,0,0,0,0,0,0,0,0,0,0,0
46310,1000000US170318429001016,0,0,0,0,0,0,0,0,0,0,0,0,0,0,0,0,0,0
46311,1000000US170318429001017,0,0,0,0,0,0,0,0,0,0,0,0,0,0,0,0,0,0
46312,1000000US170318429001018,0,0,0,0,0,0,0,0,0,0,0,0,0,0,0,0,0,0
46313,1000000US170318429001019,0,0,0,0,0,0,0,0,0,0,0,0,0,0,0,0,0,0
46314,1000000US170318429002000,79,19,58,0,0,0,2,77,0,2,60,0,70,69,1,81,0,0
46315,1000000US170318429002001,0,0,0,0,0,0,0,0,0,0,0,0,0,0,0,0,0,0
46316,1000000US170318429002002,2,0,2,0,0,0,0,2,0,0,2,0,2,2,0,2,0,0
46317,1000000US170318429002003,0,0,0,0,0,0,0,0,0,0,0,0,0,0,0,0,0,0
46318,1000000US170318429002004,0,0,0,0,0,0,0,0,0,0,0,0,0,0,0,0,0,0
46319,1000000US170318429002005,4,0,4,0,0,0,0,4,0,0,4,0,1,1,0,5,0,0
46320,1000000US170318429002006,0,0,0,0,0,0,0,0,0,0,0,0,0,0,0,0,0,0
46321,1000000US170318429002007,0,0,0,0,0,0,0,0,0,0,0,0,0,0,0,0,0,0
46322,1000000US170318429002008,8,0,8,0,0,0,0,8,0,0,8,0,8,6,2,9,0,0
46323,1000000US170318429002009,0,0,0,0,0,0,0,0,0,0,0,0,0,0,0,0,0,0
46324,1000000US170318429002010,19,0,15,0,0,0,4,15,0,4,19,0,9,8,1,27,0,0
46325,1000000US170318429002011,0,0,0,0,0,0,0,0,0,0,0,0,0,0,0,0,0,0
46326,1000000US170318429002012,1,0,1,0,0,0,0,1,0,0,1,0,1,1,0,1,0,0
46327,1000000US170318429003000,0,0,0,0,0,0,0,0,0,0,0,0,0,0,0,0,0,0
46328,1000000US170318429003001,43,0,39,0,0,0,3,40,0,3,43,2,29,29,0,64,0,0
46329,1000000US170318429003002,57,0,57,0,0,0,0,57,0,0,57,0,32,29,3,93,0,0
46330,1000000US170318429003003,33,0,33,0,0,0,0,33,0,0,33,0,18,17,1,62,0,0
46331,1000000US170318429003004,137,0,137,0,0,0,1,136,0,1,137,6,78,76,2,173,0,1
46332,1000000US170318429003005,135,0,135,0,0,0,0,135,0,0,135,0,65,63,2,220,0,0
46333,1000000US170318429003006,164,5,159,0,0,0,1,163,0,1,159,1,68,68,0,270,0,1
46334,1000000US170318429003007,0,0,0,0,0,0,0,0,0,0,0,0,0,0,0,0,0,0
46335,1000000US170318429003008,61,0,61,0,0,0,0,61,0,0,61,0,44,41,3,75,0,0
46336,1000000US170318429003009,136,0,136,1,0,0,1,135,0,1,136,1,77,75,2,190,0,1
46337,1000000US170318429003010,2,0,0,0,0,0,2,0,0,2,2,0,1,1,0,2,0,0
46338,1000000US170318429003011,0,0,0,0,0,0,0,0,0,0,0,0,0,0,0,0,0,0
46339,1000000US170318429003012,0,0,0,0,0,0,0,0,0,0,0,0,0,0,0,0,0,0
46340,1000000US170318429003013,0,0,0,0,0,0,0,0,0,0,0,0,0,0,0,0,0,0
46341,1000000US170318429003014,0,0,0,0,0,0,0,0,0,0,0,0,0,0,0,0,0,0
46342,1000000US170318429003015,165,9,154,0,0,0,2,163,0,2,156,3,124,120,4,253,0,1
46343,1000000US170318429004000,0,0,0,0,0,0,0,0,0,0,0,0,0,0,0,0,0,0
46344,1000000US170318429004001,0,0,0,0,0,0,0,0,0,0,0,0,0,0,0,0,0,0
46345,1000000US170318429004002,0,0,0,0,0,0,0,0,0,0,0,0,0,0,0,0,0,0
46346,1000000US170318429004003,0,0,0,0,0,0,0,0,0,0,0,0,0,0,0,0,0,0
46347,1000000US170318429004004,0,0,0,0,0,0,0,0,0,0,0,0,0,0,0,0,0,0
46348,1000000US170318429004005,0,0,0,0,0,0,0,0,0,0,0,0,0,0,0,0,0,0
46349,1000000US170318429004006,0,0,0,0,0,0,0,0,0,0,0,0,0,0,0,0,0,0
46350,1000000US170318429004007,0,0,0,0,0,0,0,0,0,0,0,0,0,0,0,0,0,0
46351,1000000US170318429004008,0,0,0,0,0,0,0,0,0,0,0,0,0,0,0,0,0,0
46352,1000000US170318429004009,0,0,0,0,0,0,0,0,0,0,0,0,0,0,0,0,0,0
46353,1000000US170318429004010,0,0,0,0,0,0,0,0,0,0,0,0,0,0,0,0,0,0
46354,1000000US170318429004011,0,0,0,0,0,0,0,0,0,0,0,0,0,0,0,0,0,0
46355,1000000US170318429004012,0,0,0,0,0,0,0,0,0,0,0,0,0,0,0,0,0,0
46356,1000000US170318429004013,0,0,0,0,0,0,0,0,0,0,0,0,0,0,0,0,0,0
46357,1000000US170318429004014,0,0,0,0,0,0,0,0,0,0,0,0,0,0,0,0,0,0
46358,1000000US170318429004015,0,0,0,0,0,0,0,0,0,0,0,0,0,0,0,0,0,0
46359,1000000US170318429004016,0,0,0,0,0,0,0,0,0,0,0,0,0,0,0,0,0,0
46360,1000000US170318429004017,0,0,0,0,0,0,0,0,0,0,0,0,0,0,0,0,0,0
46361,1000000US170318429004018,0,0,0,0,0,0,0,0,0,0,0,0,0,0,0,0,0,0
46362,1000000US170318429004019,0,0,0,0,0,0,0,0,0,0,0,0,0,0,0,0,0,0
46363,1000000US170318429004020,0,0,0,0,0,0,0,0,0,0,0,0,0,0,0,0,0,0
46364,1000000US170318429004021,0,0,0,0,0,0,0,0,0,0,0,0,0,0,0,0,0,0
46365,1000000US170318429004022,0,0,0,0,0,0,0,0,0,0,0,0,0,0,0,0,0,0
46366,1000000US170318429004023,0,0,0,0,0,0,0,0,0,0,0,0,0,0,0,0,0,0
46367,1000000US170318429004024,0,0,0,0,0,0,0,0,0,0,0,0,0,0,0,0,0,0
46368,1000000US170318429004025,0,0,0,0,0,0,0,0,0,0,0,0,0,0,0,0,0,0
46369,1000000US170318429004026,122,37,79,0,0,0,7,115,0,7,85,0,137,119,18,122,0,1
46370,1000000US170318429004027,0,0,0,0,0,0,0,0,0,0,0,0,0,0,0,0,0,0
46371,1000000US170318429004028,0,0,0,0,0,0,0,0,0,0,0,0,0,0,0,0,0,0
46372,1000000US170318429004029,17,9,3,0,0,0,5,12,0,5,8,1,15,14,1,17,0,0
46373,1000000US170318429004030,0,0,0,0,0,0,0,0,0,0,0,0,0,0,0,0,0,0
46374,1000000US170318429004031,0,0,0,0,0,0,0,0,0,0,0,0,0,0,0,0,0,0
46375,1000000US170318429004032,0,0,0,0,0,0,0,0,0,0,0,0,0,0,0,0,0,0
46376,1000000US170318429004033,0,0,0,0,0,0,0,0,0,0,0,0,0,0,0,0,0,0
46377,1000000US170318429004034,0,0,0,0,0,0,0,0,0,0,0,0,0,0,0,0,0,0
46378,1000000US170318429004035,0,0,0,0,0,0,0,0,0,0,0,0,0,0,0,0,0,0
46379,1000000US170318429004036,0,0,0,0,0,0,0,0,0,0,0,0,0,0,0,0,0,0
46380,1000000US170318429004037,2,0,2,0,0,0,0,2,0,0,2,1,5,1,4,3,0,0
46381,1000000US170318429004038,26,10,7,0,2,0,7,19,0,7,16,1,13,12,1,34,0,0
46382,1000000US170318429004039,0,0,0,0,0,0,0,0,0,0,0,0,0,0,0,0,0,0
46383,1000000US170318429004040,0,0,0,0,0,0,0,0,0,0,0,0,0,0,0,0,0,0
46384,1000000US170318429004041,0,0,0,0,0,0,0,0,0,0,0,0,0,0,0,0,0,0
46385,1000000US170318429004042,0,0,0,0,0,0,0,0,0,0,0,0,0,0,0,0,0,0
46386,1000000US170318429004043,0,0,0,0,0,0,0,0,0,0,0,0,0,0,0,0,0,0
46387,1000000US170318429004044,0,0,0,0,0,0,0,0,0,0,0,0,0,0,0,0,0,0
46388,1000000US170318429004045,0,0,0,0,0,0,0,0,0,0,0,0,0,0,0,0,0,0
46389,1000000US170318429004046,0,0,0,0,0,0,0,0,0,0,0,0,0,0,0,0,0,0
46390,1000000US170318429004047,1,1,0,0,0,0,0,1,0,0,0,0,1,1,0,1,0,0
46391,1000000US170318429004048,0,0,0,0,0,0,0,0,0,0,0,0,0,0,0,0,0,0
46392,1000000US170318429004049,0,0,0,0,0,0,0,0,0,0,0,0,0,0,0,0,0,0
46393,1000000US170318429004050,15,0,15,0,0,0,0,15,0,0,15,0,8,5,3,19,0,0
46394,1000000US170318429004051,17,0,8,3,0,0,9,8,0,9,17,3,9,8,1,31,3,0
46395,1000000US170318429004052,13,0,11,0,0,0,2,11,0,2,13,0,10,5,5,16,0,0
46396,1000000US170318429004053,14,0,11,0,0,0,3,11,0,3,14,0,11,8,3,20,0,0
46397,1000000US170318429004054,6,3,3,0,0,0,0,6,0,0,3,0,2,2,0,9,0,0
46398,1000000US170318429004055,0,0,0,0,0,0,0,0,0,0,0,0,0,0,0,0,0,0
46399,1000000US170318429004056,0,0,0,0,0,0,0,0,0,0,0,0,0,0,0,0,0,0
46400,1000000US170318429004057,0,0,0,0,0,0,0,0,0,0,0,0,2,0,2,0,0,0
46401,1000000US170318429004058,0,0,0,0,0,0,0,0,0,0,0,0,0,0,0,0,0,0
46402,1000000US170318429004059,0,0,0,0,0,0,0,0,0,0,0,0,0,0,0,0,0,0
46403,1000000US170318429004060,0,0,0,0,0,0,0,0,0,0,0,0,0,0,0,0,0,0
46404,1000000US170318429004061,0,0,0,0,0,0,0,0,0,0,0,0,0,0,0,0,0,0
46405,1000000US170318429004062,0,0,0,0,0,0,0,0,0,0,0,0,0,0,0,0,0,0
46406,1000000US170318429004063,0,0,0,0,0,0,0,0,0,0,0,0,0,0,0,0,0,0
46407,1000000US170318429004064,0,0,0,0,0,0,0,0,0,0,0,0,0,0,0,0,0,0
46408,1000000US170318429004065,0,0,0,0,0,0,0,0,0,0,0,0,0,0,0,0,0,0
46409,1000000US170318429004066,0,0,0,0,0,0,0,0,0,0,0,0,0,0,0,0,0,0
46410,1000000US170318429004067,0,0,0,0,0,0,0,0,0,0,0,0,0,0,0,0,0,0
46411,1000000US170318429004068,10,0,10,0,0,0,0,10,0,0,10,0,8,7,1,12,0,0
46412,1000000US170318429004069,0,0,0,0,0,0,0,0,0,0,0,0,0,0,0,0,0,0
46413,1000000US170318429004070,0,0,0,0,0,0,0,0,0,0,0,0,0,0,0,0,0,0
46414,1000000US170318429004071,0,0,0,0,0,0,0,0,0,0,0,0,0,0,0,0,0,0
46415,1000000US170318429004072,0,0,0,0,0,0,0,0,0,0,0,0,0,0,0,0,0,0
46416,1000000US170318429004073,0,0,0,0,0,0,0,0,0,0,0,0,0,0,0,0,0,0
46417,1000000US170318429004074,0,0,0,0,0,0,0,0,0,0,0,0,0,0,0,0,0,0
46418,1000000US170318429004075,0,0,0,0,0,0,0,0,0,0,0,0,0,0,0,0,0,0
46419,1000000US170318429004076,0,0,0,0,0,0,0,0,0,0,0,0,0,0,0,0,0,0
46420,1000000US170318429004077,0,0,0,0,0,0,0,0,0,0,0,0,0,0,0,0,0,0
46421,1000000US170318429004078,0,0,0,0,0,0,0,0,0,0,0,0,0,0,0,0,0,0
46422,1000000US170318429004079,0,0,0,0,0,0,0,0,0,0,0,0,0,0,0,0,0,0
46423,1000000US170318429004080,0,0,0,0,0,0,0,0,0,0,0,0,0,0,0,0,0,0
46424,1000000US170318429004081,0,0,0,0,0,0,0,0,0,0,0,0,0,0,0,0,0,0
46425,1000000US170318429004082,0,0,0,0,0,0,0,0,0,0,0,0,0,0,0,0,0,0
46426,1000000US170318429004083,0,0,0,0,0,0,0,0,0,0,0,0,0,0,0,0,0,0
46427,1000000US170318429004084,0,0,0,0,0,0,0,0,0,0,0,0,0,0,0,0,0,0
46428,1000000US170318429004085,0,0,0,0,0,0,0,0,0,0,0,0,0,0,0,0,0,0
46429,1000000US170318429004086,0,0,0,0,0,0,0,0,0,0,0,0,0,0,0,0,0,0
46430,1000000US170318429004087,0,0,0,0,0,0,0,0,0,0,0,0,0,0,0,0,0,0
46431,1000000US170318429004088,0,0,0,0,0,0,0,0,0,0,0,0,0,0,0,0,0,0
46432,1000000US170318429004089,0,0,0,0,0,0,0,0,0,0,0,0,0,0,0,0,0,0
46433,1000000US170318429004090,0,0,0,0,0,0,0,0,0,0,0,0,0,0,0,0,0,0
46434,1000000US170318429004091,0,0,0,0,0,0,0,0,0,0,0,0,0,0,0,0,0,0
46435,1000000US170318429004092,0,0,0,0,0,0,0,0,0,0,0,0,0,0,0,0,0,0
46436,1000000US170318429004093,0,0,0,0,0,0,0,0,0,0,0,0,0,0,0,0,0,0
46437,1000000US170318429004094,0,0,0,0,0,0,0,0,0,0,0,0,0,0,0,0,0,0
46438,1000000US170318429004095,0,0,0,0,0,0,0,0,0,0,0,0,0,0,0,0,0,0
46439,1000000US170318429004096,0,0,0,0,0,0,0,0,0,0,0,0,0,0,0,0,0,0
46440,1000000US170318429004097,0,0,0,0,0,0,0,0,0,0,0,0,0,0,0,0,0,0
46441,1000000US170318429004098,0,0,0,0,0,0,0,0,0,0,0,0,0,0,0,0,0,0
46442,1000000US170318429004099,0,0,0,0,0,0,0,0,0,0,0,0,0,0,0,0,0,0
46443,1000000US170318429004100,0,0,0,0,0,0,0,0,0,0,0,0,0,0,0,0,0,0
46444,1000000US170318429004101,0,0,0,0,0,0,0,0,0,0,0,0,0,0,0,0,0,0
46445,1000000US170318429004102,0,0,0,0,0,0,0,0,0,0,0,0,0,0,0,0,0,0
46446,1000000US170318429004103,0,0,0,0,0,0,0,0,0,0,0,0,0,0,0,0,0,0
46447,1000000US170318429004104,0,0,0,0,0,0,0,0,0,0,0,0,0,0,0,0,0,0
46448,1000000US170318429004105,5,0,5,0,0,0,0,5,0,0,5,0,4,4,0,8,0,0
46449,1000000US170318429004106,0,0,0,0,0,0,0,0,0,0,0,0,0,0,0,0,0,0
46450,1000000US170318429004107,0,0,0,0,0,0,0,0,0,0,0,0,0,0,0,0,0,0
46451,1000000US170318429004108,0,0,0,0,0,0,0,0,0,0,0,0,0,0,0,0,0,0
46452,1000000US170318429004109,0,0,0,0,0,0,0,0,0,0,0,0,0,0,0,0,0,0
46453,1000000US170318430001000,5,0,4,0,0,0,1,4,0,1,5,0,0,0,0,5,0,0
46454,1000000US170318430001001,0,0,0,0,0,0,0,0,0,0,0,0,0,0,0,0,0,0
46455,1000000US170318430001002,0,0,0,0,0,0,0,0,0,0,0,0,0,0,0,0,0,0
46456,1000000US170318430001003,91,0,91,1,0,0,0,91,0,0,91,1,53,49,4,131,1,0
46457,1000000US170318430001004,124,0,123,1,0,0,0,124,0,0,124,1,103,72,31,184,1,0
46458,1000000US170318430001005,0,0,0,0,0,0,0,0,0,0,0,0,0,0,0,0,0,0
46459,1000000US170318430001006,0,0,0,0,0,0,0,0,0,0,0,0,0,0,0,0,0,0
46460,1000000US170318430001007,0,0,0,0,0,0,0,0,0,0,0,0,0,0,0,0,0,0
46461,1000000US170318430001008,0,0,0,0,0,0,0,0,0,0,0,0,0,0,0,0,0,0
46462,1000000US170318430001009,0,0,0,0,0,0,0,0,0,0,0,0,0,0,0,0,0,0
46463,1000000US170318430001010,0,0,0,0,0,0,0,0,0,0,0,0,0,0,0,0,0,0
46464,1000000US170318430001011,0,0,0,0,0,0,0,0,0,0,0,0,0,0,0,0,0,0
46465,1000000US170318430001012,0,0,0,0,0,0,0,0,0,0,0,0,0,0,0,0,0,0
46466,1000000US170318430001013,0,0,0,0,0,0,0,0,0,0,0,0,0,0,0,0,0,0
46467,1000000US170318430001014,9,0,9,0,0,0,0,9,0,0,9,0,5,5,0,15,0,0
46468,1000000US170318430001015,4,0,4,0,0,0,0,4,0,0,4,0,1,1,0,8,0,0
46469,1000000US170318430001016,1,0,0,0,0,0,0,1,0,0,1,0,2,1,1,1,0,0
46470,1000000US170318430001017,9,0,9,0,0,0,0,9,0,0,9,0,4,3,1,11,0,0
46471,1000000US170318430001018,0,0,0,0,0,0,0,0,0,0,0,0,0,0,0,0,0,0
46472,1000000US170318430001019,26,0,23,0,0,0,3,23,0,3,26,0,18,14,4,45,0,0
46473,1000000US170318430001020,0,0,0,0,0,0,0,0,0,0,0,0,0,0,0,0,0,0
46474,1000000US170318430001021,35,0,35,0,0,0,0,35,0,0,35,0,19,17,2,54,0,0
46475,1000000US170318430001022,107,0,107,0,0,0,1,106,0,1,107,1,78,59,19,176,0,1
46476,1000000US170318430001023,16,0,16,0,0,0,0,16,0,0,16,0,10,7,3,28,0,0
46477,1000000US170318430001024,104,0,104,0,0,1,1,103,0,1,104,1,83,56,27,162,0,1
46478,1000000US170318430001025,31,0,31,0,0,0,0,31,0,0,31,0,13,13,0,45,0,0
46479,1000000US170318430001026,25,0,23,1,0,0,2,23,0,2,25,0,17,13,4,34,1,0
46480,1000000US170318430001027,0,0,0,0,0,0,0,0,0,0,0,0,0,0,0,0,0,0
46481,1000000US170318430001028,0,0,0,0,0,0,0,0,0,0,0,0,0,0,0,0,0,0
46482,1000000US170318430001029,0,0,0,0,0,0,0,0,0,0,0,0,0,0,0,0,0,0
46483,1000000US170318430001030,0,0,0,0,0,0,0,0,0,0,0,0,0,0,0,0,0,0
46484,1000000US170318430001031,160,0,159,1,0,0,2,158,0,2,160,1,153,142,11,173,1,1
46485,1000000US170318430001032,0,0,0,0,0,0,0,0,0,0,0,0,0,0,0,0,0,0
46486,1000000US170318430001033,7,0,0,0,0,0,7,0,0,7,7,0,2,2,0,11,0,0
46487,1000000US170318430001034,48,0,48,2,0,0,0,48,0,0,48,4,16,16,0,76,2,0
46488,1000000US170318430001035,46,0,46,0,0,0,0,46,0,0,46,0,31,18,13,66,0,0
46489,1000000US170318430002000,64,0,64,0,0,0,0,64,0,0,64,0,50,38,12,95,0,0
46490,1000000US170318430002001,55,1,51,0,0,0,3,52,0,3,54,0,30,23,7,63,0,0
46491,1000000US170318430002002,0,0,0,0,0,0,0,0,0,0,0,0,0,0,0,0,0,0
46492,1000000US170318430002003,0,0,0,0,0,0,0,0,0,0,0,0,0,0,0,0,0,0
46493,1000000US170318430002004,0,0,0,0,0,0,0,0,0,0,0,0,0,0,0,0,0,0
46494,1000000US170318430002005,0,0,0,0,0,0,0,0,0,0,0,0,0,0,0,0,0,0
46495,1000000US170318430002006,0,0,0,0,0,0,0,0,0,0,0,0,0,0,0,0,0,0
46496,1000000US170318430002007,0,0,0,0,0,0,0,0,0,0,0,0,0,0,0,0,0,0
46497,1000000US170318430002008,0,0,0,0,0,0,0,0,0,0,0,0,0,0,0,0,0,0
46498,1000000US170318430002009,0,0,0,0,0,0,0,0,0,0,0,0,0,0,0,0,0,0
46499,1000000US170318430002010,0,0,0,0,0,0,0,0,0,0,0,0,0,0,0,0,0,0
46500,1000000US170318430002011,0,0,0,0,0,0,0,0,0,0,0,0,0,0,0,0,0,0
46501,1000000US170318430002012,0,0,0,0,0,0,0,0,0,0,0,0,0,0,0,0,0,0
46502,1000000US170318430002013,0,0,0,0,0,0,0,0,0,0,0,0,0,0,0,0,0,0
46503,1000000US170318430002014,0,0,0,0,0,0,0,0,0,0,0,0,0,0,0,0,0,0
46504,1000000US170318430002015,59,0,58,0,0,0,1,58,0,1,59,0,29,26,3,97,0,0
46505,1000000US170318430002016,17,0,17,0,0,0,0,17,0,0,17,0,11,11,0,20,0,0
46506,1000000US170318430002017,0,0,0,0,0,0,0,0,0,0,0,0,0,0,0,0,0,0
46507,1000000US170318430002018,0,0,0,0,0,0,0,0,0,0,0,0,0,0,0,0,0,0
46508,1000000US170318430002019,5,0,5,0,0,0,0,5,0,0,5,0,4,2,2,6,0,0
46509,1000000US170318430002020,22,0,21,0,1,0,0,22,0,0,22,0,19,11,8,32,0,0
46510,1000000US170318430002021,77,0,77,0,0,0,0,77,0,0,77,0,48,39,9,109,0,0
46511,1000000US170318430002022,31,0,31,0,0,0,0,31,0,0,31,0,16,12,4,34,0,0
46512,1000000US170318430002023,40,0,39,0,0,0,1,39,0,1,40,0,24,19,5,53,0,0
46513,1000000US170318430002024,31,0,31,0,0,0,0,31,0,0,31,0,21,16,5,37,0,0
46514,1000000US170318430002025,14,0,13,1,0,0,0,14,0,0,14,0,7,6,1,22,1,0
46515,1000000US170318430002026,58,0,58,0,0,0,0,58,0,0,58,0,43,34,9,87,0,0
46516,1000000US170318430002027,0,0,0,0,0,0,0,0,0,0,0,0,0,0,0,0,0,0
46517,1000000US170318430002028,68,0,68,0,0,0,1,67,0,1,68,0,47,32,15,102,0,1
46518,1000000US170318430002029,50,0,50,0,0,0,0,50,0,0,50,2,33,23,10,70,0,0
46519,1000000US170318430002030,3,0,3,0,0,0,0,3,0,0,3,0,3,2,1,4,0,0
46520,1000000US170318430002031,0,0,0,0,0,0,0,0,0,0,0,0,0,0,0,0,0,0
46521,1000000US170318430002032,9,0,9,0,0,0,0,9,0,0,9,0,9,2,7,12,0,0
46522,1000000US170318430002033,0,0,0,0,0,0,0,0,0,0,0,0,0,0,0,0,0,0
46523,1000000US170318430002034,6,0,6,0,0,0,0,6,0,0,6,0,3,3,0,11,0,0
46524,1000000US170318430002035,9,0,9,0,0,0,0,9,0,0,9,0,21,5,16,13,0,0
46525,1000000US170318430002036,41,0,40,1,0,0,0,41,0,0,41,0,26,22,4,63,1,0
46526,1000000US170318430002037,26,0,26,0,0,0,1,25,0,1,26,0,20,13,7,39,0,1
46527,1000000US170318430002038,0,0,0,0,0,0,0,0,0,0,0,0,0,0,0,0,0,0
46528,1000000US170318430002039,0,0,0,0,0,0,0,0,0,0,0,0,0,0,0,0,0,0
46529,1000000US170318430002040,11,0,11,0,0,0,0,11,0,0,11,0,7,7,0,12,0,0
46530,1000000US170318430002041,0,0,0,0,0,0,0,0,0,0,0,0,0,0,0,0,0,0
46531,1000000US170318430002042,0,0,0,0,0,0,0,0,0,0,0,0,0,0,0,0,0,0
46532,1000000US170318430002043,9,0,9,0,0,0,0,9,0,0,9,0,3,3,0,11,0,0
46533,1000000US170318430002044,0,0,0,0,0,0,0,0,0,0,0,0,0,0,0,0,0,0
46534,1000000US170318430002045,0,0,0,0,0,0,0,0,0,0,0,0,0,0,0,0,0,0
46535,1000000US170318430002046,0,0,0,0,0,0,0,0,0,0,0,0,0,0,0,0,0,0
46536,1000000US170318430002047,62,0,62,0,0,0,0,62,0,0,62,0,37,27,10,92,0,0
46537,1000000US170318430002048,45,0,45,0,0,0,3,42,0,3,45,0,29,27,2,69,0,3
46538,1000000US170318431001000,0,0,0,0,0,0,0,0,0,0,0,0,0,0,0,0,0,0
46539,1000000US170318431001001,0,0,0,0,0,0,0,0,0,0,0,0,0,0,0,0,0,0
46540,1000000US170318431001002,16,0,16,0,0,0,0,16,0,0,16,0,6,6,0,27,0,0
46541,1000000US170318431001003,7,0,7,0,0,0,0,7,0,0,7,0,5,5,0,9,0,0
46542,1000000US170318431001004,0,0,0,0,0,0,0,0,0,0,0,0,0,0,0,0,0,0
46543,1000000US170318431001005,0,0,0,0,0,0,0,0,0,0,0,0,0,0,0,0,0,0
46544,1000000US170318431001006,0,0,0,0,0,0,0,0,0,0,0,0,0,0,0,0,0,0
46545,1000000US170318431001007,0,0,0,0,0,0,0,0,0,0,0,0,0,0,0,0,0,0
46546,1000000US170318431001008,0,0,0,0,0,0,0,0,0,0,0,0,0,0,0,0,0,0
46547,1000000US170318431001009,0,0,0,0,0,0,0,0,0,0,0,0,0,0,0,0,0,0
46548,1000000US170318431001010,0,0,0,0,0,0,0,0,0,0,0,0,0,0,0,0,0,0
46549,1000000US170318431001011,0,0,0,0,0,0,0,0,0,0,0,0,0,0,0,0,0,0
46550,1000000US170318431001012,0,0,0,0,0,0,0,0,0,0,0,0,0,0,0,0,0,0
46551,1000000US170318431001013,72,0,71,1,0,0,0,72,0,0,72,0,39,34,5,92,1,0
46552,1000000US170318431001014,58,0,58,0,0,0,0,58,0,0,58,0,31,21,10,79,0,0
46553,1000000US170318431001015,9,0,9,0,0,0,0,9,0,0,9,0,11,5,6,12,0,0
46554,1000000US170318431001016,58,0,55,1,0,0,3,55,0,3,58,2,35,30,5,80,0,0
46555,1000000US170318431001017,118,3,115,0,0,1,0,118,0,0,115,1,82,56,26,197,0,0
46556,1000000US170318431001018,0,0,0,0,0,0,0,0,0,0,0,0,0,0,0,0,0,0
46557,1000000US170318431001019,1,0,1,0,0,0,0,1,0,0,1,0,0,0,0,1,0,0
46558,1000000US170318431001020,0,0,0,0,0,0,0,0,0,0,0,0,0,0,0,0,0,0
46559,1000000US170318431001021,0,0,0,0,0,0,0,0,0,0,0,0,0,0,0,0,0,0
46560,1000000US170318431001022,77,2,70,1,0,1,4,73,0,4,75,1,43,42,1,139,1,0
46561,1000000US170318431001023,27,0,27,0,0,0,0,27,0,0,27,0,31,15,16,32,0,0
46562,1000000US170318431001024,174,48,115,0,2,1,12,162,0,12,126,1,1,1,0,176,0,3
46563,1000000US170318431001025,27,0,27,0,0,0,0,27,0,0,27,0,13,13,0,47,0,0
46564,1000000US170318431001026,1,0,1,0,0,0,0,1,0,0,1,0,5,1,4,1,0,0
46565,1000000US170318431001027,31,0,31,0,1,0,0,31,0,0,31,1,23,18,5,45,0,0
46566,1000000US170318431001028,0,0,0,0,0,0,0,0,0,0,0,0,0,0,0,0,0,0
46567,1000000US170318431001029,27,0,27,0,0,0,0,27,0,0,27,0,23,16,7,37,0,0
46568,1000000US170318431001030,75,0,75,0,0,0,0,75,0,0,75,0,39,36,3,148,0,0
46569,1000000US170318431001031,50,2,48,0,0,0,0,50,0,0,48,2,28,24,4,70,0,0
46570,1000000US170318431001032,22,1,16,0,0,0,5,17,0,5,21,0,14,13,1,38,0,0
46571,1000000US170318431001033,0,0,0,0,0,0,0,0,0,0,0,0,0,0,0,0,0,0
46572,1000000US170318431001034,0,0,0,0,0,0,0,0,0,0,0,0,0,0,0,0,0,0
46573,1000000US170318431002000,0,0,0,0,0,0,0,0,0,0,0,0,0,0,0,0,0,0
46574,1000000US170318431002001,0,0,0,0,0,0,0,0,0,0,0,0,0,0,0,0,0,0
46575,1000000US170318431002002,0,0,0,0,0,0,0,0,0,0,0,0,0,0,0,0,0,0
46576,1000000US170318431002003,0,0,0,0,0,0,0,0,0,0,0,0,0,0,0,0,0,0
46577,1000000US170318431002004,0,0,0,0,0,0,0,0,0,0,0,0,0,0,0,0,0,0
46578,1000000US170318431002005,0,0,0,0,0,0,0,0,0,0,0,0,0,0,0,0,0,0
46579,1000000US170318431002006,0,0,0,0,0,0,0,0,0,0,0,0,0,0,0,0,0,0
46580,1000000US170318431002007,66,12,42,0,6,0,6,60,0,6,54,0,34,32,2,95,0,0
46581,1000000US170318431002008,0,0,0,0,0,0,0,0,0,0,0,0,0,0,0,0,0,0
46582,1000000US170318431002009,0,0,0,0,0,0,0,0,0,0,0,0,0,0,0,0,0,0
46583,1000000US170318431002010,45,0,45,0,0,0,1,44,0,1,45,0,30,21,9,59,0,1
46584,1000000US170318431002011,44,1,43,0,0,0,0,44,0,0,43,0,34,26,8,59,0,0
46585,1000000US170318431002012,100,3,95,1,0,0,0,100,0,0,97,0,65,52,13,115,1,0
46586,1000000US170318431002013,92,6,86,0,0,0,0,92,0,0,86,0,53,43,10,125,0,0
46587,1000000US170318431002014,43,0,40,1,0,0,3,40,0,3,43,1,31,23,8,57,1,0
46588,1000000US170318431002015,38,0,35,0,0,0,3,35,0,3,38,0,26,14,12,52,0,0
46589,1000000US170318431002016,72,0,68,0,4,0,0,72,0,0,72,0,31,28,3,99,0,0
46590,1000000US170318431002017,0,0,0,0,0,0,0,0,0,0,0,0,0,0,0,0,0,0
46591,1000000US170318431002018,1,0,1,0,0,0,0,1,0,0,1,0,1,1,0,1,0,0
46592,1000000US170318432001000,94,12,0,3,4,0,78,16,0,78,82,4,48,41,7,133,2,0
46593,1000000US170318432001001,100,22,4,1,1,0,75,25,0,75,78,1,53,43,10,134,1,1
46594,1000000US170318432001002,86,11,8,0,0,0,73,13,0,73,75,0,47,40,7,126,0,6
46595,1000000US170318432001003,116,9,1,2,11,0,94,22,0,94,107,10,66,54,12,163,1,1
46596,1000000US170318432001004,20,4,0,1,1,0,14,6,0,14,16,1,8,8,0,30,1,0
46597,1000000US170318432001005,18,0,1,0,0,0,17,1,0,17,18,0,5,5,0,21,0,0
46598,1000000US170318432001006,43,12,4,1,0,0,29,14,0,29,31,2,19,18,1,64,1,3
46599,1000000US170318432001007,6,0,0,0,0,0,6,0,0,6,6,0,3,2,1,8,0,0
46600,1000000US170318432001008,13,0,0,0,0,0,13,0,0,13,13,0,3,3,0,20,0,0
46601,1000000US170318432001009,155,23,6,1,2,0,129,26,0,129,132,14,70,64,6,253,1,3
46602,1000000US170318432001010,20,1,1,0,0,0,18,2,0,18,19,3,15,12,3,33,0,0
46603,1000000US170318432001011,56,1,2,0,0,0,55,1,0,55,55,2,26,26,0,98,0,2
46604,1000000US170318432001012,61,2,2,0,0,0,58,3,0,58,59,1,27,23,4,91,0,1
46605,1000000US170318432001013,22,4,0,1,0,0,18,4,0,18,18,0,14,14,0,22,1,0
46606,1000000US170318432001014,116,25,2,0,0,0,89,27,0,89,91,11,59,55,4,157,0,0
46607,1000000US170318432001015,42,7,0,0,0,0,35,7,0,35,35,0,19,17,2,62,0,0
46608,1000000US170318432001016,55,0,0,1,0,0,55,0,0,55,55,11,23,22,1,85,1,0
46609,1000000US170318432001017,0,0,0,0,0,0,0,0,0,0,0,0,0,0,0,0,0,0
46610,1000000US170318432001018,0,0,0,0,0,0,0,0,0,0,0,0,0,0,0,0,0,0
46611,1000000US170318432001019,18,6,0,0,1,0,11,7,0,11,12,0,8,6,2,22,0,0
46612,1000000US170318432002000,1,0,0,0,0,0,1,0,0,1,1,0,1,1,0,1,0,0
46613,1000000US170318432002001,0,0,0,0,0,0,0,0,0,0,0,0,0,0,0,0,0,0
46614,1000000US170318432002002,21,10,1,0,3,0,6,15,0,6,11,3,11,8,3,23,0,0
46615,1000000US170318432002003,15,11,1,0,1,0,2,13,0,2,4,0,11,8,3,17,0,0
46616,1000000US170318432002004,36,15,1,2,0,0,18,18,0,18,21,0,20,18,2,42,2,0
46617,1000000US170318432002005,36,6,1,0,12,0,17,19,0,17,30,1,17,17,0,42,0,0
46618,1000000US170318432002006,0,0,0,0,0,0,0,0,0,0,0,0,0,0,0,0,0,0
46619,1000000US170318432002007,0,0,0,0,0,0,0,0,0,0,0,0,0,0,0,0,0,0
46620,1000000US170318432002008,0,0,0,0,0,0,0,0,0,0,0,0,0,0,0,0,0,0
46621,1000000US170318432002009,0,0,0,0,0,0,0,0,0,0,0,0,0,0,0,0,0,0
46622,1000000US170318432002010,0,0,0,0,0,0,0,0,0,0,0,0,0,0,0,0,0,0
46623,1000000US170318432002011,0,0,0,0,0,0,0,0,0,0,0,0,0,0,0,0,0,0
46624,1000000US170318432002012,0,0,0,0,0,0,0,0,0,0,0,0,0,0,0,0,0,0
46625,1000000US170318432002013,0,0,0,0,0,0,0,0,0,0,0,0,0,0,0,0,0,0
46626,1000000US170318432002014,0,0,0,0,0,0,0,0,0,0,0,0,0,0,0,0,0,0
46627,1000000US170318432002015,18,7,1,0,0,0,10,8,0,10,11,2,12,12,0,20,0,0
46628,1000000US170318432002016,26,3,4,3,1,0,18,8,0,18,23,3,18,14,4,34,1,0
46629,1000000US170318432002017,52,13,2,2,2,0,36,16,0,36,39,2,28,25,3,64,1,1
46630,1000000US170318432002018,0,0,0,0,0,0,0,0,0,0,0,0,0,0,0,0,0,0
46631,1000000US170318432002019,11,6,1,0,3,0,3,8,0,3,5,0,18,9,9,11,0,0
46632,1000000US170318432002020,0,0,0,0,0,0,0,0,0,0,0,0,0,0,0,0,0,0
46633,1000000US170318432002021,0,0,0,0,0,0,0,0,0,0,0,0,0,0,0,0,0,0
46634,1000000US170318432002022,0,0,0,0,0,0,0,0,0,0,0,0,0,0,0,0,0,0
46635,1000000US170318432002023,5,0,4,0,0,0,1,4,0,1,5,0,0,0,0,5,0,0
46636,1000000US170318432002024,0,0,0,0,0,0,0,0,0,0,0,0,0,0,0,0,0,0
46637,1000000US170318432002025,0,0,0,0,0,0,0,0,0,0,0,0,0,0,0,0,0,0
46638,1000000US170318432002026,0,0,0,0,0,0,0,0,0,0,0,0,0,0,0,0,0,0
46639,1000000US170318432002027,0,0,0,0,0,0,0,0,0,0,0,0,0,0,0,0,0,0
46640,1000000US170318432002028,0,0,0,0,0,0,0,0,0,0,0,0,0,0,0,0,0,0
46641,1000000US170318432002029,0,0,0,0,0,0,0,0,0,0,0,0,0,0,0,0,0,0
46642,1000000US170318432002030,0,0,0,0,0,0,0,0,0,0,0,0,0,0,0,0,0,0
46643,1000000US170318432002031,0,0,0,0,0,0,0,0,0,0,0,0,0,0,0,0,0,0
46644,1000000US170318432002032,0,0,0,0,0,0,0,0,0,0,0,0,0,0,0,0,0,0
46645,1000000US170318432002033,0,0,0,0,0,0,0,0,0,0,0,0,0,0,0,0,0,0
46646,1000000US170318432002034,0,0,0,0,0,0,0,0,0,0,0,0,0,0,0,0,0,0
46647,1000000US170318432002035,0,0,0,0,0,0,0,0,0,0,0,0,0,0,0,0,0,0
46648,1000000US170318432002036,0,0,0,0,0,0,0,0,0,0,0,0,0,0,0,0,0,0
46649,1000000US170318432002037,0,0,0,0,0,0,0,0,0,0,0,0,0,0,0,0,0,0
46650,1000000US170318432002038,0,0,0,0,0,0,0,0,0,0,0,0,0,0,0,0,0,0
46651,1000000US170318432002039,4,0,1,0,0,0,3,1,0,3,4,0,0,0,0,4,0,0
46652,1000000US170318432002040,0,0,0,0,0,0,0,0,0,0,0,0,0,0,0,0,0,0
46653,1000000US170318432002041,0,0,0,0,0,0,0,0,0,0,0,0,0,0,0,0,0,0
46654,1000000US170318432002042,12,0,0,0,0,0,12,0,0,12,12,0,7,7,0,23,0,0
46655,1000000US170318432002043,41,1,3,0,0,0,39,2,0,39,40,3,20,16,4,66,0,2
46656,1000000US170318432002044,85,2,5,0,0,0,79,6,0,79,83,0,44,42,2,126,0,1
46657,1000000US170318432002045,8,0,0,0,3,0,5,3,0,5,8,0,9,7,2,11,0,0
46658,1000000US170318432002046,56,0,2,0,2,0,54,2,0,54,56,0,19,17,2,70,0,0
46659,1000000US170318432002047,0,0,0,0,0,0,0,0,0,0,0,0,0,0,0,0,0,0
46660,1000000US170318432002048,113,9,0,0,5,0,99,14,0,99,104,0,43,43,0,158,0,0
46661,1000000US170318432002049,85,17,2,1,0,0,67,18,0,67,68,2,36,33,3,112,0,1
46662,1000000US170318432002050,0,0,0,0,0,0,0,0,0,0,0,0,0,0,0,0,0,0
46663,1000000US170318432002051,63,29,2,0,0,0,32,31,0,32,34,0,31,25,6,77,0,0
46664,1000000US170318432002052,39,2,0,0,0,0,37,2,0,37,37,0,12,11,1,54,0,0
46665,1000000US170318432002053,96,11,9,4,2,0,78,18,0,78,85,5,38,35,3,146,4,2
46666,1000000US170318432002054,1,0,0,0,0,0,1,0,0,1,1,1,1,1,0,2,0,0
46667,1000000US170318432002055,2,0,0,0,0,0,2,0,0,2,2,0,1,1,0,4,0,0
46668,1000000US170318432002056,0,0,0,0,0,0,0,0,0,0,0,0,0,0,0,0,0,0
46669,1000000US170318432002057,44,5,4,0,1,0,39,5,0,39,39,0,26,20,6,67,0,4
46670,1000000US170318432002058,38,4,0,0,0,0,34,4,0,34,34,2,13,11,2,47,0,0
46671,1000000US170318432002059,25,0,2,3,0,0,23,2,0,23,25,5,9,9,0,32,0,0
46672,1000000US170318432002060,0,0,0,0,0,0,0,0,0,0,0,0,0,0,0,0,0,0
46673,1000000US170318432002061,0,0,0,0,0,0,0,0,0,0,0,0,0,0,0,0,0,0
46674,1000000US170318432002062,0,0,0,0,0,0,0,0,0,0,0,0,0,0,0,0,0,0
46675,1000000US170318432002063,0,0,0,0,0,0,0,0,0,0,0,0,0,0,0,0,0,0
46676,1000000US170318432002064,0,0,0,0,0,0,0,0,0,0,0,0,0,0,0,0,0,0
46677,1000000US170318432002065,0,0,0,0,0,0,0,0,0,0,0,0,0,0,0,0,0,0
46678,1000000US170318432002066,0,0,0,0,0,0,0,0,0,0,0,0,0,0,0,0,0,0
46679,1000000US170318432002067,0,0,0,0,0,0,0,0,0,0,0,0,0,0,0,0,0,0
46680,1000000US170318432002068,0,0,0,0,0,0,0,0,0,0,0,0,0,0,0,0,0,0
46681,1000000US170318432002069,0,0,0,0,0,0,0,0,0,0,0,0,0,0,0,0,0,0
46682,1000000US170318432002070,0,0,0,0,0,0,0,0,0,0,0,0,0,0,0,0,0,0
46683,1000000US170318432002071,0,0,0,0,0,0,0,0,0,0,0,0,0,0,0,0,0,0
46684,1000000US170318432002072,0,0,0,0,0,0,0,0,0,0,0,0,0,0,0,0,0,0
46685,1000000US170318432002073,0,0,0,0,0,0,0,0,0,0,0,0,0,0,0,0,0,0
46686,1000000US170318432002074,0,0,0,0,0,0,0,0,0,0,0,0,0,0,0,0,0,0
46687,1000000US170318432002075,0,0,0,0,0,0,0,0,0,0,0,0,0,0,0,0,0,0
46688,1000000US170318432002076,0,0,0,0,0,0,0,0,0,0,0,0,0,0,0,0,0,0
46689,1000000US170318432002077,0,0,0,0,0,0,0,0,0,0,0,0,0,0,0,0,0,0
46690,1000000US170318432002078,0,0,0,0,0,0,0,0,0,0,0,0,0,0,0,0,0,0
46691,1000000US170318432002079,0,0,0,0,0,0,0,0,0,0,0,0,0,0,0,0,0,0
46692,1000000US170318432002080,0,0,0,0,0,0,0,0,0,0,0,0,0,0,0,0,0,0
46693,1000000US170318432002081,0,0,0,0,0,0,0,0,0,0,0,0,0,0,0,0,0,0
46694,1000000US170318432002082,0,0,0,0,0,0,0,0,0,0,0,0,0,0,0,0,0,0
46695,1000000US170318432002083,0,0,0,0,0,0,0,0,0,0,0,0,0,0,0,0,0,0
46696,1000000US170318432002084,0,0,0,0,0,0,0,0,0,0,0,0,0,0,0,0,0,0
46697,1000000US170318432002085,0,0,0,0,0,0,0,0,0,0,0,0,0,0,0,0,0,0
46698,1000000US170318432002086,0,0,0,0,0,0,0,0,0,0,0,0,0,0,0,0,0,0
46699,1000000US170318432002087,0,0,0,0,0,0,0,0,0,0,0,0,0,0,0,0,0,0
46700,1000000US170318432002088,0,0,0,0,0,0,0,0,0,0,0,0,0,0,0,0,0,0
46701,1000000US170318432002089,0,0,0,0,0,0,0,0,0,0,0,0,0,0,0,0,0,0
46702,1000000US170318432002090,0,0,0,0,0,0,0,0,0,0,0,0,0,0,0,0,0,0
46703,1000000US170318432002091,0,0,0,0,0,0,0,0,0,0,0,0,0,0,0,0,0,0
46704,1000000US170318432002092,0,0,0,0,0,0,0,0,0,0,0,0,0,0,0,0,0,0
46705,1000000US170318432002093,0,0,0,0,0,0,0,0,0,0,0,0,0,0,0,0,0,0
46706,1000000US170318432002094,0,0,0,0,0,0,0,0,0,0,0,0,0,0,0,0,0,0
46707,1000000US170318432002095,0,0,0,0,0,0,0,0,0,0,0,0,0,0,0,0,0,0
46708,1000000US170318432002096,0,0,0,0,0,0,0,0,0,0,0,0,0,0,0,0,0,0
46709,1000000US170318432002097,0,0,0,0,0,0,0,0,0,0,0,0,0,0,0,0,0,0
46710,1000000US170318432002098,0,0,0,0,0,0,0,0,0,0,0,0,0,0,0,0,0,0
46711,1000000US170318432002099,0,0,0,0,0,0,0,0,0,0,0,0,0,0,0,0,0,0
46712,1000000US170318433001000,0,0,0,0,0,0,0,0,0,0,0,0,0,0,0,0,0,0
46713,1000000US170318433001001,0,0,0,0,0,0,0,0,0,0,0,0,0,0,0,0,0,0
46714,1000000US170318433001002,0,0,0,0,0,0,0,0,0,0,0,0,0,0,0,0,0,0
46715,1000000US170318433001003,0,0,0,0,0,0,0,0,0,0,0,0,0,0,0,0,0,0
46716,1000000US170318433001004,157,11,136,1,1,0,10,147,0,10,146,3,1,1,0,163,1,2
46717,1000000US170318433001005,0,0,0,0,0,0,0,0,0,0,0,0,0,0,0,0,0,0
46718,1000000US170318433001006,15,0,15,0,0,0,0,15,0,0,15,0,10,9,1,22,0,0
46719,1000000US170318433001007,0,0,0,0,0,0,0,0,0,0,0,0,0,0,0,0,0,0
46720,1000000US170318433001008,0,0,0,0,0,0,0,0,0,0,0,0,0,0,0,0,0,0
46721,1000000US170318433001009,0,0,0,0,0,0,0,0,0,0,0,0,0,0,0,0,0,0
46722,1000000US170318433001010,10,0,10,0,0,0,0,10,0,0,10,0,7,6,1,13,0,0
46723,1000000US170318433001011,1,0,1,0,0,0,0,1,0,0,1,0,1,1,0,1,0,0
46724,1000000US170318433001012,3,0,3,0,0,0,0,3,0,0,3,0,3,2,1,9,0,0
46725,1000000US170318433001013,49,0,45,0,2,1,2,47,0,2,49,1,32,24,8,75,0,0
46726,1000000US170318433001014,8,1,4,0,0,0,3,5,0,3,7,0,6,6,0,20,0,0
46727,1000000US170318433001015,0,0,0,0,0,0,0,0,0,0,0,0,0,0,0,0,0,0
46728,1000000US170318433001016,5,0,5,0,0,0,0,5,0,0,5,0,3,2,1,5,0,0
46729,1000000US170318433001017,0,0,0,0,0,0,0,0,0,0,0,0,0,0,0,0,0,0
46730,1000000US170318433001018,0,0,0,0,0,0,0,0,0,0,0,0,0,0,0,0,0,0
46731,1000000US170318433001019,0,0,0,0,0,0,0,0,0,0,0,0,0,0,0,0,0,0
46732,1000000US170318433001020,0,0,0,0,0,0,0,0,0,0,0,0,0,0,0,0,0,0
46733,1000000US170318433001021,14,0,14,0,0,0,0,14,0,0,14,0,7,7,0,15,0,0
46734,1000000US170318433001022,0,0,0,0,0,0,0,0,0,0,0,0,0,0,0,0,0,0
46735,1000000US170318433001023,0,0,0,0,0,0,0,0,0,0,0,0,0,0,0,0,0,0
46736,1000000US170318433001024,0,0,0,0,0,0,0,0,0,0,0,0,0,0,0,0,0,0
46737,1000000US170318433001025,0,0,0,0,0,0,0,0,0,0,0,0,0,0,0,0,0,0
46738,1000000US170318433001026,0,0,0,0,0,0,0,0,0,0,0,0,0,0,0,0,0,0
46739,1000000US170318433001027,98,0,97,0,0,0,1,97,0,1,98,0,54,38,16,140,0,0
46740,1000000US170318433001028,91,0,87,0,3,0,1,90,0,1,91,2,57,45,12,132,0,0
46741,1000000US170318433001029,112,11,95,3,0,2,5,107,0,5,101,3,103,61,42,152,2,1
46742,1000000US170318433001030,48,1,42,0,0,0,5,43,0,5,47,0,0,0,0,48,0,0
46743,1000000US170318433001031,0,0,0,0,0,0,0,0,0,0,0,0,0,0,0,0,0,0
46744,1000000US170318433001032,0,0,0,0,0,0,0,0,0,0,0,0,0,0,0,0,0,0
46745,1000000US170318433001033,0,0,0,0,0,0,0,0,0,0,0,0,0,0,0,0,0,0
46746,1000000US170318433001034,0,0,0,0,0,0,0,0,0,0,0,0,0,0,0,0,0,0
46747,1000000US170318433001035,0,0,0,0,0,0,0,0,0,0,0,0,0,0,0,0,0,0
46748,1000000US170318433001036,0,0,0,0,0,0,0,0,0,0,0,0,0,0,0,0,0,0
46749,1000000US170318433001037,11,0,0,0,0,0,11,0,0,11,11,0,4,4,0,15,0,0
46750,1000000US170318433001038,13,3,2,0,0,0,8,5,0,8,10,0,6,6,0,15,0,0
46751,1000000US170318433001039,59,0,4,0,0,0,55,4,0,55,59,0,25,22,3,80,0,0
46752,1000000US170318433001040,28,1,1,0,0,0,25,3,0,25,27,1,9,9,0,35,0,0
46753,1000000US170318433001041,9,2,3,0,0,0,4,5,0,4,7,0,8,6,2,10,0,0
46754,1000000US170318433001042,0,0,0,0,0,0,0,0,0,0,0,0,0,0,0,0,0,0
46755,1000000US170318433001043,47,0,3,2,0,0,43,4,0,43,47,0,25,22,3,73,2,0
46756,1000000US170318433001044,0,0,0,0,0,0,0,0,0,0,0,0,0,0,0,0,0,0
46757,1000000US170318433001045,5,2,0,0,0,0,3,2,0,3,3,0,2,2,0,6,0,0
46758,1000000US170318433001046,45,4,10,0,0,1,31,14,0,31,41,0,26,19,7,74,0,0
46759,1000000US170318433001047,50,2,2,3,2,0,43,7,0,43,48,3,22,22,0,74,3,0
46760,1000000US170318433001048,0,0,0,0,0,0,0,0,0,0,0,0,0,0,0,0,0,0
46761,1000000US170318433001049,35,2,9,0,0,0,26,9,0,26,33,0,18,15,3,51,0,2
46762,1000000US170318434001000,1,0,1,0,0,0,0,1,0,0,1,0,1,1,0,2,0,0
46763,1000000US170318434001001,0,0,0,0,0,0,0,0,0,0,0,0,0,0,0,0,0,0
46764,1000000US170318434001002,0,0,0,0,0,0,0,0,0,0,0,0,0,0,0,0,0,0
46765,1000000US170318434001003,0,0,0,0,0,0,0,0,0,0,0,0,0,0,0,0,0,0
46766,1000000US170318434001004,41,0,39,0,0,0,2,39,0,2,41,0,26,23,3,54,0,0
46767,1000000US170318434001005,66,0,66,0,0,0,0,66,0,0,66,0,43,32,11,74,0,0
46768,1000000US170318434001006,0,0,0,0,0,0,0,0,0,0,0,0,0,0,0,0,0,0
46769,1000000US170318434001007,10,0,9,1,0,0,0,10,0,0,10,0,9,9,0,12,1,0
46770,1000000US170318434001008,4,0,0,0,0,0,4,0,0,4,4,0,3,1,2,8,0,0
46771,1000000US170318434001009,8,0,8,0,0,0,0,8,0,0,8,0,7,5,2,10,0,0
46772,1000000US170318434001010,0,0,0,0,0,0,0,0,0,0,0,0,0,0,0,0,0,0
46773,1000000US170318434001011,0,0,0,0,0,0,0,0,0,0,0,0,0,0,0,0,0,0
46774,1000000US170318434001012,0,0,0,0,0,0,0,0,0,0,0,0,0,0,0,0,0,0
46775,1000000US170318434001013,0,0,0,0,0,0,0,0,0,0,0,0,0,0,0,0,0,0
46776,1000000US170318434001014,121,0,93,1,0,0,28,93,0,28,121,0,52,46,6,171,1,0
46777,1000000US170318434001015,16,1,8,3,0,1,4,12,0,4,15,0,12,8,4,18,3,0
46778,1000000US170318434001016,62,0,54,1,0,0,9,53,0,9,62,0,34,27,7,72,1,1
46779,1000000US170318434001017,2,0,2,0,0,0,0,2,0,0,2,0,1,1,0,3,0,0
46780,1000000US170318434001018,88,0,85,1,0,0,2,86,0,2,88,0,39,37,2,110,1,0
46781,1000000US170318434001019,37,0,33,0,0,0,4,33,0,4,37,0,17,16,1,46,0,0
46782,1000000US170318434001020,59,0,55,7,0,0,2,57,0,2,59,5,32,23,9,74,7,0
46783,1000000US170318434001021,31,0,31,0,0,0,0,31,0,0,31,0,13,13,0,34,0,0
46784,1000000US170318434001022,95,0,93,2,0,0,2,93,0,2,95,2,54,47,7,128,2,0
46785,1000000US170318434001023,35,0,35,0,0,0,4,31,0,4,35,0,26,19,7,50,0,4
46786,1000000US170318434001024,1,0,1,0,0,0,0,1,0,0,1,0,3,1,2,1,0,0
46787,1000000US170318434001025,0,0,0,0,0,0,0,0,0,0,0,0,0,0,0,0,0,0
46788,1000000US170318434001026,0,0,0,0,0,0,0,0,0,0,0,0,0,0,0,0,0,0
46789,1000000US170318434001027,45,4,41,0,0,0,0,45,0,0,41,0,19,18,1,52,0,0
46790,1000000US170318434001028,40,0,38,0,0,0,4,36,0,4,40,0,16,16,0,66,0,2
46791,1000000US170318434001029,41,0,41,0,0,0,0,41,0,0,41,0,29,20,9,59,0,0
46792,1000000US170318434001030,79,0,79,0,0,0,1,78,0,1,79,0,40,35,5,104,0,1
46793,1000000US170318434001031,8,0,8,0,0,0,0,8,0,0,8,0,5,4,1,9,0,0
46794,1000000US170318434001032,0,0,0,0,0,0,0,0,0,0,0,0,0,0,0,0,0,0
46795,1000000US170318434001033,12,0,8,0,0,0,4,8,0,4,12,0,11,6,5,16,0,0
46796,1000000US170318434001034,22,0,20,0,0,0,2,20,0,2,22,0,14,10,4,27,0,0
46797,1000000US170318434001035,5,0,3,1,0,0,1,4,0,1,5,1,8,3,5,14,0,0
46798,1000000US170318434001036,20,0,14,0,0,0,6,14,0,6,20,0,11,8,3,26,0,0
46799,1000000US170318434001037,16,1,15,0,0,0,0,16,0,0,15,0,7,6,1,24,0,0
46800,1000000US170318434001038,0,0,0,0,0,0,0,0,0,0,0,0,0,0,0,0,0,0
46801,1000000US170318434001039,4,0,4,0,0,0,0,4,0,0,4,0,3,2,1,4,0,0
46802,1000000US170318434001040,0,0,0,0,0,0,0,0,0,0,0,0,0,0,0,0,0,0
46803,1000000US170318434001041,17,0,17,0,0,0,0,17,0,0,17,0,8,8,0,25,0,0
46804,1000000US170318434001042,55,0,55,0,0,0,0,55,0,0,55,0,32,28,4,93,0,0
46805,1000000US170318434001043,53,0,50,0,0,0,10,43,0,10,53,0,41,27,14,65,0,7
46806,1000000US170318434001044,0,0,0,0,0,0,0,0,0,0,0,0,0,0,0,0,0,0
46807,1000000US170318435001000,155,11,119,0,0,0,27,128,0,27,144,4,2,2,0,167,0,2
46808,1000000US170318435001001,0,0,0,0,0,0,0,0,0,0,0,0,0,0,0,0,0,0
46809,1000000US170318435001002,0,0,0,0,0,0,0,0,0,0,0,0,0,0,0,0,0,0
46810,1000000US170318435001003,304,69,209,0,0,1,25,279,0,25,235,1,0,0,0,304,0,0
46811,1000000US170318435001004,5,1,1,1,1,0,1,4,0,1,4,1,0,0,0,6,0,0
46812,1000000US170318435001005,0,0,0,0,0,0,0,0,0,0,0,0,0,0,0,0,0,0
46813,1000000US170318435001006,0,0,0,0,0,0,0,0,0,0,0,0,0,0,0,0,0,0
46814,1000000US170318435001007,0,0,0,0,0,0,0,0,0,0,0,0,0,0,0,0,0,0
46815,1000000US170318435001008,0,0,0,0,0,0,0,0,0,0,0,0,0,0,0,0,0,0
46816,1000000US170318435001009,0,0,0,0,0,0,0,0,0,0,0,0,0,0,0,0,0,0
46817,1000000US170318435001010,0,0,0,0,0,0,0,0,0,0,0,0,0,0,0,0,0,0
46818,1000000US170318435001011,0,0,0,0,0,0,0,0,0,0,0,0,0,0,0,0,0,0
46819,1000000US170318435001012,0,0,0,0,0,0,0,0,0,0,0,0,0,0,0,0,0,0
46820,1000000US170318435001013,0,0,0,0,0,0,0,0,0,0,0,0,0,0,0,0,0,0
46821,1000000US170318435001014,0,0,0,0,0,0,0,0,0,0,0,0,0,0,0,0,0,0
46822,1000000US170318435001015,0,0,0,0,0,0,0,0,0,0,0,0,0,0,0,0,0,0
46823,1000000US170318435001016,0,0,0,0,0,0,0,0,0,0,0,0,0,0,0,0,0,0
46824,1000000US170318435001017,0,0,0,0,0,0,0,0,0,0,0,0,0,0,0,0,0,0
46825,1000000US170318435001018,58,1,3,10,0,0,54,4,0,54,57,2,27,26,1,94,10,3
46826,1000000US170318435001019,12,1,0,2,0,0,9,3,0,9,11,0,6,4,2,12,2,0
46827,1000000US170318435001020,0,0,0,0,0,0,0,0,0,0,0,0,1,0,1,0,0,0
46828,1000000US170318435001021,3,0,0,1,0,0,3,0,0,3,3,1,4,1,3,5,1,0
46829,1000000US170318435001022,21,0,0,0,0,0,21,0,0,21,21,1,9,8,1,26,0,0
46830,1000000US170318435001023,9604,1402,7070,5,21,0,1143,8461,0,1143,8202,15,0,0,0,9798,5,33
46831,1000000US170318435001024,2,0,2,0,0,0,0,2,0,0,2,0,0,0,0,2,0,0
46832,1000000US170318435001025,0,0,0,0,0,0,0,0,0,0,0,0,0,0,0,0,0,0
46833,1000000US170318435001026,81,2,0,1,1,0,79,2,0,79,79,4,37,29,8,139,1,0
46834,1000000US170318435001027,83,1,0,1,0,0,81,2,0,81,82,0,33,28,5,119,1,0
46835,1000000US170318435001028,70,3,0,0,1,0,66,4,0,66,67,0,29,24,5,104,0,0
46836,1000000US170318435001029,92,3,3,0,0,0,87,5,0,87,89,2,40,36,4,130,0,1
46837,1000000US170318435001030,28,0,0,1,0,0,28,0,0,28,28,3,13,12,1,38,1,0
46838,1000000US170318435001031,0,0,0,0,0,0,0,0,0,0,0,0,0,0,0,0,0,0
46839,1000000US170318435001032,0,0,0,0,0,0,0,0,0,0,0,0,0,0,0,0,0,0
46840,1000000US170318435001033,29,0,0,0,0,0,29,0,0,29,29,0,19,15,4,34,0,0
46841,1000000US170318435001034,11,0,4,0,0,0,7,4,0,7,11,0,7,5,2,16,0,0
46842,1000000US170318435001035,55,0,0,0,0,0,55,0,0,55,55,3,25,24,1,76,0,0
46843,1000000US170318435001036,91,0,4,2,0,0,87,4,0,87,91,3,34,30,4,121,0,0
46844,1000000US170318435001037,24,2,0,0,0,0,22,2,0,22,22,0,12,11,1,30,0,0
46845,1000000US170318435001038,59,0,6,0,0,0,56,3,0,56,59,0,31,23,8,88,0,3
46846,1000000US170318435001039,0,0,0,0,0,0,0,0,0,0,0,0,0,0,0,0,0,0
46847,1000000US170318435001040,0,0,0,0,0,0,0,0,0,0,0,0,0,0,0,0,0,0
46848,1000000US170318435001041,0,0,0,0,0,0,0,0,0,0,0,0,0,0,0,0,0,0
46849,1000000US170318435001042,0,0,0,0,0,0,0,0,0,0,0,0,0,0,0,0,0,0
46850,1000000US170318435001043,0,0,0,0,0,0,0,0,0,0,0,0,0,0,0,0,0,0
46851,1000000US170318435001044,0,0,0,0,0,0,0,0,0,0,0,0,0,0,0,0,0,0
46852,1000000US170318435001045,0,0,0,0,0,0,0,0,0,0,0,0,0,0,0,0,0,0
46853,1000000US170318435001046,0,0,0,0,0,0,0,0,0,0,0,0,0,0,0,0,0,0
46854,1000000US170318435001047,0,0,0,0,0,0,0,0,0,0,0,0,0,0,0,0,0,0
46855,1000000US170318435001048,0,0,0,0,0,0,0,0,0,0,0,0,0,0,0,0,0,0
46856,1000000US170318435001049,0,0,0,0,0,0,0,0,0,0,0,0,0,0,0,0,0,0
46857,1000000US170318435001050,0,0,0,0,0,0,0,0,0,0,0,0,0,0,0,0,0,0
46858,1000000US170318436001000,0,0,0,0,0,0,0,0,0,0,0,0,0,0,0,0,0,0
46859,1000000US170318436001001,0,0,0,0,0,0,0,0,0,0,0,0,0,0,0,0,0,0
46860,1000000US170318436001002,0,0,0,0,0,0,0,0,0,0,0,0,0,0,0,0,0,0
46861,1000000US170318436001003,5,0,5,0,0,0,0,5,0,0,5,0,6,4,2,6,0,0
46862,1000000US170318436001004,50,0,49,0,1,0,0,50,0,0,50,3,28,27,1,66,0,0
46863,1000000US170318436001005,46,1,42,1,0,0,3,43,0,3,45,4,37,26,11,75,1,0
46864,1000000US170318436001006,50,5,44,0,1,0,0,50,0,0,45,0,34,32,2,69,0,0
46865,1000000US170318436001007,62,2,60,0,0,0,0,62,0,0,60,0,42,40,2,87,0,0
46866,1000000US170318436001008,81,3,78,0,0,0,2,79,0,2,78,0,46,44,2,100,0,2
46867,1000000US170318436001009,0,0,0,0,0,0,0,0,0,0,0,0,0,0,0,0,0,0
46868,1000000US170318436001010,68,6,59,0,0,0,4,64,0,4,62,6,49,37,12,92,0,1
46869,1000000US170318436001011,80,0,80,0,0,0,0,80,0,0,80,3,73,51,22,101,0,0
46870,1000000US170318436001012,113,1,112,1,2,0,2,111,0,2,112,3,77,59,18,153,0,2
46871,1000000US170318436001013,0,0,0,0,0,0,0,0,0,0,0,0,0,0,0,0,0,0
46872,1000000US170318436001014,8,0,8,0,0,0,0,8,0,0,8,0,6,6,0,14,0,0
46873,1000000US170318436001015,50,0,49,1,0,0,0,50,0,0,50,0,30,27,3,80,1,0
46874,1000000US170318436001016,229,12,206,1,2,0,10,219,0,10,217,5,159,125,34,338,0,2
46875,1000000US170318436001017,36,0,36,0,0,0,0,36,0,0,36,0,29,24,5,40,0,0
46876,1000000US170318436001018,88,0,87,0,1,0,0,88,0,0,88,0,38,38,0,134,0,0
46877,1000000US170318436002000,4,0,4,0,0,0,0,4,0,0,4,0,1,1,0,5,0,0
46878,1000000US170318436002001,79,0,79,0,0,0,0,79,0,0,79,0,45,34,11,118,0,0
46879,1000000US170318436002002,38,0,38,0,0,0,0,38,0,0,38,0,29,16,13,57,0,0
46880,1000000US170318436002003,29,0,29,0,0,0,0,29,0,0,29,0,20,15,5,47,0,0
46881,1000000US170318436002004,30,1,28,0,0,0,2,28,0,2,29,0,22,19,3,48,0,1
46882,1000000US170318436002005,0,0,0,0,0,0,0,0,0,0,0,0,0,0,0,0,0,0
46883,1000000US170318436002006,8,1,7,0,0,0,0,8,0,0,7,0,3,3,0,14,0,0
46884,1000000US170318436002007,11,0,10,0,0,0,1,10,0,1,11,0,9,8,1,15,0,0
46885,1000000US170318436002008,0,0,0,0,0,0,0,0,0,0,0,0,0,0,0,0,0,0
46886,1000000US170318436002009,0,0,0,0,0,0,0,0,0,0,0,0,0,0,0,0,0,0
46887,1000000US170318436002010,0,0,0,0,0,0,0,0,0,0,0,0,0,0,0,0,0,0
46888,1000000US170318436002011,1,0,1,0,0,0,0,1,0,0,1,0,3,1,2,5,0,0
46889,1000000US170318436002012,25,3,22,0,0,0,0,25,0,0,22,0,18,14,4,40,0,0
46890,1000000US170318436002013,7,0,7,0,0,0,0,7,0,0,7,0,2,2,0,8,0,0
46891,1000000US170318436002014,40,0,40,1,0,0,0,40,0,0,40,3,25,21,4,52,1,0
46892,1000000US170318436002015,64,0,64,1,0,0,0,64,0,0,64,1,37,36,1,89,0,0
46893,1000000US170318436002016,44,2,41,0,1,0,0,44,0,0,42,1,23,22,1,59,0,0
46894,1000000US170318436002017,65,0,64,5,0,0,0,65,0,0,65,4,43,32,11,76,5,0
46895,1000000US170318436002018,55,2,53,0,0,0,0,55,0,0,53,0,36,34,2,82,0,0
46896,1000000US170318436002019,51,2,46,0,0,0,4,47,0,4,49,0,34,28,6,70,0,1
46897,1000000US170318436002020,76,0,76,0,0,0,0,76,0,0,76,2,52,43,9,107,0,0
46898,1000000US170318436002021,49,1,47,0,0,0,1,48,0,1,48,0,32,26,6,70,0,0
46899,1000000US170318436002022,195,2,190,1,0,0,4,191,0,4,193,4,190,162,28,217,1,2
46900,1000000US170318436002023,83,0,81,0,1,0,2,81,0,2,83,1,58,46,12,127,0,1
46901,1000000US170318436002024,45,3,39,1,2,0,0,45,0,0,42,2,31,25,6,62,0,0
46902,1000000US170318436002025,67,1,66,0,0,0,0,67,0,0,66,0,42,41,1,84,0,0
46903,1000000US170318437001000,0,0,0,0,0,0,0,0,0,0,0,0,0,0,0,0,0,0
46904,1000000US170318437001001,0,0,0,0,0,0,0,0,0,0,0,0,0,0,0,0,0,0
46905,1000000US170318437001002,78,68,4,0,3,0,3,75,0,3,10,1,37,37,0,151,0,0
46906,1000000US170318437001003,33,16,0,1,5,3,12,21,0,12,17,4,20,18,2,46,0,0
46907,1000000US170318437001004,29,24,0,0,2,0,3,26,0,3,5,0,14,14,0,33,0,0
46908,1000000US170318437001005,17,13,0,0,1,0,3,14,0,3,4,0,12,12,0,17,0,0
46909,1000000US170318437001006,39,19,0,0,5,0,15,24,0,15,20,0,17,17,0,46,0,0
46910,1000000US170318437001007,32,9,0,0,2,0,21,11,0,21,23,0,15,15,0,41,0,0
46911,1000000US170318437001008,53,41,1,1,3,0,7,46,0,7,12,3,26,24,2,79,0,0
46912,1000000US170318437001009,26,23,0,0,1,0,2,24,0,2,3,0,14,14,0,43,0,0
46913,1000000US170318437001010,34,24,0,0,3,0,7,27,0,7,10,0,21,20,1,45,0,0
46914,1000000US170318437001011,49,46,1,0,1,0,1,48,0,1,3,0,24,24,0,100,0,0
46915,1000000US170318437001012,42,36,3,0,1,0,2,40,0,2,6,0,26,24,2,61,0,0
46916,1000000US170318437001013,27,17,0,1,0,0,9,18,0,9,10,0,14,13,1,40,1,0
46917,1000000US170318437001014,33,22,2,0,2,0,7,26,0,7,11,0,24,22,2,37,0,0
46918,1000000US170318437001015,2,1,0,0,0,0,1,1,0,1,1,0,1,1,0,2,0,0
46919,1000000US170318437001016,11,8,3,2,0,0,2,9,0,2,3,2,7,6,1,17,0,2
46920,1000000US170318437001017,47,30,2,3,3,0,10,37,0,10,17,1,30,28,2,56,3,1
46921,1000000US170318437001018,0,0,0,0,0,0,0,0,0,0,0,0,0,0,0,0,0,0
46922,1000000US170318437001019,0,0,0,0,0,0,0,0,0,0,0,0,0,0,0,0,0,0
46923,1000000US170318437001020,101,59,18,2,3,1,19,82,0,19,42,0,99,97,2,103,2,1
46924,1000000US170318437001021,0,0,0,0,0,0,0,0,0,0,0,0,0,0,0,0,0,0
46925,1000000US170318437001022,0,0,0,0,0,0,0,0,0,0,0,0,0,0,0,0,0,0
46926,1000000US170318437001023,2,1,0,1,0,0,0,2,0,0,1,0,1,1,0,2,1,0
46927,1000000US170318437001024,0,0,0,0,0,0,0,0,0,0,0,0,0,0,0,0,0,0
46928,1000000US170318437001025,0,0,0,0,0,0,0,0,0,0,0,0,0,0,0,0,0,0
46929,1000000US170318437002000,50,25,3,0,4,0,18,32,0,18,25,0,36,26,10,57,0,0
46930,1000000US170318437002001,43,42,0,0,1,0,0,43,0,0,1,0,31,29,2,50,0,0
46931,1000000US170318437002002,21,4,4,0,2,0,11,10,0,11,17,0,10,10,0,27,0,0
46932,1000000US170318437002003,18,10,3,1,0,0,6,12,0,6,8,0,11,11,0,22,1,2
46933,1000000US170318437002004,6,5,1,0,0,0,0,6,0,0,1,0,7,4,3,8,0,0
46934,1000000US170318437002005,20,14,2,0,0,0,5,15,0,5,6,0,10,10,0,26,0,1
46935,1000000US170318437002006,13,8,0,0,0,0,5,8,0,5,5,0,8,6,2,14,0,0
46936,1000000US170318437002007,5,1,0,1,0,0,3,2,0,3,4,1,2,2,0,5,0,0
46937,1000000US170318437002008,18,17,0,0,0,0,1,17,0,1,1,0,15,12,3,22,0,0
46938,1000000US170318437002009,46,28,7,0,0,0,13,33,0,13,18,0,27,27,0,53,0,2
46939,1000000US170318437002010,59,53,0,0,4,0,2,57,0,2,6,0,36,34,2,67,0,0
46940,1000000US170318437002011,73,46,2,1,2,0,22,51,0,22,27,3,48,44,4,95,0,0
46941,1000000US170318437002012,123,79,2,0,5,0,37,86,0,37,44,3,66,59,7,133,0,0
46942,1000000US170318437002013,59,26,9,0,3,0,20,39,0,20,33,0,29,29,0,76,0,0
46943,1000000US170318437002014,25,15,2,0,0,0,8,17,0,8,10,0,13,11,2,33,0,0
46944,1000000US170318437002015,14,14,0,0,0,0,0,14,0,0,0,0,8,8,0,22,0,0
46945,1000000US170318437002016,30,25,0,0,2,0,3,27,0,3,5,0,18,18,0,38,0,0
46946,1000000US170318437002017,28,23,2,0,0,0,3,25,0,3,5,0,18,15,3,36,0,0
46947,1000000US170318437002018,31,20,4,0,0,0,7,24,0,7,11,0,16,15,1,37,0,0
46948,1000000US170318437002019,32,18,7,2,1,0,7,25,0,7,14,3,20,17,3,35,0,1
46949,1000000US170318437002020,11,11,0,0,0,0,0,11,0,0,0,0,8,7,1,11,0,0
46950,1000000US170318437002021,42,31,1,0,3,0,9,33,0,9,11,3,26,23,3,54,0,1
46951,1000000US170318437002022,3,2,0,0,0,0,1,2,0,1,1,0,4,3,1,3,0,0
46952,1000000US170318437002023,29,24,4,0,0,0,1,28,0,1,5,2,17,16,1,32,0,0
46953,1000000US170318437002024,11,10,0,0,1,0,0,11,0,0,1,0,6,6,0,16,0,0
46954,1000000US170318437002025,39,16,1,4,5,0,17,22,0,17,23,0,18,18,0,55,4,0
46955,1000000US170318437002026,28,19,0,0,2,0,7,21,0,7,9,0,17,14,3,35,0,0
46956,1000000US170318437002027,4,1,1,0,2,0,0,4,0,0,3,0,3,2,1,8,0,0
46957,1000000US170318437002028,0,0,0,0,0,0,0,0,0,0,0,0,0,0,0,0,0,0
46958,1000000US170318437002029,17,9,0,0,0,0,8,9,0,8,8,0,9,9,0,20,0,0
46959,1000000US170318437002030,0,0,0,0,0,0,0,0,0,0,0,0,0,0,0,0,0,0
46960,1000000US170318437002031,0,0,0,0,0,0,0,0,0,0,0,0,0,0,0,0,0,0
46961,1000000US170318437002032,24,10,0,1,3,0,11,13,0,11,14,0,13,11,2,31,1,0
46962,1000000US170318437002033,0,0,0,0,0,0,0,0,0,0,0,0,0,0,0,0,0,0
46963,1000000US170318437002034,52,25,2,0,1,0,24,28,0,24,27,0,35,29,6,62,0,0
46964,1000000US170318437002035,14,11,0,0,3,0,0,14,0,0,3,0,12,8,4,15,0,0
46965,1000000US170318438001000,0,0,0,0,0,0,0,0,0,0,0,0,0,0,0,0,0,0
46966,1000000US170318438001001,0,0,0,0,0,0,0,0,0,0,0,0,0,0,0,0,0,0
46967,1000000US170318438001002,0,0,0,0,0,0,0,0,0,0,0,0,0,0,0,0,0,0
46968,1000000US170318438001003,0,0,0,0,0,0,0,0,0,0,0,0,0,0,0,0,0,0
46969,1000000US170318438001004,5,2,0,0,3,0,0,5,0,0,3,0,3,2,1,6,0,0
46970,1000000US170318438001005,2,0,0,0,2,0,0,2,0,0,2,0,3,1,2,6,0,0
46971,1000000US170318438001006,0,0,0,0,0,0,0,0,0,0,0,0,0,0,0,0,0,0
46972,1000000US170318438001007,0,0,0,0,0,0,0,0,0,0,0,0,0,0,0,0,0,0
46973,1000000US170318438001008,56,43,2,0,2,0,9,47,0,9,13,0,34,24,10,71,0,0
46974,1000000US170318438001009,13,5,2,0,0,0,6,7,0,6,8,0,7,5,2,18,0,0
46975,1000000US170318438001010,3,2,0,1,0,0,0,3,0,0,1,0,2,2,0,5,1,0
46976,1000000US170318438001011,43,37,0,0,1,0,5,38,0,5,6,1,21,21,0,57,0,0
46977,1000000US170318438001012,21,8,7,0,0,0,6,15,0,6,13,0,24,9,15,29,0,0
46978,1000000US170318438001013,7,1,1,0,1,0,4,3,0,4,6,1,7,5,2,13,0,0
46979,1000000US170318438001014,11,1,8,0,0,0,2,9,0,2,10,1,9,6,3,15,0,0
46980,1000000US170318438001015,35,18,5,0,0,0,12,23,0,12,17,0,17,15,2,43,0,0
46981,1000000US170318438001016,18,3,9,0,0,0,13,5,0,13,15,0,6,5,1,27,0,7
46982,1000000US170318438001017,0,0,0,0,0,0,0,0,0,0,0,0,1,0,1,0,0,0
46983,1000000US170318438001018,11,0,5,0,0,0,6,5,0,6,11,0,12,5,7,14,0,0
46984,1000000US170318438001019,36,23,1,0,0,0,11,25,0,11,13,1,19,18,1,55,0,0
46985,1000000US170318438001020,4,0,0,0,4,0,0,4,0,0,4,0,2,2,0,6,0,0
46986,1000000US170318438001021,31,15,4,0,2,0,10,21,0,10,16,0,18,16,2,45,0,0
46987,1000000US170318438001022,35,29,2,0,4,0,0,35,0,0,6,2,20,19,1,39,0,0
46988,1000000US170318438001023,22,18,1,0,0,0,3,19,0,3,4,1,11,11,0,31,0,0
46989,1000000US170318438001024,19,17,0,0,0,0,2,17,0,2,2,0,10,8,2,29,0,0
46990,1000000US170318438001025,31,20,5,4,0,0,6,25,0,6,11,4,13,11,2,55,0,0
46991,1000000US170318438001026,34,24,1,0,0,0,9,25,0,9,10,0,15,15,0,45,0,0
46992,1000000US170318438001027,25,7,0,4,6,0,12,13,0,12,18,0,13,12,1,33,4,0
46993,1000000US170318438001028,14,13,0,0,0,0,1,13,0,1,1,0,10,5,5,17,0,0
46994,1000000US170318438001029,38,18,0,0,2,0,18,20,0,18,20,0,20,18,2,53,0,0
46995,1000000US170318438001030,11,7,2,0,0,0,2,9,0,2,4,0,5,5,0,14,0,0
46996,1000000US170318438001031,50,25,2,0,3,0,19,31,0,19,25,1,27,23,4,71,0,0
46997,1000000US170318438001032,9,6,0,0,0,0,3,6,0,3,3,0,7,5,2,14,0,0
46998,1000000US170318438001033,16,5,0,0,9,0,2,14,0,2,11,0,7,7,0,24,0,0
46999,1000000US170318438001034,33,0,1,0,28,0,4,29,0,4,33,0,11,11,0,37,0,0
47000,1000000US170318438001035,5,0,0,0,2,0,3,2,0,3,5,0,7,3,4,8,0,0
47001,1000000US170318438001036,0,0,0,0,0,0,0,0,0,0,0,0,0,0,0,0,0,0
47002,1000000US170318438001037,0,0,0,0,0,0,0,0,0,0,0,0,0,0,0,0,0,0
47003,1000000US170318438001038,0,0,0,0,0,0,0,0,0,0,0,0,0,0,0,0,0,0
47004,1000000US170318438001039,0,0,0,0,0,0,0,0,0,0,0,0,0,0,0,0,0,0
47005,1000000US170318438001040,25,1,21,0,0,0,3,22,0,3,24,0,19,10,9,34,0,0
47006,1000000US170318438001041,34,6,24,2,0,0,2,32,0,2,28,0,22,17,5,51,2,0
47007,1000000US170318438001042,18,3,2,0,10,0,3,15,0,3,15,0,10,8,2,27,0,0
47008,1000000US170318438001043,2,0,1,0,1,0,0,2,0,0,2,0,3,2,1,2,0,0
47009,1000000US170318438001044,0,0,0,0,0,0,0,0,0,0,0,0,0,0,0,0,0,0
47010,1000000US170318438001045,9,0,7,0,0,0,2,7,0,2,9,0,13,4,9,13,0,0
47011,1000000US170318438001046,36,5,28,0,0,0,3,33,0,3,31,0,13,12,1,46,0,0
47012,1000000US170318438001047,1,0,0,0,0,0,1,0,0,1,1,0,1,1,0,1,0,0
47013,1000000US170318438001048,17,3,10,0,0,0,4,13,0,4,14,0,9,7,2,32,0,0
47014,1000000US170318438001049,14,0,14,0,0,0,0,14,0,0,14,0,12,6,6,22,0,0
47015,1000000US170318438001050,0,0,0,0,0,0,0,0,0,0,0,0,0,0,0,0,0,0
47016,1000000US170318438002000,0,0,0,0,0,0,0,0,0,0,0,0,0,0,0,0,0,0
47017,1000000US170318438002001,0,0,0,0,0,0,0,0,0,0,0,0,0,0,0,0,0,0
47018,1000000US170318438002002,0,0,0,0,0,0,0,0,0,0,0,0,0,0,0,0,0,0
47019,1000000US170318438002003,47,0,27,1,0,0,22,25,0,22,47,0,21,20,1,76,1,3
47020,1000000US170318438002004,42,0,42,0,0,0,0,42,0,0,42,2,14,14,0,59,0,0
47021,1000000US170318438002005,13,0,10,0,0,0,3,10,0,3,13,2,13,9,4,24,0,0
47022,1000000US170318438002006,38,0,38,0,0,0,0,38,0,0,38,0,19,19,0,60,0,0
47023,1000000US170318438002007,29,0,29,0,0,0,0,29,0,0,29,0,11,8,3,36,0,0
47024,1000000US170318438002008,25,3,20,0,0,0,2,23,0,2,22,0,12,8,4,34,0,0
47025,1000000US170318438002009,6,0,6,0,0,0,0,6,0,0,6,0,2,2,0,10,0,0
47026,1000000US170318438002010,4,0,4,0,0,0,0,4,0,0,4,0,7,4,3,8,0,0
47027,1000000US170318438002011,14,0,9,0,3,0,2,12,0,2,14,0,9,5,4,15,0,0
47028,1000000US170318438002012,21,0,16,5,0,0,5,16,0,5,21,0,16,10,6,31,5,0
47029,1000000US170318438002013,22,0,22,0,0,0,0,22,0,0,22,0,16,13,3,29,0,0
47030,1000000US170318438002014,3,0,3,0,0,0,0,3,0,0,3,0,4,2,2,6,0,0
47031,1000000US170318438002015,34,1,33,0,0,0,0,34,0,0,33,0,14,13,1,43,0,0
47032,1000000US170318438002016,0,0,0,0,0,0,0,0,0,0,0,0,0,0,0,0,0,0
47033,1000000US170318438002017,56,0,50,0,4,0,6,50,0,6,56,1,20,20,0,89,0,0
47034,1000000US170318438002018,45,0,39,1,0,0,5,40,0,5,45,2,20,18,2,56,1,0
47035,1000000US170318438002019,12,0,6,0,0,0,6,6,0,6,12,0,4,4,0,14,0,0
47036,1000000US170318438002020,0,0,0,0,0,0,0,0,0,0,0,0,0,0,0,0,0,0
47037,1000000US170318438002021,0,0,0,0,0,0,0,0,0,0,0,0,0,0,0,0,0,0
47038,1000000US170318438002022,20,1,19,0,2,0,0,20,0,0,19,2,9,9,0,25,0,0
47039,1000000US170318438002023,0,0,0,0,0,0,0,0,0,0,0,0,0,0,0,0,0,0
47040,1000000US170318438002024,28,0,28,0,0,0,1,27,0,1,28,0,13,11,2,36,0,1
47041,1000000US170318438002025,17,0,14,2,0,0,1,16,0,1,17,0,13,9,4,30,2,0
47042,1000000US170318438002026,32,2,29,0,0,0,1,31,0,1,30,0,26,14,12,39,0,0
47043,1000000US170318438002027,17,0,17,0,0,0,0,17,0,0,17,2,7,6,1,21,0,0
47044,1000000US170318438002028,3,0,3,0,0,0,0,3,0,0,3,0,2,2,0,3,0,0
47045,1000000US170318438002029,5,0,4,0,0,0,1,4,0,1,5,0,12,4,8,8,0,0
47046,1000000US170318438002030,0,0,0,0,0,0,0,0,0,0,0,0,0,0,0,0,0,0
47047,1000000US170318438002031,16,0,16,0,0,0,0,16,0,0,16,0,13,7,6,19,0,0
47048,1000000US170318438002032,0,0,0,0,0,0,0,0,0,0,0,0,0,0,0,0,0,0
47049,1000000US170318438002033,11,0,11,0,0,0,0,11,0,0,11,0,12,5,7,22,0,0
47050,1000000US170318438002034,3,0,3,0,0,0,0,3,0,0,3,0,5,2,3,5,0,0
47051,1000000US170318438002035,3,0,0,0,0,0,3,0,0,3,3,0,8,1,7,3,0,0
47052,1000000US170318438002036,36,0,36,0,0,0,1,35,0,1,36,1,40,14,26,58,0,1
47053,1000000US170318438002037,33,4,29,0,0,0,0,33,0,0,29,0,13,11,2,41,0,0
47054,1000000US170318438002038,31,0,31,0,0,0,0,31,0,0,31,0,12,12,0,45,0,0
47055,1000000US170318438002039,20,0,15,0,0,0,5,15,0,5,20,0,8,8,0,31,0,0
47056,1000000US170318438002040,19,0,19,0,0,0,0,19,0,0,19,0,21,11,10,26,0,0
47057,1000000US170318439001000,0,0,0,0,0,0,0,0,0,0,0,0,0,0,0,0,0,0
47058,1000000US170318439001001,0,0,0,0,0,0,0,0,0,0,0,0,0,0,0,0,0,0
47059,1000000US170318439001002,0,0,0,0,0,0,0,0,0,0,0,0,0,0,0,0,0,0
47060,1000000US170318439001003,0,0,0,0,0,0,0,0,0,0,0,0,0,0,0,0,0,0
47061,1000000US170318439001004,0,0,0,0,0,0,0,0,0,0,0,0,0,0,0,0,0,0
47062,1000000US170318439001005,0,0,0,0,0,0,0,0,0,0,0,0,0,0,0,0,0,0
47063,1000000US170318439001006,0,0,0,0,0,0,0,0,0,0,0,0,0,0,0,0,0,0
47064,1000000US170318439001007,0,0,0,0,0,0,0,0,0,0,0,0,0,0,0,0,0,0
47065,1000000US170318439001008,0,0,0,0,0,0,0,0,0,0,0,0,0,0,0,0,0,0
47066,1000000US170318439001009,1,0,1,0,0,0,0,1,0,0,1,0,1,1,0,1,0,0
47067,1000000US170318439001010,0,0,0,0,0,0,0,0,0,0,0,0,0,0,0,0,0,0
47068,1000000US170318439001011,0,0,0,0,0,0,0,0,0,0,0,0,0,0,0,0,0,0
47069,1000000US170318439001012,0,0,0,0,0,0,0,0,0,0,0,0,0,0,0,0,0,0
47070,1000000US170318439001013,0,0,0,0,0,0,0,0,0,0,0,0,0,0,0,0,0,0
47071,1000000US170318439001014,0,0,0,0,0,0,0,0,0,0,0,0,0,0,0,0,0,0
47072,1000000US170318439001015,0,0,0,0,0,0,0,0,0,0,0,0,0,0,0,0,0,0
47073,1000000US170318439001016,0,0,0,0,0,0,0,0,0,0,0,0,0,0,0,0,0,0
47074,1000000US170318439001017,0,0,0,0,0,0,0,0,0,0,0,0,0,0,0,0,0,0
47075,1000000US170318439001018,0,0,0,0,0,0,0,0,0,0,0,0,0,0,0,0,0,0
47076,1000000US170318439001019,0,0,0,0,0,0,0,0,0,0,0,0,0,0,0,0,0,0
47077,1000000US170318439001020,0,0,0,0,0,0,0,0,0,0,0,0,0,0,0,0,0,0
47078,1000000US170318439001021,352,3,345,0,3,0,5,347,0,5,349,0,266,234,32,461,0,2
47079,1000000US170318439001022,83,4,77,4,0,0,1,82,0,1,79,3,68,55,13,125,2,0
47080,1000000US170318439001023,87,12,72,0,1,0,2,85,0,2,75,4,68,55,13,118,0,0
47081,1000000US170318439001024,23,0,23,0,0,0,2,21,0,2,23,0,16,10,6,36,0,2
47082,1000000US170318439001025,47,3,42,2,0,0,0,47,0,0,44,0,33,25,8,69,2,0
47083,1000000US170318439001026,0,0,0,0,0,0,0,0,0,0,0,0,0,0,0,0,0,0
47084,1000000US170318439001027,0,0,0,0,0,0,0,0,0,0,0,0,0,0,0,0,0,0
47085,1000000US170318439001028,0,0,0,0,0,0,0,0,0,0,0,0,0,0,0,0,0,0
47086,1000000US170318439001029,0,0,0,0,0,0,0,0,0,0,0,0,0,0,0,0,0,0
47087,1000000US170318439002000,78,1,77,0,0,0,2,76,0,2,77,0,60,54,6,78,0,2
47088,1000000US170318439002001,0,0,0,0,0,0,0,0,0,0,0,0,0,0,0,0,0,0
47089,1000000US170318439002002,0,0,0,0,0,0,0,0,0,0,0,0,0,0,0,0,0,0
47090,1000000US170318439002003,13,0,13,0,0,0,0,13,0,0,13,0,22,8,14,17,0,0
47091,1000000US170318439002004,0,0,0,0,0,0,0,0,0,0,0,0,0,0,0,0,0,0
47092,1000000US170318439002005,12,0,12,0,1,0,0,12,0,0,12,1,5,5,0,13,0,0
47093,1000000US170318439002006,48,0,24,0,15,0,9,39,0,9,48,0,28,19,9,54,0,0
47094,1000000US170318439002007,17,1,16,0,0,0,0,17,0,0,16,0,13,11,2,22,0,0
47095,1000000US170318439002008,5,0,5,0,0,0,0,5,0,0,5,0,3,3,0,11,0,0
47096,1000000US170318439002009,42,6,34,0,0,0,2,40,0,2,36,0,20,18,2,50,0,0
47097,1000000US170318439002010,11,0,11,0,0,0,0,11,0,0,11,0,19,10,9,11,0,0
47098,1000000US170318439002011,72,0,72,0,0,0,0,72,0,0,72,0,55,37,18,116,0,0
47099,1000000US170318439002012,26,2,24,0,1,0,0,26,0,0,24,1,24,15,9,31,0,0
47100,1000000US170318439002013,0,0,0,0,0,0,0,0,0,0,0,0,0,0,0,0,0,0
47101,1000000US170318439002014,52,0,50,0,0,0,0,52,0,0,52,0,49,30,19,77,0,0
47102,1000000US170318439002015,0,0,0,0,0,0,0,0,0,0,0,0,0,0,0,0,0,0
47103,1000000US170318439003000,414,29,358,7,15,0,9,405,0,9,385,9,351,315,36,454,2,0
47104,1000000US170318439003001,193,0,193,0,0,0,5,188,0,5,193,0,177,156,21,209,0,5
47105,1000000US170318439003002,55,2,49,0,4,0,2,53,0,2,53,1,38,35,3,65,0,2
47106,1000000US170318439004000,105,7,98,0,0,0,0,105,0,0,98,1,91,68,23,122,0,0
47107,1000000US170318439004001,126,1,125,1,0,0,0,126,0,0,125,1,86,77,9,174,1,0
47108,1000000US170318439004002,272,4,265,3,3,0,1,271,0,1,268,8,190,171,19,339,2,0
47109,1000000US170318439005000,278,17,242,9,7,0,11,267,0,11,261,4,245,220,25,303,7,4
47110,1000000US170318439005001,153,4,147,1,1,0,2,151,0,2,149,2,112,94,18,162,0,0
47111,1000000US170318439005002,233,5,225,2,0,0,0,233,0,0,228,0,174,151,23,300,2,0
47112,1000000US170318439005003,27,4,23,1,0,0,0,27,0,0,23,1,16,15,1,33,1,0
47113,1000000US170318439005004,73,6,65,0,0,0,1,72,0,1,67,1,47,43,4,82,0,0
47114,1000000US170319800001000,0,0,0,0,0,0,0,0,0,0,0,0,0,0,0,0,0,0
47115,1000000US170319800001001,0,0,0,0,0,0,0,0,0,0,0,0,0,0,0,0,0,0
47116,1000000US170319800001002,0,0,0,0,0,0,0,0,0,0,0,0,0,0,0,0,0,0
47117,1000000US170319800001003,0,0,0,0,0,0,0,0,0,0,0,0,0,0,0,0,0,0
47118,1000000US170319800001004,0,0,0,0,0,0,0,0,0,0,0,0,0,0,0,0,0,0
47119,1000000US170319800001005,0,0,0,0,0,0,0,0,0,0,0,0,0,0,0,0,0,0
47120,1000000US170319800001006,0,0,0,0,0,0,0,0,0,0,0,0,0,0,0,0,0,0
47121,1000000US170319800001007,0,0,0,0,0,0,0,0,0,0,0,0,0,0,0,0,0,0
47122,1000000US170319800001008,0,0,0,0,0,0,0,0,0,0,0,0,0,0,0,0,0,0
47123,1000000US170319800001009,0,0,0,0,0,0,0,0,0,0,0,0,0,0,0,0,0,0
47124,1000000US170319800001010,0,0,0,0,0,0,0,0,0,0,0,0,0,0,0,0,0,0
47125,1000000US170319800001011,0,0,0,0,0,0,0,0,0,0,0,0,0,0,0,0,0,0
47126,1000000US170319800001012,0,0,0,0,0,0,0,0,0,0,0,0,0,0,0,0,0,0
47127,1000000US170319800001013,0,0,0,0,0,0,0,0,0,0,0,0,0,0,0,0,0,0
47128,1000000US170319800001014,0,0,0,0,0,0,0,0,0,0,0,0,0,0,0,0,0,0
47129,1000000US170319800001015,0,0,0,0,0,0,0,0,0,0,0,0,0,0,0,0,0,0
47130,1000000US170319800001016,0,0,0,0,0,0,0,0,0,0,0,0,0,0,0,0,0,0
47131,1000000US170319800001017,0,0,0,0,0,0,0,0,0,0,0,0,0,0,0,0,0,0
47132,1000000US170319800001018,0,0,0,0,0,0,0,0,0,0,0,0,0,0,0,0,0,0
47133,1000000US170319800001019,0,0,0,0,0,0,0,0,0,0,0,0,0,0,0,0,0,0
47134,1000000US170319800001020,0,0,0,0,0,0,0,0,0,0,0,0,0,0,0,0,0,0
47135,1000000US170319800001021,0,0,0,0,0,0,0,0,0,0,0,0,0,0,0,0,0,0
47136,1000000US170319800001022,0,0,0,0,0,0,0,0,0,0,0,0,0,0,0,0,0,0
47137,1000000US170319800001023,0,0,0,0,0,0,0,0,0,0,0,0,0,0,0,0,0,0
47138,1000000US170319800001024,0,0,0,0,0,0,0,0,0,0,0,0,0,0,0,0,0,0
47139,1000000US170319800001025,0,0,0,0,0,0,0,0,0,0,0,0,0,0,0,0,0,0
47140,1000000US170319800001026,0,0,0,0,0,0,0,0,0,0,0,0,0,0,0,0,0,0
47141,1000000US170319800001027,0,0,0,0,0,0,0,0,0,0,0,0,0,0,0,0,0,0
47142,1000000US170319800001028,0,0,0,0,0,0,0,0,0,0,0,0,0,0,0,0,0,0
47143,1000000US170319800001029,0,0,0,0,0,0,0,0,0,0,0,0,0,0,0,0,0,0
47144,1000000US170319800001030,0,0,0,0,0,0,0,0,0,0,0,0,0,0,0,0,0,0
47145,1000000US170319800001031,0,0,0,0,0,0,0,0,0,0,0,0,0,0,0,0,0,0
47146,1000000US170319800001032,0,0,0,0,0,0,0,0,0,0,0,0,0,0,0,0,0,0
47147,1000000US170319800001033,0,0,0,0,0,0,0,0,0,0,0,0,0,0,0,0,0,0
47148,1000000US170319800001034,0,0,0,0,0,0,0,0,0,0,0,0,0,0,0,0,0,0
47149,1000000US170319800001035,0,0,0,0,0,0,0,0,0,0,0,0,0,0,0,0,0,0
47150,1000000US170319800001036,0,0,0,0,0,0,0,0,0,0,0,0,0,0,0,0,0,0
47151,1000000US170319800001037,0,0,0,0,0,0,0,0,0,0,0,0,0,0,0,0,0,0
47152,1000000US170319800001038,0,0,0,0,0,0,0,0,0,0,0,0,0,0,0,0,0,0
47153,1000000US170319800001039,0,0,0,0,0,0,0,0,0,0,0,0,0,0,0,0,0,0
47154,1000000US170319800001040,0,0,0,0,0,0,0,0,0,0,0,0,0,0,0,0,0,0
47155,1000000US170319800001041,0,0,0,0,0,0,0,0,0,0,0,0,0,0,0,0,0,0
47156,1000000US170319800001042,0,0,0,0,0,0,0,0,0,0,0,0,0,0,0,0,0,0
47157,1000000US170319800001043,0,0,0,0,0,0,0,0,0,0,0,0,0,0,0,0,0,0
47158,1000000US170319800001044,0,0,0,0,0,0,0,0,0,0,0,0,0,0,0,0,0,0
47159,1000000US170319800001045,0,0,0,0,0,0,0,0,0,0,0,0,0,0,0,0,0,0
47160,1000000US170319800001046,0,0,0,0,0,0,0,0,0,0,0,0,0,0,0,0,0,0
47161,1000000US170319800001047,0,0,0,0,0,0,0,0,0,0,0,0,0,0,0,0,0,0
47162,1000000US170319800001048,0,0,0,0,0,0,0,0,0,0,0,0,0,0,0,0,0,0
47163,1000000US170319800001049,0,0,0,0,0,0,0,0,0,0,0,0,0,0,0,0,0,0
47164,1000000US170319800001050,0,0,0,0,0,0,0,0,0,0,0,0,0,0,0,0,0,0
47165,1000000US170319800001051,0,0,0,0,0,0,0,0,0,0,0,0,0,0,0,0,0,0
47166,1000000US170319800001052,0,0,0,0,0,0,0,0,0,0,0,0,0,0,0,0,0,0
47167,1000000US170319800001053,0,0,0,0,0,0,0,0,0,0,0,0,0,0,0,0,0,0
47168,1000000US170319800001054,0,0,0,0,0,0,0,0,0,0,0,0,0,0,0,0,0,0
47169,1000000US170319800001055,0,0,0,0,0,0,0,0,0,0,0,0,0,0,0,0,0,0
47170,1000000US170319800001056,0,0,0,0,0,0,0,0,0,0,0,0,0,0,0,0,0,0
47171,1000000US170319800001057,0,0,0,0,0,0,0,0,0,0,0,0,0,0,0,0,0,0
47172,1000000US170319800001058,0,0,0,0,0,0,0,0,0,0,0,0,0,0,0,0,0,0
47173,1000000US170319800001059,0,0,0,0,0,0,0,0,0,0,0,0,0,0,0,0,0,0
47174,1000000US170319800001060,0,0,0,0,0,0,0,0,0,0,0,0,0,0,0,0,0,0
47175,1000000US170319800001061,0,0,0,0,0,0,0,0,0,0,0,0,0,0,0,0,0,0
47176,1000000US170319800001062,0,0,0,0,0,0,0,0,0,0,0,0,0,0,0,0,0,0
47177,1000000US170319800001063,0,0,0,0,0,0,0,0,0,0,0,0,0,0,0,0,0,0
47178,1000000US170319800001064,0,0,0,0,0,0,0,0,0,0,0,0,0,0,0,0,0,0
47179,1000000US170319800001065,0,0,0,0,0,0,0,0,0,0,0,0,0,0,0,0,0,0
47180,1000000US170319800001066,0,0,0,0,0,0,0,0,0,0,0,0,0,0,0,0,0,0
47181,1000000US170319800001067,0,0,0,0,0,0,0,0,0,0,0,0,0,0,0,0,0,0
47182,1000000US170319800001068,0,0,0,0,0,0,0,0,0,0,0,0,0,0,0,0,0,0
47183,1000000US170319800001069,0,0,0,0,0,0,0,0,0,0,0,0,0,0,0,0,0,0
47184,1000000US170319800001070,0,0,0,0,0,0,0,0,0,0,0,0,0,0,0,0,0,0
47185,1000000US170319800001071,0,0,0,0,0,0,0,0,0,0,0,0,0,0,0,0,0,0
47186,1000000US170319800001072,0,0,0,0,0,0,0,0,0,0,0,0,0,0,0,0,0,0
47187,1000000US170319800001073,0,0,0,0,0,0,0,0,0,0,0,0,0,0,0,0,0,0
47188,1000000US170319800001074,0,0,0,0,0,0,0,0,0,0,0,0,0,0,0,0,0,0
47189,1000000US170319800001075,0,0,0,0,0,0,0,0,0,0,0,0,0,0,0,0,0,0
47190,1000000US170319800001076,0,0,0,0,0,0,0,0,0,0,0,0,0,0,0,0,0,0
47191,1000000US170319800001077,0,0,0,0,0,0,0,0,0,0,0,0,0,0,0,0,0,0
47192,1000000US170319800001078,0,0,0,0,0,0,0,0,0,0,0,0,0,0,0,0,0,0
47193,1000000US170319800001079,0,0,0,0,0,0,0,0,0,0,0,0,0,0,0,0,0,0
47194,1000000US170319800001080,0,0,0,0,0,0,0,0,0,0,0,0,0,0,0,0,0,0
47195,1000000US170319800001081,0,0,0,0,0,0,0,0,0,0,0,0,0,0,0,0,0,0
47196,1000000US170319800001082,0,0,0,0,0,0,0,0,0,0,0,0,0,0,0,0,0,0
47197,1000000US170319800001083,0,0,0,0,0,0,0,0,0,0,0,0,0,0,0,0,0,0
47198,1000000US170319800001084,0,0,0,0,0,0,0,0,0,0,0,0,0,0,0,0,0,0
47199,1000000US170319800001085,0,0,0,0,0,0,0,0,0,0,0,0,0,0,0,0,0,0
47200,1000000US170319800001086,0,0,0,0,0,0,0,0,0,0,0,0,0,0,0,0,0,0
47201,1000000US170319800001087,0,0,0,0,0,0,0,0,0,0,0,0,0,0,0,0,0,0
47202,1000000US170319800001088,0,0,0,0,0,0,0,0,0,0,0,0,0,0,0,0,0,0
47203,1000000US170319800001089,0,0,0,0,0,0,0,0,0,0,0,0,0,0,0,0,0,0
47204,1000000US170319800001090,0,0,0,0,0,0,0,0,0,0,0,0,0,0,0,0,0,0
47205,1000000US170319800001091,0,0,0,0,0,0,0,0,0,0,0,0,0,0,0,0,0,0
47206,1000000US170319800001092,0,0,0,0,0,0,0,0,0,0,0,0,0,0,0,0,0,0
47207,1000000US170319800001093,0,0,0,0,0,0,0,0,0,0,0,0,0,0,0,0,0,0
47208,1000000US170319800001094,0,0,0,0,0,0,0,0,0,0,0,0,0,0,0,0,0,0
47209,1000000US170319800001095,0,0,0,0,0,0,0,0,0,0,0,0,0,0,0,0,0,0
47210,1000000US170319800001096,0,0,0,0,0,0,0,0,0,0,0,0,0,0,0,0,0,0
47211,1000000US170319800001097,0,0,0,0,0,0,0,0,0,0,0,0,0,0,0,0,0,0
47212,1000000US170319800001098,0,0,0,0,0,0,0,0,0,0,0,0,0,0,0,0,0,0
47213,1000000US170319800001099,0,0,0,0,0,0,0,0,0,0,0,0,0,0,0,0,0,0
47214,1000000US170319800001100,0,0,0,0,0,0,0,0,0,0,0,0,0,0,0,0,0,0
47215,1000000US170319800001101,0,0,0,0,0,0,0,0,0,0,0,0,0,0,0,0,0,0
47216,1000000US170319800001102,0,0,0,0,0,0,0,0,0,0,0,0,0,0,0,0,0,0
47217,1000000US170319801001000,0,0,0,0,0,0,0,0,0,0,0,0,0,0,0,0,0,0
47218,1000000US170319801001001,0,0,0,0,0,0,0,0,0,0,0,0,0,0,0,0,0,0
47219,1000000US170319801001002,0,0,0,0,0,0,0,0,0,0,0,0,0,0,0,0,0,0
47220,1000000US170319801001003,0,0,0,0,0,0,0,0,0,0,0,0,0,0,0,0,0,0
47221,1000000US170319801001004,0,0,0,0,0,0,0,0,0,0,0,0,0,0,0,0,0,0
47222,1000000US170319801001005,0,0,0,0,0,0,0,0,0,0,0,0,0,0,0,0,0,0
47223,1000000US170319801001006,0,0,0,0,0,0,0,0,0,0,0,0,0,0,0,0,0,0
47224,1000000US170319801001007,0,0,0,0,0,0,0,0,0,0,0,0,0,0,0,0,0,0
47225,1000000US170319801001008,0,0,0,0,0,0,0,0,0,0,0,0,0,0,0,0,0,0
47226,1000000US170319801001009,0,0,0,0,0,0,0,0,0,0,0,0,0,0,0,0,0,0
47227,1000000US170319801001010,0,0,0,0,0,0,0,0,0,0,0,0,0,0,0,0,0,0
